190.05, 0.00
190.41, 138.00
190.77, 143.00
191.14, 141.00
191.50, 143.00
191.86, 137.00
192.22, 151.00
192.58, 145.00
192.94, 152.00
193.31, 147.00
193.67, 147.00
194.03, 147.00
194.39, 148.00
194.75, 150.00
195.11, 147.00
195.47, 152.00
195.84, 147.00
196.20, 145.00
196.56, 146.00
196.92, 149.00
197.28, 147.00
197.64, 149.00
198.00, 146.00
198.37, 147.00
198.73, 146.00
199.09, 150.00
199.45, 153.00
199.81, 148.00
200.17, 146.00
200.53, 147.00
200.89, 146.00
201.25, 148.00
201.62, 146.00
201.98, 146.00
202.34, 147.00
202.70, 152.00
203.06, 150.00
203.42, 149.00
203.78, 152.00
204.14, 153.00
204.50, 148.00
204.86, 151.00
205.22, 147.00
205.58, 154.00
205.95, 157.00
206.31, 147.00
206.67, 156.00
207.03, 145.00
207.39, 148.00
207.75, 150.00
208.11, 151.00
208.47, 148.00
208.83, 149.00
209.19, 151.00
209.55, 151.00
209.91, 151.00
210.27, 155.00
210.63, 149.00
210.99, 147.00
211.35, 149.00
211.71, 153.00
212.07, 149.00
212.43, 149.00
212.79, 151.00
213.15, 153.00
213.51, 149.00
213.87, 150.00
214.23, 154.00
214.59, 148.00
214.95, 149.00
215.31, 152.00
215.67, 152.00
216.03, 153.00
216.39, 152.00
216.75, 150.00
217.11, 147.00
217.47, 145.00
217.83, 147.00
218.19, 151.00
218.55, 151.00
218.91, 151.00
219.27, 149.00
219.63, 152.00
219.99, 148.00
220.35, 154.00
220.71, 153.00
221.07, 150.00
221.43, 150.00
221.79, 148.00
222.15, 154.00
222.51, 150.00
222.87, 150.00
223.23, 149.00
223.59, 147.00
223.95, 150.00
224.31, 148.00
224.67, 149.00
225.03, 150.00
225.39, 146.00
225.74, 151.00
226.10, 147.00
226.46, 144.00
226.82, 148.00
227.18, 149.00
227.54, 145.00
227.90, 151.00
228.26, 149.00
228.62, 149.00
228.98, 148.00
229.34, 148.00
229.69, 145.00
230.05, 146.00
230.41, 151.00
230.77, 149.00
231.13, 150.00
231.49, 152.00
231.85, 150.00
232.21, 153.00
232.57, 150.00
232.92, 149.00
233.28, 147.00
233.64, 150.00
234.00, 143.00
234.36, 151.00
234.72, 150.00
235.08, 143.00
235.44, 148.00
235.79, 150.00
236.15, 155.00
236.51, 145.00
236.87, 149.00
237.23, 147.00
237.59, 148.00
237.94, 142.00
238.30, 152.00
238.66, 147.00
239.02, 148.00
239.38, 148.00
239.74, 152.00
240.09, 150.00
240.45, 148.00
240.81, 148.00
241.17, 147.00
241.53, 148.00
241.89, 149.00
242.24, 154.00
242.60, 147.00
242.96, 147.00
243.32, 147.00
243.68, 147.00
244.03, 150.00
244.39, 148.00
244.75, 149.00
245.11, 146.00
245.46, 146.00
245.82, 148.00
246.18, 145.00
246.54, 147.00
246.90, 145.00
247.25, 148.00
247.61, 148.00
247.97, 149.00
248.33, 153.00
248.68, 142.00
249.04, 150.00
249.40, 158.00
249.76, 150.00
250.11, 143.00
250.47, 154.00
250.83, 145.00
251.19, 147.00
251.54, 146.00
251.90, 148.00
252.26, 147.00
252.62, 147.00
252.97, 149.00
253.33, 149.00
253.69, 145.00
254.05, 148.00
254.40, 146.00
254.76, 146.00
255.12, 145.00
255.47, 147.00
255.83, 147.00
256.19, 149.00
256.54, 150.00
256.90, 144.00
257.26, 145.00
257.62, 150.00
257.97, 146.00
258.33, 145.00
258.69, 149.00
259.04, 149.00
259.40, 144.00
259.76, 148.00
260.11, 147.00
260.47, 144.00
260.83, 150.00
261.18, 147.00
261.54, 146.00
261.90, 149.00
262.25, 149.00
262.61, 146.00
262.97, 145.00
263.32, 147.00
263.68, 151.00
264.04, 151.00
264.39, 149.00
264.75, 149.00
265.10, 147.00
265.46, 146.00
265.82, 147.00
266.17, 150.00
266.53, 150.00
266.89, 142.00
267.24, 148.00
267.60, 148.00
267.95, 143.00
268.31, 149.00
268.67, 149.00
269.02, 147.00
269.38, 146.00
269.74, 144.00
270.09, 145.00
270.45, 148.00
270.80, 143.00
271.16, 148.00
271.51, 147.00
271.87, 146.00
272.23, 149.00
272.58, 145.00
272.94, 150.00
273.29, 153.00
273.65, 142.00
274.00, 154.00
274.36, 144.00
274.72, 150.00
275.07, 148.00
275.43, 145.00
275.78, 142.00
276.14, 144.00
276.49, 144.00
276.85, 153.00
277.20, 151.00
277.56, 146.00
277.92, 145.00
278.27, 146.00
278.63, 145.00
278.98, 149.00
279.34, 149.00
279.69, 147.00
280.05, 144.00
280.40, 150.00
280.76, 151.00
281.11, 145.00
281.47, 148.00
281.82, 147.00
282.18, 146.00
282.53, 150.00
282.89, 147.00
283.24, 145.00
283.60, 145.00
283.95, 141.00
284.31, 144.00
284.66, 144.00
285.02, 152.00
285.37, 145.00
285.73, 146.00
286.08, 148.00
286.44, 152.00
286.79, 149.00
287.14, 148.00
287.50, 147.00
287.85, 153.00
288.21, 151.00
288.56, 151.00
288.92, 147.00
289.27, 148.00
289.63, 148.00
289.98, 148.00
290.34, 153.00
290.69, 143.00
291.04, 149.00
291.40, 145.00
291.75, 144.00
292.11, 153.00
292.46, 148.00
292.81, 148.00
293.17, 147.00
293.52, 147.00
293.88, 148.00
294.23, 148.00
294.59, 154.00
294.94, 144.00
295.29, 145.00
295.65, 151.00
296.00, 148.00
296.36, 148.00
296.71, 147.00
297.06, 150.00
297.42, 143.00
297.77, 144.00
298.12, 145.00
298.48, 150.00
298.83, 145.00
299.19, 148.00
299.54, 146.00
299.89, 147.00
300.25, 148.00
300.60, 146.00
300.95, 152.00
301.31, 147.00
301.66, 144.00
302.01, 149.00
302.37, 146.00
302.72, 152.00
303.07, 148.00
303.43, 149.00
303.78, 149.00
304.13, 149.00
304.49, 146.00
304.84, 149.00
305.19, 148.00
305.55, 144.00
305.90, 153.00
306.25, 147.00
306.61, 145.00
306.96, 148.00
307.31, 147.00
307.66, 152.00
308.02, 149.00
308.37, 145.00
308.72, 139.00
309.08, 145.00
309.43, 145.00
309.78, 148.00
310.13, 143.00
310.49, 154.00
310.84, 149.00
311.19, 145.00
311.54, 147.00
311.90, 145.00
312.25, 147.00
312.60, 143.00
312.95, 149.00
313.31, 147.00
313.66, 153.00
314.01, 148.00
314.36, 147.00
314.72, 145.00
315.07, 149.00
315.42, 153.00
315.77, 148.00
316.13, 145.00
316.48, 147.00
316.83, 143.00
317.18, 149.00
317.54, 149.00
317.89, 143.00
318.24, 150.00
318.59, 144.00
318.94, 150.00
319.30, 142.00
319.65, 146.00
320.00, 149.00
320.35, 152.00
320.70, 144.00
321.05, 147.00
321.41, 144.00
321.76, 145.00
322.11, 142.00
322.46, 148.00
322.81, 142.00
323.17, 144.00
323.52, 145.00
323.87, 146.00
324.22, 149.00
324.57, 147.00
324.92, 147.00
325.27, 150.00
325.63, 148.00
325.98, 148.00
326.33, 146.00
326.68, 149.00
327.03, 148.00
327.38, 151.00
327.73, 146.00
328.09, 148.00
328.44, 152.00
328.79, 148.00
329.14, 146.00
329.49, 147.00
329.84, 147.00
330.19, 146.00
330.54, 147.00
330.89, 148.00
331.25, 147.00
331.60, 147.00
331.95, 148.00
332.30, 149.00
332.65, 145.00
333.00, 145.00
333.35, 147.00
333.70, 147.00
334.05, 146.00
334.40, 146.00
334.75, 144.00
335.10, 143.00
335.45, 151.00
335.81, 149.00
336.16, 149.00
336.51, 146.00
336.86, 149.00
337.21, 149.00
337.56, 151.00
337.91, 146.00
338.26, 148.00
338.61, 149.00
338.96, 145.00
339.31, 148.00
339.66, 145.00
340.01, 146.00
340.36, 148.00
340.71, 153.00
341.06, 153.00
341.41, 146.00
341.76, 147.00
342.11, 145.00
342.46, 147.00
342.81, 144.00
343.16, 147.00
343.51, 144.00
343.86, 143.00
344.21, 148.00
344.56, 144.00
344.91, 149.00
345.26, 147.00
345.61, 145.00
345.96, 148.00
346.31, 147.00
346.66, 143.00
347.01, 147.00
347.36, 148.00
347.71, 142.00
348.06, 145.00
348.41, 145.00
348.76, 147.00
349.10, 151.00
349.45, 145.00
349.80, 146.00
350.15, 149.00
350.50, 150.00
350.85, 146.00
351.20, 148.00
351.55, 149.00
351.90, 148.00
352.25, 148.00
352.60, 149.00
352.95, 156.00
353.30, 146.00
353.64, 148.00
353.99, 147.00
354.34, 145.00
354.69, 154.00
355.04, 146.00
355.39, 151.00
355.74, 150.00
356.09, 148.00
356.44, 150.00
356.78, 144.00
357.13, 149.00
357.48, 148.00
357.83, 151.00
358.18, 145.00
358.53, 148.00
358.88, 148.00
359.22, 148.00
359.57, 142.00
359.92, 146.00
360.27, 145.00
360.62, 144.00
360.97, 147.00
361.32, 148.00
361.66, 151.00
362.01, 147.00
362.36, 148.00
362.71, 144.00
363.06, 148.00
363.40, 152.00
363.75, 149.00
364.10, 145.00
364.45, 150.00
364.80, 151.00
365.14, 147.00
365.49, 149.00
365.84, 146.00
366.19, 152.00
366.54, 150.00
366.88, 149.00
367.23, 144.00
367.58, 142.00
367.93, 150.00
368.28, 146.00
368.62, 147.00
368.97, 150.00
369.32, 148.00
369.67, 144.00
370.01, 149.00
370.36, 146.00
370.71, 146.00
371.06, 145.00
371.40, 150.00
371.75, 146.00
372.10, 145.00
372.45, 145.00
372.79, 150.00
373.14, 148.00
373.49, 148.00
373.83, 149.00
374.18, 150.00
374.53, 144.00
374.88, 147.00
375.22, 150.00
375.57, 146.00
375.92, 146.00
376.26, 155.00
376.61, 147.00
376.96, 149.00
377.30, 148.00
377.65, 147.00
378.00, 150.00
378.35, 151.00
378.69, 147.00
379.04, 146.00
379.39, 148.00
379.73, 150.00
380.08, 143.00
380.43, 152.00
380.77, 144.00
381.12, 147.00
381.47, 142.00
381.81, 143.00
382.16, 140.00
382.50, 148.00
382.85, 151.00
383.20, 152.00
383.54, 150.00
383.89, 148.00
384.24, 147.00
384.58, 151.00
384.93, 146.00
385.27, 155.00
385.62, 146.00
385.97, 147.00
386.31, 148.00
386.66, 149.00
387.00, 152.00
387.35, 146.00
387.70, 141.00
388.04, 150.00
388.39, 149.00
388.73, 152.00
389.08, 151.00
389.43, 145.00
389.77, 148.00
390.12, 150.00
390.46, 149.00
390.81, 148.00
391.15, 148.00
391.50, 143.00
391.85, 147.00
392.19, 146.00
392.54, 146.00
392.88, 144.00
393.23, 143.00
393.57, 148.00
393.92, 145.00
394.26, 143.00
394.61, 149.00
394.95, 150.00
395.30, 151.00
395.64, 150.00
395.99, 152.00
396.33, 151.00
396.68, 150.00
397.02, 146.00
397.37, 150.00
397.71, 152.00
398.06, 149.00
398.40, 149.00
398.75, 146.00
399.09, 142.00
399.44, 145.00
399.78, 147.00
400.13, 145.00
400.47, 151.00
400.82, 151.00
401.16, 148.00
401.51, 148.00
401.85, 146.00
402.20, 145.00
402.54, 153.00
402.88, 148.00
403.23, 151.00
403.57, 149.00
403.92, 146.00
404.26, 151.00
404.61, 143.00
404.95, 153.00
405.30, 145.00
405.64, 147.00
405.98, 146.00
406.33, 141.00
406.67, 147.00
407.02, 147.00
407.36, 147.00
407.70, 144.00
408.05, 151.00
408.39, 145.00
408.74, 150.00
409.08, 149.00
409.42, 149.00
409.77, 151.00
410.11, 150.00
410.46, 152.00
410.80, 148.00
411.14, 151.00
411.49, 150.00
411.83, 142.00
412.17, 148.00
412.52, 146.00
412.86, 150.00
413.20, 145.00
413.55, 149.00
413.89, 150.00
414.23, 148.00
414.58, 145.00
414.92, 150.00
415.26, 149.00
415.61, 147.00
415.95, 148.00
416.29, 152.00
416.64, 149.00
416.98, 144.00
417.32, 145.00
417.67, 155.00
418.01, 147.00
418.35, 155.00
418.70, 140.00
419.04, 150.00
419.38, 148.00
419.72, 152.00
420.07, 143.00
420.41, 149.00
420.75, 151.00
421.10, 149.00
421.44, 152.00
421.78, 152.00
422.12, 149.00
422.47, 147.00
422.81, 150.00
423.15, 144.00
423.49, 149.00
423.84, 149.00
424.18, 153.00
424.52, 147.00
424.86, 155.00
425.21, 152.00
425.55, 147.00
425.89, 148.00
426.23, 145.00
426.57, 144.00
426.92, 146.00
427.26, 146.00
427.60, 144.00
427.94, 145.00
428.28, 146.00
428.63, 153.00
428.97, 159.00
429.31, 145.00
429.65, 149.00
429.99, 150.00
430.34, 147.00
430.68, 147.00
431.02, 147.00
431.36, 149.00
431.70, 149.00
432.04, 147.00
432.39, 142.00
432.73, 148.00
433.07, 146.00
433.41, 145.00
433.75, 150.00
434.09, 146.00
434.43, 147.00
434.78, 149.00
435.12, 146.00
435.46, 149.00
435.80, 151.00
436.14, 149.00
436.48, 151.00
436.82, 149.00
437.16, 151.00
437.51, 149.00
437.85, 143.00
438.19, 146.00
438.53, 149.00
438.87, 147.00
439.21, 145.00
439.55, 144.00
439.89, 143.00
440.23, 148.00
440.57, 142.00
440.91, 147.00
441.26, 152.00
441.60, 151.00
441.94, 148.00
442.28, 148.00
442.62, 143.00
442.96, 147.00
443.30, 150.00
443.64, 150.00
443.98, 147.00
444.32, 144.00
444.66, 145.00
445.00, 149.00
445.34, 145.00
445.68, 146.00
446.02, 150.00
446.36, 146.00
446.70, 143.00
447.04, 146.00
447.38, 145.00
447.72, 145.00
448.06, 149.00
448.40, 148.00
448.74, 148.00
449.08, 145.00
449.42, 148.00
449.76, 146.00
450.10, 145.00
450.44, 144.00
450.78, 146.00
451.12, 146.00
451.46, 153.00
451.80, 152.00
452.14, 147.00
452.48, 149.00
452.82, 149.00
453.16, 141.00
453.50, 146.00
453.84, 145.00
454.18, 143.00
454.52, 144.00
454.86, 149.00
455.19, 150.00
455.53, 145.00
455.87, 150.00
456.21, 150.00
456.55, 145.00
456.89, 150.00
457.23, 148.00
457.57, 148.00
457.91, 149.00
458.25, 143.00
458.59, 147.00
458.92, 151.00
459.26, 147.00
459.60, 151.00
459.94, 148.00
460.28, 149.00
460.62, 150.00
460.96, 149.00
461.30, 148.00
461.63, 145.00
461.97, 148.00
462.31, 152.00
462.65, 145.00
462.99, 148.00
463.33, 144.00
463.67, 143.00
464.00, 151.00
464.34, 151.00
464.68, 145.00
465.02, 143.00
465.36, 150.00
465.70, 146.00
466.03, 147.00
466.37, 147.00
466.71, 145.00
467.05, 147.00
467.39, 149.00
467.72, 147.00
468.06, 148.00
468.40, 147.00
468.74, 149.00
469.08, 145.00
469.41, 148.00
469.75, 147.00
470.09, 147.00
470.43, 145.00
470.76, 151.00
471.10, 149.00
471.44, 150.00
471.78, 148.00
472.11, 149.00
472.45, 151.00
472.79, 148.00
473.13, 148.00
473.46, 149.00
473.80, 147.00
474.14, 148.00
474.48, 148.00
474.81, 149.00
475.15, 148.00
475.49, 147.00
475.82, 145.00
476.16, 146.00
476.50, 147.00
476.84, 148.00
477.17, 152.00
477.51, 147.00
477.85, 146.00
478.18, 148.00
478.52, 150.00
478.86, 148.00
479.19, 148.00
479.53, 151.00
479.87, 148.00
480.20, 150.00
480.54, 147.00
480.88, 150.00
481.21, 149.00
481.55, 150.00
481.89, 149.00
482.22, 150.00
482.56, 147.00
482.90, 152.00
483.23, 152.00
483.57, 146.00
483.90, 152.00
484.24, 149.00
484.58, 145.00
484.91, 147.00
485.25, 148.00
485.58, 147.00
485.92, 149.00
486.26, 147.00
486.59, 150.00
486.93, 148.00
487.26, 155.00
487.60, 151.00
487.94, 148.00
488.27, 140.00
488.61, 147.00
488.94, 149.00
489.28, 150.00
489.61, 145.00
489.95, 152.00
490.29, 148.00
490.62, 147.00
490.96, 144.00
491.29, 150.00
491.63, 153.00
491.96, 147.00
492.30, 149.00
492.63, 152.00
492.97, 147.00
493.30, 150.00
493.64, 149.00
493.97, 146.00
494.31, 147.00
494.64, 150.00
494.98, 151.00
495.31, 154.00
495.65, 150.00
495.98, 146.00
496.32, 149.00
496.65, 148.00
496.99, 152.00
497.32, 147.00
497.66, 146.00
497.99, 146.00
498.33, 144.00
498.66, 148.00
499.00, 145.00
499.33, 150.00
499.67, 145.00
500.00, 151.00
500.34, 150.00
500.67, 149.00
501.00, 151.00
501.34, 147.00
501.67, 146.00
502.01, 147.00
502.34, 148.00
502.68, 151.00
503.01, 147.00
503.34, 153.00
503.68, 150.00
504.01, 150.00
504.35, 151.00
504.68, 151.00
505.01, 145.00
505.35, 146.00
505.68, 150.00
506.02, 151.00
506.35, 147.00
506.68, 153.00
507.02, 149.00
507.35, 149.00
507.68, 144.00
508.02, 148.00
508.35, 144.00
508.69, 147.00
509.02, 150.00
509.35, 147.00
509.69, 146.00
510.02, 148.00
510.35, 146.00
510.69, 149.00
511.02, 143.00
511.35, 146.00
511.69, 148.00
512.02, 146.00
512.35, 151.00
512.68, 145.00
513.02, 153.00
513.35, 144.00
513.68, 150.00
514.02, 145.00
514.35, 145.00
514.68, 145.00
515.01, 146.00
515.35, 143.00
515.68, 145.00
516.01, 153.00
516.35, 150.00
516.68, 149.00
517.01, 150.00
517.34, 152.00
517.68, 151.00
518.01, 143.00
518.34, 148.00
518.67, 148.00
519.01, 147.00
519.34, 147.00
519.67, 149.00
520.00, 146.00
520.33, 148.00
520.67, 150.00
521.00, 150.00
521.33, 147.00
521.66, 148.00
522.00, 149.00
522.33, 150.00
522.66, 148.00
522.99, 150.00
523.32, 149.00
523.65, 148.00
523.99, 153.00
524.32, 147.00
524.65, 148.00
524.98, 149.00
525.31, 148.00
525.65, 150.00
525.98, 147.00
526.31, 148.00
526.64, 150.00
526.97, 151.00
527.30, 153.00
527.63, 146.00
527.97, 149.00
528.30, 149.00
528.63, 147.00
528.96, 154.00
529.29, 147.00
529.62, 147.00
529.95, 144.00
530.28, 147.00
530.61, 143.00
530.95, 153.00
531.28, 151.00
531.61, 146.00
531.94, 146.00
532.27, 144.00
532.60, 143.00
532.93, 147.00
533.26, 145.00
533.59, 147.00
533.92, 145.00
534.25, 150.00
534.58, 150.00
534.91, 151.00
535.25, 145.00
535.58, 149.00
535.91, 153.00
536.24, 146.00
536.57, 151.00
536.90, 148.00
537.23, 150.00
537.56, 153.00
537.89, 147.00
538.22, 148.00
538.55, 152.00
538.88, 148.00
539.21, 156.00
539.54, 149.00
539.87, 150.00
540.20, 150.00
540.53, 147.00
540.86, 151.00
541.19, 154.00
541.52, 152.00
541.85, 156.00
542.18, 154.00
542.51, 150.00
542.84, 151.00
543.17, 156.00
543.50, 148.00
543.82, 151.00
544.15, 149.00
544.48, 149.00
544.81, 149.00
545.14, 148.00
545.47, 149.00
545.80, 150.00
546.13, 150.00
546.46, 148.00
546.79, 148.00
547.12, 145.00
547.45, 151.00
547.78, 150.00
548.10, 149.00
548.43, 150.00
548.76, 151.00
549.09, 155.00
549.42, 147.00
549.75, 151.00
550.08, 152.00
550.41, 146.00
550.74, 157.00
551.06, 149.00
551.39, 150.00
551.72, 152.00
552.05, 150.00
552.38, 149.00
552.71, 148.00
553.03, 148.00
553.36, 149.00
553.69, 150.00
554.02, 148.00
554.35, 149.00
554.68, 151.00
555.00, 149.00
555.33, 146.00
555.66, 148.00
555.99, 142.00
556.32, 149.00
556.64, 149.00
556.97, 147.00
557.30, 149.00
557.63, 149.00
557.96, 148.00
558.28, 150.00
558.61, 146.00
558.94, 149.00
559.27, 148.00
559.59, 148.00
559.92, 148.00
560.25, 154.00
560.58, 149.00
560.90, 147.00
561.23, 149.00
561.56, 153.00
561.89, 148.00
562.21, 149.00
562.54, 143.00
562.87, 147.00
563.20, 151.00
563.52, 149.00
563.85, 146.00
564.18, 145.00
564.50, 151.00
564.83, 154.00
565.16, 151.00
565.48, 149.00
565.81, 154.00
566.14, 151.00
566.47, 144.00
566.79, 146.00
567.12, 152.00
567.45, 137.00
567.77, 152.00
568.10, 143.00
568.43, 150.00
568.75, 147.00
569.08, 148.00
569.40, 140.00
569.73, 146.00
570.06, 151.00
570.38, 147.00
570.71, 151.00
571.04, 148.00
571.36, 152.00
571.69, 149.00
572.01, 153.00
572.34, 150.00
572.67, 148.00
572.99, 146.00
573.32, 150.00
573.64, 154.00
573.97, 148.00
574.30, 148.00
574.62, 148.00
574.95, 147.00
575.27, 149.00
575.60, 152.00
575.92, 145.00
576.25, 147.00
576.58, 150.00
576.90, 149.00
577.23, 155.00
577.55, 152.00
577.88, 150.00
578.20, 150.00
578.53, 148.00
578.85, 145.00
579.18, 148.00
579.50, 148.00
579.83, 147.00
580.15, 148.00
580.48, 146.00
580.80, 152.00
581.13, 155.00
581.45, 151.00
581.78, 152.00
582.10, 150.00
582.43, 145.00
582.75, 150.00
583.08, 150.00
583.40, 148.00
583.73, 151.00
584.05, 153.00
584.38, 151.00
584.70, 149.00
585.03, 149.00
585.35, 147.00
585.67, 150.00
586.00, 148.00
586.32, 150.00
586.65, 153.00
586.97, 148.00
587.30, 149.00
587.62, 147.00
587.94, 147.00
588.27, 144.00
588.59, 144.00
588.92, 149.00
589.24, 151.00
589.56, 148.00
589.89, 147.00
590.21, 148.00
590.54, 151.00
590.86, 151.00
591.18, 153.00
591.51, 145.00
591.83, 147.00
592.15, 147.00
592.48, 148.00
592.80, 153.00
593.13, 153.00
593.45, 153.00
593.77, 150.00
594.10, 150.00
594.42, 148.00
594.74, 151.00
595.07, 146.00
595.39, 150.00
595.71, 149.00
596.03, 146.00
596.36, 151.00
596.68, 150.00
597.00, 147.00
597.33, 149.00
597.65, 147.00
597.97, 150.00
598.30, 145.00
598.62, 149.00
598.94, 151.00
599.26, 149.00
599.59, 147.00
599.91, 151.00
600.23, 151.00
600.55, 150.00
600.88, 143.00
601.20, 149.00
601.52, 152.00
601.84, 151.00
602.17, 146.00
602.49, 150.00
602.81, 147.00
603.13, 150.00
603.45, 148.00
603.78, 150.00
604.10, 146.00
604.42, 145.00
604.74, 149.00
605.07, 151.00
605.39, 150.00
605.71, 149.00
606.03, 146.00
606.35, 149.00
606.67, 149.00
607.00, 150.00
607.32, 149.00
607.64, 149.00
607.96, 148.00
608.28, 151.00
608.60, 154.00
608.93, 151.00
609.25, 149.00
609.57, 150.00
609.89, 154.00
610.21, 154.00
610.53, 155.00
610.85, 150.00
611.17, 150.00
611.50, 151.00
611.82, 152.00
612.14, 153.00
612.46, 147.00
612.78, 151.00
613.10, 152.00
613.42, 149.00
613.74, 146.00
614.06, 150.00
614.38, 152.00
614.70, 150.00
615.03, 145.00
615.35, 153.00
615.67, 149.00
615.99, 148.00
616.31, 147.00
616.63, 149.00
616.95, 153.00
617.27, 145.00
617.59, 150.00
617.91, 149.00
618.23, 149.00
618.55, 151.00
618.87, 148.00
619.19, 143.00
619.51, 147.00
619.83, 148.00
620.15, 149.00
620.47, 155.00
620.79, 148.00
621.11, 148.00
621.43, 146.00
621.75, 148.00
622.07, 146.00
622.39, 148.00
622.71, 147.00
623.03, 146.00
623.35, 147.00
623.67, 146.00
623.99, 151.00
624.31, 152.00
624.63, 154.00
624.95, 149.00
625.26, 149.00
625.58, 152.00
625.90, 145.00
626.22, 145.00
626.54, 149.00
626.86, 147.00
627.18, 148.00
627.50, 152.00
627.82, 148.00
628.14, 148.00
628.46, 147.00
628.77, 148.00
629.09, 148.00
629.41, 144.00
629.73, 150.00
630.05, 151.00
630.37, 151.00
630.69, 146.00
631.00, 149.00
631.32, 149.00
631.64, 145.00
631.96, 148.00
632.28, 147.00
632.60, 150.00
632.92, 148.00
633.23, 144.00
633.55, 149.00
633.87, 151.00
634.19, 146.00
634.51, 150.00
634.82, 148.00
635.14, 149.00
635.46, 148.00
635.78, 149.00
636.10, 147.00
636.41, 149.00
636.73, 146.00
637.05, 149.00
637.37, 149.00
637.68, 153.00
638.00, 150.00
638.32, 146.00
638.64, 145.00
638.95, 151.00
639.27, 153.00
639.59, 148.00
639.91, 150.00
640.22, 151.00
640.54, 153.00
640.86, 147.00
641.18, 149.00
641.49, 152.00
641.81, 149.00
642.13, 146.00
642.44, 141.00
642.76, 147.00
643.08, 149.00
643.40, 143.00
643.71, 146.00
644.03, 143.00
644.35, 149.00
644.66, 148.00
644.98, 148.00
645.30, 149.00
645.61, 147.00
645.93, 147.00
646.25, 150.00
646.56, 144.00
646.88, 150.00
647.19, 148.00
647.51, 148.00
647.83, 147.00
648.14, 144.00
648.46, 144.00
648.78, 144.00
649.09, 152.00
649.41, 151.00
649.72, 145.00
650.04, 152.00
650.36, 149.00
650.67, 148.00
650.99, 147.00
651.30, 149.00
651.62, 149.00
651.93, 148.00
652.25, 151.00
652.57, 148.00
652.88, 147.00
653.20, 149.00
653.51, 146.00
653.83, 143.00
654.14, 150.00
654.46, 151.00
654.77, 147.00
655.09, 147.00
655.40, 148.00
655.72, 143.00
656.04, 149.00
656.35, 145.00
656.67, 147.00
656.98, 147.00
657.30, 141.00
657.61, 146.00
657.93, 147.00
658.24, 150.00
658.55, 153.00
658.87, 150.00
659.18, 149.00
659.50, 148.00
659.81, 149.00
660.13, 150.00
660.44, 144.00
660.76, 149.00
661.07, 148.00
661.39, 145.00
661.70, 147.00
662.01, 149.00
662.33, 151.00
662.64, 151.00
662.96, 150.00
663.27, 145.00
663.59, 145.00
663.90, 146.00
664.21, 149.00
664.53, 149.00
664.84, 150.00
665.16, 158.00
665.47, 149.00
665.78, 145.00
666.10, 149.00
666.41, 147.00
666.72, 146.00
667.04, 146.00
667.35, 156.00
667.67, 149.00
667.98, 144.00
668.29, 149.00
668.61, 150.00
668.92, 154.00
669.23, 151.00
669.55, 149.00
669.86, 148.00
670.17, 148.00
670.48, 152.00
670.80, 146.00
671.11, 149.00
671.42, 152.00
671.74, 145.00
672.05, 149.00
672.36, 149.00
672.68, 147.00
672.99, 157.00
673.30, 148.00
673.61, 151.00
673.93, 147.00
674.24, 148.00
674.55, 146.00
674.86, 146.00
675.18, 145.00
675.49, 146.00
675.80, 147.00
676.11, 148.00
676.43, 139.00
676.74, 147.00
677.05, 145.00
677.36, 146.00
677.67, 149.00
677.99, 144.00
678.30, 150.00
678.61, 148.00
678.92, 146.00
679.23, 148.00
679.55, 152.00
679.86, 143.00
680.17, 148.00
680.48, 150.00
680.79, 151.00
681.10, 144.00
681.42, 150.00
681.73, 148.00
682.04, 145.00
682.35, 147.00
682.66, 149.00
682.97, 152.00
683.28, 150.00
683.60, 149.00
683.91, 145.00
684.22, 150.00
684.53, 146.00
684.84, 146.00
685.15, 145.00
685.46, 145.00
685.77, 144.00
686.08, 143.00
686.40, 146.00
686.71, 150.00
687.02, 144.00
687.33, 147.00
687.64, 157.00
687.95, 150.00
688.26, 148.00
688.57, 145.00
688.88, 148.00
689.19, 152.00
689.50, 148.00
689.81, 146.00
690.12, 152.00
690.43, 152.00
690.74, 149.00
691.05, 145.00
691.36, 145.00
691.67, 148.00
691.98, 151.00
692.29, 146.00
692.60, 147.00
692.91, 150.00
693.22, 147.00
693.53, 147.00
693.84, 144.00
694.15, 146.00
694.46, 141.00
694.77, 143.00
695.08, 149.00
695.39, 147.00
695.70, 151.00
696.01, 147.00
696.32, 146.00
696.63, 151.00
696.94, 150.00
697.25, 147.00
697.56, 145.00
697.87, 153.00
698.17, 159.00
698.48, 145.00
698.79, 145.00
699.10, 150.00
699.41, 148.00
699.72, 152.00
700.03, 148.00
700.34, 145.00
700.65, 149.00
700.95, 142.00
701.26, 146.00
701.57, 147.00
701.88, 150.00
702.19, 149.00
702.50, 149.00
702.81, 147.00
703.11, 155.00
703.42, 154.00
703.73, 150.00
704.04, 149.00
704.35, 152.00
704.66, 155.00
704.96, 152.00
705.27, 150.00
705.58, 145.00
705.89, 148.00
706.20, 150.00
706.50, 149.00
706.81, 145.00
707.12, 147.00
707.43, 145.00
707.73, 147.00
708.04, 149.00
708.35, 150.00
708.66, 145.00
708.97, 157.00
709.27, 145.00
709.58, 147.00
709.89, 144.00
710.19, 147.00
710.50, 149.00
710.81, 150.00
711.12, 152.00
711.42, 144.00
711.73, 152.00
712.04, 145.00
712.35, 146.00
712.65, 145.00
712.96, 143.00
713.27, 147.00
713.57, 149.00
713.88, 147.00
714.19, 148.00
714.49, 148.00
714.80, 148.00
715.11, 147.00
715.41, 153.00
715.72, 146.00
716.03, 148.00
716.33, 147.00
716.64, 147.00
716.94, 151.00
717.25, 147.00
717.56, 145.00
717.86, 144.00
718.17, 148.00
718.48, 141.00
718.78, 145.00
719.09, 144.00
719.39, 155.00
719.70, 149.00
720.01, 152.00
720.31, 147.00
720.62, 150.00
720.92, 144.00
721.23, 145.00
721.53, 148.00
721.84, 147.00
722.15, 149.00
722.45, 146.00
722.76, 149.00
723.06, 146.00
723.37, 149.00
723.67, 149.00
723.98, 148.00
724.28, 148.00
724.59, 146.00
724.89, 147.00
725.20, 152.00
725.50, 146.00
725.81, 147.00
726.11, 144.00
726.42, 148.00
726.72, 146.00
727.03, 147.00
727.33, 149.00
727.64, 149.00
727.94, 145.00
728.25, 146.00
728.55, 144.00
728.86, 141.00
729.16, 147.00
729.46, 144.00
729.77, 145.00
730.07, 148.00
730.38, 148.00
730.68, 148.00
730.99, 151.00
731.29, 153.00
731.59, 149.00
731.90, 144.00
732.20, 149.00
732.51, 152.00
732.81, 151.00
733.11, 145.00
733.42, 150.00
733.72, 147.00
734.02, 149.00
734.33, 149.00
734.63, 152.00
734.94, 145.00
735.24, 147.00
735.54, 145.00
735.85, 149.00
736.15, 149.00
736.45, 144.00
736.76, 149.00
737.06, 149.00
737.36, 152.00
737.67, 146.00
737.97, 151.00
738.27, 144.00
738.57, 150.00
738.88, 146.00
739.18, 153.00
739.48, 147.00
739.79, 151.00
740.09, 151.00
740.39, 148.00
740.69, 148.00
741.00, 146.00
741.30, 148.00
741.60, 144.00
741.90, 145.00
742.21, 150.00
742.51, 145.00
742.81, 150.00
743.11, 149.00
743.42, 149.00
743.72, 148.00
744.02, 147.00
744.32, 154.00
744.63, 148.00
744.93, 148.00
745.23, 155.00
745.53, 152.00
745.83, 150.00
746.13, 149.00
746.44, 150.00
746.74, 151.00
747.04, 147.00
747.34, 153.00
747.64, 151.00
747.94, 143.00
748.25, 151.00
748.55, 148.00
748.85, 147.00
749.15, 150.00
749.45, 152.00
749.75, 145.00
750.05, 150.00
750.35, 142.00
750.66, 150.00
750.96, 157.00
751.26, 147.00
751.56, 143.00
751.86, 146.00
752.16, 146.00
752.46, 154.00
752.76, 151.00
753.06, 150.00
753.36, 148.00
753.66, 149.00
753.96, 147.00
754.27, 151.00
754.57, 153.00
754.87, 154.00
755.17, 153.00
755.47, 148.00
755.77, 147.00
756.07, 155.00
756.37, 155.00
756.67, 150.00
756.97, 148.00
757.27, 150.00
757.57, 152.00
757.87, 150.00
758.17, 147.00
758.47, 147.00
758.77, 147.00
759.07, 144.00
759.37, 147.00
759.67, 147.00
759.97, 149.00
760.27, 152.00
760.57, 147.00
760.86, 147.00
761.16, 145.00
761.46, 145.00
761.76, 146.00
762.06, 145.00
762.36, 148.00
762.66, 150.00
762.96, 148.00
763.26, 147.00
763.56, 147.00
763.86, 148.00
764.16, 145.00
764.45, 153.00
764.75, 148.00
765.05, 150.00
765.35, 146.00
765.65, 150.00
765.95, 152.00
766.25, 152.00
766.55, 147.00
766.84, 151.00
767.14, 148.00
767.44, 150.00
767.74, 144.00
768.04, 148.00
768.34, 149.00
768.63, 148.00
768.93, 147.00
769.23, 150.00
769.53, 149.00
769.83, 149.00
770.12, 147.00
770.42, 148.00
770.72, 141.00
771.02, 148.00
771.32, 146.00
771.61, 145.00
771.91, 145.00
772.21, 150.00
772.51, 148.00
772.80, 145.00
773.10, 149.00
773.40, 151.00
773.70, 150.00
773.99, 148.00
774.29, 150.00
774.59, 149.00
774.88, 146.00
775.18, 149.00
775.48, 150.00
775.78, 148.00
776.07, 151.00
776.37, 151.00
776.67, 147.00
776.96, 147.00
777.26, 146.00
777.56, 146.00
777.85, 147.00
778.15, 148.00
778.45, 147.00
778.74, 148.00
779.04, 146.00
779.34, 151.00
779.63, 149.00
779.93, 152.00
780.22, 149.00
780.52, 151.00
780.82, 146.00
781.11, 149.00
781.41, 148.00
781.71, 150.00
782.00, 146.00
782.30, 140.00
782.59, 146.00
782.89, 149.00
783.19, 150.00
783.48, 151.00
783.78, 145.00
784.07, 145.00
784.37, 149.00
784.66, 153.00
784.96, 142.00
785.25, 151.00
785.55, 151.00
785.84, 150.00
786.14, 151.00
786.44, 150.00
786.73, 151.00
787.03, 147.00
787.32, 145.00
787.62, 148.00
787.91, 146.00
788.21, 149.00
788.50, 148.00
788.80, 151.00
789.09, 150.00
789.39, 148.00
789.68, 142.00
789.97, 145.00
790.27, 144.00
790.56, 149.00
790.86, 144.00
791.15, 149.00
791.45, 144.00
791.74, 149.00
792.04, 145.00
792.33, 148.00
792.62, 148.00
792.92, 144.00
793.21, 148.00
793.51, 153.00
793.80, 149.00
794.09, 146.00
794.39, 146.00
794.68, 147.00
794.98, 146.00
795.27, 147.00
795.56, 154.00
795.86, 145.00
796.15, 148.00
796.44, 147.00
796.74, 146.00
797.03, 148.00
797.32, 147.00
797.62, 145.00
797.91, 149.00
798.20, 148.00
798.50, 146.00
798.79, 148.00
799.08, 152.00
799.38, 146.00
799.67, 147.00
799.96, 147.00
800.26, 152.00
800.55, 151.00
800.84, 140.00
801.13, 144.00
801.43, 148.00
801.72, 144.00
802.01, 147.00
802.30, 151.00
802.60, 145.00
802.89, 147.00
803.18, 149.00
803.47, 145.00
803.77, 149.00
804.06, 143.00
804.35, 147.00
804.64, 147.00
804.94, 149.00
805.23, 143.00
805.52, 147.00
805.81, 150.00
806.10, 153.00
806.39, 151.00
806.69, 148.00
806.98, 143.00
807.27, 149.00
807.56, 149.00
807.85, 148.00
808.14, 148.00
808.44, 148.00
808.73, 147.00
809.02, 146.00
809.31, 143.00
809.60, 143.00
809.89, 146.00
810.18, 148.00
810.48, 149.00
810.77, 148.00
811.06, 149.00
811.35, 150.00
811.64, 149.00
811.93, 150.00
812.22, 144.00
812.51, 147.00
812.80, 143.00
813.09, 144.00
813.38, 149.00
813.67, 148.00
813.96, 147.00
814.26, 148.00
814.55, 151.00
814.84, 147.00
815.13, 149.00
815.42, 149.00
815.71, 147.00
816.00, 150.00
816.29, 143.00
816.58, 147.00
816.87, 149.00
817.16, 149.00
817.45, 149.00
817.74, 151.00
818.03, 149.00
818.32, 149.00
818.61, 149.00
818.90, 148.00
819.19, 150.00
819.48, 147.00
819.76, 150.00
820.05, 150.00
820.34, 146.00
820.63, 148.00
820.92, 148.00
821.21, 152.00
821.50, 149.00
821.79, 153.00
822.08, 150.00
822.37, 151.00
822.66, 149.00
822.95, 148.00
823.23, 147.00
823.52, 145.00
823.81, 148.00
824.10, 150.00
824.39, 148.00
824.68, 149.00
824.97, 148.00
825.26, 152.00
825.54, 151.00
825.83, 149.00
826.12, 147.00
826.41, 148.00
826.70, 145.00
826.99, 145.00
827.27, 153.00
827.56, 148.00
827.85, 149.00
828.14, 146.00
828.43, 147.00
828.71, 148.00
829.00, 146.00
829.29, 152.00
829.58, 154.00
829.86, 141.00
830.15, 152.00
830.44, 144.00
830.73, 144.00
831.01, 148.00
831.30, 145.00
831.59, 147.00
831.88, 152.00
832.16, 147.00
832.45, 149.00
832.74, 152.00
833.03, 142.00
833.31, 152.00
833.60, 151.00
833.89, 146.00
834.17, 145.00
834.46, 147.00
834.75, 147.00
835.03, 147.00
835.32, 152.00
835.61, 152.00
835.89, 146.00
836.18, 148.00
836.47, 145.00
836.75, 150.00
837.04, 149.00
837.33, 151.00
837.61, 147.00
837.90, 147.00
838.19, 147.00
838.47, 148.00
838.76, 153.00
839.04, 150.00
839.33, 148.00
839.62, 144.00
839.90, 148.00
840.19, 150.00
840.47, 150.00
840.76, 149.00
841.04, 144.00
841.33, 147.00
841.62, 145.00
841.90, 150.00
842.19, 151.00
842.47, 145.00
842.76, 151.00
843.04, 145.00
843.33, 145.00
843.61, 151.00
843.90, 146.00
844.18, 149.00
844.47, 146.00
844.75, 150.00
845.04, 151.00
845.32, 150.00
845.61, 150.00
845.89, 150.00
846.18, 149.00
846.46, 151.00
846.75, 147.00
847.03, 149.00
847.32, 147.00
847.60, 151.00
847.88, 149.00
848.17, 147.00
848.45, 146.00
848.74, 147.00
849.02, 147.00
849.31, 156.00
849.59, 146.00
849.87, 147.00
850.16, 148.00
850.44, 137.00
850.73, 145.00
851.01, 149.00
851.29, 150.00
851.58, 150.00
851.86, 146.00
852.14, 143.00
852.43, 146.00
852.71, 144.00
853.00, 147.00
853.28, 147.00
853.56, 147.00
853.85, 146.00
854.13, 149.00
854.41, 148.00
854.69, 149.00
854.98, 149.00
855.26, 155.00
855.54, 148.00
855.83, 149.00
856.11, 148.00
856.39, 149.00
856.68, 150.00
856.96, 149.00
857.24, 147.00
857.52, 146.00
857.81, 146.00
858.09, 148.00
858.37, 148.00
858.65, 149.00
858.94, 146.00
859.22, 151.00
