190.05, 0.00
190.41, 142.00
190.77, 141.00
191.14, 142.00
191.50, 145.00
191.86, 165.00
192.22, 156.00
192.58, 155.00
192.94, 146.00
193.31, 152.00
193.67, 158.00
194.03, 160.00
194.39, 153.00
194.75, 150.00
195.11, 160.00
195.47, 162.00
195.84, 154.00
196.20, 157.00
196.56, 169.00
196.92, 154.00
197.28, 157.00
197.64, 152.00
198.00, 148.00
198.37, 153.00
198.73, 151.00
199.09, 153.00
199.45, 152.00
199.81, 157.00
200.17, 159.00
200.53, 153.00
200.89, 156.00
201.25, 185.00
201.62, 152.00
201.98, 149.00
202.34, 151.00
202.70, 159.00
203.06, 151.00
203.42, 154.00
203.78, 151.00
204.14, 154.00
204.50, 177.00
204.86, 163.00
205.22, 159.00
205.58, 162.00
205.95, 151.00
206.31, 149.00
206.67, 161.00
207.03, 154.00
207.39, 158.00
207.75, 152.00
208.11, 158.00
208.47, 154.00
208.83, 158.00
209.19, 157.00
209.55, 147.00
209.91, 158.00
210.27, 160.00
210.63, 158.00
210.99, 163.00
211.35, 154.00
211.71, 163.00
212.07, 155.00
212.43, 161.00
212.79, 161.00
213.15, 151.00
213.51, 156.00
213.87, 160.00
214.23, 154.00
214.59, 154.00
214.95, 151.00
215.31, 154.00
215.67, 153.00
216.03, 179.00
216.39, 159.00
216.75, 156.00
217.11, 162.00
217.47, 153.00
217.83, 152.00
218.19, 155.00
218.55, 153.00
218.91, 161.00
219.27, 157.00
219.63, 158.00
219.99, 157.00
220.35, 156.00
220.71, 161.00
221.07, 155.00
221.43, 156.00
221.79, 156.00
222.15, 157.00
222.51, 153.00
222.87, 152.00
223.23, 156.00
223.59, 157.00
223.95, 151.00
224.31, 153.00
224.67, 155.00
225.03, 159.00
225.39, 161.00
225.74, 163.00
226.10, 152.00
226.46, 153.00
226.82, 158.00
227.18, 157.00
227.54, 152.00
227.90, 153.00
228.26, 158.00
228.62, 161.00
228.98, 153.00
229.34, 155.00
229.69, 151.00
230.05, 154.00
230.41, 155.00
230.77, 162.00
231.13, 161.00
231.49, 148.00
231.85, 155.00
232.21, 162.00
232.57, 156.00
232.92, 153.00
233.28, 155.00
233.64, 154.00
234.00, 153.00
234.36, 158.00
234.72, 149.00
235.08, 154.00
235.44, 155.00
235.79, 149.00
236.15, 156.00
236.51, 155.00
236.87, 151.00
237.23, 157.00
237.59, 147.00
237.94, 156.00
238.30, 150.00
238.66, 153.00
239.02, 153.00
239.38, 152.00
239.74, 154.00
240.09, 161.00
240.45, 150.00
240.81, 150.00
241.17, 160.00
241.53, 151.00
241.89, 156.00
242.24, 151.00
242.60, 157.00
242.96, 157.00
243.32, 157.00
243.68, 148.00
244.03, 152.00
244.39, 155.00
244.75, 168.00
245.11, 158.00
245.46, 158.00
245.82, 173.00
246.18, 157.00
246.54, 159.00
246.90, 146.00
247.25, 147.00
247.61, 151.00
247.97, 185.00
248.33, 154.00
248.68, 152.00
249.04, 153.00
249.40, 150.00
249.76, 162.00
250.11, 148.00
250.47, 155.00
250.83, 155.00
251.19, 152.00
251.54, 162.00
251.90, 161.00
252.26, 154.00
252.62, 153.00
252.97, 155.00
253.33, 149.00
253.69, 147.00
254.05, 156.00
254.40, 149.00
254.76, 153.00
255.12, 177.00
255.47, 155.00
255.83, 158.00
256.19, 154.00
256.54, 152.00
256.90, 153.00
257.26, 149.00
257.62, 160.00
257.97, 157.00
258.33, 157.00
258.69, 150.00
259.04, 150.00
259.40, 149.00
259.76, 153.00
260.11, 150.00
260.47, 151.00
260.83, 164.00
261.18, 153.00
261.54, 164.00
261.90, 157.00
262.25, 152.00
262.61, 154.00
262.97, 152.00
263.32, 151.00
263.68, 150.00
264.04, 154.00
264.39, 157.00
264.75, 152.00
265.10, 155.00
265.46, 189.00
265.82, 163.00
266.17, 151.00
266.53, 153.00
266.89, 156.00
267.24, 156.00
267.60, 151.00
267.95, 151.00
268.31, 155.00
268.67, 149.00
269.02, 158.00
269.38, 149.00
269.74, 162.00
270.09, 153.00
270.45, 154.00
270.80, 170.00
271.16, 157.00
271.51, 161.00
271.87, 160.00
272.23, 163.00
272.58, 161.00
272.94, 153.00
273.29, 151.00
273.65, 196.00
274.00, 157.00
274.36, 155.00
274.72, 152.00
275.07, 151.00
275.43, 155.00
275.78, 161.00
276.14, 152.00
276.49, 147.00
276.85, 164.00
277.20, 169.00
277.56, 152.00
277.92, 154.00
278.27, 151.00
278.63, 159.00
278.98, 149.00
279.34, 159.00
279.69, 156.00
280.05, 174.00
280.40, 163.00
280.76, 170.00
281.11, 162.00
281.47, 160.00
281.82, 159.00
282.18, 161.00
282.53, 168.00
282.89, 169.00
283.24, 171.00
283.60, 169.00
283.95, 168.00
284.31, 165.00
284.66, 177.00
285.02, 171.00
285.37, 172.00
285.73, 169.00
286.08, 179.00
286.44, 161.00
286.79, 166.00
287.14, 168.00
287.50, 164.00
287.85, 159.00
288.21, 167.00
288.56, 157.00
288.92, 162.00
289.27, 161.00
289.63, 162.00
289.98, 165.00
290.34, 165.00
290.69, 168.00
291.04, 163.00
291.40, 159.00
291.75, 161.00
292.11, 169.00
292.46, 158.00
292.81, 167.00
293.17, 169.00
293.52, 171.00
293.88, 167.00
294.23, 174.00
294.59, 182.00
294.94, 192.00
295.29, 197.00
295.65, 208.00
296.00, 213.00
296.36, 197.00
296.71, 195.00
297.06, 200.00
297.42, 205.00
297.77, 200.00
298.12, 191.00
298.48, 188.00
298.83, 180.00
299.19, 186.00
299.54, 189.00
299.89, 182.00
300.25, 189.00
300.60, 187.00
300.95, 184.00
301.31, 170.00
301.66, 168.00
302.01, 172.00
302.37, 165.00
302.72, 170.00
303.07, 173.00
303.43, 180.00
303.78, 178.00
304.13, 181.00
304.49, 184.00
304.84, 181.00
305.19, 218.00
305.55, 182.00
305.90, 196.00
306.25, 220.00
306.61, 272.00
306.96, 312.00
307.31, 406.00
307.66, 538.00
308.02, 670.00
308.37, 786.00
308.72, 854.00
309.08, 874.00
309.43, 792.00
309.78, 682.00
310.13, 607.00
310.49, 516.00
310.84, 434.00
311.19, 387.00
311.54, 353.00
311.90, 302.00
312.25, 294.00
312.60, 320.00
312.95, 371.00
313.31, 412.00
313.66, 414.00
314.01, 404.00
314.36, 405.00
314.72, 461.00
315.07, 570.00
315.42, 678.00
315.77, 716.00
316.13, 583.00
316.48, 411.00
316.83, 305.00
317.18, 227.00
317.54, 200.00
317.89, 191.00
318.24, 186.00
318.59, 178.00
318.94, 182.00
319.30, 181.00
319.65, 186.00
320.00, 191.00
320.35, 191.00
320.70, 190.00
321.05, 189.00
321.41, 188.00
321.76, 191.00
322.11, 186.00
322.46, 184.00
322.81, 215.00
323.17, 183.00
323.52, 179.00
323.87, 179.00
324.22, 179.00
324.57, 183.00
324.92, 184.00
325.27, 187.00
325.63, 194.00
325.98, 189.00
326.33, 205.00
326.68, 203.00
327.03, 206.00
327.38, 204.00
327.73, 220.00
328.09, 231.00
328.44, 270.00
328.79, 244.00
329.14, 272.00
329.49, 237.00
329.84, 231.00
330.19, 226.00
330.54, 223.00
330.89, 224.00
331.25, 202.00
331.60, 195.00
331.95, 197.00
332.30, 197.00
332.65, 206.00
333.00, 220.00
333.35, 270.00
333.70, 267.00
334.05, 241.00
334.40, 247.00
334.75, 275.00
335.10, 356.00
335.45, 482.00
335.81, 680.00
336.16, 973.00
336.51, 1330.00
336.86, 1366.00
337.21, 1173.00
337.56, 761.00
337.91, 483.00
338.26, 310.00
338.61, 235.00
338.96, 213.00
339.31, 200.00
339.66, 200.00
340.01, 196.00
340.36, 197.00
340.71, 191.00
341.06, 182.00
341.41, 190.00
341.76, 186.00
342.11, 192.00
342.46, 185.00
342.81, 196.00
343.16, 190.00
343.51, 189.00
343.86, 196.00
344.21, 181.00
344.56, 186.00
344.91, 182.00
345.26, 196.00
345.61, 185.00
345.96, 183.00
346.31, 182.00
346.66, 212.00
347.01, 180.00
347.36, 198.00
347.71, 180.00
348.06, 179.00
348.41, 200.00
348.76, 216.00
349.10, 212.00
349.45, 238.00
349.80, 224.00
350.15, 224.00
350.50, 221.00
350.85, 219.00
351.20, 229.00
351.55, 265.00
351.90, 310.00
352.25, 382.00
352.60, 477.00
352.95, 594.00
353.30, 643.00
353.64, 584.00
353.99, 487.00
354.34, 415.00
354.69, 378.00
355.04, 406.00
355.39, 491.00
355.74, 593.00
356.09, 717.00
356.44, 824.00
356.78, 1034.00
357.13, 1149.00
357.48, 1084.00
357.83, 833.00
358.18, 560.00
358.53, 384.00
358.88, 271.00
359.22, 228.00
359.57, 197.00
359.92, 193.00
360.27, 198.00
360.62, 208.00
360.97, 209.00
361.32, 199.00
361.66, 196.00
362.01, 208.00
362.36, 204.00
362.71, 206.00
363.06, 215.00
363.40, 215.00
363.75, 212.00
364.10, 214.00
364.45, 212.00
364.80, 201.00
365.14, 202.00
365.49, 207.00
365.84, 207.00
366.19, 214.00
366.54, 220.00
366.88, 239.00
367.23, 207.00
367.58, 246.00
367.93, 200.00
368.28, 200.00
368.62, 197.00
368.97, 213.00
369.32, 227.00
369.67, 233.00
370.01, 277.00
370.36, 296.00
370.71, 310.00
371.06, 274.00
371.40, 245.00
371.75, 213.00
372.10, 209.00
372.45, 199.00
372.79, 216.00
373.14, 233.00
373.49, 256.00
373.83, 300.00
374.18, 358.00
374.53, 448.00
374.88, 491.00
375.22, 490.00
375.57, 396.00
375.92, 316.00
376.26, 261.00
376.61, 225.00
376.96, 205.00
377.30, 210.00
377.65, 222.00
378.00, 237.00
378.35, 276.00
378.69, 330.00
379.04, 388.00
379.39, 497.00
379.73, 595.00
380.08, 604.00
380.43, 480.00
380.77, 351.00
381.12, 306.00
381.47, 258.00
381.81, 219.00
382.16, 209.00
382.50, 211.00
382.85, 273.00
383.20, 214.00
383.54, 221.00
383.89, 234.00
384.24, 240.00
384.58, 245.00
384.93, 275.00
385.27, 275.00
385.62, 280.00
385.97, 284.00
386.31, 271.00
386.66, 301.00
387.00, 267.00
387.35, 278.00
387.70, 314.00
388.04, 403.00
388.39, 424.00
388.73, 520.00
389.08, 671.00
389.43, 835.00
389.77, 1025.00
390.12, 1283.00
390.46, 1808.00
390.81, 1963.00
391.15, 1893.00
391.50, 1398.00
391.85, 866.00
392.19, 583.00
392.54, 395.00
392.88, 299.00
393.23, 297.00
393.57, 285.00
393.92, 279.00
394.26, 255.00
394.61, 220.00
394.95, 211.00
395.30, 194.00
395.64, 192.00
395.99, 224.00
396.33, 185.00
396.68, 201.00
397.02, 204.00
397.37, 219.00
397.71, 237.00
398.06, 259.00
398.40, 284.00
398.75, 326.00
399.09, 356.00
399.44, 358.00
399.78, 306.00
400.13, 259.00
400.47, 229.00
400.82, 206.00
401.16, 188.00
401.51, 203.00
401.85, 193.00
402.20, 197.00
402.54, 201.00
402.88, 205.00
403.23, 208.00
403.57, 225.00
403.92, 247.00
404.26, 321.00
404.61, 291.00
404.95, 358.00
405.30, 328.00
405.64, 312.00
405.98, 292.00
406.33, 251.00
406.67, 211.00
407.02, 197.00
407.36, 208.00
407.70, 231.00
408.05, 224.00
408.39, 239.00
408.74, 246.00
409.08, 256.00
409.42, 236.00
409.77, 228.00
410.11, 231.00
410.46, 221.00
410.80, 238.00
411.14, 247.00
411.49, 258.00
411.83, 258.00
412.17, 258.00
412.52, 264.00
412.86, 273.00
413.20, 270.00
413.55, 273.00
413.89, 257.00
414.23, 245.00
414.58, 266.00
414.92, 213.00
415.26, 218.00
415.61, 213.00
415.95, 221.00
416.29, 223.00
416.64, 228.00
416.98, 232.00
417.32, 241.00
417.67, 265.00
418.01, 281.00
418.35, 294.00
418.70, 336.00
419.04, 392.00
419.38, 376.00
419.72, 350.00
420.07, 300.00
420.41, 253.00
420.75, 237.00
421.10, 225.00
421.44, 217.00
421.78, 219.00
422.12, 223.00
422.47, 232.00
422.81, 236.00
423.15, 257.00
423.49, 253.00
423.84, 241.00
424.18, 246.00
424.52, 269.00
424.86, 315.00
425.21, 400.00
425.55, 435.00
425.89, 523.00
426.23, 622.00
426.57, 774.00
426.92, 833.00
427.26, 878.00
427.60, 741.00
427.94, 526.00
428.28, 371.00
428.63, 306.00
428.97, 248.00
429.31, 224.00
429.65, 205.00
429.99, 202.00
430.34, 198.00
430.68, 199.00
431.02, 192.00
431.36, 196.00
431.70, 207.00
432.04, 214.00
432.39, 210.00
432.73, 222.00
433.07, 223.00
433.41, 238.00
433.75, 239.00
434.09, 239.00
434.43, 243.00
434.78, 273.00
435.12, 322.00
435.46, 352.00
435.80, 346.00
436.14, 327.00
436.48, 294.00
436.82, 288.00
437.16, 266.00
437.51, 246.00
437.85, 245.00
438.19, 274.00
438.53, 234.00
438.87, 234.00
439.21, 241.00
439.55, 256.00
439.89, 268.00
440.23, 271.00
440.57, 274.00
440.91, 268.00
441.26, 262.00
441.60, 244.00
441.94, 237.00
442.28, 230.00
442.62, 240.00
442.96, 227.00
443.30, 218.00
443.64, 214.00
443.98, 221.00
444.32, 220.00
444.66, 208.00
445.00, 221.00
445.34, 228.00
445.68, 227.00
446.02, 231.00
446.36, 213.00
446.70, 220.00
447.04, 221.00
447.38, 240.00
447.72, 232.00
448.06, 233.00
448.40, 232.00
448.74, 228.00
449.08, 227.00
449.42, 221.00
449.76, 220.00
450.10, 218.00
450.44, 206.00
450.78, 218.00
451.12, 223.00
451.46, 218.00
451.80, 219.00
452.14, 209.00
452.48, 202.00
452.82, 209.00
453.16, 207.00
453.50, 213.00
453.84, 209.00
454.18, 246.00
454.52, 223.00
454.86, 228.00
455.19, 234.00
455.53, 220.00
455.87, 222.00
456.21, 234.00
456.55, 233.00
456.89, 231.00
457.23, 243.00
457.57, 235.00
457.91, 248.00
458.25, 243.00
458.59, 260.00
458.92, 279.00
459.26, 273.00
459.60, 288.00
459.94, 255.00
460.28, 233.00
460.62, 229.00
460.96, 211.00
461.30, 207.00
461.63, 209.00
461.97, 211.00
462.31, 212.00
462.65, 221.00
462.99, 223.00
463.33, 229.00
463.67, 232.00
464.00, 245.00
464.34, 238.00
464.68, 246.00
465.02, 248.00
465.36, 250.00
465.70, 232.00
466.03, 241.00
466.37, 220.00
466.71, 228.00
467.05, 249.00
467.39, 270.00
467.72, 277.00
468.06, 303.00
468.40, 310.00
468.74, 313.00
469.08, 329.00
469.41, 363.00
469.75, 383.00
470.09, 405.00
470.43, 411.00
470.76, 345.00
471.10, 328.00
471.44, 314.00
471.78, 295.00
472.11, 287.00
472.45, 280.00
472.79, 267.00
473.13, 265.00
473.46, 265.00
473.80, 250.00
474.14, 242.00
474.48, 248.00
474.81, 243.00
475.15, 243.00
475.49, 244.00
475.82, 238.00
476.16, 235.00
476.50, 232.00
476.84, 234.00
477.17, 225.00
477.51, 223.00
477.85, 228.00
478.18, 239.00
478.52, 229.00
478.86, 277.00
479.19, 236.00
479.53, 234.00
479.87, 269.00
480.20, 241.00
480.54, 241.00
480.88, 234.00
481.21, 233.00
481.55, 238.00
481.89, 240.00
482.22, 236.00
482.56, 252.00
482.90, 243.00
483.23, 248.00
483.57, 252.00
483.90, 256.00
484.24, 262.00
484.58, 268.00
484.91, 271.00
485.25, 265.00
485.58, 280.00
485.92, 287.00
486.26, 281.00
486.59, 289.00
486.93, 293.00
487.26, 292.00
487.60, 290.00
487.94, 288.00
488.27, 290.00
488.61, 283.00
488.94, 270.00
489.28, 287.00
489.61, 277.00
489.95, 284.00
490.29, 281.00
490.62, 287.00
490.96, 285.00
491.29, 287.00
491.63, 278.00
491.96, 273.00
492.30, 273.00
492.63, 273.00
492.97, 266.00
493.30, 270.00
493.64, 263.00
493.97, 263.00
494.31, 266.00
494.64, 274.00
494.98, 275.00
495.31, 274.00
495.65, 264.00
495.98, 270.00
496.32, 257.00
496.65, 282.00
496.99, 257.00
497.32, 253.00
497.66, 246.00
497.99, 249.00
498.33, 244.00
498.66, 236.00
499.00, 241.00
499.33, 243.00
499.67, 247.00
500.00, 237.00
500.34, 252.00
500.67, 255.00
501.00, 256.00
501.34, 245.00
501.67, 237.00
502.01, 241.00
502.34, 240.00
502.68, 249.00
503.01, 260.00
503.34, 264.00
503.68, 260.00
504.01, 260.00
504.35, 268.00
504.68, 278.00
505.01, 270.00
505.35, 266.00
505.68, 271.00
506.02, 269.00
506.35, 276.00
506.68, 285.00
507.02, 267.00
507.35, 270.00
507.68, 268.00
508.02, 271.00
508.35, 264.00
508.69, 266.00
509.02, 256.00
509.35, 259.00
509.69, 253.00
510.02, 259.00
510.35, 254.00
510.69, 242.00
511.02, 254.00
511.35, 243.00
511.69, 242.00
512.02, 247.00
512.35, 246.00
512.68, 246.00
513.02, 243.00
513.35, 242.00
513.68, 243.00
514.02, 247.00
514.35, 242.00
514.68, 240.00
515.01, 232.00
515.35, 238.00
515.68, 225.00
516.01, 227.00
516.35, 221.00
516.68, 228.00
517.01, 220.00
517.34, 228.00
517.68, 225.00
518.01, 235.00
518.34, 225.00
518.67, 234.00
519.01, 233.00
519.34, 237.00
519.67, 253.00
520.00, 241.00
520.33, 239.00
520.67, 243.00
521.00, 242.00
521.33, 251.00
521.66, 254.00
522.00, 260.00
522.33, 247.00
522.66, 241.00
522.99, 238.00
523.32, 245.00
523.65, 233.00
523.99, 238.00
524.32, 238.00
524.65, 236.00
524.98, 232.00
525.31, 235.00
525.65, 261.00
525.98, 241.00
526.31, 238.00
526.64, 245.00
526.97, 230.00
527.30, 227.00
527.63, 231.00
527.97, 232.00
528.30, 229.00
528.63, 235.00
528.96, 246.00
529.29, 227.00
529.62, 229.00
529.95, 217.00
530.28, 217.00
530.61, 217.00
530.95, 219.00
531.28, 225.00
531.61, 232.00
531.94, 241.00
532.27, 245.00
532.60, 239.00
532.93, 232.00
533.26, 222.00
533.59, 223.00
533.92, 228.00
534.25, 228.00
534.58, 249.00
534.91, 219.00
535.25, 217.00
535.58, 224.00
535.91, 228.00
536.24, 220.00
536.57, 234.00
536.90, 234.00
537.23, 242.00
537.56, 266.00
537.89, 239.00
538.22, 241.00
538.55, 234.00
538.88, 246.00
539.21, 356.00
539.54, 271.00
539.87, 271.00
540.20, 297.00
540.53, 311.00
540.86, 366.00
541.19, 355.00
541.52, 382.00
541.85, 406.00
542.18, 439.00
542.51, 438.00
542.84, 443.00
543.17, 445.00
543.50, 444.00
543.82, 433.00
544.15, 427.00
544.48, 420.00
544.81, 445.00
545.14, 471.00
545.47, 443.00
545.80, 419.00
546.13, 366.00
546.46, 391.00
546.79, 350.00
547.12, 325.00
547.45, 301.00
547.78, 296.00
548.10, 282.00
548.43, 283.00
548.76, 274.00
549.09, 281.00
549.42, 279.00
549.75, 264.00
550.08, 269.00
550.41, 269.00
550.74, 271.00
551.06, 260.00
551.39, 268.00
551.72, 250.00
552.05, 255.00
552.38, 254.00
552.71, 245.00
553.03, 245.00
553.36, 239.00
553.69, 245.00
554.02, 232.00
554.35, 239.00
554.68, 235.00
555.00, 234.00
555.33, 234.00
555.66, 231.00
555.99, 249.00
556.32, 237.00
556.64, 241.00
556.97, 255.00
557.30, 257.00
557.63, 253.00
557.96, 260.00
558.28, 256.00
558.61, 258.00
558.94, 258.00
559.27, 259.00
559.59, 252.00
559.92, 245.00
560.25, 249.00
560.58, 247.00
560.90, 257.00
561.23, 249.00
561.56, 245.00
561.89, 240.00
562.21, 241.00
562.54, 231.00
562.87, 226.00
563.20, 229.00
563.52, 226.00
563.85, 215.00
564.18, 231.00
564.50, 219.00
564.83, 239.00
565.16, 261.00
565.48, 207.00
565.81, 212.00
566.14, 204.00
566.47, 209.00
566.79, 211.00
567.12, 201.00
567.45, 227.00
567.77, 208.00
568.10, 207.00
568.43, 207.00
568.75, 201.00
569.08, 212.00
569.40, 237.00
569.73, 213.00
570.06, 209.00
570.38, 199.00
570.71, 208.00
571.04, 210.00
571.36, 210.00
571.69, 211.00
572.01, 210.00
572.34, 211.00
572.67, 204.00
572.99, 210.00
573.32, 226.00
573.64, 200.00
573.97, 204.00
574.30, 203.00
574.62, 207.00
574.95, 206.00
575.27, 215.00
575.60, 207.00
575.92, 219.00
576.25, 216.00
576.58, 226.00
576.90, 218.00
577.23, 242.00
577.55, 214.00
577.88, 219.00
578.20, 225.00
578.53, 223.00
578.85, 236.00
579.18, 229.00
579.50, 232.00
579.83, 231.00
580.15, 224.00
580.48, 231.00
580.80, 228.00
581.13, 230.00
581.45, 226.00
581.78, 236.00
582.10, 237.00
582.43, 237.00
582.75, 240.00
583.08, 243.00
583.40, 239.00
583.73, 306.00
584.05, 247.00
584.38, 228.00
584.70, 276.00
585.03, 238.00
585.35, 245.00
585.67, 246.00
586.00, 291.00
586.32, 331.00
586.65, 355.00
586.97, 351.00
587.30, 317.00
587.62, 289.00
587.94, 297.00
588.27, 264.00
588.59, 257.00
588.92, 255.00
589.24, 241.00
589.56, 252.00
589.89, 248.00
590.21, 231.00
590.54, 228.00
590.86, 237.00
591.18, 236.00
591.51, 232.00
591.83, 255.00
592.15, 248.00
592.48, 244.00
592.80, 247.00
593.13, 245.00
593.45, 246.00
593.77, 250.00
594.10, 254.00
594.42, 247.00
594.74, 252.00
595.07, 248.00
595.39, 253.00
595.71, 264.00
596.03, 261.00
596.36, 275.00
596.68, 279.00
597.00, 283.00
597.33, 275.00
597.65, 281.00
597.97, 281.00
598.30, 281.00
598.62, 286.00
598.94, 280.00
599.26, 287.00
599.59, 285.00
599.91, 269.00
600.23, 267.00
600.55, 259.00
600.88, 263.00
601.20, 250.00
601.52, 238.00
601.84, 233.00
602.17, 227.00
602.49, 226.00
602.81, 219.00
603.13, 218.00
603.45, 219.00
603.78, 217.00
604.10, 212.00
604.42, 211.00
604.74, 207.00
605.07, 211.00
605.39, 209.00
605.71, 208.00
606.03, 214.00
606.35, 208.00
606.67, 211.00
607.00, 215.00
607.32, 215.00
607.64, 212.00
607.96, 217.00
608.28, 225.00
608.60, 222.00
608.93, 235.00
609.25, 265.00
609.57, 312.00
609.89, 362.00
610.21, 412.00
610.53, 447.00
610.85, 436.00
611.17, 411.00
611.50, 388.00
611.82, 375.00
612.14, 354.00
612.46, 331.00
612.78, 315.00
613.10, 301.00
613.42, 288.00
613.74, 291.00
614.06, 321.00
614.38, 299.00
614.70, 294.00
615.03, 290.00
615.35, 280.00
615.67, 350.00
615.99, 253.00
616.31, 238.00
616.63, 231.00
616.95, 226.00
617.27, 216.00
617.59, 218.00
617.91, 219.00
618.23, 223.00
618.55, 206.00
618.87, 211.00
619.19, 211.00
619.51, 210.00
619.83, 208.00
620.15, 204.00
620.47, 212.00
620.79, 213.00
621.11, 224.00
621.43, 211.00
621.75, 216.00
622.07, 218.00
622.39, 208.00
622.71, 217.00
623.03, 219.00
623.35, 240.00
623.67, 210.00
623.99, 206.00
624.31, 209.00
624.63, 215.00
624.95, 208.00
625.26, 210.00
625.58, 203.00
625.90, 227.00
626.22, 204.00
626.54, 208.00
626.86, 210.00
627.18, 204.00
627.50, 205.00
627.82, 209.00
628.14, 213.00
628.46, 217.00
628.77, 211.00
629.09, 214.00
629.41, 223.00
629.73, 223.00
630.05, 239.00
630.37, 237.00
630.69, 241.00
631.00, 245.00
631.32, 240.00
631.64, 221.00
631.96, 218.00
632.28, 219.00
632.60, 223.00
632.92, 220.00
633.23, 226.00
633.55, 224.00
633.87, 226.00
634.19, 238.00
634.51, 238.00
634.82, 247.00
635.14, 259.00
635.46, 247.00
635.78, 250.00
636.10, 253.00
636.41, 248.00
636.73, 241.00
637.05, 246.00
637.37, 241.00
637.68, 248.00
638.00, 249.00
638.32, 261.00
638.64, 290.00
638.95, 317.00
639.27, 307.00
639.59, 296.00
639.91, 272.00
640.22, 271.00
640.54, 262.00
640.86, 261.00
641.18, 251.00
641.49, 262.00
641.81, 241.00
642.13, 243.00
642.44, 232.00
642.76, 232.00
643.08, 223.00
643.40, 227.00
643.71, 230.00
644.03, 233.00
644.35, 236.00
644.66, 230.00
644.98, 223.00
645.30, 226.00
645.61, 237.00
645.93, 211.00
646.25, 209.00
646.56, 209.00
646.88, 224.00
647.19, 195.00
647.51, 200.00
647.83, 198.00
648.14, 192.00
648.46, 195.00
648.78, 201.00
649.09, 206.00
649.41, 245.00
649.72, 218.00
650.04, 223.00
650.36, 218.00
650.67, 220.00
650.99, 221.00
651.30, 220.00
651.62, 214.00
651.93, 217.00
652.25, 240.00
652.57, 255.00
652.88, 223.00
653.20, 225.00
653.51, 224.00
653.83, 211.00
654.14, 209.00
654.46, 211.00
654.77, 210.00
655.09, 215.00
655.40, 221.00
655.72, 212.00
656.04, 202.00
656.35, 205.00
656.67, 195.00
656.98, 209.00
657.30, 201.00
657.61, 201.00
657.93, 222.00
658.24, 227.00
658.55, 256.00
658.87, 214.00
659.18, 216.00
659.50, 219.00
659.81, 224.00
660.13, 217.00
660.44, 216.00
660.76, 230.00
661.07, 239.00
661.39, 218.00
661.70, 215.00
662.01, 209.00
662.33, 203.00
662.64, 203.00
662.96, 195.00
663.27, 193.00
663.59, 189.00
663.90, 190.00
664.21, 183.00
664.53, 208.00
664.84, 191.00
665.16, 218.00
665.47, 191.00
665.78, 195.00
666.10, 206.00
666.41, 211.00
666.72, 224.00
667.04, 236.00
667.35, 222.00
667.67, 214.00
667.98, 208.00
668.29, 211.00
668.61, 204.00
668.92, 208.00
669.23, 199.00
669.55, 204.00
669.86, 225.00
670.17, 192.00
670.48, 189.00
670.80, 187.00
671.11, 189.00
671.42, 188.00
671.74, 187.00
672.05, 186.00
672.36, 188.00
672.68, 190.00
672.99, 193.00
673.30, 195.00
673.61, 201.00
673.93, 200.00
674.24, 197.00
674.55, 206.00
674.86, 203.00
675.18, 204.00
675.49, 214.00
675.80, 219.00
676.11, 216.00
676.43, 216.00
676.74, 212.00
677.05, 214.00
677.36, 222.00
677.67, 218.00
677.99, 218.00
678.30, 210.00
678.61, 207.00
678.92, 205.00
679.23, 204.00
679.55, 194.00
679.86, 194.00
680.17, 200.00
680.48, 198.00
680.79, 197.00
681.10, 186.00
681.42, 185.00
681.73, 187.00
682.04, 186.00
682.35, 184.00
682.66, 186.00
682.97, 189.00
683.28, 189.00
683.60, 188.00
683.91, 187.00
684.22, 201.00
684.53, 186.00
684.84, 187.00
685.15, 190.00
685.46, 201.00
685.77, 177.00
686.08, 183.00
686.40, 210.00
686.71, 189.00
687.02, 180.00
687.33, 181.00
687.64, 174.00
687.95, 171.00
688.26, 178.00
688.57, 172.00
688.88, 176.00
689.19, 168.00
689.50, 170.00
689.81, 177.00
690.12, 173.00
690.43, 184.00
690.74, 173.00
691.05, 168.00
691.36, 178.00
691.67, 167.00
691.98, 173.00
692.29, 169.00
692.60, 172.00
692.91, 173.00
693.22, 164.00
693.53, 175.00
693.84, 171.00
694.15, 168.00
694.46, 168.00
694.77, 171.00
695.08, 169.00
695.39, 175.00
695.70, 166.00
696.01, 172.00
696.32, 162.00
696.63, 173.00
696.94, 166.00
697.25, 168.00
697.56, 173.00
697.87, 171.00
698.17, 203.00
698.48, 172.00
698.79, 163.00
699.10, 162.00
699.41, 175.00
699.72, 174.00
700.03, 171.00
700.34, 171.00
700.65, 174.00
700.95, 172.00
701.26, 170.00
701.57, 172.00
701.88, 174.00
702.19, 181.00
702.50, 174.00
702.81, 175.00
703.11, 191.00
703.42, 177.00
703.73, 173.00
704.04, 186.00
704.35, 181.00
704.66, 212.00
704.96, 334.00
705.27, 442.00
705.58, 507.00
705.89, 490.00
706.20, 395.00
706.50, 340.00
706.81, 305.00
707.12, 277.00
707.43, 246.00
707.73, 221.00
708.04, 202.00
708.35, 184.00
708.66, 180.00
708.97, 174.00
709.27, 175.00
709.58, 177.00
709.89, 172.00
710.19, 172.00
710.50, 177.00
710.81, 175.00
711.12, 179.00
711.42, 177.00
711.73, 191.00
712.04, 179.00
712.35, 182.00
712.65, 175.00
712.96, 182.00
713.27, 170.00
713.57, 190.00
713.88, 195.00
714.19, 166.00
714.49, 166.00
714.80, 180.00
715.11, 172.00
715.41, 167.00
715.72, 171.00
716.03, 171.00
716.33, 177.00
716.64, 166.00
716.94, 168.00
717.25, 167.00
717.56, 173.00
717.86, 169.00
718.17, 167.00
718.48, 158.00
718.78, 162.00
719.09, 167.00
719.39, 168.00
719.70, 162.00
720.01, 167.00
720.31, 166.00
720.62, 159.00
720.92, 167.00
721.23, 171.00
721.53, 175.00
721.84, 171.00
722.15, 172.00
722.45, 168.00
722.76, 167.00
723.06, 169.00
723.37, 172.00
723.67, 166.00
723.98, 167.00
724.28, 170.00
724.59, 177.00
724.89, 174.00
725.20, 170.00
725.50, 175.00
725.81, 173.00
726.11, 179.00
726.42, 177.00
726.72, 185.00
727.03, 219.00
727.33, 186.00
727.64, 184.00
727.94, 177.00
728.25, 173.00
728.55, 172.00
728.86, 187.00
729.16, 164.00
729.46, 164.00
729.77, 171.00
730.07, 160.00
730.38, 166.00
730.68, 162.00
730.99, 173.00
731.29, 161.00
731.59, 165.00
731.90, 163.00
732.20, 165.00
732.51, 168.00
732.81, 164.00
733.11, 175.00
733.42, 170.00
733.72, 168.00
734.02, 172.00
734.33, 168.00
734.63, 170.00
734.94, 163.00
735.24, 164.00
735.54, 171.00
735.85, 164.00
736.15, 169.00
736.45, 161.00
736.76, 165.00
737.06, 165.00
737.36, 168.00
737.67, 163.00
737.97, 162.00
738.27, 165.00
738.57, 163.00
738.88, 165.00
739.18, 197.00
739.48, 161.00
739.79, 166.00
740.09, 162.00
740.39, 169.00
740.69, 167.00
741.00, 154.00
741.30, 173.00
741.60, 162.00
741.90, 165.00
742.21, 165.00
742.51, 206.00
742.81, 163.00
743.11, 168.00
743.42, 190.00
743.72, 168.00
744.02, 176.00
744.32, 175.00
744.63, 188.00
744.93, 184.00
745.23, 190.00
745.53, 192.00
745.83, 180.00
746.13, 183.00
746.44, 186.00
746.74, 181.00
747.04, 182.00
747.34, 183.00
747.64, 184.00
747.94, 185.00
748.25, 189.00
748.55, 187.00
748.85, 183.00
749.15, 192.00
749.45, 212.00
749.75, 188.00
750.05, 181.00
750.35, 177.00
750.66, 198.00
750.96, 173.00
751.26, 169.00
751.56, 166.00
751.86, 173.00
752.16, 162.00
752.46, 163.00
752.76, 166.00
753.06, 165.00
753.36, 198.00
753.66, 164.00
753.96, 163.00
754.27, 164.00
754.57, 163.00
754.87, 162.00
755.17, 169.00
755.47, 169.00
755.77, 173.00
756.07, 169.00
756.37, 172.00
756.67, 174.00
756.97, 173.00
757.27, 177.00
757.57, 170.00
757.87, 173.00
758.17, 178.00
758.47, 171.00
758.77, 178.00
759.07, 172.00
759.37, 176.00
759.67, 174.00
759.97, 176.00
760.27, 172.00
760.57, 174.00
760.86, 172.00
761.16, 169.00
761.46, 171.00
761.76, 199.00
762.06, 162.00
762.36, 177.00
762.66, 170.00
762.96, 163.00
763.26, 167.00
763.56, 193.00
763.86, 175.00
764.16, 167.00
764.45, 173.00
764.75, 167.00
765.05, 161.00
765.35, 167.00
765.65, 164.00
765.95, 163.00
766.25, 163.00
766.55, 168.00
766.84, 172.00
767.14, 164.00
767.44, 170.00
767.74, 168.00
768.04, 169.00
768.34, 167.00
768.63, 167.00
768.93, 172.00
769.23, 178.00
769.53, 167.00
769.83, 175.00
770.12, 173.00
770.42, 169.00
770.72, 172.00
771.02, 173.00
771.32, 174.00
771.61, 176.00
771.91, 182.00
772.21, 175.00
772.51, 173.00
772.80, 171.00
773.10, 173.00
773.40, 180.00
773.70, 178.00
773.99, 175.00
774.29, 184.00
774.59, 189.00
774.88, 183.00
775.18, 196.00
775.48, 369.00
775.78, 829.00
776.07, 1212.00
776.37, 1377.00
776.67, 1189.00
776.96, 799.00
777.26, 608.00
777.56, 460.00
777.85, 414.00
778.15, 360.00
778.45, 328.00
778.74, 282.00
779.04, 237.00
779.34, 207.00
779.63, 187.00
779.93, 173.00
780.22, 166.00
780.52, 161.00
780.82, 160.00
781.11, 160.00
781.41, 161.00
781.71, 158.00
782.00, 160.00
782.30, 160.00
782.59, 167.00
782.89, 162.00
783.19, 161.00
783.48, 159.00
783.78, 160.00
784.07, 163.00
784.37, 161.00
784.66, 159.00
784.96, 159.00
785.25, 160.00
785.55, 161.00
785.84, 163.00
786.14, 156.00
786.44, 157.00
786.73, 157.00
787.03, 155.00
787.32, 160.00
787.62, 156.00
787.91, 158.00
788.21, 162.00
788.50, 163.00
788.80, 158.00
789.09, 162.00
789.39, 159.00
789.68, 159.00
789.97, 159.00
790.27, 154.00
790.56, 160.00
790.86, 169.00
791.15, 156.00
791.45, 155.00
791.74, 172.00
792.04, 157.00
792.33, 156.00
792.62, 179.00
792.92, 157.00
793.21, 161.00
793.51, 162.00
793.80, 158.00
794.09, 155.00
794.39, 156.00
794.68, 156.00
794.98, 157.00
795.27, 156.00
795.56, 159.00
795.86, 156.00
796.15, 151.00
796.44, 163.00
796.74, 155.00
797.03, 158.00
797.32, 152.00
797.62, 157.00
797.91, 170.00
798.20, 155.00
798.50, 165.00
798.79, 166.00
799.08, 161.00
799.38, 155.00
799.67, 156.00
799.96, 157.00
800.26, 179.00
800.55, 154.00
800.84, 161.00
801.13, 157.00
801.43, 151.00
801.72, 184.00
802.01, 159.00
802.30, 158.00
802.60, 154.00
802.89, 161.00
803.18, 156.00
803.47, 155.00
803.77, 159.00
804.06, 161.00
804.35, 156.00
804.64, 171.00
804.94, 159.00
805.23, 158.00
805.52, 158.00
805.81, 155.00
806.10, 158.00
806.39, 154.00
806.69, 153.00
806.98, 153.00
807.27, 154.00
807.56, 162.00
807.85, 156.00
808.14, 160.00
808.44, 166.00
808.73, 161.00
809.02, 174.00
809.31, 159.00
809.60, 158.00
809.89, 165.00
810.18, 157.00
810.48, 168.00
810.77, 149.00
811.06, 155.00
811.35, 156.00
811.64, 160.00
811.93, 170.00
812.22, 155.00
812.51, 156.00
812.80, 154.00
813.09, 153.00
813.38, 155.00
813.67, 172.00
813.96, 155.00
814.26, 151.00
814.55, 151.00
814.84, 154.00
815.13, 162.00
815.42, 154.00
815.71, 155.00
816.00, 153.00
816.29, 162.00
816.58, 159.00
816.87, 155.00
817.16, 156.00
817.45, 164.00
817.74, 157.00
818.03, 153.00
818.32, 150.00
818.61, 154.00
818.90, 152.00
819.19, 150.00
819.48, 152.00
819.76, 151.00
820.05, 150.00
820.34, 153.00
820.63, 149.00
820.92, 159.00
821.21, 151.00
821.50, 152.00
821.79, 150.00
822.08, 158.00
822.37, 152.00
822.66, 151.00
822.95, 154.00
823.23, 153.00
823.52, 171.00
823.81, 156.00
824.10, 159.00
824.39, 155.00
824.68, 154.00
824.97, 164.00
825.26, 153.00
825.54, 196.00
825.83, 156.00
826.12, 152.00
826.41, 155.00
826.70, 149.00
826.99, 164.00
827.27, 149.00
827.56, 176.00
827.85, 155.00
828.14, 154.00
828.43, 158.00
828.71, 153.00
829.00, 158.00
829.29, 155.00
829.58, 161.00
829.86, 156.00
830.15, 152.00
830.44, 156.00
830.73, 155.00
831.01, 149.00
831.30, 156.00
831.59, 151.00
831.88, 152.00
832.16, 152.00
832.45, 162.00
832.74, 155.00
833.03, 150.00
833.31, 157.00
833.60, 153.00
833.89, 154.00
834.17, 157.00
834.46, 153.00
834.75, 153.00
835.03, 152.00
835.32, 151.00
835.61, 155.00
835.89, 170.00
836.18, 154.00
836.47, 153.00
836.75, 151.00
837.04, 157.00
837.33, 158.00
837.61, 155.00
837.90, 156.00
838.19, 154.00
838.47, 146.00
838.76, 156.00
839.04, 151.00
839.33, 155.00
839.62, 151.00
839.90, 159.00
840.19, 157.00
840.47, 150.00
840.76, 179.00
841.04, 157.00
841.33, 158.00
841.62, 152.00
841.90, 158.00
842.19, 155.00
842.47, 291.00
842.76, 149.00
843.04, 160.00
843.33, 185.00
843.61, 171.00
843.90, 188.00
844.18, 185.00
844.47, 182.00
844.75, 179.00
845.04, 168.00
845.32, 174.00
845.61, 167.00
845.89, 170.00
846.18, 161.00
846.46, 158.00
846.75, 157.00
847.03, 169.00
847.32, 156.00
847.60, 152.00
847.88, 154.00
848.17, 159.00
848.45, 169.00
848.74, 157.00
849.02, 158.00
849.31, 151.00
849.59, 156.00
849.87, 152.00
850.16, 151.00
850.44, 156.00
850.73, 180.00
851.01, 156.00
851.29, 156.00
851.58, 156.00
851.86, 151.00
852.14, 153.00
852.43, 154.00
852.71, 152.00
853.00, 153.00
853.28, 159.00
853.56, 151.00
853.85, 154.00
854.13, 151.00
854.41, 152.00
854.69, 152.00
854.98, 150.00
855.26, 197.00
855.54, 151.00
855.83, 156.00
856.11, 157.00
856.39, 157.00
856.68, 153.00
856.96, 157.00
857.24, 149.00
857.52, 159.00
857.81, 151.00
858.09, 152.00
858.37, 150.00
858.65, 155.00
858.94, 153.00
859.22, 152.00
