190.05, 0.00
190.41, 146.00
190.77, 148.00
191.14, 144.00
191.50, 147.00
191.86, 151.00
192.22, 151.00
192.58, 148.00
192.94, 155.00
193.31, 148.00
193.67, 150.00
194.03, 149.00
194.39, 151.00
194.75, 152.00
195.11, 155.00
195.47, 153.00
195.84, 156.00
196.20, 152.00
196.56, 151.00
196.92, 153.00
197.28, 148.00
197.64, 151.00
198.00, 154.00
198.37, 151.00
198.73, 153.00
199.09, 155.00
199.45, 154.00
199.81, 151.00
200.17, 152.00
200.53, 152.00
200.89, 152.00
201.25, 150.00
201.62, 151.00
201.98, 153.00
202.34, 149.00
202.70, 149.00
203.06, 152.00
203.42, 151.00
203.78, 151.00
204.14, 150.00
204.50, 151.00
204.86, 153.00
205.22, 152.00
205.58, 153.00
205.95, 152.00
206.31, 155.00
206.67, 155.00
207.03, 152.00
207.39, 149.00
207.75, 153.00
208.11, 157.00
208.47, 154.00
208.83, 152.00
209.19, 153.00
209.55, 158.00
209.91, 155.00
210.27, 153.00
210.63, 153.00
210.99, 157.00
211.35, 148.00
211.71, 148.00
212.07, 146.00
212.43, 153.00
212.79, 155.00
213.15, 151.00
213.51, 152.00
213.87, 152.00
214.23, 149.00
214.59, 151.00
214.95, 156.00
215.31, 154.00
215.67, 158.00
216.03, 151.00
216.39, 151.00
216.75, 152.00
217.11, 153.00
217.47, 156.00
217.83, 158.00
218.19, 155.00
218.55, 153.00
218.91, 155.00
219.27, 155.00
219.63, 153.00
219.99, 154.00
220.35, 153.00
220.71, 154.00
221.07, 151.00
221.43, 155.00
221.79, 157.00
222.15, 151.00
222.51, 155.00
222.87, 152.00
223.23, 154.00
223.59, 155.00
223.95, 154.00
224.31, 150.00
224.67, 153.00
225.03, 151.00
225.39, 150.00
225.74, 150.00
226.10, 152.00
226.46, 148.00
226.82, 152.00
227.18, 155.00
227.54, 152.00
227.90, 153.00
228.26, 152.00
228.62, 154.00
228.98, 158.00
229.34, 155.00
229.69, 152.00
230.05, 153.00
230.41, 152.00
230.77, 154.00
231.13, 155.00
231.49, 153.00
231.85, 150.00
232.21, 152.00
232.57, 152.00
232.92, 158.00
233.28, 150.00
233.64, 149.00
234.00, 153.00
234.36, 155.00
234.72, 149.00
235.08, 153.00
235.44, 153.00
235.79, 150.00
236.15, 153.00
236.51, 151.00
236.87, 149.00
237.23, 155.00
237.59, 151.00
237.94, 149.00
238.30, 151.00
238.66, 149.00
239.02, 149.00
239.38, 151.00
239.74, 153.00
240.09, 148.00
240.45, 149.00
240.81, 151.00
241.17, 150.00
241.53, 152.00
241.89, 150.00
242.24, 155.00
242.60, 150.00
242.96, 153.00
243.32, 148.00
243.68, 149.00
244.03, 154.00
244.39, 150.00
244.75, 152.00
245.11, 150.00
245.46, 155.00
245.82, 148.00
246.18, 151.00
246.54, 154.00
246.90, 148.00
247.25, 149.00
247.61, 154.00
247.97, 149.00
248.33, 148.00
248.68, 154.00
249.04, 148.00
249.40, 150.00
249.76, 154.00
250.11, 152.00
250.47, 149.00
250.83, 151.00
251.19, 151.00
251.54, 152.00
251.90, 154.00
252.26, 147.00
252.62, 151.00
252.97, 151.00
253.33, 152.00
253.69, 151.00
254.05, 149.00
254.40, 152.00
254.76, 147.00
255.12, 152.00
255.47, 151.00
255.83, 155.00
256.19, 153.00
256.54, 154.00
256.90, 153.00
257.26, 153.00
257.62, 150.00
257.97, 154.00
258.33, 149.00
258.69, 151.00
259.04, 152.00
259.40, 147.00
259.76, 153.00
260.11, 152.00
260.47, 153.00
260.83, 149.00
261.18, 151.00
261.54, 152.00
261.90, 150.00
262.25, 149.00
262.61, 148.00
262.97, 151.00
263.32, 153.00
263.68, 148.00
264.04, 152.00
264.39, 151.00
264.75, 149.00
265.10, 149.00
265.46, 150.00
265.82, 149.00
266.17, 154.00
266.53, 152.00
266.89, 154.00
267.24, 153.00
267.60, 151.00
267.95, 153.00
268.31, 150.00
268.67, 156.00
269.02, 152.00
269.38, 147.00
269.74, 149.00
270.09, 151.00
270.45, 150.00
270.80, 151.00
271.16, 148.00
271.51, 151.00
271.87, 147.00
272.23, 151.00
272.58, 142.00
272.94, 153.00
273.29, 150.00
273.65, 149.00
274.00, 148.00
274.36, 152.00
274.72, 146.00
275.07, 151.00
275.43, 152.00
275.78, 149.00
276.14, 150.00
276.49, 152.00
276.85, 149.00
277.20, 151.00
277.56, 154.00
277.92, 150.00
278.27, 154.00
278.63, 148.00
278.98, 153.00
279.34, 148.00
279.69, 149.00
280.05, 147.00
280.40, 154.00
280.76, 155.00
281.11, 152.00
281.47, 150.00
281.82, 149.00
282.18, 152.00
282.53, 150.00
282.89, 147.00
283.24, 152.00
283.60, 153.00
283.95, 149.00
284.31, 151.00
284.66, 150.00
285.02, 158.00
285.37, 151.00
285.73, 148.00
286.08, 145.00
286.44, 146.00
286.79, 151.00
287.14, 155.00
287.50, 150.00
287.85, 153.00
288.21, 149.00
288.56, 155.00
288.92, 153.00
289.27, 151.00
289.63, 154.00
289.98, 150.00
290.34, 152.00
290.69, 151.00
291.04, 152.00
291.40, 152.00
291.75, 151.00
292.11, 153.00
292.46, 152.00
292.81, 152.00
293.17, 147.00
293.52, 154.00
293.88, 153.00
294.23, 155.00
294.59, 151.00
294.94, 148.00
295.29, 155.00
295.65, 152.00
296.00, 147.00
296.36, 156.00
296.71, 155.00
297.06, 153.00
297.42, 154.00
297.77, 148.00
298.12, 153.00
298.48, 147.00
298.83, 151.00
299.19, 155.00
299.54, 152.00
299.89, 148.00
300.25, 152.00
300.60, 150.00
300.95, 154.00
301.31, 155.00
301.66, 152.00
302.01, 154.00
302.37, 154.00
302.72, 152.00
303.07, 154.00
303.43, 150.00
303.78, 153.00
304.13, 148.00
304.49, 150.00
304.84, 152.00
305.19, 150.00
305.55, 148.00
305.90, 148.00
306.25, 156.00
306.61, 149.00
306.96, 148.00
307.31, 157.00
307.66, 154.00
308.02, 149.00
308.37, 154.00
308.72, 155.00
309.08, 152.00
309.43, 156.00
309.78, 156.00
310.13, 157.00
310.49, 154.00
310.84, 157.00
311.19, 160.00
311.54, 152.00
311.90, 152.00
312.25, 155.00
312.60, 154.00
312.95, 150.00
313.31, 156.00
313.66, 156.00
314.01, 153.00
314.36, 151.00
314.72, 152.00
315.07, 157.00
315.42, 157.00
315.77, 160.00
316.13, 155.00
316.48, 156.00
316.83, 153.00
317.18, 149.00
317.54, 151.00
317.89, 150.00
318.24, 153.00
318.59, 151.00
318.94, 151.00
319.30, 150.00
319.65, 151.00
320.00, 156.00
320.35, 151.00
320.70, 154.00
321.05, 147.00
321.41, 152.00
321.76, 151.00
322.11, 151.00
322.46, 143.00
322.81, 147.00
323.17, 149.00
323.52, 150.00
323.87, 153.00
324.22, 150.00
324.57, 145.00
324.92, 151.00
325.27, 149.00
325.63, 149.00
325.98, 152.00
326.33, 154.00
326.68, 149.00
327.03, 153.00
327.38, 151.00
327.73, 151.00
328.09, 151.00
328.44, 154.00
328.79, 149.00
329.14, 153.00
329.49, 148.00
329.84, 152.00
330.19, 155.00
330.54, 151.00
330.89, 150.00
331.25, 150.00
331.60, 149.00
331.95, 148.00
332.30, 149.00
332.65, 153.00
333.00, 149.00
333.35, 146.00
333.70, 151.00
334.05, 163.00
334.40, 150.00
334.75, 149.00
335.10, 157.00
335.45, 154.00
335.81, 153.00
336.16, 154.00
336.51, 162.00
336.86, 153.00
337.21, 158.00
337.56, 158.00
337.91, 157.00
338.26, 152.00
338.61, 149.00
338.96, 155.00
339.31, 152.00
339.66, 153.00
340.01, 153.00
340.36, 153.00
340.71, 156.00
341.06, 152.00
341.41, 150.00
341.76, 152.00
342.11, 154.00
342.46, 153.00
342.81, 149.00
343.16, 147.00
343.51, 152.00
343.86, 149.00
344.21, 149.00
344.56, 154.00
344.91, 149.00
345.26, 152.00
345.61, 151.00
345.96, 157.00
346.31, 151.00
346.66, 149.00
347.01, 148.00
347.36, 153.00
347.71, 149.00
348.06, 148.00
348.41, 154.00
348.76, 149.00
349.10, 152.00
349.45, 151.00
349.80, 150.00
350.15, 152.00
350.50, 154.00
350.85, 152.00
351.20, 153.00
351.55, 154.00
351.90, 150.00
352.25, 154.00
352.60, 154.00
352.95, 155.00
353.30, 158.00
353.64, 154.00
353.99, 149.00
354.34, 155.00
354.69, 155.00
355.04, 157.00
355.39, 152.00
355.74, 155.00
356.09, 155.00
356.44, 158.00
356.78, 154.00
357.13, 154.00
357.48, 157.00
357.83, 156.00
358.18, 158.00
358.53, 154.00
358.88, 150.00
359.22, 152.00
359.57, 151.00
359.92, 148.00
360.27, 148.00
360.62, 149.00
360.97, 149.00
361.32, 152.00
361.66, 151.00
362.01, 151.00
362.36, 157.00
362.71, 150.00
363.06, 153.00
363.40, 152.00
363.75, 150.00
364.10, 149.00
364.45, 149.00
364.80, 151.00
365.14, 150.00
365.49, 155.00
365.84, 152.00
366.19, 153.00
366.54, 154.00
366.88, 153.00
367.23, 156.00
367.58, 154.00
367.93, 154.00
368.28, 153.00
368.62, 153.00
368.97, 149.00
369.32, 150.00
369.67, 156.00
370.01, 150.00
370.36, 153.00
370.71, 149.00
371.06, 153.00
371.40, 151.00
371.75, 153.00
372.10, 156.00
372.45, 150.00
372.79, 155.00
373.14, 153.00
373.49, 154.00
373.83, 155.00
374.18, 155.00
374.53, 157.00
374.88, 154.00
375.22, 154.00
375.57, 153.00
375.92, 153.00
376.26, 149.00
376.61, 156.00
376.96, 156.00
377.30, 153.00
377.65, 151.00
378.00, 152.00
378.35, 156.00
378.69, 158.00
379.04, 154.00
379.39, 154.00
379.73, 155.00
380.08, 157.00
380.43, 152.00
380.77, 146.00
381.12, 151.00
381.47, 150.00
381.81, 148.00
382.16, 153.00
382.50, 151.00
382.85, 151.00
383.20, 153.00
383.54, 154.00
383.89, 156.00
384.24, 150.00
384.58, 155.00
384.93, 149.00
385.27, 153.00
385.62, 153.00
385.97, 157.00
386.31, 154.00
386.66, 155.00
387.00, 153.00
387.35, 152.00
387.70, 154.00
388.04, 152.00
388.39, 155.00
388.73, 152.00
389.08, 151.00
389.43, 155.00
389.77, 157.00
390.12, 156.00
390.46, 157.00
390.81, 158.00
391.15, 157.00
391.50, 159.00
391.85, 151.00
392.19, 157.00
392.54, 149.00
392.88, 160.00
393.23, 154.00
393.57, 151.00
393.92, 153.00
394.26, 151.00
394.61, 149.00
394.95, 154.00
395.30, 153.00
395.64, 155.00
395.99, 154.00
396.33, 151.00
396.68, 151.00
397.02, 153.00
397.37, 154.00
397.71, 154.00
398.06, 153.00
398.40, 155.00
398.75, 151.00
399.09, 150.00
399.44, 154.00
399.78, 151.00
400.13, 149.00
400.47, 153.00
400.82, 151.00
401.16, 151.00
401.51, 155.00
401.85, 152.00
402.20, 152.00
402.54, 152.00
402.88, 153.00
403.23, 153.00
403.57, 147.00
403.92, 152.00
404.26, 148.00
404.61, 151.00
404.95, 153.00
405.30, 146.00
405.64, 156.00
405.98, 153.00
406.33, 150.00
406.67, 150.00
407.02, 150.00
407.36, 149.00
407.70, 151.00
408.05, 153.00
408.39, 152.00
408.74, 154.00
409.08, 148.00
409.42, 151.00
409.77, 151.00
410.11, 152.00
410.46, 152.00
410.80, 155.00
411.14, 151.00
411.49, 158.00
411.83, 150.00
412.17, 150.00
412.52, 150.00
412.86, 148.00
413.20, 155.00
413.55, 154.00
413.89, 150.00
414.23, 152.00
414.58, 149.00
414.92, 151.00
415.26, 153.00
415.61, 151.00
415.95, 157.00
416.29, 144.00
416.64, 156.00
416.98, 157.00
417.32, 153.00
417.67, 153.00
418.01, 154.00
418.35, 156.00
418.70, 156.00
419.04, 151.00
419.38, 155.00
419.72, 152.00
420.07, 155.00
420.41, 153.00
420.75, 152.00
421.10, 151.00
421.44, 152.00
421.78, 152.00
422.12, 153.00
422.47, 152.00
422.81, 159.00
423.15, 151.00
423.49, 156.00
423.84, 158.00
424.18, 153.00
424.52, 153.00
424.86, 149.00
425.21, 155.00
425.55, 152.00
425.89, 149.00
426.23, 154.00
426.57, 151.00
426.92, 155.00
427.26, 159.00
427.60, 153.00
427.94, 159.00
428.28, 151.00
428.63, 150.00
428.97, 154.00
429.31, 153.00
429.65, 152.00
429.99, 150.00
430.34, 153.00
430.68, 149.00
431.02, 152.00
431.36, 153.00
431.70, 157.00
432.04, 155.00
432.39, 154.00
432.73, 154.00
433.07, 154.00
433.41, 151.00
433.75, 150.00
434.09, 154.00
434.43, 156.00
434.78, 155.00
435.12, 154.00
435.46, 152.00
435.80, 161.00
436.14, 153.00
436.48, 156.00
436.82, 156.00
437.16, 153.00
437.51, 154.00
437.85, 151.00
438.19, 158.00
438.53, 155.00
438.87, 155.00
439.21, 147.00
439.55, 148.00
439.89, 149.00
440.23, 149.00
440.57, 153.00
440.91, 146.00
441.26, 152.00
441.60, 152.00
441.94, 153.00
442.28, 152.00
442.62, 150.00
442.96, 148.00
443.30, 153.00
443.64, 152.00
443.98, 155.00
444.32, 154.00
444.66, 150.00
445.00, 150.00
445.34, 152.00
445.68, 153.00
446.02, 154.00
446.36, 154.00
446.70, 149.00
447.04, 154.00
447.38, 158.00
447.72, 152.00
448.06, 150.00
448.40, 156.00
448.74, 152.00
449.08, 151.00
449.42, 154.00
449.76, 141.00
450.10, 149.00
450.44, 153.00
450.78, 153.00
451.12, 147.00
451.46, 151.00
451.80, 157.00
452.14, 150.00
452.48, 152.00
452.82, 148.00
453.16, 155.00
453.50, 158.00
453.84, 149.00
454.18, 151.00
454.52, 150.00
454.86, 151.00
455.19, 157.00
455.53, 154.00
455.87, 148.00
456.21, 156.00
456.55, 152.00
456.89, 152.00
457.23, 154.00
457.57, 151.00
457.91, 156.00
458.25, 155.00
458.59, 152.00
458.92, 147.00
459.26, 146.00
459.60, 148.00
459.94, 157.00
460.28, 151.00
460.62, 151.00
460.96, 150.00
461.30, 153.00
461.63, 151.00
461.97, 155.00
462.31, 152.00
462.65, 155.00
462.99, 149.00
463.33, 150.00
463.67, 150.00
464.00, 152.00
464.34, 150.00
464.68, 152.00
465.02, 150.00
465.36, 153.00
465.70, 153.00
466.03, 154.00
466.37, 150.00
466.71, 153.00
467.05, 151.00
467.39, 152.00
467.72, 150.00
468.06, 157.00
468.40, 155.00
468.74, 154.00
469.08, 151.00
469.41, 156.00
469.75, 152.00
470.09, 156.00
470.43, 152.00
470.76, 151.00
471.10, 152.00
471.44, 148.00
471.78, 154.00
472.11, 157.00
472.45, 152.00
472.79, 150.00
473.13, 160.00
473.46, 149.00
473.80, 154.00
474.14, 148.00
474.48, 146.00
474.81, 157.00
475.15, 150.00
475.49, 151.00
475.82, 152.00
476.16, 150.00
476.50, 150.00
476.84, 155.00
477.17, 153.00
477.51, 153.00
477.85, 155.00
478.18, 155.00
478.52, 156.00
478.86, 151.00
479.19, 158.00
479.53, 155.00
479.87, 158.00
480.20, 151.00
480.54, 151.00
480.88, 154.00
481.21, 148.00
481.55, 151.00
481.89, 147.00
482.22, 153.00
482.56, 154.00
482.90, 149.00
483.23, 154.00
483.57, 151.00
483.90, 155.00
484.24, 154.00
484.58, 160.00
484.91, 159.00
485.25, 154.00
485.58, 154.00
485.92, 155.00
486.26, 151.00
486.59, 151.00
486.93, 149.00
487.26, 152.00
487.60, 153.00
487.94, 155.00
488.27, 154.00
488.61, 154.00
488.94, 151.00
489.28, 154.00
489.61, 152.00
489.95, 158.00
490.29, 149.00
490.62, 150.00
490.96, 149.00
491.29, 153.00
491.63, 152.00
491.96, 156.00
492.30, 151.00
492.63, 161.00
492.97, 151.00
493.30, 152.00
493.64, 154.00
493.97, 151.00
494.31, 156.00
494.64, 150.00
494.98, 152.00
495.31, 156.00
495.65, 150.00
495.98, 154.00
496.32, 149.00
496.65, 148.00
496.99, 140.00
497.32, 153.00
497.66, 154.00
497.99, 152.00
498.33, 151.00
498.66, 154.00
499.00, 155.00
499.33, 150.00
499.67, 155.00
500.00, 153.00
500.34, 148.00
500.67, 152.00
501.00, 154.00
501.34, 152.00
501.67, 155.00
502.01, 154.00
502.34, 153.00
502.68, 152.00
503.01, 159.00
503.34, 154.00
503.68, 155.00
504.01, 150.00
504.35, 151.00
504.68, 151.00
505.01, 153.00
505.35, 151.00
505.68, 153.00
506.02, 153.00
506.35, 149.00
506.68, 150.00
507.02, 150.00
507.35, 150.00
507.68, 157.00
508.02, 152.00
508.35, 156.00
508.69, 156.00
509.02, 147.00
509.35, 151.00
509.69, 150.00
510.02, 152.00
510.35, 155.00
510.69, 152.00
511.02, 148.00
511.35, 159.00
511.69, 152.00
512.02, 150.00
512.35, 150.00
512.68, 151.00
513.02, 154.00
513.35, 155.00
513.68, 153.00
514.02, 151.00
514.35, 148.00
514.68, 154.00
515.01, 150.00
515.35, 149.00
515.68, 154.00
516.01, 151.00
516.35, 153.00
516.68, 152.00
517.01, 153.00
517.34, 150.00
517.68, 153.00
518.01, 158.00
518.34, 152.00
518.67, 155.00
519.01, 151.00
519.34, 150.00
519.67, 157.00
520.00, 151.00
520.33, 155.00
520.67, 147.00
521.00, 153.00
521.33, 150.00
521.66, 154.00
522.00, 150.00
522.33, 152.00
522.66, 154.00
522.99, 149.00
523.32, 150.00
523.65, 148.00
523.99, 152.00
524.32, 148.00
524.65, 151.00
524.98, 153.00
525.31, 154.00
525.65, 152.00
525.98, 150.00
526.31, 149.00
526.64, 153.00
526.97, 152.00
527.30, 153.00
527.63, 152.00
527.97, 153.00
528.30, 155.00
528.63, 154.00
528.96, 145.00
529.29, 148.00
529.62, 153.00
529.95, 153.00
530.28, 158.00
530.61, 145.00
530.95, 151.00
531.28, 148.00
531.61, 154.00
531.94, 142.00
532.27, 154.00
532.60, 156.00
532.93, 153.00
533.26, 150.00
533.59, 155.00
533.92, 151.00
534.25, 151.00
534.58, 156.00
534.91, 152.00
535.25, 152.00
535.58, 149.00
535.91, 155.00
536.24, 151.00
536.57, 151.00
536.90, 152.00
537.23, 149.00
537.56, 158.00
537.89, 155.00
538.22, 156.00
538.55, 155.00
538.88, 155.00
539.21, 158.00
539.54, 151.00
539.87, 155.00
540.20, 154.00
540.53, 156.00
540.86, 154.00
541.19, 154.00
541.52, 153.00
541.85, 160.00
542.18, 166.00
542.51, 157.00
542.84, 153.00
543.17, 166.00
543.50, 156.00
543.82, 158.00
544.15, 156.00
544.48, 157.00
544.81, 153.00
545.14, 154.00
545.47, 154.00
545.80, 157.00
546.13, 156.00
546.46, 156.00
546.79, 155.00
547.12, 162.00
547.45, 158.00
547.78, 154.00
548.10, 153.00
548.43, 154.00
548.76, 154.00
549.09, 154.00
549.42, 151.00
549.75, 155.00
550.08, 152.00
550.41, 156.00
550.74, 153.00
551.06, 159.00
551.39, 153.00
551.72, 155.00
552.05, 148.00
552.38, 151.00
552.71, 153.00
553.03, 149.00
553.36, 152.00
553.69, 152.00
554.02, 146.00
554.35, 147.00
554.68, 151.00
555.00, 151.00
555.33, 151.00
555.66, 150.00
555.99, 151.00
556.32, 154.00
556.64, 149.00
556.97, 154.00
557.30, 155.00
557.63, 153.00
557.96, 151.00
558.28, 152.00
558.61, 153.00
558.94, 151.00
559.27, 156.00
559.59, 155.00
559.92, 149.00
560.25, 153.00
560.58, 156.00
560.90, 153.00
561.23, 147.00
561.56, 155.00
561.89, 149.00
562.21, 152.00
562.54, 155.00
562.87, 147.00
563.20, 150.00
563.52, 152.00
563.85, 152.00
564.18, 155.00
564.50, 151.00
564.83, 152.00
565.16, 147.00
565.48, 149.00
565.81, 152.00
566.14, 154.00
566.47, 150.00
566.79, 153.00
567.12, 155.00
567.45, 152.00
567.77, 149.00
568.10, 150.00
568.43, 155.00
568.75, 152.00
569.08, 150.00
569.40, 152.00
569.73, 151.00
570.06, 154.00
570.38, 154.00
570.71, 148.00
571.04, 150.00
571.36, 156.00
571.69, 154.00
572.01, 153.00
572.34, 154.00
572.67, 151.00
572.99, 152.00
573.32, 153.00
573.64, 147.00
573.97, 155.00
574.30, 149.00
574.62, 153.00
574.95, 142.00
575.27, 149.00
575.60, 151.00
575.92, 151.00
576.25, 151.00
576.58, 152.00
576.90, 152.00
577.23, 152.00
577.55, 156.00
577.88, 151.00
578.20, 150.00
578.53, 152.00
578.85, 149.00
579.18, 152.00
579.50, 154.00
579.83, 151.00
580.15, 154.00
580.48, 151.00
580.80, 152.00
581.13, 154.00
581.45, 155.00
581.78, 150.00
582.10, 152.00
582.43, 154.00
582.75, 152.00
583.08, 150.00
583.40, 152.00
583.73, 157.00
584.05, 155.00
584.38, 153.00
584.70, 150.00
585.03, 150.00
585.35, 154.00
585.67, 153.00
586.00, 156.00
586.32, 153.00
586.65, 153.00
586.97, 152.00
587.30, 154.00
587.62, 152.00
587.94, 156.00
588.27, 152.00
588.59, 156.00
588.92, 151.00
589.24, 153.00
589.56, 156.00
589.89, 153.00
590.21, 151.00
590.54, 147.00
590.86, 150.00
591.18, 153.00
591.51, 150.00
591.83, 152.00
592.15, 153.00
592.48, 157.00
592.80, 150.00
593.13, 152.00
593.45, 152.00
593.77, 156.00
594.10, 155.00
594.42, 152.00
594.74, 154.00
595.07, 149.00
595.39, 157.00
595.71, 153.00
596.03, 152.00
596.36, 151.00
596.68, 157.00
597.00, 154.00
597.33, 155.00
597.65, 157.00
597.97, 149.00
598.30, 144.00
598.62, 151.00
598.94, 151.00
599.26, 153.00
599.59, 149.00
599.91, 148.00
600.23, 152.00
600.55, 155.00
600.88, 152.00
601.20, 154.00
601.52, 149.00
601.84, 155.00
602.17, 157.00
602.49, 148.00
602.81, 155.00
603.13, 157.00
603.45, 153.00
603.78, 149.00
604.10, 155.00
604.42, 156.00
604.74, 148.00
605.07, 153.00
605.39, 148.00
605.71, 150.00
606.03, 154.00
606.35, 150.00
606.67, 153.00
607.00, 157.00
607.32, 151.00
607.64, 152.00
607.96, 150.00
608.28, 152.00
608.60, 158.00
608.93, 153.00
609.25, 154.00
609.57, 153.00
609.89, 154.00
610.21, 151.00
610.53, 155.00
610.85, 158.00
611.17, 158.00
611.50, 158.00
611.82, 154.00
612.14, 149.00
612.46, 152.00
612.78, 156.00
613.10, 156.00
613.42, 157.00
613.74, 155.00
614.06, 154.00
614.38, 157.00
614.70, 152.00
615.03, 153.00
615.35, 155.00
615.67, 153.00
615.99, 153.00
616.31, 156.00
616.63, 154.00
616.95, 146.00
617.27, 152.00
617.59, 151.00
617.91, 150.00
618.23, 155.00
618.55, 153.00
618.87, 155.00
619.19, 154.00
619.51, 152.00
619.83, 156.00
620.15, 158.00
620.47, 153.00
620.79, 153.00
621.11, 153.00
621.43, 154.00
621.75, 155.00
622.07, 151.00
622.39, 151.00
622.71, 160.00
623.03, 151.00
623.35, 149.00
623.67, 150.00
623.99, 149.00
624.31, 148.00
624.63, 149.00
624.95, 155.00
625.26, 152.00
625.58, 153.00
625.90, 152.00
626.22, 155.00
626.54, 154.00
626.86, 151.00
627.18, 153.00
627.50, 153.00
627.82, 155.00
628.14, 151.00
628.46, 151.00
628.77, 151.00
629.09, 154.00
629.41, 155.00
629.73, 155.00
630.05, 151.00
630.37, 152.00
630.69, 152.00
631.00, 151.00
631.32, 154.00
631.64, 157.00
631.96, 149.00
632.28, 151.00
632.60, 152.00
632.92, 152.00
633.23, 155.00
633.55, 150.00
633.87, 152.00
634.19, 150.00
634.51, 152.00
634.82, 151.00
635.14, 152.00
635.46, 158.00
635.78, 157.00
636.10, 155.00
636.41, 153.00
636.73, 151.00
637.05, 154.00
637.37, 154.00
637.68, 154.00
638.00, 151.00
638.32, 154.00
638.64, 153.00
638.95, 158.00
639.27, 154.00
639.59, 155.00
639.91, 151.00
640.22, 150.00
640.54, 148.00
640.86, 151.00
641.18, 150.00
641.49, 151.00
641.81, 145.00
642.13, 151.00
642.44, 150.00
642.76, 155.00
643.08, 154.00
643.40, 152.00
643.71, 153.00
644.03, 146.00
644.35, 147.00
644.66, 154.00
644.98, 152.00
645.30, 154.00
645.61, 152.00
645.93, 150.00
646.25, 152.00
646.56, 154.00
646.88, 154.00
647.19, 155.00
647.51, 156.00
647.83, 152.00
648.14, 155.00
648.46, 158.00
648.78, 154.00
649.09, 150.00
649.41, 155.00
649.72, 153.00
650.04, 149.00
650.36, 149.00
650.67, 152.00
650.99, 150.00
651.30, 159.00
651.62, 147.00
651.93, 149.00
652.25, 152.00
652.57, 147.00
652.88, 151.00
653.20, 148.00
653.51, 156.00
653.83, 152.00
654.14, 151.00
654.46, 151.00
654.77, 159.00
655.09, 156.00
655.40, 148.00
655.72, 152.00
656.04, 156.00
656.35, 153.00
656.67, 152.00
656.98, 149.00
657.30, 153.00
657.61, 152.00
657.93, 153.00
658.24, 153.00
658.55, 157.00
658.87, 149.00
659.18, 148.00
659.50, 153.00
659.81, 154.00
660.13, 150.00
660.44, 154.00
660.76, 150.00
661.07, 148.00
661.39, 144.00
661.70, 151.00
662.01, 150.00
662.33, 148.00
662.64, 150.00
662.96, 154.00
663.27, 163.00
663.59, 153.00
663.90, 150.00
664.21, 154.00
664.53, 152.00
664.84, 151.00
665.16, 154.00
665.47, 151.00
665.78, 149.00
666.10, 150.00
666.41, 148.00
666.72, 153.00
667.04, 153.00
667.35, 154.00
667.67, 150.00
667.98, 151.00
668.29, 150.00
668.61, 156.00
668.92, 154.00
669.23, 153.00
669.55, 152.00
669.86, 156.00
670.17, 152.00
670.48, 149.00
670.80, 151.00
671.11, 153.00
671.42, 151.00
671.74, 151.00
672.05, 151.00
672.36, 154.00
672.68, 154.00
672.99, 149.00
673.30, 154.00
673.61, 155.00
673.93, 154.00
674.24, 144.00
674.55, 156.00
674.86, 151.00
675.18, 152.00
675.49, 151.00
675.80, 157.00
676.11, 152.00
676.43, 149.00
676.74, 154.00
677.05, 153.00
677.36, 157.00
677.67, 149.00
677.99, 155.00
678.30, 150.00
678.61, 154.00
678.92, 153.00
679.23, 157.00
679.55, 157.00
679.86, 153.00
680.17, 150.00
680.48, 156.00
680.79, 151.00
681.10, 152.00
681.42, 154.00
681.73, 155.00
682.04, 151.00
682.35, 154.00
682.66, 151.00
682.97, 153.00
683.28, 155.00
683.60, 154.00
683.91, 151.00
684.22, 151.00
684.53, 153.00
684.84, 151.00
685.15, 150.00
685.46, 149.00
685.77, 154.00
686.08, 149.00
686.40, 152.00
686.71, 154.00
687.02, 150.00
687.33, 153.00
687.64, 150.00
687.95, 149.00
688.26, 151.00
688.57, 150.00
688.88, 150.00
689.19, 153.00
689.50, 153.00
689.81, 159.00
690.12, 153.00
690.43, 152.00
690.74, 154.00
691.05, 152.00
691.36, 150.00
691.67, 153.00
691.98, 153.00
692.29, 151.00
692.60, 153.00
692.91, 152.00
693.22, 152.00
693.53, 150.00
693.84, 147.00
694.15, 156.00
694.46, 150.00
694.77, 155.00
695.08, 154.00
695.39, 143.00
695.70, 152.00
696.01, 151.00
696.32, 151.00
696.63, 153.00
696.94, 153.00
697.25, 150.00
697.56, 152.00
697.87, 153.00
698.17, 154.00
698.48, 148.00
698.79, 152.00
699.10, 154.00
699.41, 151.00
699.72, 152.00
700.03, 150.00
700.34, 149.00
700.65, 152.00
700.95, 153.00
701.26, 152.00
701.57, 155.00
701.88, 151.00
702.19, 150.00
702.50, 151.00
702.81, 148.00
703.11, 153.00
703.42, 151.00
703.73, 154.00
704.04, 149.00
704.35, 151.00
704.66, 153.00
704.96, 144.00
705.27, 148.00
705.58, 151.00
705.89, 156.00
706.20, 150.00
706.50, 154.00
706.81, 155.00
707.12, 154.00
707.43, 157.00
707.73, 155.00
708.04, 150.00
708.35, 149.00
708.66, 151.00
708.97, 152.00
709.27, 150.00
709.58, 154.00
709.89, 154.00
710.19, 151.00
710.50, 154.00
710.81, 154.00
711.12, 152.00
711.42, 152.00
711.73, 149.00
712.04, 158.00
712.35, 150.00
712.65, 152.00
712.96, 152.00
713.27, 152.00
713.57, 158.00
713.88, 151.00
714.19, 155.00
714.49, 150.00
714.80, 152.00
715.11, 145.00
715.41, 151.00
715.72, 154.00
716.03, 147.00
716.33, 150.00
716.64, 150.00
716.94, 155.00
717.25, 153.00
717.56, 155.00
717.86, 151.00
718.17, 151.00
718.48, 151.00
718.78, 145.00
719.09, 151.00
719.39, 155.00
719.70, 154.00
720.01, 149.00
720.31, 153.00
720.62, 154.00
720.92, 154.00
721.23, 152.00
721.53, 155.00
721.84, 153.00
722.15, 154.00
722.45, 151.00
722.76, 151.00
723.06, 150.00
723.37, 154.00
723.67, 152.00
723.98, 151.00
724.28, 148.00
724.59, 151.00
724.89, 149.00
725.20, 150.00
725.50, 151.00
725.81, 154.00
726.11, 146.00
726.42, 153.00
726.72, 154.00
727.03, 153.00
727.33, 156.00
727.64, 151.00
727.94, 149.00
728.25, 153.00
728.55, 155.00
728.86, 153.00
729.16, 151.00
729.46, 151.00
729.77, 150.00
730.07, 157.00
730.38, 153.00
730.68, 151.00
730.99, 152.00
731.29, 155.00
731.59, 150.00
731.90, 151.00
732.20, 147.00
732.51, 152.00
732.81, 147.00
733.11, 156.00
733.42, 154.00
733.72, 150.00
734.02, 152.00
734.33, 158.00
734.63, 155.00
734.94, 155.00
735.24, 151.00
735.54, 150.00
735.85, 154.00
736.15, 149.00
736.45, 151.00
736.76, 152.00
737.06, 147.00
737.36, 149.00
737.67, 146.00
737.97, 151.00
738.27, 154.00
738.57, 149.00
738.88, 148.00
739.18, 150.00
739.48, 153.00
739.79, 151.00
740.09, 150.00
740.39, 149.00
740.69, 149.00
741.00, 147.00
741.30, 152.00
741.60, 151.00
741.90, 152.00
742.21, 151.00
742.51, 156.00
742.81, 152.00
743.11, 151.00
743.42, 152.00
743.72, 153.00
744.02, 154.00
744.32, 153.00
744.63, 152.00
744.93, 153.00
745.23, 149.00
745.53, 152.00
745.83, 151.00
746.13, 154.00
746.44, 155.00
746.74, 150.00
747.04, 152.00
747.34, 145.00
747.64, 151.00
747.94, 147.00
748.25, 151.00
748.55, 156.00
748.85, 152.00
749.15, 150.00
749.45, 152.00
749.75, 152.00
750.05, 153.00
750.35, 152.00
750.66, 149.00
750.96, 149.00
751.26, 154.00
751.56, 148.00
751.86, 160.00
752.16, 151.00
752.46, 158.00
752.76, 149.00
753.06, 155.00
753.36, 152.00
753.66, 151.00
753.96, 152.00
754.27, 154.00
754.57, 151.00
754.87, 153.00
755.17, 148.00
755.47, 152.00
755.77, 152.00
756.07, 157.00
756.37, 153.00
756.67, 153.00
756.97, 152.00
757.27, 151.00
757.57, 149.00
757.87, 152.00
758.17, 149.00
758.47, 149.00
758.77, 148.00
759.07, 154.00
759.37, 152.00
759.67, 154.00
759.97, 154.00
760.27, 152.00
760.57, 151.00
760.86, 152.00
761.16, 152.00
761.46, 145.00
761.76, 152.00
762.06, 150.00
762.36, 158.00
762.66, 155.00
762.96, 148.00
763.26, 157.00
763.56, 153.00
763.86, 150.00
764.16, 152.00
764.45, 155.00
764.75, 155.00
765.05, 154.00
765.35, 149.00
765.65, 149.00
765.95, 149.00
766.25, 152.00
766.55, 139.00
766.84, 151.00
767.14, 151.00
767.44, 154.00
767.74, 149.00
768.04, 152.00
768.34, 151.00
768.63, 156.00
768.93, 155.00
769.23, 154.00
769.53, 148.00
769.83, 148.00
770.12, 154.00
770.42, 150.00
770.72, 151.00
771.02, 151.00
771.32, 149.00
771.61, 158.00
771.91, 152.00
772.21, 153.00
772.51, 155.00
772.80, 152.00
773.10, 154.00
773.40, 156.00
773.70, 150.00
773.99, 152.00
774.29, 154.00
774.59, 154.00
774.88, 149.00
775.18, 157.00
775.48, 153.00
775.78, 153.00
776.07, 154.00
776.37, 155.00
776.67, 151.00
776.96, 153.00
777.26, 156.00
777.56, 143.00
777.85, 151.00
778.15, 151.00
778.45, 156.00
778.74, 150.00
779.04, 150.00
779.34, 157.00
779.63, 146.00
779.93, 152.00
780.22, 153.00
780.52, 150.00
780.82, 151.00
781.11, 155.00
781.41, 146.00
781.71, 151.00
782.00, 151.00
782.30, 153.00
782.59, 151.00
782.89, 155.00
783.19, 156.00
783.48, 153.00
783.78, 152.00
784.07, 155.00
784.37, 152.00
784.66, 150.00
784.96, 149.00
785.25, 153.00
785.55, 147.00
785.84, 149.00
786.14, 151.00
786.44, 152.00
786.73, 157.00
787.03, 149.00
787.32, 155.00
787.62, 155.00
787.91, 149.00
788.21, 151.00
788.50, 148.00
788.80, 147.00
789.09, 154.00
789.39, 155.00
789.68, 157.00
789.97, 155.00
790.27, 153.00
790.56, 151.00
790.86, 150.00
791.15, 150.00
791.45, 155.00
791.74, 151.00
792.04, 153.00
792.33, 153.00
792.62, 154.00
792.92, 152.00
793.21, 153.00
793.51, 148.00
793.80, 154.00
794.09, 151.00
794.39, 152.00
794.68, 153.00
794.98, 150.00
795.27, 149.00
795.56, 152.00
795.86, 147.00
796.15, 150.00
796.44, 150.00
796.74, 150.00
797.03, 151.00
797.32, 148.00
797.62, 147.00
797.91, 155.00
798.20, 156.00
798.50, 149.00
798.79, 152.00
799.08, 147.00
799.38, 151.00
799.67, 153.00
799.96, 154.00
800.26, 147.00
800.55, 153.00
800.84, 150.00
801.13, 151.00
801.43, 153.00
801.72, 151.00
802.01, 154.00
802.30, 156.00
802.60, 155.00
802.89, 149.00
803.18, 150.00
803.47, 154.00
803.77, 152.00
804.06, 152.00
804.35, 147.00
804.64, 148.00
804.94, 155.00
805.23, 148.00
805.52, 148.00
805.81, 149.00
806.10, 149.00
806.39, 158.00
806.69, 152.00
806.98, 148.00
807.27, 152.00
807.56, 150.00
807.85, 153.00
808.14, 149.00
808.44, 152.00
808.73, 150.00
809.02, 146.00
809.31, 148.00
809.60, 152.00
809.89, 149.00
810.18, 148.00
810.48, 149.00
810.77, 152.00
811.06, 151.00
811.35, 150.00
811.64, 158.00
811.93, 155.00
812.22, 151.00
812.51, 153.00
812.80, 151.00
813.09, 151.00
813.38, 149.00
813.67, 155.00
813.96, 153.00
814.26, 152.00
814.55, 155.00
814.84, 154.00
815.13, 148.00
815.42, 151.00
815.71, 149.00
816.00, 151.00
816.29, 149.00
816.58, 159.00
816.87, 150.00
817.16, 150.00
817.45, 152.00
817.74, 148.00
818.03, 149.00
818.32, 148.00
818.61, 152.00
818.90, 155.00
819.19, 151.00
819.48, 152.00
819.76, 150.00
820.05, 150.00
820.34, 151.00
820.63, 153.00
820.92, 155.00
821.21, 153.00
821.50, 153.00
821.79, 156.00
822.08, 155.00
822.37, 151.00
822.66, 149.00
822.95, 153.00
823.23, 152.00
823.52, 151.00
823.81, 150.00
824.10, 153.00
824.39, 150.00
824.68, 149.00
824.97, 152.00
825.26, 154.00
825.54, 148.00
825.83, 150.00
826.12, 153.00
826.41, 152.00
826.70, 150.00
826.99, 149.00
827.27, 147.00
827.56, 149.00
827.85, 148.00
828.14, 155.00
828.43, 146.00
828.71, 145.00
829.00, 151.00
829.29, 154.00
829.58, 154.00
829.86, 156.00
830.15, 155.00
830.44, 153.00
830.73, 150.00
831.01, 147.00
831.30, 150.00
831.59, 153.00
831.88, 149.00
832.16, 150.00
832.45, 152.00
832.74, 152.00
833.03, 153.00
833.31, 150.00
833.60, 151.00
833.89, 151.00
834.17, 148.00
834.46, 150.00
834.75, 149.00
835.03, 154.00
835.32, 147.00
835.61, 151.00
835.89, 150.00
836.18, 151.00
836.47, 152.00
836.75, 153.00
837.04, 156.00
837.33, 151.00
837.61, 146.00
837.90, 146.00
838.19, 153.00
838.47, 151.00
838.76, 150.00
839.04, 149.00
839.33, 153.00
839.62, 153.00
839.90, 153.00
840.19, 149.00
840.47, 154.00
840.76, 153.00
841.04, 151.00
841.33, 152.00
841.62, 153.00
841.90, 152.00
842.19, 154.00
842.47, 159.00
842.76, 156.00
843.04, 155.00
843.33, 151.00
843.61, 151.00
843.90, 151.00
844.18, 154.00
844.47, 152.00
844.75, 151.00
845.04, 151.00
845.32, 153.00
845.61, 143.00
845.89, 149.00
846.18, 148.00
846.46, 148.00
846.75, 147.00
847.03, 154.00
847.32, 152.00
847.60, 151.00
847.88, 149.00
848.17, 151.00
848.45, 150.00
848.74, 153.00
849.02, 149.00
849.31, 149.00
849.59, 153.00
849.87, 149.00
850.16, 156.00
850.44, 154.00
850.73, 153.00
851.01, 152.00
851.29, 149.00
851.58, 154.00
851.86, 157.00
852.14, 152.00
852.43, 154.00
852.71, 152.00
853.00, 150.00
853.28, 156.00
853.56, 153.00
853.85, 152.00
854.13, 152.00
854.41, 153.00
854.69, 152.00
854.98, 150.00
855.26, 150.00
855.54, 154.00
855.83, 150.00
856.11, 150.00
856.39, 147.00
856.68, 148.00
856.96, 153.00
857.24, 145.00
857.52, 156.00
857.81, 156.00
858.09, 152.00
858.37, 147.00
858.65, 154.00
858.94, 150.00
859.22, 150.00
