190.05, 0.00
190.41, 147.00
190.77, 146.00
191.14, 142.00
191.50, 148.00
191.86, 169.00
192.22, 150.00
192.58, 156.00
192.94, 151.00
193.31, 151.00
193.67, 152.00
194.03, 163.00
194.39, 152.00
194.75, 152.00
195.11, 161.00
195.47, 170.00
195.84, 150.00
196.20, 152.00
196.56, 167.00
196.92, 155.00
197.28, 154.00
197.64, 156.00
198.00, 153.00
198.37, 152.00
198.73, 152.00
199.09, 151.00
199.45, 151.00
199.81, 155.00
200.17, 161.00
200.53, 156.00
200.89, 163.00
201.25, 183.00
201.62, 147.00
201.98, 148.00
202.34, 150.00
202.70, 162.00
203.06, 153.00
203.42, 154.00
203.78, 152.00
204.14, 157.00
204.50, 175.00
204.86, 165.00
205.22, 159.00
205.58, 155.00
205.95, 153.00
206.31, 149.00
206.67, 159.00
207.03, 154.00
207.39, 160.00
207.75, 153.00
208.11, 152.00
208.47, 152.00
208.83, 153.00
209.19, 152.00
209.55, 154.00
209.91, 150.00
210.27, 154.00
210.63, 150.00
210.99, 166.00
211.35, 151.00
211.71, 155.00
212.07, 150.00
212.43, 157.00
212.79, 150.00
213.15, 158.00
213.51, 159.00
213.87, 159.00
214.23, 157.00
214.59, 151.00
214.95, 156.00
215.31, 154.00
215.67, 156.00
216.03, 181.00
216.39, 157.00
216.75, 155.00
217.11, 156.00
217.47, 156.00
217.83, 154.00
218.19, 152.00
218.55, 153.00
218.91, 159.00
219.27, 161.00
219.63, 153.00
219.99, 154.00
220.35, 150.00
220.71, 160.00
221.07, 152.00
221.43, 157.00
221.79, 153.00
222.15, 158.00
222.51, 148.00
222.87, 149.00
223.23, 149.00
223.59, 154.00
223.95, 157.00
224.31, 150.00
224.67, 151.00
225.03, 159.00
225.39, 159.00
225.74, 161.00
226.10, 155.00
226.46, 149.00
226.82, 161.00
227.18, 160.00
227.54, 157.00
227.90, 155.00
228.26, 156.00
228.62, 165.00
228.98, 154.00
229.34, 151.00
229.69, 154.00
230.05, 157.00
230.41, 154.00
230.77, 162.00
231.13, 159.00
231.49, 153.00
231.85, 154.00
232.21, 159.00
232.57, 154.00
232.92, 156.00
233.28, 153.00
233.64, 152.00
234.00, 157.00
234.36, 152.00
234.72, 151.00
235.08, 159.00
235.44, 155.00
235.79, 152.00
236.15, 156.00
236.51, 154.00
236.87, 151.00
237.23, 154.00
237.59, 156.00
237.94, 156.00
238.30, 155.00
238.66, 152.00
239.02, 152.00
239.38, 153.00
239.74, 152.00
240.09, 159.00
240.45, 155.00
240.81, 149.00
241.17, 167.00
241.53, 150.00
241.89, 154.00
242.24, 154.00
242.60, 151.00
242.96, 157.00
243.32, 149.00
243.68, 149.00
244.03, 156.00
244.39, 152.00
244.75, 169.00
245.11, 157.00
245.46, 155.00
245.82, 179.00
246.18, 157.00
246.54, 161.00
246.90, 156.00
247.25, 148.00
247.61, 149.00
247.97, 192.00
248.33, 152.00
248.68, 150.00
249.04, 153.00
249.40, 148.00
249.76, 158.00
250.11, 151.00
250.47, 152.00
250.83, 153.00
251.19, 156.00
251.54, 160.00
251.90, 157.00
252.26, 157.00
252.62, 151.00
252.97, 159.00
253.33, 155.00
253.69, 152.00
254.05, 157.00
254.40, 153.00
254.76, 154.00
255.12, 177.00
255.47, 161.00
255.83, 151.00
256.19, 152.00
256.54, 150.00
256.90, 150.00
257.26, 150.00
257.62, 159.00
257.97, 155.00
258.33, 155.00
258.69, 149.00
259.04, 157.00
259.40, 157.00
259.76, 154.00
260.11, 146.00
260.47, 149.00
260.83, 154.00
261.18, 151.00
261.54, 155.00
261.90, 159.00
262.25, 153.00
262.61, 151.00
262.97, 151.00
263.32, 152.00
263.68, 149.00
264.04, 157.00
264.39, 148.00
264.75, 154.00
265.10, 155.00
265.46, 192.00
265.82, 167.00
266.17, 151.00
266.53, 153.00
266.89, 156.00
267.24, 162.00
267.60, 152.00
267.95, 154.00
268.31, 156.00
268.67, 153.00
269.02, 149.00
269.38, 150.00
269.74, 162.00
270.09, 153.00
270.45, 150.00
270.80, 169.00
271.16, 152.00
271.51, 163.00
271.87, 161.00
272.23, 159.00
272.58, 159.00
272.94, 153.00
273.29, 151.00
273.65, 192.00
274.00, 152.00
274.36, 158.00
274.72, 152.00
275.07, 148.00
275.43, 159.00
275.78, 153.00
276.14, 159.00
276.49, 155.00
276.85, 171.00
277.20, 174.00
277.56, 158.00
277.92, 154.00
278.27, 163.00
278.63, 163.00
278.98, 156.00
279.34, 158.00
279.69, 163.00
280.05, 183.00
280.40, 164.00
280.76, 169.00
281.11, 162.00
281.47, 164.00
281.82, 159.00
282.18, 164.00
282.53, 163.00
282.89, 168.00
283.24, 172.00
283.60, 167.00
283.95, 173.00
284.31, 180.00
284.66, 181.00
285.02, 179.00
285.37, 176.00
285.73, 179.00
286.08, 179.00
286.44, 167.00
286.79, 167.00
287.14, 163.00
287.50, 159.00
287.85, 163.00
288.21, 166.00
288.56, 164.00
288.92, 174.00
289.27, 167.00
289.63, 168.00
289.98, 175.00
290.34, 167.00
290.69, 176.00
291.04, 159.00
291.40, 164.00
291.75, 163.00
292.11, 166.00
292.46, 162.00
292.81, 170.00
293.17, 167.00
293.52, 170.00
293.88, 180.00
294.23, 189.00
294.59, 199.00
294.94, 210.00
295.29, 218.00
295.65, 227.00
296.00, 237.00
296.36, 213.00
296.71, 209.00
297.06, 209.00
297.42, 214.00
297.77, 215.00
298.12, 209.00
298.48, 185.00
298.83, 190.00
299.19, 194.00
299.54, 191.00
299.89, 201.00
300.25, 191.00
300.60, 195.00
300.95, 194.00
301.31, 175.00
301.66, 176.00
302.01, 174.00
302.37, 171.00
302.72, 174.00
303.07, 182.00
303.43, 188.00
303.78, 186.00
304.13, 196.00
304.49, 193.00
304.84, 198.00
305.19, 228.00
305.55, 187.00
305.90, 205.00
306.25, 231.00
306.61, 286.00
306.96, 332.00
307.31, 417.00
307.66, 554.00
308.02, 704.00
308.37, 818.00
308.72, 912.00
309.08, 903.00
309.43, 851.00
309.78, 735.00
310.13, 645.00
310.49, 565.00
310.84, 463.00
311.19, 431.00
311.54, 391.00
311.90, 351.00
312.25, 340.00
312.60, 360.00
312.95, 434.00
313.31, 483.00
313.66, 463.00
314.01, 461.00
314.36, 472.00
314.72, 537.00
315.07, 708.00
315.42, 826.00
315.77, 863.00
316.13, 685.00
316.48, 463.00
316.83, 336.00
317.18, 265.00
317.54, 224.00
317.89, 202.00
318.24, 194.00
318.59, 195.00
318.94, 194.00
319.30, 192.00
319.65, 192.00
320.00, 202.00
320.35, 196.00
320.70, 201.00
321.05, 198.00
321.41, 203.00
321.76, 208.00
322.11, 197.00
322.46, 193.00
322.81, 236.00
323.17, 196.00
323.52, 191.00
323.87, 196.00
324.22, 192.00
324.57, 196.00
324.92, 194.00
325.27, 203.00
325.63, 214.00
325.98, 213.00
326.33, 227.00
326.68, 225.00
327.03, 225.00
327.38, 237.00
327.73, 253.00
328.09, 280.00
328.44, 312.00
328.79, 296.00
329.14, 325.00
329.49, 282.00
329.84, 268.00
330.19, 274.00
330.54, 259.00
330.89, 251.00
331.25, 219.00
331.60, 216.00
331.95, 217.00
332.30, 217.00
332.65, 225.00
333.00, 249.00
333.35, 287.00
333.70, 296.00
334.05, 270.00
334.40, 293.00
334.75, 338.00
335.10, 444.00
335.45, 631.00
335.81, 875.00
336.16, 1248.00
336.51, 1659.00
336.86, 1693.00
337.21, 1430.00
337.56, 910.00
337.91, 571.00
338.26, 365.00
338.61, 272.00
338.96, 235.00
339.31, 230.00
339.66, 214.00
340.01, 222.00
340.36, 210.00
340.71, 200.00
341.06, 203.00
341.41, 206.00
341.76, 198.00
342.11, 206.00
342.46, 206.00
342.81, 212.00
343.16, 204.00
343.51, 207.00
343.86, 202.00
344.21, 202.00
344.56, 204.00
344.91, 197.00
345.26, 206.00
345.61, 197.00
345.96, 192.00
346.31, 197.00
346.66, 218.00
347.01, 194.00
347.36, 211.00
347.71, 193.00
348.06, 196.00
348.41, 219.00
348.76, 231.00
349.10, 230.00
349.45, 267.00
349.80, 250.00
350.15, 246.00
350.50, 236.00
350.85, 249.00
351.20, 265.00
351.55, 323.00
351.90, 397.00
352.25, 482.00
352.60, 611.00
352.95, 787.00
353.30, 838.00
353.64, 766.00
353.99, 613.00
354.34, 547.00
354.69, 515.00
355.04, 564.00
355.39, 644.00
355.74, 788.00
356.09, 950.00
356.44, 1090.00
356.78, 1321.00
357.13, 1410.00
357.48, 1344.00
357.83, 1006.00
358.18, 672.00
358.53, 457.00
358.88, 315.00
359.22, 251.00
359.57, 215.00
359.92, 215.00
360.27, 214.00
360.62, 223.00
360.97, 223.00
361.32, 226.00
361.66, 221.00
362.01, 222.00
362.36, 230.00
362.71, 224.00
363.06, 242.00
363.40, 240.00
363.75, 237.00
364.10, 241.00
364.45, 229.00
364.80, 228.00
365.14, 233.00
365.49, 236.00
365.84, 228.00
366.19, 245.00
366.54, 253.00
366.88, 271.00
367.23, 250.00
367.58, 268.00
367.93, 217.00
368.28, 214.00
368.62, 225.00
368.97, 231.00
369.32, 252.00
369.67, 264.00
370.01, 323.00
370.36, 327.00
370.71, 348.00
371.06, 309.00
371.40, 279.00
371.75, 249.00
372.10, 226.00
372.45, 229.00
372.79, 243.00
373.14, 265.00
373.49, 311.00
373.83, 366.00
374.18, 437.00
374.53, 544.00
374.88, 601.00
375.22, 593.00
375.57, 476.00
375.92, 373.00
376.26, 286.00
376.61, 254.00
376.96, 233.00
377.30, 240.00
377.65, 249.00
378.00, 270.00
378.35, 322.00
378.69, 394.00
379.04, 480.00
379.39, 603.00
379.73, 714.00
380.08, 732.00
380.43, 571.00
380.77, 411.00
381.12, 353.00
381.47, 291.00
381.81, 240.00
382.16, 233.00
382.50, 232.00
382.85, 300.00
383.20, 243.00
383.54, 256.00
383.89, 273.00
384.24, 284.00
384.58, 293.00
384.93, 330.00
385.27, 329.00
385.62, 338.00
385.97, 335.00
386.31, 313.00
386.66, 349.00
387.00, 327.00
387.35, 346.00
387.70, 384.00
388.04, 517.00
388.39, 577.00
388.73, 714.00
389.08, 901.00
389.43, 1084.00
389.77, 1321.00
390.12, 1648.00
390.46, 2282.00
390.81, 2543.00
391.15, 2400.00
391.50, 1725.00
391.85, 1029.00
392.19, 691.00
392.54, 432.00
392.88, 340.00
393.23, 340.00
393.57, 337.00
393.92, 326.00
394.26, 283.00
394.61, 251.00
394.95, 241.00
395.30, 215.00
395.64, 210.00
395.99, 247.00
396.33, 228.00
396.68, 228.00
397.02, 238.00
397.37, 253.00
397.71, 283.00
398.06, 305.00
398.40, 332.00
398.75, 394.00
399.09, 411.00
399.44, 418.00
399.78, 365.00
400.13, 295.00
400.47, 256.00
400.82, 225.00
401.16, 214.00
401.51, 224.00
401.85, 212.00
402.20, 216.00
402.54, 223.00
402.88, 227.00
403.23, 236.00
403.57, 259.00
403.92, 280.00
404.26, 363.00
404.61, 340.00
404.95, 410.00
405.30, 385.00
405.64, 347.00
405.98, 319.00
406.33, 277.00
406.67, 245.00
407.02, 232.00
407.36, 238.00
407.70, 249.00
408.05, 259.00
408.39, 273.00
408.74, 283.00
409.08, 295.00
409.42, 268.00
409.77, 257.00
410.11, 265.00
410.46, 251.00
410.80, 262.00
411.14, 271.00
411.49, 303.00
411.83, 304.00
412.17, 296.00
412.52, 304.00
412.86, 314.00
413.20, 323.00
413.55, 324.00
413.89, 301.00
414.23, 279.00
414.58, 289.00
414.92, 252.00
415.26, 248.00
415.61, 246.00
415.95, 255.00
416.29, 261.00
416.64, 267.00
416.98, 272.00
417.32, 286.00
417.67, 320.00
418.01, 348.00
418.35, 368.00
418.70, 426.00
419.04, 487.00
419.38, 467.00
419.72, 444.00
420.07, 368.00
420.41, 300.00
420.75, 274.00
421.10, 263.00
421.44, 248.00
421.78, 257.00
422.12, 264.00
422.47, 277.00
422.81, 303.00
423.15, 318.00
423.49, 304.00
423.84, 291.00
424.18, 306.00
424.52, 323.00
424.86, 398.00
425.21, 495.00
425.55, 536.00
425.89, 641.00
426.23, 743.00
426.57, 969.00
426.92, 1040.00
427.26, 1107.00
427.60, 907.00
427.94, 611.00
428.28, 438.00
428.63, 343.00
428.97, 286.00
429.31, 249.00
429.65, 226.00
429.99, 226.00
430.34, 221.00
430.68, 223.00
431.02, 226.00
431.36, 219.00
431.70, 228.00
432.04, 230.00
432.39, 243.00
432.73, 255.00
433.07, 262.00
433.41, 273.00
433.75, 276.00
434.09, 278.00
434.43, 266.00
434.78, 314.00
435.12, 356.00
435.46, 372.00
435.80, 369.00
436.14, 358.00
436.48, 330.00
436.82, 323.00
437.16, 300.00
437.51, 281.00
437.85, 266.00
438.19, 297.00
438.53, 270.00
438.87, 280.00
439.21, 276.00
439.55, 287.00
439.89, 296.00
440.23, 306.00
440.57, 316.00
440.91, 318.00
441.26, 304.00
441.60, 278.00
441.94, 276.00
442.28, 266.00
442.62, 272.00
442.96, 256.00
443.30, 264.00
443.64, 249.00
443.98, 247.00
444.32, 257.00
444.66, 246.00
445.00, 249.00
445.34, 254.00
445.68, 261.00
446.02, 271.00
446.36, 259.00
446.70, 259.00
447.04, 252.00
447.38, 279.00
447.72, 271.00
448.06, 277.00
448.40, 272.00
448.74, 253.00
449.08, 268.00
449.42, 259.00
449.76, 256.00
450.10, 255.00
450.44, 247.00
450.78, 262.00
451.12, 268.00
451.46, 257.00
451.80, 248.00
452.14, 238.00
452.48, 239.00
452.82, 241.00
453.16, 235.00
453.50, 248.00
453.84, 238.00
454.18, 282.00
454.52, 261.00
454.86, 263.00
455.19, 275.00
455.53, 264.00
455.87, 266.00
456.21, 273.00
456.55, 268.00
456.89, 271.00
457.23, 284.00
457.57, 277.00
457.91, 295.00
458.25, 292.00
458.59, 323.00
458.92, 346.00
459.26, 336.00
459.60, 342.00
459.94, 304.00
460.28, 271.00
460.62, 265.00
460.96, 241.00
461.30, 237.00
461.63, 238.00
461.97, 242.00
462.31, 247.00
462.65, 267.00
462.99, 272.00
463.33, 264.00
463.67, 286.00
464.00, 293.00
464.34, 300.00
464.68, 310.00
465.02, 309.00
465.36, 303.00
465.70, 285.00
466.03, 279.00
466.37, 261.00
466.71, 275.00
467.05, 291.00
467.39, 312.00
467.72, 339.00
468.06, 364.00
468.40, 382.00
468.74, 378.00
469.08, 394.00
469.41, 421.00
469.75, 460.00
470.09, 507.00
470.43, 498.00
470.76, 421.00
471.10, 384.00
471.44, 372.00
471.78, 347.00
472.11, 334.00
472.45, 320.00
472.79, 306.00
473.13, 306.00
473.46, 306.00
473.80, 292.00
474.14, 289.00
474.48, 288.00
474.81, 281.00
475.15, 275.00
475.49, 287.00
475.82, 285.00
476.16, 278.00
476.50, 272.00
476.84, 267.00
477.17, 265.00
477.51, 266.00
477.85, 267.00
478.18, 285.00
478.52, 273.00
478.86, 318.00
479.19, 287.00
479.53, 276.00
479.87, 313.00
480.20, 281.00
480.54, 284.00
480.88, 275.00
481.21, 281.00
481.55, 278.00
481.89, 278.00
482.22, 278.00
482.56, 298.00
482.90, 294.00
483.23, 291.00
483.57, 298.00
483.90, 294.00
484.24, 302.00
484.58, 308.00
484.91, 319.00
485.25, 323.00
485.58, 326.00
485.92, 336.00
486.26, 343.00
486.59, 339.00
486.93, 336.00
487.26, 359.00
487.60, 353.00
487.94, 337.00
488.27, 347.00
488.61, 329.00
488.94, 335.00
489.28, 327.00
489.61, 318.00
489.95, 330.00
490.29, 337.00
490.62, 337.00
490.96, 336.00
491.29, 338.00
491.63, 328.00
491.96, 319.00
492.30, 329.00
492.63, 320.00
492.97, 323.00
493.30, 318.00
493.64, 309.00
493.97, 315.00
494.31, 327.00
494.64, 332.00
494.98, 341.00
495.31, 337.00
495.65, 311.00
495.98, 316.00
496.32, 306.00
496.65, 337.00
496.99, 310.00
497.32, 296.00
497.66, 286.00
497.99, 289.00
498.33, 285.00
498.66, 285.00
499.00, 292.00
499.33, 295.00
499.67, 285.00
500.00, 287.00
500.34, 305.00
500.67, 314.00
501.00, 306.00
501.34, 300.00
501.67, 296.00
502.01, 298.00
502.34, 289.00
502.68, 304.00
503.01, 308.00
503.34, 308.00
503.68, 309.00
504.01, 314.00
504.35, 311.00
504.68, 326.00
505.01, 323.00
505.35, 318.00
505.68, 324.00
506.02, 327.00
506.35, 340.00
506.68, 346.00
507.02, 336.00
507.35, 321.00
507.68, 305.00
508.02, 322.00
508.35, 321.00
508.69, 313.00
509.02, 312.00
509.35, 304.00
509.69, 295.00
510.02, 305.00
510.35, 300.00
510.69, 295.00
511.02, 300.00
511.35, 298.00
511.69, 289.00
512.02, 297.00
512.35, 303.00
512.68, 294.00
513.02, 316.00
513.35, 300.00
513.68, 289.00
514.02, 301.00
514.35, 292.00
514.68, 285.00
515.01, 281.00
515.35, 286.00
515.68, 274.00
516.01, 270.00
516.35, 268.00
516.68, 265.00
517.01, 267.00
517.34, 270.00
517.68, 269.00
518.01, 284.00
518.34, 263.00
518.67, 268.00
519.01, 279.00
519.34, 279.00
519.67, 285.00
520.00, 287.00
520.33, 284.00
520.67, 283.00
521.00, 284.00
521.33, 294.00
521.66, 308.00
522.00, 302.00
522.33, 298.00
522.66, 295.00
522.99, 274.00
523.32, 283.00
523.65, 283.00
523.99, 282.00
524.32, 282.00
524.65, 281.00
524.98, 280.00
525.31, 288.00
525.65, 308.00
525.98, 280.00
526.31, 275.00
526.64, 284.00
526.97, 279.00
527.30, 265.00
527.63, 263.00
527.97, 270.00
528.30, 260.00
528.63, 265.00
528.96, 291.00
529.29, 258.00
529.62, 270.00
529.95, 265.00
530.28, 254.00
530.61, 255.00
530.95, 255.00
531.28, 257.00
531.61, 268.00
531.94, 270.00
532.27, 285.00
532.60, 278.00
532.93, 279.00
533.26, 277.00
533.59, 266.00
533.92, 269.00
534.25, 263.00
534.58, 292.00
534.91, 263.00
535.25, 261.00
535.58, 259.00
535.91, 263.00
536.24, 268.00
536.57, 273.00
536.90, 265.00
537.23, 271.00
537.56, 310.00
537.89, 272.00
538.22, 271.00
538.55, 283.00
538.88, 291.00
539.21, 393.00
539.54, 298.00
539.87, 306.00
540.20, 314.00
540.53, 343.00
540.86, 410.00
541.19, 396.00
541.52, 413.00
541.85, 440.00
542.18, 457.00
542.51, 464.00
542.84, 473.00
543.17, 481.00
543.50, 468.00
543.82, 475.00
544.15, 453.00
544.48, 462.00
544.81, 487.00
545.14, 513.00
545.47, 480.00
545.80, 472.00
546.13, 409.00
546.46, 417.00
546.79, 393.00
547.12, 356.00
547.45, 346.00
547.78, 333.00
548.10, 322.00
548.43, 322.00
548.76, 319.00
549.09, 316.00
549.42, 311.00
549.75, 302.00
550.08, 308.00
550.41, 304.00
550.74, 312.00
551.06, 294.00
551.39, 304.00
551.72, 289.00
552.05, 291.00
552.38, 283.00
552.71, 276.00
553.03, 276.00
553.36, 277.00
553.69, 276.00
554.02, 273.00
554.35, 265.00
554.68, 269.00
555.00, 270.00
555.33, 274.00
555.66, 269.00
555.99, 289.00
556.32, 283.00
556.64, 284.00
556.97, 292.00
557.30, 298.00
557.63, 293.00
557.96, 296.00
558.28, 304.00
558.61, 298.00
558.94, 300.00
559.27, 296.00
559.59, 287.00
559.92, 278.00
560.25, 286.00
560.58, 275.00
560.90, 286.00
561.23, 281.00
561.56, 278.00
561.89, 274.00
562.21, 272.00
562.54, 262.00
562.87, 260.00
563.20, 259.00
563.52, 251.00
563.85, 249.00
564.18, 265.00
564.50, 248.00
564.83, 274.00
565.16, 283.00
565.48, 243.00
565.81, 240.00
566.14, 233.00
566.47, 235.00
566.79, 234.00
567.12, 232.00
567.45, 261.00
567.77, 240.00
568.10, 241.00
568.43, 232.00
568.75, 232.00
569.08, 244.00
569.40, 269.00
569.73, 235.00
570.06, 230.00
570.38, 226.00
570.71, 237.00
571.04, 242.00
571.36, 244.00
571.69, 247.00
572.01, 252.00
572.34, 248.00
572.67, 248.00
572.99, 241.00
573.32, 250.00
573.64, 242.00
573.97, 239.00
574.30, 242.00
574.62, 236.00
574.95, 239.00
575.27, 242.00
575.60, 233.00
575.92, 241.00
576.25, 246.00
576.58, 246.00
576.90, 249.00
577.23, 275.00
577.55, 244.00
577.88, 254.00
578.20, 252.00
578.53, 254.00
578.85, 276.00
579.18, 269.00
579.50, 258.00
579.83, 259.00
580.15, 254.00
580.48, 256.00
580.80, 259.00
581.13, 259.00
581.45, 258.00
581.78, 260.00
582.10, 261.00
582.43, 267.00
582.75, 274.00
583.08, 266.00
583.40, 265.00
583.73, 327.00
584.05, 276.00
584.38, 268.00
584.70, 320.00
585.03, 272.00
585.35, 280.00
585.67, 305.00
586.00, 380.00
586.32, 505.00
586.65, 550.00
586.97, 543.00
587.30, 459.00
587.62, 397.00
587.94, 379.00
588.27, 340.00
588.59, 316.00
588.92, 302.00
589.24, 285.00
589.56, 287.00
589.89, 282.00
590.21, 270.00
590.54, 268.00
590.86, 266.00
591.18, 262.00
591.51, 270.00
591.83, 284.00
592.15, 274.00
592.48, 284.00
592.80, 278.00
593.13, 275.00
593.45, 277.00
593.77, 289.00
594.10, 286.00
594.42, 284.00
594.74, 276.00
595.07, 294.00
595.39, 289.00
595.71, 294.00
596.03, 305.00
596.36, 314.00
596.68, 309.00
597.00, 312.00
597.33, 329.00
597.65, 327.00
597.97, 318.00
598.30, 320.00
598.62, 320.00
598.94, 316.00
599.26, 316.00
599.59, 308.00
599.91, 315.00
600.23, 299.00
600.55, 293.00
600.88, 289.00
601.20, 281.00
601.52, 274.00
601.84, 260.00
602.17, 257.00
602.49, 249.00
602.81, 245.00
603.13, 251.00
603.45, 245.00
603.78, 241.00
604.10, 234.00
604.42, 236.00
604.74, 239.00
605.07, 233.00
605.39, 237.00
605.71, 238.00
606.03, 239.00
606.35, 236.00
606.67, 238.00
607.00, 239.00
607.32, 234.00
607.64, 233.00
607.96, 232.00
608.28, 239.00
608.60, 249.00
608.93, 255.00
609.25, 290.00
609.57, 335.00
609.89, 382.00
610.21, 437.00
610.53, 465.00
610.85, 455.00
611.17, 432.00
611.50, 408.00
611.82, 392.00
612.14, 367.00
612.46, 353.00
612.78, 335.00
613.10, 321.00
613.42, 310.00
613.74, 313.00
614.06, 345.00
614.38, 316.00
614.70, 320.00
615.03, 330.00
615.35, 312.00
615.67, 370.00
615.99, 269.00
616.31, 260.00
616.63, 256.00
616.95, 245.00
617.27, 238.00
617.59, 229.00
617.91, 231.00
618.23, 236.00
618.55, 223.00
618.87, 222.00
619.19, 234.00
619.51, 226.00
619.83, 234.00
620.15, 235.00
620.47, 232.00
620.79, 235.00
621.11, 241.00
621.43, 237.00
621.75, 240.00
622.07, 239.00
622.39, 232.00
622.71, 240.00
623.03, 229.00
623.35, 259.00
623.67, 228.00
623.99, 228.00
624.31, 228.00
624.63, 229.00
624.95, 226.00
625.26, 224.00
625.58, 231.00
625.90, 248.00
626.22, 229.00
626.54, 225.00
626.86, 231.00
627.18, 229.00
627.50, 219.00
627.82, 226.00
628.14, 226.00
628.46, 239.00
628.77, 233.00
629.09, 243.00
629.41, 243.00
629.73, 246.00
630.05, 268.00
630.37, 255.00
630.69, 270.00
631.00, 272.00
631.32, 267.00
631.64, 253.00
631.96, 251.00
632.28, 256.00
632.60, 252.00
632.92, 254.00
633.23, 249.00
633.55, 262.00
633.87, 258.00
634.19, 261.00
634.51, 273.00
634.82, 281.00
635.14, 288.00
635.46, 289.00
635.78, 288.00
636.10, 282.00
636.41, 280.00
636.73, 281.00
637.05, 281.00
637.37, 276.00
637.68, 277.00
638.00, 274.00
638.32, 308.00
638.64, 351.00
638.95, 385.00
639.27, 391.00
639.59, 351.00
639.91, 328.00
640.22, 309.00
640.54, 299.00
640.86, 278.00
641.18, 294.00
641.49, 303.00
641.81, 276.00
642.13, 285.00
642.44, 261.00
642.76, 265.00
643.08, 253.00
643.40, 253.00
643.71, 261.00
644.03, 265.00
644.35, 268.00
644.66, 265.00
644.98, 262.00
645.30, 259.00
645.61, 262.00
645.93, 244.00
646.25, 238.00
646.56, 237.00
646.88, 259.00
647.19, 218.00
647.51, 222.00
647.83, 219.00
648.14, 218.00
648.46, 216.00
648.78, 230.00
649.09, 234.00
649.41, 274.00
649.72, 242.00
650.04, 249.00
650.36, 245.00
650.67, 249.00
650.99, 243.00
651.30, 254.00
651.62, 251.00
651.93, 249.00
652.25, 265.00
652.57, 290.00
652.88, 245.00
653.20, 251.00
653.51, 246.00
653.83, 238.00
654.14, 225.00
654.46, 232.00
654.77, 233.00
655.09, 241.00
655.40, 245.00
655.72, 237.00
656.04, 228.00
656.35, 232.00
656.67, 220.00
656.98, 227.00
657.30, 231.00
657.61, 233.00
657.93, 244.00
658.24, 247.00
658.55, 286.00
658.87, 255.00
659.18, 250.00
659.50, 251.00
659.81, 252.00
660.13, 245.00
660.44, 246.00
660.76, 242.00
661.07, 259.00
661.39, 243.00
661.70, 230.00
662.01, 229.00
662.33, 223.00
662.64, 222.00
662.96, 214.00
663.27, 211.00
663.59, 201.00
663.90, 208.00
664.21, 208.00
664.53, 222.00
664.84, 203.00
665.16, 235.00
665.47, 213.00
665.78, 207.00
666.10, 239.00
666.41, 260.00
666.72, 265.00
667.04, 284.00
667.35, 268.00
667.67, 251.00
667.98, 242.00
668.29, 241.00
668.61, 240.00
668.92, 228.00
669.23, 218.00
669.55, 230.00
669.86, 240.00
670.17, 218.00
670.48, 211.00
670.80, 203.00
671.11, 212.00
671.42, 201.00
671.74, 206.00
672.05, 200.00
672.36, 210.00
672.68, 203.00
672.99, 212.00
673.30, 217.00
673.61, 221.00
673.93, 220.00
674.24, 226.00
674.55, 228.00
674.86, 229.00
675.18, 230.00
675.49, 236.00
675.80, 227.00
676.11, 238.00
676.43, 242.00
676.74, 232.00
677.05, 236.00
677.36, 257.00
677.67, 237.00
677.99, 228.00
678.30, 231.00
678.61, 229.00
678.92, 226.00
679.23, 222.00
679.55, 221.00
679.86, 218.00
680.17, 211.00
680.48, 216.00
680.79, 211.00
681.10, 200.00
681.42, 208.00
681.73, 201.00
682.04, 196.00
682.35, 197.00
682.66, 202.00
682.97, 201.00
683.28, 200.00
683.60, 199.00
683.91, 202.00
684.22, 211.00
684.53, 207.00
684.84, 188.00
685.15, 201.00
685.46, 213.00
685.77, 190.00
686.08, 196.00
686.40, 222.00
686.71, 198.00
687.02, 190.00
687.33, 188.00
687.64, 183.00
687.95, 181.00
688.26, 181.00
688.57, 182.00
688.88, 190.00
689.19, 180.00
689.50, 177.00
689.81, 188.00
690.12, 178.00
690.43, 195.00
690.74, 178.00
691.05, 180.00
691.36, 188.00
691.67, 172.00
691.98, 178.00
692.29, 179.00
692.60, 185.00
692.91, 183.00
693.22, 180.00
693.53, 177.00
693.84, 178.00
694.15, 174.00
694.46, 178.00
694.77, 180.00
695.08, 181.00
695.39, 174.00
695.70, 169.00
696.01, 180.00
696.32, 177.00
696.63, 178.00
696.94, 178.00
697.25, 170.00
697.56, 180.00
697.87, 176.00
698.17, 217.00
698.48, 180.00
698.79, 181.00
699.10, 182.00
699.41, 186.00
699.72, 183.00
700.03, 184.00
700.34, 179.00
700.65, 178.00
700.95, 181.00
701.26, 178.00
701.57, 181.00
701.88, 182.00
702.19, 191.00
702.50, 187.00
702.81, 182.00
703.11, 207.00
703.42, 185.00
703.73, 187.00
704.04, 195.00
704.35, 198.00
704.66, 242.00
704.96, 445.00
705.27, 622.00
705.58, 728.00
705.89, 677.00
706.20, 523.00
706.50, 441.00
706.81, 384.00
707.12, 329.00
707.43, 283.00
707.73, 247.00
708.04, 212.00
708.35, 202.00
708.66, 193.00
708.97, 185.00
709.27, 186.00
709.58, 184.00
709.89, 189.00
710.19, 179.00
710.50, 190.00
710.81, 187.00
711.12, 190.00
711.42, 187.00
711.73, 190.00
712.04, 185.00
712.35, 186.00
712.65, 185.00
712.96, 183.00
713.27, 184.00
713.57, 199.00
713.88, 200.00
714.19, 176.00
714.49, 174.00
714.80, 176.00
715.11, 178.00
715.41, 179.00
715.72, 174.00
716.03, 173.00
716.33, 181.00
716.64, 174.00
716.94, 178.00
717.25, 175.00
717.56, 181.00
717.86, 179.00
718.17, 170.00
718.48, 176.00
718.78, 171.00
719.09, 173.00
719.39, 177.00
719.70, 166.00
720.01, 176.00
720.31, 172.00
720.62, 169.00
720.92, 174.00
721.23, 177.00
721.53, 184.00
721.84, 177.00
722.15, 185.00
722.45, 180.00
722.76, 175.00
723.06, 177.00
723.37, 183.00
723.67, 173.00
723.98, 182.00
724.28, 176.00
724.59, 182.00
724.89, 178.00
725.20, 186.00
725.50, 187.00
725.81, 183.00
726.11, 187.00
726.42, 182.00
726.72, 191.00
727.03, 228.00
727.33, 198.00
727.64, 194.00
727.94, 186.00
728.25, 180.00
728.55, 181.00
728.86, 198.00
729.16, 172.00
729.46, 170.00
729.77, 172.00
730.07, 168.00
730.38, 178.00
730.68, 173.00
730.99, 186.00
731.29, 170.00
731.59, 173.00
731.90, 168.00
732.20, 172.00
732.51, 177.00
732.81, 176.00
733.11, 175.00
733.42, 174.00
733.72, 178.00
734.02, 180.00
734.33, 178.00
734.63, 182.00
734.94, 174.00
735.24, 178.00
735.54, 167.00
735.85, 178.00
736.15, 175.00
736.45, 173.00
736.76, 174.00
737.06, 177.00
737.36, 173.00
737.67, 171.00
737.97, 176.00
738.27, 172.00
738.57, 168.00
738.88, 172.00
739.18, 211.00
739.48, 175.00
739.79, 172.00
740.09, 174.00
740.39, 170.00
740.69, 180.00
741.00, 168.00
741.30, 176.00
741.60, 174.00
741.90, 171.00
742.21, 173.00
742.51, 214.00
742.81, 178.00
743.11, 177.00
743.42, 204.00
743.72, 182.00
744.02, 186.00
744.32, 188.00
744.63, 190.00
744.93, 195.00
745.23, 196.00
745.53, 196.00
745.83, 194.00
746.13, 195.00
746.44, 193.00
746.74, 193.00
747.04, 193.00
747.34, 192.00
747.64, 196.00
747.94, 194.00
748.25, 198.00
748.55, 201.00
748.85, 200.00
749.15, 203.00
749.45, 227.00
749.75, 205.00
750.05, 187.00
750.35, 185.00
750.66, 194.00
750.96, 179.00
751.26, 173.00
751.56, 178.00
751.86, 180.00
752.16, 167.00
752.46, 170.00
752.76, 173.00
753.06, 169.00
753.36, 215.00
753.66, 167.00
753.96, 174.00
754.27, 174.00
754.57, 177.00
754.87, 175.00
755.17, 167.00
755.47, 170.00
755.77, 178.00
756.07, 171.00
756.37, 178.00
756.67, 183.00
756.97, 179.00
757.27, 187.00
757.57, 171.00
757.87, 180.00
758.17, 180.00
758.47, 189.00
758.77, 183.00
759.07, 182.00
759.37, 180.00
759.67, 183.00
759.97, 189.00
760.27, 181.00
760.57, 183.00
760.86, 179.00
761.16, 187.00
761.46, 185.00
761.76, 207.00
762.06, 179.00
762.36, 186.00
762.66, 176.00
762.96, 179.00
763.26, 179.00
763.56, 199.00
763.86, 178.00
764.16, 168.00
764.45, 180.00
764.75, 171.00
765.05, 167.00
765.35, 169.00
765.65, 167.00
765.95, 165.00
766.25, 172.00
766.55, 174.00
766.84, 172.00
767.14, 171.00
767.44, 175.00
767.74, 176.00
768.04, 170.00
768.34, 170.00
768.63, 181.00
768.93, 174.00
769.23, 184.00
769.53, 177.00
769.83, 176.00
770.12, 188.00
770.42, 176.00
770.72, 184.00
771.02, 181.00
771.32, 185.00
771.61, 179.00
771.91, 186.00
772.21, 184.00
772.51, 184.00
772.80, 183.00
773.10, 180.00
773.40, 194.00
773.70, 185.00
773.99, 190.00
774.29, 200.00
774.59, 198.00
774.88, 187.00
775.18, 226.00
775.48, 509.00
775.78, 1251.00
776.07, 1895.00
776.37, 2087.00
776.67, 1785.00
776.96, 1155.00
777.26, 841.00
777.56, 622.00
777.85, 546.00
778.15, 466.00
778.45, 407.00
778.74, 335.00
779.04, 288.00
779.34, 226.00
779.63, 204.00
779.93, 180.00
780.22, 174.00
780.52, 170.00
780.82, 175.00
781.11, 167.00
781.41, 165.00
781.71, 168.00
782.00, 165.00
782.30, 166.00
782.59, 168.00
782.89, 161.00
783.19, 165.00
783.48, 161.00
783.78, 162.00
784.07, 167.00
784.37, 159.00
784.66, 163.00
784.96, 158.00
785.25, 159.00
785.55, 160.00
785.84, 163.00
786.14, 159.00
786.44, 159.00
786.73, 163.00
787.03, 158.00
787.32, 166.00
787.62, 159.00
787.91, 156.00
788.21, 166.00
788.50, 158.00
788.80, 160.00
789.09, 163.00
789.39, 163.00
789.68, 161.00
789.97, 167.00
790.27, 158.00
790.56, 162.00
790.86, 172.00
791.15, 155.00
791.45, 160.00
791.74, 180.00
792.04, 164.00
792.33, 158.00
792.62, 183.00
792.92, 160.00
793.21, 158.00
793.51, 166.00
793.80, 156.00
794.09, 153.00
794.39, 158.00
794.68, 157.00
794.98, 158.00
795.27, 160.00
795.56, 162.00
795.86, 161.00
796.15, 156.00
796.44, 163.00
796.74, 158.00
797.03, 157.00
797.32, 162.00
797.62, 158.00
797.91, 171.00
798.20, 152.00
798.50, 164.00
798.79, 159.00
799.08, 159.00
799.38, 157.00
799.67, 163.00
799.96, 169.00
800.26, 179.00
800.55, 160.00
800.84, 163.00
801.13, 156.00
801.43, 155.00
801.72, 188.00
802.01, 162.00
802.30, 164.00
802.60, 155.00
802.89, 166.00
803.18, 161.00
803.47, 159.00
803.77, 162.00
804.06, 160.00
804.35, 163.00
804.64, 173.00
804.94, 163.00
805.23, 163.00
805.52, 158.00
805.81, 157.00
806.10, 164.00
806.39, 161.00
806.69, 155.00
806.98, 159.00
807.27, 156.00
807.56, 158.00
807.85, 159.00
808.14, 158.00
808.44, 165.00
808.73, 155.00
809.02, 167.00
809.31, 163.00
809.60, 162.00
809.89, 167.00
810.18, 158.00
810.48, 168.00
810.77, 159.00
811.06, 167.00
811.35, 161.00
811.64, 164.00
811.93, 172.00
812.22, 158.00
812.51, 154.00
812.80, 157.00
813.09, 163.00
813.38, 157.00
813.67, 175.00
813.96, 158.00
814.26, 160.00
814.55, 158.00
814.84, 152.00
815.13, 159.00
815.42, 154.00
815.71, 161.00
816.00, 159.00
816.29, 161.00
816.58, 161.00
816.87, 152.00
817.16, 155.00
817.45, 161.00
817.74, 156.00
818.03, 159.00
818.32, 158.00
818.61, 156.00
818.90, 153.00
819.19, 154.00
819.48, 155.00
819.76, 151.00
820.05, 154.00
820.34, 155.00
820.63, 156.00
820.92, 154.00
821.21, 156.00
821.50, 148.00
821.79, 154.00
822.08, 156.00
822.37, 159.00
822.66, 158.00
822.95, 159.00
823.23, 155.00
823.52, 176.00
823.81, 158.00
824.10, 155.00
824.39, 155.00
824.68, 155.00
824.97, 175.00
825.26, 155.00
825.54, 199.00
825.83, 156.00
826.12, 155.00
826.41, 156.00
826.70, 157.00
826.99, 160.00
827.27, 156.00
827.56, 167.00
827.85, 157.00
828.14, 152.00
828.43, 160.00
828.71, 158.00
829.00, 150.00
829.29, 151.00
829.58, 160.00
829.86, 152.00
830.15, 154.00
830.44, 155.00
830.73, 163.00
831.01, 154.00
831.30, 153.00
831.59, 154.00
831.88, 149.00
832.16, 153.00
832.45, 160.00
832.74, 152.00
833.03, 159.00
833.31, 160.00
833.60, 151.00
833.89, 152.00
834.17, 157.00
834.46, 153.00
834.75, 154.00
835.03, 151.00
835.32, 155.00
835.61, 154.00
835.89, 160.00
836.18, 149.00
836.47, 153.00
836.75, 151.00
837.04, 160.00
837.33, 152.00
837.61, 150.00
837.90, 149.00
838.19, 154.00
838.47, 154.00
838.76, 151.00
839.04, 154.00
839.33, 152.00
839.62, 156.00
839.90, 152.00
840.19, 152.00
840.47, 157.00
840.76, 182.00
841.04, 151.00
841.33, 156.00
841.62, 152.00
841.90, 155.00
842.19, 155.00
842.47, 296.00
842.76, 153.00
843.04, 160.00
843.33, 189.00
843.61, 187.00
843.90, 191.00
844.18, 192.00
844.47, 184.00
844.75, 184.00
845.04, 170.00
845.32, 176.00
845.61, 171.00
845.89, 167.00
846.18, 165.00
846.46, 167.00
846.75, 165.00
847.03, 172.00
847.32, 158.00
847.60, 170.00
847.88, 155.00
848.17, 162.00
848.45, 165.00
848.74, 154.00
849.02, 152.00
849.31, 154.00
849.59, 150.00
849.87, 153.00
850.16, 151.00
850.44, 159.00
850.73, 186.00
851.01, 162.00
851.29, 157.00
851.58, 160.00
851.86, 158.00
852.14, 156.00
852.43, 158.00
852.71, 150.00
853.00, 156.00
853.28, 161.00
853.56, 157.00
853.85, 155.00
854.13, 150.00
854.41, 154.00
854.69, 153.00
854.98, 154.00
855.26, 197.00
855.54, 150.00
855.83, 159.00
856.11, 157.00
856.39, 155.00
856.68, 156.00
856.96, 152.00
857.24, 154.00
857.52, 158.00
857.81, 154.00
858.09, 150.00
858.37, 153.00
858.65, 153.00
858.94, 152.00
859.22, 152.00
