190.05, 0.00
190.41, 144.00
190.77, 140.00
191.14, 147.00
191.50, 147.00
191.86, 163.00
192.22, 156.00
192.58, 157.00
192.94, 155.00
193.31, 156.00
193.67, 154.00
194.03, 163.00
194.39, 160.00
194.75, 150.00
195.11, 163.00
195.47, 170.00
195.84, 153.00
196.20, 149.00
196.56, 168.00
196.92, 157.00
197.28, 159.00
197.64, 158.00
198.00, 156.00
198.37, 156.00
198.73, 153.00
199.09, 154.00
199.45, 156.00
199.81, 157.00
200.17, 156.00
200.53, 152.00
200.89, 162.00
201.25, 189.00
201.62, 152.00
201.98, 143.00
202.34, 152.00
202.70, 156.00
203.06, 154.00
203.42, 152.00
203.78, 145.00
204.14, 154.00
204.50, 172.00
204.86, 167.00
205.22, 166.00
205.58, 160.00
205.95, 154.00
206.31, 157.00
206.67, 157.00
207.03, 155.00
207.39, 161.00
207.75, 157.00
208.11, 151.00
208.47, 158.00
208.83, 162.00
209.19, 155.00
209.55, 153.00
209.91, 157.00
210.27, 155.00
210.63, 152.00
210.99, 159.00
211.35, 150.00
211.71, 158.00
212.07, 158.00
212.43, 156.00
212.79, 156.00
213.15, 157.00
213.51, 154.00
213.87, 154.00
214.23, 162.00
214.59, 155.00
214.95, 156.00
215.31, 153.00
215.67, 164.00
216.03, 179.00
216.39, 154.00
216.75, 152.00
217.11, 158.00
217.47, 151.00
217.83, 154.00
218.19, 156.00
218.55, 160.00
218.91, 156.00
219.27, 157.00
219.63, 154.00
219.99, 154.00
220.35, 156.00
220.71, 156.00
221.07, 156.00
221.43, 154.00
221.79, 156.00
222.15, 159.00
222.51, 152.00
222.87, 152.00
223.23, 153.00
223.59, 150.00
223.95, 152.00
224.31, 154.00
224.67, 153.00
225.03, 158.00
225.39, 160.00
225.74, 158.00
226.10, 150.00
226.46, 152.00
226.82, 161.00
227.18, 157.00
227.54, 152.00
227.90, 154.00
228.26, 159.00
228.62, 161.00
228.98, 148.00
229.34, 149.00
229.69, 152.00
230.05, 158.00
230.41, 150.00
230.77, 158.00
231.13, 160.00
231.49, 158.00
231.85, 155.00
232.21, 154.00
232.57, 157.00
232.92, 153.00
233.28, 154.00
233.64, 160.00
234.00, 156.00
234.36, 152.00
234.72, 155.00
235.08, 158.00
235.44, 154.00
235.79, 152.00
236.15, 157.00
236.51, 148.00
236.87, 157.00
237.23, 155.00
237.59, 152.00
237.94, 160.00
238.30, 154.00
238.66, 156.00
239.02, 151.00
239.38, 148.00
239.74, 148.00
240.09, 160.00
240.45, 152.00
240.81, 150.00
241.17, 158.00
241.53, 153.00
241.89, 151.00
242.24, 156.00
242.60, 151.00
242.96, 155.00
243.32, 156.00
243.68, 150.00
244.03, 153.00
244.39, 151.00
244.75, 171.00
245.11, 153.00
245.46, 154.00
245.82, 177.00
246.18, 154.00
246.54, 160.00
246.90, 151.00
247.25, 151.00
247.61, 145.00
247.97, 186.00
248.33, 150.00
248.68, 149.00
249.04, 149.00
249.40, 149.00
249.76, 155.00
250.11, 148.00
250.47, 153.00
250.83, 154.00
251.19, 156.00
251.54, 157.00
251.90, 155.00
252.26, 151.00
252.62, 149.00
252.97, 152.00
253.33, 149.00
253.69, 148.00
254.05, 155.00
254.40, 148.00
254.76, 149.00
255.12, 173.00
255.47, 153.00
255.83, 155.00
256.19, 157.00
256.54, 152.00
256.90, 153.00
257.26, 150.00
257.62, 153.00
257.97, 151.00
258.33, 156.00
258.69, 151.00
259.04, 153.00
259.40, 155.00
259.76, 156.00
260.11, 153.00
260.47, 148.00
260.83, 153.00
261.18, 149.00
261.54, 154.00
261.90, 155.00
262.25, 154.00
262.61, 149.00
262.97, 153.00
263.32, 151.00
263.68, 152.00
264.04, 165.00
264.39, 150.00
264.75, 152.00
265.10, 150.00
265.46, 186.00
265.82, 166.00
266.17, 148.00
266.53, 150.00
266.89, 150.00
267.24, 159.00
267.60, 154.00
267.95, 153.00
268.31, 147.00
268.67, 150.00
269.02, 149.00
269.38, 149.00
269.74, 159.00
270.09, 153.00
270.45, 155.00
270.80, 170.00
271.16, 152.00
271.51, 154.00
271.87, 155.00
272.23, 155.00
272.58, 153.00
272.94, 149.00
273.29, 148.00
273.65, 194.00
274.00, 148.00
274.36, 152.00
274.72, 149.00
275.07, 144.00
275.43, 152.00
275.78, 151.00
276.14, 156.00
276.49, 155.00
276.85, 163.00
277.20, 170.00
277.56, 151.00
277.92, 150.00
278.27, 151.00
278.63, 158.00
278.98, 153.00
279.34, 148.00
279.69, 149.00
280.05, 165.00
280.40, 157.00
280.76, 160.00
281.11, 151.00
281.47, 150.00
281.82, 150.00
282.18, 149.00
282.53, 153.00
282.89, 156.00
283.24, 158.00
283.60, 146.00
283.95, 154.00
284.31, 153.00
284.66, 152.00
285.02, 152.00
285.37, 154.00
285.73, 150.00
286.08, 157.00
286.44, 154.00
286.79, 156.00
287.14, 157.00
287.50, 159.00
287.85, 153.00
288.21, 153.00
288.56, 149.00
288.92, 150.00
289.27, 150.00
289.63, 151.00
289.98, 164.00
290.34, 152.00
290.69, 153.00
291.04, 150.00
291.40, 149.00
291.75, 151.00
292.11, 156.00
292.46, 148.00
292.81, 160.00
293.17, 154.00
293.52, 155.00
293.88, 152.00
294.23, 149.00
294.59, 153.00
294.94, 153.00
295.29, 155.00
295.65, 153.00
296.00, 168.00
296.36, 152.00
296.71, 150.00
297.06, 147.00
297.42, 151.00
297.77, 154.00
298.12, 157.00
298.48, 156.00
298.83, 156.00
299.19, 155.00
299.54, 153.00
299.89, 148.00
300.25, 153.00
300.60, 155.00
300.95, 158.00
301.31, 153.00
301.66, 149.00
302.01, 150.00
302.37, 148.00
302.72, 147.00
303.07, 151.00
303.43, 152.00
303.78, 149.00
304.13, 151.00
304.49, 155.00
304.84, 159.00
305.19, 182.00
305.55, 158.00
305.90, 154.00
306.25, 154.00
306.61, 155.00
306.96, 154.00
307.31, 148.00
307.66, 149.00
308.02, 154.00
308.37, 159.00
308.72, 157.00
309.08, 152.00
309.43, 154.00
309.78, 149.00
310.13, 154.00
310.49, 161.00
310.84, 148.00
311.19, 156.00
311.54, 154.00
311.90, 150.00
312.25, 155.00
312.60, 151.00
312.95, 149.00
313.31, 153.00
313.66, 153.00
314.01, 168.00
314.36, 162.00
314.72, 153.00
315.07, 149.00
315.42, 149.00
315.77, 175.00
316.13, 151.00
316.48, 152.00
316.83, 152.00
317.18, 150.00
317.54, 147.00
317.89, 150.00
318.24, 153.00
318.59, 148.00
318.94, 149.00
319.30, 148.00
319.65, 161.00
320.00, 151.00
320.35, 148.00
320.70, 153.00
321.05, 147.00
321.41, 155.00
321.76, 155.00
322.11, 152.00
322.46, 150.00
322.81, 189.00
323.17, 156.00
323.52, 148.00
323.87, 151.00
324.22, 147.00
324.57, 150.00
324.92, 155.00
325.27, 147.00
325.63, 154.00
325.98, 150.00
326.33, 154.00
326.68, 146.00
327.03, 148.00
327.38, 153.00
327.73, 153.00
328.09, 155.00
328.44, 179.00
328.79, 153.00
329.14, 179.00
329.49, 159.00
329.84, 153.00
330.19, 157.00
330.54, 148.00
330.89, 157.00
331.25, 153.00
331.60, 158.00
331.95, 155.00
332.30, 149.00
332.65, 152.00
333.00, 149.00
333.35, 190.00
333.70, 193.00
334.05, 153.00
334.40, 155.00
334.75, 148.00
335.10, 155.00
335.45, 153.00
335.81, 143.00
336.16, 151.00
336.51, 147.00
336.86, 148.00
337.21, 153.00
337.56, 157.00
337.91, 154.00
338.26, 150.00
338.61, 152.00
338.96, 151.00
339.31, 154.00
339.66, 153.00
340.01, 154.00
340.36, 153.00
340.71, 148.00
341.06, 151.00
341.41, 157.00
341.76, 153.00
342.11, 155.00
342.46, 155.00
342.81, 158.00
343.16, 155.00
343.51, 146.00
343.86, 159.00
344.21, 153.00
344.56, 153.00
344.91, 148.00
345.26, 163.00
345.61, 151.00
345.96, 148.00
346.31, 148.00
346.66, 169.00
347.01, 149.00
347.36, 168.00
347.71, 150.00
348.06, 149.00
348.41, 159.00
348.76, 163.00
349.10, 151.00
349.45, 159.00
349.80, 154.00
350.15, 159.00
350.50, 156.00
350.85, 161.00
351.20, 151.00
351.55, 162.00
351.90, 150.00
352.25, 152.00
352.60, 152.00
352.95, 152.00
353.30, 170.00
353.64, 152.00
353.99, 151.00
354.34, 149.00
354.69, 151.00
355.04, 152.00
355.39, 148.00
355.74, 152.00
356.09, 150.00
356.44, 152.00
356.78, 153.00
357.13, 152.00
357.48, 151.00
357.83, 148.00
358.18, 149.00
358.53, 159.00
358.88, 150.00
359.22, 167.00
359.57, 149.00
359.92, 152.00
360.27, 145.00
360.62, 149.00
360.97, 150.00
361.32, 148.00
361.66, 149.00
362.01, 152.00
362.36, 154.00
362.71, 148.00
363.06, 149.00
363.40, 153.00
363.75, 152.00
364.10, 153.00
364.45, 158.00
364.80, 154.00
365.14, 156.00
365.49, 160.00
365.84, 156.00
366.19, 157.00
366.54, 155.00
366.88, 172.00
367.23, 153.00
367.58, 195.00
367.93, 153.00
368.28, 149.00
368.62, 150.00
368.97, 156.00
369.32, 156.00
369.67, 146.00
370.01, 155.00
370.36, 152.00
370.71, 162.00
371.06, 151.00
371.40, 161.00
371.75, 156.00
372.10, 154.00
372.45, 144.00
372.79, 150.00
373.14, 145.00
373.49, 147.00
373.83, 153.00
374.18, 152.00
374.53, 151.00
374.88, 151.00
375.22, 151.00
375.57, 154.00
375.92, 156.00
376.26, 152.00
376.61, 151.00
376.96, 149.00
377.30, 154.00
377.65, 161.00
378.00, 152.00
378.35, 151.00
378.69, 160.00
379.04, 152.00
379.39, 152.00
379.73, 149.00
380.08, 154.00
380.43, 147.00
380.77, 150.00
381.12, 154.00
381.47, 158.00
381.81, 151.00
382.16, 151.00
382.50, 156.00
382.85, 214.00
383.20, 150.00
383.54, 152.00
383.89, 146.00
384.24, 145.00
384.58, 153.00
384.93, 160.00
385.27, 154.00
385.62, 153.00
385.97, 151.00
386.31, 152.00
386.66, 183.00
387.00, 154.00
387.35, 155.00
387.70, 148.00
388.04, 202.00
388.39, 154.00
388.73, 149.00
389.08, 153.00
389.43, 150.00
389.77, 150.00
390.12, 152.00
390.46, 151.00
390.81, 152.00
391.15, 151.00
391.50, 152.00
391.85, 157.00
392.19, 152.00
392.54, 147.00
392.88, 151.00
393.23, 154.00
393.57, 156.00
393.92, 152.00
394.26, 153.00
394.61, 147.00
394.95, 150.00
395.30, 153.00
395.64, 148.00
395.99, 185.00
396.33, 158.00
396.68, 150.00
397.02, 145.00
397.37, 150.00
397.71, 152.00
398.06, 151.00
398.40, 149.00
398.75, 149.00
399.09, 151.00
399.44, 152.00
399.78, 149.00
400.13, 155.00
400.47, 149.00
400.82, 154.00
401.16, 154.00
401.51, 158.00
401.85, 156.00
402.20, 157.00
402.54, 156.00
402.88, 157.00
403.23, 153.00
403.57, 157.00
403.92, 167.00
404.26, 218.00
404.61, 173.00
404.95, 195.00
405.30, 158.00
405.64, 158.00
405.98, 180.00
406.33, 161.00
406.67, 151.00
407.02, 149.00
407.36, 153.00
407.70, 154.00
408.05, 151.00
408.39, 151.00
408.74, 151.00
409.08, 152.00
409.42, 152.00
409.77, 153.00
410.11, 162.00
410.46, 152.00
410.80, 152.00
411.14, 153.00
411.49, 149.00
411.83, 160.00
412.17, 157.00
412.52, 151.00
412.86, 151.00
413.20, 152.00
413.55, 149.00
413.89, 157.00
414.23, 155.00
414.58, 184.00
414.92, 150.00
415.26, 154.00
415.61, 154.00
415.95, 159.00
416.29, 154.00
416.64, 155.00
416.98, 151.00
417.32, 152.00
417.67, 167.00
418.01, 160.00
418.35, 153.00
418.70, 153.00
419.04, 169.00
419.38, 156.00
419.72, 149.00
420.07, 155.00
420.41, 150.00
420.75, 157.00
421.10, 148.00
421.44, 149.00
421.78, 153.00
422.12, 152.00
422.47, 149.00
422.81, 153.00
423.15, 154.00
423.49, 157.00
423.84, 158.00
424.18, 156.00
424.52, 152.00
424.86, 155.00
425.21, 153.00
425.55, 158.00
425.89, 154.00
426.23, 159.00
426.57, 154.00
426.92, 159.00
427.26, 151.00
427.60, 159.00
427.94, 157.00
428.28, 157.00
428.63, 150.00
428.97, 156.00
429.31, 157.00
429.65, 154.00
429.99, 157.00
430.34, 155.00
430.68, 153.00
431.02, 163.00
431.36, 158.00
431.70, 158.00
432.04, 158.00
432.39, 161.00
432.73, 159.00
433.07, 157.00
433.41, 159.00
433.75, 161.00
434.09, 155.00
434.43, 173.00
434.78, 215.00
435.12, 255.00
435.46, 279.00
435.80, 262.00
436.14, 230.00
436.48, 203.00
436.82, 190.00
437.16, 167.00
437.51, 163.00
437.85, 163.00
438.19, 182.00
438.53, 160.00
438.87, 171.00
439.21, 156.00
439.55, 155.00
439.89, 160.00
440.23, 155.00
440.57, 154.00
440.91, 152.00
441.26, 159.00
441.60, 158.00
441.94, 156.00
442.28, 165.00
442.62, 158.00
442.96, 153.00
443.30, 160.00
443.64, 160.00
443.98, 159.00
444.32, 163.00
444.66, 155.00
445.00, 159.00
445.34, 161.00
445.68, 157.00
446.02, 158.00
446.36, 157.00
446.70, 156.00
447.04, 162.00
447.38, 181.00
447.72, 154.00
448.06, 157.00
448.40, 160.00
448.74, 155.00
449.08, 158.00
449.42, 159.00
449.76, 158.00
450.10, 155.00
450.44, 157.00
450.78, 157.00
451.12, 156.00
451.46, 160.00
451.80, 159.00
452.14, 156.00
452.48, 156.00
452.82, 161.00
453.16, 160.00
453.50, 159.00
453.84, 153.00
454.18, 176.00
454.52, 161.00
454.86, 156.00
455.19, 166.00
455.53, 157.00
455.87, 157.00
456.21, 156.00
456.55, 156.00
456.89, 156.00
457.23, 154.00
457.57, 151.00
457.91, 158.00
458.25, 156.00
458.59, 158.00
458.92, 159.00
459.26, 157.00
459.60, 163.00
459.94, 154.00
460.28, 152.00
460.62, 152.00
460.96, 161.00
461.30, 150.00
461.63, 155.00
461.97, 157.00
462.31, 155.00
462.65, 155.00
462.99, 155.00
463.33, 163.00
463.67, 158.00
464.00, 159.00
464.34, 158.00
464.68, 159.00
465.02, 161.00
465.36, 159.00
465.70, 155.00
466.03, 162.00
466.37, 156.00
466.71, 155.00
467.05, 156.00
467.39, 155.00
467.72, 157.00
468.06, 155.00
468.40, 153.00
468.74, 158.00
469.08, 157.00
469.41, 155.00
469.75, 154.00
470.09, 156.00
470.43, 159.00
470.76, 158.00
471.10, 162.00
471.44, 151.00
471.78, 153.00
472.11, 154.00
472.45, 158.00
472.79, 155.00
473.13, 158.00
473.46, 158.00
473.80, 156.00
474.14, 157.00
474.48, 159.00
474.81, 151.00
475.15, 152.00
475.49, 159.00
475.82, 160.00
476.16, 154.00
476.50, 156.00
476.84, 159.00
477.17, 157.00
477.51, 153.00
477.85, 158.00
478.18, 172.00
478.52, 159.00
478.86, 197.00
479.19, 163.00
479.53, 157.00
479.87, 196.00
480.20, 162.00
480.54, 166.00
480.88, 159.00
481.21, 158.00
481.55, 158.00
481.89, 160.00
482.22, 164.00
482.56, 175.00
482.90, 170.00
483.23, 174.00
483.57, 173.00
483.90, 177.00
484.24, 178.00
484.58, 185.00
484.91, 194.00
485.25, 193.00
485.58, 193.00
485.92, 204.00
486.26, 204.00
486.59, 206.00
486.93, 208.00
487.26, 206.00
487.60, 202.00
487.94, 205.00
488.27, 205.00
488.61, 203.00
488.94, 205.00
489.28, 202.00
489.61, 204.00
489.95, 190.00
490.29, 193.00
490.62, 192.00
490.96, 191.00
491.29, 197.00
491.63, 186.00
491.96, 181.00
492.30, 191.00
492.63, 194.00
492.97, 184.00
493.30, 185.00
493.64, 181.00
493.97, 183.00
494.31, 182.00
494.64, 186.00
494.98, 184.00
495.31, 180.00
495.65, 175.00
495.98, 180.00
496.32, 175.00
496.65, 199.00
496.99, 182.00
497.32, 173.00
497.66, 173.00
497.99, 170.00
498.33, 170.00
498.66, 170.00
499.00, 171.00
499.33, 165.00
499.67, 164.00
500.00, 166.00
500.34, 159.00
500.67, 166.00
501.00, 159.00
501.34, 157.00
501.67, 146.00
502.01, 157.00
502.34, 157.00
502.68, 169.00
503.01, 162.00
503.34, 159.00
503.68, 154.00
504.01, 154.00
504.35, 157.00
504.68, 163.00
505.01, 153.00
505.35, 159.00
505.68, 154.00
506.02, 162.00
506.35, 155.00
506.68, 164.00
507.02, 157.00
507.35, 154.00
507.68, 159.00
508.02, 158.00
508.35, 159.00
508.69, 154.00
509.02, 152.00
509.35, 153.00
509.69, 157.00
510.02, 162.00
510.35, 154.00
510.69, 154.00
511.02, 153.00
511.35, 154.00
511.69, 160.00
512.02, 153.00
512.35, 157.00
512.68, 153.00
513.02, 156.00
513.35, 152.00
513.68, 154.00
514.02, 159.00
514.35, 152.00
514.68, 155.00
515.01, 155.00
515.35, 163.00
515.68, 154.00
516.01, 149.00
516.35, 153.00
516.68, 156.00
517.01, 154.00
517.34, 159.00
517.68, 152.00
518.01, 161.00
518.34, 151.00
518.67, 159.00
519.01, 154.00
519.34, 159.00
519.67, 165.00
520.00, 151.00
520.33, 154.00
520.67, 154.00
521.00, 152.00
521.33, 151.00
521.66, 159.00
522.00, 156.00
522.33, 153.00
522.66, 148.00
522.99, 152.00
523.32, 155.00
523.65, 158.00
523.99, 161.00
524.32, 163.00
524.65, 155.00
524.98, 150.00
525.31, 152.00
525.65, 180.00
525.98, 157.00
526.31, 155.00
526.64, 163.00
526.97, 159.00
527.30, 152.00
527.63, 152.00
527.97, 150.00
528.30, 154.00
528.63, 160.00
528.96, 177.00
529.29, 157.00
529.62, 163.00
529.95, 151.00
530.28, 156.00
530.61, 153.00
530.95, 157.00
531.28, 152.00
531.61, 160.00
531.94, 157.00
532.27, 163.00
532.60, 161.00
532.93, 166.00
533.26, 163.00
533.59, 158.00
533.92, 163.00
534.25, 159.00
534.58, 193.00
534.91, 166.00
535.25, 156.00
535.58, 153.00
535.91, 160.00
536.24, 166.00
536.57, 168.00
536.90, 169.00
537.23, 173.00
537.56, 211.00
537.89, 183.00
538.22, 186.00
538.55, 185.00
538.88, 195.00
539.21, 295.00
539.54, 205.00
539.87, 214.00
540.20, 236.00
540.53, 251.00
540.86, 303.00
541.19, 311.00
541.52, 327.00
541.85, 348.00
542.18, 360.00
542.51, 361.00
542.84, 371.00
543.17, 368.00
543.50, 363.00
543.82, 360.00
544.15, 349.00
544.48, 356.00
544.81, 366.00
545.14, 410.00
545.47, 373.00
545.80, 363.00
546.13, 307.00
546.46, 314.00
546.79, 284.00
547.12, 252.00
547.45, 238.00
547.78, 230.00
548.10, 229.00
548.43, 223.00
548.76, 214.00
549.09, 217.00
549.42, 215.00
549.75, 200.00
550.08, 195.00
550.41, 198.00
550.74, 203.00
551.06, 200.00
551.39, 207.00
551.72, 197.00
552.05, 190.00
552.38, 187.00
552.71, 185.00
553.03, 183.00
553.36, 181.00
553.69, 182.00
554.02, 175.00
554.35, 169.00
554.68, 162.00
555.00, 169.00
555.33, 167.00
555.66, 156.00
555.99, 175.00
556.32, 161.00
556.64, 158.00
556.97, 168.00
557.30, 154.00
557.63, 155.00
557.96, 148.00
558.28, 155.00
558.61, 157.00
558.94, 156.00
559.27, 154.00
559.59, 162.00
559.92, 155.00
560.25, 153.00
560.58, 161.00
560.90, 159.00
561.23, 157.00
561.56, 158.00
561.89, 163.00
562.21, 160.00
562.54, 157.00
562.87, 154.00
563.20, 163.00
563.52, 161.00
563.85, 156.00
564.18, 174.00
564.50, 163.00
564.83, 187.00
565.16, 214.00
565.48, 157.00
565.81, 167.00
566.14, 154.00
566.47, 154.00
566.79, 162.00
567.12, 154.00
567.45, 175.00
567.77, 156.00
568.10, 164.00
568.43, 163.00
568.75, 149.00
569.08, 157.00
569.40, 189.00
569.73, 154.00
570.06, 153.00
570.38, 158.00
570.71, 157.00
571.04, 156.00
571.36, 157.00
571.69, 160.00
572.01, 156.00
572.34, 156.00
572.67, 158.00
572.99, 159.00
573.32, 173.00
573.64, 161.00
573.97, 164.00
574.30, 154.00
574.62, 163.00
574.95, 158.00
575.27, 161.00
575.60, 172.00
575.92, 170.00
576.25, 173.00
576.58, 171.00
576.90, 169.00
577.23, 195.00
577.55, 171.00
577.88, 171.00
578.20, 175.00
578.53, 177.00
578.85, 190.00
579.18, 189.00
579.50, 182.00
579.83, 175.00
580.15, 184.00
580.48, 181.00
580.80, 182.00
581.13, 177.00
581.45, 185.00
581.78, 185.00
582.10, 194.00
582.43, 194.00
582.75, 190.00
583.08, 189.00
583.40, 190.00
583.73, 246.00
584.05, 194.00
584.38, 195.00
584.70, 232.00
585.03, 189.00
585.35, 190.00
585.67, 194.00
586.00, 192.00
586.32, 210.00
586.65, 211.00
586.97, 203.00
587.30, 201.00
587.62, 198.00
587.94, 207.00
588.27, 187.00
588.59, 185.00
588.92, 178.00
589.24, 186.00
589.56, 188.00
589.89, 185.00
590.21, 179.00
590.54, 178.00
590.86, 173.00
591.18, 178.00
591.51, 179.00
591.83, 196.00
592.15, 185.00
592.48, 183.00
592.80, 192.00
593.13, 180.00
593.45, 184.00
593.77, 174.00
594.10, 175.00
594.42, 169.00
594.74, 168.00
595.07, 165.00
595.39, 166.00
595.71, 173.00
596.03, 170.00
596.36, 165.00
596.68, 164.00
597.00, 166.00
597.33, 165.00
597.65, 169.00
597.97, 172.00
598.30, 172.00
598.62, 176.00
598.94, 170.00
599.26, 171.00
599.59, 168.00
599.91, 172.00
600.23, 166.00
600.55, 168.00
600.88, 166.00
601.20, 162.00
601.52, 163.00
601.84, 157.00
602.17, 169.00
602.49, 163.00
602.81, 157.00
603.13, 160.00
603.45, 166.00
603.78, 161.00
604.10, 157.00
604.42, 161.00
604.74, 153.00
605.07, 156.00
605.39, 160.00
605.71, 159.00
606.03, 168.00
606.35, 166.00
606.67, 175.00
607.00, 173.00
607.32, 175.00
607.64, 175.00
607.96, 170.00
608.28, 187.00
608.60, 186.00
608.93, 195.00
609.25, 228.00
609.57, 260.00
609.89, 329.00
610.21, 378.00
610.53, 397.00
610.85, 391.00
611.17, 367.00
611.50, 349.00
611.82, 327.00
612.14, 304.00
612.46, 295.00
612.78, 281.00
613.10, 267.00
613.42, 240.00
613.74, 249.00
614.06, 259.00
614.38, 231.00
614.70, 217.00
615.03, 207.00
615.35, 205.00
615.67, 293.00
615.99, 194.00
616.31, 190.00
616.63, 183.00
616.95, 178.00
617.27, 178.00
617.59, 180.00
617.91, 176.00
618.23, 183.00
618.55, 175.00
618.87, 177.00
619.19, 181.00
619.51, 180.00
619.83, 177.00
620.15, 180.00
620.47, 178.00
620.79, 178.00
621.11, 183.00
621.43, 177.00
621.75, 186.00
622.07, 182.00
622.39, 181.00
622.71, 172.00
623.03, 172.00
623.35, 217.00
623.67, 171.00
623.99, 170.00
624.31, 173.00
624.63, 174.00
624.95, 177.00
625.26, 173.00
625.58, 164.00
625.90, 188.00
626.22, 170.00
626.54, 168.00
626.86, 169.00
627.18, 171.00
627.50, 170.00
627.82, 166.00
628.14, 170.00
628.46, 168.00
628.77, 169.00
629.09, 179.00
629.41, 178.00
629.73, 186.00
630.05, 192.00
630.37, 187.00
630.69, 188.00
631.00, 188.00
631.32, 185.00
631.64, 172.00
631.96, 170.00
632.28, 165.00
632.60, 172.00
632.92, 164.00
633.23, 160.00
633.55, 164.00
633.87, 154.00
634.19, 156.00
634.51, 154.00
634.82, 167.00
635.14, 158.00
635.46, 152.00
635.78, 154.00
636.10, 158.00
636.41, 161.00
636.73, 157.00
637.05, 156.00
637.37, 162.00
637.68, 156.00
638.00, 156.00
638.32, 153.00
638.64, 154.00
638.95, 166.00
639.27, 154.00
639.59, 162.00
639.91, 158.00
640.22, 153.00
640.54, 155.00
640.86, 156.00
641.18, 159.00
641.49, 172.00
641.81, 164.00
642.13, 163.00
642.44, 149.00
642.76, 158.00
643.08, 153.00
643.40, 151.00
643.71, 157.00
644.03, 158.00
644.35, 155.00
644.66, 159.00
644.98, 152.00
645.30, 152.00
645.61, 176.00
645.93, 158.00
646.25, 160.00
646.56, 158.00
646.88, 185.00
647.19, 154.00
647.51, 160.00
647.83, 158.00
648.14, 152.00
648.46, 156.00
648.78, 160.00
649.09, 161.00
649.41, 198.00
649.72, 157.00
650.04, 163.00
650.36, 161.00
650.67, 161.00
650.99, 159.00
651.30, 159.00
651.62, 159.00
651.93, 165.00
652.25, 173.00
652.57, 190.00
652.88, 159.00
653.20, 157.00
653.51, 162.00
653.83, 158.00
654.14, 156.00
654.46, 160.00
654.77, 152.00
655.09, 155.00
655.40, 161.00
655.72, 162.00
656.04, 154.00
656.35, 154.00
656.67, 155.00
656.98, 156.00
657.30, 149.00
657.61, 152.00
657.93, 149.00
658.24, 150.00
658.55, 187.00
658.87, 155.00
659.18, 148.00
659.50, 153.00
659.81, 157.00
660.13, 157.00
660.44, 151.00
660.76, 153.00
661.07, 169.00
661.39, 156.00
661.70, 152.00
662.01, 156.00
662.33, 156.00
662.64, 161.00
662.96, 159.00
663.27, 156.00
663.59, 156.00
663.90, 148.00
664.21, 154.00
664.53, 175.00
664.84, 156.00
665.16, 177.00
665.47, 155.00
665.78, 154.00
666.10, 160.00
666.41, 149.00
666.72, 156.00
667.04, 157.00
667.35, 155.00
667.67, 149.00
667.98, 152.00
668.29, 155.00
668.61, 152.00
668.92, 149.00
669.23, 150.00
669.55, 156.00
669.86, 181.00
670.17, 158.00
670.48, 157.00
670.80, 147.00
671.11, 150.00
671.42, 155.00
671.74, 154.00
672.05, 150.00
672.36, 155.00
672.68, 153.00
672.99, 156.00
673.30, 153.00
673.61, 155.00
673.93, 153.00
674.24, 152.00
674.55, 151.00
674.86, 154.00
675.18, 157.00
675.49, 153.00
675.80, 151.00
676.11, 156.00
676.43, 154.00
676.74, 151.00
677.05, 153.00
677.36, 162.00
677.67, 153.00
677.99, 150.00
678.30, 149.00
678.61, 152.00
678.92, 155.00
679.23, 160.00
679.55, 152.00
679.86, 156.00
680.17, 156.00
680.48, 160.00
680.79, 159.00
681.10, 155.00
681.42, 155.00
681.73, 152.00
682.04, 149.00
682.35, 149.00
682.66, 159.00
682.97, 154.00
683.28, 153.00
683.60, 154.00
683.91, 157.00
684.22, 173.00
684.53, 155.00
684.84, 155.00
685.15, 158.00
685.46, 174.00
685.77, 157.00
686.08, 153.00
686.40, 184.00
686.71, 159.00
687.02, 159.00
687.33, 160.00
687.64, 154.00
687.95, 158.00
688.26, 146.00
688.57, 155.00
688.88, 157.00
689.19, 154.00
689.50, 152.00
689.81, 155.00
690.12, 151.00
690.43, 167.00
690.74, 151.00
691.05, 151.00
691.36, 164.00
691.67, 155.00
691.98, 153.00
692.29, 153.00
692.60, 158.00
692.91, 159.00
693.22, 159.00
693.53, 155.00
693.84, 162.00
694.15, 154.00
694.46, 155.00
694.77, 154.00
695.08, 158.00
695.39, 157.00
695.70, 150.00
696.01, 163.00
696.32, 150.00
696.63, 152.00
696.94, 157.00
697.25, 149.00
697.56, 155.00
697.87, 162.00
698.17, 186.00
698.48, 157.00
698.79, 152.00
699.10, 153.00
699.41, 153.00
699.72, 146.00
700.03, 145.00
700.34, 152.00
700.65, 156.00
700.95, 153.00
701.26, 151.00
701.57, 153.00
701.88, 154.00
702.19, 163.00
702.50, 155.00
702.81, 150.00
703.11, 167.00
703.42, 159.00
703.73, 160.00
704.04, 157.00
704.35, 159.00
704.66, 161.00
704.96, 159.00
705.27, 157.00
705.58, 157.00
705.89, 161.00
706.20, 162.00
706.50, 161.00
706.81, 170.00
707.12, 160.00
707.43, 165.00
707.73, 173.00
708.04, 166.00
708.35, 170.00
708.66, 165.00
708.97, 161.00
709.27, 166.00
709.58, 156.00
709.89, 153.00
710.19, 158.00
710.50, 165.00
710.81, 156.00
711.12, 160.00
711.42, 161.00
711.73, 161.00
712.04, 165.00
712.35, 161.00
712.65, 157.00
712.96, 157.00
713.27, 162.00
713.57, 181.00
713.88, 175.00
714.19, 155.00
714.49, 152.00
714.80, 155.00
715.11, 157.00
715.41, 151.00
715.72, 155.00
716.03, 153.00
716.33, 157.00
716.64, 151.00
716.94, 156.00
717.25, 152.00
717.56, 160.00
717.86, 151.00
718.17, 155.00
718.48, 150.00
718.78, 153.00
719.09, 149.00
719.39, 150.00
719.70, 148.00
720.01, 153.00
720.31, 153.00
720.62, 148.00
720.92, 153.00
721.23, 155.00
721.53, 158.00
721.84, 155.00
722.15, 154.00
722.45, 149.00
722.76, 151.00
723.06, 157.00
723.37, 153.00
723.67, 155.00
723.98, 147.00
724.28, 149.00
724.59, 158.00
724.89, 154.00
725.20, 154.00
725.50, 165.00
725.81, 154.00
726.11, 151.00
726.42, 151.00
726.72, 150.00
727.03, 187.00
727.33, 150.00
727.64, 154.00
727.94, 155.00
728.25, 149.00
728.55, 153.00
728.86, 167.00
729.16, 148.00
729.46, 152.00
729.77, 156.00
730.07, 152.00
730.38, 149.00
730.68, 152.00
730.99, 161.00
731.29, 149.00
731.59, 148.00
731.90, 151.00
732.20, 153.00
732.51, 153.00
732.81, 150.00
733.11, 154.00
733.42, 152.00
733.72, 160.00
734.02, 153.00
734.33, 152.00
734.63, 152.00
734.94, 152.00
735.24, 154.00
735.54, 153.00
735.85, 153.00
736.15, 149.00
736.45, 152.00
736.76, 156.00
737.06, 155.00
737.36, 155.00
737.67, 155.00
737.97, 150.00
738.27, 155.00
738.57, 149.00
738.88, 151.00
739.18, 183.00
739.48, 158.00
739.79, 152.00
740.09, 152.00
740.39, 154.00
740.69, 157.00
741.00, 149.00
741.30, 156.00
741.60, 150.00
741.90, 154.00
742.21, 151.00
742.51, 192.00
742.81, 148.00
743.11, 155.00
743.42, 176.00
743.72, 149.00
744.02, 157.00
744.32, 153.00
744.63, 158.00
744.93, 152.00
745.23, 156.00
745.53, 156.00
745.83, 153.00
746.13, 149.00
746.44, 151.00
746.74, 156.00
747.04, 153.00
747.34, 149.00
747.64, 150.00
747.94, 149.00
748.25, 155.00
748.55, 154.00
748.85, 153.00
749.15, 154.00
749.45, 177.00
749.75, 162.00
750.05, 156.00
750.35, 156.00
750.66, 166.00
750.96, 153.00
751.26, 146.00
751.56, 152.00
751.86, 153.00
752.16, 157.00
752.46, 154.00
752.76, 152.00
753.06, 150.00
753.36, 186.00
753.66, 149.00
753.96, 152.00
754.27, 152.00
754.57, 147.00
754.87, 150.00
755.17, 147.00
755.47, 149.00
755.77, 154.00
756.07, 154.00
756.37, 156.00
756.67, 158.00
756.97, 149.00
757.27, 157.00
757.57, 152.00
757.87, 162.00
758.17, 154.00
758.47, 156.00
758.77, 154.00
759.07, 154.00
759.37, 152.00
759.67, 157.00
759.97, 152.00
760.27, 151.00
760.57, 148.00
760.86, 146.00
761.16, 147.00
761.46, 154.00
761.76, 175.00
762.06, 150.00
762.36, 160.00
762.66, 156.00
762.96, 151.00
763.26, 154.00
763.56, 178.00
763.86, 160.00
764.16, 158.00
764.45, 166.00
764.75, 152.00
765.05, 151.00
765.35, 150.00
765.65, 153.00
765.95, 151.00
766.25, 155.00
766.55, 155.00
766.84, 153.00
767.14, 153.00
767.44, 155.00
767.74, 161.00
768.04, 156.00
768.34, 149.00
768.63, 154.00
768.93, 153.00
769.23, 156.00
769.53, 154.00
769.83, 151.00
770.12, 151.00
770.42, 151.00
770.72, 153.00
771.02, 153.00
771.32, 150.00
771.61, 160.00
771.91, 152.00
772.21, 152.00
772.51, 153.00
772.80, 151.00
773.10, 153.00
773.40, 156.00
773.70, 146.00
773.99, 149.00
774.29, 156.00
774.59, 158.00
774.88, 152.00
775.18, 150.00
775.48, 155.00
775.78, 149.00
776.07, 153.00
776.37, 157.00
776.67, 155.00
776.96, 154.00
777.26, 195.00
777.56, 153.00
777.85, 153.00
778.15, 150.00
778.45, 155.00
778.74, 152.00
779.04, 152.00
779.34, 153.00
779.63, 156.00
779.93, 152.00
780.22, 150.00
780.52, 154.00
780.82, 148.00
781.11, 153.00
781.41, 151.00
781.71, 156.00
782.00, 151.00
782.30, 156.00
782.59, 159.00
782.89, 150.00
783.19, 148.00
783.48, 149.00
783.78, 149.00
784.07, 159.00
784.37, 157.00
784.66, 151.00
784.96, 153.00
785.25, 153.00
785.55, 147.00
785.84, 152.00
786.14, 157.00
786.44, 152.00
786.73, 153.00
787.03, 151.00
787.32, 150.00
787.62, 152.00
787.91, 147.00
788.21, 156.00
788.50, 156.00
788.80, 153.00
789.09, 154.00
789.39, 156.00
789.68, 153.00
789.97, 154.00
790.27, 152.00
790.56, 159.00
790.86, 163.00
791.15, 154.00
791.45, 151.00
791.74, 172.00
792.04, 154.00
792.33, 154.00
792.62, 174.00
792.92, 150.00
793.21, 154.00
793.51, 153.00
793.80, 148.00
794.09, 151.00
794.39, 151.00
794.68, 149.00
794.98, 149.00
795.27, 151.00
795.56, 153.00
795.86, 156.00
796.15, 155.00
796.44, 159.00
796.74, 153.00
797.03, 153.00
797.32, 150.00
797.62, 156.00
797.91, 161.00
798.20, 150.00
798.50, 165.00
798.79, 160.00
799.08, 148.00
799.38, 151.00
799.67, 147.00
799.96, 157.00
800.26, 176.00
800.55, 152.00
800.84, 154.00
801.13, 147.00
801.43, 154.00
801.72, 185.00
802.01, 151.00
802.30, 146.00
802.60, 153.00
802.89, 153.00
803.18, 149.00
803.47, 152.00
803.77, 158.00
804.06, 157.00
804.35, 149.00
804.64, 164.00
804.94, 150.00
805.23, 149.00
805.52, 151.00
805.81, 152.00
806.10, 157.00
806.39, 150.00
806.69, 154.00
806.98, 150.00
807.27, 150.00
807.56, 158.00
807.85, 153.00
808.14, 149.00
808.44, 155.00
808.73, 152.00
809.02, 168.00
809.31, 158.00
809.60, 151.00
809.89, 164.00
810.18, 152.00
810.48, 158.00
810.77, 158.00
811.06, 154.00
811.35, 150.00
811.64, 157.00
811.93, 170.00
812.22, 149.00
812.51, 148.00
812.80, 149.00
813.09, 148.00
813.38, 145.00
813.67, 172.00
813.96, 153.00
814.26, 150.00
814.55, 150.00
814.84, 151.00
815.13, 153.00
815.42, 154.00
815.71, 153.00
816.00, 154.00
816.29, 157.00
816.58, 154.00
816.87, 154.00
817.16, 152.00
817.45, 156.00
817.74, 158.00
818.03, 147.00
818.32, 151.00
818.61, 157.00
818.90, 153.00
819.19, 152.00
819.48, 155.00
819.76, 151.00
820.05, 150.00
820.34, 148.00
820.63, 149.00
820.92, 153.00
821.21, 156.00
821.50, 140.00
821.79, 148.00
822.08, 151.00
822.37, 152.00
822.66, 153.00
822.95, 153.00
823.23, 153.00
823.52, 174.00
823.81, 158.00
824.10, 153.00
824.39, 149.00
824.68, 153.00
824.97, 168.00
825.26, 155.00
825.54, 191.00
825.83, 151.00
826.12, 150.00
826.41, 152.00
826.70, 153.00
826.99, 155.00
827.27, 151.00
827.56, 169.00
827.85, 147.00
828.14, 148.00
828.43, 160.00
828.71, 158.00
829.00, 154.00
829.29, 156.00
829.58, 151.00
829.86, 151.00
830.15, 153.00
830.44, 153.00
830.73, 151.00
831.01, 150.00
831.30, 148.00
831.59, 149.00
831.88, 151.00
832.16, 149.00
832.45, 153.00
832.74, 149.00
833.03, 149.00
833.31, 151.00
833.60, 155.00
833.89, 149.00
834.17, 156.00
834.46, 148.00
834.75, 153.00
835.03, 148.00
835.32, 153.00
835.61, 147.00
835.89, 165.00
836.18, 155.00
836.47, 153.00
836.75, 153.00
837.04, 158.00
837.33, 153.00
837.61, 150.00
837.90, 151.00
838.19, 151.00
838.47, 151.00
838.76, 152.00
839.04, 153.00
839.33, 152.00
839.62, 153.00
839.90, 148.00
840.19, 152.00
840.47, 153.00
840.76, 174.00
841.04, 153.00
841.33, 153.00
841.62, 154.00
841.90, 151.00
842.19, 148.00
842.47, 292.00
842.76, 147.00
843.04, 160.00
843.33, 165.00
843.61, 156.00
843.90, 149.00
844.18, 148.00
844.47, 153.00
844.75, 153.00
845.04, 156.00
845.32, 150.00
845.61, 148.00
845.89, 150.00
846.18, 153.00
846.46, 155.00
846.75, 149.00
847.03, 162.00
847.32, 153.00
847.60, 150.00
847.88, 154.00
848.17, 151.00
848.45, 168.00
848.74, 150.00
849.02, 150.00
849.31, 152.00
849.59, 149.00
849.87, 146.00
850.16, 148.00
850.44, 161.00
850.73, 177.00
851.01, 147.00
851.29, 145.00
851.58, 152.00
851.86, 152.00
852.14, 152.00
852.43, 153.00
852.71, 149.00
853.00, 152.00
853.28, 157.00
853.56, 151.00
853.85, 152.00
854.13, 148.00
854.41, 150.00
854.69, 150.00
854.98, 149.00
855.26, 189.00
855.54, 151.00
855.83, 152.00
856.11, 154.00
856.39, 156.00
856.68, 154.00
856.96, 153.00
857.24, 152.00
857.52, 163.00
857.81, 150.00
858.09, 154.00
858.37, 148.00
858.65, 154.00
858.94, 148.00
859.22, 149.00
