190.05, 0.00
190.41, 140.00
190.77, 143.00
191.14, 145.00
191.50, 149.00
191.86, 168.00
192.22, 156.00
192.58, 156.00
192.94, 153.00
193.31, 150.00
193.67, 152.00
194.03, 159.00
194.39, 156.00
194.75, 151.00
195.11, 161.00
195.47, 170.00
195.84, 152.00
196.20, 155.00
196.56, 171.00
196.92, 152.00
197.28, 156.00
197.64, 149.00
198.00, 153.00
198.37, 154.00
198.73, 155.00
199.09, 154.00
199.45, 155.00
199.81, 155.00
200.17, 159.00
200.53, 152.00
200.89, 163.00
201.25, 189.00
201.62, 153.00
201.98, 155.00
202.34, 154.00
202.70, 162.00
203.06, 149.00
203.42, 148.00
203.78, 153.00
204.14, 154.00
204.50, 175.00
204.86, 161.00
205.22, 154.00
205.58, 157.00
205.95, 151.00
206.31, 151.00
206.67, 157.00
207.03, 157.00
207.39, 159.00
207.75, 154.00
208.11, 151.00
208.47, 159.00
208.83, 164.00
209.19, 154.00
209.55, 157.00
209.91, 152.00
210.27, 156.00
210.63, 153.00
210.99, 165.00
211.35, 156.00
211.71, 162.00
212.07, 155.00
212.43, 157.00
212.79, 155.00
213.15, 157.00
213.51, 156.00
213.87, 159.00
214.23, 154.00
214.59, 151.00
214.95, 155.00
215.31, 156.00
215.67, 154.00
216.03, 177.00
216.39, 156.00
216.75, 151.00
217.11, 160.00
217.47, 153.00
217.83, 152.00
218.19, 154.00
218.55, 159.00
218.91, 155.00
219.27, 151.00
219.63, 151.00
219.99, 150.00
220.35, 150.00
220.71, 158.00
221.07, 152.00
221.43, 153.00
221.79, 155.00
222.15, 160.00
222.51, 159.00
222.87, 153.00
223.23, 152.00
223.59, 156.00
223.95, 154.00
224.31, 153.00
224.67, 151.00
225.03, 160.00
225.39, 161.00
225.74, 158.00
226.10, 155.00
226.46, 152.00
226.82, 157.00
227.18, 155.00
227.54, 152.00
227.90, 159.00
228.26, 159.00
228.62, 166.00
228.98, 150.00
229.34, 152.00
229.69, 152.00
230.05, 153.00
230.41, 143.00
230.77, 157.00
231.13, 154.00
231.49, 151.00
231.85, 151.00
232.21, 155.00
232.57, 156.00
232.92, 148.00
233.28, 146.00
233.64, 156.00
234.00, 155.00
234.36, 150.00
234.72, 153.00
235.08, 156.00
235.44, 156.00
235.79, 152.00
236.15, 155.00
236.51, 152.00
236.87, 152.00
237.23, 160.00
237.59, 154.00
237.94, 157.00
238.30, 154.00
238.66, 152.00
239.02, 154.00
239.38, 154.00
239.74, 153.00
240.09, 163.00
240.45, 149.00
240.81, 151.00
241.17, 158.00
241.53, 148.00
241.89, 148.00
242.24, 149.00
242.60, 151.00
242.96, 159.00
243.32, 151.00
243.68, 156.00
244.03, 154.00
244.39, 149.00
244.75, 169.00
245.11, 156.00
245.46, 156.00
245.82, 173.00
246.18, 156.00
246.54, 157.00
246.90, 150.00
247.25, 152.00
247.61, 155.00
247.97, 190.00
248.33, 153.00
248.68, 152.00
249.04, 152.00
249.40, 150.00
249.76, 156.00
250.11, 151.00
250.47, 150.00
250.83, 154.00
251.19, 159.00
251.54, 159.00
251.90, 155.00
252.26, 155.00
252.62, 152.00
252.97, 160.00
253.33, 147.00
253.69, 155.00
254.05, 155.00
254.40, 145.00
254.76, 155.00
255.12, 178.00
255.47, 157.00
255.83, 157.00
256.19, 153.00
256.54, 157.00
256.90, 154.00
257.26, 157.00
257.62, 152.00
257.97, 149.00
258.33, 149.00
258.69, 152.00
259.04, 154.00
259.40, 149.00
259.76, 156.00
260.11, 156.00
260.47, 152.00
260.83, 157.00
261.18, 152.00
261.54, 158.00
261.90, 157.00
262.25, 151.00
262.61, 147.00
262.97, 149.00
263.32, 153.00
263.68, 155.00
264.04, 152.00
264.39, 150.00
264.75, 155.00
265.10, 149.00
265.46, 188.00
265.82, 164.00
266.17, 153.00
266.53, 149.00
266.89, 152.00
267.24, 155.00
267.60, 153.00
267.95, 154.00
268.31, 154.00
268.67, 151.00
269.02, 154.00
269.38, 151.00
269.74, 160.00
270.09, 146.00
270.45, 157.00
270.80, 173.00
271.16, 157.00
271.51, 164.00
271.87, 163.00
272.23, 162.00
272.58, 159.00
272.94, 151.00
273.29, 149.00
273.65, 198.00
274.00, 157.00
274.36, 153.00
274.72, 154.00
275.07, 150.00
275.43, 154.00
275.78, 155.00
276.14, 153.00
276.49, 157.00
276.85, 168.00
277.20, 173.00
277.56, 147.00
277.92, 148.00
278.27, 149.00
278.63, 161.00
278.98, 148.00
279.34, 150.00
279.69, 160.00
280.05, 175.00
280.40, 164.00
280.76, 169.00
281.11, 160.00
281.47, 162.00
281.82, 157.00
282.18, 157.00
282.53, 165.00
282.89, 169.00
283.24, 169.00
283.60, 164.00
283.95, 170.00
284.31, 174.00
284.66, 178.00
285.02, 178.00
285.37, 169.00
285.73, 177.00
286.08, 182.00
286.44, 166.00
286.79, 167.00
287.14, 168.00
287.50, 162.00
287.85, 153.00
288.21, 160.00
288.56, 161.00
288.92, 167.00
289.27, 160.00
289.63, 168.00
289.98, 169.00
290.34, 163.00
290.69, 169.00
291.04, 157.00
291.40, 160.00
291.75, 161.00
292.11, 162.00
292.46, 157.00
292.81, 165.00
293.17, 163.00
293.52, 170.00
293.88, 170.00
294.23, 173.00
294.59, 194.00
294.94, 195.00
295.29, 207.00
295.65, 221.00
296.00, 234.00
296.36, 208.00
296.71, 200.00
297.06, 204.00
297.42, 209.00
297.77, 205.00
298.12, 194.00
298.48, 194.00
298.83, 188.00
299.19, 190.00
299.54, 188.00
299.89, 189.00
300.25, 188.00
300.60, 190.00
300.95, 180.00
301.31, 168.00
301.66, 163.00
302.01, 157.00
302.37, 166.00
302.72, 171.00
303.07, 172.00
303.43, 178.00
303.78, 175.00
304.13, 185.00
304.49, 185.00
304.84, 190.00
305.19, 212.00
305.55, 179.00
305.90, 196.00
306.25, 222.00
306.61, 277.00
306.96, 302.00
307.31, 391.00
307.66, 513.00
308.02, 666.00
308.37, 737.00
308.72, 821.00
309.08, 818.00
309.43, 780.00
309.78, 673.00
310.13, 593.00
310.49, 515.00
310.84, 430.00
311.19, 393.00
311.54, 351.00
311.90, 316.00
312.25, 306.00
312.60, 328.00
312.95, 401.00
313.31, 440.00
313.66, 435.00
314.01, 430.00
314.36, 438.00
314.72, 474.00
315.07, 619.00
315.42, 733.00
315.77, 794.00
316.13, 632.00
316.48, 443.00
316.83, 309.00
317.18, 244.00
317.54, 210.00
317.89, 194.00
318.24, 190.00
318.59, 187.00
318.94, 182.00
319.30, 186.00
319.65, 184.00
320.00, 187.00
320.35, 194.00
320.70, 196.00
321.05, 192.00
321.41, 189.00
321.76, 194.00
322.11, 188.00
322.46, 185.00
322.81, 229.00
323.17, 187.00
323.52, 177.00
323.87, 182.00
324.22, 182.00
324.57, 184.00
324.92, 183.00
325.27, 191.00
325.63, 199.00
325.98, 196.00
326.33, 211.00
326.68, 207.00
327.03, 211.00
327.38, 206.00
327.73, 226.00
328.09, 249.00
328.44, 281.00
328.79, 250.00
329.14, 292.00
329.49, 253.00
329.84, 240.00
330.19, 241.00
330.54, 237.00
330.89, 234.00
331.25, 215.00
331.60, 205.00
331.95, 203.00
332.30, 205.00
332.65, 216.00
333.00, 228.00
333.35, 267.00
333.70, 273.00
334.05, 252.00
334.40, 264.00
334.75, 294.00
335.10, 380.00
335.45, 541.00
335.81, 743.00
336.16, 1073.00
336.51, 1489.00
336.86, 1520.00
337.21, 1317.00
337.56, 816.00
337.91, 518.00
338.26, 335.00
338.61, 249.00
338.96, 216.00
339.31, 205.00
339.66, 201.00
340.01, 204.00
340.36, 201.00
340.71, 193.00
341.06, 189.00
341.41, 191.00
341.76, 189.00
342.11, 194.00
342.46, 195.00
342.81, 198.00
343.16, 194.00
343.51, 182.00
343.86, 199.00
344.21, 193.00
344.56, 192.00
344.91, 184.00
345.26, 193.00
345.61, 192.00
345.96, 178.00
346.31, 186.00
346.66, 206.00
347.01, 186.00
347.36, 199.00
347.71, 181.00
348.06, 185.00
348.41, 199.00
348.76, 215.00
349.10, 220.00
349.45, 243.00
349.80, 234.00
350.15, 236.00
350.50, 222.00
350.85, 234.00
351.20, 238.00
351.55, 281.00
351.90, 333.00
352.25, 412.00
352.60, 530.00
352.95, 672.00
353.30, 738.00
353.64, 661.00
353.99, 542.00
354.34, 448.00
354.69, 435.00
355.04, 445.00
355.39, 536.00
355.74, 674.00
356.09, 799.00
356.44, 945.00
356.78, 1154.00
357.13, 1269.00
357.48, 1197.00
357.83, 924.00
358.18, 603.00
358.53, 421.00
358.88, 282.00
359.22, 231.00
359.57, 203.00
359.92, 199.00
360.27, 206.00
360.62, 209.00
360.97, 210.00
361.32, 213.00
361.66, 208.00
362.01, 208.00
362.36, 210.00
362.71, 217.00
363.06, 218.00
363.40, 226.00
363.75, 219.00
364.10, 220.00
364.45, 208.00
364.80, 210.00
365.14, 207.00
365.49, 213.00
365.84, 214.00
366.19, 225.00
366.54, 230.00
366.88, 251.00
367.23, 221.00
367.58, 250.00
367.93, 210.00
368.28, 194.00
368.62, 201.00
368.97, 217.00
369.32, 227.00
369.67, 247.00
370.01, 300.00
370.36, 310.00
370.71, 330.00
371.06, 292.00
371.40, 258.00
371.75, 221.00
372.10, 206.00
372.45, 213.00
372.79, 223.00
373.14, 247.00
373.49, 276.00
373.83, 322.00
374.18, 386.00
374.53, 475.00
374.88, 540.00
375.22, 540.00
375.57, 439.00
375.92, 346.00
376.26, 266.00
376.61, 224.00
376.96, 211.00
377.30, 219.00
377.65, 220.00
378.00, 242.00
378.35, 286.00
378.69, 356.00
379.04, 429.00
379.39, 551.00
379.73, 655.00
380.08, 672.00
380.43, 526.00
380.77, 383.00
381.12, 334.00
381.47, 266.00
381.81, 224.00
382.16, 211.00
382.50, 213.00
382.85, 274.00
383.20, 227.00
383.54, 234.00
383.89, 252.00
384.24, 247.00
384.58, 263.00
384.93, 301.00
385.27, 290.00
385.62, 297.00
385.97, 300.00
386.31, 284.00
386.66, 309.00
387.00, 288.00
387.35, 295.00
387.70, 332.00
388.04, 424.00
388.39, 457.00
388.73, 574.00
389.08, 740.00
389.43, 943.00
389.77, 1151.00
390.12, 1445.00
390.46, 2026.00
390.81, 2244.00
391.15, 2124.00
391.50, 1589.00
391.85, 951.00
392.19, 631.00
392.54, 406.00
392.88, 309.00
393.23, 311.00
393.57, 302.00
393.92, 307.00
394.26, 265.00
394.61, 232.00
394.95, 216.00
395.30, 201.00
395.64, 200.00
395.99, 232.00
396.33, 206.00
396.68, 200.00
397.02, 212.00
397.37, 221.00
397.71, 236.00
398.06, 258.00
398.40, 294.00
398.75, 348.00
399.09, 377.00
399.44, 382.00
399.78, 325.00
400.13, 269.00
400.47, 225.00
400.82, 198.00
401.16, 196.00
401.51, 197.00
401.85, 195.00
402.20, 203.00
402.54, 201.00
402.88, 207.00
403.23, 215.00
403.57, 230.00
403.92, 256.00
404.26, 333.00
404.61, 314.00
404.95, 387.00
405.30, 348.00
405.64, 325.00
405.98, 303.00
406.33, 256.00
406.67, 218.00
407.02, 215.00
407.36, 214.00
407.70, 235.00
408.05, 241.00
408.39, 250.00
408.74, 261.00
409.08, 267.00
409.42, 242.00
409.77, 231.00
410.11, 234.00
410.46, 216.00
410.80, 247.00
411.14, 260.00
411.49, 264.00
411.83, 277.00
412.17, 264.00
412.52, 272.00
412.86, 290.00
413.20, 295.00
413.55, 292.00
413.89, 281.00
414.23, 268.00
414.58, 273.00
414.92, 225.00
415.26, 223.00
415.61, 224.00
415.95, 226.00
416.29, 228.00
416.64, 232.00
416.98, 240.00
417.32, 245.00
417.67, 279.00
418.01, 306.00
418.35, 325.00
418.70, 372.00
419.04, 411.00
419.38, 405.00
419.72, 388.00
420.07, 328.00
420.41, 273.00
420.75, 246.00
421.10, 217.00
421.44, 220.00
421.78, 225.00
422.12, 220.00
422.47, 234.00
422.81, 252.00
423.15, 268.00
423.49, 255.00
423.84, 247.00
424.18, 267.00
424.52, 285.00
424.86, 341.00
425.21, 424.00
425.55, 465.00
425.89, 584.00
426.23, 665.00
426.57, 872.00
426.92, 917.00
427.26, 988.00
427.60, 810.00
427.94, 558.00
428.28, 408.00
428.63, 321.00
428.97, 259.00
429.31, 229.00
429.65, 208.00
429.99, 203.00
430.34, 201.00
430.68, 201.00
431.02, 208.00
431.36, 201.00
431.70, 204.00
432.04, 212.00
432.39, 225.00
432.73, 231.00
433.07, 236.00
433.41, 256.00
433.75, 254.00
434.09, 244.00
434.43, 251.00
434.78, 284.00
435.12, 330.00
435.46, 364.00
435.80, 344.00
436.14, 325.00
436.48, 301.00
436.82, 300.00
437.16, 280.00
437.51, 257.00
437.85, 245.00
438.19, 283.00
438.53, 246.00
438.87, 259.00
439.21, 252.00
439.55, 271.00
439.89, 269.00
440.23, 285.00
440.57, 294.00
440.91, 289.00
441.26, 274.00
441.60, 259.00
441.94, 252.00
442.28, 241.00
442.62, 241.00
442.96, 232.00
443.30, 236.00
443.64, 223.00
443.98, 222.00
444.32, 229.00
444.66, 218.00
445.00, 221.00
445.34, 234.00
445.68, 228.00
446.02, 230.00
446.36, 226.00
446.70, 228.00
447.04, 229.00
447.38, 251.00
447.72, 237.00
448.06, 241.00
448.40, 238.00
448.74, 228.00
449.08, 236.00
449.42, 224.00
449.76, 228.00
450.10, 228.00
450.44, 223.00
450.78, 226.00
451.12, 237.00
451.46, 227.00
451.80, 229.00
452.14, 210.00
452.48, 211.00
452.82, 214.00
453.16, 210.00
453.50, 217.00
453.84, 211.00
454.18, 254.00
454.52, 228.00
454.86, 233.00
455.19, 245.00
455.53, 238.00
455.87, 232.00
456.21, 239.00
456.55, 242.00
456.89, 248.00
457.23, 248.00
457.57, 241.00
457.91, 252.00
458.25, 261.00
458.59, 281.00
458.92, 303.00
459.26, 291.00
459.60, 294.00
459.94, 267.00
460.28, 245.00
460.62, 231.00
460.96, 219.00
461.30, 210.00
461.63, 210.00
461.97, 221.00
462.31, 215.00
462.65, 220.00
462.99, 232.00
463.33, 232.00
463.67, 244.00
464.00, 254.00
464.34, 255.00
464.68, 263.00
465.02, 261.00
465.36, 257.00
465.70, 248.00
466.03, 242.00
466.37, 228.00
466.71, 245.00
467.05, 256.00
467.39, 281.00
467.72, 295.00
468.06, 316.00
468.40, 334.00
468.74, 346.00
469.08, 346.00
469.41, 383.00
469.75, 418.00
470.09, 444.00
470.43, 433.00
470.76, 368.00
471.10, 344.00
471.44, 330.00
471.78, 309.00
472.11, 303.00
472.45, 282.00
472.79, 281.00
473.13, 275.00
473.46, 274.00
473.80, 272.00
474.14, 254.00
474.48, 259.00
474.81, 251.00
475.15, 248.00
475.49, 250.00
475.82, 245.00
476.16, 250.00
476.50, 239.00
476.84, 238.00
477.17, 233.00
477.51, 235.00
477.85, 242.00
478.18, 249.00
478.52, 235.00
478.86, 277.00
479.19, 241.00
479.53, 236.00
479.87, 280.00
480.20, 243.00
480.54, 242.00
480.88, 232.00
481.21, 241.00
481.55, 241.00
481.89, 252.00
482.22, 251.00
482.56, 254.00
482.90, 261.00
483.23, 258.00
483.57, 258.00
483.90, 261.00
484.24, 276.00
484.58, 275.00
484.91, 288.00
485.25, 284.00
485.58, 294.00
485.92, 291.00
486.26, 289.00
486.59, 301.00
486.93, 302.00
487.26, 306.00
487.60, 303.00
487.94, 300.00
488.27, 300.00
488.61, 295.00
488.94, 287.00
489.28, 287.00
489.61, 291.00
489.95, 290.00
490.29, 292.00
490.62, 297.00
490.96, 294.00
491.29, 297.00
491.63, 290.00
491.96, 283.00
492.30, 282.00
492.63, 272.00
492.97, 276.00
493.30, 277.00
493.64, 270.00
493.97, 270.00
494.31, 285.00
494.64, 291.00
494.98, 287.00
495.31, 284.00
495.65, 277.00
495.98, 279.00
496.32, 264.00
496.65, 289.00
496.99, 264.00
497.32, 249.00
497.66, 258.00
497.99, 256.00
498.33, 249.00
498.66, 247.00
499.00, 249.00
499.33, 245.00
499.67, 246.00
500.00, 245.00
500.34, 261.00
500.67, 266.00
501.00, 270.00
501.34, 245.00
501.67, 248.00
502.01, 247.00
502.34, 248.00
502.68, 263.00
503.01, 271.00
503.34, 271.00
503.68, 279.00
504.01, 273.00
504.35, 273.00
504.68, 280.00
505.01, 279.00
505.35, 276.00
505.68, 274.00
506.02, 284.00
506.35, 294.00
506.68, 300.00
507.02, 289.00
507.35, 287.00
507.68, 280.00
508.02, 281.00
508.35, 285.00
508.69, 272.00
509.02, 269.00
509.35, 270.00
509.69, 257.00
510.02, 265.00
510.35, 261.00
510.69, 266.00
511.02, 254.00
511.35, 254.00
511.69, 249.00
512.02, 253.00
512.35, 251.00
512.68, 254.00
513.02, 256.00
513.35, 264.00
513.68, 244.00
514.02, 252.00
514.35, 242.00
514.68, 245.00
515.01, 245.00
515.35, 242.00
515.68, 238.00
516.01, 240.00
516.35, 231.00
516.68, 236.00
517.01, 231.00
517.34, 238.00
517.68, 234.00
518.01, 236.00
518.34, 229.00
518.67, 237.00
519.01, 241.00
519.34, 245.00
519.67, 253.00
520.00, 249.00
520.33, 250.00
520.67, 258.00
521.00, 250.00
521.33, 257.00
521.66, 267.00
522.00, 263.00
522.33, 254.00
522.66, 253.00
522.99, 243.00
523.32, 255.00
523.65, 244.00
523.99, 248.00
524.32, 248.00
524.65, 238.00
524.98, 253.00
525.31, 245.00
525.65, 275.00
525.98, 249.00
526.31, 242.00
526.64, 244.00
526.97, 243.00
527.30, 239.00
527.63, 239.00
527.97, 237.00
528.30, 229.00
528.63, 241.00
528.96, 244.00
529.29, 228.00
529.62, 241.00
529.95, 225.00
530.28, 222.00
530.61, 227.00
530.95, 228.00
531.28, 230.00
531.61, 240.00
531.94, 246.00
532.27, 255.00
532.60, 250.00
532.93, 241.00
533.26, 238.00
533.59, 230.00
533.92, 232.00
534.25, 226.00
534.58, 259.00
534.91, 229.00
535.25, 224.00
535.58, 220.00
535.91, 230.00
536.24, 238.00
536.57, 232.00
536.90, 230.00
537.23, 239.00
537.56, 280.00
537.89, 244.00
538.22, 241.00
538.55, 250.00
538.88, 253.00
539.21, 361.00
539.54, 273.00
539.87, 274.00
540.20, 286.00
540.53, 306.00
540.86, 372.00
541.19, 368.00
541.52, 383.00
541.85, 404.00
542.18, 436.00
542.51, 440.00
542.84, 453.00
543.17, 454.00
543.50, 445.00
543.82, 445.00
544.15, 438.00
544.48, 441.00
544.81, 456.00
545.14, 493.00
545.47, 458.00
545.80, 441.00
546.13, 376.00
546.46, 394.00
546.79, 357.00
547.12, 301.00
547.45, 312.00
547.78, 293.00
548.10, 294.00
548.43, 291.00
548.76, 284.00
549.09, 287.00
549.42, 278.00
549.75, 275.00
550.08, 281.00
550.41, 272.00
550.74, 275.00
551.06, 263.00
551.39, 276.00
551.72, 264.00
552.05, 262.00
552.38, 253.00
552.71, 246.00
553.03, 252.00
553.36, 249.00
553.69, 249.00
554.02, 245.00
554.35, 242.00
554.68, 240.00
555.00, 238.00
555.33, 244.00
555.66, 248.00
555.99, 254.00
556.32, 247.00
556.64, 252.00
556.97, 268.00
557.30, 264.00
557.63, 270.00
557.96, 269.00
558.28, 271.00
558.61, 268.00
558.94, 271.00
559.27, 261.00
559.59, 274.00
559.92, 257.00
560.25, 250.00
560.58, 255.00
560.90, 255.00
561.23, 251.00
561.56, 251.00
561.89, 250.00
562.21, 243.00
562.54, 236.00
562.87, 229.00
563.20, 234.00
563.52, 230.00
563.85, 224.00
564.18, 243.00
564.50, 226.00
564.83, 253.00
565.16, 271.00
565.48, 214.00
565.81, 216.00
566.14, 207.00
566.47, 212.00
566.79, 217.00
567.12, 206.00
567.45, 238.00
567.77, 207.00
568.10, 216.00
568.43, 213.00
568.75, 214.00
569.08, 209.00
569.40, 239.00
569.73, 217.00
570.06, 205.00
570.38, 203.00
570.71, 203.00
571.04, 208.00
571.36, 211.00
571.69, 223.00
572.01, 215.00
572.34, 213.00
572.67, 221.00
572.99, 211.00
573.32, 225.00
573.64, 214.00
573.97, 206.00
574.30, 213.00
574.62, 215.00
574.95, 215.00
575.27, 217.00
575.60, 213.00
575.92, 217.00
576.25, 219.00
576.58, 225.00
576.90, 223.00
577.23, 254.00
577.55, 225.00
577.88, 225.00
578.20, 226.00
578.53, 227.00
578.85, 250.00
579.18, 239.00
579.50, 230.00
579.83, 233.00
580.15, 230.00
580.48, 232.00
580.80, 238.00
581.13, 238.00
581.45, 232.00
581.78, 233.00
582.10, 241.00
582.43, 247.00
582.75, 247.00
583.08, 245.00
583.40, 240.00
583.73, 310.00
584.05, 244.00
584.38, 238.00
584.70, 285.00
585.03, 243.00
585.35, 247.00
585.67, 258.00
586.00, 302.00
586.32, 357.00
586.65, 388.00
586.97, 388.00
587.30, 343.00
587.62, 310.00
587.94, 307.00
588.27, 286.00
588.59, 265.00
588.92, 258.00
589.24, 252.00
589.56, 249.00
589.89, 249.00
590.21, 247.00
590.54, 244.00
590.86, 239.00
591.18, 244.00
591.51, 237.00
591.83, 254.00
592.15, 246.00
592.48, 253.00
592.80, 263.00
593.13, 251.00
593.45, 251.00
593.77, 252.00
594.10, 257.00
594.42, 256.00
594.74, 262.00
595.07, 268.00
595.39, 266.00
595.71, 281.00
596.03, 287.00
596.36, 278.00
596.68, 287.00
597.00, 286.00
597.33, 289.00
597.65, 297.00
597.97, 302.00
598.30, 293.00
598.62, 290.00
598.94, 289.00
599.26, 296.00
599.59, 288.00
599.91, 286.00
600.23, 281.00
600.55, 273.00
600.88, 264.00
601.20, 250.00
601.52, 250.00
601.84, 244.00
602.17, 230.00
602.49, 225.00
602.81, 225.00
603.13, 223.00
603.45, 226.00
603.78, 219.00
604.10, 213.00
604.42, 213.00
604.74, 210.00
605.07, 215.00
605.39, 209.00
605.71, 211.00
606.03, 212.00
606.35, 210.00
606.67, 214.00
607.00, 215.00
607.32, 215.00
607.64, 216.00
607.96, 213.00
608.28, 231.00
608.60, 233.00
608.93, 240.00
609.25, 267.00
609.57, 301.00
609.89, 371.00
610.21, 417.00
610.53, 440.00
610.85, 442.00
611.17, 417.00
611.50, 392.00
611.82, 372.00
612.14, 353.00
612.46, 337.00
612.78, 316.00
613.10, 309.00
613.42, 295.00
613.74, 302.00
614.06, 322.00
614.38, 304.00
614.70, 306.00
615.03, 308.00
615.35, 287.00
615.67, 360.00
615.99, 255.00
616.31, 239.00
616.63, 234.00
616.95, 222.00
617.27, 225.00
617.59, 222.00
617.91, 222.00
618.23, 213.00
618.55, 210.00
618.87, 211.00
619.19, 217.00
619.51, 217.00
619.83, 211.00
620.15, 208.00
620.47, 217.00
620.79, 220.00
621.11, 222.00
621.43, 219.00
621.75, 221.00
622.07, 219.00
622.39, 217.00
622.71, 213.00
623.03, 211.00
623.35, 254.00
623.67, 215.00
623.99, 211.00
624.31, 216.00
624.63, 211.00
624.95, 212.00
625.26, 208.00
625.58, 204.00
625.90, 232.00
626.22, 205.00
626.54, 207.00
626.86, 211.00
627.18, 209.00
627.50, 215.00
627.82, 208.00
628.14, 211.00
628.46, 218.00
628.77, 221.00
629.09, 222.00
629.41, 225.00
629.73, 228.00
630.05, 247.00
630.37, 238.00
630.69, 239.00
631.00, 251.00
631.32, 249.00
631.64, 236.00
631.96, 231.00
632.28, 230.00
632.60, 235.00
632.92, 232.00
633.23, 230.00
633.55, 238.00
633.87, 234.00
634.19, 244.00
634.51, 252.00
634.82, 268.00
635.14, 262.00
635.46, 261.00
635.78, 270.00
636.10, 273.00
636.41, 264.00
636.73, 256.00
637.05, 254.00
637.37, 259.00
637.68, 260.00
638.00, 256.00
638.32, 282.00
638.64, 316.00
638.95, 348.00
639.27, 339.00
639.59, 323.00
639.91, 297.00
640.22, 290.00
640.54, 278.00
640.86, 276.00
641.18, 270.00
641.49, 269.00
641.81, 253.00
642.13, 253.00
642.44, 236.00
642.76, 249.00
643.08, 235.00
643.40, 238.00
643.71, 243.00
644.03, 244.00
644.35, 246.00
644.66, 247.00
644.98, 239.00
645.30, 233.00
645.61, 240.00
645.93, 228.00
646.25, 220.00
646.56, 217.00
646.88, 241.00
647.19, 205.00
647.51, 211.00
647.83, 202.00
648.14, 194.00
648.46, 197.00
648.78, 201.00
649.09, 210.00
649.41, 247.00
649.72, 207.00
650.04, 230.00
650.36, 224.00
650.67, 226.00
650.99, 224.00
651.30, 231.00
651.62, 225.00
651.93, 235.00
652.25, 250.00
652.57, 266.00
652.88, 228.00
653.20, 231.00
653.51, 232.00
653.83, 225.00
654.14, 214.00
654.46, 218.00
654.77, 220.00
655.09, 221.00
655.40, 225.00
655.72, 211.00
656.04, 205.00
656.35, 206.00
656.67, 208.00
656.98, 210.00
657.30, 209.00
657.61, 215.00
657.93, 231.00
658.24, 229.00
658.55, 264.00
658.87, 229.00
659.18, 222.00
659.50, 228.00
659.81, 231.00
660.13, 225.00
660.44, 224.00
660.76, 233.00
661.07, 237.00
661.39, 222.00
661.70, 219.00
662.01, 208.00
662.33, 211.00
662.64, 211.00
662.96, 205.00
663.27, 200.00
663.59, 194.00
663.90, 187.00
664.21, 191.00
664.53, 210.00
664.84, 194.00
665.16, 212.00
665.47, 197.00
665.78, 193.00
666.10, 212.00
666.41, 231.00
666.72, 236.00
667.04, 237.00
667.35, 230.00
667.67, 222.00
667.98, 219.00
668.29, 212.00
668.61, 215.00
668.92, 202.00
669.23, 205.00
669.55, 209.00
669.86, 223.00
670.17, 201.00
670.48, 192.00
670.80, 192.00
671.11, 193.00
671.42, 191.00
671.74, 193.00
672.05, 184.00
672.36, 198.00
672.68, 189.00
672.99, 192.00
673.30, 191.00
673.61, 199.00
673.93, 206.00
674.24, 207.00
674.55, 205.00
674.86, 215.00
675.18, 212.00
675.49, 223.00
675.80, 217.00
676.11, 219.00
676.43, 218.00
676.74, 224.00
677.05, 215.00
677.36, 230.00
677.67, 218.00
677.99, 214.00
678.30, 212.00
678.61, 212.00
678.92, 206.00
679.23, 215.00
679.55, 205.00
679.86, 200.00
680.17, 199.00
680.48, 194.00
680.79, 199.00
681.10, 188.00
681.42, 192.00
681.73, 186.00
682.04, 182.00
682.35, 186.00
682.66, 198.00
682.97, 187.00
683.28, 192.00
683.60, 191.00
683.91, 189.00
684.22, 210.00
684.53, 189.00
684.84, 187.00
685.15, 188.00
685.46, 207.00
685.77, 184.00
686.08, 179.00
686.40, 211.00
686.71, 188.00
687.02, 178.00
687.33, 183.00
687.64, 171.00
687.95, 171.00
688.26, 171.00
688.57, 170.00
688.88, 180.00
689.19, 174.00
689.50, 175.00
689.81, 174.00
690.12, 173.00
690.43, 186.00
690.74, 173.00
691.05, 172.00
691.36, 180.00
691.67, 164.00
691.98, 172.00
692.29, 168.00
692.60, 175.00
692.91, 175.00
693.22, 167.00
693.53, 172.00
693.84, 173.00
694.15, 170.00
694.46, 172.00
694.77, 170.00
695.08, 173.00
695.39, 178.00
695.70, 172.00
696.01, 172.00
696.32, 167.00
696.63, 175.00
696.94, 173.00
697.25, 167.00
697.56, 170.00
697.87, 178.00
698.17, 206.00
698.48, 168.00
698.79, 166.00
699.10, 164.00
699.41, 177.00
699.72, 174.00
700.03, 167.00
700.34, 171.00
700.65, 177.00
700.95, 172.00
701.26, 167.00
701.57, 172.00
701.88, 173.00
702.19, 185.00
702.50, 179.00
702.81, 177.00
703.11, 197.00
703.42, 180.00
703.73, 180.00
704.04, 183.00
704.35, 188.00
704.66, 225.00
704.96, 369.00
705.27, 492.00
705.58, 572.00
705.89, 545.00
706.20, 427.00
706.50, 376.00
706.81, 332.00
707.12, 290.00
707.43, 258.00
707.73, 230.00
708.04, 208.00
708.35, 192.00
708.66, 184.00
708.97, 186.00
709.27, 179.00
709.58, 175.00
709.89, 175.00
710.19, 174.00
710.50, 182.00
710.81, 177.00
711.12, 172.00
711.42, 176.00
711.73, 185.00
712.04, 178.00
712.35, 175.00
712.65, 177.00
712.96, 181.00
713.27, 177.00
713.57, 197.00
713.88, 187.00
714.19, 173.00
714.49, 167.00
714.80, 173.00
715.11, 169.00
715.41, 170.00
715.72, 162.00
716.03, 168.00
716.33, 172.00
716.64, 170.00
716.94, 171.00
717.25, 168.00
717.56, 174.00
717.86, 170.00
718.17, 169.00
718.48, 165.00
718.78, 166.00
719.09, 168.00
719.39, 173.00
719.70, 168.00
720.01, 161.00
720.31, 162.00
720.62, 169.00
720.92, 168.00
721.23, 170.00
721.53, 177.00
721.84, 169.00
722.15, 172.00
722.45, 170.00
722.76, 173.00
723.06, 172.00
723.37, 171.00
723.67, 170.00
723.98, 169.00
724.28, 172.00
724.59, 179.00
724.89, 178.00
725.20, 173.00
725.50, 185.00
725.81, 174.00
726.11, 176.00
726.42, 174.00
726.72, 186.00
727.03, 224.00
727.33, 190.00
727.64, 190.00
727.94, 175.00
728.25, 185.00
728.55, 175.00
728.86, 192.00
729.16, 168.00
729.46, 172.00
729.77, 169.00
730.07, 162.00
730.38, 159.00
730.68, 162.00
730.99, 175.00
731.29, 164.00
731.59, 173.00
731.90, 166.00
732.20, 171.00
732.51, 175.00
732.81, 173.00
733.11, 175.00
733.42, 169.00
733.72, 175.00
734.02, 174.00
734.33, 167.00
734.63, 166.00
734.94, 163.00
735.24, 171.00
735.54, 169.00
735.85, 162.00
736.15, 162.00
736.45, 171.00
736.76, 169.00
737.06, 166.00
737.36, 172.00
737.67, 170.00
737.97, 169.00
738.27, 164.00
738.57, 167.00
738.88, 165.00
739.18, 194.00
739.48, 169.00
739.79, 166.00
740.09, 164.00
740.39, 165.00
740.69, 170.00
741.00, 164.00
741.30, 162.00
741.60, 168.00
741.90, 160.00
742.21, 163.00
742.51, 206.00
742.81, 179.00
743.11, 170.00
743.42, 196.00
743.72, 176.00
744.02, 178.00
744.32, 178.00
744.63, 182.00
744.93, 185.00
745.23, 186.00
745.53, 185.00
745.83, 189.00
746.13, 185.00
746.44, 180.00
746.74, 190.00
747.04, 183.00
747.34, 186.00
747.64, 184.00
747.94, 184.00
748.25, 187.00
748.55, 190.00
748.85, 188.00
749.15, 198.00
749.45, 215.00
749.75, 195.00
750.05, 182.00
750.35, 176.00
750.66, 189.00
750.96, 178.00
751.26, 169.00
751.56, 170.00
751.86, 169.00
752.16, 166.00
752.46, 166.00
752.76, 163.00
753.06, 164.00
753.36, 194.00
753.66, 162.00
753.96, 173.00
754.27, 158.00
754.57, 164.00
754.87, 165.00
755.17, 162.00
755.47, 160.00
755.77, 165.00
756.07, 171.00
756.37, 172.00
756.67, 174.00
756.97, 167.00
757.27, 177.00
757.57, 174.00
757.87, 178.00
758.17, 177.00
758.47, 177.00
758.77, 180.00
759.07, 177.00
759.37, 176.00
759.67, 176.00
759.97, 186.00
760.27, 177.00
760.57, 176.00
760.86, 175.00
761.16, 174.00
761.46, 173.00
761.76, 197.00
762.06, 167.00
762.36, 178.00
762.66, 170.00
762.96, 169.00
763.26, 167.00
763.56, 184.00
763.86, 171.00
764.16, 159.00
764.45, 182.00
764.75, 157.00
765.05, 164.00
765.35, 162.00
765.65, 163.00
765.95, 163.00
766.25, 172.00
766.55, 169.00
766.84, 170.00
767.14, 168.00
767.44, 166.00
767.74, 170.00
768.04, 168.00
768.34, 167.00
768.63, 175.00
768.93, 174.00
769.23, 178.00
769.53, 178.00
769.83, 180.00
770.12, 183.00
770.42, 178.00
770.72, 175.00
771.02, 173.00
771.32, 176.00
771.61, 175.00
771.91, 177.00
772.21, 173.00
772.51, 181.00
772.80, 175.00
773.10, 180.00
773.40, 181.00
773.70, 174.00
773.99, 185.00
774.29, 187.00
774.59, 186.00
774.88, 184.00
775.18, 209.00
775.48, 417.00
775.78, 987.00
776.07, 1476.00
776.37, 1662.00
776.67, 1413.00
776.96, 936.00
777.26, 708.00
777.56, 528.00
777.85, 469.00
778.15, 403.00
778.45, 356.00
778.74, 310.00
779.04, 255.00
779.34, 218.00
779.63, 194.00
779.93, 174.00
780.22, 173.00
780.52, 166.00
780.82, 161.00
781.11, 162.00
781.41, 160.00
781.71, 164.00
782.00, 163.00
782.30, 159.00
782.59, 164.00
782.89, 154.00
783.19, 158.00
783.48, 159.00
783.78, 158.00
784.07, 166.00
784.37, 164.00
784.66, 160.00
784.96, 152.00
785.25, 160.00
785.55, 155.00
785.84, 158.00
786.14, 162.00
786.44, 160.00
786.73, 168.00
787.03, 159.00
787.32, 159.00
787.62, 157.00
787.91, 160.00
788.21, 159.00
788.50, 159.00
788.80, 157.00
789.09, 161.00
789.39, 162.00
789.68, 157.00
789.97, 164.00
790.27, 163.00
790.56, 160.00
790.86, 169.00
791.15, 155.00
791.45, 163.00
791.74, 177.00
792.04, 156.00
792.33, 158.00
792.62, 177.00
792.92, 153.00
793.21, 160.00
793.51, 161.00
793.80, 158.00
794.09, 155.00
794.39, 152.00
794.68, 154.00
794.98, 156.00
795.27, 156.00
795.56, 149.00
795.86, 156.00
796.15, 152.00
796.44, 157.00
796.74, 155.00
797.03, 151.00
797.32, 152.00
797.62, 155.00
797.91, 163.00
798.20, 158.00
798.50, 165.00
798.79, 166.00
799.08, 159.00
799.38, 159.00
799.67, 154.00
799.96, 163.00
800.26, 176.00
800.55, 153.00
800.84, 159.00
801.13, 160.00
801.43, 159.00
801.72, 190.00
802.01, 156.00
802.30, 156.00
802.60, 154.00
802.89, 162.00
803.18, 154.00
803.47, 155.00
803.77, 159.00
804.06, 159.00
804.35, 166.00
804.64, 174.00
804.94, 158.00
805.23, 158.00
805.52, 156.00
805.81, 154.00
806.10, 155.00
806.39, 157.00
806.69, 157.00
806.98, 153.00
807.27, 157.00
807.56, 162.00
807.85, 162.00
808.14, 157.00
808.44, 161.00
808.73, 160.00
809.02, 174.00
809.31, 165.00
809.60, 164.00
809.89, 167.00
810.18, 153.00
810.48, 167.00
810.77, 159.00
811.06, 152.00
811.35, 158.00
811.64, 156.00
811.93, 174.00
812.22, 155.00
812.51, 161.00
812.80, 154.00
813.09, 156.00
813.38, 155.00
813.67, 173.00
813.96, 154.00
814.26, 150.00
814.55, 149.00
814.84, 151.00
815.13, 158.00
815.42, 153.00
815.71, 156.00
816.00, 153.00
816.29, 159.00
816.58, 157.00
816.87, 145.00
817.16, 152.00
817.45, 159.00
817.74, 160.00
818.03, 154.00
818.32, 158.00
818.61, 157.00
818.90, 155.00
819.19, 149.00
819.48, 152.00
819.76, 153.00
820.05, 153.00
820.34, 152.00
820.63, 154.00
820.92, 159.00
821.21, 156.00
821.50, 150.00
821.79, 151.00
822.08, 151.00
822.37, 154.00
822.66, 154.00
822.95, 153.00
823.23, 151.00
823.52, 176.00
823.81, 159.00
824.10, 152.00
824.39, 152.00
824.68, 153.00
824.97, 170.00
825.26, 154.00
825.54, 194.00
825.83, 154.00
826.12, 151.00
826.41, 152.00
826.70, 152.00
826.99, 163.00
827.27, 152.00
827.56, 170.00
827.85, 152.00
828.14, 151.00
828.43, 153.00
828.71, 153.00
829.00, 152.00
829.29, 154.00
829.58, 153.00
829.86, 151.00
830.15, 150.00
830.44, 151.00
830.73, 158.00
831.01, 153.00
831.30, 150.00
831.59, 153.00
831.88, 151.00
832.16, 149.00
832.45, 159.00
832.74, 154.00
833.03, 152.00
833.31, 143.00
833.60, 152.00
833.89, 147.00
834.17, 155.00
834.46, 150.00
834.75, 154.00
835.03, 153.00
835.32, 151.00
835.61, 152.00
835.89, 167.00
836.18, 149.00
836.47, 152.00
836.75, 152.00
837.04, 154.00
837.33, 158.00
837.61, 151.00
837.90, 152.00
838.19, 151.00
838.47, 152.00
838.76, 158.00
839.04, 152.00
839.33, 154.00
839.62, 147.00
839.90, 156.00
840.19, 156.00
840.47, 154.00
840.76, 174.00
841.04, 156.00
841.33, 158.00
841.62, 152.00
841.90, 154.00
842.19, 151.00
842.47, 293.00
842.76, 155.00
843.04, 158.00
843.33, 184.00
843.61, 176.00
843.90, 187.00
844.18, 184.00
844.47, 185.00
844.75, 181.00
845.04, 172.00
845.32, 172.00
845.61, 170.00
845.89, 165.00
846.18, 163.00
846.46, 163.00
846.75, 158.00
847.03, 170.00
847.32, 157.00
847.60, 156.00
847.88, 153.00
848.17, 154.00
848.45, 168.00
848.74, 161.00
849.02, 156.00
849.31, 156.00
849.59, 154.00
849.87, 151.00
850.16, 153.00
850.44, 157.00
850.73, 179.00
851.01, 157.00
851.29, 154.00
851.58, 153.00
851.86, 149.00
852.14, 154.00
852.43, 157.00
852.71, 157.00
853.00, 151.00
853.28, 160.00
853.56, 152.00
853.85, 154.00
854.13, 149.00
854.41, 154.00
854.69, 147.00
854.98, 152.00
855.26, 204.00
855.54, 151.00
855.83, 151.00
856.11, 157.00
856.39, 155.00
856.68, 153.00
856.96, 152.00
857.24, 155.00
857.52, 157.00
857.81, 149.00
858.09, 153.00
858.37, 152.00
858.65, 156.00
858.94, 156.00
859.22, 157.00
