190.05, 0.00
190.41, 151.00
190.77, 156.00
191.14, 159.00
191.50, 160.00
191.86, 177.00
192.22, 161.00
192.58, 164.00
192.94, 163.00
193.31, 162.00
193.67, 162.00
194.03, 168.00
194.39, 168.00
194.75, 165.00
195.11, 169.00
195.47, 174.00
195.84, 167.00
196.20, 171.00
196.56, 173.00
196.92, 164.00
197.28, 166.00
197.64, 165.00
198.00, 164.00
198.37, 166.00
198.73, 161.00
199.09, 166.00
199.45, 163.00
199.81, 166.00
200.17, 169.00
200.53, 162.00
200.89, 169.00
201.25, 190.00
201.62, 172.00
201.98, 162.00
202.34, 157.00
202.70, 168.00
203.06, 165.00
203.42, 165.00
203.78, 162.00
204.14, 164.00
204.50, 180.00
204.86, 170.00
205.22, 169.00
205.58, 167.00
205.95, 169.00
206.31, 161.00
206.67, 170.00
207.03, 165.00
207.39, 172.00
207.75, 163.00
208.11, 159.00
208.47, 167.00
208.83, 169.00
209.19, 167.00
209.55, 162.00
209.91, 167.00
210.27, 170.00
210.63, 165.00
210.99, 173.00
211.35, 166.00
211.71, 165.00
212.07, 161.00
212.43, 170.00
212.79, 166.00
213.15, 163.00
213.51, 165.00
213.87, 165.00
214.23, 169.00
214.59, 167.00
214.95, 168.00
215.31, 165.00
215.67, 166.00
216.03, 187.00
216.39, 162.00
216.75, 156.00
217.11, 167.00
217.47, 167.00
217.83, 163.00
218.19, 168.00
218.55, 167.00
218.91, 167.00
219.27, 166.00
219.63, 159.00
219.99, 164.00
220.35, 165.00
220.71, 169.00
221.07, 167.00
221.43, 168.00
221.79, 165.00
222.15, 173.00
222.51, 164.00
222.87, 163.00
223.23, 166.00
223.59, 169.00
223.95, 165.00
224.31, 160.00
224.67, 163.00
225.03, 170.00
225.39, 172.00
225.74, 166.00
226.10, 165.00
226.46, 168.00
226.82, 164.00
227.18, 163.00
227.54, 166.00
227.90, 164.00
228.26, 170.00
228.62, 172.00
228.98, 162.00
229.34, 160.00
229.69, 167.00
230.05, 173.00
230.41, 162.00
230.77, 171.00
231.13, 167.00
231.49, 161.00
231.85, 166.00
232.21, 166.00
232.57, 165.00
232.92, 164.00
233.28, 170.00
233.64, 164.00
234.00, 168.00
234.36, 164.00
234.72, 161.00
235.08, 166.00
235.44, 171.00
235.79, 166.00
236.15, 166.00
236.51, 162.00
236.87, 164.00
237.23, 166.00
237.59, 161.00
237.94, 173.00
238.30, 161.00
238.66, 159.00
239.02, 163.00
239.38, 162.00
239.74, 164.00
240.09, 171.00
240.45, 163.00
240.81, 163.00
241.17, 172.00
241.53, 162.00
241.89, 162.00
242.24, 164.00
242.60, 161.00
242.96, 167.00
243.32, 163.00
243.68, 157.00
244.03, 167.00
244.39, 169.00
244.75, 181.00
245.11, 160.00
245.46, 168.00
245.82, 183.00
246.18, 164.00
246.54, 167.00
246.90, 163.00
247.25, 161.00
247.61, 159.00
247.97, 192.00
248.33, 168.00
248.68, 165.00
249.04, 165.00
249.40, 161.00
249.76, 170.00
250.11, 168.00
250.47, 165.00
250.83, 168.00
251.19, 168.00
251.54, 172.00
251.90, 163.00
252.26, 168.00
252.62, 163.00
252.97, 168.00
253.33, 158.00
253.69, 161.00
254.05, 169.00
254.40, 165.00
254.76, 166.00
255.12, 189.00
255.47, 165.00
255.83, 170.00
256.19, 165.00
256.54, 164.00
256.90, 167.00
257.26, 165.00
257.62, 168.00
257.97, 158.00
258.33, 160.00
258.69, 166.00
259.04, 164.00
259.40, 164.00
259.76, 164.00
260.11, 158.00
260.47, 163.00
260.83, 167.00
261.18, 162.00
261.54, 171.00
261.90, 170.00
262.25, 163.00
262.61, 163.00
262.97, 162.00
263.32, 162.00
263.68, 163.00
264.04, 170.00
264.39, 163.00
264.75, 164.00
265.10, 167.00
265.46, 201.00
265.82, 175.00
266.17, 164.00
266.53, 165.00
266.89, 171.00
267.24, 172.00
267.60, 163.00
267.95, 164.00
268.31, 166.00
268.67, 161.00
269.02, 166.00
269.38, 166.00
269.74, 169.00
270.09, 166.00
270.45, 166.00
270.80, 184.00
271.16, 170.00
271.51, 173.00
271.87, 171.00
272.23, 170.00
272.58, 169.00
272.94, 170.00
273.29, 168.00
273.65, 199.00
274.00, 175.00
274.36, 167.00
274.72, 159.00
275.07, 160.00
275.43, 165.00
275.78, 170.00
276.14, 166.00
276.49, 168.00
276.85, 175.00
277.20, 182.00
277.56, 168.00
277.92, 166.00
278.27, 170.00
278.63, 169.00
278.98, 164.00
279.34, 172.00
279.69, 173.00
280.05, 186.00
280.40, 179.00
280.76, 186.00
281.11, 179.00
281.47, 175.00
281.82, 177.00
282.18, 174.00
282.53, 183.00
282.89, 183.00
283.24, 189.00
283.60, 183.00
283.95, 192.00
284.31, 197.00
284.66, 204.00
285.02, 204.00
285.37, 204.00
285.73, 202.00
286.08, 199.00
286.44, 184.00
286.79, 181.00
287.14, 179.00
287.50, 179.00
287.85, 172.00
288.21, 177.00
288.56, 177.00
288.92, 183.00
289.27, 185.00
289.63, 187.00
289.98, 180.00
290.34, 183.00
290.69, 191.00
291.04, 174.00
291.40, 174.00
291.75, 178.00
292.11, 180.00
292.46, 174.00
292.81, 188.00
293.17, 188.00
293.52, 188.00
293.88, 196.00
294.23, 208.00
294.59, 214.00
294.94, 230.00
295.29, 246.00
295.65, 257.00
296.00, 258.00
296.36, 237.00
296.71, 224.00
297.06, 232.00
297.42, 243.00
297.77, 238.00
298.12, 213.00
298.48, 219.00
298.83, 210.00
299.19, 216.00
299.54, 225.00
299.89, 223.00
300.25, 220.00
300.60, 217.00
300.95, 209.00
301.31, 195.00
301.66, 189.00
302.01, 191.00
302.37, 190.00
302.72, 197.00
303.07, 197.00
303.43, 205.00
303.78, 209.00
304.13, 213.00
304.49, 215.00
304.84, 219.00
305.19, 231.00
305.55, 206.00
305.90, 231.00
306.25, 274.00
306.61, 355.00
306.96, 406.00
307.31, 521.00
307.66, 704.00
308.02, 881.00
308.37, 1048.00
308.72, 1142.00
309.08, 1158.00
309.43, 1039.00
309.78, 929.00
310.13, 806.00
310.49, 708.00
310.84, 588.00
311.19, 536.00
311.54, 466.00
311.90, 427.00
312.25, 413.00
312.60, 426.00
312.95, 489.00
313.31, 531.00
313.66, 533.00
314.01, 524.00
314.36, 552.00
314.72, 632.00
315.07, 808.00
315.42, 939.00
315.77, 954.00
316.13, 776.00
316.48, 525.00
316.83, 388.00
317.18, 300.00
317.54, 250.00
317.89, 227.00
318.24, 215.00
318.59, 218.00
318.94, 207.00
319.30, 212.00
319.65, 221.00
320.00, 227.00
320.35, 227.00
320.70, 223.00
321.05, 223.00
321.41, 216.00
321.76, 218.00
322.11, 212.00
322.46, 211.00
322.81, 235.00
323.17, 204.00
323.52, 203.00
323.87, 204.00
324.22, 204.00
324.57, 210.00
324.92, 220.00
325.27, 222.00
325.63, 239.00
325.98, 237.00
326.33, 258.00
326.68, 257.00
327.03, 247.00
327.38, 249.00
327.73, 266.00
328.09, 266.00
328.44, 291.00
328.79, 252.00
329.14, 271.00
329.49, 242.00
329.84, 237.00
330.19, 248.00
330.54, 238.00
330.89, 237.00
331.25, 222.00
331.60, 223.00
331.95, 222.00
332.30, 222.00
332.65, 246.00
333.00, 254.00
333.35, 300.00
333.70, 315.00
334.05, 296.00
334.40, 322.00
334.75, 370.00
335.10, 489.00
335.45, 663.00
335.81, 928.00
336.16, 1359.00
336.51, 1754.00
336.86, 1737.00
337.21, 1504.00
337.56, 942.00
337.91, 629.00
338.26, 403.00
338.61, 292.00
338.96, 261.00
339.31, 237.00
339.66, 229.00
340.01, 226.00
340.36, 216.00
340.71, 206.00
341.06, 214.00
341.41, 211.00
341.76, 209.00
342.11, 205.00
342.46, 208.00
342.81, 213.00
343.16, 212.00
343.51, 213.00
343.86, 216.00
344.21, 215.00
344.56, 222.00
344.91, 215.00
345.26, 218.00
345.61, 211.00
345.96, 216.00
346.31, 214.00
346.66, 234.00
347.01, 212.00
347.36, 229.00
347.71, 207.00
348.06, 210.00
348.41, 230.00
348.76, 240.00
349.10, 252.00
349.45, 271.00
349.80, 262.00
350.15, 253.00
350.50, 249.00
350.85, 253.00
351.20, 274.00
351.55, 314.00
351.90, 366.00
352.25, 445.00
352.60, 578.00
352.95, 686.00
353.30, 734.00
353.64, 648.00
353.99, 509.00
354.34, 440.00
354.69, 393.00
355.04, 389.00
355.39, 470.00
355.74, 587.00
356.09, 758.00
356.44, 981.00
356.78, 1268.00
357.13, 1396.00
357.48, 1314.00
357.83, 992.00
358.18, 721.00
358.53, 480.00
358.88, 334.00
359.22, 270.00
359.57, 233.00
359.92, 227.00
360.27, 220.00
360.62, 216.00
360.97, 215.00
361.32, 223.00
361.66, 215.00
362.01, 224.00
362.36, 223.00
362.71, 227.00
363.06, 231.00
363.40, 231.00
363.75, 234.00
364.10, 234.00
364.45, 236.00
364.80, 236.00
365.14, 237.00
365.49, 249.00
365.84, 253.00
366.19, 268.00
366.54, 264.00
366.88, 273.00
367.23, 248.00
367.58, 273.00
367.93, 233.00
368.28, 241.00
368.62, 234.00
368.97, 251.00
369.32, 270.00
369.67, 292.00
370.01, 348.00
370.36, 361.00
370.71, 372.00
371.06, 317.00
371.40, 301.00
371.75, 261.00
372.10, 248.00
372.45, 251.00
372.79, 273.00
373.14, 299.00
373.49, 347.00
373.83, 403.00
374.18, 486.00
374.53, 596.00
374.88, 641.00
375.22, 663.00
375.57, 521.00
375.92, 420.00
376.26, 338.00
376.61, 274.00
376.96, 249.00
377.30, 270.00
377.65, 275.00
378.00, 320.00
378.35, 355.00
378.69, 438.00
379.04, 522.00
379.39, 679.00
379.73, 755.00
380.08, 744.00
380.43, 595.00
380.77, 447.00
381.12, 380.00
381.47, 316.00
381.81, 279.00
382.16, 256.00
382.50, 239.00
382.85, 285.00
383.20, 238.00
383.54, 242.00
383.89, 242.00
384.24, 250.00
384.58, 262.00
384.93, 287.00
385.27, 283.00
385.62, 276.00
385.97, 275.00
386.31, 278.00
386.66, 289.00
387.00, 273.00
387.35, 285.00
387.70, 301.00
388.04, 366.00
388.39, 361.00
388.73, 406.00
389.08, 438.00
389.43, 484.00
389.77, 517.00
390.12, 606.00
390.46, 733.00
390.81, 777.00
391.15, 749.00
391.50, 611.00
391.85, 467.00
392.19, 391.00
392.54, 338.00
392.88, 328.00
393.23, 340.00
393.57, 334.00
393.92, 338.00
394.26, 301.00
394.61, 272.00
394.95, 261.00
395.30, 233.00
395.64, 229.00
395.99, 261.00
396.33, 235.00
396.68, 246.00
397.02, 250.00
397.37, 269.00
397.71, 303.00
398.06, 334.00
398.40, 381.00
398.75, 431.00
399.09, 444.00
399.44, 450.00
399.78, 385.00
400.13, 333.00
400.47, 277.00
400.82, 253.00
401.16, 239.00
401.51, 237.00
401.85, 232.00
402.20, 230.00
402.54, 241.00
402.88, 250.00
403.23, 254.00
403.57, 283.00
403.92, 319.00
404.26, 384.00
404.61, 381.00
404.95, 427.00
405.30, 405.00
405.64, 373.00
405.98, 350.00
406.33, 300.00
406.67, 264.00
407.02, 251.00
407.36, 249.00
407.70, 254.00
408.05, 251.00
408.39, 257.00
408.74, 275.00
409.08, 282.00
409.42, 258.00
409.77, 248.00
410.11, 248.00
410.46, 245.00
410.80, 254.00
411.14, 253.00
411.49, 260.00
411.83, 261.00
412.17, 258.00
412.52, 278.00
412.86, 294.00
413.20, 298.00
413.55, 303.00
413.89, 280.00
414.23, 274.00
414.58, 284.00
414.92, 247.00
415.26, 241.00
415.61, 241.00
415.95, 244.00
416.29, 246.00
416.64, 246.00
416.98, 252.00
417.32, 258.00
417.67, 278.00
418.01, 286.00
418.35, 294.00
418.70, 328.00
419.04, 346.00
419.38, 338.00
419.72, 330.00
420.07, 314.00
420.41, 267.00
420.75, 264.00
421.10, 249.00
421.44, 239.00
421.78, 242.00
422.12, 240.00
422.47, 243.00
422.81, 250.00
423.15, 264.00
423.49, 259.00
423.84, 257.00
424.18, 267.00
424.52, 276.00
424.86, 296.00
425.21, 346.00
425.55, 353.00
425.89, 402.00
426.23, 440.00
426.57, 480.00
426.92, 475.00
427.26, 477.00
427.60, 404.00
427.94, 339.00
428.28, 294.00
428.63, 275.00
428.97, 255.00
429.31, 247.00
429.65, 238.00
429.99, 240.00
430.34, 237.00
430.68, 239.00
431.02, 254.00
431.36, 238.00
431.70, 248.00
432.04, 257.00
432.39, 267.00
432.73, 268.00
433.07, 283.00
433.41, 291.00
433.75, 296.00
434.09, 297.00
434.43, 309.00
434.78, 356.00
435.12, 397.00
435.46, 429.00
435.80, 388.00
436.14, 368.00
436.48, 318.00
436.82, 311.00
437.16, 289.00
437.51, 269.00
437.85, 265.00
438.19, 293.00
438.53, 266.00
438.87, 269.00
439.21, 271.00
439.55, 275.00
439.89, 285.00
440.23, 288.00
440.57, 294.00
440.91, 295.00
441.26, 291.00
441.60, 277.00
441.94, 273.00
442.28, 258.00
442.62, 265.00
442.96, 259.00
443.30, 261.00
443.64, 251.00
443.98, 254.00
444.32, 265.00
444.66, 245.00
445.00, 253.00
445.34, 252.00
445.68, 265.00
446.02, 258.00
446.36, 259.00
446.70, 256.00
447.04, 259.00
447.38, 283.00
447.72, 282.00
448.06, 280.00
448.40, 281.00
448.74, 273.00
449.08, 269.00
449.42, 261.00
449.76, 254.00
450.10, 255.00
450.44, 246.00
450.78, 247.00
451.12, 253.00
451.46, 245.00
451.80, 257.00
452.14, 238.00
452.48, 241.00
452.82, 255.00
453.16, 241.00
453.50, 251.00
453.84, 242.00
454.18, 276.00
454.52, 262.00
454.86, 268.00
455.19, 272.00
455.53, 261.00
455.87, 269.00
456.21, 285.00
456.55, 277.00
456.89, 279.00
457.23, 270.00
457.57, 265.00
457.91, 268.00
458.25, 266.00
458.59, 274.00
458.92, 280.00
459.26, 268.00
459.60, 279.00
459.94, 271.00
460.28, 257.00
460.62, 264.00
460.96, 256.00
461.30, 245.00
461.63, 254.00
461.97, 256.00
462.31, 254.00
462.65, 260.00
462.99, 267.00
463.33, 258.00
463.67, 270.00
464.00, 274.00
464.34, 269.00
464.68, 272.00
465.02, 287.00
465.36, 285.00
465.70, 273.00
466.03, 281.00
466.37, 261.00
466.71, 263.00
467.05, 273.00
467.39, 282.00
467.72, 288.00
468.06, 295.00
468.40, 307.00
468.74, 294.00
469.08, 300.00
469.41, 316.00
469.75, 320.00
470.09, 324.00
470.43, 329.00
470.76, 315.00
471.10, 314.00
471.44, 321.00
471.78, 301.00
472.11, 310.00
472.45, 294.00
472.79, 290.00
473.13, 287.00
473.46, 293.00
473.80, 285.00
474.14, 283.00
474.48, 287.00
474.81, 280.00
475.15, 280.00
475.49, 286.00
475.82, 291.00
476.16, 282.00
476.50, 280.00
476.84, 275.00
477.17, 272.00
477.51, 280.00
477.85, 280.00
478.18, 292.00
478.52, 288.00
478.86, 329.00
479.19, 301.00
479.53, 287.00
479.87, 333.00
480.20, 298.00
480.54, 299.00
480.88, 297.00
481.21, 293.00
481.55, 302.00
481.89, 291.00
482.22, 300.00
482.56, 310.00
482.90, 307.00
483.23, 322.00
483.57, 322.00
483.90, 319.00
484.24, 328.00
484.58, 335.00
484.91, 340.00
485.25, 344.00
485.58, 349.00
485.92, 365.00
486.26, 357.00
486.59, 357.00
486.93, 366.00
487.26, 365.00
487.60, 383.00
487.94, 369.00
488.27, 359.00
488.61, 365.00
488.94, 366.00
489.28, 362.00
489.61, 354.00
489.95, 357.00
490.29, 367.00
490.62, 366.00
490.96, 365.00
491.29, 367.00
491.63, 359.00
491.96, 341.00
492.30, 351.00
492.63, 342.00
492.97, 346.00
493.30, 340.00
493.64, 336.00
493.97, 337.00
494.31, 335.00
494.64, 349.00
494.98, 338.00
495.31, 336.00
495.65, 331.00
495.98, 340.00
496.32, 326.00
496.65, 356.00
496.99, 329.00
497.32, 320.00
497.66, 327.00
497.99, 310.00
498.33, 316.00
498.66, 313.00
499.00, 319.00
499.33, 304.00
499.67, 300.00
500.00, 309.00
500.34, 314.00
500.67, 298.00
501.00, 302.00
501.34, 302.00
501.67, 302.00
502.01, 299.00
502.34, 295.00
502.68, 294.00
503.01, 312.00
503.34, 310.00
503.68, 301.00
504.01, 310.00
504.35, 316.00
504.68, 312.00
505.01, 304.00
505.35, 307.00
505.68, 306.00
506.02, 314.00
506.35, 307.00
506.68, 324.00
507.02, 303.00
507.35, 312.00
507.68, 305.00
508.02, 311.00
508.35, 309.00
508.69, 298.00
509.02, 303.00
509.35, 304.00
509.69, 295.00
510.02, 302.00
510.35, 302.00
510.69, 291.00
511.02, 294.00
511.35, 286.00
511.69, 290.00
512.02, 292.00
512.35, 291.00
512.68, 292.00
513.02, 287.00
513.35, 288.00
513.68, 281.00
514.02, 289.00
514.35, 285.00
514.68, 289.00
515.01, 288.00
515.35, 299.00
515.68, 283.00
516.01, 281.00
516.35, 286.00
516.68, 289.00
517.01, 286.00
517.34, 292.00
517.68, 284.00
518.01, 289.00
518.34, 282.00
518.67, 285.00
519.01, 286.00
519.34, 291.00
519.67, 290.00
520.00, 294.00
520.33, 284.00
520.67, 287.00
521.00, 281.00
521.33, 289.00
521.66, 287.00
522.00, 283.00
522.33, 285.00
522.66, 293.00
522.99, 286.00
523.32, 285.00
523.65, 279.00
523.99, 289.00
524.32, 284.00
524.65, 285.00
524.98, 288.00
525.31, 285.00
525.65, 308.00
525.98, 280.00
526.31, 284.00
526.64, 285.00
526.97, 283.00
527.30, 278.00
527.63, 276.00
527.97, 277.00
528.30, 278.00
528.63, 286.00
528.96, 296.00
529.29, 278.00
529.62, 287.00
529.95, 269.00
530.28, 275.00
530.61, 276.00
530.95, 270.00
531.28, 276.00
531.61, 271.00
531.94, 275.00
532.27, 286.00
532.60, 285.00
532.93, 285.00
533.26, 280.00
533.59, 278.00
533.92, 280.00
534.25, 282.00
534.58, 306.00
534.91, 280.00
535.25, 276.00
535.58, 282.00
535.91, 278.00
536.24, 276.00
536.57, 283.00
536.90, 289.00
537.23, 293.00
537.56, 321.00
537.89, 298.00
538.22, 304.00
538.55, 302.00
538.88, 316.00
539.21, 409.00
539.54, 337.00
539.87, 337.00
540.20, 368.00
540.53, 387.00
540.86, 444.00
541.19, 456.00
541.52, 496.00
541.85, 520.00
542.18, 548.00
542.51, 548.00
542.84, 566.00
543.17, 545.00
543.50, 547.00
543.82, 552.00
544.15, 538.00
544.48, 544.00
544.81, 567.00
545.14, 593.00
545.47, 559.00
545.80, 536.00
546.13, 483.00
546.46, 473.00
546.79, 434.00
547.12, 389.00
547.45, 379.00
547.78, 366.00
548.10, 356.00
548.43, 358.00
548.76, 343.00
549.09, 346.00
549.42, 335.00
549.75, 330.00
550.08, 329.00
550.41, 328.00
550.74, 325.00
551.06, 315.00
551.39, 316.00
551.72, 321.00
552.05, 312.00
552.38, 306.00
552.71, 299.00
553.03, 294.00
553.36, 300.00
553.69, 293.00
554.02, 277.00
554.35, 289.00
554.68, 278.00
555.00, 280.00
555.33, 270.00
555.66, 270.00
555.99, 283.00
556.32, 274.00
556.64, 277.00
556.97, 281.00
557.30, 274.00
557.63, 269.00
557.96, 273.00
558.28, 278.00
558.61, 274.00
558.94, 274.00
559.27, 273.00
559.59, 269.00
559.92, 266.00
560.25, 263.00
560.58, 265.00
560.90, 263.00
561.23, 258.00
561.56, 259.00
561.89, 261.00
562.21, 261.00
562.54, 258.00
562.87, 263.00
563.20, 251.00
563.52, 253.00
563.85, 254.00
564.18, 258.00
564.50, 248.00
564.83, 282.00
565.16, 290.00
565.48, 253.00
565.81, 252.00
566.14, 244.00
566.47, 242.00
566.79, 250.00
567.12, 242.00
567.45, 267.00
567.77, 245.00
568.10, 252.00
568.43, 247.00
568.75, 248.00
569.08, 249.00
569.40, 273.00
569.73, 250.00
570.06, 247.00
570.38, 244.00
570.71, 247.00
571.04, 244.00
571.36, 248.00
571.69, 246.00
572.01, 249.00
572.34, 248.00
572.67, 255.00
572.99, 248.00
573.32, 257.00
573.64, 245.00
573.97, 247.00
574.30, 243.00
574.62, 247.00
574.95, 251.00
575.27, 243.00
575.60, 258.00
575.92, 259.00
576.25, 267.00
576.58, 265.00
576.90, 264.00
577.23, 286.00
577.55, 261.00
577.88, 267.00
578.20, 266.00
578.53, 275.00
578.85, 281.00
579.18, 289.00
579.50, 283.00
579.83, 282.00
580.15, 284.00
580.48, 282.00
580.80, 274.00
581.13, 281.00
581.45, 278.00
581.78, 287.00
582.10, 292.00
582.43, 290.00
582.75, 299.00
583.08, 290.00
583.40, 303.00
583.73, 346.00
584.05, 294.00
584.38, 292.00
584.70, 313.00
585.03, 297.00
585.35, 285.00
585.67, 285.00
586.00, 301.00
586.32, 315.00
586.65, 326.00
586.97, 332.00
587.30, 326.00
587.62, 304.00
587.94, 324.00
588.27, 297.00
588.59, 297.00
588.92, 290.00
589.24, 292.00
589.56, 298.00
589.89, 292.00
590.21, 281.00
590.54, 271.00
590.86, 271.00
591.18, 281.00
591.51, 286.00
591.83, 294.00
592.15, 297.00
592.48, 294.00
592.80, 300.00
593.13, 291.00
593.45, 294.00
593.77, 288.00
594.10, 287.00
594.42, 287.00
594.74, 282.00
595.07, 279.00
595.39, 285.00
595.71, 276.00
596.03, 280.00
596.36, 280.00
596.68, 288.00
597.00, 285.00
597.33, 289.00
597.65, 291.00
597.97, 297.00
598.30, 300.00
598.62, 289.00
598.94, 295.00
599.26, 295.00
599.59, 297.00
599.91, 298.00
600.23, 290.00
600.55, 288.00
600.88, 282.00
601.20, 270.00
601.52, 260.00
601.84, 265.00
602.17, 262.00
602.49, 255.00
602.81, 250.00
603.13, 255.00
603.45, 260.00
603.78, 255.00
604.10, 252.00
604.42, 247.00
604.74, 260.00
605.07, 252.00
605.39, 247.00
605.71, 247.00
606.03, 257.00
606.35, 247.00
606.67, 252.00
607.00, 256.00
607.32, 249.00
607.64, 255.00
607.96, 252.00
608.28, 264.00
608.60, 262.00
608.93, 280.00
609.25, 305.00
609.57, 356.00
609.89, 427.00
610.21, 487.00
610.53, 550.00
610.85, 545.00
611.17, 521.00
611.50, 489.00
611.82, 474.00
612.14, 438.00
612.46, 420.00
612.78, 392.00
613.10, 384.00
613.42, 356.00
613.74, 358.00
614.06, 357.00
614.38, 333.00
614.70, 320.00
615.03, 319.00
615.35, 311.00
615.67, 370.00
615.99, 276.00
616.31, 273.00
616.63, 274.00
616.95, 261.00
617.27, 265.00
617.59, 254.00
617.91, 252.00
618.23, 261.00
618.55, 251.00
618.87, 250.00
619.19, 251.00
619.51, 256.00
619.83, 252.00
620.15, 254.00
620.47, 257.00
620.79, 248.00
621.11, 259.00
621.43, 247.00
621.75, 255.00
622.07, 255.00
622.39, 248.00
622.71, 243.00
623.03, 249.00
623.35, 276.00
623.67, 248.00
623.99, 247.00
624.31, 244.00
624.63, 252.00
624.95, 235.00
625.26, 245.00
625.58, 233.00
625.90, 261.00
626.22, 246.00
626.54, 234.00
626.86, 243.00
627.18, 240.00
627.50, 243.00
627.82, 241.00
628.14, 246.00
628.46, 250.00
628.77, 253.00
629.09, 253.00
629.41, 265.00
629.73, 259.00
630.05, 279.00
630.37, 271.00
630.69, 279.00
631.00, 273.00
631.32, 270.00
631.64, 252.00
631.96, 252.00
632.28, 246.00
632.60, 249.00
632.92, 248.00
633.23, 244.00
633.55, 246.00
633.87, 240.00
634.19, 245.00
634.51, 247.00
634.82, 255.00
635.14, 256.00
635.46, 247.00
635.78, 248.00
636.10, 246.00
636.41, 250.00
636.73, 239.00
637.05, 247.00
637.37, 248.00
637.68, 252.00
638.00, 254.00
638.32, 251.00
638.64, 246.00
638.95, 258.00
639.27, 246.00
639.59, 247.00
639.91, 246.00
640.22, 237.00
640.54, 242.00
640.86, 242.00
641.18, 251.00
641.49, 265.00
641.81, 254.00
642.13, 266.00
642.44, 251.00
642.76, 255.00
643.08, 253.00
643.40, 255.00
643.71, 256.00
644.03, 261.00
644.35, 264.00
644.66, 271.00
644.98, 266.00
645.30, 269.00
645.61, 272.00
645.93, 267.00
646.25, 244.00
646.56, 252.00
646.88, 270.00
647.19, 248.00
647.51, 243.00
647.83, 239.00
648.14, 245.00
648.46, 244.00
648.78, 245.00
649.09, 251.00
649.41, 296.00
649.72, 266.00
650.04, 279.00
650.36, 278.00
650.67, 279.00
650.99, 277.00
651.30, 281.00
651.62, 281.00
651.93, 284.00
652.25, 299.00
652.57, 308.00
652.88, 291.00
653.20, 287.00
653.51, 286.00
653.83, 266.00
654.14, 255.00
654.46, 255.00
654.77, 253.00
655.09, 255.00
655.40, 264.00
655.72, 259.00
656.04, 243.00
656.35, 260.00
656.67, 244.00
656.98, 250.00
657.30, 250.00
657.61, 245.00
657.93, 252.00
658.24, 253.00
658.55, 280.00
658.87, 261.00
659.18, 263.00
659.50, 267.00
659.81, 269.00
660.13, 266.00
660.44, 266.00
660.76, 261.00
661.07, 277.00
661.39, 266.00
661.70, 258.00
662.01, 247.00
662.33, 249.00
662.64, 245.00
662.96, 236.00
663.27, 234.00
663.59, 226.00
663.90, 227.00
664.21, 219.00
664.53, 244.00
664.84, 225.00
665.16, 248.00
665.47, 232.00
665.78, 234.00
666.10, 234.00
666.41, 232.00
666.72, 244.00
667.04, 243.00
667.35, 242.00
667.67, 236.00
667.98, 244.00
668.29, 238.00
668.61, 241.00
668.92, 243.00
669.23, 241.00
669.55, 232.00
669.86, 255.00
670.17, 226.00
670.48, 229.00
670.80, 219.00
671.11, 222.00
671.42, 221.00
671.74, 224.00
672.05, 226.00
672.36, 226.00
672.68, 222.00
672.99, 222.00
673.30, 228.00
673.61, 243.00
673.93, 244.00
674.24, 246.00
674.55, 252.00
674.86, 254.00
675.18, 262.00
675.49, 262.00
675.80, 262.00
676.11, 266.00
676.43, 267.00
676.74, 261.00
677.05, 269.00
677.36, 274.00
677.67, 255.00
677.99, 256.00
678.30, 246.00
678.61, 239.00
678.92, 231.00
679.23, 237.00
679.55, 228.00
679.86, 228.00
680.17, 219.00
680.48, 212.00
680.79, 225.00
681.10, 213.00
681.42, 213.00
681.73, 209.00
682.04, 205.00
682.35, 211.00
682.66, 215.00
682.97, 211.00
683.28, 217.00
683.60, 212.00
683.91, 212.00
684.22, 227.00
684.53, 217.00
684.84, 207.00
685.15, 211.00
685.46, 232.00
685.77, 208.00
686.08, 215.00
686.40, 240.00
686.71, 213.00
687.02, 212.00
687.33, 197.00
687.64, 199.00
687.95, 200.00
688.26, 196.00
688.57, 200.00
688.88, 199.00
689.19, 197.00
689.50, 195.00
689.81, 201.00
690.12, 193.00
690.43, 208.00
690.74, 191.00
691.05, 191.00
691.36, 207.00
691.67, 195.00
691.98, 188.00
692.29, 195.00
692.60, 197.00
692.91, 201.00
693.22, 193.00
693.53, 200.00
693.84, 198.00
694.15, 189.00
694.46, 198.00
694.77, 187.00
695.08, 199.00
695.39, 202.00
695.70, 188.00
696.01, 194.00
696.32, 184.00
696.63, 194.00
696.94, 201.00
697.25, 189.00
697.56, 199.00
697.87, 193.00
698.17, 217.00
698.48, 194.00
698.79, 193.00
699.10, 192.00
699.41, 193.00
699.72, 192.00
700.03, 187.00
700.34, 197.00
700.65, 190.00
700.95, 190.00
701.26, 193.00
701.57, 191.00
701.88, 190.00
702.19, 202.00
702.50, 187.00
702.81, 181.00
703.11, 212.00
703.42, 191.00
703.73, 198.00
704.04, 203.00
704.35, 194.00
704.66, 202.00
704.96, 213.00
705.27, 219.00
705.58, 236.00
705.89, 240.00
706.20, 234.00
706.50, 228.00
706.81, 230.00
707.12, 217.00
707.43, 223.00
707.73, 221.00
708.04, 210.00
708.35, 216.00
708.66, 207.00
708.97, 204.00
709.27, 205.00
709.58, 195.00
709.89, 192.00
710.19, 194.00
710.50, 206.00
710.81, 201.00
711.12, 212.00
711.42, 207.00
711.73, 208.00
712.04, 210.00
712.35, 200.00
712.65, 204.00
712.96, 203.00
713.27, 204.00
713.57, 213.00
713.88, 210.00
714.19, 186.00
714.49, 196.00
714.80, 187.00
715.11, 189.00
715.41, 185.00
715.72, 186.00
716.03, 186.00
716.33, 190.00
716.64, 184.00
716.94, 186.00
717.25, 186.00
717.56, 191.00
717.86, 192.00
718.17, 181.00
718.48, 180.00
718.78, 179.00
719.09, 183.00
719.39, 184.00
719.70, 182.00
720.01, 182.00
720.31, 183.00
720.62, 181.00
720.92, 185.00
721.23, 193.00
721.53, 190.00
721.84, 185.00
722.15, 197.00
722.45, 194.00
722.76, 192.00
723.06, 188.00
723.37, 191.00
723.67, 194.00
723.98, 193.00
724.28, 192.00
724.59, 198.00
724.89, 193.00
725.20, 187.00
725.50, 200.00
725.81, 188.00
726.11, 187.00
726.42, 190.00
726.72, 188.00
727.03, 215.00
727.33, 188.00
727.64, 192.00
727.94, 184.00
728.25, 187.00
728.55, 189.00
728.86, 200.00
729.16, 178.00
729.46, 180.00
729.77, 184.00
730.07, 181.00
730.38, 182.00
730.68, 186.00
730.99, 192.00
731.29, 183.00
731.59, 192.00
731.90, 186.00
732.20, 187.00
732.51, 191.00
732.81, 190.00
733.11, 194.00
733.42, 189.00
733.72, 192.00
734.02, 194.00
734.33, 191.00
734.63, 196.00
734.94, 181.00
735.24, 192.00
735.54, 189.00
735.85, 192.00
736.15, 182.00
736.45, 191.00
736.76, 191.00
737.06, 183.00
737.36, 191.00
737.67, 185.00
737.97, 188.00
738.27, 184.00
738.57, 184.00
738.88, 180.00
739.18, 210.00
739.48, 188.00
739.79, 183.00
740.09, 189.00
740.39, 188.00
740.69, 191.00
741.00, 180.00
741.30, 195.00
741.60, 183.00
741.90, 194.00
742.21, 191.00
742.51, 223.00
742.81, 192.00
743.11, 191.00
743.42, 221.00
743.72, 198.00
744.02, 209.00
744.32, 204.00
744.63, 213.00
744.93, 214.00
745.23, 226.00
745.53, 229.00
745.83, 225.00
746.13, 216.00
746.44, 216.00
746.74, 221.00
747.04, 220.00
747.34, 218.00
747.64, 219.00
747.94, 225.00
748.25, 226.00
748.55, 222.00
748.85, 220.00
749.15, 224.00
749.45, 239.00
749.75, 225.00
750.05, 213.00
750.35, 204.00
750.66, 209.00
750.96, 201.00
751.26, 201.00
751.56, 195.00
751.86, 193.00
752.16, 183.00
752.46, 181.00
752.76, 178.00
753.06, 178.00
753.36, 215.00
753.66, 184.00
753.96, 184.00
754.27, 184.00
754.57, 182.00
754.87, 184.00
755.17, 190.00
755.47, 187.00
755.77, 186.00
756.07, 190.00
756.37, 191.00
756.67, 196.00
756.97, 198.00
757.27, 203.00
757.57, 203.00
757.87, 202.00
758.17, 200.00
758.47, 204.00
758.77, 200.00
759.07, 200.00
759.37, 196.00
759.67, 202.00
759.97, 206.00
760.27, 204.00
760.57, 203.00
760.86, 198.00
761.16, 201.00
761.46, 194.00
761.76, 226.00
762.06, 188.00
762.36, 200.00
762.66, 192.00
762.96, 191.00
763.26, 186.00
763.56, 205.00
763.86, 194.00
764.16, 184.00
764.45, 189.00
764.75, 178.00
765.05, 183.00
765.35, 184.00
765.65, 177.00
765.95, 180.00
766.25, 177.00
766.55, 190.00
766.84, 186.00
767.14, 184.00
767.44, 180.00
767.74, 185.00
768.04, 188.00
768.34, 185.00
768.63, 187.00
768.93, 190.00
769.23, 200.00
769.53, 197.00
769.83, 198.00
770.12, 197.00
770.42, 200.00
770.72, 199.00
771.02, 197.00
771.32, 191.00
771.61, 204.00
771.91, 202.00
772.21, 192.00
772.51, 194.00
772.80, 200.00
773.10, 196.00
773.40, 203.00
773.70, 195.00
773.99, 201.00
774.29, 196.00
774.59, 195.00
774.88, 188.00
775.18, 201.00
775.48, 257.00
775.78, 469.00
776.07, 683.00
776.37, 801.00
776.67, 776.00
776.96, 601.00
777.26, 491.00
777.56, 378.00
777.85, 342.00
778.15, 316.00
778.45, 303.00
778.74, 279.00
779.04, 248.00
779.34, 215.00
779.63, 201.00
779.93, 180.00
780.22, 183.00
780.52, 175.00
780.82, 174.00
781.11, 176.00
781.41, 168.00
781.71, 171.00
782.00, 176.00
782.30, 168.00
782.59, 182.00
782.89, 173.00
783.19, 177.00
783.48, 171.00
783.78, 180.00
784.07, 181.00
784.37, 168.00
784.66, 175.00
784.96, 171.00
785.25, 169.00
785.55, 166.00
785.84, 172.00
786.14, 170.00
786.44, 170.00
786.73, 170.00
787.03, 170.00
787.32, 168.00
787.62, 169.00
787.91, 172.00
788.21, 171.00
788.50, 169.00
788.80, 165.00
789.09, 176.00
789.39, 173.00
789.68, 173.00
789.97, 170.00
790.27, 164.00
790.56, 171.00
790.86, 174.00
791.15, 170.00
791.45, 168.00
791.74, 185.00
792.04, 170.00
792.33, 170.00
792.62, 186.00
792.92, 167.00
793.21, 170.00
793.51, 179.00
793.80, 173.00
794.09, 170.00
794.39, 169.00
794.68, 168.00
794.98, 167.00
795.27, 170.00
795.56, 164.00
795.86, 168.00
796.15, 166.00
796.44, 172.00
796.74, 175.00
797.03, 172.00
797.32, 170.00
797.62, 165.00
797.91, 179.00
798.20, 169.00
798.50, 174.00
798.79, 177.00
799.08, 167.00
799.38, 169.00
799.67, 168.00
799.96, 180.00
800.26, 190.00
800.55, 172.00
800.84, 172.00
801.13, 170.00
801.43, 173.00
801.72, 197.00
802.01, 172.00
802.30, 174.00
802.60, 172.00
802.89, 176.00
803.18, 168.00
803.47, 172.00
803.77, 173.00
804.06, 173.00
804.35, 168.00
804.64, 184.00
804.94, 177.00
805.23, 177.00
805.52, 177.00
805.81, 170.00
806.10, 175.00
806.39, 173.00
806.69, 174.00
806.98, 173.00
807.27, 172.00
807.56, 174.00
807.85, 173.00
808.14, 172.00
808.44, 173.00
808.73, 169.00
809.02, 183.00
809.31, 173.00
809.60, 175.00
809.89, 178.00
810.18, 174.00
810.48, 177.00
810.77, 176.00
811.06, 168.00
811.35, 172.00
811.64, 172.00
811.93, 190.00
812.22, 169.00
812.51, 171.00
812.80, 172.00
813.09, 171.00
813.38, 168.00
813.67, 184.00
813.96, 167.00
814.26, 172.00
814.55, 165.00
814.84, 166.00
815.13, 173.00
815.42, 166.00
815.71, 163.00
816.00, 166.00
816.29, 174.00
816.58, 172.00
816.87, 170.00
817.16, 167.00
817.45, 169.00
817.74, 174.00
818.03, 169.00
818.32, 164.00
818.61, 166.00
818.90, 168.00
819.19, 172.00
819.48, 165.00
819.76, 170.00
820.05, 166.00
820.34, 165.00
820.63, 165.00
820.92, 165.00
821.21, 165.00
821.50, 164.00
821.79, 170.00
822.08, 166.00
822.37, 167.00
822.66, 163.00
822.95, 165.00
823.23, 167.00
823.52, 188.00
823.81, 168.00
824.10, 166.00
824.39, 165.00
824.68, 167.00
824.97, 175.00
825.26, 163.00
825.54, 204.00
825.83, 164.00
826.12, 167.00
826.41, 166.00
826.70, 165.00
826.99, 171.00
827.27, 162.00
827.56, 184.00
827.85, 157.00
828.14, 166.00
828.43, 167.00
828.71, 167.00
829.00, 161.00
829.29, 167.00
829.58, 166.00
829.86, 163.00
830.15, 160.00
830.44, 167.00
830.73, 161.00
831.01, 165.00
831.30, 160.00
831.59, 156.00
831.88, 161.00
832.16, 163.00
832.45, 170.00
832.74, 163.00
833.03, 165.00
833.31, 163.00
833.60, 161.00
833.89, 165.00
834.17, 168.00
834.46, 164.00
834.75, 160.00
835.03, 163.00
835.32, 163.00
835.61, 170.00
835.89, 181.00
836.18, 165.00
836.47, 167.00
836.75, 167.00
837.04, 169.00
837.33, 167.00
837.61, 169.00
837.90, 165.00
838.19, 165.00
838.47, 163.00
838.76, 165.00
839.04, 161.00
839.33, 159.00
839.62, 163.00
839.90, 164.00
840.19, 162.00
840.47, 165.00
840.76, 182.00
841.04, 161.00
841.33, 166.00
841.62, 165.00
841.90, 165.00
842.19, 167.00
842.47, 187.00
842.76, 169.00
843.04, 167.00
843.33, 187.00
843.61, 177.00
843.90, 172.00
844.18, 180.00
844.47, 177.00
844.75, 186.00
845.04, 175.00
845.32, 175.00
845.61, 178.00
845.89, 174.00
846.18, 170.00
846.46, 172.00
846.75, 175.00
847.03, 179.00
847.32, 167.00
847.60, 163.00
847.88, 169.00
848.17, 167.00
848.45, 181.00
848.74, 164.00
849.02, 164.00
849.31, 168.00
849.59, 168.00
849.87, 168.00
850.16, 161.00
850.44, 170.00
850.73, 187.00
851.01, 172.00
851.29, 167.00
851.58, 168.00
851.86, 163.00
852.14, 167.00
852.43, 169.00
852.71, 167.00
853.00, 169.00
853.28, 174.00
853.56, 166.00
853.85, 170.00
854.13, 168.00
854.41, 166.00
854.69, 166.00
854.98, 170.00
855.26, 205.00
855.54, 169.00
855.83, 167.00
856.11, 165.00
856.39, 164.00
856.68, 162.00
856.96, 169.00
857.24, 168.00
857.52, 173.00
857.81, 170.00
858.09, 168.00
858.37, 165.00
858.65, 165.00
858.94, 168.00
859.22, 169.00
