190.05, 0.00
190.41, 154.00
190.77, 151.00
191.14, 156.00
191.50, 150.00
191.86, 172.00
192.22, 167.00
192.58, 160.00
192.94, 159.00
193.31, 165.00
193.67, 160.00
194.03, 167.00
194.39, 166.00
194.75, 164.00
195.11, 171.00
195.47, 173.00
195.84, 161.00
196.20, 165.00
196.56, 178.00
196.92, 169.00
197.28, 166.00
197.64, 162.00
198.00, 164.00
198.37, 164.00
198.73, 165.00
199.09, 163.00
199.45, 165.00
199.81, 166.00
200.17, 164.00
200.53, 166.00
200.89, 166.00
201.25, 197.00
201.62, 164.00
201.98, 166.00
202.34, 163.00
202.70, 169.00
203.06, 161.00
203.42, 160.00
203.78, 159.00
204.14, 162.00
204.50, 179.00
204.86, 173.00
205.22, 170.00
205.58, 166.00
205.95, 163.00
206.31, 165.00
206.67, 168.00
207.03, 162.00
207.39, 171.00
207.75, 163.00
208.11, 162.00
208.47, 165.00
208.83, 166.00
209.19, 165.00
209.55, 166.00
209.91, 169.00
210.27, 169.00
210.63, 162.00
210.99, 169.00
211.35, 169.00
211.71, 171.00
212.07, 163.00
212.43, 169.00
212.79, 170.00
213.15, 164.00
213.51, 167.00
213.87, 169.00
214.23, 170.00
214.59, 163.00
214.95, 164.00
215.31, 166.00
215.67, 168.00
216.03, 190.00
216.39, 161.00
216.75, 162.00
217.11, 168.00
217.47, 164.00
217.83, 167.00
218.19, 166.00
218.55, 167.00
218.91, 165.00
219.27, 167.00
219.63, 167.00
219.99, 167.00
220.35, 164.00
220.71, 174.00
221.07, 167.00
221.43, 170.00
221.79, 168.00
222.15, 172.00
222.51, 163.00
222.87, 165.00
223.23, 169.00
223.59, 166.00
223.95, 162.00
224.31, 164.00
224.67, 164.00
225.03, 166.00
225.39, 166.00
225.74, 170.00
226.10, 166.00
226.46, 167.00
226.82, 172.00
227.18, 169.00
227.54, 164.00
227.90, 170.00
228.26, 168.00
228.62, 176.00
228.98, 162.00
229.34, 166.00
229.69, 160.00
230.05, 166.00
230.41, 165.00
230.77, 178.00
231.13, 172.00
231.49, 169.00
231.85, 168.00
232.21, 168.00
232.57, 164.00
232.92, 163.00
233.28, 163.00
233.64, 169.00
234.00, 159.00
234.36, 165.00
234.72, 157.00
235.08, 168.00
235.44, 161.00
235.79, 160.00
236.15, 168.00
236.51, 165.00
236.87, 161.00
237.23, 167.00
237.59, 162.00
237.94, 166.00
238.30, 163.00
238.66, 160.00
239.02, 159.00
239.38, 160.00
239.74, 163.00
240.09, 174.00
240.45, 158.00
240.81, 159.00
241.17, 173.00
241.53, 164.00
241.89, 159.00
242.24, 163.00
242.60, 160.00
242.96, 170.00
243.32, 165.00
243.68, 165.00
244.03, 170.00
244.39, 168.00
244.75, 179.00
245.11, 161.00
245.46, 172.00
245.82, 188.00
246.18, 164.00
246.54, 166.00
246.90, 164.00
247.25, 168.00
247.61, 159.00
247.97, 195.00
248.33, 167.00
248.68, 159.00
249.04, 172.00
249.40, 166.00
249.76, 165.00
250.11, 160.00
250.47, 167.00
250.83, 166.00
251.19, 161.00
251.54, 168.00
251.90, 170.00
252.26, 163.00
252.62, 162.00
252.97, 163.00
253.33, 160.00
253.69, 162.00
254.05, 169.00
254.40, 160.00
254.76, 162.00
255.12, 191.00
255.47, 166.00
255.83, 165.00
256.19, 164.00
256.54, 168.00
256.90, 166.00
257.26, 164.00
257.62, 171.00
257.97, 168.00
258.33, 163.00
258.69, 168.00
259.04, 162.00
259.40, 167.00
259.76, 162.00
260.11, 160.00
260.47, 163.00
260.83, 166.00
261.18, 159.00
261.54, 168.00
261.90, 170.00
262.25, 165.00
262.61, 167.00
262.97, 166.00
263.32, 164.00
263.68, 161.00
264.04, 168.00
264.39, 166.00
264.75, 165.00
265.10, 167.00
265.46, 201.00
265.82, 174.00
266.17, 160.00
266.53, 169.00
266.89, 171.00
267.24, 172.00
267.60, 167.00
267.95, 170.00
268.31, 165.00
268.67, 164.00
269.02, 163.00
269.38, 168.00
269.74, 173.00
270.09, 167.00
270.45, 167.00
270.80, 183.00
271.16, 171.00
271.51, 176.00
271.87, 176.00
272.23, 172.00
272.58, 171.00
272.94, 166.00
273.29, 165.00
273.65, 206.00
274.00, 166.00
274.36, 169.00
274.72, 165.00
275.07, 160.00
275.43, 168.00
275.78, 173.00
276.14, 172.00
276.49, 170.00
276.85, 179.00
277.20, 188.00
277.56, 166.00
277.92, 162.00
278.27, 164.00
278.63, 175.00
278.98, 174.00
279.34, 175.00
279.69, 169.00
280.05, 190.00
280.40, 175.00
280.76, 187.00
281.11, 175.00
281.47, 174.00
281.82, 172.00
282.18, 173.00
282.53, 179.00
282.89, 187.00
283.24, 194.00
283.60, 185.00
283.95, 187.00
284.31, 191.00
284.66, 195.00
285.02, 193.00
285.37, 200.00
285.73, 194.00
286.08, 199.00
286.44, 184.00
286.79, 182.00
287.14, 179.00
287.50, 178.00
287.85, 175.00
288.21, 178.00
288.56, 176.00
288.92, 179.00
289.27, 178.00
289.63, 182.00
289.98, 189.00
290.34, 183.00
290.69, 181.00
291.04, 176.00
291.40, 169.00
291.75, 177.00
292.11, 179.00
292.46, 171.00
292.81, 181.00
293.17, 180.00
293.52, 185.00
293.88, 197.00
294.23, 201.00
294.59, 214.00
294.94, 236.00
295.29, 238.00
295.65, 243.00
296.00, 247.00
296.36, 231.00
296.71, 229.00
297.06, 223.00
297.42, 230.00
297.77, 226.00
298.12, 216.00
298.48, 208.00
298.83, 215.00
299.19, 210.00
299.54, 218.00
299.89, 218.00
300.25, 211.00
300.60, 217.00
300.95, 203.00
301.31, 190.00
301.66, 182.00
302.01, 181.00
302.37, 188.00
302.72, 186.00
303.07, 191.00
303.43, 202.00
303.78, 204.00
304.13, 206.00
304.49, 207.00
304.84, 207.00
305.19, 229.00
305.55, 209.00
305.90, 215.00
306.25, 264.00
306.61, 325.00
306.96, 374.00
307.31, 487.00
307.66, 634.00
308.02, 803.00
308.37, 950.00
308.72, 1036.00
309.08, 1038.00
309.43, 969.00
309.78, 837.00
310.13, 744.00
310.49, 636.00
310.84, 541.00
311.19, 491.00
311.54, 441.00
311.90, 399.00
312.25, 371.00
312.60, 390.00
312.95, 459.00
313.31, 489.00
313.66, 499.00
314.01, 493.00
314.36, 514.00
314.72, 594.00
315.07, 759.00
315.42, 869.00
315.77, 889.00
316.13, 713.00
316.48, 502.00
316.83, 369.00
317.18, 283.00
317.54, 248.00
317.89, 221.00
318.24, 220.00
318.59, 208.00
318.94, 207.00
319.30, 209.00
319.65, 208.00
320.00, 214.00
320.35, 221.00
320.70, 214.00
321.05, 218.00
321.41, 217.00
321.76, 215.00
322.11, 204.00
322.46, 209.00
322.81, 236.00
323.17, 204.00
323.52, 196.00
323.87, 204.00
324.22, 199.00
324.57, 204.00
324.92, 214.00
325.27, 216.00
325.63, 228.00
325.98, 229.00
326.33, 240.00
326.68, 241.00
327.03, 235.00
327.38, 237.00
327.73, 250.00
328.09, 258.00
328.44, 281.00
328.79, 245.00
329.14, 271.00
329.49, 239.00
329.84, 235.00
330.19, 234.00
330.54, 231.00
330.89, 235.00
331.25, 226.00
331.60, 221.00
331.95, 220.00
332.30, 228.00
332.65, 231.00
333.00, 248.00
333.35, 295.00
333.70, 304.00
334.05, 283.00
334.40, 312.00
334.75, 353.00
335.10, 467.00
335.45, 636.00
335.81, 868.00
336.16, 1300.00
336.51, 1641.00
336.86, 1670.00
337.21, 1403.00
337.56, 927.00
337.91, 603.00
338.26, 404.00
338.61, 287.00
338.96, 252.00
339.31, 223.00
339.66, 224.00
340.01, 221.00
340.36, 208.00
340.71, 207.00
341.06, 209.00
341.41, 212.00
341.76, 200.00
342.11, 209.00
342.46, 204.00
342.81, 209.00
343.16, 207.00
343.51, 213.00
343.86, 212.00
344.21, 213.00
344.56, 212.00
344.91, 210.00
345.26, 214.00
345.61, 209.00
345.96, 206.00
346.31, 204.00
346.66, 228.00
347.01, 209.00
347.36, 225.00
347.71, 208.00
348.06, 212.00
348.41, 221.00
348.76, 236.00
349.10, 248.00
349.45, 257.00
349.80, 256.00
350.15, 249.00
350.50, 247.00
350.85, 250.00
351.20, 261.00
351.55, 297.00
351.90, 343.00
352.25, 426.00
352.60, 536.00
352.95, 662.00
353.30, 694.00
353.64, 615.00
353.99, 498.00
354.34, 423.00
354.69, 381.00
355.04, 394.00
355.39, 457.00
355.74, 563.00
356.09, 703.00
356.44, 908.00
356.78, 1218.00
357.13, 1332.00
357.48, 1250.00
357.83, 963.00
358.18, 691.00
358.53, 475.00
358.88, 323.00
359.22, 259.00
359.57, 225.00
359.92, 214.00
360.27, 224.00
360.62, 217.00
360.97, 212.00
361.32, 217.00
361.66, 215.00
362.01, 220.00
362.36, 221.00
362.71, 222.00
363.06, 224.00
363.40, 235.00
363.75, 227.00
364.10, 234.00
364.45, 237.00
364.80, 230.00
365.14, 235.00
365.49, 239.00
365.84, 237.00
366.19, 247.00
366.54, 261.00
366.88, 275.00
367.23, 241.00
367.58, 271.00
367.93, 225.00
368.28, 223.00
368.62, 229.00
368.97, 248.00
369.32, 259.00
369.67, 290.00
370.01, 338.00
370.36, 338.00
370.71, 358.00
371.06, 307.00
371.40, 289.00
371.75, 254.00
372.10, 240.00
372.45, 244.00
372.79, 256.00
373.14, 287.00
373.49, 321.00
373.83, 385.00
374.18, 458.00
374.53, 573.00
374.88, 604.00
375.22, 616.00
375.57, 489.00
375.92, 402.00
376.26, 330.00
376.61, 273.00
376.96, 252.00
377.30, 251.00
377.65, 277.00
378.00, 291.00
378.35, 353.00
378.69, 416.00
379.04, 495.00
379.39, 633.00
379.73, 708.00
380.08, 717.00
380.43, 552.00
380.77, 430.00
381.12, 384.00
381.47, 314.00
381.81, 269.00
382.16, 241.00
382.50, 235.00
382.85, 287.00
383.20, 224.00
383.54, 234.00
383.89, 245.00
384.24, 241.00
384.58, 252.00
384.93, 279.00
385.27, 270.00
385.62, 265.00
385.97, 269.00
386.31, 261.00
386.66, 279.00
387.00, 270.00
387.35, 276.00
387.70, 288.00
388.04, 357.00
388.39, 352.00
388.73, 392.00
389.08, 433.00
389.43, 471.00
389.77, 506.00
390.12, 586.00
390.46, 725.00
390.81, 759.00
391.15, 728.00
391.50, 604.00
391.85, 482.00
392.19, 393.00
392.54, 337.00
392.88, 313.00
393.23, 330.00
393.57, 333.00
393.92, 326.00
394.26, 291.00
394.61, 268.00
394.95, 255.00
395.30, 227.00
395.64, 219.00
395.99, 250.00
396.33, 230.00
396.68, 230.00
397.02, 241.00
397.37, 258.00
397.71, 284.00
398.06, 320.00
398.40, 345.00
398.75, 407.00
399.09, 433.00
399.44, 439.00
399.78, 366.00
400.13, 322.00
400.47, 276.00
400.82, 237.00
401.16, 235.00
401.51, 228.00
401.85, 232.00
402.20, 232.00
402.54, 232.00
402.88, 239.00
403.23, 253.00
403.57, 274.00
403.92, 311.00
404.26, 369.00
404.61, 360.00
404.95, 425.00
405.30, 388.00
405.64, 356.00
405.98, 325.00
406.33, 290.00
406.67, 257.00
407.02, 240.00
407.36, 240.00
407.70, 242.00
408.05, 244.00
408.39, 260.00
408.74, 256.00
409.08, 266.00
409.42, 243.00
409.77, 245.00
410.11, 251.00
410.46, 231.00
410.80, 246.00
411.14, 245.00
411.49, 257.00
411.83, 269.00
412.17, 252.00
412.52, 271.00
412.86, 291.00
413.20, 280.00
413.55, 287.00
413.89, 275.00
414.23, 271.00
414.58, 276.00
414.92, 246.00
415.26, 233.00
415.61, 243.00
415.95, 235.00
416.29, 239.00
416.64, 242.00
416.98, 253.00
417.32, 258.00
417.67, 272.00
418.01, 277.00
418.35, 290.00
418.70, 312.00
419.04, 343.00
419.38, 325.00
419.72, 315.00
420.07, 296.00
420.41, 266.00
420.75, 256.00
421.10, 248.00
421.44, 244.00
421.78, 242.00
422.12, 238.00
422.47, 249.00
422.81, 248.00
423.15, 258.00
423.49, 258.00
423.84, 253.00
424.18, 263.00
424.52, 269.00
424.86, 299.00
425.21, 332.00
425.55, 346.00
425.89, 387.00
426.23, 415.00
426.57, 469.00
426.92, 477.00
427.26, 478.00
427.60, 412.00
427.94, 345.00
428.28, 288.00
428.63, 274.00
428.97, 259.00
429.31, 237.00
429.65, 241.00
429.99, 235.00
430.34, 229.00
430.68, 240.00
431.02, 239.00
431.36, 237.00
431.70, 242.00
432.04, 248.00
432.39, 253.00
432.73, 258.00
433.07, 270.00
433.41, 288.00
433.75, 292.00
434.09, 286.00
434.43, 293.00
434.78, 357.00
435.12, 401.00
435.46, 421.00
435.80, 385.00
436.14, 365.00
436.48, 319.00
436.82, 308.00
437.16, 290.00
437.51, 269.00
437.85, 248.00
438.19, 287.00
438.53, 253.00
438.87, 263.00
439.21, 265.00
439.55, 273.00
439.89, 275.00
440.23, 274.00
440.57, 285.00
440.91, 297.00
441.26, 286.00
441.60, 268.00
441.94, 268.00
442.28, 257.00
442.62, 256.00
442.96, 250.00
443.30, 250.00
443.64, 252.00
443.98, 248.00
444.32, 250.00
444.66, 240.00
445.00, 248.00
445.34, 256.00
445.68, 254.00
446.02, 249.00
446.36, 250.00
446.70, 251.00
447.04, 257.00
447.38, 276.00
447.72, 263.00
448.06, 263.00
448.40, 267.00
448.74, 260.00
449.08, 265.00
449.42, 254.00
449.76, 248.00
450.10, 246.00
450.44, 237.00
450.78, 241.00
451.12, 247.00
451.46, 235.00
451.80, 240.00
452.14, 237.00
452.48, 234.00
452.82, 241.00
453.16, 240.00
453.50, 245.00
453.84, 235.00
454.18, 266.00
454.52, 256.00
454.86, 252.00
455.19, 267.00
455.53, 259.00
455.87, 258.00
456.21, 274.00
456.55, 274.00
456.89, 270.00
457.23, 267.00
457.57, 252.00
457.91, 255.00
458.25, 261.00
458.59, 260.00
458.92, 275.00
459.26, 261.00
459.60, 268.00
459.94, 262.00
460.28, 245.00
460.62, 256.00
460.96, 247.00
461.30, 237.00
461.63, 238.00
461.97, 245.00
462.31, 241.00
462.65, 257.00
462.99, 272.00
463.33, 250.00
463.67, 264.00
464.00, 260.00
464.34, 253.00
464.68, 259.00
465.02, 277.00
465.36, 280.00
465.70, 270.00
466.03, 271.00
466.37, 260.00
466.71, 266.00
467.05, 264.00
467.39, 276.00
467.72, 276.00
468.06, 285.00
468.40, 290.00
468.74, 290.00
469.08, 297.00
469.41, 309.00
469.75, 313.00
470.09, 329.00
470.43, 330.00
470.76, 303.00
471.10, 309.00
471.44, 303.00
471.78, 295.00
472.11, 300.00
472.45, 279.00
472.79, 287.00
473.13, 280.00
473.46, 289.00
473.80, 271.00
474.14, 275.00
474.48, 289.00
474.81, 279.00
475.15, 271.00
475.49, 275.00
475.82, 280.00
476.16, 272.00
476.50, 263.00
476.84, 275.00
477.17, 270.00
477.51, 272.00
477.85, 273.00
478.18, 287.00
478.52, 276.00
478.86, 318.00
479.19, 289.00
479.53, 286.00
479.87, 321.00
480.20, 292.00
480.54, 294.00
480.88, 291.00
481.21, 284.00
481.55, 280.00
481.89, 285.00
482.22, 292.00
482.56, 293.00
482.90, 296.00
483.23, 301.00
483.57, 306.00
483.90, 305.00
484.24, 319.00
484.58, 324.00
484.91, 328.00
485.25, 330.00
485.58, 349.00
485.92, 341.00
486.26, 353.00
486.59, 350.00
486.93, 357.00
487.26, 359.00
487.60, 366.00
487.94, 354.00
488.27, 363.00
488.61, 354.00
488.94, 353.00
489.28, 347.00
489.61, 348.00
489.95, 351.00
490.29, 349.00
490.62, 353.00
490.96, 346.00
491.29, 342.00
491.63, 335.00
491.96, 334.00
492.30, 335.00
492.63, 339.00
492.97, 337.00
493.30, 325.00
493.64, 326.00
493.97, 324.00
494.31, 328.00
494.64, 327.00
494.98, 321.00
495.31, 327.00
495.65, 315.00
495.98, 324.00
496.32, 312.00
496.65, 347.00
496.99, 316.00
497.32, 308.00
497.66, 308.00
497.99, 302.00
498.33, 294.00
498.66, 297.00
499.00, 299.00
499.33, 299.00
499.67, 297.00
500.00, 287.00
500.34, 301.00
500.67, 299.00
501.00, 288.00
501.34, 290.00
501.67, 290.00
502.01, 284.00
502.34, 286.00
502.68, 296.00
503.01, 296.00
503.34, 290.00
503.68, 298.00
504.01, 297.00
504.35, 290.00
504.68, 294.00
505.01, 290.00
505.35, 292.00
505.68, 285.00
506.02, 292.00
506.35, 297.00
506.68, 303.00
507.02, 289.00
507.35, 293.00
507.68, 293.00
508.02, 296.00
508.35, 289.00
508.69, 294.00
509.02, 285.00
509.35, 285.00
509.69, 276.00
510.02, 294.00
510.35, 289.00
510.69, 277.00
511.02, 277.00
511.35, 275.00
511.69, 285.00
512.02, 285.00
512.35, 287.00
512.68, 278.00
513.02, 282.00
513.35, 279.00
513.68, 282.00
514.02, 282.00
514.35, 274.00
514.68, 281.00
515.01, 279.00
515.35, 280.00
515.68, 281.00
516.01, 267.00
516.35, 269.00
516.68, 270.00
517.01, 271.00
517.34, 274.00
517.68, 273.00
518.01, 281.00
518.34, 268.00
518.67, 273.00
519.01, 275.00
519.34, 281.00
519.67, 289.00
520.00, 279.00
520.33, 276.00
520.67, 276.00
521.00, 271.00
521.33, 274.00
521.66, 290.00
522.00, 283.00
522.33, 272.00
522.66, 278.00
522.99, 266.00
523.32, 284.00
523.65, 270.00
523.99, 274.00
524.32, 280.00
524.65, 271.00
524.98, 278.00
525.31, 274.00
525.65, 300.00
525.98, 277.00
526.31, 267.00
526.64, 274.00
526.97, 271.00
527.30, 273.00
527.63, 269.00
527.97, 258.00
528.30, 271.00
528.63, 274.00
528.96, 291.00
529.29, 264.00
529.62, 269.00
529.95, 262.00
530.28, 263.00
530.61, 267.00
530.95, 259.00
531.28, 262.00
531.61, 272.00
531.94, 270.00
532.27, 278.00
532.60, 278.00
532.93, 275.00
533.26, 270.00
533.59, 271.00
533.92, 269.00
534.25, 269.00
534.58, 296.00
534.91, 276.00
535.25, 266.00
535.58, 273.00
535.91, 268.00
536.24, 269.00
536.57, 281.00
536.90, 275.00
537.23, 285.00
537.56, 311.00
537.89, 285.00
538.22, 286.00
538.55, 300.00
538.88, 302.00
539.21, 397.00
539.54, 320.00
539.87, 331.00
540.20, 343.00
540.53, 369.00
540.86, 437.00
541.19, 447.00
541.52, 478.00
541.85, 506.00
542.18, 520.00
542.51, 545.00
542.84, 536.00
543.17, 557.00
543.50, 549.00
543.82, 542.00
544.15, 534.00
544.48, 528.00
544.81, 555.00
545.14, 589.00
545.47, 538.00
545.80, 537.00
546.13, 466.00
546.46, 470.00
546.79, 424.00
547.12, 384.00
547.45, 366.00
547.78, 363.00
548.10, 361.00
548.43, 351.00
548.76, 332.00
549.09, 342.00
549.42, 325.00
549.75, 319.00
550.08, 321.00
550.41, 314.00
550.74, 316.00
551.06, 305.00
551.39, 309.00
551.72, 303.00
552.05, 307.00
552.38, 301.00
552.71, 292.00
553.03, 288.00
553.36, 286.00
553.69, 287.00
554.02, 276.00
554.35, 273.00
554.68, 266.00
555.00, 276.00
555.33, 272.00
555.66, 263.00
555.99, 275.00
556.32, 263.00
556.64, 260.00
556.97, 272.00
557.30, 266.00
557.63, 264.00
557.96, 267.00
558.28, 266.00
558.61, 266.00
558.94, 268.00
559.27, 260.00
559.59, 266.00
559.92, 259.00
560.25, 264.00
560.58, 256.00
560.90, 249.00
561.23, 255.00
561.56, 247.00
561.89, 254.00
562.21, 253.00
562.54, 250.00
562.87, 247.00
563.20, 252.00
563.52, 246.00
563.85, 245.00
564.18, 259.00
564.50, 253.00
564.83, 272.00
565.16, 289.00
565.48, 248.00
565.81, 252.00
566.14, 235.00
566.47, 238.00
566.79, 240.00
567.12, 237.00
567.45, 263.00
567.77, 243.00
568.10, 242.00
568.43, 248.00
568.75, 235.00
569.08, 246.00
569.40, 277.00
569.73, 242.00
570.06, 239.00
570.38, 238.00
570.71, 231.00
571.04, 232.00
571.36, 238.00
571.69, 239.00
572.01, 242.00
572.34, 240.00
572.67, 247.00
572.99, 240.00
573.32, 258.00
573.64, 252.00
573.97, 245.00
574.30, 243.00
574.62, 242.00
574.95, 245.00
575.27, 247.00
575.60, 253.00
575.92, 253.00
576.25, 261.00
576.58, 264.00
576.90, 257.00
577.23, 283.00
577.55, 261.00
577.88, 259.00
578.20, 267.00
578.53, 274.00
578.85, 281.00
579.18, 278.00
579.50, 274.00
579.83, 281.00
580.15, 271.00
580.48, 272.00
580.80, 269.00
581.13, 275.00
581.45, 281.00
581.78, 283.00
582.10, 287.00
582.43, 300.00
582.75, 286.00
583.08, 288.00
583.40, 292.00
583.73, 339.00
584.05, 288.00
584.38, 282.00
584.70, 318.00
585.03, 282.00
585.35, 283.00
585.67, 287.00
586.00, 299.00
586.32, 324.00
586.65, 324.00
586.97, 325.00
587.30, 317.00
587.62, 312.00
587.94, 313.00
588.27, 293.00
588.59, 279.00
588.92, 285.00
589.24, 287.00
589.56, 282.00
589.89, 276.00
590.21, 279.00
590.54, 270.00
590.86, 270.00
591.18, 273.00
591.51, 282.00
591.83, 289.00
592.15, 282.00
592.48, 289.00
592.80, 300.00
593.13, 278.00
593.45, 286.00
593.77, 278.00
594.10, 278.00
594.42, 286.00
594.74, 271.00
595.07, 274.00
595.39, 267.00
595.71, 269.00
596.03, 272.00
596.36, 268.00
596.68, 273.00
597.00, 274.00
597.33, 279.00
597.65, 284.00
597.97, 282.00
598.30, 281.00
598.62, 284.00
598.94, 292.00
599.26, 283.00
599.59, 291.00
599.91, 290.00
600.23, 285.00
600.55, 272.00
600.88, 265.00
601.20, 262.00
601.52, 259.00
601.84, 244.00
602.17, 247.00
602.49, 247.00
602.81, 243.00
603.13, 248.00
603.45, 251.00
603.78, 239.00
604.10, 241.00
604.42, 244.00
604.74, 240.00
605.07, 242.00
605.39, 244.00
605.71, 242.00
606.03, 245.00
606.35, 237.00
606.67, 245.00
607.00, 251.00
607.32, 239.00
607.64, 248.00
607.96, 249.00
608.28, 258.00
608.60, 258.00
608.93, 270.00
609.25, 297.00
609.57, 350.00
609.89, 435.00
610.21, 490.00
610.53, 543.00
610.85, 543.00
611.17, 511.00
611.50, 482.00
611.82, 468.00
612.14, 443.00
612.46, 421.00
612.78, 398.00
613.10, 373.00
613.42, 357.00
613.74, 352.00
614.06, 357.00
614.38, 329.00
614.70, 326.00
615.03, 312.00
615.35, 301.00
615.67, 367.00
615.99, 279.00
616.31, 270.00
616.63, 273.00
616.95, 254.00
617.27, 256.00
617.59, 254.00
617.91, 250.00
618.23, 257.00
618.55, 245.00
618.87, 244.00
619.19, 254.00
619.51, 244.00
619.83, 249.00
620.15, 245.00
620.47, 246.00
620.79, 247.00
621.11, 258.00
621.43, 251.00
621.75, 247.00
622.07, 243.00
622.39, 250.00
622.71, 246.00
623.03, 241.00
623.35, 271.00
623.67, 241.00
623.99, 236.00
624.31, 236.00
624.63, 241.00
624.95, 235.00
625.26, 229.00
625.58, 234.00
625.90, 256.00
626.22, 239.00
626.54, 237.00
626.86, 247.00
627.18, 246.00
627.50, 244.00
627.82, 239.00
628.14, 243.00
628.46, 245.00
628.77, 246.00
629.09, 250.00
629.41, 257.00
629.73, 260.00
630.05, 273.00
630.37, 268.00
630.69, 266.00
631.00, 267.00
631.32, 263.00
631.64, 254.00
631.96, 250.00
632.28, 245.00
632.60, 237.00
632.92, 236.00
633.23, 238.00
633.55, 236.00
633.87, 222.00
634.19, 241.00
634.51, 239.00
634.82, 248.00
635.14, 244.00
635.46, 246.00
635.78, 241.00
636.10, 241.00
636.41, 245.00
636.73, 244.00
637.05, 238.00
637.37, 238.00
637.68, 238.00
638.00, 240.00
638.32, 237.00
638.64, 238.00
638.95, 253.00
639.27, 238.00
639.59, 245.00
639.91, 239.00
640.22, 241.00
640.54, 245.00
640.86, 238.00
641.18, 240.00
641.49, 258.00
641.81, 246.00
642.13, 248.00
642.44, 241.00
642.76, 244.00
643.08, 242.00
643.40, 244.00
643.71, 240.00
644.03, 250.00
644.35, 256.00
644.66, 254.00
644.98, 255.00
645.30, 249.00
645.61, 264.00
645.93, 251.00
646.25, 240.00
646.56, 250.00
646.88, 265.00
647.19, 233.00
647.51, 240.00
647.83, 226.00
648.14, 230.00
648.46, 238.00
648.78, 239.00
649.09, 242.00
649.41, 281.00
649.72, 261.00
650.04, 262.00
650.36, 263.00
650.67, 266.00
650.99, 269.00
651.30, 273.00
651.62, 272.00
651.93, 268.00
652.25, 280.00
652.57, 297.00
652.88, 267.00
653.20, 266.00
653.51, 266.00
653.83, 253.00
654.14, 253.00
654.46, 240.00
654.77, 253.00
655.09, 254.00
655.40, 252.00
655.72, 246.00
656.04, 238.00
656.35, 240.00
656.67, 240.00
656.98, 241.00
657.30, 240.00
657.61, 245.00
657.93, 241.00
658.24, 244.00
658.55, 279.00
658.87, 258.00
659.18, 244.00
659.50, 251.00
659.81, 263.00
660.13, 252.00
660.44, 257.00
660.76, 251.00
661.07, 263.00
661.39, 242.00
661.70, 242.00
662.01, 242.00
662.33, 232.00
662.64, 230.00
662.96, 228.00
663.27, 223.00
663.59, 217.00
663.90, 215.00
664.21, 216.00
664.53, 235.00
664.84, 225.00
665.16, 243.00
665.47, 226.00
665.78, 223.00
666.10, 233.00
666.41, 233.00
666.72, 233.00
667.04, 233.00
667.35, 230.00
667.67, 235.00
667.98, 232.00
668.29, 236.00
668.61, 232.00
668.92, 229.00
669.23, 230.00
669.55, 233.00
669.86, 249.00
670.17, 222.00
670.48, 222.00
670.80, 220.00
671.11, 213.00
671.42, 206.00
671.74, 217.00
672.05, 213.00
672.36, 224.00
672.68, 218.00
672.99, 223.00
673.30, 222.00
673.61, 230.00
673.93, 237.00
674.24, 243.00
674.55, 248.00
674.86, 245.00
675.18, 253.00
675.49, 253.00
675.80, 253.00
676.11, 254.00
676.43, 259.00
676.74, 252.00
677.05, 252.00
677.36, 253.00
677.67, 250.00
677.99, 247.00
678.30, 234.00
678.61, 241.00
678.92, 229.00
679.23, 225.00
679.55, 219.00
679.86, 220.00
680.17, 214.00
680.48, 212.00
680.79, 209.00
681.10, 210.00
681.42, 212.00
681.73, 205.00
682.04, 199.00
682.35, 207.00
682.66, 204.00
682.97, 208.00
683.28, 208.00
683.60, 219.00
683.91, 208.00
684.22, 214.00
684.53, 195.00
684.84, 200.00
685.15, 205.00
685.46, 224.00
685.77, 208.00
686.08, 202.00
686.40, 227.00
686.71, 204.00
687.02, 202.00
687.33, 207.00
687.64, 202.00
687.95, 195.00
688.26, 203.00
688.57, 203.00
688.88, 191.00
689.19, 191.00
689.50, 192.00
689.81, 196.00
690.12, 191.00
690.43, 198.00
690.74, 189.00
691.05, 187.00
691.36, 201.00
691.67, 192.00
691.98, 194.00
692.29, 194.00
692.60, 200.00
692.91, 191.00
693.22, 192.00
693.53, 192.00
693.84, 197.00
694.15, 185.00
694.46, 200.00
694.77, 188.00
695.08, 190.00
695.39, 193.00
695.70, 190.00
696.01, 193.00
696.32, 189.00
696.63, 186.00
696.94, 188.00
697.25, 185.00
697.56, 196.00
697.87, 193.00
698.17, 218.00
698.48, 192.00
698.79, 187.00
699.10, 188.00
699.41, 192.00
699.72, 192.00
700.03, 185.00
700.34, 187.00
700.65, 192.00
700.95, 189.00
701.26, 195.00
701.57, 193.00
701.88, 191.00
702.19, 192.00
702.50, 190.00
702.81, 186.00
703.11, 206.00
703.42, 190.00
703.73, 193.00
704.04, 192.00
704.35, 193.00
704.66, 196.00
704.96, 207.00
705.27, 223.00
705.58, 237.00
705.89, 248.00
706.20, 232.00
706.50, 230.00
706.81, 231.00
707.12, 216.00
707.43, 222.00
707.73, 225.00
708.04, 218.00
708.35, 212.00
708.66, 209.00
708.97, 207.00
709.27, 208.00
709.58, 205.00
709.89, 199.00
710.19, 194.00
710.50, 201.00
710.81, 200.00
711.12, 201.00
711.42, 207.00
711.73, 214.00
712.04, 204.00
712.35, 210.00
712.65, 203.00
712.96, 198.00
713.27, 197.00
713.57, 217.00
713.88, 209.00
714.19, 192.00
714.49, 189.00
714.80, 190.00
715.11, 187.00
715.41, 192.00
715.72, 187.00
716.03, 187.00
716.33, 192.00
716.64, 182.00
716.94, 187.00
717.25, 177.00
717.56, 189.00
717.86, 188.00
718.17, 181.00
718.48, 185.00
718.78, 183.00
719.09, 180.00
719.39, 183.00
719.70, 182.00
720.01, 184.00
720.31, 183.00
720.62, 181.00
720.92, 187.00
721.23, 186.00
721.53, 188.00
721.84, 186.00
722.15, 191.00
722.45, 186.00
722.76, 186.00
723.06, 191.00
723.37, 191.00
723.67, 182.00
723.98, 187.00
724.28, 181.00
724.59, 195.00
724.89, 192.00
725.20, 186.00
725.50, 190.00
725.81, 184.00
726.11, 188.00
726.42, 188.00
726.72, 188.00
727.03, 207.00
727.33, 184.00
727.64, 184.00
727.94, 179.00
728.25, 182.00
728.55, 188.00
728.86, 198.00
729.16, 176.00
729.46, 182.00
729.77, 184.00
730.07, 178.00
730.38, 178.00
730.68, 183.00
730.99, 192.00
731.29, 179.00
731.59, 180.00
731.90, 175.00
732.20, 179.00
732.51, 178.00
732.81, 180.00
733.11, 187.00
733.42, 184.00
733.72, 186.00
734.02, 181.00
734.33, 185.00
734.63, 186.00
734.94, 184.00
735.24, 185.00
735.54, 184.00
735.85, 183.00
736.15, 187.00
736.45, 182.00
736.76, 183.00
737.06, 182.00
737.36, 183.00
737.67, 182.00
737.97, 188.00
738.27, 183.00
738.57, 185.00
738.88, 181.00
739.18, 211.00
739.48, 187.00
739.79, 183.00
740.09, 184.00
740.39, 183.00
740.69, 184.00
741.00, 180.00
741.30, 191.00
741.60, 182.00
741.90, 184.00
742.21, 185.00
742.51, 221.00
742.81, 190.00
743.11, 189.00
743.42, 215.00
743.72, 199.00
744.02, 203.00
744.32, 204.00
744.63, 204.00
744.93, 210.00
745.23, 212.00
745.53, 218.00
745.83, 215.00
746.13, 212.00
746.44, 213.00
746.74, 213.00
747.04, 218.00
747.34, 219.00
747.64, 222.00
747.94, 217.00
748.25, 217.00
748.55, 216.00
748.85, 213.00
749.15, 226.00
749.45, 234.00
749.75, 224.00
750.05, 210.00
750.35, 203.00
750.66, 215.00
750.96, 196.00
751.26, 195.00
751.56, 189.00
751.86, 193.00
752.16, 184.00
752.46, 179.00
752.76, 185.00
753.06, 179.00
753.36, 213.00
753.66, 179.00
753.96, 186.00
754.27, 182.00
754.57, 184.00
754.87, 187.00
755.17, 182.00
755.47, 183.00
755.77, 190.00
756.07, 189.00
756.37, 194.00
756.67, 198.00
756.97, 200.00
757.27, 199.00
757.57, 200.00
757.87, 207.00
758.17, 199.00
758.47, 205.00
758.77, 205.00
759.07, 198.00
759.37, 199.00
759.67, 199.00
759.97, 202.00
760.27, 196.00
760.57, 195.00
760.86, 197.00
761.16, 198.00
761.46, 197.00
761.76, 219.00
762.06, 185.00
762.36, 194.00
762.66, 191.00
762.96, 189.00
763.26, 188.00
763.56, 206.00
763.86, 190.00
764.16, 181.00
764.45, 190.00
764.75, 178.00
765.05, 173.00
765.35, 185.00
765.65, 177.00
765.95, 181.00
766.25, 178.00
766.55, 181.00
766.84, 175.00
767.14, 182.00
767.44, 183.00
767.74, 180.00
768.04, 188.00
768.34, 188.00
768.63, 187.00
768.93, 191.00
769.23, 193.00
769.53, 191.00
769.83, 192.00
770.12, 183.00
770.42, 191.00
770.72, 192.00
771.02, 181.00
771.32, 189.00
771.61, 191.00
771.91, 195.00
772.21, 191.00
772.51, 195.00
772.80, 186.00
773.10, 190.00
773.40, 194.00
773.70, 190.00
773.99, 191.00
774.29, 196.00
774.59, 192.00
774.88, 190.00
775.18, 187.00
775.48, 244.00
775.78, 449.00
776.07, 660.00
776.37, 770.00
776.67, 755.00
776.96, 585.00
777.26, 474.00
777.56, 379.00
777.85, 338.00
778.15, 317.00
778.45, 303.00
778.74, 276.00
779.04, 246.00
779.34, 217.00
779.63, 199.00
779.93, 180.00
780.22, 179.00
780.52, 176.00
780.82, 170.00
781.11, 168.00
781.41, 170.00
781.71, 168.00
782.00, 167.00
782.30, 170.00
782.59, 173.00
782.89, 172.00
783.19, 172.00
783.48, 169.00
783.78, 172.00
784.07, 175.00
784.37, 172.00
784.66, 169.00
784.96, 172.00
785.25, 172.00
785.55, 168.00
785.84, 170.00
786.14, 169.00
786.44, 172.00
786.73, 175.00
787.03, 171.00
787.32, 173.00
787.62, 171.00
787.91, 172.00
788.21, 171.00
788.50, 172.00
788.80, 165.00
789.09, 172.00
789.39, 173.00
789.68, 165.00
789.97, 169.00
790.27, 171.00
790.56, 178.00
790.86, 178.00
791.15, 165.00
791.45, 171.00
791.74, 181.00
792.04, 167.00
792.33, 164.00
792.62, 190.00
792.92, 165.00
793.21, 169.00
793.51, 177.00
793.80, 166.00
794.09, 170.00
794.39, 174.00
794.68, 164.00
794.98, 167.00
795.27, 175.00
795.56, 164.00
795.86, 170.00
796.15, 169.00
796.44, 174.00
796.74, 169.00
797.03, 169.00
797.32, 169.00
797.62, 167.00
797.91, 180.00
798.20, 169.00
798.50, 176.00
798.79, 177.00
799.08, 172.00
799.38, 169.00
799.67, 164.00
799.96, 172.00
800.26, 194.00
800.55, 172.00
800.84, 174.00
801.13, 163.00
801.43, 168.00
801.72, 196.00
802.01, 169.00
802.30, 171.00
802.60, 166.00
802.89, 173.00
803.18, 172.00
803.47, 173.00
803.77, 172.00
804.06, 173.00
804.35, 172.00
804.64, 185.00
804.94, 165.00
805.23, 172.00
805.52, 169.00
805.81, 172.00
806.10, 171.00
806.39, 168.00
806.69, 170.00
806.98, 169.00
807.27, 168.00
807.56, 172.00
807.85, 169.00
808.14, 168.00
808.44, 179.00
808.73, 169.00
809.02, 178.00
809.31, 171.00
809.60, 172.00
809.89, 172.00
810.18, 167.00
810.48, 178.00
810.77, 168.00
811.06, 167.00
811.35, 174.00
811.64, 170.00
811.93, 183.00
812.22, 170.00
812.51, 167.00
812.80, 162.00
813.09, 169.00
813.38, 165.00
813.67, 183.00
813.96, 164.00
814.26, 165.00
814.55, 164.00
814.84, 164.00
815.13, 167.00
815.42, 168.00
815.71, 174.00
816.00, 173.00
816.29, 172.00
816.58, 173.00
816.87, 165.00
817.16, 167.00
817.45, 163.00
817.74, 166.00
818.03, 165.00
818.32, 163.00
818.61, 168.00
818.90, 169.00
819.19, 163.00
819.48, 165.00
819.76, 164.00
820.05, 166.00
820.34, 162.00
820.63, 163.00
820.92, 163.00
821.21, 170.00
821.50, 163.00
821.79, 164.00
822.08, 161.00
822.37, 167.00
822.66, 163.00
822.95, 171.00
823.23, 169.00
823.52, 176.00
823.81, 169.00
824.10, 160.00
824.39, 162.00
824.68, 168.00
824.97, 174.00
825.26, 167.00
825.54, 202.00
825.83, 165.00
826.12, 168.00
826.41, 165.00
826.70, 162.00
826.99, 169.00
827.27, 162.00
827.56, 182.00
827.85, 160.00
828.14, 163.00
828.43, 170.00
828.71, 167.00
829.00, 161.00
829.29, 163.00
829.58, 167.00
829.86, 161.00
830.15, 166.00
830.44, 166.00
830.73, 165.00
831.01, 160.00
831.30, 164.00
831.59, 164.00
831.88, 163.00
832.16, 169.00
832.45, 168.00
832.74, 162.00
833.03, 164.00
833.31, 165.00
833.60, 167.00
833.89, 168.00
834.17, 167.00
834.46, 163.00
834.75, 163.00
835.03, 167.00
835.32, 165.00
835.61, 168.00
835.89, 171.00
836.18, 162.00
836.47, 168.00
836.75, 164.00
837.04, 168.00
837.33, 160.00
837.61, 163.00
837.90, 165.00
838.19, 164.00
838.47, 163.00
838.76, 168.00
839.04, 162.00
839.33, 162.00
839.62, 162.00
839.90, 165.00
840.19, 164.00
840.47, 169.00
840.76, 183.00
841.04, 167.00
841.33, 174.00
841.62, 164.00
841.90, 167.00
842.19, 168.00
842.47, 186.00
842.76, 169.00
843.04, 172.00
843.33, 193.00
843.61, 180.00
843.90, 180.00
844.18, 188.00
844.47, 179.00
844.75, 184.00
845.04, 176.00
845.32, 175.00
845.61, 175.00
845.89, 173.00
846.18, 177.00
846.46, 179.00
846.75, 173.00
847.03, 183.00
847.32, 164.00
847.60, 162.00
847.88, 168.00
848.17, 174.00
848.45, 186.00
848.74, 168.00
849.02, 164.00
849.31, 164.00
849.59, 169.00
849.87, 161.00
850.16, 164.00
850.44, 169.00
850.73, 187.00
851.01, 169.00
851.29, 167.00
851.58, 169.00
851.86, 165.00
852.14, 168.00
852.43, 164.00
852.71, 165.00
853.00, 169.00
853.28, 166.00
853.56, 168.00
853.85, 166.00
854.13, 166.00
854.41, 166.00
854.69, 167.00
854.98, 168.00
855.26, 207.00
855.54, 162.00
855.83, 158.00
856.11, 163.00
856.39, 167.00
856.68, 160.00
856.96, 164.00
857.24, 162.00
857.52, 169.00
857.81, 166.00
858.09, 167.00
858.37, 164.00
858.65, 165.00
858.94, 163.00
859.22, 165.00
