190.05, 0.00
190.41, 152.00
190.77, 155.00
191.14, 152.00
191.50, 155.00
191.86, 173.00
192.22, 163.00
192.58, 162.00
192.94, 163.00
193.31, 165.00
193.67, 161.00
194.03, 166.00
194.39, 166.00
194.75, 159.00
195.11, 166.00
195.47, 172.00
195.84, 166.00
196.20, 158.00
196.56, 178.00
196.92, 159.00
197.28, 166.00
197.64, 165.00
198.00, 158.00
198.37, 163.00
198.73, 159.00
199.09, 160.00
199.45, 158.00
199.81, 167.00
200.17, 167.00
200.53, 163.00
200.89, 164.00
201.25, 195.00
201.62, 158.00
201.98, 165.00
202.34, 159.00
202.70, 166.00
203.06, 163.00
203.42, 158.00
203.78, 164.00
204.14, 165.00
204.50, 177.00
204.86, 170.00
205.22, 166.00
205.58, 168.00
205.95, 166.00
206.31, 162.00
206.67, 164.00
207.03, 163.00
207.39, 169.00
207.75, 164.00
208.11, 160.00
208.47, 163.00
208.83, 165.00
209.19, 162.00
209.55, 161.00
209.91, 162.00
210.27, 161.00
210.63, 163.00
210.99, 168.00
211.35, 161.00
211.71, 160.00
212.07, 164.00
212.43, 168.00
212.79, 164.00
213.15, 165.00
213.51, 167.00
213.87, 166.00
214.23, 169.00
214.59, 165.00
214.95, 161.00
215.31, 165.00
215.67, 168.00
216.03, 188.00
216.39, 166.00
216.75, 165.00
217.11, 166.00
217.47, 167.00
217.83, 164.00
218.19, 168.00
218.55, 166.00
218.91, 167.00
219.27, 163.00
219.63, 159.00
219.99, 167.00
220.35, 169.00
220.71, 166.00
221.07, 164.00
221.43, 163.00
221.79, 163.00
222.15, 163.00
222.51, 163.00
222.87, 158.00
223.23, 163.00
223.59, 160.00
223.95, 166.00
224.31, 158.00
224.67, 166.00
225.03, 168.00
225.39, 168.00
225.74, 166.00
226.10, 155.00
226.46, 161.00
226.82, 169.00
227.18, 168.00
227.54, 162.00
227.90, 169.00
228.26, 162.00
228.62, 167.00
228.98, 162.00
229.34, 165.00
229.69, 163.00
230.05, 167.00
230.41, 161.00
230.77, 168.00
231.13, 170.00
231.49, 166.00
231.85, 166.00
232.21, 167.00
232.57, 164.00
232.92, 164.00
233.28, 161.00
233.64, 166.00
234.00, 161.00
234.36, 158.00
234.72, 161.00
235.08, 165.00
235.44, 172.00
235.79, 164.00
236.15, 166.00
236.51, 157.00
236.87, 160.00
237.23, 161.00
237.59, 162.00
237.94, 166.00
238.30, 167.00
238.66, 159.00
239.02, 161.00
239.38, 162.00
239.74, 158.00
240.09, 167.00
240.45, 162.00
240.81, 163.00
241.17, 171.00
241.53, 163.00
241.89, 165.00
242.24, 163.00
242.60, 159.00
242.96, 165.00
243.32, 164.00
243.68, 163.00
244.03, 162.00
244.39, 168.00
244.75, 177.00
245.11, 159.00
245.46, 160.00
245.82, 180.00
246.18, 158.00
246.54, 160.00
246.90, 155.00
247.25, 158.00
247.61, 159.00
247.97, 192.00
248.33, 161.00
248.68, 164.00
249.04, 156.00
249.40, 159.00
249.76, 165.00
250.11, 160.00
250.47, 163.00
250.83, 163.00
251.19, 161.00
251.54, 172.00
251.90, 164.00
252.26, 167.00
252.62, 160.00
252.97, 163.00
253.33, 159.00
253.69, 157.00
254.05, 164.00
254.40, 158.00
254.76, 164.00
255.12, 179.00
255.47, 160.00
255.83, 162.00
256.19, 158.00
256.54, 158.00
256.90, 159.00
257.26, 167.00
257.62, 163.00
257.97, 159.00
258.33, 162.00
258.69, 161.00
259.04, 158.00
259.40, 163.00
259.76, 166.00
260.11, 159.00
260.47, 159.00
260.83, 160.00
261.18, 160.00
261.54, 166.00
261.90, 163.00
262.25, 157.00
262.61, 159.00
262.97, 163.00
263.32, 158.00
263.68, 158.00
264.04, 164.00
264.39, 159.00
264.75, 162.00
265.10, 161.00
265.46, 197.00
265.82, 170.00
266.17, 157.00
266.53, 157.00
266.89, 163.00
267.24, 169.00
267.60, 156.00
267.95, 163.00
268.31, 159.00
268.67, 161.00
269.02, 161.00
269.38, 161.00
269.74, 164.00
270.09, 164.00
270.45, 162.00
270.80, 181.00
271.16, 159.00
271.51, 162.00
271.87, 166.00
272.23, 168.00
272.58, 158.00
272.94, 159.00
273.29, 159.00
273.65, 200.00
274.00, 161.00
274.36, 166.00
274.72, 162.00
275.07, 163.00
275.43, 164.00
275.78, 164.00
276.14, 163.00
276.49, 171.00
276.85, 173.00
277.20, 179.00
277.56, 165.00
277.92, 166.00
278.27, 165.00
278.63, 173.00
278.98, 161.00
279.34, 160.00
279.69, 162.00
280.05, 176.00
280.40, 169.00
280.76, 172.00
281.11, 164.00
281.47, 164.00
281.82, 161.00
282.18, 164.00
282.53, 168.00
282.89, 173.00
283.24, 168.00
283.60, 167.00
283.95, 168.00
284.31, 168.00
284.66, 168.00
285.02, 170.00
285.37, 172.00
285.73, 166.00
286.08, 168.00
286.44, 163.00
286.79, 169.00
287.14, 175.00
287.50, 169.00
287.85, 168.00
288.21, 167.00
288.56, 159.00
288.92, 167.00
289.27, 167.00
289.63, 169.00
289.98, 164.00
290.34, 166.00
290.69, 169.00
291.04, 165.00
291.40, 160.00
291.75, 160.00
292.11, 164.00
292.46, 164.00
292.81, 170.00
293.17, 164.00
293.52, 166.00
293.88, 165.00
294.23, 166.00
294.59, 167.00
294.94, 171.00
295.29, 172.00
295.65, 175.00
296.00, 190.00
296.36, 172.00
296.71, 167.00
297.06, 173.00
297.42, 178.00
297.77, 174.00
298.12, 172.00
298.48, 173.00
298.83, 174.00
299.19, 173.00
299.54, 172.00
299.89, 165.00
300.25, 169.00
300.60, 175.00
300.95, 175.00
301.31, 166.00
301.66, 170.00
302.01, 163.00
302.37, 167.00
302.72, 163.00
303.07, 163.00
303.43, 175.00
303.78, 164.00
304.13, 169.00
304.49, 174.00
304.84, 172.00
305.19, 188.00
305.55, 173.00
305.90, 176.00
306.25, 189.00
306.61, 209.00
306.96, 222.00
307.31, 256.00
307.66, 316.00
308.02, 374.00
308.37, 419.00
308.72, 437.00
309.08, 443.00
309.43, 413.00
309.78, 382.00
310.13, 333.00
310.49, 320.00
310.84, 268.00
311.19, 245.00
311.54, 235.00
311.90, 216.00
312.25, 214.00
312.60, 211.00
312.95, 226.00
313.31, 237.00
313.66, 236.00
314.01, 240.00
314.36, 250.00
314.72, 246.00
315.07, 272.00
315.42, 299.00
315.77, 329.00
316.13, 275.00
316.48, 228.00
316.83, 217.00
317.18, 189.00
317.54, 178.00
317.89, 173.00
318.24, 173.00
318.59, 173.00
318.94, 176.00
319.30, 171.00
319.65, 180.00
320.00, 163.00
320.35, 171.00
320.70, 170.00
321.05, 171.00
321.41, 171.00
321.76, 175.00
322.11, 176.00
322.46, 171.00
322.81, 205.00
323.17, 174.00
323.52, 171.00
323.87, 166.00
324.22, 171.00
324.57, 170.00
324.92, 169.00
325.27, 173.00
325.63, 179.00
325.98, 175.00
326.33, 174.00
326.68, 176.00
327.03, 174.00
327.38, 178.00
327.73, 181.00
328.09, 188.00
328.44, 202.00
328.79, 188.00
329.14, 208.00
329.49, 186.00
329.84, 186.00
330.19, 187.00
330.54, 186.00
330.89, 178.00
331.25, 174.00
331.60, 177.00
331.95, 181.00
332.30, 178.00
332.65, 181.00
333.00, 185.00
333.35, 213.00
333.70, 214.00
334.05, 193.00
334.40, 190.00
334.75, 197.00
335.10, 218.00
335.45, 252.00
335.81, 298.00
336.16, 392.00
336.51, 472.00
336.86, 488.00
337.21, 436.00
337.56, 350.00
337.91, 274.00
338.26, 220.00
338.61, 184.00
338.96, 183.00
339.31, 174.00
339.66, 174.00
340.01, 174.00
340.36, 173.00
340.71, 175.00
341.06, 171.00
341.41, 176.00
341.76, 172.00
342.11, 173.00
342.46, 174.00
342.81, 180.00
343.16, 176.00
343.51, 174.00
343.86, 172.00
344.21, 172.00
344.56, 174.00
344.91, 170.00
345.26, 177.00
345.61, 171.00
345.96, 173.00
346.31, 165.00
346.66, 188.00
347.01, 178.00
347.36, 186.00
347.71, 170.00
348.06, 168.00
348.41, 182.00
348.76, 179.00
349.10, 173.00
349.45, 185.00
349.80, 177.00
350.15, 184.00
350.50, 181.00
350.85, 181.00
351.20, 178.00
351.55, 192.00
351.90, 200.00
352.25, 213.00
352.60, 242.00
352.95, 271.00
353.30, 290.00
353.64, 266.00
353.99, 243.00
354.34, 232.00
354.69, 222.00
355.04, 234.00
355.39, 243.00
355.74, 270.00
356.09, 312.00
356.44, 345.00
356.78, 396.00
357.13, 431.00
357.48, 415.00
357.83, 359.00
358.18, 293.00
358.53, 246.00
358.88, 206.00
359.22, 194.00
359.57, 171.00
359.92, 173.00
360.27, 173.00
360.62, 174.00
360.97, 169.00
361.32, 175.00
361.66, 174.00
362.01, 174.00
362.36, 174.00
362.71, 179.00
363.06, 182.00
363.40, 173.00
363.75, 183.00
364.10, 188.00
364.45, 179.00
364.80, 180.00
365.14, 181.00
365.49, 186.00
365.84, 177.00
366.19, 179.00
366.54, 182.00
366.88, 192.00
367.23, 177.00
367.58, 213.00
367.93, 172.00
368.28, 172.00
368.62, 170.00
368.97, 182.00
369.32, 185.00
369.67, 182.00
370.01, 193.00
370.36, 197.00
370.71, 208.00
371.06, 195.00
371.40, 197.00
371.75, 179.00
372.10, 181.00
372.45, 170.00
372.79, 170.00
373.14, 176.00
373.49, 188.00
373.83, 199.00
374.18, 209.00
374.53, 242.00
374.88, 244.00
375.22, 246.00
375.57, 231.00
375.92, 213.00
376.26, 197.00
376.61, 188.00
376.96, 176.00
377.30, 181.00
377.65, 187.00
378.00, 185.00
378.35, 193.00
378.69, 219.00
379.04, 226.00
379.39, 256.00
379.73, 276.00
380.08, 277.00
380.43, 251.00
380.77, 225.00
381.12, 215.00
381.47, 199.00
381.81, 188.00
382.16, 175.00
382.50, 186.00
382.85, 230.00
383.20, 176.00
383.54, 180.00
383.89, 182.00
384.24, 183.00
384.58, 187.00
384.93, 199.00
385.27, 190.00
385.62, 194.00
385.97, 190.00
386.31, 194.00
386.66, 214.00
387.00, 192.00
387.35, 199.00
387.70, 204.00
388.04, 263.00
388.39, 241.00
388.73, 268.00
389.08, 325.00
389.43, 381.00
389.77, 456.00
390.12, 561.00
390.46, 727.00
390.81, 769.00
391.15, 751.00
391.50, 604.00
391.85, 470.00
392.19, 366.00
392.54, 266.00
392.88, 217.00
393.23, 203.00
393.57, 205.00
393.92, 187.00
394.26, 188.00
394.61, 188.00
394.95, 184.00
395.30, 174.00
395.64, 172.00
395.99, 200.00
396.33, 177.00
396.68, 175.00
397.02, 179.00
397.37, 177.00
397.71, 186.00
398.06, 188.00
398.40, 199.00
398.75, 206.00
399.09, 205.00
399.44, 207.00
399.78, 198.00
400.13, 191.00
400.47, 181.00
400.82, 176.00
401.16, 176.00
401.51, 171.00
401.85, 172.00
402.20, 176.00
402.54, 174.00
402.88, 179.00
403.23, 178.00
403.57, 189.00
403.92, 208.00
404.26, 258.00
404.61, 218.00
404.95, 245.00
405.30, 205.00
405.64, 212.00
405.98, 225.00
406.33, 186.00
406.67, 184.00
407.02, 176.00
407.36, 183.00
407.70, 180.00
408.05, 182.00
408.39, 178.00
408.74, 182.00
409.08, 191.00
409.42, 182.00
409.77, 181.00
410.11, 190.00
410.46, 181.00
410.80, 184.00
411.14, 183.00
411.49, 189.00
411.83, 187.00
412.17, 183.00
412.52, 188.00
412.86, 197.00
413.20, 193.00
413.55, 191.00
413.89, 187.00
414.23, 186.00
414.58, 220.00
414.92, 180.00
415.26, 179.00
415.61, 178.00
415.95, 187.00
416.29, 178.00
416.64, 177.00
416.98, 184.00
417.32, 183.00
417.67, 194.00
418.01, 202.00
418.35, 200.00
418.70, 209.00
419.04, 227.00
419.38, 219.00
419.72, 208.00
420.07, 204.00
420.41, 190.00
420.75, 190.00
421.10, 186.00
421.44, 185.00
421.78, 182.00
422.12, 179.00
422.47, 192.00
422.81, 191.00
423.15, 195.00
423.49, 191.00
423.84, 189.00
424.18, 198.00
424.52, 197.00
424.86, 218.00
425.21, 234.00
425.55, 256.00
425.89, 276.00
426.23, 314.00
426.57, 364.00
426.92, 389.00
427.26, 411.00
427.60, 366.00
427.94, 310.00
428.28, 268.00
428.63, 222.00
428.97, 215.00
429.31, 193.00
429.65, 182.00
429.99, 183.00
430.34, 173.00
430.68, 180.00
431.02, 185.00
431.36, 174.00
431.70, 185.00
432.04, 182.00
432.39, 179.00
432.73, 185.00
433.07, 188.00
433.41, 191.00
433.75, 192.00
434.09, 198.00
434.43, 212.00
434.78, 271.00
435.12, 314.00
435.46, 351.00
435.80, 316.00
436.14, 288.00
436.48, 245.00
436.82, 245.00
437.16, 219.00
437.51, 206.00
437.85, 186.00
438.19, 220.00
438.53, 182.00
438.87, 200.00
439.21, 193.00
439.55, 197.00
439.89, 197.00
440.23, 192.00
440.57, 196.00
440.91, 196.00
441.26, 192.00
441.60, 188.00
441.94, 191.00
442.28, 185.00
442.62, 191.00
442.96, 183.00
443.30, 181.00
443.64, 180.00
443.98, 189.00
444.32, 190.00
444.66, 186.00
445.00, 183.00
445.34, 191.00
445.68, 185.00
446.02, 188.00
446.36, 174.00
446.70, 184.00
447.04, 184.00
447.38, 205.00
447.72, 188.00
448.06, 188.00
448.40, 186.00
448.74, 186.00
449.08, 189.00
449.42, 188.00
449.76, 183.00
450.10, 181.00
450.44, 177.00
450.78, 183.00
451.12, 185.00
451.46, 185.00
451.80, 183.00
452.14, 185.00
452.48, 182.00
452.82, 181.00
453.16, 182.00
453.50, 185.00
453.84, 179.00
454.18, 213.00
454.52, 189.00
454.86, 185.00
455.19, 194.00
455.53, 182.00
455.87, 183.00
456.21, 189.00
456.55, 182.00
456.89, 184.00
457.23, 188.00
457.57, 183.00
457.91, 188.00
458.25, 191.00
458.59, 196.00
458.92, 197.00
459.26, 197.00
459.60, 205.00
459.94, 196.00
460.28, 184.00
460.62, 186.00
460.96, 180.00
461.30, 179.00
461.63, 178.00
461.97, 183.00
462.31, 177.00
462.65, 180.00
462.99, 184.00
463.33, 181.00
463.67, 190.00
464.00, 182.00
464.34, 185.00
464.68, 189.00
465.02, 198.00
465.36, 190.00
465.70, 190.00
466.03, 198.00
466.37, 189.00
466.71, 190.00
467.05, 194.00
467.39, 191.00
467.72, 204.00
468.06, 202.00
468.40, 216.00
468.74, 210.00
469.08, 222.00
469.41, 224.00
469.75, 239.00
470.09, 238.00
470.43, 246.00
470.76, 226.00
471.10, 229.00
471.44, 213.00
471.78, 213.00
472.11, 202.00
472.45, 197.00
472.79, 199.00
473.13, 193.00
473.46, 200.00
473.80, 190.00
474.14, 185.00
474.48, 198.00
474.81, 187.00
475.15, 185.00
475.49, 194.00
475.82, 187.00
476.16, 188.00
476.50, 190.00
476.84, 188.00
477.17, 188.00
477.51, 189.00
477.85, 189.00
478.18, 197.00
478.52, 188.00
478.86, 229.00
479.19, 198.00
479.53, 184.00
479.87, 219.00
480.20, 188.00
480.54, 194.00
480.88, 192.00
481.21, 192.00
481.55, 197.00
481.89, 191.00
482.22, 192.00
482.56, 202.00
482.90, 204.00
483.23, 209.00
483.57, 207.00
483.90, 207.00
484.24, 223.00
484.58, 228.00
484.91, 231.00
485.25, 240.00
485.58, 243.00
485.92, 249.00
486.26, 246.00
486.59, 249.00
486.93, 254.00
487.26, 261.00
487.60, 255.00
487.94, 255.00
488.27, 255.00
488.61, 255.00
488.94, 254.00
489.28, 253.00
489.61, 246.00
489.95, 239.00
490.29, 248.00
490.62, 250.00
490.96, 242.00
491.29, 242.00
491.63, 238.00
491.96, 230.00
492.30, 234.00
492.63, 234.00
492.97, 231.00
493.30, 234.00
493.64, 228.00
493.97, 227.00
494.31, 232.00
494.64, 233.00
494.98, 225.00
495.31, 217.00
495.65, 217.00
495.98, 219.00
496.32, 219.00
496.65, 239.00
496.99, 220.00
497.32, 211.00
497.66, 207.00
497.99, 205.00
498.33, 202.00
498.66, 207.00
499.00, 206.00
499.33, 202.00
499.67, 203.00
500.00, 197.00
500.34, 204.00
500.67, 205.00
501.00, 199.00
501.34, 196.00
501.67, 193.00
502.01, 189.00
502.34, 189.00
502.68, 194.00
503.01, 196.00
503.34, 198.00
503.68, 193.00
504.01, 190.00
504.35, 195.00
504.68, 196.00
505.01, 191.00
505.35, 189.00
505.68, 193.00
506.02, 194.00
506.35, 194.00
506.68, 201.00
507.02, 195.00
507.35, 191.00
507.68, 197.00
508.02, 197.00
508.35, 200.00
508.69, 199.00
509.02, 191.00
509.35, 193.00
509.69, 190.00
510.02, 196.00
510.35, 189.00
510.69, 186.00
511.02, 186.00
511.35, 183.00
511.69, 190.00
512.02, 186.00
512.35, 186.00
512.68, 187.00
513.02, 192.00
513.35, 188.00
513.68, 186.00
514.02, 187.00
514.35, 181.00
514.68, 186.00
515.01, 182.00
515.35, 192.00
515.68, 182.00
516.01, 180.00
516.35, 187.00
516.68, 184.00
517.01, 183.00
517.34, 185.00
517.68, 180.00
518.01, 191.00
518.34, 177.00
518.67, 186.00
519.01, 187.00
519.34, 196.00
519.67, 195.00
520.00, 186.00
520.33, 191.00
520.67, 186.00
521.00, 190.00
521.33, 195.00
521.66, 196.00
522.00, 190.00
522.33, 196.00
522.66, 194.00
522.99, 191.00
523.32, 195.00
523.65, 190.00
523.99, 186.00
524.32, 199.00
524.65, 189.00
524.98, 188.00
525.31, 184.00
525.65, 208.00
525.98, 192.00
526.31, 189.00
526.64, 197.00
526.97, 188.00
527.30, 182.00
527.63, 183.00
527.97, 186.00
528.30, 190.00
528.63, 184.00
528.96, 209.00
529.29, 186.00
529.62, 187.00
529.95, 184.00
530.28, 181.00
530.61, 185.00
530.95, 183.00
531.28, 192.00
531.61, 185.00
531.94, 190.00
532.27, 190.00
532.60, 196.00
532.93, 198.00
533.26, 193.00
533.59, 190.00
533.92, 192.00
534.25, 181.00
534.58, 212.00
534.91, 188.00
535.25, 179.00
535.58, 189.00
535.91, 186.00
536.24, 191.00
536.57, 196.00
536.90, 195.00
537.23, 206.00
537.56, 229.00
537.89, 213.00
538.22, 208.00
538.55, 219.00
538.88, 226.00
539.21, 328.00
539.54, 242.00
539.87, 245.00
540.20, 272.00
540.53, 302.00
540.86, 348.00
541.19, 356.00
541.52, 397.00
541.85, 430.00
542.18, 449.00
542.51, 461.00
542.84, 470.00
543.17, 472.00
543.50, 464.00
543.82, 455.00
544.15, 449.00
544.48, 444.00
544.81, 470.00
545.14, 505.00
545.47, 471.00
545.80, 453.00
546.13, 376.00
546.46, 384.00
546.79, 343.00
547.12, 296.00
547.45, 290.00
547.78, 277.00
548.10, 264.00
548.43, 268.00
548.76, 255.00
549.09, 260.00
549.42, 249.00
549.75, 241.00
550.08, 241.00
550.41, 243.00
550.74, 245.00
551.06, 234.00
551.39, 238.00
551.72, 234.00
552.05, 228.00
552.38, 217.00
552.71, 227.00
553.03, 216.00
553.36, 214.00
553.69, 217.00
554.02, 205.00
554.35, 207.00
554.68, 198.00
555.00, 203.00
555.33, 194.00
555.66, 188.00
555.99, 202.00
556.32, 196.00
556.64, 195.00
556.97, 200.00
557.30, 197.00
557.63, 195.00
557.96, 196.00
558.28, 202.00
558.61, 198.00
558.94, 193.00
559.27, 189.00
559.59, 197.00
559.92, 193.00
560.25, 187.00
560.58, 197.00
560.90, 191.00
561.23, 193.00
561.56, 194.00
561.89, 189.00
562.21, 190.00
562.54, 188.00
562.87, 186.00
563.20, 188.00
563.52, 186.00
563.85, 188.00
564.18, 200.00
564.50, 184.00
564.83, 207.00
565.16, 227.00
565.48, 182.00
565.81, 188.00
566.14, 183.00
566.47, 181.00
566.79, 185.00
567.12, 177.00
567.45, 202.00
567.77, 183.00
568.10, 183.00
568.43, 188.00
568.75, 179.00
569.08, 188.00
569.40, 208.00
569.73, 180.00
570.06, 178.00
570.38, 184.00
570.71, 182.00
571.04, 180.00
571.36, 183.00
571.69, 183.00
572.01, 181.00
572.34, 177.00
572.67, 186.00
572.99, 179.00
573.32, 193.00
573.64, 179.00
573.97, 184.00
574.30, 177.00
574.62, 179.00
574.95, 181.00
575.27, 190.00
575.60, 189.00
575.92, 196.00
576.25, 200.00
576.58, 197.00
576.90, 198.00
577.23, 220.00
577.55, 198.00
577.88, 205.00
578.20, 204.00
578.53, 210.00
578.85, 222.00
579.18, 218.00
579.50, 209.00
579.83, 212.00
580.15, 219.00
580.48, 211.00
580.80, 212.00
581.13, 205.00
581.45, 209.00
581.78, 212.00
582.10, 223.00
582.43, 226.00
582.75, 222.00
583.08, 227.00
583.40, 232.00
583.73, 279.00
584.05, 228.00
584.38, 225.00
584.70, 251.00
585.03, 228.00
585.35, 225.00
585.67, 232.00
586.00, 239.00
586.32, 250.00
586.65, 261.00
586.97, 261.00
587.30, 254.00
587.62, 244.00
587.94, 255.00
588.27, 229.00
588.59, 226.00
588.92, 223.00
589.24, 221.00
589.56, 222.00
589.89, 216.00
590.21, 203.00
590.54, 209.00
590.86, 208.00
591.18, 200.00
591.51, 210.00
591.83, 225.00
592.15, 225.00
592.48, 219.00
592.80, 216.00
593.13, 217.00
593.45, 210.00
593.77, 209.00
594.10, 212.00
594.42, 206.00
594.74, 205.00
595.07, 198.00
595.39, 199.00
595.71, 204.00
596.03, 204.00
596.36, 200.00
596.68, 200.00
597.00, 204.00
597.33, 207.00
597.65, 212.00
597.97, 213.00
598.30, 211.00
598.62, 206.00
598.94, 215.00
599.26, 214.00
599.59, 214.00
599.91, 205.00
600.23, 204.00
600.55, 207.00
600.88, 201.00
601.20, 197.00
601.52, 200.00
601.84, 196.00
602.17, 189.00
602.49, 187.00
602.81, 183.00
603.13, 187.00
603.45, 191.00
603.78, 181.00
604.10, 188.00
604.42, 184.00
604.74, 181.00
605.07, 181.00
605.39, 188.00
605.71, 189.00
606.03, 187.00
606.35, 193.00
606.67, 190.00
607.00, 200.00
607.32, 197.00
607.64, 196.00
607.96, 196.00
608.28, 210.00
608.60, 211.00
608.93, 222.00
609.25, 254.00
609.57, 303.00
609.89, 369.00
610.21, 448.00
610.53, 476.00
610.85, 487.00
611.17, 450.00
611.50, 446.00
611.82, 404.00
612.14, 376.00
612.46, 365.00
612.78, 338.00
613.10, 323.00
613.42, 300.00
613.74, 295.00
614.06, 311.00
614.38, 279.00
614.70, 270.00
615.03, 266.00
615.35, 251.00
615.67, 317.00
615.99, 231.00
616.31, 225.00
616.63, 225.00
616.95, 210.00
617.27, 208.00
617.59, 202.00
617.91, 206.00
618.23, 215.00
618.55, 199.00
618.87, 201.00
619.19, 210.00
619.51, 202.00
619.83, 201.00
620.15, 207.00
620.47, 215.00
620.79, 203.00
621.11, 215.00
621.43, 202.00
621.75, 206.00
622.07, 207.00
622.39, 203.00
622.71, 204.00
623.03, 200.00
623.35, 230.00
623.67, 201.00
623.99, 207.00
624.31, 197.00
624.63, 200.00
624.95, 189.00
625.26, 191.00
625.58, 199.00
625.90, 215.00
626.22, 196.00
626.54, 196.00
626.86, 196.00
627.18, 193.00
627.50, 198.00
627.82, 194.00
628.14, 193.00
628.46, 201.00
628.77, 197.00
629.09, 206.00
629.41, 206.00
629.73, 209.00
630.05, 224.00
630.37, 225.00
630.69, 221.00
631.00, 219.00
631.32, 218.00
631.64, 204.00
631.96, 202.00
632.28, 201.00
632.60, 191.00
632.92, 188.00
633.23, 186.00
633.55, 188.00
633.87, 184.00
634.19, 188.00
634.51, 184.00
634.82, 192.00
635.14, 196.00
635.46, 196.00
635.78, 193.00
636.10, 184.00
636.41, 190.00
636.73, 193.00
637.05, 187.00
637.37, 191.00
637.68, 187.00
638.00, 188.00
638.32, 194.00
638.64, 198.00
638.95, 202.00
639.27, 196.00
639.59, 193.00
639.91, 194.00
640.22, 194.00
640.54, 194.00
640.86, 191.00
641.18, 194.00
641.49, 200.00
641.81, 190.00
642.13, 193.00
642.44, 179.00
642.76, 181.00
643.08, 175.00
643.40, 179.00
643.71, 183.00
644.03, 184.00
644.35, 190.00
644.66, 188.00
644.98, 186.00
645.30, 187.00
645.61, 191.00
645.93, 182.00
646.25, 182.00
646.56, 187.00
646.88, 204.00
647.19, 182.00
647.51, 179.00
647.83, 179.00
648.14, 176.00
648.46, 177.00
648.78, 174.00
649.09, 185.00
649.41, 218.00
649.72, 186.00
650.04, 189.00
650.36, 183.00
650.67, 185.00
650.99, 185.00
651.30, 184.00
651.62, 194.00
651.93, 184.00
652.25, 198.00
652.57, 218.00
652.88, 182.00
653.20, 185.00
653.51, 183.00
653.83, 182.00
654.14, 180.00
654.46, 179.00
654.77, 181.00
655.09, 183.00
655.40, 191.00
655.72, 179.00
656.04, 173.00
656.35, 183.00
656.67, 179.00
656.98, 174.00
657.30, 178.00
657.61, 179.00
657.93, 178.00
658.24, 180.00
658.55, 207.00
658.87, 178.00
659.18, 181.00
659.50, 180.00
659.81, 191.00
660.13, 183.00
660.44, 189.00
660.76, 180.00
661.07, 197.00
661.39, 184.00
661.70, 191.00
662.01, 182.00
662.33, 185.00
662.64, 184.00
662.96, 172.00
663.27, 177.00
663.59, 175.00
663.90, 179.00
664.21, 178.00
664.53, 190.00
664.84, 175.00
665.16, 195.00
665.47, 172.00
665.78, 174.00
666.10, 182.00
666.41, 181.00
666.72, 184.00
667.04, 187.00
667.35, 183.00
667.67, 181.00
667.98, 187.00
668.29, 185.00
668.61, 180.00
668.92, 179.00
669.23, 175.00
669.55, 183.00
669.86, 200.00
670.17, 180.00
670.48, 176.00
670.80, 176.00
671.11, 173.00
671.42, 174.00
671.74, 176.00
672.05, 172.00
672.36, 180.00
672.68, 169.00
672.99, 176.00
673.30, 171.00
673.61, 175.00
673.93, 175.00
674.24, 171.00
674.55, 178.00
674.86, 176.00
675.18, 180.00
675.49, 181.00
675.80, 175.00
676.11, 185.00
676.43, 182.00
676.74, 175.00
677.05, 174.00
677.36, 181.00
677.67, 171.00
677.99, 181.00
678.30, 179.00
678.61, 179.00
678.92, 178.00
679.23, 182.00
679.55, 180.00
679.86, 179.00
680.17, 177.00
680.48, 181.00
680.79, 180.00
681.10, 173.00
681.42, 178.00
681.73, 173.00
682.04, 172.00
682.35, 169.00
682.66, 172.00
682.97, 175.00
683.28, 169.00
683.60, 177.00
683.91, 171.00
684.22, 185.00
684.53, 177.00
684.84, 172.00
685.15, 174.00
685.46, 198.00
685.77, 170.00
686.08, 176.00
686.40, 205.00
686.71, 173.00
687.02, 178.00
687.33, 179.00
687.64, 175.00
687.95, 179.00
688.26, 169.00
688.57, 170.00
688.88, 170.00
689.19, 172.00
689.50, 165.00
689.81, 172.00
690.12, 167.00
690.43, 180.00
690.74, 165.00
691.05, 164.00
691.36, 178.00
691.67, 164.00
691.98, 167.00
692.29, 169.00
692.60, 171.00
692.91, 164.00
693.22, 170.00
693.53, 166.00
693.84, 170.00
694.15, 162.00
694.46, 168.00
694.77, 165.00
695.08, 167.00
695.39, 174.00
695.70, 169.00
696.01, 167.00
696.32, 167.00
696.63, 167.00
696.94, 167.00
697.25, 167.00
697.56, 172.00
697.87, 175.00
698.17, 202.00
698.48, 174.00
698.79, 162.00
699.10, 160.00
699.41, 170.00
699.72, 168.00
700.03, 165.00
700.34, 164.00
700.65, 169.00
700.95, 168.00
701.26, 167.00
701.57, 167.00
701.88, 164.00
702.19, 178.00
702.50, 171.00
702.81, 162.00
703.11, 188.00
703.42, 167.00
703.73, 165.00
704.04, 176.00
704.35, 174.00
704.66, 177.00
704.96, 203.00
705.27, 229.00
705.58, 249.00
705.89, 259.00
706.20, 239.00
706.50, 239.00
706.81, 235.00
707.12, 221.00
707.43, 220.00
707.73, 214.00
708.04, 200.00
708.35, 198.00
708.66, 192.00
708.97, 192.00
709.27, 188.00
709.58, 182.00
709.89, 179.00
710.19, 180.00
710.50, 180.00
710.81, 179.00
711.12, 190.00
711.42, 183.00
711.73, 182.00
712.04, 179.00
712.35, 181.00
712.65, 178.00
712.96, 175.00
713.27, 178.00
713.57, 187.00
713.88, 188.00
714.19, 167.00
714.49, 167.00
714.80, 174.00
715.11, 168.00
715.41, 166.00
715.72, 165.00
716.03, 164.00
716.33, 173.00
716.64, 168.00
716.94, 172.00
717.25, 168.00
717.56, 178.00
717.86, 169.00
718.17, 165.00
718.48, 169.00
718.78, 173.00
719.09, 167.00
719.39, 166.00
719.70, 169.00
720.01, 166.00
720.31, 165.00
720.62, 166.00
720.92, 161.00
721.23, 171.00
721.53, 171.00
721.84, 171.00
722.15, 163.00
722.45, 165.00
722.76, 165.00
723.06, 164.00
723.37, 166.00
723.67, 165.00
723.98, 164.00
724.28, 169.00
724.59, 171.00
724.89, 168.00
725.20, 168.00
725.50, 174.00
725.81, 160.00
726.11, 161.00
726.42, 167.00
726.72, 171.00
727.03, 198.00
727.33, 171.00
727.64, 172.00
727.94, 165.00
728.25, 171.00
728.55, 164.00
728.86, 187.00
729.16, 165.00
729.46, 166.00
729.77, 169.00
730.07, 165.00
730.38, 162.00
730.68, 162.00
730.99, 169.00
731.29, 165.00
731.59, 167.00
731.90, 162.00
732.20, 164.00
732.51, 164.00
732.81, 163.00
733.11, 162.00
733.42, 167.00
733.72, 166.00
734.02, 165.00
734.33, 160.00
734.63, 164.00
734.94, 164.00
735.24, 162.00
735.54, 162.00
735.85, 167.00
736.15, 164.00
736.45, 161.00
736.76, 164.00
737.06, 164.00
737.36, 166.00
737.67, 159.00
737.97, 163.00
738.27, 164.00
738.57, 167.00
738.88, 168.00
739.18, 188.00
739.48, 163.00
739.79, 158.00
740.09, 169.00
740.39, 161.00
740.69, 167.00
741.00, 167.00
741.30, 168.00
741.60, 161.00
741.90, 165.00
742.21, 165.00
742.51, 195.00
742.81, 168.00
743.11, 158.00
743.42, 188.00
743.72, 167.00
744.02, 164.00
744.32, 167.00
744.63, 174.00
744.93, 170.00
745.23, 168.00
745.53, 176.00
745.83, 171.00
746.13, 167.00
746.44, 169.00
746.74, 163.00
747.04, 170.00
747.34, 173.00
747.64, 167.00
747.94, 168.00
748.25, 174.00
748.55, 175.00
748.85, 167.00
749.15, 176.00
749.45, 193.00
749.75, 176.00
750.05, 168.00
750.35, 167.00
750.66, 184.00
750.96, 173.00
751.26, 165.00
751.56, 166.00
751.86, 175.00
752.16, 168.00
752.46, 165.00
752.76, 162.00
753.06, 164.00
753.36, 194.00
753.66, 163.00
753.96, 165.00
754.27, 165.00
754.57, 167.00
754.87, 159.00
755.17, 162.00
755.47, 164.00
755.77, 169.00
756.07, 167.00
756.37, 165.00
756.67, 169.00
756.97, 168.00
757.27, 172.00
757.57, 169.00
757.87, 169.00
758.17, 168.00
758.47, 171.00
758.77, 176.00
759.07, 171.00
759.37, 166.00
759.67, 173.00
759.97, 170.00
760.27, 173.00
760.57, 169.00
760.86, 169.00
761.16, 174.00
761.46, 165.00
761.76, 197.00
762.06, 164.00
762.36, 170.00
762.66, 170.00
762.96, 168.00
763.26, 172.00
763.56, 191.00
763.86, 171.00
764.16, 164.00
764.45, 176.00
764.75, 171.00
765.05, 168.00
765.35, 166.00
765.65, 167.00
765.95, 164.00
766.25, 167.00
766.55, 171.00
766.84, 173.00
767.14, 169.00
767.44, 166.00
767.74, 166.00
768.04, 168.00
768.34, 162.00
768.63, 165.00
768.93, 165.00
769.23, 168.00
769.53, 167.00
769.83, 171.00
770.12, 161.00
770.42, 171.00
770.72, 166.00
771.02, 169.00
771.32, 170.00
771.61, 169.00
771.91, 168.00
772.21, 170.00
772.51, 169.00
772.80, 167.00
773.10, 170.00
773.40, 170.00
773.70, 165.00
773.99, 169.00
774.29, 172.00
774.59, 170.00
774.88, 166.00
775.18, 169.00
775.48, 194.00
775.78, 255.00
776.07, 332.00
776.37, 361.00
776.67, 354.00
776.96, 307.00
777.26, 298.00
777.56, 244.00
777.85, 237.00
778.15, 231.00
778.45, 222.00
778.74, 210.00
779.04, 194.00
779.34, 182.00
779.63, 175.00
779.93, 170.00
780.22, 169.00
780.52, 162.00
780.82, 165.00
781.11, 158.00
781.41, 168.00
781.71, 157.00
782.00, 172.00
782.30, 165.00
782.59, 165.00
782.89, 164.00
783.19, 159.00
783.48, 160.00
783.78, 161.00
784.07, 169.00
784.37, 168.00
784.66, 167.00
784.96, 157.00
785.25, 161.00
785.55, 160.00
785.84, 167.00
786.14, 161.00
786.44, 161.00
786.73, 164.00
787.03, 162.00
787.32, 160.00
787.62, 163.00
787.91, 167.00
788.21, 162.00
788.50, 160.00
788.80, 166.00
789.09, 167.00
789.39, 165.00
789.68, 162.00
789.97, 166.00
790.27, 161.00
790.56, 164.00
790.86, 170.00
791.15, 159.00
791.45, 161.00
791.74, 186.00
792.04, 165.00
792.33, 160.00
792.62, 184.00
792.92, 162.00
793.21, 165.00
793.51, 168.00
793.80, 164.00
794.09, 160.00
794.39, 162.00
794.68, 163.00
794.98, 162.00
795.27, 163.00
795.56, 166.00
795.86, 170.00
796.15, 164.00
796.44, 165.00
796.74, 163.00
797.03, 172.00
797.32, 166.00
797.62, 158.00
797.91, 170.00
798.20, 164.00
798.50, 169.00
798.79, 172.00
799.08, 167.00
799.38, 160.00
799.67, 161.00
799.96, 173.00
800.26, 183.00
800.55, 166.00
800.84, 166.00
801.13, 163.00
801.43, 165.00
801.72, 197.00
802.01, 167.00
802.30, 160.00
802.60, 159.00
802.89, 170.00
803.18, 159.00
803.47, 160.00
803.77, 170.00
804.06, 167.00
804.35, 166.00
804.64, 178.00
804.94, 159.00
805.23, 169.00
805.52, 162.00
805.81, 163.00
806.10, 164.00
806.39, 161.00
806.69, 161.00
806.98, 164.00
807.27, 165.00
807.56, 170.00
807.85, 167.00
808.14, 159.00
808.44, 167.00
808.73, 163.00
809.02, 176.00
809.31, 164.00
809.60, 167.00
809.89, 173.00
810.18, 163.00
810.48, 174.00
810.77, 164.00
811.06, 168.00
811.35, 163.00
811.64, 163.00
811.93, 174.00
812.22, 167.00
812.51, 163.00
812.80, 158.00
813.09, 161.00
813.38, 160.00
813.67, 179.00
813.96, 160.00
814.26, 161.00
814.55, 157.00
814.84, 162.00
815.13, 165.00
815.42, 159.00
815.71, 163.00
816.00, 163.00
816.29, 165.00
816.58, 166.00
816.87, 162.00
817.16, 160.00
817.45, 167.00
817.74, 163.00
818.03, 157.00
818.32, 159.00
818.61, 167.00
818.90, 161.00
819.19, 163.00
819.48, 156.00
819.76, 163.00
820.05, 162.00
820.34, 154.00
820.63, 160.00
820.92, 165.00
821.21, 159.00
821.50, 159.00
821.79, 161.00
822.08, 163.00
822.37, 163.00
822.66, 160.00
822.95, 164.00
823.23, 162.00
823.52, 175.00
823.81, 165.00
824.10, 162.00
824.39, 165.00
824.68, 162.00
824.97, 178.00
825.26, 161.00
825.54, 196.00
825.83, 166.00
826.12, 164.00
826.41, 160.00
826.70, 162.00
826.99, 165.00
827.27, 159.00
827.56, 175.00
827.85, 165.00
828.14, 161.00
828.43, 166.00
828.71, 173.00
829.00, 162.00
829.29, 164.00
829.58, 164.00
829.86, 161.00
830.15, 161.00
830.44, 164.00
830.73, 158.00
831.01, 158.00
831.30, 155.00
831.59, 164.00
831.88, 162.00
832.16, 158.00
832.45, 161.00
832.74, 162.00
833.03, 166.00
833.31, 165.00
833.60, 161.00
833.89, 165.00
834.17, 164.00
834.46, 162.00
834.75, 163.00
835.03, 163.00
835.32, 167.00
835.61, 165.00
835.89, 174.00
836.18, 163.00
836.47, 168.00
836.75, 164.00
837.04, 168.00
837.33, 162.00
837.61, 157.00
837.90, 158.00
838.19, 164.00
838.47, 162.00
838.76, 164.00
839.04, 159.00
839.33, 163.00
839.62, 162.00
839.90, 162.00
840.19, 163.00
840.47, 158.00
840.76, 185.00
841.04, 160.00
841.33, 165.00
841.62, 165.00
841.90, 166.00
842.19, 162.00
842.47, 189.00
842.76, 163.00
843.04, 164.00
843.33, 186.00
843.61, 173.00
843.90, 168.00
844.18, 171.00
844.47, 170.00
844.75, 170.00
845.04, 168.00
845.32, 165.00
845.61, 165.00
845.89, 164.00
846.18, 165.00
846.46, 165.00
846.75, 164.00
847.03, 175.00
847.32, 165.00
847.60, 161.00
847.88, 159.00
848.17, 158.00
848.45, 176.00
848.74, 159.00
849.02, 159.00
849.31, 160.00
849.59, 162.00
849.87, 159.00
850.16, 159.00
850.44, 161.00
850.73, 184.00
851.01, 164.00
851.29, 160.00
851.58, 163.00
851.86, 161.00
852.14, 160.00
852.43, 163.00
852.71, 160.00
853.00, 159.00
853.28, 168.00
853.56, 159.00
853.85, 165.00
854.13, 162.00
854.41, 157.00
854.69, 161.00
854.98, 162.00
855.26, 205.00
855.54, 159.00
855.83, 162.00
856.11, 165.00
856.39, 147.00
856.68, 159.00
856.96, 160.00
857.24, 160.00
857.52, 162.00
857.81, 162.00
858.09, 159.00
858.37, 161.00
858.65, 160.00
858.94, 165.00
859.22, 159.00
