190.05, 0.00
190.41, 153.00
190.77, 154.00
191.14, 156.00
191.50, 156.00
191.86, 174.00
192.22, 166.00
192.58, 166.00
192.94, 165.00
193.31, 156.00
193.67, 155.00
194.03, 170.00
194.39, 162.00
194.75, 161.00
195.11, 169.00
195.47, 176.00
195.84, 165.00
196.20, 165.00
196.56, 179.00
196.92, 158.00
197.28, 161.00
197.64, 162.00
198.00, 159.00
198.37, 160.00
198.73, 164.00
199.09, 163.00
199.45, 166.00
199.81, 169.00
200.17, 167.00
200.53, 164.00
200.89, 169.00
201.25, 190.00
201.62, 166.00
201.98, 163.00
202.34, 165.00
202.70, 165.00
203.06, 160.00
203.42, 162.00
203.78, 161.00
204.14, 164.00
204.50, 184.00
204.86, 168.00
205.22, 168.00
205.58, 167.00
205.95, 163.00
206.31, 162.00
206.67, 162.00
207.03, 162.00
207.39, 165.00
207.75, 159.00
208.11, 162.00
208.47, 164.00
208.83, 168.00
209.19, 165.00
209.55, 164.00
209.91, 166.00
210.27, 160.00
210.63, 159.00
210.99, 170.00
211.35, 163.00
211.71, 167.00
212.07, 160.00
212.43, 167.00
212.79, 168.00
213.15, 160.00
213.51, 166.00
213.87, 163.00
214.23, 166.00
214.59, 163.00
214.95, 164.00
215.31, 160.00
215.67, 167.00
216.03, 182.00
216.39, 155.00
216.75, 168.00
217.11, 161.00
217.47, 161.00
217.83, 164.00
218.19, 162.00
218.55, 166.00
218.91, 161.00
219.27, 163.00
219.63, 159.00
219.99, 159.00
220.35, 164.00
220.71, 168.00
221.07, 164.00
221.43, 164.00
221.79, 159.00
222.15, 162.00
222.51, 163.00
222.87, 166.00
223.23, 162.00
223.59, 162.00
223.95, 162.00
224.31, 161.00
224.67, 161.00
225.03, 170.00
225.39, 168.00
225.74, 165.00
226.10, 162.00
226.46, 162.00
226.82, 167.00
227.18, 164.00
227.54, 165.00
227.90, 170.00
228.26, 165.00
228.62, 169.00
228.98, 159.00
229.34, 159.00
229.69, 163.00
230.05, 165.00
230.41, 160.00
230.77, 169.00
231.13, 170.00
231.49, 164.00
231.85, 157.00
232.21, 168.00
232.57, 162.00
232.92, 162.00
233.28, 159.00
233.64, 162.00
234.00, 156.00
234.36, 156.00
234.72, 160.00
235.08, 162.00
235.44, 163.00
235.79, 162.00
236.15, 169.00
236.51, 162.00
236.87, 160.00
237.23, 164.00
237.59, 160.00
237.94, 165.00
238.30, 163.00
238.66, 159.00
239.02, 163.00
239.38, 159.00
239.74, 162.00
240.09, 170.00
240.45, 160.00
240.81, 157.00
241.17, 168.00
241.53, 159.00
241.89, 162.00
242.24, 160.00
242.60, 161.00
242.96, 166.00
243.32, 169.00
243.68, 160.00
244.03, 164.00
244.39, 159.00
244.75, 180.00
245.11, 167.00
245.46, 165.00
245.82, 182.00
246.18, 164.00
246.54, 158.00
246.90, 157.00
247.25, 159.00
247.61, 157.00
247.97, 188.00
248.33, 162.00
248.68, 159.00
249.04, 158.00
249.40, 159.00
249.76, 164.00
250.11, 163.00
250.47, 164.00
250.83, 162.00
251.19, 163.00
251.54, 162.00
251.90, 169.00
252.26, 165.00
252.62, 161.00
252.97, 159.00
253.33, 161.00
253.69, 157.00
254.05, 163.00
254.40, 162.00
254.76, 161.00
255.12, 185.00
255.47, 163.00
255.83, 170.00
256.19, 168.00
256.54, 163.00
256.90, 162.00
257.26, 162.00
257.62, 164.00
257.97, 158.00
258.33, 166.00
258.69, 161.00
259.04, 164.00
259.40, 163.00
259.76, 165.00
260.11, 171.00
260.47, 159.00
260.83, 162.00
261.18, 162.00
261.54, 167.00
261.90, 162.00
262.25, 163.00
262.61, 164.00
262.97, 158.00
263.32, 166.00
263.68, 160.00
264.04, 164.00
264.39, 163.00
264.75, 164.00
265.10, 166.00
265.46, 193.00
265.82, 174.00
266.17, 163.00
266.53, 161.00
266.89, 167.00
267.24, 165.00
267.60, 159.00
267.95, 164.00
268.31, 164.00
268.67, 164.00
269.02, 165.00
269.38, 161.00
269.74, 170.00
270.09, 167.00
270.45, 163.00
270.80, 181.00
271.16, 164.00
271.51, 167.00
271.87, 168.00
272.23, 165.00
272.58, 164.00
272.94, 161.00
273.29, 162.00
273.65, 198.00
274.00, 162.00
274.36, 169.00
274.72, 164.00
275.07, 159.00
275.43, 166.00
275.78, 166.00
276.14, 155.00
276.49, 164.00
276.85, 169.00
277.20, 180.00
277.56, 159.00
277.92, 158.00
278.27, 163.00
278.63, 173.00
278.98, 162.00
279.34, 161.00
279.69, 164.00
280.05, 177.00
280.40, 174.00
280.76, 175.00
281.11, 165.00
281.47, 166.00
281.82, 164.00
282.18, 164.00
282.53, 172.00
282.89, 170.00
283.24, 167.00
283.60, 167.00
283.95, 173.00
284.31, 164.00
284.66, 167.00
285.02, 164.00
285.37, 163.00
285.73, 165.00
286.08, 170.00
286.44, 161.00
286.79, 168.00
287.14, 170.00
287.50, 171.00
287.85, 161.00
288.21, 168.00
288.56, 161.00
288.92, 165.00
289.27, 159.00
289.63, 161.00
289.98, 168.00
290.34, 156.00
290.69, 178.00
291.04, 163.00
291.40, 158.00
291.75, 159.00
292.11, 166.00
292.46, 160.00
292.81, 167.00
293.17, 162.00
293.52, 159.00
293.88, 163.00
294.23, 164.00
294.59, 165.00
294.94, 165.00
295.29, 167.00
295.65, 175.00
296.00, 181.00
296.36, 162.00
296.71, 168.00
297.06, 171.00
297.42, 169.00
297.77, 166.00
298.12, 171.00
298.48, 169.00
298.83, 172.00
299.19, 171.00
299.54, 167.00
299.89, 164.00
300.25, 163.00
300.60, 168.00
300.95, 170.00
301.31, 163.00
301.66, 163.00
302.01, 165.00
302.37, 167.00
302.72, 167.00
303.07, 163.00
303.43, 171.00
303.78, 167.00
304.13, 171.00
304.49, 165.00
304.84, 174.00
305.19, 188.00
305.55, 167.00
305.90, 177.00
306.25, 189.00
306.61, 209.00
306.96, 219.00
307.31, 266.00
307.66, 320.00
308.02, 378.00
308.37, 424.00
308.72, 448.00
309.08, 446.00
309.43, 427.00
309.78, 375.00
310.13, 339.00
310.49, 309.00
310.84, 265.00
311.19, 243.00
311.54, 228.00
311.90, 207.00
312.25, 211.00
312.60, 205.00
312.95, 223.00
313.31, 230.00
313.66, 225.00
314.01, 241.00
314.36, 244.00
314.72, 245.00
315.07, 275.00
315.42, 288.00
315.77, 316.00
316.13, 266.00
316.48, 227.00
316.83, 202.00
317.18, 185.00
317.54, 177.00
317.89, 168.00
318.24, 170.00
318.59, 172.00
318.94, 169.00
319.30, 164.00
319.65, 173.00
320.00, 169.00
320.35, 171.00
320.70, 167.00
321.05, 176.00
321.41, 173.00
321.76, 174.00
322.11, 162.00
322.46, 163.00
322.81, 197.00
323.17, 172.00
323.52, 167.00
323.87, 170.00
324.22, 167.00
324.57, 173.00
324.92, 175.00
325.27, 165.00
325.63, 178.00
325.98, 166.00
326.33, 172.00
326.68, 172.00
327.03, 167.00
327.38, 168.00
327.73, 169.00
328.09, 178.00
328.44, 201.00
328.79, 179.00
329.14, 201.00
329.49, 181.00
329.84, 184.00
330.19, 180.00
330.54, 177.00
330.89, 181.00
331.25, 172.00
331.60, 173.00
331.95, 169.00
332.30, 170.00
332.65, 174.00
333.00, 182.00
333.35, 215.00
333.70, 211.00
334.05, 186.00
334.40, 184.00
334.75, 184.00
335.10, 208.00
335.45, 237.00
335.81, 295.00
336.16, 389.00
336.51, 478.00
336.86, 493.00
337.21, 432.00
337.56, 336.00
337.91, 267.00
338.26, 207.00
338.61, 183.00
338.96, 175.00
339.31, 169.00
339.66, 168.00
340.01, 172.00
340.36, 169.00
340.71, 168.00
341.06, 169.00
341.41, 172.00
341.76, 169.00
342.11, 171.00
342.46, 173.00
342.81, 170.00
343.16, 176.00
343.51, 165.00
343.86, 170.00
344.21, 162.00
344.56, 165.00
344.91, 164.00
345.26, 169.00
345.61, 166.00
345.96, 165.00
346.31, 168.00
346.66, 188.00
347.01, 163.00
347.36, 182.00
347.71, 161.00
348.06, 162.00
348.41, 180.00
348.76, 178.00
349.10, 173.00
349.45, 180.00
349.80, 176.00
350.15, 175.00
350.50, 182.00
350.85, 181.00
351.20, 174.00
351.55, 184.00
351.90, 196.00
352.25, 207.00
352.60, 234.00
352.95, 253.00
353.30, 281.00
353.64, 251.00
353.99, 225.00
354.34, 220.00
354.69, 213.00
355.04, 228.00
355.39, 238.00
355.74, 270.00
356.09, 318.00
356.44, 356.00
356.78, 416.00
357.13, 448.00
357.48, 422.00
357.83, 358.00
358.18, 285.00
358.53, 236.00
358.88, 195.00
359.22, 188.00
359.57, 167.00
359.92, 166.00
360.27, 169.00
360.62, 175.00
360.97, 173.00
361.32, 168.00
361.66, 170.00
362.01, 172.00
362.36, 169.00
362.71, 177.00
363.06, 174.00
363.40, 175.00
363.75, 176.00
364.10, 182.00
364.45, 175.00
364.80, 186.00
365.14, 177.00
365.49, 171.00
365.84, 175.00
366.19, 171.00
366.54, 168.00
366.88, 190.00
367.23, 160.00
367.58, 210.00
367.93, 166.00
368.28, 166.00
368.62, 166.00
368.97, 178.00
369.32, 176.00
369.67, 174.00
370.01, 193.00
370.36, 188.00
370.71, 203.00
371.06, 187.00
371.40, 185.00
371.75, 172.00
372.10, 170.00
372.45, 173.00
372.79, 173.00
373.14, 175.00
373.49, 184.00
373.83, 200.00
374.18, 215.00
374.53, 230.00
374.88, 238.00
375.22, 237.00
375.57, 218.00
375.92, 203.00
376.26, 183.00
376.61, 182.00
376.96, 166.00
377.30, 183.00
377.65, 176.00
378.00, 179.00
378.35, 194.00
378.69, 212.00
379.04, 225.00
379.39, 263.00
379.73, 278.00
380.08, 278.00
380.43, 251.00
380.77, 223.00
381.12, 208.00
381.47, 193.00
381.81, 175.00
382.16, 169.00
382.50, 179.00
382.85, 235.00
383.20, 178.00
383.54, 179.00
383.89, 181.00
384.24, 187.00
384.58, 187.00
384.93, 198.00
385.27, 194.00
385.62, 198.00
385.97, 198.00
386.31, 195.00
386.66, 217.00
387.00, 198.00
387.35, 205.00
387.70, 216.00
388.04, 289.00
388.39, 285.00
388.73, 371.00
389.08, 486.00
389.43, 678.00
389.77, 838.00
390.12, 1140.00
390.46, 1573.00
390.81, 1707.00
391.15, 1610.00
391.50, 1228.00
391.85, 815.00
392.19, 567.00
392.54, 356.00
392.88, 244.00
393.23, 210.00
393.57, 201.00
393.92, 189.00
394.26, 186.00
394.61, 172.00
394.95, 177.00
395.30, 173.00
395.64, 171.00
395.99, 197.00
396.33, 179.00
396.68, 171.00
397.02, 170.00
397.37, 180.00
397.71, 179.00
398.06, 186.00
398.40, 189.00
398.75, 201.00
399.09, 208.00
399.44, 201.00
399.78, 189.00
400.13, 181.00
400.47, 177.00
400.82, 163.00
401.16, 162.00
401.51, 173.00
401.85, 166.00
402.20, 173.00
402.54, 175.00
402.88, 169.00
403.23, 173.00
403.57, 184.00
403.92, 198.00
404.26, 251.00
404.61, 220.00
404.95, 249.00
405.30, 217.00
405.64, 205.00
405.98, 215.00
406.33, 188.00
406.67, 179.00
407.02, 179.00
407.36, 180.00
407.70, 186.00
408.05, 175.00
408.39, 181.00
408.74, 183.00
409.08, 190.00
409.42, 188.00
409.77, 183.00
410.11, 185.00
410.46, 180.00
410.80, 185.00
411.14, 180.00
411.49, 186.00
411.83, 189.00
412.17, 195.00
412.52, 184.00
412.86, 190.00
413.20, 191.00
413.55, 182.00
413.89, 186.00
414.23, 179.00
414.58, 208.00
414.92, 174.00
415.26, 176.00
415.61, 170.00
415.95, 178.00
416.29, 179.00
416.64, 178.00
416.98, 179.00
417.32, 182.00
417.67, 195.00
418.01, 196.00
418.35, 201.00
418.70, 205.00
419.04, 225.00
419.38, 212.00
419.72, 211.00
420.07, 200.00
420.41, 190.00
420.75, 183.00
421.10, 177.00
421.44, 178.00
421.78, 176.00
422.12, 179.00
422.47, 180.00
422.81, 183.00
423.15, 189.00
423.49, 194.00
423.84, 193.00
424.18, 200.00
424.52, 214.00
424.86, 248.00
425.21, 302.00
425.55, 340.00
425.89, 407.00
426.23, 487.00
426.57, 633.00
426.92, 687.00
427.26, 737.00
427.60, 623.00
427.94, 465.00
428.28, 361.00
428.63, 290.00
428.97, 236.00
429.31, 202.00
429.65, 184.00
429.99, 179.00
430.34, 171.00
430.68, 172.00
431.02, 177.00
431.36, 173.00
431.70, 174.00
432.04, 170.00
432.39, 173.00
432.73, 180.00
433.07, 178.00
433.41, 183.00
433.75, 191.00
434.09, 185.00
434.43, 197.00
434.78, 257.00
435.12, 302.00
435.46, 333.00
435.80, 294.00
436.14, 282.00
436.48, 248.00
436.82, 237.00
437.16, 212.00
437.51, 189.00
437.85, 188.00
438.19, 223.00
438.53, 186.00
438.87, 202.00
439.21, 190.00
439.55, 193.00
439.89, 196.00
440.23, 197.00
440.57, 191.00
440.91, 192.00
441.26, 192.00
441.60, 183.00
441.94, 188.00
442.28, 190.00
442.62, 189.00
442.96, 175.00
443.30, 187.00
443.64, 184.00
443.98, 186.00
444.32, 183.00
444.66, 181.00
445.00, 177.00
445.34, 179.00
445.68, 176.00
446.02, 180.00
446.36, 173.00
446.70, 177.00
447.04, 182.00
447.38, 196.00
447.72, 178.00
448.06, 182.00
448.40, 182.00
448.74, 171.00
449.08, 187.00
449.42, 182.00
449.76, 178.00
450.10, 180.00
450.44, 180.00
450.78, 180.00
451.12, 186.00
451.46, 182.00
451.80, 182.00
452.14, 168.00
452.48, 177.00
452.82, 177.00
453.16, 175.00
453.50, 180.00
453.84, 176.00
454.18, 204.00
454.52, 178.00
454.86, 178.00
455.19, 188.00
455.53, 180.00
455.87, 180.00
456.21, 183.00
456.55, 185.00
456.89, 184.00
457.23, 175.00
457.57, 181.00
457.91, 189.00
458.25, 184.00
458.59, 188.00
458.92, 195.00
459.26, 190.00
459.60, 199.00
459.94, 188.00
460.28, 185.00
460.62, 187.00
460.96, 176.00
461.30, 174.00
461.63, 175.00
461.97, 174.00
462.31, 174.00
462.65, 179.00
462.99, 184.00
463.33, 187.00
463.67, 179.00
464.00, 186.00
464.34, 190.00
464.68, 188.00
465.02, 187.00
465.36, 187.00
465.70, 181.00
466.03, 188.00
466.37, 176.00
466.71, 190.00
467.05, 191.00
467.39, 200.00
467.72, 209.00
468.06, 218.00
468.40, 235.00
468.74, 250.00
469.08, 257.00
469.41, 280.00
469.75, 307.00
470.09, 329.00
470.43, 317.00
470.76, 278.00
471.10, 258.00
471.44, 243.00
471.78, 219.00
472.11, 213.00
472.45, 206.00
472.79, 196.00
473.13, 194.00
473.46, 191.00
473.80, 193.00
474.14, 182.00
474.48, 191.00
474.81, 185.00
475.15, 182.00
475.49, 183.00
475.82, 184.00
476.16, 181.00
476.50, 173.00
476.84, 180.00
477.17, 178.00
477.51, 172.00
477.85, 173.00
478.18, 189.00
478.52, 170.00
478.86, 213.00
479.19, 181.00
479.53, 178.00
479.87, 208.00
480.20, 183.00
480.54, 188.00
480.88, 174.00
481.21, 176.00
481.55, 178.00
481.89, 184.00
482.22, 188.00
482.56, 187.00
482.90, 181.00
483.23, 195.00
483.57, 197.00
483.90, 199.00
484.24, 208.00
484.58, 213.00
484.91, 223.00
485.25, 219.00
485.58, 229.00
485.92, 228.00
486.26, 232.00
486.59, 238.00
486.93, 235.00
487.26, 243.00
487.60, 240.00
487.94, 238.00
488.27, 238.00
488.61, 234.00
488.94, 237.00
489.28, 235.00
489.61, 228.00
489.95, 226.00
490.29, 222.00
490.62, 227.00
490.96, 219.00
491.29, 228.00
491.63, 221.00
491.96, 215.00
492.30, 212.00
492.63, 219.00
492.97, 206.00
493.30, 216.00
493.64, 211.00
493.97, 204.00
494.31, 211.00
494.64, 217.00
494.98, 208.00
495.31, 208.00
495.65, 197.00
495.98, 202.00
496.32, 206.00
496.65, 227.00
496.99, 203.00
497.32, 196.00
497.66, 195.00
497.99, 198.00
498.33, 194.00
498.66, 190.00
499.00, 186.00
499.33, 191.00
499.67, 184.00
500.00, 184.00
500.34, 180.00
500.67, 192.00
501.00, 193.00
501.34, 185.00
501.67, 186.00
502.01, 192.00
502.34, 177.00
502.68, 185.00
503.01, 189.00
503.34, 194.00
503.68, 186.00
504.01, 184.00
504.35, 184.00
504.68, 188.00
505.01, 186.00
505.35, 184.00
505.68, 191.00
506.02, 188.00
506.35, 190.00
506.68, 201.00
507.02, 190.00
507.35, 185.00
507.68, 191.00
508.02, 193.00
508.35, 196.00
508.69, 184.00
509.02, 186.00
509.35, 185.00
509.69, 184.00
510.02, 188.00
510.35, 181.00
510.69, 181.00
511.02, 182.00
511.35, 180.00
511.69, 181.00
512.02, 178.00
512.35, 184.00
512.68, 178.00
513.02, 182.00
513.35, 179.00
513.68, 175.00
514.02, 176.00
514.35, 174.00
514.68, 190.00
515.01, 173.00
515.35, 178.00
515.68, 177.00
516.01, 174.00
516.35, 168.00
516.68, 175.00
517.01, 172.00
517.34, 179.00
517.68, 177.00
518.01, 179.00
518.34, 170.00
518.67, 180.00
519.01, 173.00
519.34, 180.00
519.67, 189.00
520.00, 183.00
520.33, 185.00
520.67, 184.00
521.00, 185.00
521.33, 189.00
521.66, 199.00
522.00, 192.00
522.33, 188.00
522.66, 189.00
522.99, 191.00
523.32, 185.00
523.65, 178.00
523.99, 184.00
524.32, 181.00
524.65, 179.00
524.98, 181.00
525.31, 182.00
525.65, 207.00
525.98, 180.00
526.31, 182.00
526.64, 190.00
526.97, 183.00
527.30, 175.00
527.63, 170.00
527.97, 171.00
528.30, 172.00
528.63, 184.00
528.96, 198.00
529.29, 174.00
529.62, 178.00
529.95, 168.00
530.28, 171.00
530.61, 172.00
530.95, 167.00
531.28, 175.00
531.61, 183.00
531.94, 191.00
532.27, 200.00
532.60, 193.00
532.93, 188.00
533.26, 185.00
533.59, 183.00
533.92, 167.00
534.25, 179.00
534.58, 208.00
534.91, 181.00
535.25, 173.00
535.58, 172.00
535.91, 177.00
536.24, 180.00
536.57, 187.00
536.90, 181.00
537.23, 189.00
537.56, 218.00
537.89, 200.00
538.22, 197.00
538.55, 213.00
538.88, 221.00
539.21, 314.00
539.54, 233.00
539.87, 231.00
540.20, 258.00
540.53, 281.00
540.86, 333.00
541.19, 346.00
541.52, 383.00
541.85, 411.00
542.18, 431.00
542.51, 442.00
542.84, 456.00
543.17, 456.00
543.50, 441.00
543.82, 425.00
544.15, 430.00
544.48, 429.00
544.81, 451.00
545.14, 474.00
545.47, 453.00
545.80, 430.00
546.13, 357.00
546.46, 365.00
546.79, 325.00
547.12, 289.00
547.45, 274.00
547.78, 262.00
548.10, 259.00
548.43, 257.00
548.76, 251.00
549.09, 242.00
549.42, 238.00
549.75, 232.00
550.08, 233.00
550.41, 231.00
550.74, 236.00
551.06, 227.00
551.39, 230.00
551.72, 223.00
552.05, 214.00
552.38, 218.00
552.71, 216.00
553.03, 214.00
553.36, 209.00
553.69, 202.00
554.02, 194.00
554.35, 193.00
554.68, 190.00
555.00, 195.00
555.33, 190.00
555.66, 195.00
555.99, 204.00
556.32, 191.00
556.64, 191.00
556.97, 201.00
557.30, 192.00
557.63, 199.00
557.96, 195.00
558.28, 202.00
558.61, 199.00
558.94, 194.00
559.27, 199.00
559.59, 194.00
559.92, 195.00
560.25, 192.00
560.58, 193.00
560.90, 194.00
561.23, 195.00
561.56, 187.00
561.89, 191.00
562.21, 189.00
562.54, 189.00
562.87, 188.00
563.20, 186.00
563.52, 183.00
563.85, 175.00
564.18, 190.00
564.50, 179.00
564.83, 203.00
565.16, 218.00
565.48, 168.00
565.81, 178.00
566.14, 173.00
566.47, 171.00
566.79, 172.00
567.12, 166.00
567.45, 185.00
567.77, 167.00
568.10, 170.00
568.43, 172.00
568.75, 170.00
569.08, 174.00
569.40, 198.00
569.73, 168.00
570.06, 171.00
570.38, 167.00
570.71, 167.00
571.04, 169.00
571.36, 171.00
571.69, 178.00
572.01, 170.00
572.34, 167.00
572.67, 174.00
572.99, 170.00
573.32, 183.00
573.64, 172.00
573.97, 170.00
574.30, 171.00
574.62, 168.00
574.95, 168.00
575.27, 174.00
575.60, 181.00
575.92, 183.00
576.25, 179.00
576.58, 196.00
576.90, 187.00
577.23, 215.00
577.55, 180.00
577.88, 187.00
578.20, 187.00
578.53, 191.00
578.85, 206.00
579.18, 207.00
579.50, 201.00
579.83, 197.00
580.15, 201.00
580.48, 200.00
580.80, 201.00
581.13, 203.00
581.45, 201.00
581.78, 202.00
582.10, 213.00
582.43, 211.00
582.75, 220.00
583.08, 212.00
583.40, 216.00
583.73, 272.00
584.05, 212.00
584.38, 210.00
584.70, 242.00
585.03, 211.00
585.35, 216.00
585.67, 219.00
586.00, 229.00
586.32, 245.00
586.65, 243.00
586.97, 248.00
587.30, 247.00
587.62, 235.00
587.94, 237.00
588.27, 220.00
588.59, 213.00
588.92, 208.00
589.24, 207.00
589.56, 208.00
589.89, 210.00
590.21, 199.00
590.54, 203.00
590.86, 201.00
591.18, 203.00
591.51, 204.00
591.83, 216.00
592.15, 210.00
592.48, 212.00
592.80, 213.00
593.13, 208.00
593.45, 205.00
593.77, 206.00
594.10, 201.00
594.42, 202.00
594.74, 198.00
595.07, 196.00
595.39, 199.00
595.71, 206.00
596.03, 207.00
596.36, 206.00
596.68, 210.00
597.00, 201.00
597.33, 207.00
597.65, 219.00
597.97, 212.00
598.30, 213.00
598.62, 208.00
598.94, 217.00
599.26, 219.00
599.59, 213.00
599.91, 212.00
600.23, 203.00
600.55, 196.00
600.88, 203.00
601.20, 193.00
601.52, 196.00
601.84, 190.00
602.17, 191.00
602.49, 183.00
602.81, 177.00
603.13, 185.00
603.45, 193.00
603.78, 186.00
604.10, 182.00
604.42, 181.00
604.74, 180.00
605.07, 182.00
605.39, 180.00
605.71, 183.00
606.03, 186.00
606.35, 181.00
606.67, 189.00
607.00, 192.00
607.32, 186.00
607.64, 191.00
607.96, 196.00
608.28, 192.00
608.60, 203.00
608.93, 208.00
609.25, 244.00
609.57, 287.00
609.89, 358.00
610.21, 413.00
610.53, 453.00
610.85, 454.00
611.17, 438.00
611.50, 401.00
611.82, 379.00
612.14, 348.00
612.46, 340.00
612.78, 317.00
613.10, 316.00
613.42, 291.00
613.74, 286.00
614.06, 299.00
614.38, 272.00
614.70, 268.00
615.03, 271.00
615.35, 255.00
615.67, 318.00
615.99, 223.00
616.31, 221.00
616.63, 222.00
616.95, 210.00
617.27, 206.00
617.59, 198.00
617.91, 197.00
618.23, 201.00
618.55, 194.00
618.87, 191.00
619.19, 193.00
619.51, 196.00
619.83, 197.00
620.15, 202.00
620.47, 200.00
620.79, 191.00
621.11, 198.00
621.43, 198.00
621.75, 207.00
622.07, 198.00
622.39, 198.00
622.71, 195.00
623.03, 191.00
623.35, 225.00
623.67, 194.00
623.99, 196.00
624.31, 187.00
624.63, 194.00
624.95, 190.00
625.26, 187.00
625.58, 185.00
625.90, 209.00
626.22, 181.00
626.54, 186.00
626.86, 190.00
627.18, 191.00
627.50, 186.00
627.82, 188.00
628.14, 186.00
628.46, 191.00
628.77, 190.00
629.09, 194.00
629.41, 192.00
629.73, 200.00
630.05, 216.00
630.37, 221.00
630.69, 215.00
631.00, 208.00
631.32, 201.00
631.64, 203.00
631.96, 189.00
632.28, 191.00
632.60, 189.00
632.92, 180.00
633.23, 183.00
633.55, 186.00
633.87, 178.00
634.19, 184.00
634.51, 186.00
634.82, 197.00
635.14, 193.00
635.46, 200.00
635.78, 194.00
636.10, 191.00
636.41, 195.00
636.73, 188.00
637.05, 193.00
637.37, 188.00
637.68, 184.00
638.00, 196.00
638.32, 189.00
638.64, 197.00
638.95, 209.00
639.27, 196.00
639.59, 200.00
639.91, 191.00
640.22, 188.00
640.54, 191.00
640.86, 187.00
641.18, 194.00
641.49, 203.00
641.81, 187.00
642.13, 191.00
642.44, 178.00
642.76, 170.00
643.08, 171.00
643.40, 179.00
643.71, 178.00
644.03, 189.00
644.35, 182.00
644.66, 189.00
644.98, 181.00
645.30, 180.00
645.61, 197.00
645.93, 175.00
646.25, 179.00
646.56, 178.00
646.88, 199.00
647.19, 172.00
647.51, 180.00
647.83, 169.00
648.14, 170.00
648.46, 167.00
648.78, 175.00
649.09, 175.00
649.41, 204.00
649.72, 177.00
650.04, 179.00
650.36, 174.00
650.67, 178.00
650.99, 176.00
651.30, 177.00
651.62, 172.00
651.93, 168.00
652.25, 186.00
652.57, 201.00
652.88, 175.00
653.20, 181.00
653.51, 172.00
653.83, 171.00
654.14, 171.00
654.46, 167.00
654.77, 170.00
655.09, 175.00
655.40, 183.00
655.72, 177.00
656.04, 171.00
656.35, 175.00
656.67, 174.00
656.98, 164.00
657.30, 173.00
657.61, 167.00
657.93, 172.00
658.24, 173.00
658.55, 207.00
658.87, 175.00
659.18, 175.00
659.50, 172.00
659.81, 172.00
660.13, 173.00
660.44, 177.00
660.76, 174.00
661.07, 184.00
661.39, 177.00
661.70, 174.00
662.01, 171.00
662.33, 169.00
662.64, 179.00
662.96, 167.00
663.27, 170.00
663.59, 172.00
663.90, 167.00
664.21, 172.00
664.53, 186.00
664.84, 168.00
665.16, 189.00
665.47, 169.00
665.78, 169.00
666.10, 173.00
666.41, 179.00
666.72, 188.00
667.04, 188.00
667.35, 187.00
667.67, 184.00
667.98, 181.00
668.29, 181.00
668.61, 180.00
668.92, 175.00
669.23, 174.00
669.55, 176.00
669.86, 189.00
670.17, 168.00
670.48, 175.00
670.80, 171.00
671.11, 170.00
671.42, 167.00
671.74, 171.00
672.05, 164.00
672.36, 174.00
672.68, 163.00
672.99, 175.00
673.30, 170.00
673.61, 165.00
673.93, 169.00
674.24, 168.00
674.55, 172.00
674.86, 168.00
675.18, 169.00
675.49, 176.00
675.80, 169.00
676.11, 175.00
676.43, 178.00
676.74, 173.00
677.05, 176.00
677.36, 172.00
677.67, 176.00
677.99, 176.00
678.30, 174.00
678.61, 173.00
678.92, 172.00
679.23, 173.00
679.55, 171.00
679.86, 178.00
680.17, 179.00
680.48, 176.00
680.79, 176.00
681.10, 182.00
681.42, 173.00
681.73, 171.00
682.04, 170.00
682.35, 166.00
682.66, 172.00
682.97, 171.00
683.28, 176.00
683.60, 167.00
683.91, 173.00
684.22, 182.00
684.53, 171.00
684.84, 172.00
685.15, 171.00
685.46, 193.00
685.77, 169.00
686.08, 171.00
686.40, 199.00
686.71, 173.00
687.02, 172.00
687.33, 174.00
687.64, 169.00
687.95, 167.00
688.26, 166.00
688.57, 167.00
688.88, 170.00
689.19, 164.00
689.50, 165.00
689.81, 171.00
690.12, 163.00
690.43, 178.00
690.74, 165.00
691.05, 164.00
691.36, 177.00
691.67, 160.00
691.98, 166.00
692.29, 164.00
692.60, 168.00
692.91, 172.00
693.22, 167.00
693.53, 167.00
693.84, 168.00
694.15, 163.00
694.46, 168.00
694.77, 160.00
695.08, 163.00
695.39, 173.00
695.70, 166.00
696.01, 168.00
696.32, 162.00
696.63, 165.00
696.94, 169.00
697.25, 158.00
697.56, 167.00
697.87, 172.00
698.17, 194.00
698.48, 167.00
698.79, 166.00
699.10, 162.00
699.41, 169.00
699.72, 164.00
700.03, 160.00
700.34, 167.00
700.65, 163.00
700.95, 168.00
701.26, 168.00
701.57, 163.00
701.88, 161.00
702.19, 173.00
702.50, 168.00
702.81, 164.00
703.11, 186.00
703.42, 165.00
703.73, 174.00
704.04, 175.00
704.35, 180.00
704.66, 188.00
704.96, 228.00
705.27, 284.00
705.58, 321.00
705.89, 339.00
706.20, 299.00
706.50, 282.00
706.81, 264.00
707.12, 245.00
707.43, 232.00
707.73, 221.00
708.04, 201.00
708.35, 197.00
708.66, 184.00
708.97, 187.00
709.27, 184.00
709.58, 176.00
709.89, 177.00
710.19, 173.00
710.50, 174.00
710.81, 182.00
711.12, 186.00
711.42, 177.00
711.73, 187.00
712.04, 182.00
712.35, 179.00
712.65, 168.00
712.96, 175.00
713.27, 171.00
713.57, 188.00
713.88, 181.00
714.19, 166.00
714.49, 164.00
714.80, 169.00
715.11, 164.00
715.41, 170.00
715.72, 168.00
716.03, 168.00
716.33, 171.00
716.64, 164.00
716.94, 168.00
717.25, 171.00
717.56, 169.00
717.86, 166.00
718.17, 164.00
718.48, 158.00
718.78, 169.00
719.09, 170.00
719.39, 165.00
719.70, 167.00
720.01, 165.00
720.31, 164.00
720.62, 167.00
720.92, 160.00
721.23, 171.00
721.53, 172.00
721.84, 162.00
722.15, 170.00
722.45, 170.00
722.76, 162.00
723.06, 168.00
723.37, 163.00
723.67, 169.00
723.98, 169.00
724.28, 172.00
724.59, 173.00
724.89, 174.00
725.20, 172.00
725.50, 172.00
725.81, 163.00
726.11, 168.00
726.42, 165.00
726.72, 171.00
727.03, 201.00
727.33, 177.00
727.64, 179.00
727.94, 168.00
728.25, 174.00
728.55, 168.00
728.86, 182.00
729.16, 165.00
729.46, 171.00
729.77, 169.00
730.07, 168.00
730.38, 169.00
730.68, 164.00
730.99, 175.00
731.29, 164.00
731.59, 161.00
731.90, 162.00
732.20, 166.00
732.51, 164.00
732.81, 161.00
733.11, 164.00
733.42, 164.00
733.72, 169.00
734.02, 168.00
734.33, 167.00
734.63, 165.00
734.94, 166.00
735.24, 165.00
735.54, 160.00
735.85, 166.00
736.15, 164.00
736.45, 161.00
736.76, 167.00
737.06, 164.00
737.36, 167.00
737.67, 166.00
737.97, 165.00
738.27, 167.00
738.57, 166.00
738.88, 168.00
739.18, 191.00
739.48, 166.00
739.79, 160.00
740.09, 163.00
740.39, 164.00
740.69, 168.00
741.00, 164.00
741.30, 162.00
741.60, 166.00
741.90, 158.00
742.21, 164.00
742.51, 197.00
742.81, 166.00
743.11, 164.00
743.42, 186.00
743.72, 163.00
744.02, 163.00
744.32, 169.00
744.63, 167.00
744.93, 165.00
745.23, 166.00
745.53, 167.00
745.83, 166.00
746.13, 163.00
746.44, 164.00
746.74, 166.00
747.04, 171.00
747.34, 161.00
747.64, 163.00
747.94, 165.00
748.25, 165.00
748.55, 170.00
748.85, 164.00
749.15, 172.00
749.45, 190.00
749.75, 173.00
750.05, 167.00
750.35, 168.00
750.66, 177.00
750.96, 166.00
751.26, 158.00
751.56, 166.00
751.86, 174.00
752.16, 165.00
752.46, 161.00
752.76, 159.00
753.06, 163.00
753.36, 189.00
753.66, 164.00
753.96, 161.00
754.27, 157.00
754.57, 161.00
754.87, 161.00
755.17, 159.00
755.47, 159.00
755.77, 159.00
756.07, 163.00
756.37, 166.00
756.67, 166.00
756.97, 163.00
757.27, 167.00
757.57, 162.00
757.87, 167.00
758.17, 165.00
758.47, 166.00
758.77, 171.00
759.07, 162.00
759.37, 166.00
759.67, 165.00
759.97, 169.00
760.27, 162.00
760.57, 164.00
760.86, 167.00
761.16, 160.00
761.46, 166.00
761.76, 184.00
762.06, 163.00
762.36, 173.00
762.66, 171.00
762.96, 163.00
763.26, 165.00
763.56, 186.00
763.86, 166.00
764.16, 164.00
764.45, 167.00
764.75, 163.00
765.05, 164.00
765.35, 157.00
765.65, 162.00
765.95, 164.00
766.25, 170.00
766.55, 162.00
766.84, 163.00
767.14, 166.00
767.44, 162.00
767.74, 167.00
768.04, 167.00
768.34, 163.00
768.63, 163.00
768.93, 165.00
769.23, 166.00
769.53, 164.00
769.83, 165.00
770.12, 161.00
770.42, 171.00
770.72, 165.00
771.02, 159.00
771.32, 159.00
771.61, 163.00
771.91, 172.00
772.21, 163.00
772.51, 166.00
772.80, 157.00
773.10, 154.00
773.40, 170.00
773.70, 161.00
773.99, 166.00
774.29, 172.00
774.59, 173.00
774.88, 166.00
775.18, 173.00
775.48, 214.00
775.78, 314.00
776.07, 434.00
776.37, 484.00
776.67, 470.00
776.96, 373.00
777.26, 346.00
777.56, 270.00
777.85, 252.00
778.15, 242.00
778.45, 237.00
778.74, 216.00
779.04, 202.00
779.34, 186.00
779.63, 178.00
779.93, 164.00
780.22, 167.00
780.52, 160.00
780.82, 159.00
781.11, 162.00
781.41, 155.00
781.71, 165.00
782.00, 165.00
782.30, 168.00
782.59, 170.00
782.89, 162.00
783.19, 159.00
783.48, 159.00
783.78, 157.00
784.07, 169.00
784.37, 166.00
784.66, 158.00
784.96, 166.00
785.25, 156.00
785.55, 161.00
785.84, 163.00
786.14, 165.00
786.44, 161.00
786.73, 166.00
787.03, 161.00
787.32, 165.00
787.62, 161.00
787.91, 166.00
788.21, 160.00
788.50, 161.00
788.80, 160.00
789.09, 164.00
789.39, 169.00
789.68, 166.00
789.97, 165.00
790.27, 170.00
790.56, 165.00
790.86, 169.00
791.15, 163.00
791.45, 161.00
791.74, 179.00
792.04, 162.00
792.33, 158.00
792.62, 180.00
792.92, 161.00
793.21, 158.00
793.51, 171.00
793.80, 161.00
794.09, 167.00
794.39, 163.00
794.68, 167.00
794.98, 161.00
795.27, 167.00
795.56, 162.00
795.86, 166.00
796.15, 164.00
796.44, 169.00
796.74, 164.00
797.03, 162.00
797.32, 161.00
797.62, 167.00
797.91, 168.00
798.20, 163.00
798.50, 170.00
798.79, 171.00
799.08, 161.00
799.38, 165.00
799.67, 164.00
799.96, 161.00
800.26, 182.00
800.55, 162.00
800.84, 161.00
801.13, 158.00
801.43, 164.00
801.72, 187.00
802.01, 159.00
802.30, 166.00
802.60, 158.00
802.89, 159.00
803.18, 165.00
803.47, 164.00
803.77, 165.00
804.06, 170.00
804.35, 166.00
804.64, 173.00
804.94, 163.00
805.23, 162.00
805.52, 162.00
805.81, 161.00
806.10, 163.00
806.39, 162.00
806.69, 160.00
806.98, 161.00
807.27, 160.00
807.56, 167.00
807.85, 166.00
808.14, 160.00
808.44, 165.00
808.73, 160.00
809.02, 174.00
809.31, 163.00
809.60, 162.00
809.89, 167.00
810.18, 154.00
810.48, 170.00
810.77, 166.00
811.06, 165.00
811.35, 162.00
811.64, 159.00
811.93, 177.00
812.22, 156.00
812.51, 160.00
812.80, 163.00
813.09, 166.00
813.38, 159.00
813.67, 181.00
813.96, 161.00
814.26, 164.00
814.55, 156.00
814.84, 161.00
815.13, 167.00
815.42, 159.00
815.71, 166.00
816.00, 164.00
816.29, 166.00
816.58, 167.00
816.87, 163.00
817.16, 159.00
817.45, 165.00
817.74, 167.00
818.03, 163.00
818.32, 162.00
818.61, 161.00
818.90, 166.00
819.19, 155.00
819.48, 160.00
819.76, 161.00
820.05, 162.00
820.34, 158.00
820.63, 159.00
820.92, 161.00
821.21, 156.00
821.50, 157.00
821.79, 158.00
822.08, 158.00
822.37, 164.00
822.66, 161.00
822.95, 166.00
823.23, 161.00
823.52, 176.00
823.81, 163.00
824.10, 159.00
824.39, 164.00
824.68, 155.00
824.97, 175.00
825.26, 157.00
825.54, 202.00
825.83, 159.00
826.12, 162.00
826.41, 161.00
826.70, 165.00
826.99, 173.00
827.27, 159.00
827.56, 174.00
827.85, 161.00
828.14, 158.00
828.43, 161.00
828.71, 162.00
829.00, 167.00
829.29, 162.00
829.58, 162.00
829.86, 160.00
830.15, 159.00
830.44, 165.00
830.73, 165.00
831.01, 160.00
831.30, 162.00
831.59, 167.00
831.88, 164.00
832.16, 160.00
832.45, 169.00
832.74, 167.00
833.03, 163.00
833.31, 167.00
833.60, 161.00
833.89, 167.00
834.17, 166.00
834.46, 160.00
834.75, 160.00
835.03, 163.00
835.32, 156.00
835.61, 172.00
835.89, 173.00
836.18, 163.00
836.47, 159.00
836.75, 160.00
837.04, 166.00
837.33, 167.00
837.61, 153.00
837.90, 156.00
838.19, 161.00
838.47, 160.00
838.76, 153.00
839.04, 165.00
839.33, 160.00
839.62, 164.00
839.90, 164.00
840.19, 161.00
840.47, 161.00
840.76, 184.00
841.04, 161.00
841.33, 167.00
841.62, 160.00
841.90, 165.00
842.19, 162.00
842.47, 281.00
842.76, 167.00
843.04, 166.00
843.33, 185.00
843.61, 178.00
843.90, 172.00
844.18, 177.00
844.47, 171.00
844.75, 173.00
845.04, 165.00
845.32, 167.00
845.61, 170.00
845.89, 171.00
846.18, 166.00
846.46, 166.00
846.75, 167.00
847.03, 173.00
847.32, 161.00
847.60, 163.00
847.88, 165.00
848.17, 162.00
848.45, 177.00
848.74, 162.00
849.02, 159.00
849.31, 159.00
849.59, 165.00
849.87, 162.00
850.16, 163.00
850.44, 162.00
850.73, 187.00
851.01, 163.00
851.29, 159.00
851.58, 167.00
851.86, 164.00
852.14, 163.00
852.43, 165.00
852.71, 164.00
853.00, 163.00
853.28, 167.00
853.56, 160.00
853.85, 158.00
854.13, 158.00
854.41, 163.00
854.69, 160.00
854.98, 169.00
855.26, 202.00
855.54, 164.00
855.83, 159.00
856.11, 162.00
856.39, 160.00
856.68, 160.00
856.96, 159.00
857.24, 161.00
857.52, 168.00
857.81, 157.00
858.09, 158.00
858.37, 159.00
858.65, 164.00
858.94, 161.00
859.22, 159.00
