190.05, 0.00
190.41, 146.00
190.77, 147.00
191.14, 150.00
191.50, 152.00
191.86, 174.00
192.22, 163.00
192.58, 157.00
192.94, 157.00
193.31, 161.00
193.67, 158.00
194.03, 168.00
194.39, 162.00
194.75, 157.00
195.11, 168.00
195.47, 176.00
195.84, 159.00
196.20, 158.00
196.56, 175.00
196.92, 156.00
197.28, 167.00
197.64, 159.00
198.00, 163.00
198.37, 160.00
198.73, 162.00
199.09, 158.00
199.45, 158.00
199.81, 157.00
200.17, 170.00
200.53, 161.00
200.89, 163.00
201.25, 185.00
201.62, 158.00
201.98, 159.00
202.34, 157.00
202.70, 166.00
203.06, 155.00
203.42, 162.00
203.78, 161.00
204.14, 162.00
204.50, 181.00
204.86, 169.00
205.22, 162.00
205.58, 162.00
205.95, 155.00
206.31, 158.00
206.67, 161.00
207.03, 163.00
207.39, 162.00
207.75, 156.00
208.11, 156.00
208.47, 157.00
208.83, 164.00
209.19, 164.00
209.55, 162.00
209.91, 163.00
210.27, 160.00
210.63, 155.00
210.99, 167.00
211.35, 159.00
211.71, 166.00
212.07, 166.00
212.43, 165.00
212.79, 162.00
213.15, 163.00
213.51, 165.00
213.87, 166.00
214.23, 158.00
214.59, 161.00
214.95, 160.00
215.31, 159.00
215.67, 156.00
216.03, 184.00
216.39, 158.00
216.75, 162.00
217.11, 157.00
217.47, 158.00
217.83, 162.00
218.19, 159.00
218.55, 164.00
218.91, 160.00
219.27, 161.00
219.63, 161.00
219.99, 163.00
220.35, 164.00
220.71, 164.00
221.07, 162.00
221.43, 160.00
221.79, 158.00
222.15, 162.00
222.51, 158.00
222.87, 159.00
223.23, 155.00
223.59, 160.00
223.95, 161.00
224.31, 159.00
224.67, 158.00
225.03, 162.00
225.39, 163.00
225.74, 161.00
226.10, 161.00
226.46, 160.00
226.82, 165.00
227.18, 165.00
227.54, 156.00
227.90, 167.00
228.26, 158.00
228.62, 167.00
228.98, 158.00
229.34, 158.00
229.69, 158.00
230.05, 166.00
230.41, 158.00
230.77, 167.00
231.13, 161.00
231.49, 164.00
231.85, 156.00
232.21, 168.00
232.57, 161.00
232.92, 156.00
233.28, 155.00
233.64, 159.00
234.00, 161.00
234.36, 156.00
234.72, 157.00
235.08, 164.00
235.44, 165.00
235.79, 159.00
236.15, 164.00
236.51, 157.00
236.87, 160.00
237.23, 158.00
237.59, 155.00
237.94, 165.00
238.30, 161.00
238.66, 148.00
239.02, 157.00
239.38, 161.00
239.74, 158.00
240.09, 164.00
240.45, 156.00
240.81, 158.00
241.17, 157.00
241.53, 157.00
241.89, 157.00
242.24, 159.00
242.60, 161.00
242.96, 159.00
243.32, 160.00
243.68, 163.00
244.03, 157.00
244.39, 161.00
244.75, 178.00
245.11, 165.00
245.46, 164.00
245.82, 176.00
246.18, 156.00
246.54, 165.00
246.90, 154.00
247.25, 155.00
247.61, 159.00
247.97, 189.00
248.33, 155.00
248.68, 157.00
249.04, 159.00
249.40, 153.00
249.76, 166.00
250.11, 154.00
250.47, 160.00
250.83, 154.00
251.19, 159.00
251.54, 169.00
251.90, 161.00
252.26, 156.00
252.62, 157.00
252.97, 165.00
253.33, 160.00
253.69, 158.00
254.05, 165.00
254.40, 154.00
254.76, 163.00
255.12, 179.00
255.47, 163.00
255.83, 165.00
256.19, 162.00
256.54, 159.00
256.90, 156.00
257.26, 163.00
257.62, 163.00
257.97, 158.00
258.33, 161.00
258.69, 154.00
259.04, 160.00
259.40, 156.00
259.76, 160.00
260.11, 159.00
260.47, 159.00
260.83, 161.00
261.18, 163.00
261.54, 164.00
261.90, 162.00
262.25, 156.00
262.61, 162.00
262.97, 159.00
263.32, 161.00
263.68, 157.00
264.04, 163.00
264.39, 157.00
264.75, 155.00
265.10, 161.00
265.46, 198.00
265.82, 170.00
266.17, 155.00
266.53, 158.00
266.89, 161.00
267.24, 164.00
267.60, 160.00
267.95, 160.00
268.31, 156.00
268.67, 157.00
269.02, 163.00
269.38, 162.00
269.74, 166.00
270.09, 152.00
270.45, 160.00
270.80, 175.00
271.16, 159.00
271.51, 160.00
271.87, 164.00
272.23, 167.00
272.58, 160.00
272.94, 160.00
273.29, 156.00
273.65, 203.00
274.00, 158.00
274.36, 158.00
274.72, 160.00
275.07, 160.00
275.43, 159.00
275.78, 160.00
276.14, 158.00
276.49, 164.00
276.85, 173.00
277.20, 172.00
277.56, 159.00
277.92, 163.00
278.27, 162.00
278.63, 164.00
278.98, 157.00
279.34, 160.00
279.69, 153.00
280.05, 171.00
280.40, 163.00
280.76, 165.00
281.11, 159.00
281.47, 158.00
281.82, 157.00
282.18, 154.00
282.53, 157.00
282.89, 165.00
283.24, 162.00
283.60, 158.00
283.95, 157.00
284.31, 159.00
284.66, 158.00
285.02, 162.00
285.37, 158.00
285.73, 157.00
286.08, 163.00
286.44, 158.00
286.79, 169.00
287.14, 169.00
287.50, 161.00
287.85, 156.00
288.21, 163.00
288.56, 158.00
288.92, 155.00
289.27, 153.00
289.63, 158.00
289.98, 158.00
290.34, 158.00
290.69, 165.00
291.04, 160.00
291.40, 154.00
291.75, 155.00
292.11, 160.00
292.46, 156.00
292.81, 167.00
293.17, 155.00
293.52, 161.00
293.88, 154.00
294.23, 161.00
294.59, 161.00
294.94, 156.00
295.29, 159.00
295.65, 159.00
296.00, 170.00
296.36, 164.00
296.71, 154.00
297.06, 164.00
297.42, 167.00
297.77, 159.00
298.12, 162.00
298.48, 160.00
298.83, 160.00
299.19, 162.00
299.54, 161.00
299.89, 158.00
300.25, 154.00
300.60, 161.00
300.95, 157.00
301.31, 155.00
301.66, 157.00
302.01, 158.00
302.37, 155.00
302.72, 157.00
303.07, 160.00
303.43, 160.00
303.78, 160.00
304.13, 160.00
304.49, 158.00
304.84, 170.00
305.19, 187.00
305.55, 157.00
305.90, 158.00
306.25, 164.00
306.61, 163.00
306.96, 158.00
307.31, 156.00
307.66, 156.00
308.02, 162.00
308.37, 167.00
308.72, 160.00
309.08, 157.00
309.43, 163.00
309.78, 155.00
310.13, 155.00
310.49, 172.00
310.84, 152.00
311.19, 165.00
311.54, 161.00
311.90, 162.00
312.25, 162.00
312.60, 157.00
312.95, 161.00
313.31, 163.00
313.66, 163.00
314.01, 170.00
314.36, 173.00
314.72, 158.00
315.07, 157.00
315.42, 160.00
315.77, 186.00
316.13, 160.00
316.48, 156.00
316.83, 158.00
317.18, 154.00
317.54, 157.00
317.89, 155.00
318.24, 162.00
318.59, 158.00
318.94, 157.00
319.30, 157.00
319.65, 162.00
320.00, 157.00
320.35, 160.00
320.70, 160.00
321.05, 156.00
321.41, 154.00
321.76, 163.00
322.11, 159.00
322.46, 158.00
322.81, 192.00
323.17, 156.00
323.52, 156.00
323.87, 159.00
324.22, 162.00
324.57, 160.00
324.92, 164.00
325.27, 158.00
325.63, 163.00
325.98, 162.00
326.33, 164.00
326.68, 158.00
327.03, 159.00
327.38, 163.00
327.73, 158.00
328.09, 163.00
328.44, 184.00
328.79, 166.00
329.14, 186.00
329.49, 162.00
329.84, 163.00
330.19, 164.00
330.54, 162.00
330.89, 164.00
331.25, 155.00
331.60, 168.00
331.95, 168.00
332.30, 156.00
332.65, 160.00
333.00, 163.00
333.35, 188.00
333.70, 202.00
334.05, 161.00
334.40, 163.00
334.75, 158.00
335.10, 163.00
335.45, 161.00
335.81, 159.00
336.16, 160.00
336.51, 161.00
336.86, 166.00
337.21, 154.00
337.56, 166.00
337.91, 158.00
338.26, 158.00
338.61, 160.00
338.96, 163.00
339.31, 162.00
339.66, 160.00
340.01, 158.00
340.36, 159.00
340.71, 158.00
341.06, 161.00
341.41, 163.00
341.76, 161.00
342.11, 166.00
342.46, 162.00
342.81, 160.00
343.16, 155.00
343.51, 163.00
343.86, 162.00
344.21, 162.00
344.56, 165.00
344.91, 162.00
345.26, 164.00
345.61, 159.00
345.96, 163.00
346.31, 162.00
346.66, 181.00
347.01, 162.00
347.36, 178.00
347.71, 158.00
348.06, 163.00
348.41, 172.00
348.76, 168.00
349.10, 162.00
349.45, 173.00
349.80, 159.00
350.15, 159.00
350.50, 163.00
350.85, 168.00
351.20, 160.00
351.55, 164.00
351.90, 161.00
352.25, 161.00
352.60, 160.00
352.95, 163.00
353.30, 177.00
353.64, 159.00
353.99, 158.00
354.34, 162.00
354.69, 158.00
355.04, 158.00
355.39, 157.00
355.74, 159.00
356.09, 158.00
356.44, 158.00
356.78, 156.00
357.13, 160.00
357.48, 159.00
357.83, 160.00
358.18, 161.00
358.53, 171.00
358.88, 160.00
359.22, 179.00
359.57, 159.00
359.92, 158.00
360.27, 162.00
360.62, 161.00
360.97, 159.00
361.32, 162.00
361.66, 157.00
362.01, 155.00
362.36, 160.00
362.71, 164.00
363.06, 158.00
363.40, 159.00
363.75, 162.00
364.10, 167.00
364.45, 162.00
364.80, 169.00
365.14, 165.00
365.49, 163.00
365.84, 161.00
366.19, 161.00
366.54, 160.00
366.88, 182.00
367.23, 161.00
367.58, 200.00
367.93, 153.00
368.28, 158.00
368.62, 154.00
368.97, 164.00
369.32, 167.00
369.67, 159.00
370.01, 166.00
370.36, 158.00
370.71, 172.00
371.06, 158.00
371.40, 163.00
371.75, 155.00
372.10, 156.00
372.45, 153.00
372.79, 153.00
373.14, 162.00
373.49, 164.00
373.83, 161.00
374.18, 159.00
374.53, 153.00
374.88, 160.00
375.22, 160.00
375.57, 160.00
375.92, 166.00
376.26, 159.00
376.61, 163.00
376.96, 157.00
377.30, 158.00
377.65, 159.00
378.00, 159.00
378.35, 159.00
378.69, 158.00
379.04, 161.00
379.39, 162.00
379.73, 154.00
380.08, 162.00
380.43, 160.00
380.77, 157.00
381.12, 158.00
381.47, 165.00
381.81, 159.00
382.16, 158.00
382.50, 156.00
382.85, 221.00
383.20, 156.00
383.54, 155.00
383.89, 162.00
384.24, 158.00
384.58, 162.00
384.93, 171.00
385.27, 167.00
385.62, 163.00
385.97, 163.00
386.31, 156.00
386.66, 183.00
387.00, 160.00
387.35, 159.00
387.70, 160.00
388.04, 204.00
388.39, 155.00
388.73, 170.00
389.08, 161.00
389.43, 158.00
389.77, 165.00
390.12, 161.00
390.46, 159.00
390.81, 158.00
391.15, 161.00
391.50, 154.00
391.85, 153.00
392.19, 165.00
392.54, 158.00
392.88, 159.00
393.23, 159.00
393.57, 166.00
393.92, 159.00
394.26, 159.00
394.61, 158.00
394.95, 159.00
395.30, 164.00
395.64, 158.00
395.99, 189.00
396.33, 162.00
396.68, 162.00
397.02, 160.00
397.37, 159.00
397.71, 164.00
398.06, 159.00
398.40, 160.00
398.75, 160.00
399.09, 158.00
399.44, 161.00
399.78, 161.00
400.13, 159.00
400.47, 161.00
400.82, 158.00
401.16, 161.00
401.51, 165.00
401.85, 165.00
402.20, 167.00
402.54, 161.00
402.88, 163.00
403.23, 159.00
403.57, 174.00
403.92, 190.00
404.26, 234.00
404.61, 189.00
404.95, 208.00
405.30, 176.00
405.64, 165.00
405.98, 190.00
406.33, 167.00
406.67, 163.00
407.02, 162.00
407.36, 164.00
407.70, 169.00
408.05, 165.00
408.39, 162.00
408.74, 164.00
409.08, 164.00
409.42, 164.00
409.77, 158.00
410.11, 162.00
410.46, 156.00
410.80, 159.00
411.14, 164.00
411.49, 161.00
411.83, 164.00
412.17, 160.00
412.52, 159.00
412.86, 159.00
413.20, 162.00
413.55, 163.00
413.89, 166.00
414.23, 165.00
414.58, 196.00
414.92, 162.00
415.26, 159.00
415.61, 163.00
415.95, 165.00
416.29, 168.00
416.64, 163.00
416.98, 164.00
417.32, 167.00
417.67, 171.00
418.01, 171.00
418.35, 162.00
418.70, 161.00
419.04, 173.00
419.38, 156.00
419.72, 162.00
420.07, 165.00
420.41, 161.00
420.75, 160.00
421.10, 164.00
421.44, 165.00
421.78, 158.00
422.12, 159.00
422.47, 160.00
422.81, 169.00
423.15, 164.00
423.49, 159.00
423.84, 164.00
424.18, 156.00
424.52, 156.00
424.86, 162.00
425.21, 164.00
425.55, 164.00
425.89, 161.00
426.23, 169.00
426.57, 164.00
426.92, 168.00
427.26, 160.00
427.60, 162.00
427.94, 168.00
428.28, 162.00
428.63, 160.00
428.97, 163.00
429.31, 168.00
429.65, 169.00
429.99, 170.00
430.34, 159.00
430.68, 164.00
431.02, 172.00
431.36, 164.00
431.70, 167.00
432.04, 162.00
432.39, 166.00
432.73, 166.00
433.07, 163.00
433.41, 165.00
433.75, 172.00
434.09, 167.00
434.43, 190.00
434.78, 256.00
435.12, 304.00
435.46, 337.00
435.80, 287.00
436.14, 268.00
436.48, 226.00
436.82, 209.00
437.16, 188.00
437.51, 175.00
437.85, 166.00
438.19, 198.00
438.53, 166.00
438.87, 183.00
439.21, 169.00
439.55, 172.00
439.89, 173.00
440.23, 169.00
440.57, 166.00
440.91, 169.00
441.26, 172.00
441.60, 168.00
441.94, 164.00
442.28, 173.00
442.62, 168.00
442.96, 168.00
443.30, 169.00
443.64, 173.00
443.98, 173.00
444.32, 168.00
444.66, 168.00
445.00, 163.00
445.34, 176.00
445.68, 167.00
446.02, 166.00
446.36, 165.00
446.70, 164.00
447.04, 168.00
447.38, 188.00
447.72, 169.00
448.06, 167.00
448.40, 175.00
448.74, 168.00
449.08, 166.00
449.42, 168.00
449.76, 166.00
450.10, 168.00
450.44, 165.00
450.78, 166.00
451.12, 169.00
451.46, 168.00
451.80, 173.00
452.14, 165.00
452.48, 170.00
452.82, 172.00
453.16, 169.00
453.50, 168.00
453.84, 167.00
454.18, 200.00
454.52, 170.00
454.86, 164.00
455.19, 178.00
455.53, 171.00
455.87, 167.00
456.21, 171.00
456.55, 163.00
456.89, 165.00
457.23, 165.00
457.57, 165.00
457.91, 168.00
458.25, 162.00
458.59, 165.00
458.92, 167.00
459.26, 164.00
459.60, 169.00
459.94, 167.00
460.28, 165.00
460.62, 174.00
460.96, 169.00
461.30, 168.00
461.63, 163.00
461.97, 169.00
462.31, 170.00
462.65, 173.00
462.99, 170.00
463.33, 166.00
463.67, 168.00
464.00, 167.00
464.34, 165.00
464.68, 166.00
465.02, 171.00
465.36, 171.00
465.70, 162.00
466.03, 167.00
466.37, 169.00
466.71, 168.00
467.05, 168.00
467.39, 165.00
467.72, 166.00
468.06, 164.00
468.40, 159.00
468.74, 168.00
469.08, 164.00
469.41, 165.00
469.75, 163.00
470.09, 161.00
470.43, 165.00
470.76, 164.00
471.10, 161.00
471.44, 159.00
471.78, 165.00
472.11, 169.00
472.45, 168.00
472.79, 162.00
473.13, 167.00
473.46, 173.00
473.80, 169.00
474.14, 165.00
474.48, 166.00
474.81, 167.00
475.15, 163.00
475.49, 171.00
475.82, 167.00
476.16, 171.00
476.50, 162.00
476.84, 172.00
477.17, 162.00
477.51, 165.00
477.85, 164.00
478.18, 188.00
478.52, 164.00
478.86, 200.00
479.19, 176.00
479.53, 168.00
479.87, 196.00
480.20, 169.00
480.54, 171.00
480.88, 168.00
481.21, 169.00
481.55, 173.00
481.89, 169.00
482.22, 173.00
482.56, 179.00
482.90, 188.00
483.23, 185.00
483.57, 188.00
483.90, 193.00
484.24, 200.00
484.58, 200.00
484.91, 214.00
485.25, 217.00
485.58, 217.00
485.92, 227.00
486.26, 220.00
486.59, 227.00
486.93, 233.00
487.26, 227.00
487.60, 231.00
487.94, 225.00
488.27, 229.00
488.61, 226.00
488.94, 222.00
489.28, 222.00
489.61, 221.00
489.95, 217.00
490.29, 218.00
490.62, 220.00
490.96, 213.00
491.29, 219.00
491.63, 212.00
491.96, 204.00
492.30, 212.00
492.63, 208.00
492.97, 202.00
493.30, 202.00
493.64, 198.00
493.97, 200.00
494.31, 200.00
494.64, 197.00
494.98, 196.00
495.31, 197.00
495.65, 193.00
495.98, 200.00
496.32, 192.00
496.65, 227.00
496.99, 190.00
497.32, 189.00
497.66, 183.00
497.99, 182.00
498.33, 181.00
498.66, 181.00
499.00, 181.00
499.33, 177.00
499.67, 174.00
500.00, 174.00
500.34, 173.00
500.67, 179.00
501.00, 168.00
501.34, 168.00
501.67, 166.00
502.01, 165.00
502.34, 163.00
502.68, 170.00
503.01, 173.00
503.34, 170.00
503.68, 165.00
504.01, 165.00
504.35, 166.00
504.68, 175.00
505.01, 161.00
505.35, 161.00
505.68, 166.00
506.02, 169.00
506.35, 167.00
506.68, 174.00
507.02, 165.00
507.35, 159.00
507.68, 166.00
508.02, 170.00
508.35, 170.00
508.69, 165.00
509.02, 161.00
509.35, 162.00
509.69, 160.00
510.02, 172.00
510.35, 166.00
510.69, 161.00
511.02, 157.00
511.35, 157.00
511.69, 159.00
512.02, 164.00
512.35, 160.00
512.68, 161.00
513.02, 166.00
513.35, 161.00
513.68, 161.00
514.02, 163.00
514.35, 158.00
514.68, 168.00
515.01, 160.00
515.35, 171.00
515.68, 161.00
516.01, 169.00
516.35, 159.00
516.68, 165.00
517.01, 162.00
517.34, 163.00
517.68, 165.00
518.01, 169.00
518.34, 160.00
518.67, 168.00
519.01, 158.00
519.34, 163.00
519.67, 166.00
520.00, 167.00
520.33, 162.00
520.67, 162.00
521.00, 161.00
521.33, 153.00
521.66, 167.00
522.00, 163.00
522.33, 152.00
522.66, 159.00
522.99, 163.00
523.32, 162.00
523.65, 160.00
523.99, 165.00
524.32, 163.00
524.65, 157.00
524.98, 166.00
525.31, 161.00
525.65, 187.00
525.98, 165.00
526.31, 162.00
526.64, 170.00
526.97, 165.00
527.30, 161.00
527.63, 165.00
527.97, 164.00
528.30, 162.00
528.63, 166.00
528.96, 186.00
529.29, 161.00
529.62, 167.00
529.95, 160.00
530.28, 163.00
530.61, 155.00
530.95, 163.00
531.28, 161.00
531.61, 159.00
531.94, 163.00
532.27, 166.00
532.60, 168.00
532.93, 165.00
533.26, 168.00
533.59, 164.00
533.92, 166.00
534.25, 160.00
534.58, 198.00
534.91, 172.00
535.25, 169.00
535.58, 170.00
535.91, 166.00
536.24, 174.00
536.57, 182.00
536.90, 177.00
537.23, 190.00
537.56, 225.00
537.89, 197.00
538.22, 198.00
538.55, 200.00
538.88, 210.00
539.21, 314.00
539.54, 223.00
539.87, 238.00
540.20, 255.00
540.53, 271.00
540.86, 337.00
541.19, 361.00
541.52, 384.00
541.85, 410.00
542.18, 428.00
542.51, 435.00
542.84, 443.00
543.17, 445.00
543.50, 438.00
543.82, 438.00
544.15, 424.00
544.48, 431.00
544.81, 451.00
545.14, 494.00
545.47, 447.00
545.80, 439.00
546.13, 364.00
546.46, 358.00
546.79, 318.00
547.12, 282.00
547.45, 268.00
547.78, 264.00
548.10, 261.00
548.43, 250.00
548.76, 240.00
549.09, 242.00
549.42, 234.00
549.75, 230.00
550.08, 229.00
550.41, 222.00
550.74, 236.00
551.06, 221.00
551.39, 225.00
551.72, 216.00
552.05, 208.00
552.38, 209.00
552.71, 209.00
553.03, 195.00
553.36, 190.00
553.69, 201.00
554.02, 183.00
554.35, 177.00
554.68, 173.00
555.00, 184.00
555.33, 173.00
555.66, 172.00
555.99, 181.00
556.32, 169.00
556.64, 171.00
556.97, 178.00
557.30, 167.00
557.63, 163.00
557.96, 169.00
558.28, 165.00
558.61, 170.00
558.94, 169.00
559.27, 166.00
559.59, 166.00
559.92, 165.00
560.25, 165.00
560.58, 166.00
560.90, 173.00
561.23, 165.00
561.56, 161.00
561.89, 165.00
562.21, 165.00
562.54, 168.00
562.87, 164.00
563.20, 171.00
563.52, 168.00
563.85, 163.00
564.18, 180.00
564.50, 171.00
564.83, 187.00
565.16, 211.00
565.48, 163.00
565.81, 170.00
566.14, 162.00
566.47, 161.00
566.79, 166.00
567.12, 160.00
567.45, 182.00
567.77, 163.00
568.10, 175.00
568.43, 167.00
568.75, 162.00
569.08, 167.00
569.40, 192.00
569.73, 162.00
570.06, 166.00
570.38, 166.00
570.71, 166.00
571.04, 165.00
571.36, 173.00
571.69, 170.00
572.01, 164.00
572.34, 162.00
572.67, 167.00
572.99, 161.00
573.32, 176.00
573.64, 162.00
573.97, 164.00
574.30, 168.00
574.62, 166.00
574.95, 160.00
575.27, 173.00
575.60, 179.00
575.92, 174.00
576.25, 181.00
576.58, 187.00
576.90, 181.00
577.23, 204.00
577.55, 181.00
577.88, 185.00
578.20, 188.00
578.53, 190.00
578.85, 204.00
579.18, 200.00
579.50, 195.00
579.83, 195.00
580.15, 198.00
580.48, 199.00
580.80, 198.00
581.13, 200.00
581.45, 193.00
581.78, 198.00
582.10, 204.00
582.43, 212.00
582.75, 215.00
583.08, 210.00
583.40, 213.00
583.73, 257.00
584.05, 210.00
584.38, 210.00
584.70, 243.00
585.03, 205.00
585.35, 208.00
585.67, 203.00
586.00, 210.00
586.32, 223.00
586.65, 235.00
586.97, 224.00
587.30, 226.00
587.62, 215.00
587.94, 222.00
588.27, 207.00
588.59, 204.00
588.92, 197.00
589.24, 196.00
589.56, 199.00
589.89, 203.00
590.21, 191.00
590.54, 186.00
590.86, 191.00
591.18, 195.00
591.51, 197.00
591.83, 207.00
592.15, 196.00
592.48, 204.00
592.80, 200.00
593.13, 193.00
593.45, 194.00
593.77, 189.00
594.10, 192.00
594.42, 193.00
594.74, 180.00
595.07, 177.00
595.39, 178.00
595.71, 174.00
596.03, 174.00
596.36, 175.00
596.68, 174.00
597.00, 168.00
597.33, 171.00
597.65, 177.00
597.97, 182.00
598.30, 181.00
598.62, 184.00
598.94, 182.00
599.26, 187.00
599.59, 181.00
599.91, 188.00
600.23, 182.00
600.55, 175.00
600.88, 177.00
601.20, 176.00
601.52, 171.00
601.84, 171.00
602.17, 175.00
602.49, 169.00
602.81, 169.00
603.13, 170.00
603.45, 175.00
603.78, 168.00
604.10, 168.00
604.42, 172.00
604.74, 170.00
605.07, 168.00
605.39, 174.00
605.71, 170.00
606.03, 179.00
606.35, 171.00
606.67, 185.00
607.00, 183.00
607.32, 181.00
607.64, 186.00
607.96, 183.00
608.28, 198.00
608.60, 197.00
608.93, 211.00
609.25, 239.00
609.57, 291.00
609.89, 367.00
610.21, 433.00
610.53, 478.00
610.85, 464.00
611.17, 444.00
611.50, 418.00
611.82, 395.00
612.14, 358.00
612.46, 351.00
612.78, 320.00
613.10, 300.00
613.42, 288.00
613.74, 282.00
614.06, 289.00
614.38, 254.00
614.70, 241.00
615.03, 232.00
615.35, 224.00
615.67, 300.00
615.99, 206.00
616.31, 202.00
616.63, 201.00
616.95, 198.00
617.27, 190.00
617.59, 191.00
617.91, 190.00
618.23, 199.00
618.55, 191.00
618.87, 192.00
619.19, 192.00
619.51, 192.00
619.83, 192.00
620.15, 187.00
620.47, 189.00
620.79, 197.00
621.11, 194.00
621.43, 191.00
621.75, 194.00
622.07, 198.00
622.39, 190.00
622.71, 190.00
623.03, 189.00
623.35, 218.00
623.67, 189.00
623.99, 188.00
624.31, 188.00
624.63, 185.00
624.95, 180.00
625.26, 176.00
625.58, 180.00
625.90, 201.00
626.22, 183.00
626.54, 175.00
626.86, 188.00
627.18, 186.00
627.50, 184.00
627.82, 176.00
628.14, 186.00
628.46, 180.00
628.77, 181.00
629.09, 194.00
629.41, 200.00
629.73, 193.00
630.05, 213.00
630.37, 201.00
630.69, 204.00
631.00, 209.00
631.32, 198.00
631.64, 188.00
631.96, 179.00
632.28, 179.00
632.60, 174.00
632.92, 168.00
633.23, 168.00
633.55, 168.00
633.87, 166.00
634.19, 170.00
634.51, 165.00
634.82, 170.00
635.14, 169.00
635.46, 165.00
635.78, 165.00
636.10, 166.00
636.41, 164.00
636.73, 172.00
637.05, 158.00
637.37, 165.00
637.68, 161.00
638.00, 161.00
638.32, 157.00
638.64, 162.00
638.95, 171.00
639.27, 168.00
639.59, 172.00
639.91, 163.00
640.22, 162.00
640.54, 165.00
640.86, 165.00
641.18, 172.00
641.49, 178.00
641.81, 167.00
642.13, 168.00
642.44, 160.00
642.76, 163.00
643.08, 164.00
643.40, 163.00
643.71, 171.00
644.03, 166.00
644.35, 169.00
644.66, 164.00
644.98, 167.00
645.30, 170.00
645.61, 176.00
645.93, 167.00
646.25, 169.00
646.56, 169.00
646.88, 193.00
647.19, 168.00
647.51, 169.00
647.83, 163.00
648.14, 163.00
648.46, 163.00
648.78, 171.00
649.09, 168.00
649.41, 200.00
649.72, 167.00
650.04, 166.00
650.36, 161.00
650.67, 169.00
650.99, 163.00
651.30, 165.00
651.62, 166.00
651.93, 162.00
652.25, 174.00
652.57, 199.00
652.88, 165.00
653.20, 164.00
653.51, 166.00
653.83, 165.00
654.14, 161.00
654.46, 163.00
654.77, 166.00
655.09, 164.00
655.40, 171.00
655.72, 163.00
656.04, 160.00
656.35, 169.00
656.67, 161.00
656.98, 166.00
657.30, 162.00
657.61, 160.00
657.93, 167.00
658.24, 162.00
658.55, 189.00
658.87, 160.00
659.18, 161.00
659.50, 159.00
659.81, 165.00
660.13, 159.00
660.44, 159.00
660.76, 163.00
661.07, 178.00
661.39, 164.00
661.70, 168.00
662.01, 161.00
662.33, 163.00
662.64, 167.00
662.96, 166.00
663.27, 162.00
663.59, 166.00
663.90, 161.00
664.21, 164.00
664.53, 179.00
664.84, 169.00
665.16, 185.00
665.47, 162.00
665.78, 163.00
666.10, 165.00
666.41, 166.00
666.72, 164.00
667.04, 162.00
667.35, 163.00
667.67, 162.00
667.98, 159.00
668.29, 159.00
668.61, 162.00
668.92, 162.00
669.23, 160.00
669.55, 162.00
669.86, 190.00
670.17, 161.00
670.48, 168.00
670.80, 158.00
671.11, 157.00
671.42, 163.00
671.74, 163.00
672.05, 162.00
672.36, 163.00
672.68, 162.00
672.99, 162.00
673.30, 160.00
673.61, 167.00
673.93, 164.00
674.24, 158.00
674.55, 162.00
674.86, 157.00
675.18, 158.00
675.49, 169.00
675.80, 161.00
676.11, 166.00
676.43, 167.00
676.74, 165.00
677.05, 162.00
677.36, 170.00
677.67, 165.00
677.99, 160.00
678.30, 162.00
678.61, 160.00
678.92, 163.00
679.23, 171.00
679.55, 163.00
679.86, 164.00
680.17, 166.00
680.48, 169.00
680.79, 169.00
681.10, 163.00
681.42, 167.00
681.73, 159.00
682.04, 162.00
682.35, 163.00
682.66, 160.00
682.97, 159.00
683.28, 165.00
683.60, 164.00
683.91, 164.00
684.22, 173.00
684.53, 167.00
684.84, 159.00
685.15, 166.00
685.46, 186.00
685.77, 159.00
686.08, 164.00
686.40, 203.00
686.71, 165.00
687.02, 170.00
687.33, 170.00
687.64, 163.00
687.95, 165.00
688.26, 161.00
688.57, 160.00
688.88, 165.00
689.19, 159.00
689.50, 159.00
689.81, 158.00
690.12, 164.00
690.43, 172.00
690.74, 162.00
691.05, 159.00
691.36, 169.00
691.67, 160.00
691.98, 160.00
692.29, 161.00
692.60, 163.00
692.91, 167.00
693.22, 163.00
693.53, 164.00
693.84, 166.00
694.15, 159.00
694.46, 160.00
694.77, 157.00
695.08, 161.00
695.39, 163.00
695.70, 161.00
696.01, 165.00
696.32, 156.00
696.63, 163.00
696.94, 161.00
697.25, 161.00
697.56, 159.00
697.87, 164.00
698.17, 195.00
698.48, 166.00
698.79, 160.00
699.10, 156.00
699.41, 159.00
699.72, 168.00
700.03, 159.00
700.34, 166.00
700.65, 164.00
700.95, 163.00
701.26, 160.00
701.57, 162.00
701.88, 154.00
702.19, 174.00
702.50, 164.00
702.81, 157.00
703.11, 175.00
703.42, 160.00
703.73, 165.00
704.04, 167.00
704.35, 162.00
704.66, 171.00
704.96, 165.00
705.27, 172.00
705.58, 181.00
705.89, 186.00
706.20, 181.00
706.50, 183.00
706.81, 182.00
707.12, 181.00
707.43, 184.00
707.73, 196.00
708.04, 185.00
708.35, 194.00
708.66, 182.00
708.97, 179.00
709.27, 176.00
709.58, 175.00
709.89, 170.00
710.19, 169.00
710.50, 176.00
710.81, 182.00
711.12, 175.00
711.42, 179.00
711.73, 182.00
712.04, 181.00
712.35, 176.00
712.65, 170.00
712.96, 165.00
713.27, 172.00
713.57, 185.00
713.88, 179.00
714.19, 167.00
714.49, 162.00
714.80, 166.00
715.11, 161.00
715.41, 159.00
715.72, 158.00
716.03, 164.00
716.33, 170.00
716.64, 161.00
716.94, 164.00
717.25, 162.00
717.56, 167.00
717.86, 162.00
718.17, 160.00
718.48, 160.00
718.78, 163.00
719.09, 154.00
719.39, 159.00
719.70, 161.00
720.01, 163.00
720.31, 163.00
720.62, 159.00
720.92, 157.00
721.23, 155.00
721.53, 169.00
721.84, 156.00
722.15, 165.00
722.45, 163.00
722.76, 158.00
723.06, 153.00
723.37, 162.00
723.67, 160.00
723.98, 158.00
724.28, 160.00
724.59, 159.00
724.89, 164.00
725.20, 161.00
725.50, 164.00
725.81, 159.00
726.11, 159.00
726.42, 157.00
726.72, 159.00
727.03, 185.00
727.33, 162.00
727.64, 163.00
727.94, 156.00
728.25, 160.00
728.55, 157.00
728.86, 181.00
729.16, 163.00
729.46, 161.00
729.77, 159.00
730.07, 159.00
730.38, 157.00
730.68, 156.00
730.99, 165.00
731.29, 160.00
731.59, 157.00
731.90, 160.00
732.20, 158.00
732.51, 159.00
732.81, 158.00
733.11, 164.00
733.42, 153.00
733.72, 157.00
734.02, 162.00
734.33, 159.00
734.63, 156.00
734.94, 157.00
735.24, 160.00
735.54, 152.00
735.85, 160.00
736.15, 159.00
736.45, 159.00
736.76, 154.00
737.06, 154.00
737.36, 159.00
737.67, 161.00
737.97, 162.00
738.27, 163.00
738.57, 155.00
738.88, 155.00
739.18, 191.00
739.48, 159.00
739.79, 158.00
740.09, 163.00
740.39, 163.00
740.69, 169.00
741.00, 155.00
741.30, 168.00
741.60, 151.00
741.90, 154.00
742.21, 154.00
742.51, 190.00
742.81, 158.00
743.11, 161.00
743.42, 173.00
743.72, 156.00
744.02, 158.00
744.32, 160.00
744.63, 157.00
744.93, 160.00
745.23, 159.00
745.53, 156.00
745.83, 159.00
746.13, 163.00
746.44, 154.00
746.74, 158.00
747.04, 162.00
747.34, 154.00
747.64, 155.00
747.94, 159.00
748.25, 157.00
748.55, 161.00
748.85, 160.00
749.15, 164.00
749.45, 177.00
749.75, 165.00
750.05, 160.00
750.35, 158.00
750.66, 169.00
750.96, 159.00
751.26, 160.00
751.56, 158.00
751.86, 168.00
752.16, 159.00
752.46, 155.00
752.76, 156.00
753.06, 161.00
753.36, 191.00
753.66, 158.00
753.96, 160.00
754.27, 159.00
754.57, 160.00
754.87, 160.00
755.17, 162.00
755.47, 153.00
755.77, 158.00
756.07, 157.00
756.37, 160.00
756.67, 164.00
756.97, 162.00
757.27, 163.00
757.57, 164.00
757.87, 162.00
758.17, 158.00
758.47, 168.00
758.77, 163.00
759.07, 160.00
759.37, 163.00
759.67, 157.00
759.97, 161.00
760.27, 160.00
760.57, 168.00
760.86, 153.00
761.16, 161.00
761.46, 162.00
761.76, 187.00
762.06, 158.00
762.36, 166.00
762.66, 159.00
762.96, 166.00
763.26, 165.00
763.56, 181.00
763.86, 168.00
764.16, 161.00
764.45, 174.00
764.75, 164.00
765.05, 166.00
765.35, 160.00
765.65, 158.00
765.95, 158.00
766.25, 164.00
766.55, 165.00
766.84, 165.00
767.14, 159.00
767.44, 161.00
767.74, 166.00
768.04, 159.00
768.34, 160.00
768.63, 158.00
768.93, 163.00
769.23, 159.00
769.53, 160.00
769.83, 165.00
770.12, 156.00
770.42, 162.00
770.72, 156.00
771.02, 149.00
771.32, 163.00
771.61, 161.00
771.91, 162.00
772.21, 152.00
772.51, 155.00
772.80, 158.00
773.10, 161.00
773.40, 164.00
773.70, 163.00
773.99, 157.00
774.29, 161.00
774.59, 167.00
774.88, 157.00
775.18, 159.00
775.48, 160.00
775.78, 162.00
776.07, 160.00
776.37, 158.00
776.67, 166.00
776.96, 157.00
777.26, 203.00
777.56, 159.00
777.85, 159.00
778.15, 157.00
778.45, 158.00
778.74, 155.00
779.04, 160.00
779.34, 161.00
779.63, 163.00
779.93, 161.00
780.22, 161.00
780.52, 158.00
780.82, 150.00
781.11, 158.00
781.41, 159.00
781.71, 161.00
782.00, 154.00
782.30, 161.00
782.59, 168.00
782.89, 159.00
783.19, 162.00
783.48, 152.00
783.78, 162.00
784.07, 166.00
784.37, 160.00
784.66, 160.00
784.96, 155.00
785.25, 157.00
785.55, 159.00
785.84, 163.00
786.14, 159.00
786.44, 158.00
786.73, 162.00
787.03, 159.00
787.32, 158.00
787.62, 160.00
787.91, 159.00
788.21, 164.00
788.50, 156.00
788.80, 160.00
789.09, 161.00
789.39, 165.00
789.68, 158.00
789.97, 160.00
790.27, 160.00
790.56, 157.00
790.86, 172.00
791.15, 158.00
791.45, 159.00
791.74, 176.00
792.04, 160.00
792.33, 162.00
792.62, 181.00
792.92, 160.00
793.21, 161.00
793.51, 160.00
793.80, 160.00
794.09, 162.00
794.39, 159.00
794.68, 161.00
794.98, 164.00
795.27, 160.00
795.56, 160.00
795.86, 162.00
796.15, 163.00
796.44, 166.00
796.74, 162.00
797.03, 163.00
797.32, 164.00
797.62, 159.00
797.91, 175.00
798.20, 162.00
798.50, 171.00
798.79, 166.00
799.08, 151.00
799.38, 162.00
799.67, 164.00
799.96, 170.00
800.26, 181.00
800.55, 157.00
800.84, 165.00
801.13, 155.00
801.43, 163.00
801.72, 192.00
802.01, 163.00
802.30, 161.00
802.60, 162.00
802.89, 169.00
803.18, 161.00
803.47, 158.00
803.77, 164.00
804.06, 166.00
804.35, 162.00
804.64, 180.00
804.94, 160.00
805.23, 162.00
805.52, 158.00
805.81, 162.00
806.10, 162.00
806.39, 161.00
806.69, 161.00
806.98, 160.00
807.27, 162.00
807.56, 165.00
807.85, 166.00
808.14, 160.00
808.44, 166.00
808.73, 160.00
809.02, 170.00
809.31, 157.00
809.60, 164.00
809.89, 168.00
810.18, 161.00
810.48, 163.00
810.77, 161.00
811.06, 160.00
811.35, 168.00
811.64, 167.00
811.93, 176.00
812.22, 165.00
812.51, 160.00
812.80, 157.00
813.09, 163.00
813.38, 161.00
813.67, 180.00
813.96, 162.00
814.26, 160.00
814.55, 161.00
814.84, 161.00
815.13, 166.00
815.42, 157.00
815.71, 162.00
816.00, 158.00
816.29, 165.00
816.58, 158.00
816.87, 159.00
817.16, 162.00
817.45, 167.00
817.74, 160.00
818.03, 157.00
818.32, 157.00
818.61, 163.00
818.90, 164.00
819.19, 164.00
819.48, 159.00
819.76, 156.00
820.05, 161.00
820.34, 164.00
820.63, 157.00
820.92, 157.00
821.21, 156.00
821.50, 160.00
821.79, 162.00
822.08, 159.00
822.37, 164.00
822.66, 161.00
822.95, 167.00
823.23, 158.00
823.52, 169.00
823.81, 164.00
824.10, 157.00
824.39, 164.00
824.68, 161.00
824.97, 174.00
825.26, 155.00
825.54, 196.00
825.83, 162.00
826.12, 154.00
826.41, 158.00
826.70, 157.00
826.99, 168.00
827.27, 157.00
827.56, 175.00
827.85, 159.00
828.14, 161.00
828.43, 163.00
828.71, 159.00
829.00, 153.00
829.29, 159.00
829.58, 168.00
829.86, 153.00
830.15, 161.00
830.44, 160.00
830.73, 161.00
831.01, 158.00
831.30, 163.00
831.59, 163.00
831.88, 160.00
832.16, 161.00
832.45, 163.00
832.74, 158.00
833.03, 164.00
833.31, 167.00
833.60, 160.00
833.89, 159.00
834.17, 166.00
834.46, 160.00
834.75, 163.00
835.03, 161.00
835.32, 163.00
835.61, 165.00
835.89, 171.00
836.18, 156.00
836.47, 160.00
836.75, 153.00
837.04, 164.00
837.33, 163.00
837.61, 159.00
837.90, 161.00
838.19, 155.00
838.47, 160.00
838.76, 158.00
839.04, 162.00
839.33, 158.00
839.62, 156.00
839.90, 159.00
840.19, 157.00
840.47, 160.00
840.76, 184.00
841.04, 166.00
841.33, 167.00
841.62, 162.00
841.90, 162.00
842.19, 162.00
842.47, 284.00
842.76, 161.00
843.04, 162.00
843.33, 177.00
843.61, 160.00
843.90, 160.00
844.18, 160.00
844.47, 162.00
844.75, 167.00
845.04, 162.00
845.32, 161.00
845.61, 159.00
845.89, 161.00
846.18, 159.00
846.46, 165.00
846.75, 159.00
847.03, 174.00
847.32, 162.00
847.60, 158.00
847.88, 161.00
848.17, 165.00
848.45, 173.00
848.74, 166.00
849.02, 162.00
849.31, 159.00
849.59, 160.00
849.87, 158.00
850.16, 161.00
850.44, 160.00
850.73, 185.00
851.01, 165.00
851.29, 159.00
851.58, 163.00
851.86, 161.00
852.14, 166.00
852.43, 161.00
852.71, 160.00
853.00, 159.00
853.28, 168.00
853.56, 158.00
853.85, 156.00
854.13, 159.00
854.41, 158.00
854.69, 163.00
854.98, 160.00
855.26, 200.00
855.54, 154.00
855.83, 155.00
856.11, 164.00
856.39, 161.00
856.68, 160.00
856.96, 162.00
857.24, 159.00
857.52, 161.00
857.81, 156.00
858.09, 162.00
858.37, 159.00
858.65, 160.00
858.94, 157.00
859.22, 162.00
