190.05, 0.00
190.41, 147.00
190.77, 147.00
191.14, 152.00
191.50, 152.00
191.86, 178.00
192.22, 161.00
192.58, 164.00
192.94, 158.00
193.31, 159.00
193.67, 164.00
194.03, 171.00
194.39, 160.00
194.75, 161.00
195.11, 168.00
195.47, 173.00
195.84, 159.00
196.20, 160.00
196.56, 171.00
196.92, 160.00
197.28, 164.00
197.64, 158.00
198.00, 162.00
198.37, 163.00
198.73, 161.00
199.09, 163.00
199.45, 159.00
199.81, 164.00
200.17, 165.00
200.53, 152.00
200.89, 160.00
201.25, 188.00
201.62, 157.00
201.98, 162.00
202.34, 158.00
202.70, 165.00
203.06, 157.00
203.42, 154.00
203.78, 158.00
204.14, 161.00
204.50, 179.00
204.86, 167.00
205.22, 171.00
205.58, 161.00
205.95, 157.00
206.31, 164.00
206.67, 162.00
207.03, 160.00
207.39, 171.00
207.75, 163.00
208.11, 159.00
208.47, 164.00
208.83, 160.00
209.19, 161.00
209.55, 161.00
209.91, 164.00
210.27, 162.00
210.63, 161.00
210.99, 171.00
211.35, 162.00
211.71, 168.00
212.07, 159.00
212.43, 162.00
212.79, 162.00
213.15, 158.00
213.51, 163.00
213.87, 168.00
214.23, 165.00
214.59, 158.00
214.95, 162.00
215.31, 163.00
215.67, 158.00
216.03, 190.00
216.39, 161.00
216.75, 162.00
217.11, 166.00
217.47, 162.00
217.83, 158.00
218.19, 162.00
218.55, 166.00
218.91, 159.00
219.27, 164.00
219.63, 161.00
219.99, 162.00
220.35, 158.00
220.71, 173.00
221.07, 164.00
221.43, 165.00
221.79, 159.00
222.15, 161.00
222.51, 161.00
222.87, 159.00
223.23, 163.00
223.59, 168.00
223.95, 159.00
224.31, 159.00
224.67, 160.00
225.03, 163.00
225.39, 175.00
225.74, 164.00
226.10, 160.00
226.46, 161.00
226.82, 165.00
227.18, 160.00
227.54, 160.00
227.90, 163.00
228.26, 162.00
228.62, 171.00
228.98, 158.00
229.34, 162.00
229.69, 163.00
230.05, 165.00
230.41, 161.00
230.77, 172.00
231.13, 168.00
231.49, 164.00
231.85, 158.00
232.21, 166.00
232.57, 162.00
232.92, 163.00
233.28, 161.00
233.64, 167.00
234.00, 160.00
234.36, 161.00
234.72, 161.00
235.08, 159.00
235.44, 164.00
235.79, 154.00
236.15, 161.00
236.51, 162.00
236.87, 158.00
237.23, 163.00
237.59, 160.00
237.94, 168.00
238.30, 163.00
238.66, 157.00
239.02, 161.00
239.38, 159.00
239.74, 163.00
240.09, 170.00
240.45, 162.00
240.81, 163.00
241.17, 163.00
241.53, 163.00
241.89, 157.00
242.24, 163.00
242.60, 162.00
242.96, 163.00
243.32, 167.00
243.68, 162.00
244.03, 163.00
244.39, 160.00
244.75, 176.00
245.11, 157.00
245.46, 161.00
245.82, 178.00
246.18, 161.00
246.54, 164.00
246.90, 159.00
247.25, 158.00
247.61, 150.00
247.97, 192.00
248.33, 166.00
248.68, 158.00
249.04, 154.00
249.40, 156.00
249.76, 159.00
250.11, 154.00
250.47, 162.00
250.83, 158.00
251.19, 163.00
251.54, 168.00
251.90, 162.00
252.26, 164.00
252.62, 157.00
252.97, 161.00
253.33, 161.00
253.69, 159.00
254.05, 169.00
254.40, 159.00
254.76, 155.00
255.12, 179.00
255.47, 164.00
255.83, 160.00
256.19, 162.00
256.54, 157.00
256.90, 160.00
257.26, 156.00
257.62, 162.00
257.97, 160.00
258.33, 164.00
258.69, 154.00
259.04, 160.00
259.40, 164.00
259.76, 159.00
260.11, 160.00
260.47, 156.00
260.83, 163.00
261.18, 157.00
261.54, 170.00
261.90, 159.00
262.25, 155.00
262.61, 161.00
262.97, 157.00
263.32, 159.00
263.68, 161.00
264.04, 161.00
264.39, 161.00
264.75, 160.00
265.10, 162.00
265.46, 199.00
265.82, 173.00
266.17, 159.00
266.53, 163.00
266.89, 160.00
267.24, 164.00
267.60, 158.00
267.95, 162.00
268.31, 157.00
268.67, 159.00
269.02, 163.00
269.38, 158.00
269.74, 175.00
270.09, 159.00
270.45, 159.00
270.80, 178.00
271.16, 160.00
271.51, 162.00
271.87, 163.00
272.23, 167.00
272.58, 165.00
272.94, 159.00
273.29, 160.00
273.65, 200.00
274.00, 159.00
274.36, 162.00
274.72, 160.00
275.07, 163.00
275.43, 163.00
275.78, 164.00
276.14, 160.00
276.49, 166.00
276.85, 171.00
277.20, 175.00
277.56, 164.00
277.92, 155.00
278.27, 165.00
278.63, 172.00
278.98, 162.00
279.34, 162.00
279.69, 159.00
280.05, 176.00
280.40, 162.00
280.76, 168.00
281.11, 167.00
281.47, 159.00
281.82, 153.00
282.18, 161.00
282.53, 170.00
282.89, 165.00
283.24, 172.00
283.60, 161.00
283.95, 163.00
284.31, 161.00
284.66, 159.00
285.02, 168.00
285.37, 174.00
285.73, 166.00
286.08, 176.00
286.44, 168.00
286.79, 172.00
287.14, 168.00
287.50, 165.00
287.85, 165.00
288.21, 166.00
288.56, 162.00
288.92, 155.00
289.27, 161.00
289.63, 164.00
289.98, 170.00
290.34, 161.00
290.69, 169.00
291.04, 163.00
291.40, 158.00
291.75, 162.00
292.11, 163.00
292.46, 159.00
292.81, 165.00
293.17, 166.00
293.52, 161.00
293.88, 161.00
294.23, 169.00
294.59, 165.00
294.94, 170.00
295.29, 171.00
295.65, 176.00
296.00, 182.00
296.36, 172.00
296.71, 169.00
297.06, 173.00
297.42, 172.00
297.77, 173.00
298.12, 177.00
298.48, 173.00
298.83, 166.00
299.19, 164.00
299.54, 169.00
299.89, 169.00
300.25, 167.00
300.60, 172.00
300.95, 173.00
301.31, 165.00
301.66, 163.00
302.01, 162.00
302.37, 162.00
302.72, 161.00
303.07, 161.00
303.43, 163.00
303.78, 161.00
304.13, 160.00
304.49, 166.00
304.84, 169.00
305.19, 187.00
305.55, 166.00
305.90, 178.00
306.25, 180.00
306.61, 203.00
306.96, 214.00
307.31, 252.00
307.66, 306.00
308.02, 362.00
308.37, 420.00
308.72, 437.00
309.08, 433.00
309.43, 431.00
309.78, 382.00
310.13, 345.00
310.49, 317.00
310.84, 270.00
311.19, 249.00
311.54, 241.00
311.90, 222.00
312.25, 211.00
312.60, 218.00
312.95, 235.00
313.31, 242.00
313.66, 241.00
314.01, 248.00
314.36, 258.00
314.72, 255.00
315.07, 282.00
315.42, 317.00
315.77, 340.00
316.13, 288.00
316.48, 246.00
316.83, 218.00
317.18, 193.00
317.54, 179.00
317.89, 174.00
318.24, 173.00
318.59, 166.00
318.94, 165.00
319.30, 164.00
319.65, 172.00
320.00, 162.00
320.35, 166.00
320.70, 168.00
321.05, 167.00
321.41, 167.00
321.76, 169.00
322.11, 166.00
322.46, 166.00
322.81, 203.00
323.17, 173.00
323.52, 166.00
323.87, 168.00
324.22, 163.00
324.57, 168.00
324.92, 168.00
325.27, 161.00
325.63, 176.00
325.98, 172.00
326.33, 169.00
326.68, 178.00
327.03, 171.00
327.38, 172.00
327.73, 171.00
328.09, 178.00
328.44, 203.00
328.79, 180.00
329.14, 202.00
329.49, 180.00
329.84, 182.00
330.19, 179.00
330.54, 182.00
330.89, 182.00
331.25, 177.00
331.60, 176.00
331.95, 174.00
332.30, 176.00
332.65, 178.00
333.00, 182.00
333.35, 214.00
333.70, 219.00
334.05, 184.00
334.40, 190.00
334.75, 201.00
335.10, 220.00
335.45, 247.00
335.81, 315.00
336.16, 406.00
336.51, 500.00
336.86, 527.00
337.21, 482.00
337.56, 370.00
337.91, 292.00
338.26, 226.00
338.61, 188.00
338.96, 186.00
339.31, 170.00
339.66, 169.00
340.01, 170.00
340.36, 169.00
340.71, 165.00
341.06, 170.00
341.41, 168.00
341.76, 169.00
342.11, 172.00
342.46, 170.00
342.81, 170.00
343.16, 169.00
343.51, 170.00
343.86, 172.00
344.21, 166.00
344.56, 164.00
344.91, 167.00
345.26, 179.00
345.61, 170.00
345.96, 168.00
346.31, 169.00
346.66, 188.00
347.01, 171.00
347.36, 186.00
347.71, 170.00
348.06, 169.00
348.41, 179.00
348.76, 177.00
349.10, 177.00
349.45, 186.00
349.80, 179.00
350.15, 183.00
350.50, 184.00
350.85, 185.00
351.20, 180.00
351.55, 195.00
351.90, 202.00
352.25, 213.00
352.60, 241.00
352.95, 280.00
353.30, 294.00
353.64, 280.00
353.99, 257.00
354.34, 230.00
354.69, 221.00
355.04, 220.00
355.39, 239.00
355.74, 268.00
356.09, 305.00
356.44, 355.00
356.78, 429.00
357.13, 460.00
357.48, 440.00
357.83, 386.00
358.18, 315.00
358.53, 259.00
358.88, 205.00
359.22, 195.00
359.57, 177.00
359.92, 174.00
360.27, 168.00
360.62, 168.00
360.97, 174.00
361.32, 167.00
361.66, 168.00
362.01, 168.00
362.36, 168.00
362.71, 174.00
363.06, 171.00
363.40, 175.00
363.75, 174.00
364.10, 180.00
364.45, 177.00
364.80, 179.00
365.14, 169.00
365.49, 181.00
365.84, 183.00
366.19, 175.00
366.54, 180.00
366.88, 190.00
367.23, 175.00
367.58, 215.00
367.93, 166.00
368.28, 167.00
368.62, 173.00
368.97, 180.00
369.32, 185.00
369.67, 186.00
370.01, 194.00
370.36, 192.00
370.71, 213.00
371.06, 191.00
371.40, 197.00
371.75, 183.00
372.10, 175.00
372.45, 171.00
372.79, 179.00
373.14, 181.00
373.49, 184.00
373.83, 206.00
374.18, 216.00
374.53, 246.00
374.88, 252.00
375.22, 256.00
375.57, 237.00
375.92, 214.00
376.26, 198.00
376.61, 182.00
376.96, 174.00
377.30, 179.00
377.65, 184.00
378.00, 182.00
378.35, 199.00
378.69, 221.00
379.04, 233.00
379.39, 274.00
379.73, 285.00
380.08, 289.00
380.43, 263.00
380.77, 230.00
381.12, 222.00
381.47, 202.00
381.81, 184.00
382.16, 172.00
382.50, 176.00
382.85, 229.00
383.20, 173.00
383.54, 173.00
383.89, 179.00
384.24, 180.00
384.58, 182.00
384.93, 196.00
385.27, 185.00
385.62, 191.00
385.97, 190.00
386.31, 185.00
386.66, 210.00
387.00, 185.00
387.35, 191.00
387.70, 193.00
388.04, 253.00
388.39, 226.00
388.73, 253.00
389.08, 284.00
389.43, 332.00
389.77, 388.00
390.12, 459.00
390.46, 600.00
390.81, 632.00
391.15, 625.00
391.50, 531.00
391.85, 401.00
392.19, 340.00
392.54, 254.00
392.88, 210.00
393.23, 195.00
393.57, 201.00
393.92, 191.00
394.26, 190.00
394.61, 184.00
394.95, 178.00
395.30, 170.00
395.64, 172.00
395.99, 200.00
396.33, 170.00
396.68, 170.00
397.02, 166.00
397.37, 172.00
397.71, 184.00
398.06, 186.00
398.40, 195.00
398.75, 206.00
399.09, 217.00
399.44, 209.00
399.78, 206.00
400.13, 193.00
400.47, 182.00
400.82, 178.00
401.16, 170.00
401.51, 171.00
401.85, 175.00
402.20, 176.00
402.54, 170.00
402.88, 173.00
403.23, 180.00
403.57, 187.00
403.92, 203.00
404.26, 256.00
404.61, 226.00
404.95, 250.00
405.30, 216.00
405.64, 208.00
405.98, 225.00
406.33, 201.00
406.67, 179.00
407.02, 176.00
407.36, 180.00
407.70, 177.00
408.05, 177.00
408.39, 175.00
408.74, 175.00
409.08, 184.00
409.42, 182.00
409.77, 175.00
410.11, 184.00
410.46, 179.00
410.80, 176.00
411.14, 177.00
411.49, 177.00
411.83, 190.00
412.17, 182.00
412.52, 191.00
412.86, 194.00
413.20, 193.00
413.55, 187.00
413.89, 197.00
414.23, 188.00
414.58, 213.00
414.92, 177.00
415.26, 174.00
415.61, 175.00
415.95, 175.00
416.29, 179.00
416.64, 179.00
416.98, 174.00
417.32, 182.00
417.67, 195.00
418.01, 200.00
418.35, 187.00
418.70, 210.00
419.04, 213.00
419.38, 213.00
419.72, 206.00
420.07, 204.00
420.41, 197.00
420.75, 188.00
421.10, 180.00
421.44, 179.00
421.78, 174.00
422.12, 173.00
422.47, 184.00
422.81, 182.00
423.15, 189.00
423.49, 182.00
423.84, 184.00
424.18, 183.00
424.52, 189.00
424.86, 206.00
425.21, 225.00
425.55, 238.00
425.89, 245.00
426.23, 286.00
426.57, 326.00
426.92, 349.00
427.26, 367.00
427.60, 322.00
427.94, 280.00
428.28, 247.00
428.63, 220.00
428.97, 196.00
429.31, 189.00
429.65, 183.00
429.99, 174.00
430.34, 177.00
430.68, 178.00
431.02, 179.00
431.36, 176.00
431.70, 181.00
432.04, 171.00
432.39, 180.00
432.73, 179.00
433.07, 177.00
433.41, 188.00
433.75, 193.00
434.09, 185.00
434.43, 204.00
434.78, 278.00
435.12, 315.00
435.46, 350.00
435.80, 307.00
436.14, 276.00
436.48, 250.00
436.82, 238.00
437.16, 208.00
437.51, 193.00
437.85, 193.00
438.19, 218.00
438.53, 183.00
438.87, 199.00
439.21, 186.00
439.55, 187.00
439.89, 187.00
440.23, 189.00
440.57, 195.00
440.91, 188.00
441.26, 190.00
441.60, 183.00
441.94, 190.00
442.28, 190.00
442.62, 183.00
442.96, 183.00
443.30, 183.00
443.64, 186.00
443.98, 185.00
444.32, 187.00
444.66, 178.00
445.00, 182.00
445.34, 190.00
445.68, 179.00
446.02, 187.00
446.36, 177.00
446.70, 185.00
447.04, 191.00
447.38, 201.00
447.72, 183.00
448.06, 186.00
448.40, 187.00
448.74, 182.00
449.08, 185.00
449.42, 179.00
449.76, 186.00
450.10, 187.00
450.44, 180.00
450.78, 187.00
451.12, 185.00
451.46, 185.00
451.80, 189.00
452.14, 181.00
452.48, 178.00
452.82, 188.00
453.16, 183.00
453.50, 182.00
453.84, 176.00
454.18, 210.00
454.52, 181.00
454.86, 181.00
455.19, 191.00
455.53, 186.00
455.87, 183.00
456.21, 186.00
456.55, 187.00
456.89, 185.00
457.23, 190.00
457.57, 187.00
457.91, 191.00
458.25, 191.00
458.59, 195.00
458.92, 205.00
459.26, 195.00
459.60, 191.00
459.94, 187.00
460.28, 190.00
460.62, 188.00
460.96, 184.00
461.30, 178.00
461.63, 176.00
461.97, 175.00
462.31, 179.00
462.65, 176.00
462.99, 187.00
463.33, 187.00
463.67, 182.00
464.00, 182.00
464.34, 187.00
464.68, 188.00
465.02, 194.00
465.36, 189.00
465.70, 184.00
466.03, 196.00
466.37, 185.00
466.71, 184.00
467.05, 184.00
467.39, 191.00
467.72, 201.00
468.06, 200.00
468.40, 207.00
468.74, 209.00
469.08, 215.00
469.41, 212.00
469.75, 226.00
470.09, 231.00
470.43, 235.00
470.76, 222.00
471.10, 217.00
471.44, 213.00
471.78, 207.00
472.11, 194.00
472.45, 197.00
472.79, 187.00
473.13, 192.00
473.46, 192.00
473.80, 189.00
474.14, 191.00
474.48, 190.00
474.81, 188.00
475.15, 181.00
475.49, 189.00
475.82, 188.00
476.16, 187.00
476.50, 187.00
476.84, 188.00
477.17, 184.00
477.51, 190.00
477.85, 185.00
478.18, 194.00
478.52, 182.00
478.86, 225.00
479.19, 197.00
479.53, 186.00
479.87, 210.00
480.20, 198.00
480.54, 189.00
480.88, 182.00
481.21, 192.00
481.55, 191.00
481.89, 192.00
482.22, 202.00
482.56, 204.00
482.90, 201.00
483.23, 206.00
483.57, 210.00
483.90, 218.00
484.24, 215.00
484.58, 222.00
484.91, 234.00
485.25, 238.00
485.58, 243.00
485.92, 244.00
486.26, 243.00
486.59, 251.00
486.93, 252.00
487.26, 244.00
487.60, 247.00
487.94, 249.00
488.27, 244.00
488.61, 249.00
488.94, 246.00
489.28, 245.00
489.61, 244.00
489.95, 243.00
490.29, 242.00
490.62, 246.00
490.96, 243.00
491.29, 242.00
491.63, 238.00
491.96, 230.00
492.30, 229.00
492.63, 228.00
492.97, 225.00
493.30, 221.00
493.64, 220.00
493.97, 219.00
494.31, 219.00
494.64, 225.00
494.98, 220.00
495.31, 219.00
495.65, 220.00
495.98, 214.00
496.32, 213.00
496.65, 243.00
496.99, 213.00
497.32, 209.00
497.66, 200.00
497.99, 193.00
498.33, 200.00
498.66, 200.00
499.00, 198.00
499.33, 201.00
499.67, 199.00
500.00, 199.00
500.34, 202.00
500.67, 203.00
501.00, 188.00
501.34, 193.00
501.67, 185.00
502.01, 193.00
502.34, 186.00
502.68, 196.00
503.01, 198.00
503.34, 192.00
503.68, 187.00
504.01, 192.00
504.35, 194.00
504.68, 190.00
505.01, 192.00
505.35, 192.00
505.68, 188.00
506.02, 196.00
506.35, 194.00
506.68, 193.00
507.02, 193.00
507.35, 191.00
507.68, 194.00
508.02, 190.00
508.35, 197.00
508.69, 191.00
509.02, 190.00
509.35, 186.00
509.69, 182.00
510.02, 189.00
510.35, 188.00
510.69, 184.00
511.02, 186.00
511.35, 183.00
511.69, 192.00
512.02, 190.00
512.35, 189.00
512.68, 185.00
513.02, 190.00
513.35, 186.00
513.68, 184.00
514.02, 188.00
514.35, 187.00
514.68, 187.00
515.01, 183.00
515.35, 191.00
515.68, 182.00
516.01, 182.00
516.35, 183.00
516.68, 181.00
517.01, 181.00
517.34, 183.00
517.68, 183.00
518.01, 187.00
518.34, 184.00
518.67, 183.00
519.01, 178.00
519.34, 189.00
519.67, 189.00
520.00, 183.00
520.33, 183.00
520.67, 186.00
521.00, 175.00
521.33, 183.00
521.66, 190.00
522.00, 190.00
522.33, 185.00
522.66, 193.00
522.99, 184.00
523.32, 187.00
523.65, 186.00
523.99, 193.00
524.32, 194.00
524.65, 187.00
524.98, 189.00
525.31, 175.00
525.65, 213.00
525.98, 182.00
526.31, 182.00
526.64, 192.00
526.97, 186.00
527.30, 181.00
527.63, 172.00
527.97, 181.00
528.30, 181.00
528.63, 185.00
528.96, 198.00
529.29, 183.00
529.62, 183.00
529.95, 177.00
530.28, 180.00
530.61, 185.00
530.95, 174.00
531.28, 176.00
531.61, 185.00
531.94, 185.00
532.27, 190.00
532.60, 186.00
532.93, 194.00
533.26, 187.00
533.59, 189.00
533.92, 188.00
534.25, 192.00
534.58, 214.00
534.91, 190.00
535.25, 185.00
535.58, 186.00
535.91, 192.00
536.24, 193.00
536.57, 197.00
536.90, 192.00
537.23, 205.00
537.56, 232.00
537.89, 212.00
538.22, 214.00
538.55, 219.00
538.88, 225.00
539.21, 323.00
539.54, 239.00
539.87, 250.00
540.20, 268.00
540.53, 296.00
540.86, 354.00
541.19, 366.00
541.52, 403.00
541.85, 435.00
542.18, 438.00
542.51, 455.00
542.84, 460.00
543.17, 467.00
543.50, 466.00
543.82, 449.00
544.15, 449.00
544.48, 438.00
544.81, 463.00
545.14, 496.00
545.47, 467.00
545.80, 454.00
546.13, 374.00
546.46, 379.00
546.79, 338.00
547.12, 301.00
547.45, 280.00
547.78, 281.00
548.10, 274.00
548.43, 262.00
548.76, 265.00
549.09, 255.00
549.42, 245.00
549.75, 246.00
550.08, 238.00
550.41, 238.00
550.74, 236.00
551.06, 233.00
551.39, 236.00
551.72, 230.00
552.05, 224.00
552.38, 214.00
552.71, 215.00
553.03, 216.00
553.36, 211.00
553.69, 209.00
554.02, 201.00
554.35, 205.00
554.68, 192.00
555.00, 194.00
555.33, 191.00
555.66, 186.00
555.99, 203.00
556.32, 189.00
556.64, 188.00
556.97, 195.00
557.30, 189.00
557.63, 189.00
557.96, 188.00
558.28, 185.00
558.61, 189.00
558.94, 191.00
559.27, 188.00
559.59, 190.00
559.92, 190.00
560.25, 188.00
560.58, 184.00
560.90, 188.00
561.23, 191.00
561.56, 188.00
561.89, 188.00
562.21, 178.00
562.54, 178.00
562.87, 176.00
563.20, 182.00
563.52, 179.00
563.85, 174.00
564.18, 197.00
564.50, 180.00
564.83, 205.00
565.16, 225.00
565.48, 174.00
565.81, 182.00
566.14, 173.00
566.47, 174.00
566.79, 182.00
567.12, 177.00
567.45, 197.00
567.77, 175.00
568.10, 176.00
568.43, 179.00
568.75, 178.00
569.08, 182.00
569.40, 207.00
569.73, 177.00
570.06, 178.00
570.38, 180.00
570.71, 172.00
571.04, 173.00
571.36, 180.00
571.69, 177.00
572.01, 184.00
572.34, 178.00
572.67, 185.00
572.99, 171.00
573.32, 188.00
573.64, 178.00
573.97, 177.00
574.30, 175.00
574.62, 175.00
574.95, 177.00
575.27, 180.00
575.60, 190.00
575.92, 190.00
576.25, 198.00
576.58, 205.00
576.90, 196.00
577.23, 216.00
577.55, 194.00
577.88, 192.00
578.20, 203.00
578.53, 198.00
578.85, 219.00
579.18, 207.00
579.50, 206.00
579.83, 205.00
580.15, 207.00
580.48, 212.00
580.80, 210.00
581.13, 210.00
581.45, 204.00
581.78, 214.00
582.10, 218.00
582.43, 221.00
582.75, 222.00
583.08, 225.00
583.40, 219.00
583.73, 275.00
584.05, 222.00
584.38, 219.00
584.70, 254.00
585.03, 221.00
585.35, 219.00
585.67, 220.00
586.00, 233.00
586.32, 250.00
586.65, 256.00
586.97, 260.00
587.30, 253.00
587.62, 242.00
587.94, 250.00
588.27, 235.00
588.59, 229.00
588.92, 221.00
589.24, 221.00
589.56, 213.00
589.89, 217.00
590.21, 205.00
590.54, 203.00
590.86, 209.00
591.18, 207.00
591.51, 210.00
591.83, 220.00
592.15, 223.00
592.48, 213.00
592.80, 219.00
593.13, 206.00
593.45, 217.00
593.77, 211.00
594.10, 212.00
594.42, 207.00
594.74, 198.00
595.07, 202.00
595.39, 199.00
595.71, 194.00
596.03, 202.00
596.36, 198.00
596.68, 202.00
597.00, 198.00
597.33, 205.00
597.65, 204.00
597.97, 207.00
598.30, 206.00
598.62, 215.00
598.94, 215.00
599.26, 218.00
599.59, 214.00
599.91, 212.00
600.23, 206.00
600.55, 202.00
600.88, 206.00
601.20, 190.00
601.52, 193.00
601.84, 194.00
602.17, 185.00
602.49, 188.00
602.81, 178.00
603.13, 189.00
603.45, 186.00
603.78, 179.00
604.10, 183.00
604.42, 179.00
604.74, 184.00
605.07, 185.00
605.39, 181.00
605.71, 186.00
606.03, 187.00
606.35, 187.00
606.67, 201.00
607.00, 192.00
607.32, 191.00
607.64, 194.00
607.96, 201.00
608.28, 207.00
608.60, 205.00
608.93, 225.00
609.25, 250.00
609.57, 297.00
609.89, 371.00
610.21, 451.00
610.53, 473.00
610.85, 480.00
611.17, 456.00
611.50, 423.00
611.82, 399.00
612.14, 372.00
612.46, 356.00
612.78, 323.00
613.10, 319.00
613.42, 295.00
613.74, 290.00
614.06, 306.00
614.38, 273.00
614.70, 254.00
615.03, 255.00
615.35, 247.00
615.67, 314.00
615.99, 227.00
616.31, 220.00
616.63, 217.00
616.95, 202.00
617.27, 207.00
617.59, 203.00
617.91, 206.00
618.23, 208.00
618.55, 197.00
618.87, 201.00
619.19, 207.00
619.51, 205.00
619.83, 198.00
620.15, 202.00
620.47, 200.00
620.79, 203.00
621.11, 205.00
621.43, 199.00
621.75, 206.00
622.07, 199.00
622.39, 206.00
622.71, 195.00
623.03, 195.00
623.35, 226.00
623.67, 193.00
623.99, 199.00
624.31, 194.00
624.63, 185.00
624.95, 193.00
625.26, 196.00
625.58, 192.00
625.90, 209.00
626.22, 189.00
626.54, 184.00
626.86, 197.00
627.18, 188.00
627.50, 196.00
627.82, 191.00
628.14, 194.00
628.46, 202.00
628.77, 196.00
629.09, 198.00
629.41, 210.00
629.73, 216.00
630.05, 222.00
630.37, 217.00
630.69, 215.00
631.00, 215.00
631.32, 215.00
631.64, 206.00
631.96, 198.00
632.28, 196.00
632.60, 193.00
632.92, 189.00
633.23, 193.00
633.55, 190.00
633.87, 181.00
634.19, 184.00
634.51, 185.00
634.82, 181.00
635.14, 188.00
635.46, 189.00
635.78, 186.00
636.10, 185.00
636.41, 186.00
636.73, 183.00
637.05, 187.00
637.37, 184.00
637.68, 189.00
638.00, 184.00
638.32, 190.00
638.64, 194.00
638.95, 207.00
639.27, 198.00
639.59, 197.00
639.91, 187.00
640.22, 194.00
640.54, 192.00
640.86, 194.00
641.18, 195.00
641.49, 205.00
641.81, 196.00
642.13, 195.00
642.44, 187.00
642.76, 185.00
643.08, 181.00
643.40, 179.00
643.71, 188.00
644.03, 185.00
644.35, 182.00
644.66, 191.00
644.98, 183.00
645.30, 182.00
645.61, 200.00
645.93, 178.00
646.25, 189.00
646.56, 184.00
646.88, 201.00
647.19, 175.00
647.51, 183.00
647.83, 176.00
648.14, 178.00
648.46, 180.00
648.78, 178.00
649.09, 179.00
649.41, 215.00
649.72, 184.00
650.04, 191.00
650.36, 185.00
650.67, 181.00
650.99, 183.00
651.30, 189.00
651.62, 187.00
651.93, 177.00
652.25, 195.00
652.57, 213.00
652.88, 186.00
653.20, 184.00
653.51, 183.00
653.83, 186.00
654.14, 177.00
654.46, 184.00
654.77, 177.00
655.09, 183.00
655.40, 185.00
655.72, 182.00
656.04, 182.00
656.35, 177.00
656.67, 173.00
656.98, 173.00
657.30, 173.00
657.61, 176.00
657.93, 176.00
658.24, 181.00
658.55, 207.00
658.87, 177.00
659.18, 180.00
659.50, 183.00
659.81, 184.00
660.13, 185.00
660.44, 179.00
660.76, 182.00
661.07, 197.00
661.39, 190.00
661.70, 188.00
662.01, 183.00
662.33, 182.00
662.64, 184.00
662.96, 177.00
663.27, 172.00
663.59, 173.00
663.90, 177.00
664.21, 177.00
664.53, 192.00
664.84, 171.00
665.16, 190.00
665.47, 172.00
665.78, 175.00
666.10, 181.00
666.41, 172.00
666.72, 176.00
667.04, 184.00
667.35, 182.00
667.67, 184.00
667.98, 177.00
668.29, 179.00
668.61, 180.00
668.92, 184.00
669.23, 176.00
669.55, 178.00
669.86, 200.00
670.17, 178.00
670.48, 175.00
670.80, 169.00
671.11, 172.00
671.42, 169.00
671.74, 176.00
672.05, 177.00
672.36, 174.00
672.68, 173.00
672.99, 172.00
673.30, 173.00
673.61, 171.00
673.93, 173.00
674.24, 173.00
674.55, 171.00
674.86, 178.00
675.18, 175.00
675.49, 179.00
675.80, 175.00
676.11, 179.00
676.43, 184.00
676.74, 173.00
677.05, 176.00
677.36, 194.00
677.67, 183.00
677.99, 179.00
678.30, 178.00
678.61, 180.00
678.92, 178.00
679.23, 176.00
679.55, 176.00
679.86, 179.00
680.17, 177.00
680.48, 178.00
680.79, 176.00
681.10, 174.00
681.42, 175.00
681.73, 172.00
682.04, 165.00
682.35, 172.00
682.66, 176.00
682.97, 166.00
683.28, 177.00
683.60, 171.00
683.91, 172.00
684.22, 184.00
684.53, 173.00
684.84, 171.00
685.15, 175.00
685.46, 188.00
685.77, 169.00
686.08, 175.00
686.40, 207.00
686.71, 173.00
687.02, 176.00
687.33, 173.00
687.64, 162.00
687.95, 170.00
688.26, 170.00
688.57, 167.00
688.88, 168.00
689.19, 168.00
689.50, 165.00
689.81, 171.00
690.12, 165.00
690.43, 177.00
690.74, 164.00
691.05, 167.00
691.36, 170.00
691.67, 166.00
691.98, 165.00
692.29, 174.00
692.60, 170.00
692.91, 167.00
693.22, 165.00
693.53, 166.00
693.84, 174.00
694.15, 164.00
694.46, 165.00
694.77, 167.00
695.08, 169.00
695.39, 173.00
695.70, 168.00
696.01, 169.00
696.32, 164.00
696.63, 165.00
696.94, 165.00
697.25, 164.00
697.56, 165.00
697.87, 169.00
698.17, 193.00
698.48, 167.00
698.79, 165.00
699.10, 160.00
699.41, 164.00
699.72, 168.00
700.03, 161.00
700.34, 161.00
700.65, 171.00
700.95, 164.00
701.26, 166.00
701.57, 163.00
701.88, 166.00
702.19, 173.00
702.50, 167.00
702.81, 164.00
703.11, 185.00
703.42, 174.00
703.73, 172.00
704.04, 175.00
704.35, 171.00
704.66, 182.00
704.96, 195.00
705.27, 224.00
705.58, 236.00
705.89, 236.00
706.20, 236.00
706.50, 231.00
706.81, 239.00
707.12, 216.00
707.43, 215.00
707.73, 202.00
708.04, 205.00
708.35, 195.00
708.66, 189.00
708.97, 184.00
709.27, 180.00
709.58, 181.00
709.89, 175.00
710.19, 166.00
710.50, 183.00
710.81, 179.00
711.12, 185.00
711.42, 187.00
711.73, 193.00
712.04, 188.00
712.35, 181.00
712.65, 181.00
712.96, 180.00
713.27, 179.00
713.57, 189.00
713.88, 183.00
714.19, 167.00
714.49, 164.00
714.80, 169.00
715.11, 164.00
715.41, 168.00
715.72, 160.00
716.03, 166.00
716.33, 173.00
716.64, 169.00
716.94, 166.00
717.25, 161.00
717.56, 168.00
717.86, 164.00
718.17, 157.00
718.48, 163.00
718.78, 161.00
719.09, 160.00
719.39, 160.00
719.70, 160.00
720.01, 170.00
720.31, 166.00
720.62, 162.00
720.92, 164.00
721.23, 167.00
721.53, 169.00
721.84, 167.00
722.15, 169.00
722.45, 170.00
722.76, 161.00
723.06, 164.00
723.37, 164.00
723.67, 166.00
723.98, 164.00
724.28, 168.00
724.59, 171.00
724.89, 167.00
725.20, 164.00
725.50, 171.00
725.81, 167.00
726.11, 159.00
726.42, 166.00
726.72, 167.00
727.03, 197.00
727.33, 168.00
727.64, 167.00
727.94, 166.00
728.25, 163.00
728.55, 162.00
728.86, 181.00
729.16, 163.00
729.46, 162.00
729.77, 164.00
730.07, 161.00
730.38, 152.00
730.68, 162.00
730.99, 169.00
731.29, 163.00
731.59, 164.00
731.90, 161.00
732.20, 161.00
732.51, 164.00
732.81, 160.00
733.11, 166.00
733.42, 164.00
733.72, 169.00
734.02, 171.00
734.33, 162.00
734.63, 166.00
734.94, 167.00
735.24, 161.00
735.54, 162.00
735.85, 160.00
736.15, 164.00
736.45, 163.00
736.76, 164.00
737.06, 168.00
737.36, 163.00
737.67, 165.00
737.97, 170.00
738.27, 161.00
738.57, 162.00
738.88, 161.00
739.18, 191.00
739.48, 162.00
739.79, 157.00
740.09, 166.00
740.39, 168.00
740.69, 170.00
741.00, 163.00
741.30, 168.00
741.60, 162.00
741.90, 162.00
742.21, 164.00
742.51, 208.00
742.81, 160.00
743.11, 163.00
743.42, 180.00
743.72, 164.00
744.02, 169.00
744.32, 167.00
744.63, 169.00
744.93, 173.00
745.23, 166.00
745.53, 172.00
745.83, 165.00
746.13, 171.00
746.44, 161.00
746.74, 168.00
747.04, 164.00
747.34, 171.00
747.64, 168.00
747.94, 158.00
748.25, 165.00
748.55, 169.00
748.85, 168.00
749.15, 167.00
749.45, 194.00
749.75, 170.00
750.05, 171.00
750.35, 157.00
750.66, 176.00
750.96, 167.00
751.26, 164.00
751.56, 168.00
751.86, 171.00
752.16, 164.00
752.46, 158.00
752.76, 165.00
753.06, 162.00
753.36, 196.00
753.66, 165.00
753.96, 169.00
754.27, 159.00
754.57, 162.00
754.87, 161.00
755.17, 161.00
755.47, 166.00
755.77, 165.00
756.07, 164.00
756.37, 166.00
756.67, 166.00
756.97, 163.00
757.27, 168.00
757.57, 160.00
757.87, 163.00
758.17, 154.00
758.47, 168.00
758.77, 170.00
759.07, 167.00
759.37, 167.00
759.67, 163.00
759.97, 167.00
760.27, 165.00
760.57, 168.00
760.86, 165.00
761.16, 167.00
761.46, 163.00
761.76, 185.00
762.06, 165.00
762.36, 167.00
762.66, 167.00
762.96, 164.00
763.26, 165.00
763.56, 185.00
763.86, 169.00
764.16, 160.00
764.45, 172.00
764.75, 169.00
765.05, 162.00
765.35, 161.00
765.65, 163.00
765.95, 160.00
766.25, 167.00
766.55, 163.00
766.84, 167.00
767.14, 155.00
767.44, 164.00
767.74, 164.00
768.04, 164.00
768.34, 158.00
768.63, 159.00
768.93, 163.00
769.23, 166.00
769.53, 163.00
769.83, 165.00
770.12, 162.00
770.42, 167.00
770.72, 166.00
771.02, 163.00
771.32, 163.00
771.61, 161.00
771.91, 165.00
772.21, 166.00
772.51, 168.00
772.80, 165.00
773.10, 165.00
773.40, 169.00
773.70, 166.00
773.99, 168.00
774.29, 167.00
774.59, 175.00
774.88, 172.00
775.18, 170.00
775.48, 201.00
775.78, 256.00
776.07, 323.00
776.37, 354.00
776.67, 351.00
776.96, 294.00
777.26, 295.00
777.56, 237.00
777.85, 222.00
778.15, 218.00
778.45, 223.00
778.74, 211.00
779.04, 205.00
779.34, 185.00
779.63, 178.00
779.93, 168.00
780.22, 166.00
780.52, 165.00
780.82, 161.00
781.11, 163.00
781.41, 160.00
781.71, 162.00
782.00, 158.00
782.30, 164.00
782.59, 171.00
782.89, 159.00
783.19, 155.00
783.48, 161.00
783.78, 160.00
784.07, 167.00
784.37, 165.00
784.66, 161.00
784.96, 159.00
785.25, 159.00
785.55, 160.00
785.84, 164.00
786.14, 161.00
786.44, 165.00
786.73, 168.00
787.03, 166.00
787.32, 158.00
787.62, 160.00
787.91, 161.00
788.21, 163.00
788.50, 165.00
788.80, 160.00
789.09, 163.00
789.39, 166.00
789.68, 161.00
789.97, 166.00
790.27, 160.00
790.56, 166.00
790.86, 172.00
791.15, 161.00
791.45, 166.00
791.74, 180.00
792.04, 162.00
792.33, 163.00
792.62, 188.00
792.92, 162.00
793.21, 163.00
793.51, 166.00
793.80, 160.00
794.09, 163.00
794.39, 166.00
794.68, 160.00
794.98, 162.00
795.27, 160.00
795.56, 159.00
795.86, 157.00
796.15, 159.00
796.44, 163.00
796.74, 157.00
797.03, 159.00
797.32, 164.00
797.62, 166.00
797.91, 174.00
798.20, 163.00
798.50, 170.00
798.79, 171.00
799.08, 160.00
799.38, 166.00
799.67, 161.00
799.96, 174.00
800.26, 179.00
800.55, 161.00
800.84, 170.00
801.13, 161.00
801.43, 165.00
801.72, 193.00
802.01, 165.00
802.30, 161.00
802.60, 169.00
802.89, 161.00
803.18, 162.00
803.47, 164.00
803.77, 167.00
804.06, 162.00
804.35, 160.00
804.64, 173.00
804.94, 159.00
805.23, 157.00
805.52, 162.00
805.81, 164.00
806.10, 166.00
806.39, 160.00
806.69, 159.00
806.98, 162.00
807.27, 161.00
807.56, 165.00
807.85, 166.00
808.14, 160.00
808.44, 165.00
808.73, 159.00
809.02, 178.00
809.31, 168.00
809.60, 167.00
809.89, 173.00
810.18, 160.00
810.48, 173.00
810.77, 163.00
811.06, 160.00
811.35, 163.00
811.64, 165.00
811.93, 174.00
812.22, 159.00
812.51, 154.00
812.80, 161.00
813.09, 156.00
813.38, 163.00
813.67, 176.00
813.96, 159.00
814.26, 161.00
814.55, 157.00
814.84, 154.00
815.13, 166.00
815.42, 170.00
815.71, 159.00
816.00, 160.00
816.29, 162.00
816.58, 167.00
816.87, 157.00
817.16, 159.00
817.45, 166.00
817.74, 161.00
818.03, 155.00
818.32, 157.00
818.61, 162.00
818.90, 161.00
819.19, 160.00
819.48, 162.00
819.76, 159.00
820.05, 155.00
820.34, 160.00
820.63, 161.00
820.92, 159.00
821.21, 159.00
821.50, 159.00
821.79, 161.00
822.08, 163.00
822.37, 161.00
822.66, 157.00
822.95, 164.00
823.23, 161.00
823.52, 173.00
823.81, 158.00
824.10, 159.00
824.39, 163.00
824.68, 157.00
824.97, 168.00
825.26, 158.00
825.54, 209.00
825.83, 158.00
826.12, 159.00
826.41, 160.00
826.70, 157.00
826.99, 164.00
827.27, 156.00
827.56, 172.00
827.85, 153.00
828.14, 160.00
828.43, 160.00
828.71, 163.00
829.00, 159.00
829.29, 162.00
829.58, 163.00
829.86, 165.00
830.15, 159.00
830.44, 162.00
830.73, 164.00
831.01, 161.00
831.30, 155.00
831.59, 159.00
831.88, 157.00
832.16, 162.00
832.45, 165.00
832.74, 159.00
833.03, 155.00
833.31, 165.00
833.60, 159.00
833.89, 159.00
834.17, 162.00
834.46, 157.00
834.75, 159.00
835.03, 155.00
835.32, 159.00
835.61, 156.00
835.89, 168.00
836.18, 160.00
836.47, 155.00
836.75, 159.00
837.04, 168.00
837.33, 163.00
837.61, 158.00
837.90, 162.00
838.19, 158.00
838.47, 159.00
838.76, 158.00
839.04, 164.00
839.33, 163.00
839.62, 166.00
839.90, 156.00
840.19, 159.00
840.47, 158.00
840.76, 185.00
841.04, 161.00
841.33, 168.00
841.62, 162.00
841.90, 158.00
842.19, 162.00
842.47, 290.00
842.76, 161.00
843.04, 170.00
843.33, 180.00
843.61, 166.00
843.90, 170.00
844.18, 171.00
844.47, 163.00
844.75, 167.00
845.04, 160.00
845.32, 162.00
845.61, 162.00
845.89, 165.00
846.18, 165.00
846.46, 162.00
846.75, 162.00
847.03, 171.00
847.32, 163.00
847.60, 159.00
847.88, 165.00
848.17, 165.00
848.45, 180.00
848.74, 166.00
849.02, 161.00
849.31, 166.00
849.59, 162.00
849.87, 163.00
850.16, 164.00
850.44, 164.00
850.73, 181.00
851.01, 166.00
851.29, 163.00
851.58, 168.00
851.86, 160.00
852.14, 155.00
852.43, 160.00
852.71, 165.00
853.00, 164.00
853.28, 163.00
853.56, 164.00
853.85, 158.00
854.13, 159.00
854.41, 160.00
854.69, 165.00
854.98, 160.00
855.26, 195.00
855.54, 158.00
855.83, 158.00
856.11, 161.00
856.39, 161.00
856.68, 156.00
856.96, 160.00
857.24, 159.00
857.52, 161.00
857.81, 159.00
858.09, 155.00
858.37, 164.00
858.65, 161.00
858.94, 156.00
859.22, 166.00
