190.05, 0.00
190.41, 158.00
190.77, 161.00
191.14, 152.00
191.50, 159.00
191.86, 179.00
192.22, 169.00
192.58, 169.00
192.94, 164.00
193.31, 167.00
193.67, 164.00
194.03, 169.00
194.39, 166.00
194.75, 160.00
195.11, 174.00
195.47, 174.00
195.84, 166.00
196.20, 164.00
196.56, 182.00
196.92, 164.00
197.28, 168.00
197.64, 164.00
198.00, 169.00
198.37, 163.00
198.73, 163.00
199.09, 161.00
199.45, 162.00
199.81, 169.00
200.17, 169.00
200.53, 161.00
200.89, 169.00
201.25, 192.00
201.62, 163.00
201.98, 165.00
202.34, 166.00
202.70, 173.00
203.06, 166.00
203.42, 170.00
203.78, 166.00
204.14, 174.00
204.50, 185.00
204.86, 173.00
205.22, 169.00
205.58, 168.00
205.95, 170.00
206.31, 166.00
206.67, 173.00
207.03, 166.00
207.39, 171.00
207.75, 163.00
208.11, 167.00
208.47, 167.00
208.83, 170.00
209.19, 175.00
209.55, 167.00
209.91, 170.00
210.27, 170.00
210.63, 167.00
210.99, 168.00
211.35, 167.00
211.71, 168.00
212.07, 168.00
212.43, 174.00
212.79, 168.00
213.15, 165.00
213.51, 167.00
213.87, 171.00
214.23, 171.00
214.59, 166.00
214.95, 170.00
215.31, 166.00
215.67, 171.00
216.03, 189.00
216.39, 172.00
216.75, 171.00
217.11, 172.00
217.47, 162.00
217.83, 169.00
218.19, 167.00
218.55, 173.00
218.91, 168.00
219.27, 166.00
219.63, 166.00
219.99, 168.00
220.35, 166.00
220.71, 177.00
221.07, 165.00
221.43, 165.00
221.79, 164.00
222.15, 169.00
222.51, 167.00
222.87, 172.00
223.23, 165.00
223.59, 167.00
223.95, 166.00
224.31, 168.00
224.67, 168.00
225.03, 171.00
225.39, 176.00
225.74, 175.00
226.10, 167.00
226.46, 173.00
226.82, 168.00
227.18, 169.00
227.54, 168.00
227.90, 174.00
228.26, 176.00
228.62, 173.00
228.98, 167.00
229.34, 165.00
229.69, 172.00
230.05, 175.00
230.41, 168.00
230.77, 174.00
231.13, 169.00
231.49, 173.00
231.85, 162.00
232.21, 167.00
232.57, 173.00
232.92, 181.00
233.28, 164.00
233.64, 171.00
234.00, 166.00
234.36, 172.00
234.72, 163.00
235.08, 168.00
235.44, 171.00
235.79, 166.00
236.15, 174.00
236.51, 168.00
236.87, 166.00
237.23, 166.00
237.59, 166.00
237.94, 174.00
238.30, 169.00
238.66, 167.00
239.02, 169.00
239.38, 165.00
239.74, 167.00
240.09, 175.00
240.45, 168.00
240.81, 164.00
241.17, 169.00
241.53, 168.00
241.89, 166.00
242.24, 168.00
242.60, 168.00
242.96, 172.00
243.32, 166.00
243.68, 169.00
244.03, 173.00
244.39, 172.00
244.75, 177.00
245.11, 162.00
245.46, 164.00
245.82, 183.00
246.18, 169.00
246.54, 166.00
246.90, 162.00
247.25, 162.00
247.61, 163.00
247.97, 193.00
248.33, 170.00
248.68, 162.00
249.04, 169.00
249.40, 161.00
249.76, 166.00
250.11, 162.00
250.47, 169.00
250.83, 171.00
251.19, 168.00
251.54, 178.00
251.90, 171.00
252.26, 174.00
252.62, 160.00
252.97, 166.00
253.33, 163.00
253.69, 167.00
254.05, 168.00
254.40, 165.00
254.76, 163.00
255.12, 185.00
255.47, 171.00
255.83, 163.00
256.19, 176.00
256.54, 166.00
256.90, 162.00
257.26, 164.00
257.62, 169.00
257.97, 169.00
258.33, 166.00
258.69, 161.00
259.04, 163.00
259.40, 163.00
259.76, 170.00
260.11, 165.00
260.47, 167.00
260.83, 170.00
261.18, 165.00
261.54, 173.00
261.90, 172.00
262.25, 163.00
262.61, 166.00
262.97, 166.00
263.32, 160.00
263.68, 160.00
264.04, 171.00
264.39, 167.00
264.75, 176.00
265.10, 165.00
265.46, 205.00
265.82, 171.00
266.17, 166.00
266.53, 165.00
266.89, 161.00
267.24, 171.00
267.60, 163.00
267.95, 163.00
268.31, 162.00
268.67, 166.00
269.02, 166.00
269.38, 163.00
269.74, 171.00
270.09, 171.00
270.45, 167.00
270.80, 182.00
271.16, 165.00
271.51, 170.00
271.87, 173.00
272.23, 170.00
272.58, 163.00
272.94, 172.00
273.29, 164.00
273.65, 204.00
274.00, 166.00
274.36, 173.00
274.72, 169.00
275.07, 165.00
275.43, 163.00
275.78, 171.00
276.14, 168.00
276.49, 172.00
276.85, 178.00
277.20, 186.00
277.56, 163.00
277.92, 170.00
278.27, 172.00
278.63, 172.00
278.98, 164.00
279.34, 166.00
279.69, 169.00
280.05, 181.00
280.40, 166.00
280.76, 176.00
281.11, 174.00
281.47, 170.00
281.82, 169.00
282.18, 168.00
282.53, 172.00
282.89, 174.00
283.24, 175.00
283.60, 168.00
283.95, 173.00
284.31, 171.00
284.66, 177.00
285.02, 178.00
285.37, 171.00
285.73, 173.00
286.08, 178.00
286.44, 168.00
286.79, 175.00
287.14, 175.00
287.50, 177.00
287.85, 170.00
288.21, 173.00
288.56, 167.00
288.92, 167.00
289.27, 172.00
289.63, 168.00
289.98, 175.00
290.34, 168.00
290.69, 169.00
291.04, 164.00
291.40, 165.00
291.75, 167.00
292.11, 164.00
292.46, 164.00
292.81, 175.00
293.17, 167.00
293.52, 173.00
293.88, 173.00
294.23, 175.00
294.59, 174.00
294.94, 183.00
295.29, 181.00
295.65, 182.00
296.00, 200.00
296.36, 180.00
296.71, 183.00
297.06, 186.00
297.42, 184.00
297.77, 184.00
298.12, 184.00
298.48, 186.00
298.83, 179.00
299.19, 181.00
299.54, 183.00
299.89, 185.00
300.25, 178.00
300.60, 178.00
300.95, 175.00
301.31, 177.00
301.66, 170.00
302.01, 172.00
302.37, 171.00
302.72, 171.00
303.07, 177.00
303.43, 175.00
303.78, 174.00
304.13, 177.00
304.49, 176.00
304.84, 186.00
305.19, 192.00
305.55, 183.00
305.90, 184.00
306.25, 195.00
306.61, 219.00
306.96, 238.00
307.31, 269.00
307.66, 325.00
308.02, 386.00
308.37, 426.00
308.72, 444.00
309.08, 453.00
309.43, 425.00
309.78, 381.00
310.13, 347.00
310.49, 323.00
310.84, 277.00
311.19, 262.00
311.54, 246.00
311.90, 233.00
312.25, 225.00
312.60, 226.00
312.95, 245.00
313.31, 257.00
313.66, 258.00
314.01, 266.00
314.36, 267.00
314.72, 275.00
315.07, 324.00
315.42, 358.00
315.77, 388.00
316.13, 318.00
316.48, 254.00
316.83, 222.00
317.18, 203.00
317.54, 179.00
317.89, 178.00
318.24, 182.00
318.59, 173.00
318.94, 181.00
319.30, 179.00
319.65, 178.00
320.00, 180.00
320.35, 177.00
320.70, 182.00
321.05, 178.00
321.41, 177.00
321.76, 181.00
322.11, 171.00
322.46, 177.00
322.81, 202.00
323.17, 176.00
323.52, 174.00
323.87, 169.00
324.22, 172.00
324.57, 175.00
324.92, 178.00
325.27, 181.00
325.63, 187.00
325.98, 178.00
326.33, 188.00
326.68, 184.00
327.03, 182.00
327.38, 188.00
327.73, 185.00
328.09, 195.00
328.44, 211.00
328.79, 188.00
329.14, 209.00
329.49, 188.00
329.84, 187.00
330.19, 190.00
330.54, 179.00
330.89, 190.00
331.25, 177.00
331.60, 175.00
331.95, 182.00
332.30, 179.00
332.65, 185.00
333.00, 191.00
333.35, 223.00
333.70, 222.00
334.05, 199.00
334.40, 206.00
334.75, 214.00
335.10, 251.00
335.45, 304.00
335.81, 363.00
336.16, 487.00
336.51, 598.00
336.86, 614.00
337.21, 541.00
337.56, 397.00
337.91, 296.00
338.26, 239.00
338.61, 202.00
338.96, 187.00
339.31, 182.00
339.66, 176.00
340.01, 179.00
340.36, 179.00
340.71, 179.00
341.06, 178.00
341.41, 179.00
341.76, 175.00
342.11, 180.00
342.46, 183.00
342.81, 178.00
343.16, 176.00
343.51, 175.00
343.86, 181.00
344.21, 175.00
344.56, 178.00
344.91, 179.00
345.26, 185.00
345.61, 175.00
345.96, 176.00
346.31, 169.00
346.66, 192.00
347.01, 174.00
347.36, 194.00
347.71, 173.00
348.06, 176.00
348.41, 191.00
348.76, 185.00
349.10, 187.00
349.45, 196.00
349.80, 194.00
350.15, 196.00
350.50, 190.00
350.85, 199.00
351.20, 199.00
351.55, 206.00
351.90, 217.00
352.25, 239.00
352.60, 265.00
352.95, 306.00
353.30, 329.00
353.64, 299.00
353.99, 258.00
354.34, 240.00
354.69, 234.00
355.04, 237.00
355.39, 258.00
355.74, 284.00
356.09, 338.00
356.44, 401.00
356.78, 487.00
357.13, 516.00
357.48, 505.00
357.83, 408.00
358.18, 331.00
358.53, 263.00
358.88, 216.00
359.22, 203.00
359.57, 186.00
359.92, 179.00
360.27, 177.00
360.62, 178.00
360.97, 177.00
361.32, 178.00
361.66, 181.00
362.01, 180.00
362.36, 182.00
362.71, 180.00
363.06, 184.00
363.40, 183.00
363.75, 184.00
364.10, 185.00
364.45, 185.00
364.80, 190.00
365.14, 190.00
365.49, 187.00
365.84, 189.00
366.19, 188.00
366.54, 189.00
366.88, 201.00
367.23, 183.00
367.58, 222.00
367.93, 183.00
368.28, 181.00
368.62, 179.00
368.97, 187.00
369.32, 193.00
369.67, 192.00
370.01, 210.00
370.36, 212.00
370.71, 221.00
371.06, 203.00
371.40, 209.00
371.75, 191.00
372.10, 186.00
372.45, 186.00
372.79, 189.00
373.14, 197.00
373.49, 209.00
373.83, 226.00
374.18, 244.00
374.53, 268.00
374.88, 286.00
375.22, 292.00
375.57, 258.00
375.92, 234.00
376.26, 210.00
376.61, 199.00
376.96, 185.00
377.30, 192.00
377.65, 203.00
378.00, 201.00
378.35, 219.00
378.69, 241.00
379.04, 261.00
379.39, 299.00
379.73, 328.00
380.08, 323.00
380.43, 285.00
380.77, 240.00
381.12, 232.00
381.47, 214.00
381.81, 194.00
382.16, 182.00
382.50, 187.00
382.85, 233.00
383.20, 186.00
383.54, 185.00
383.89, 185.00
384.24, 186.00
384.58, 190.00
384.93, 199.00
385.27, 199.00
385.62, 193.00
385.97, 194.00
386.31, 193.00
386.66, 223.00
387.00, 198.00
387.35, 197.00
387.70, 201.00
388.04, 257.00
388.39, 228.00
388.73, 246.00
389.08, 274.00
389.43, 298.00
389.77, 339.00
390.12, 382.00
390.46, 459.00
390.81, 482.00
391.15, 452.00
391.50, 387.00
391.85, 306.00
392.19, 265.00
392.54, 226.00
392.88, 211.00
393.23, 212.00
393.57, 210.00
393.92, 208.00
394.26, 196.00
394.61, 191.00
394.95, 182.00
395.30, 180.00
395.64, 178.00
395.99, 209.00
396.33, 181.00
396.68, 187.00
397.02, 185.00
397.37, 188.00
397.71, 199.00
398.06, 205.00
398.40, 210.00
398.75, 232.00
399.09, 232.00
399.44, 239.00
399.78, 231.00
400.13, 202.00
400.47, 193.00
400.82, 186.00
401.16, 183.00
401.51, 178.00
401.85, 183.00
402.20, 181.00
402.54, 182.00
402.88, 189.00
403.23, 189.00
403.57, 201.00
403.92, 231.00
404.26, 269.00
404.61, 247.00
404.95, 273.00
405.30, 233.00
405.64, 234.00
405.98, 235.00
406.33, 208.00
406.67, 195.00
407.02, 193.00
407.36, 192.00
407.70, 190.00
408.05, 185.00
408.39, 190.00
408.74, 194.00
409.08, 196.00
409.42, 187.00
409.77, 188.00
410.11, 192.00
410.46, 184.00
410.80, 183.00
411.14, 190.00
411.49, 196.00
411.83, 200.00
412.17, 191.00
412.52, 190.00
412.86, 201.00
413.20, 195.00
413.55, 196.00
413.89, 198.00
414.23, 199.00
414.58, 218.00
414.92, 182.00
415.26, 184.00
415.61, 183.00
415.95, 187.00
416.29, 187.00
416.64, 184.00
416.98, 186.00
417.32, 183.00
417.67, 202.00
418.01, 201.00
418.35, 199.00
418.70, 211.00
419.04, 227.00
419.38, 215.00
419.72, 214.00
420.07, 210.00
420.41, 196.00
420.75, 197.00
421.10, 182.00
421.44, 185.00
421.78, 190.00
422.12, 183.00
422.47, 189.00
422.81, 193.00
423.15, 198.00
423.49, 192.00
423.84, 191.00
424.18, 199.00
424.52, 196.00
424.86, 205.00
425.21, 230.00
425.55, 234.00
425.89, 247.00
426.23, 273.00
426.57, 296.00
426.92, 309.00
427.26, 310.00
427.60, 276.00
427.94, 248.00
428.28, 216.00
428.63, 201.00
428.97, 199.00
429.31, 194.00
429.65, 194.00
429.99, 183.00
430.34, 184.00
430.68, 184.00
431.02, 187.00
431.36, 181.00
431.70, 181.00
432.04, 192.00
432.39, 191.00
432.73, 200.00
433.07, 197.00
433.41, 204.00
433.75, 203.00
434.09, 203.00
434.43, 226.00
434.78, 301.00
435.12, 342.00
435.46, 369.00
435.80, 325.00
436.14, 293.00
436.48, 257.00
436.82, 241.00
437.16, 224.00
437.51, 201.00
437.85, 196.00
438.19, 215.00
438.53, 184.00
438.87, 203.00
439.21, 196.00
439.55, 198.00
439.89, 201.00
440.23, 203.00
440.57, 205.00
440.91, 204.00
441.26, 196.00
441.60, 196.00
441.94, 191.00
442.28, 200.00
442.62, 193.00
442.96, 191.00
443.30, 196.00
443.64, 197.00
443.98, 196.00
444.32, 197.00
444.66, 187.00
445.00, 194.00
445.34, 203.00
445.68, 191.00
446.02, 194.00
446.36, 196.00
446.70, 189.00
447.04, 189.00
447.38, 210.00
447.72, 194.00
448.06, 201.00
448.40, 206.00
448.74, 195.00
449.08, 203.00
449.42, 190.00
449.76, 194.00
450.10, 187.00
450.44, 190.00
450.78, 192.00
451.12, 190.00
451.46, 193.00
451.80, 199.00
452.14, 189.00
452.48, 188.00
452.82, 197.00
453.16, 187.00
453.50, 197.00
453.84, 193.00
454.18, 218.00
454.52, 199.00
454.86, 196.00
455.19, 207.00
455.53, 196.00
455.87, 197.00
456.21, 201.00
456.55, 191.00
456.89, 199.00
457.23, 191.00
457.57, 193.00
457.91, 199.00
458.25, 198.00
458.59, 198.00
458.92, 207.00
459.26, 196.00
459.60, 205.00
459.94, 198.00
460.28, 192.00
460.62, 197.00
460.96, 193.00
461.30, 192.00
461.63, 188.00
461.97, 190.00
462.31, 191.00
462.65, 202.00
462.99, 200.00
463.33, 198.00
463.67, 202.00
464.00, 198.00
464.34, 202.00
464.68, 199.00
465.02, 205.00
465.36, 202.00
465.70, 195.00
466.03, 202.00
466.37, 198.00
466.71, 201.00
467.05, 197.00
467.39, 208.00
467.72, 199.00
468.06, 205.00
468.40, 211.00
468.74, 212.00
469.08, 207.00
469.41, 220.00
469.75, 230.00
470.09, 222.00
470.43, 228.00
470.76, 220.00
471.10, 217.00
471.44, 211.00
471.78, 205.00
472.11, 203.00
472.45, 207.00
472.79, 202.00
473.13, 198.00
473.46, 203.00
473.80, 198.00
474.14, 200.00
474.48, 198.00
474.81, 194.00
475.15, 200.00
475.49, 203.00
475.82, 198.00
476.16, 189.00
476.50, 200.00
476.84, 201.00
477.17, 192.00
477.51, 191.00
477.85, 193.00
478.18, 211.00
478.52, 199.00
478.86, 239.00
479.19, 205.00
479.53, 196.00
479.87, 233.00
480.20, 211.00
480.54, 210.00
480.88, 203.00
481.21, 203.00
481.55, 207.00
481.89, 210.00
482.22, 205.00
482.56, 220.00
482.90, 218.00
483.23, 225.00
483.57, 224.00
483.90, 230.00
484.24, 230.00
484.58, 247.00
484.91, 247.00
485.25, 258.00
485.58, 258.00
485.92, 261.00
486.26, 270.00
486.59, 277.00
486.93, 271.00
487.26, 273.00
487.60, 274.00
487.94, 270.00
488.27, 264.00
488.61, 272.00
488.94, 268.00
489.28, 263.00
489.61, 256.00
489.95, 260.00
490.29, 269.00
490.62, 265.00
490.96, 258.00
491.29, 260.00
491.63, 253.00
491.96, 251.00
492.30, 250.00
492.63, 248.00
492.97, 243.00
493.30, 243.00
493.64, 236.00
493.97, 249.00
494.31, 242.00
494.64, 240.00
494.98, 241.00
495.31, 233.00
495.65, 227.00
495.98, 232.00
496.32, 229.00
496.65, 254.00
496.99, 233.00
497.32, 227.00
497.66, 219.00
497.99, 222.00
498.33, 221.00
498.66, 219.00
499.00, 217.00
499.33, 207.00
499.67, 211.00
500.00, 207.00
500.34, 213.00
500.67, 202.00
501.00, 206.00
501.34, 209.00
501.67, 200.00
502.01, 204.00
502.34, 203.00
502.68, 209.00
503.01, 213.00
503.34, 203.00
503.68, 203.00
504.01, 207.00
504.35, 202.00
504.68, 206.00
505.01, 200.00
505.35, 207.00
505.68, 202.00
506.02, 205.00
506.35, 201.00
506.68, 210.00
507.02, 203.00
507.35, 196.00
507.68, 204.00
508.02, 209.00
508.35, 203.00
508.69, 197.00
509.02, 200.00
509.35, 202.00
509.69, 194.00
510.02, 189.00
510.35, 196.00
510.69, 196.00
511.02, 197.00
511.35, 198.00
511.69, 196.00
512.02, 194.00
512.35, 197.00
512.68, 196.00
513.02, 198.00
513.35, 196.00
513.68, 195.00
514.02, 195.00
514.35, 196.00
514.68, 205.00
515.01, 196.00
515.35, 199.00
515.68, 195.00
516.01, 192.00
516.35, 195.00
516.68, 191.00
517.01, 194.00
517.34, 196.00
517.68, 193.00
518.01, 200.00
518.34, 187.00
518.67, 189.00
519.01, 188.00
519.34, 198.00
519.67, 204.00
520.00, 189.00
520.33, 195.00
520.67, 192.00
521.00, 193.00
521.33, 194.00
521.66, 197.00
522.00, 190.00
522.33, 190.00
522.66, 190.00
522.99, 199.00
523.32, 199.00
523.65, 196.00
523.99, 199.00
524.32, 192.00
524.65, 199.00
524.98, 195.00
525.31, 196.00
525.65, 215.00
525.98, 199.00
526.31, 195.00
526.64, 199.00
526.97, 198.00
527.30, 184.00
527.63, 191.00
527.97, 192.00
528.30, 195.00
528.63, 194.00
528.96, 219.00
529.29, 190.00
529.62, 198.00
529.95, 189.00
530.28, 191.00
530.61, 192.00
530.95, 189.00
531.28, 196.00
531.61, 198.00
531.94, 196.00
532.27, 199.00
532.60, 203.00
532.93, 203.00
533.26, 195.00
533.59, 196.00
533.92, 205.00
534.25, 189.00
534.58, 223.00
534.91, 206.00
535.25, 193.00
535.58, 196.00
535.91, 195.00
536.24, 202.00
536.57, 207.00
536.90, 204.00
537.23, 220.00
537.56, 250.00
537.89, 226.00
538.22, 227.00
538.55, 224.00
538.88, 241.00
539.21, 329.00
539.54, 262.00
539.87, 268.00
540.20, 295.00
540.53, 319.00
540.86, 381.00
541.19, 402.00
541.52, 436.00
541.85, 455.00
542.18, 481.00
542.51, 505.00
542.84, 499.00
543.17, 513.00
543.50, 509.00
543.82, 509.00
544.15, 494.00
544.48, 476.00
544.81, 511.00
545.14, 542.00
545.47, 518.00
545.80, 494.00
546.13, 422.00
546.46, 422.00
546.79, 363.00
547.12, 318.00
547.45, 309.00
547.78, 308.00
548.10, 293.00
548.43, 291.00
548.76, 277.00
549.09, 271.00
549.42, 271.00
549.75, 258.00
550.08, 257.00
550.41, 252.00
550.74, 254.00
551.06, 253.00
551.39, 257.00
551.72, 244.00
552.05, 247.00
552.38, 238.00
552.71, 231.00
553.03, 226.00
553.36, 229.00
553.69, 228.00
554.02, 214.00
554.35, 213.00
554.68, 198.00
555.00, 207.00
555.33, 198.00
555.66, 201.00
555.99, 211.00
556.32, 203.00
556.64, 204.00
556.97, 204.00
557.30, 198.00
557.63, 196.00
557.96, 203.00
558.28, 200.00
558.61, 197.00
558.94, 199.00
559.27, 197.00
559.59, 201.00
559.92, 197.00
560.25, 202.00
560.58, 188.00
560.90, 200.00
561.23, 196.00
561.56, 191.00
561.89, 192.00
562.21, 190.00
562.54, 196.00
562.87, 190.00
563.20, 189.00
563.52, 191.00
563.85, 189.00
564.18, 206.00
564.50, 197.00
564.83, 209.00
565.16, 228.00
565.48, 191.00
565.81, 191.00
566.14, 189.00
566.47, 190.00
566.79, 188.00
567.12, 184.00
567.45, 206.00
567.77, 189.00
568.10, 187.00
568.43, 194.00
568.75, 187.00
569.08, 190.00
569.40, 213.00
569.73, 189.00
570.06, 188.00
570.38, 190.00
570.71, 186.00
571.04, 189.00
571.36, 199.00
571.69, 191.00
572.01, 187.00
572.34, 189.00
572.67, 191.00
572.99, 192.00
573.32, 203.00
573.64, 193.00
573.97, 189.00
574.30, 185.00
574.62, 185.00
574.95, 196.00
575.27, 189.00
575.60, 197.00
575.92, 201.00
576.25, 206.00
576.58, 206.00
576.90, 203.00
577.23, 231.00
577.55, 207.00
577.88, 210.00
578.20, 214.00
578.53, 216.00
578.85, 222.00
579.18, 225.00
579.50, 226.00
579.83, 227.00
580.15, 230.00
580.48, 228.00
580.80, 234.00
581.13, 232.00
581.45, 232.00
581.78, 235.00
582.10, 239.00
582.43, 242.00
582.75, 243.00
583.08, 247.00
583.40, 242.00
583.73, 290.00
584.05, 247.00
584.38, 238.00
584.70, 273.00
585.03, 238.00
585.35, 237.00
585.67, 242.00
586.00, 247.00
586.32, 261.00
586.65, 271.00
586.97, 270.00
587.30, 268.00
587.62, 251.00
587.94, 259.00
588.27, 243.00
588.59, 238.00
588.92, 231.00
589.24, 231.00
589.56, 227.00
589.89, 233.00
590.21, 228.00
590.54, 220.00
590.86, 228.00
591.18, 216.00
591.51, 220.00
591.83, 238.00
592.15, 240.00
592.48, 236.00
592.80, 238.00
593.13, 228.00
593.45, 225.00
593.77, 218.00
594.10, 223.00
594.42, 222.00
594.74, 212.00
595.07, 210.00
595.39, 211.00
595.71, 209.00
596.03, 203.00
596.36, 201.00
596.68, 214.00
597.00, 214.00
597.33, 213.00
597.65, 215.00
597.97, 213.00
598.30, 216.00
598.62, 220.00
598.94, 220.00
599.26, 224.00
599.59, 221.00
599.91, 221.00
600.23, 210.00
600.55, 211.00
600.88, 215.00
601.20, 203.00
601.52, 203.00
601.84, 196.00
602.17, 205.00
602.49, 197.00
602.81, 192.00
603.13, 191.00
603.45, 200.00
603.78, 198.00
604.10, 188.00
604.42, 192.00
604.74, 198.00
605.07, 190.00
605.39, 202.00
605.71, 188.00
606.03, 202.00
606.35, 194.00
606.67, 206.00
607.00, 206.00
607.32, 209.00
607.64, 209.00
607.96, 211.00
608.28, 217.00
608.60, 225.00
608.93, 238.00
609.25, 268.00
609.57, 315.00
609.89, 398.00
610.21, 478.00
610.53, 532.00
610.85, 543.00
611.17, 501.00
611.50, 463.00
611.82, 437.00
612.14, 421.00
612.46, 389.00
612.78, 365.00
613.10, 354.00
613.42, 328.00
613.74, 324.00
614.06, 319.00
614.38, 288.00
614.70, 279.00
615.03, 273.00
615.35, 259.00
615.67, 320.00
615.99, 248.00
616.31, 234.00
616.63, 225.00
616.95, 225.00
617.27, 216.00
617.59, 216.00
617.91, 206.00
618.23, 218.00
618.55, 209.00
618.87, 212.00
619.19, 212.00
619.51, 218.00
619.83, 210.00
620.15, 220.00
620.47, 215.00
620.79, 214.00
621.11, 222.00
621.43, 214.00
621.75, 217.00
622.07, 217.00
622.39, 210.00
622.71, 219.00
623.03, 210.00
623.35, 244.00
623.67, 210.00
623.99, 215.00
624.31, 207.00
624.63, 205.00
624.95, 203.00
625.26, 202.00
625.58, 205.00
625.90, 235.00
626.22, 206.00
626.54, 205.00
626.86, 208.00
627.18, 210.00
627.50, 210.00
627.82, 202.00
628.14, 203.00
628.46, 214.00
628.77, 209.00
629.09, 215.00
629.41, 222.00
629.73, 226.00
630.05, 231.00
630.37, 232.00
630.69, 231.00
631.00, 238.00
631.32, 223.00
631.64, 214.00
631.96, 214.00
632.28, 206.00
632.60, 201.00
632.92, 206.00
633.23, 196.00
633.55, 200.00
633.87, 191.00
634.19, 193.00
634.51, 193.00
634.82, 200.00
635.14, 186.00
635.46, 193.00
635.78, 185.00
636.10, 194.00
636.41, 195.00
636.73, 192.00
637.05, 192.00
637.37, 193.00
637.68, 190.00
638.00, 189.00
638.32, 190.00
638.64, 196.00
638.95, 204.00
639.27, 194.00
639.59, 195.00
639.91, 186.00
640.22, 194.00
640.54, 192.00
640.86, 186.00
641.18, 200.00
641.49, 209.00
641.81, 194.00
642.13, 192.00
642.44, 191.00
642.76, 194.00
643.08, 186.00
643.40, 188.00
643.71, 196.00
644.03, 189.00
644.35, 197.00
644.66, 197.00
644.98, 189.00
645.30, 190.00
645.61, 209.00
645.93, 184.00
646.25, 188.00
646.56, 191.00
646.88, 211.00
647.19, 187.00
647.51, 190.00
647.83, 180.00
648.14, 183.00
648.46, 191.00
648.78, 192.00
649.09, 192.00
649.41, 220.00
649.72, 194.00
650.04, 204.00
650.36, 204.00
650.67, 196.00
650.99, 194.00
651.30, 192.00
651.62, 200.00
651.93, 199.00
652.25, 204.00
652.57, 222.00
652.88, 192.00
653.20, 188.00
653.51, 198.00
653.83, 193.00
654.14, 192.00
654.46, 195.00
654.77, 188.00
655.09, 196.00
655.40, 195.00
655.72, 185.00
656.04, 182.00
656.35, 189.00
656.67, 189.00
656.98, 184.00
657.30, 181.00
657.61, 189.00
657.93, 193.00
658.24, 187.00
658.55, 217.00
658.87, 187.00
659.18, 189.00
659.50, 190.00
659.81, 196.00
660.13, 186.00
660.44, 187.00
660.76, 192.00
661.07, 207.00
661.39, 190.00
661.70, 193.00
662.01, 186.00
662.33, 190.00
662.64, 186.00
662.96, 184.00
663.27, 183.00
663.59, 183.00
663.90, 185.00
664.21, 179.00
664.53, 194.00
664.84, 182.00
665.16, 198.00
665.47, 186.00
665.78, 179.00
666.10, 181.00
666.41, 181.00
666.72, 186.00
667.04, 188.00
667.35, 186.00
667.67, 190.00
667.98, 183.00
668.29, 191.00
668.61, 184.00
668.92, 188.00
669.23, 186.00
669.55, 187.00
669.86, 200.00
670.17, 193.00
670.48, 186.00
670.80, 180.00
671.11, 177.00
671.42, 176.00
671.74, 185.00
672.05, 180.00
672.36, 186.00
672.68, 182.00
672.99, 188.00
673.30, 185.00
673.61, 182.00
673.93, 182.00
674.24, 189.00
674.55, 183.00
674.86, 184.00
675.18, 189.00
675.49, 189.00
675.80, 187.00
676.11, 189.00
676.43, 193.00
676.74, 185.00
677.05, 192.00
677.36, 195.00
677.67, 184.00
677.99, 185.00
678.30, 189.00
678.61, 188.00
678.92, 186.00
679.23, 189.00
679.55, 186.00
679.86, 180.00
680.17, 182.00
680.48, 188.00
680.79, 182.00
681.10, 175.00
681.42, 178.00
681.73, 177.00
682.04, 178.00
682.35, 177.00
682.66, 177.00
682.97, 177.00
683.28, 182.00
683.60, 182.00
683.91, 181.00
684.22, 196.00
684.53, 180.00
684.84, 178.00
685.15, 184.00
685.46, 196.00
685.77, 175.00
686.08, 178.00
686.40, 210.00
686.71, 181.00
687.02, 182.00
687.33, 184.00
687.64, 175.00
687.95, 179.00
688.26, 177.00
688.57, 177.00
688.88, 178.00
689.19, 173.00
689.50, 175.00
689.81, 179.00
690.12, 173.00
690.43, 190.00
690.74, 174.00
691.05, 172.00
691.36, 178.00
691.67, 171.00
691.98, 173.00
692.29, 172.00
692.60, 174.00
692.91, 179.00
693.22, 174.00
693.53, 176.00
693.84, 177.00
694.15, 175.00
694.46, 171.00
694.77, 169.00
695.08, 176.00
695.39, 177.00
695.70, 171.00
696.01, 174.00
696.32, 166.00
696.63, 176.00
696.94, 176.00
697.25, 169.00
697.56, 171.00
697.87, 173.00
698.17, 197.00
698.48, 177.00
698.79, 168.00
699.10, 170.00
699.41, 174.00
699.72, 174.00
700.03, 176.00
700.34, 167.00
700.65, 174.00
700.95, 169.00
701.26, 172.00
701.57, 175.00
701.88, 170.00
702.19, 184.00
702.50, 175.00
702.81, 177.00
703.11, 188.00
703.42, 169.00
703.73, 179.00
704.04, 172.00
704.35, 181.00
704.66, 185.00
704.96, 180.00
705.27, 203.00
705.58, 206.00
705.89, 219.00
706.20, 210.00
706.50, 202.00
706.81, 204.00
707.12, 194.00
707.43, 196.00
707.73, 203.00
708.04, 202.00
708.35, 192.00
708.66, 190.00
708.97, 190.00
709.27, 189.00
709.58, 185.00
709.89, 183.00
710.19, 183.00
710.50, 185.00
710.81, 183.00
711.12, 189.00
711.42, 189.00
711.73, 198.00
712.04, 194.00
712.35, 191.00
712.65, 185.00
712.96, 189.00
713.27, 181.00
713.57, 194.00
713.88, 196.00
714.19, 174.00
714.49, 174.00
714.80, 177.00
715.11, 168.00
715.41, 172.00
715.72, 169.00
716.03, 170.00
716.33, 177.00
716.64, 171.00
716.94, 181.00
717.25, 166.00
717.56, 177.00
717.86, 173.00
718.17, 173.00
718.48, 168.00
718.78, 173.00
719.09, 166.00
719.39, 171.00
719.70, 170.00
720.01, 166.00
720.31, 173.00
720.62, 170.00
720.92, 172.00
721.23, 170.00
721.53, 173.00
721.84, 173.00
722.15, 177.00
722.45, 172.00
722.76, 175.00
723.06, 170.00
723.37, 170.00
723.67, 169.00
723.98, 170.00
724.28, 169.00
724.59, 176.00
724.89, 172.00
725.20, 171.00
725.50, 179.00
725.81, 175.00
726.11, 174.00
726.42, 172.00
726.72, 164.00
727.03, 201.00
727.33, 171.00
727.64, 175.00
727.94, 172.00
728.25, 172.00
728.55, 170.00
728.86, 189.00
729.16, 175.00
729.46, 168.00
729.77, 176.00
730.07, 171.00
730.38, 166.00
730.68, 171.00
730.99, 178.00
731.29, 167.00
731.59, 177.00
731.90, 167.00
732.20, 167.00
732.51, 170.00
732.81, 167.00
733.11, 172.00
733.42, 167.00
733.72, 169.00
734.02, 168.00
734.33, 166.00
734.63, 169.00
734.94, 168.00
735.24, 173.00
735.54, 165.00
735.85, 172.00
736.15, 166.00
736.45, 170.00
736.76, 173.00
737.06, 169.00
737.36, 172.00
737.67, 170.00
737.97, 168.00
738.27, 167.00
738.57, 167.00
738.88, 164.00
739.18, 199.00
739.48, 172.00
739.79, 169.00
740.09, 165.00
740.39, 174.00
740.69, 177.00
741.00, 170.00
741.30, 172.00
741.60, 163.00
741.90, 173.00
742.21, 169.00
742.51, 202.00
742.81, 170.00
743.11, 176.00
743.42, 190.00
743.72, 170.00
744.02, 180.00
744.32, 177.00
744.63, 176.00
744.93, 168.00
745.23, 169.00
745.53, 178.00
745.83, 176.00
746.13, 176.00
746.44, 173.00
746.74, 178.00
747.04, 177.00
747.34, 177.00
747.64, 174.00
747.94, 179.00
748.25, 172.00
748.55, 178.00
748.85, 173.00
749.15, 184.00
749.45, 197.00
749.75, 179.00
750.05, 183.00
750.35, 172.00
750.66, 187.00
750.96, 174.00
751.26, 171.00
751.56, 176.00
751.86, 178.00
752.16, 169.00
752.46, 169.00
752.76, 174.00
753.06, 170.00
753.36, 200.00
753.66, 168.00
753.96, 172.00
754.27, 167.00
754.57, 164.00
754.87, 173.00
755.17, 176.00
755.47, 169.00
755.77, 169.00
756.07, 170.00
756.37, 172.00
756.67, 172.00
756.97, 176.00
757.27, 175.00
757.57, 177.00
757.87, 178.00
758.17, 170.00
758.47, 172.00
758.77, 180.00
759.07, 178.00
759.37, 180.00
759.67, 177.00
759.97, 176.00
760.27, 175.00
760.57, 171.00
760.86, 182.00
761.16, 174.00
761.46, 174.00
761.76, 197.00
762.06, 175.00
762.36, 179.00
762.66, 176.00
762.96, 172.00
763.26, 177.00
763.56, 190.00
763.86, 177.00
764.16, 173.00
764.45, 182.00
764.75, 177.00
765.05, 175.00
765.35, 170.00
765.65, 170.00
765.95, 170.00
766.25, 167.00
766.55, 176.00
766.84, 172.00
767.14, 169.00
767.44, 170.00
767.74, 175.00
768.04, 175.00
768.34, 171.00
768.63, 171.00
768.93, 175.00
769.23, 179.00
769.53, 175.00
769.83, 168.00
770.12, 174.00
770.42, 175.00
770.72, 173.00
771.02, 175.00
771.32, 170.00
771.61, 174.00
771.91, 174.00
772.21, 177.00
772.51, 171.00
772.80, 174.00
773.10, 172.00
773.40, 173.00
773.70, 170.00
773.99, 173.00
774.29, 177.00
774.59, 176.00
774.88, 175.00
775.18, 168.00
775.48, 185.00
775.78, 241.00
776.07, 298.00
776.37, 326.00
776.67, 325.00
776.96, 291.00
777.26, 279.00
777.56, 225.00
777.85, 216.00
778.15, 210.00
778.45, 210.00
778.74, 198.00
779.04, 192.00
779.34, 182.00
779.63, 175.00
779.93, 173.00
780.22, 170.00
780.52, 169.00
780.82, 170.00
781.11, 165.00
781.41, 167.00
781.71, 161.00
782.00, 167.00
782.30, 172.00
782.59, 174.00
782.89, 168.00
783.19, 168.00
783.48, 164.00
783.78, 162.00
784.07, 169.00
784.37, 172.00
784.66, 167.00
784.96, 171.00
785.25, 166.00
785.55, 169.00
785.84, 172.00
786.14, 167.00
786.44, 169.00
786.73, 164.00
787.03, 169.00
787.32, 165.00
787.62, 162.00
787.91, 169.00
788.21, 167.00
788.50, 162.00
788.80, 168.00
789.09, 168.00
789.39, 171.00
789.68, 166.00
789.97, 170.00
790.27, 172.00
790.56, 172.00
790.86, 172.00
791.15, 168.00
791.45, 167.00
791.74, 184.00
792.04, 165.00
792.33, 169.00
792.62, 186.00
792.92, 167.00
793.21, 164.00
793.51, 171.00
793.80, 163.00
794.09, 173.00
794.39, 164.00
794.68, 164.00
794.98, 166.00
795.27, 165.00
795.56, 167.00
795.86, 170.00
796.15, 169.00
796.44, 174.00
796.74, 168.00
797.03, 166.00
797.32, 169.00
797.62, 171.00
797.91, 173.00
798.20, 169.00
798.50, 173.00
798.79, 176.00
799.08, 171.00
799.38, 166.00
799.67, 174.00
799.96, 177.00
800.26, 186.00
800.55, 167.00
800.84, 170.00
801.13, 168.00
801.43, 170.00
801.72, 196.00
802.01, 172.00
802.30, 163.00
802.60, 171.00
802.89, 169.00
803.18, 159.00
803.47, 165.00
803.77, 170.00
804.06, 169.00
804.35, 170.00
804.64, 185.00
804.94, 167.00
805.23, 170.00
805.52, 166.00
805.81, 170.00
806.10, 163.00
806.39, 166.00
806.69, 165.00
806.98, 172.00
807.27, 163.00
807.56, 168.00
807.85, 170.00
808.14, 172.00
808.44, 177.00
808.73, 169.00
809.02, 177.00
809.31, 177.00
809.60, 173.00
809.89, 176.00
810.18, 171.00
810.48, 175.00
810.77, 172.00
811.06, 165.00
811.35, 170.00
811.64, 174.00
811.93, 180.00
812.22, 170.00
812.51, 165.00
812.80, 166.00
813.09, 166.00
813.38, 162.00
813.67, 181.00
813.96, 170.00
814.26, 166.00
814.55, 165.00
814.84, 173.00
815.13, 171.00
815.42, 170.00
815.71, 171.00
816.00, 172.00
816.29, 168.00
816.58, 170.00
816.87, 170.00
817.16, 167.00
817.45, 172.00
817.74, 168.00
818.03, 169.00
818.32, 169.00
818.61, 174.00
818.90, 171.00
819.19, 168.00
819.48, 168.00
819.76, 166.00
820.05, 168.00
820.34, 167.00
820.63, 168.00
820.92, 167.00
821.21, 167.00
821.50, 164.00
821.79, 166.00
822.08, 165.00
822.37, 170.00
822.66, 167.00
822.95, 171.00
823.23, 164.00
823.52, 181.00
823.81, 168.00
824.10, 167.00
824.39, 164.00
824.68, 161.00
824.97, 180.00
825.26, 170.00
825.54, 205.00
825.83, 166.00
826.12, 170.00
826.41, 169.00
826.70, 163.00
826.99, 170.00
827.27, 162.00
827.56, 178.00
827.85, 167.00
828.14, 164.00
828.43, 168.00
828.71, 173.00
829.00, 165.00
829.29, 168.00
829.58, 169.00
829.86, 167.00
830.15, 167.00
830.44, 165.00
830.73, 171.00
831.01, 165.00
831.30, 167.00
831.59, 170.00
831.88, 162.00
832.16, 169.00
832.45, 176.00
832.74, 168.00
833.03, 167.00
833.31, 172.00
833.60, 170.00
833.89, 169.00
834.17, 173.00
834.46, 163.00
834.75, 165.00
835.03, 164.00
835.32, 163.00
835.61, 171.00
835.89, 175.00
836.18, 173.00
836.47, 169.00
836.75, 162.00
837.04, 172.00
837.33, 171.00
837.61, 170.00
837.90, 166.00
838.19, 160.00
838.47, 166.00
838.76, 170.00
839.04, 167.00
839.33, 167.00
839.62, 165.00
839.90, 167.00
840.19, 166.00
840.47, 166.00
840.76, 185.00
841.04, 166.00
841.33, 169.00
841.62, 166.00
841.90, 168.00
842.19, 167.00
842.47, 284.00
842.76, 165.00
843.04, 166.00
843.33, 183.00
843.61, 175.00
843.90, 167.00
844.18, 177.00
844.47, 172.00
844.75, 174.00
845.04, 168.00
845.32, 171.00
845.61, 167.00
845.89, 167.00
846.18, 169.00
846.46, 166.00
846.75, 167.00
847.03, 176.00
847.32, 164.00
847.60, 170.00
847.88, 163.00
848.17, 170.00
848.45, 178.00
848.74, 167.00
849.02, 164.00
849.31, 158.00
849.59, 168.00
849.87, 169.00
850.16, 164.00
850.44, 163.00
850.73, 185.00
851.01, 165.00
851.29, 164.00
851.58, 167.00
851.86, 162.00
852.14, 165.00
852.43, 168.00
852.71, 163.00
853.00, 169.00
853.28, 170.00
853.56, 161.00
853.85, 167.00
854.13, 164.00
854.41, 163.00
854.69, 167.00
854.98, 168.00
855.26, 205.00
855.54, 165.00
855.83, 167.00
856.11, 172.00
856.39, 166.00
856.68, 168.00
856.96, 165.00
857.24, 161.00
857.52, 170.00
857.81, 167.00
858.09, 162.00
858.37, 169.00
858.65, 164.00
858.94, 165.00
859.22, 162.00
