190.05, 0.00
190.41, 157.00
190.77, 153.00
191.14, 151.00
191.50, 157.00
191.86, 172.00
192.22, 163.00
192.58, 162.00
192.94, 168.00
193.31, 154.00
193.67, 158.00
194.03, 170.00
194.39, 161.00
194.75, 158.00
195.11, 167.00
195.47, 175.00
195.84, 156.00
196.20, 164.00
196.56, 177.00
196.92, 157.00
197.28, 156.00
197.64, 159.00
198.00, 160.00
198.37, 165.00
198.73, 161.00
199.09, 155.00
199.45, 161.00
199.81, 167.00
200.17, 165.00
200.53, 161.00
200.89, 165.00
201.25, 191.00
201.62, 165.00
201.98, 159.00
202.34, 157.00
202.70, 171.00
203.06, 161.00
203.42, 163.00
203.78, 165.00
204.14, 164.00
204.50, 175.00
204.86, 173.00
205.22, 165.00
205.58, 166.00
205.95, 164.00
206.31, 161.00
206.67, 163.00
207.03, 158.00
207.39, 172.00
207.75, 163.00
208.11, 158.00
208.47, 159.00
208.83, 162.00
209.19, 166.00
209.55, 162.00
209.91, 160.00
210.27, 163.00
210.63, 162.00
210.99, 174.00
211.35, 161.00
211.71, 164.00
212.07, 164.00
212.43, 163.00
212.79, 161.00
213.15, 164.00
213.51, 170.00
213.87, 170.00
214.23, 160.00
214.59, 161.00
214.95, 167.00
215.31, 163.00
215.67, 160.00
216.03, 188.00
216.39, 163.00
216.75, 163.00
217.11, 169.00
217.47, 163.00
217.83, 162.00
218.19, 164.00
218.55, 165.00
218.91, 165.00
219.27, 163.00
219.63, 160.00
219.99, 160.00
220.35, 161.00
220.71, 163.00
221.07, 160.00
221.43, 163.00
221.79, 162.00
222.15, 165.00
222.51, 164.00
222.87, 161.00
223.23, 165.00
223.59, 160.00
223.95, 163.00
224.31, 166.00
224.67, 160.00
225.03, 168.00
225.39, 172.00
225.74, 168.00
226.10, 162.00
226.46, 164.00
226.82, 164.00
227.18, 162.00
227.54, 161.00
227.90, 165.00
228.26, 169.00
228.62, 166.00
228.98, 161.00
229.34, 156.00
229.69, 163.00
230.05, 161.00
230.41, 154.00
230.77, 169.00
231.13, 165.00
231.49, 163.00
231.85, 161.00
232.21, 166.00
232.57, 164.00
232.92, 159.00
233.28, 156.00
233.64, 166.00
234.00, 160.00
234.36, 159.00
234.72, 152.00
235.08, 163.00
235.44, 167.00
235.79, 159.00
236.15, 163.00
236.51, 163.00
236.87, 156.00
237.23, 162.00
237.59, 162.00
237.94, 168.00
238.30, 165.00
238.66, 159.00
239.02, 161.00
239.38, 157.00
239.74, 159.00
240.09, 170.00
240.45, 160.00
240.81, 156.00
241.17, 169.00
241.53, 161.00
241.89, 156.00
242.24, 149.00
242.60, 160.00
242.96, 166.00
243.32, 164.00
243.68, 157.00
244.03, 169.00
244.39, 164.00
244.75, 181.00
245.11, 159.00
245.46, 161.00
245.82, 181.00
246.18, 162.00
246.54, 162.00
246.90, 156.00
247.25, 159.00
247.61, 162.00
247.97, 189.00
248.33, 165.00
248.68, 162.00
249.04, 158.00
249.40, 163.00
249.76, 164.00
250.11, 159.00
250.47, 170.00
250.83, 167.00
251.19, 165.00
251.54, 166.00
251.90, 165.00
252.26, 164.00
252.62, 159.00
252.97, 166.00
253.33, 159.00
253.69, 165.00
254.05, 160.00
254.40, 160.00
254.76, 162.00
255.12, 180.00
255.47, 161.00
255.83, 165.00
256.19, 160.00
256.54, 162.00
256.90, 169.00
257.26, 158.00
257.62, 161.00
257.97, 162.00
258.33, 164.00
258.69, 165.00
259.04, 161.00
259.40, 164.00
259.76, 165.00
260.11, 164.00
260.47, 158.00
260.83, 161.00
261.18, 167.00
261.54, 169.00
261.90, 162.00
262.25, 162.00
262.61, 163.00
262.97, 161.00
263.32, 157.00
263.68, 164.00
264.04, 165.00
264.39, 162.00
264.75, 166.00
265.10, 164.00
265.46, 193.00
265.82, 167.00
266.17, 158.00
266.53, 167.00
266.89, 165.00
267.24, 167.00
267.60, 158.00
267.95, 161.00
268.31, 164.00
268.67, 162.00
269.02, 158.00
269.38, 162.00
269.74, 164.00
270.09, 155.00
270.45, 162.00
270.80, 175.00
271.16, 163.00
271.51, 170.00
271.87, 164.00
272.23, 166.00
272.58, 160.00
272.94, 164.00
273.29, 157.00
273.65, 201.00
274.00, 157.00
274.36, 165.00
274.72, 163.00
275.07, 158.00
275.43, 158.00
275.78, 163.00
276.14, 161.00
276.49, 164.00
276.85, 168.00
277.20, 176.00
277.56, 160.00
277.92, 155.00
278.27, 164.00
278.63, 162.00
278.98, 160.00
279.34, 158.00
279.69, 158.00
280.05, 177.00
280.40, 168.00
280.76, 171.00
281.11, 163.00
281.47, 158.00
281.82, 165.00
282.18, 161.00
282.53, 167.00
282.89, 172.00
283.24, 168.00
283.60, 169.00
283.95, 170.00
284.31, 167.00
284.66, 165.00
285.02, 166.00
285.37, 159.00
285.73, 169.00
286.08, 171.00
286.44, 160.00
286.79, 163.00
287.14, 167.00
287.50, 170.00
287.85, 162.00
288.21, 163.00
288.56, 157.00
288.92, 158.00
289.27, 156.00
289.63, 170.00
289.98, 167.00
290.34, 157.00
290.69, 170.00
291.04, 158.00
291.40, 158.00
291.75, 162.00
292.11, 160.00
292.46, 155.00
292.81, 170.00
293.17, 161.00
293.52, 164.00
293.88, 161.00
294.23, 163.00
294.59, 161.00
294.94, 162.00
295.29, 173.00
295.65, 175.00
296.00, 183.00
296.36, 172.00
296.71, 167.00
297.06, 170.00
297.42, 173.00
297.77, 170.00
298.12, 175.00
298.48, 168.00
298.83, 175.00
299.19, 168.00
299.54, 170.00
299.89, 170.00
300.25, 168.00
300.60, 169.00
300.95, 169.00
301.31, 161.00
301.66, 161.00
302.01, 163.00
302.37, 165.00
302.72, 159.00
303.07, 167.00
303.43, 169.00
303.78, 164.00
304.13, 170.00
304.49, 167.00
304.84, 174.00
305.19, 186.00
305.55, 167.00
305.90, 171.00
306.25, 181.00
306.61, 194.00
306.96, 207.00
307.31, 226.00
307.66, 263.00
308.02, 306.00
308.37, 333.00
308.72, 348.00
309.08, 347.00
309.43, 333.00
309.78, 306.00
310.13, 283.00
310.49, 269.00
310.84, 231.00
311.19, 225.00
311.54, 220.00
311.90, 204.00
312.25, 203.00
312.60, 199.00
312.95, 211.00
313.31, 217.00
313.66, 210.00
314.01, 226.00
314.36, 228.00
314.72, 228.00
315.07, 249.00
315.42, 262.00
315.77, 290.00
316.13, 242.00
316.48, 219.00
316.83, 200.00
317.18, 189.00
317.54, 177.00
317.89, 166.00
318.24, 174.00
318.59, 163.00
318.94, 165.00
319.30, 165.00
319.65, 170.00
320.00, 167.00
320.35, 164.00
320.70, 164.00
321.05, 170.00
321.41, 167.00
321.76, 171.00
322.11, 165.00
322.46, 168.00
322.81, 197.00
323.17, 169.00
323.52, 171.00
323.87, 168.00
324.22, 166.00
324.57, 163.00
324.92, 166.00
325.27, 163.00
325.63, 167.00
325.98, 169.00
326.33, 174.00
326.68, 171.00
327.03, 168.00
327.38, 169.00
327.73, 173.00
328.09, 176.00
328.44, 199.00
328.79, 174.00
329.14, 201.00
329.49, 173.00
329.84, 178.00
330.19, 179.00
330.54, 174.00
330.89, 175.00
331.25, 172.00
331.60, 173.00
331.95, 171.00
332.30, 169.00
332.65, 170.00
333.00, 173.00
333.35, 206.00
333.70, 211.00
334.05, 182.00
334.40, 188.00
334.75, 183.00
335.10, 203.00
335.45, 229.00
335.81, 260.00
336.16, 322.00
336.51, 397.00
336.86, 393.00
337.21, 376.00
337.56, 290.00
337.91, 239.00
338.26, 201.00
338.61, 186.00
338.96, 176.00
339.31, 167.00
339.66, 164.00
340.01, 174.00
340.36, 166.00
340.71, 168.00
341.06, 161.00
341.41, 167.00
341.76, 167.00
342.11, 172.00
342.46, 170.00
342.81, 175.00
343.16, 164.00
343.51, 163.00
343.86, 168.00
344.21, 170.00
344.56, 166.00
344.91, 165.00
345.26, 170.00
345.61, 171.00
345.96, 166.00
346.31, 164.00
346.66, 182.00
347.01, 162.00
347.36, 186.00
347.71, 166.00
348.06, 168.00
348.41, 179.00
348.76, 180.00
349.10, 169.00
349.45, 181.00
349.80, 174.00
350.15, 176.00
350.50, 168.00
350.85, 181.00
351.20, 175.00
351.55, 191.00
351.90, 190.00
352.25, 200.00
352.60, 211.00
352.95, 235.00
353.30, 254.00
353.64, 235.00
353.99, 215.00
354.34, 209.00
354.69, 204.00
355.04, 206.00
355.39, 214.00
355.74, 234.00
356.09, 256.00
356.44, 279.00
356.78, 320.00
357.13, 355.00
357.48, 340.00
357.83, 296.00
358.18, 254.00
358.53, 229.00
358.88, 191.00
359.22, 193.00
359.57, 164.00
359.92, 170.00
360.27, 166.00
360.62, 169.00
360.97, 171.00
361.32, 167.00
361.66, 171.00
362.01, 170.00
362.36, 167.00
362.71, 165.00
363.06, 170.00
363.40, 175.00
363.75, 167.00
364.10, 180.00
364.45, 176.00
364.80, 181.00
365.14, 179.00
365.49, 182.00
365.84, 175.00
366.19, 173.00
366.54, 172.00
366.88, 186.00
367.23, 170.00
367.58, 206.00
367.93, 167.00
368.28, 166.00
368.62, 172.00
368.97, 174.00
369.32, 181.00
369.67, 171.00
370.01, 187.00
370.36, 192.00
370.71, 203.00
371.06, 184.00
371.40, 183.00
371.75, 171.00
372.10, 170.00
372.45, 170.00
372.79, 169.00
373.14, 175.00
373.49, 177.00
373.83, 194.00
374.18, 200.00
374.53, 215.00
374.88, 230.00
375.22, 226.00
375.57, 215.00
375.92, 205.00
376.26, 190.00
376.61, 178.00
376.96, 173.00
377.30, 174.00
377.65, 188.00
378.00, 181.00
378.35, 186.00
378.69, 204.00
379.04, 208.00
379.39, 237.00
379.73, 250.00
380.08, 253.00
380.43, 230.00
380.77, 211.00
381.12, 205.00
381.47, 186.00
381.81, 182.00
382.16, 170.00
382.50, 170.00
382.85, 229.00
383.20, 172.00
383.54, 171.00
383.89, 168.00
384.24, 173.00
384.58, 178.00
384.93, 191.00
385.27, 178.00
385.62, 176.00
385.97, 183.00
386.31, 178.00
386.66, 207.00
387.00, 181.00
387.35, 184.00
387.70, 187.00
388.04, 242.00
388.39, 199.00
388.73, 223.00
389.08, 245.00
389.43, 270.00
389.77, 305.00
390.12, 352.00
390.46, 422.00
390.81, 459.00
391.15, 449.00
391.50, 376.00
391.85, 305.00
392.19, 261.00
392.54, 209.00
392.88, 191.00
393.23, 183.00
393.57, 189.00
393.92, 184.00
394.26, 180.00
394.61, 179.00
394.95, 176.00
395.30, 170.00
395.64, 164.00
395.99, 198.00
396.33, 172.00
396.68, 177.00
397.02, 170.00
397.37, 177.00
397.71, 183.00
398.06, 184.00
398.40, 192.00
398.75, 198.00
399.09, 201.00
399.44, 198.00
399.78, 188.00
400.13, 183.00
400.47, 176.00
400.82, 171.00
401.16, 172.00
401.51, 174.00
401.85, 170.00
402.20, 174.00
402.54, 175.00
402.88, 176.00
403.23, 167.00
403.57, 187.00
403.92, 202.00
404.26, 242.00
404.61, 213.00
404.95, 234.00
405.30, 202.00
405.64, 199.00
405.98, 211.00
406.33, 188.00
406.67, 180.00
407.02, 177.00
407.36, 178.00
407.70, 179.00
408.05, 176.00
408.39, 171.00
408.74, 181.00
409.08, 179.00
409.42, 179.00
409.77, 177.00
410.11, 182.00
410.46, 178.00
410.80, 177.00
411.14, 172.00
411.49, 178.00
411.83, 182.00
412.17, 179.00
412.52, 180.00
412.86, 181.00
413.20, 190.00
413.55, 179.00
413.89, 187.00
414.23, 185.00
414.58, 208.00
414.92, 168.00
415.26, 174.00
415.61, 172.00
415.95, 177.00
416.29, 170.00
416.64, 173.00
416.98, 171.00
417.32, 180.00
417.67, 196.00
418.01, 190.00
418.35, 182.00
418.70, 187.00
419.04, 208.00
419.38, 196.00
419.72, 197.00
420.07, 196.00
420.41, 180.00
420.75, 180.00
421.10, 175.00
421.44, 174.00
421.78, 174.00
422.12, 177.00
422.47, 177.00
422.81, 179.00
423.15, 186.00
423.49, 181.00
423.84, 175.00
424.18, 181.00
424.52, 184.00
424.86, 188.00
425.21, 211.00
425.55, 213.00
425.89, 224.00
426.23, 245.00
426.57, 267.00
426.92, 282.00
427.26, 287.00
427.60, 273.00
427.94, 232.00
428.28, 213.00
428.63, 198.00
428.97, 186.00
429.31, 186.00
429.65, 179.00
429.99, 183.00
430.34, 176.00
430.68, 174.00
431.02, 186.00
431.36, 175.00
431.70, 177.00
432.04, 173.00
432.39, 173.00
432.73, 179.00
433.07, 177.00
433.41, 182.00
433.75, 191.00
434.09, 185.00
434.43, 204.00
434.78, 269.00
435.12, 324.00
435.46, 349.00
435.80, 310.00
436.14, 279.00
436.48, 235.00
436.82, 223.00
437.16, 202.00
437.51, 188.00
437.85, 176.00
438.19, 214.00
438.53, 185.00
438.87, 193.00
439.21, 187.00
439.55, 190.00
439.89, 187.00
440.23, 184.00
440.57, 187.00
440.91, 183.00
441.26, 183.00
441.60, 178.00
441.94, 185.00
442.28, 183.00
442.62, 181.00
442.96, 180.00
443.30, 184.00
443.64, 179.00
443.98, 180.00
444.32, 186.00
444.66, 179.00
445.00, 176.00
445.34, 192.00
445.68, 181.00
446.02, 178.00
446.36, 185.00
446.70, 181.00
447.04, 186.00
447.38, 201.00
447.72, 184.00
448.06, 180.00
448.40, 177.00
448.74, 179.00
449.08, 184.00
449.42, 176.00
449.76, 180.00
450.10, 178.00
450.44, 180.00
450.78, 180.00
451.12, 176.00
451.46, 182.00
451.80, 185.00
452.14, 182.00
452.48, 184.00
452.82, 183.00
453.16, 180.00
453.50, 186.00
453.84, 177.00
454.18, 210.00
454.52, 180.00
454.86, 179.00
455.19, 188.00
455.53, 183.00
455.87, 184.00
456.21, 184.00
456.55, 183.00
456.89, 179.00
457.23, 183.00
457.57, 181.00
457.91, 183.00
458.25, 183.00
458.59, 189.00
458.92, 181.00
459.26, 180.00
459.60, 196.00
459.94, 185.00
460.28, 179.00
460.62, 185.00
460.96, 178.00
461.30, 176.00
461.63, 174.00
461.97, 179.00
462.31, 176.00
462.65, 184.00
462.99, 182.00
463.33, 180.00
463.67, 181.00
464.00, 180.00
464.34, 184.00
464.68, 179.00
465.02, 192.00
465.36, 188.00
465.70, 180.00
466.03, 189.00
466.37, 183.00
466.71, 183.00
467.05, 183.00
467.39, 194.00
467.72, 190.00
468.06, 194.00
468.40, 193.00
468.74, 194.00
469.08, 195.00
469.41, 199.00
469.75, 205.00
470.09, 209.00
470.43, 206.00
470.76, 206.00
471.10, 202.00
471.44, 190.00
471.78, 192.00
472.11, 181.00
472.45, 184.00
472.79, 187.00
473.13, 188.00
473.46, 192.00
473.80, 186.00
474.14, 179.00
474.48, 188.00
474.81, 178.00
475.15, 180.00
475.49, 180.00
475.82, 184.00
476.16, 185.00
476.50, 178.00
476.84, 191.00
477.17, 185.00
477.51, 185.00
477.85, 184.00
478.18, 191.00
478.52, 181.00
478.86, 222.00
479.19, 194.00
479.53, 183.00
479.87, 214.00
480.20, 190.00
480.54, 190.00
480.88, 184.00
481.21, 185.00
481.55, 190.00
481.89, 191.00
482.22, 189.00
482.56, 198.00
482.90, 201.00
483.23, 207.00
483.57, 208.00
483.90, 209.00
484.24, 215.00
484.58, 228.00
484.91, 227.00
485.25, 234.00
485.58, 237.00
485.92, 237.00
486.26, 247.00
486.59, 244.00
486.93, 244.00
487.26, 249.00
487.60, 252.00
487.94, 241.00
488.27, 244.00
488.61, 238.00
488.94, 249.00
489.28, 235.00
489.61, 238.00
489.95, 245.00
490.29, 240.00
490.62, 241.00
490.96, 232.00
491.29, 237.00
491.63, 229.00
491.96, 226.00
492.30, 224.00
492.63, 225.00
492.97, 225.00
493.30, 222.00
493.64, 218.00
493.97, 210.00
494.31, 222.00
494.64, 219.00
494.98, 215.00
495.31, 212.00
495.65, 214.00
495.98, 209.00
496.32, 205.00
496.65, 237.00
496.99, 219.00
497.32, 204.00
497.66, 201.00
497.99, 202.00
498.33, 200.00
498.66, 201.00
499.00, 200.00
499.33, 189.00
499.67, 196.00
500.00, 195.00
500.34, 201.00
500.67, 192.00
501.00, 187.00
501.34, 185.00
501.67, 189.00
502.01, 183.00
502.34, 186.00
502.68, 189.00
503.01, 185.00
503.34, 189.00
503.68, 189.00
504.01, 189.00
504.35, 182.00
504.68, 192.00
505.01, 187.00
505.35, 184.00
505.68, 188.00
506.02, 188.00
506.35, 180.00
506.68, 191.00
507.02, 189.00
507.35, 181.00
507.68, 187.00
508.02, 187.00
508.35, 186.00
508.69, 181.00
509.02, 184.00
509.35, 183.00
509.69, 183.00
510.02, 188.00
510.35, 188.00
510.69, 182.00
511.02, 186.00
511.35, 190.00
511.69, 185.00
512.02, 181.00
512.35, 186.00
512.68, 178.00
513.02, 182.00
513.35, 183.00
513.68, 185.00
514.02, 178.00
514.35, 175.00
514.68, 183.00
515.01, 184.00
515.35, 190.00
515.68, 174.00
516.01, 185.00
516.35, 177.00
516.68, 176.00
517.01, 177.00
517.34, 183.00
517.68, 177.00
518.01, 185.00
518.34, 184.00
518.67, 177.00
519.01, 180.00
519.34, 185.00
519.67, 182.00
520.00, 179.00
520.33, 181.00
520.67, 184.00
521.00, 186.00
521.33, 185.00
521.66, 189.00
522.00, 179.00
522.33, 179.00
522.66, 180.00
522.99, 183.00
523.32, 187.00
523.65, 181.00
523.99, 186.00
524.32, 181.00
524.65, 179.00
524.98, 180.00
525.31, 179.00
525.65, 203.00
525.98, 185.00
526.31, 180.00
526.64, 181.00
526.97, 185.00
527.30, 179.00
527.63, 176.00
527.97, 178.00
528.30, 179.00
528.63, 179.00
528.96, 202.00
529.29, 178.00
529.62, 184.00
529.95, 178.00
530.28, 183.00
530.61, 180.00
530.95, 177.00
531.28, 181.00
531.61, 183.00
531.94, 186.00
532.27, 189.00
532.60, 177.00
532.93, 190.00
533.26, 193.00
533.59, 190.00
533.92, 187.00
534.25, 181.00
534.58, 214.00
534.91, 187.00
535.25, 179.00
535.58, 182.00
535.91, 187.00
536.24, 193.00
536.57, 195.00
536.90, 190.00
537.23, 200.00
537.56, 235.00
537.89, 202.00
538.22, 208.00
538.55, 215.00
538.88, 229.00
539.21, 330.00
539.54, 238.00
539.87, 251.00
540.20, 273.00
540.53, 294.00
540.86, 355.00
541.19, 372.00
541.52, 403.00
541.85, 420.00
542.18, 450.00
542.51, 463.00
542.84, 466.00
543.17, 460.00
543.50, 461.00
543.82, 447.00
544.15, 446.00
544.48, 435.00
544.81, 468.00
545.14, 495.00
545.47, 459.00
545.80, 449.00
546.13, 373.00
546.46, 371.00
546.79, 332.00
547.12, 290.00
547.45, 273.00
547.78, 277.00
548.10, 262.00
548.43, 263.00
548.76, 261.00
549.09, 250.00
549.42, 241.00
549.75, 239.00
550.08, 231.00
550.41, 229.00
550.74, 232.00
551.06, 226.00
551.39, 237.00
551.72, 230.00
552.05, 222.00
552.38, 219.00
552.71, 213.00
553.03, 212.00
553.36, 212.00
553.69, 210.00
554.02, 196.00
554.35, 199.00
554.68, 189.00
555.00, 193.00
555.33, 188.00
555.66, 185.00
555.99, 198.00
556.32, 187.00
556.64, 184.00
556.97, 188.00
557.30, 182.00
557.63, 187.00
557.96, 183.00
558.28, 192.00
558.61, 187.00
558.94, 187.00
559.27, 185.00
559.59, 182.00
559.92, 182.00
560.25, 182.00
560.58, 182.00
560.90, 185.00
561.23, 180.00
561.56, 182.00
561.89, 184.00
562.21, 178.00
562.54, 179.00
562.87, 181.00
563.20, 189.00
563.52, 179.00
563.85, 174.00
564.18, 195.00
564.50, 178.00
564.83, 205.00
565.16, 223.00
565.48, 175.00
565.81, 181.00
566.14, 171.00
566.47, 178.00
566.79, 176.00
567.12, 177.00
567.45, 193.00
567.77, 173.00
568.10, 171.00
568.43, 177.00
568.75, 175.00
569.08, 181.00
569.40, 200.00
569.73, 176.00
570.06, 182.00
570.38, 171.00
570.71, 178.00
571.04, 171.00
571.36, 179.00
571.69, 177.00
572.01, 178.00
572.34, 176.00
572.67, 188.00
572.99, 180.00
573.32, 190.00
573.64, 178.00
573.97, 175.00
574.30, 176.00
574.62, 177.00
574.95, 176.00
575.27, 182.00
575.60, 188.00
575.92, 191.00
576.25, 204.00
576.58, 197.00
576.90, 192.00
577.23, 219.00
577.55, 186.00
577.88, 197.00
578.20, 198.00
578.53, 200.00
578.85, 207.00
579.18, 213.00
579.50, 206.00
579.83, 201.00
580.15, 200.00
580.48, 207.00
580.80, 209.00
581.13, 206.00
581.45, 211.00
581.78, 210.00
582.10, 212.00
582.43, 221.00
582.75, 225.00
583.08, 216.00
583.40, 217.00
583.73, 274.00
584.05, 225.00
584.38, 214.00
584.70, 249.00
585.03, 218.00
585.35, 221.00
585.67, 220.00
586.00, 225.00
586.32, 245.00
586.65, 250.00
586.97, 246.00
587.30, 244.00
587.62, 229.00
587.94, 243.00
588.27, 220.00
588.59, 221.00
588.92, 216.00
589.24, 207.00
589.56, 223.00
589.89, 213.00
590.21, 206.00
590.54, 201.00
590.86, 204.00
591.18, 198.00
591.51, 203.00
591.83, 216.00
592.15, 208.00
592.48, 215.00
592.80, 213.00
593.13, 206.00
593.45, 209.00
593.77, 204.00
594.10, 206.00
594.42, 201.00
594.74, 198.00
595.07, 192.00
595.39, 189.00
595.71, 194.00
596.03, 197.00
596.36, 190.00
596.68, 193.00
597.00, 192.00
597.33, 192.00
597.65, 200.00
597.97, 203.00
598.30, 203.00
598.62, 205.00
598.94, 201.00
599.26, 198.00
599.59, 202.00
599.91, 201.00
600.23, 193.00
600.55, 197.00
600.88, 190.00
601.20, 186.00
601.52, 188.00
601.84, 194.00
602.17, 185.00
602.49, 183.00
602.81, 184.00
603.13, 186.00
603.45, 187.00
603.78, 182.00
604.10, 179.00
604.42, 182.00
604.74, 181.00
605.07, 186.00
605.39, 186.00
605.71, 187.00
606.03, 183.00
606.35, 183.00
606.67, 198.00
607.00, 194.00
607.32, 188.00
607.64, 196.00
607.96, 190.00
608.28, 202.00
608.60, 206.00
608.93, 228.00
609.25, 249.00
609.57, 291.00
609.89, 371.00
610.21, 439.00
610.53, 472.00
610.85, 479.00
611.17, 460.00
611.50, 415.00
611.82, 397.00
612.14, 370.00
612.46, 352.00
612.78, 331.00
613.10, 316.00
613.42, 292.00
613.74, 288.00
614.06, 302.00
614.38, 267.00
614.70, 255.00
615.03, 251.00
615.35, 249.00
615.67, 307.00
615.99, 221.00
616.31, 222.00
616.63, 213.00
616.95, 203.00
617.27, 206.00
617.59, 204.00
617.91, 207.00
618.23, 209.00
618.55, 204.00
618.87, 202.00
619.19, 203.00
619.51, 200.00
619.83, 200.00
620.15, 207.00
620.47, 205.00
620.79, 204.00
621.11, 204.00
621.43, 199.00
621.75, 207.00
622.07, 199.00
622.39, 199.00
622.71, 194.00
623.03, 194.00
623.35, 226.00
623.67, 200.00
623.99, 188.00
624.31, 191.00
624.63, 197.00
624.95, 196.00
625.26, 192.00
625.58, 195.00
625.90, 210.00
626.22, 192.00
626.54, 194.00
626.86, 192.00
627.18, 191.00
627.50, 190.00
627.82, 190.00
628.14, 192.00
628.46, 197.00
628.77, 193.00
629.09, 201.00
629.41, 200.00
629.73, 210.00
630.05, 221.00
630.37, 216.00
630.69, 223.00
631.00, 214.00
631.32, 210.00
631.64, 197.00
631.96, 192.00
632.28, 189.00
632.60, 187.00
632.92, 184.00
633.23, 185.00
633.55, 182.00
633.87, 184.00
634.19, 185.00
634.51, 182.00
634.82, 185.00
635.14, 185.00
635.46, 185.00
635.78, 177.00
636.10, 182.00
636.41, 180.00
636.73, 175.00
637.05, 177.00
637.37, 181.00
637.68, 180.00
638.00, 178.00
638.32, 185.00
638.64, 182.00
638.95, 196.00
639.27, 191.00
639.59, 187.00
639.91, 181.00
640.22, 179.00
640.54, 185.00
640.86, 176.00
641.18, 189.00
641.49, 200.00
641.81, 180.00
642.13, 183.00
642.44, 175.00
642.76, 178.00
643.08, 168.00
643.40, 180.00
643.71, 183.00
644.03, 184.00
644.35, 179.00
644.66, 178.00
644.98, 192.00
645.30, 184.00
645.61, 198.00
645.93, 177.00
646.25, 178.00
646.56, 182.00
646.88, 199.00
647.19, 172.00
647.51, 184.00
647.83, 180.00
648.14, 178.00
648.46, 175.00
648.78, 177.00
649.09, 180.00
649.41, 210.00
649.72, 182.00
650.04, 184.00
650.36, 179.00
650.67, 179.00
650.99, 184.00
651.30, 181.00
651.62, 179.00
651.93, 185.00
652.25, 189.00
652.57, 215.00
652.88, 181.00
653.20, 182.00
653.51, 177.00
653.83, 182.00
654.14, 175.00
654.46, 179.00
654.77, 177.00
655.09, 175.00
655.40, 188.00
655.72, 174.00
656.04, 172.00
656.35, 178.00
656.67, 168.00
656.98, 171.00
657.30, 166.00
657.61, 170.00
657.93, 174.00
658.24, 179.00
658.55, 205.00
658.87, 173.00
659.18, 177.00
659.50, 175.00
659.81, 176.00
660.13, 177.00
660.44, 172.00
660.76, 172.00
661.07, 193.00
661.39, 175.00
661.70, 176.00
662.01, 176.00
662.33, 176.00
662.64, 179.00
662.96, 176.00
663.27, 170.00
663.59, 165.00
663.90, 176.00
664.21, 168.00
664.53, 188.00
664.84, 174.00
665.16, 185.00
665.47, 170.00
665.78, 167.00
666.10, 174.00
666.41, 176.00
666.72, 176.00
667.04, 177.00
667.35, 178.00
667.67, 172.00
667.98, 173.00
668.29, 176.00
668.61, 177.00
668.92, 173.00
669.23, 170.00
669.55, 173.00
669.86, 192.00
670.17, 172.00
670.48, 175.00
670.80, 172.00
671.11, 161.00
671.42, 172.00
671.74, 174.00
672.05, 166.00
672.36, 172.00
672.68, 167.00
672.99, 173.00
673.30, 167.00
673.61, 175.00
673.93, 171.00
674.24, 162.00
674.55, 174.00
674.86, 168.00
675.18, 172.00
675.49, 176.00
675.80, 173.00
676.11, 174.00
676.43, 176.00
676.74, 174.00
677.05, 175.00
677.36, 180.00
677.67, 174.00
677.99, 173.00
678.30, 178.00
678.61, 180.00
678.92, 174.00
679.23, 174.00
679.55, 173.00
679.86, 173.00
680.17, 172.00
680.48, 175.00
680.79, 177.00
681.10, 168.00
681.42, 176.00
681.73, 172.00
682.04, 169.00
682.35, 169.00
682.66, 172.00
682.97, 169.00
683.28, 168.00
683.60, 171.00
683.91, 169.00
684.22, 185.00
684.53, 167.00
684.84, 167.00
685.15, 170.00
685.46, 189.00
685.77, 175.00
686.08, 174.00
686.40, 200.00
686.71, 174.00
687.02, 177.00
687.33, 175.00
687.64, 171.00
687.95, 171.00
688.26, 166.00
688.57, 167.00
688.88, 170.00
689.19, 168.00
689.50, 169.00
689.81, 171.00
690.12, 163.00
690.43, 172.00
690.74, 172.00
691.05, 161.00
691.36, 180.00
691.67, 165.00
691.98, 169.00
692.29, 169.00
692.60, 173.00
692.91, 174.00
693.22, 170.00
693.53, 166.00
693.84, 171.00
694.15, 173.00
694.46, 165.00
694.77, 161.00
695.08, 166.00
695.39, 171.00
695.70, 165.00
696.01, 165.00
696.32, 161.00
696.63, 164.00
696.94, 167.00
697.25, 165.00
697.56, 167.00
697.87, 171.00
698.17, 195.00
698.48, 170.00
698.79, 165.00
699.10, 166.00
699.41, 165.00
699.72, 164.00
700.03, 166.00
700.34, 163.00
700.65, 169.00
700.95, 168.00
701.26, 163.00
701.57, 167.00
701.88, 163.00
702.19, 173.00
702.50, 167.00
702.81, 165.00
703.11, 184.00
703.42, 165.00
703.73, 170.00
704.04, 171.00
704.35, 177.00
704.66, 172.00
704.96, 184.00
705.27, 204.00
705.58, 215.00
705.89, 219.00
706.20, 212.00
706.50, 207.00
706.81, 205.00
707.12, 200.00
707.43, 199.00
707.73, 205.00
708.04, 194.00
708.35, 200.00
708.66, 183.00
708.97, 185.00
709.27, 184.00
709.58, 177.00
709.89, 178.00
710.19, 173.00
710.50, 175.00
710.81, 178.00
711.12, 184.00
711.42, 182.00
711.73, 184.00
712.04, 182.00
712.35, 178.00
712.65, 175.00
712.96, 174.00
713.27, 164.00
713.57, 185.00
713.88, 182.00
714.19, 168.00
714.49, 164.00
714.80, 168.00
715.11, 166.00
715.41, 163.00
715.72, 165.00
716.03, 158.00
716.33, 174.00
716.64, 164.00
716.94, 164.00
717.25, 165.00
717.56, 176.00
717.86, 168.00
718.17, 164.00
718.48, 163.00
718.78, 164.00
719.09, 163.00
719.39, 162.00
719.70, 169.00
720.01, 163.00
720.31, 164.00
720.62, 163.00
720.92, 167.00
721.23, 167.00
721.53, 165.00
721.84, 164.00
722.15, 170.00
722.45, 168.00
722.76, 166.00
723.06, 167.00
723.37, 162.00
723.67, 159.00
723.98, 163.00
724.28, 161.00
724.59, 169.00
724.89, 171.00
725.20, 160.00
725.50, 174.00
725.81, 167.00
726.11, 163.00
726.42, 168.00
726.72, 164.00
727.03, 197.00
727.33, 169.00
727.64, 171.00
727.94, 164.00
728.25, 164.00
728.55, 163.00
728.86, 184.00
729.16, 167.00
729.46, 164.00
729.77, 166.00
730.07, 159.00
730.38, 163.00
730.68, 159.00
730.99, 173.00
731.29, 156.00
731.59, 169.00
731.90, 167.00
732.20, 162.00
732.51, 165.00
732.81, 165.00
733.11, 169.00
733.42, 167.00
733.72, 166.00
734.02, 164.00
734.33, 160.00
734.63, 170.00
734.94, 167.00
735.24, 165.00
735.54, 168.00
735.85, 160.00
736.15, 163.00
736.45, 160.00
736.76, 164.00
737.06, 165.00
737.36, 165.00
737.67, 171.00
737.97, 163.00
738.27, 164.00
738.57, 170.00
738.88, 159.00
739.18, 191.00
739.48, 163.00
739.79, 165.00
740.09, 166.00
740.39, 171.00
740.69, 172.00
741.00, 159.00
741.30, 174.00
741.60, 166.00
741.90, 161.00
742.21, 160.00
742.51, 196.00
742.81, 159.00
743.11, 163.00
743.42, 176.00
743.72, 169.00
744.02, 169.00
744.32, 162.00
744.63, 165.00
744.93, 160.00
745.23, 163.00
745.53, 171.00
745.83, 163.00
746.13, 166.00
746.44, 166.00
746.74, 164.00
747.04, 167.00
747.34, 166.00
747.64, 166.00
747.94, 166.00
748.25, 170.00
748.55, 168.00
748.85, 167.00
749.15, 166.00
749.45, 193.00
749.75, 173.00
750.05, 171.00
750.35, 168.00
750.66, 175.00
750.96, 169.00
751.26, 161.00
751.56, 164.00
751.86, 172.00
752.16, 162.00
752.46, 162.00
752.76, 157.00
753.06, 165.00
753.36, 197.00
753.66, 155.00
753.96, 164.00
754.27, 163.00
754.57, 162.00
754.87, 162.00
755.17, 161.00
755.47, 160.00
755.77, 163.00
756.07, 160.00
756.37, 162.00
756.67, 163.00
756.97, 166.00
757.27, 170.00
757.57, 162.00
757.87, 166.00
758.17, 167.00
758.47, 167.00
758.77, 170.00
759.07, 168.00
759.37, 172.00
759.67, 168.00
759.97, 167.00
760.27, 163.00
760.57, 166.00
760.86, 165.00
761.16, 165.00
761.46, 165.00
761.76, 183.00
762.06, 164.00
762.36, 172.00
762.66, 166.00
762.96, 162.00
763.26, 171.00
763.56, 185.00
763.86, 172.00
764.16, 164.00
764.45, 174.00
764.75, 166.00
765.05, 168.00
765.35, 164.00
765.65, 164.00
765.95, 165.00
766.25, 165.00
766.55, 172.00
766.84, 168.00
767.14, 168.00
767.44, 162.00
767.74, 165.00
768.04, 164.00
768.34, 164.00
768.63, 167.00
768.93, 170.00
769.23, 166.00
769.53, 157.00
769.83, 166.00
770.12, 170.00
770.42, 165.00
770.72, 169.00
771.02, 170.00
771.32, 165.00
771.61, 168.00
771.91, 164.00
772.21, 169.00
772.51, 164.00
772.80, 163.00
773.10, 161.00
773.40, 168.00
773.70, 159.00
773.99, 165.00
774.29, 167.00
774.59, 169.00
774.88, 169.00
775.18, 169.00
775.48, 187.00
775.78, 236.00
776.07, 267.00
776.37, 289.00
776.67, 285.00
776.96, 249.00
777.26, 267.00
777.56, 209.00
777.85, 208.00
778.15, 206.00
778.45, 204.00
778.74, 195.00
779.04, 181.00
779.34, 174.00
779.63, 173.00
779.93, 167.00
780.22, 166.00
780.52, 164.00
780.82, 158.00
781.11, 161.00
781.41, 162.00
781.71, 160.00
782.00, 162.00
782.30, 163.00
782.59, 168.00
782.89, 163.00
783.19, 160.00
783.48, 158.00
783.78, 163.00
784.07, 166.00
784.37, 166.00
784.66, 165.00
784.96, 160.00
785.25, 159.00
785.55, 163.00
785.84, 161.00
786.14, 161.00
786.44, 160.00
786.73, 167.00
787.03, 158.00
787.32, 167.00
787.62, 162.00
787.91, 156.00
788.21, 163.00
788.50, 164.00
788.80, 160.00
789.09, 164.00
789.39, 169.00
789.68, 161.00
789.97, 165.00
790.27, 164.00
790.56, 163.00
790.86, 165.00
791.15, 157.00
791.45, 157.00
791.74, 175.00
792.04, 163.00
792.33, 155.00
792.62, 183.00
792.92, 158.00
793.21, 160.00
793.51, 170.00
793.80, 164.00
794.09, 158.00
794.39, 162.00
794.68, 158.00
794.98, 161.00
795.27, 161.00
795.56, 157.00
795.86, 162.00
796.15, 166.00
796.44, 168.00
796.74, 162.00
797.03, 162.00
797.32, 162.00
797.62, 159.00
797.91, 165.00
798.20, 157.00
798.50, 169.00
798.79, 177.00
799.08, 164.00
799.38, 163.00
799.67, 153.00
799.96, 171.00
800.26, 184.00
800.55, 164.00
800.84, 164.00
801.13, 161.00
801.43, 162.00
801.72, 195.00
802.01, 162.00
802.30, 157.00
802.60, 161.00
802.89, 162.00
803.18, 162.00
803.47, 162.00
803.77, 161.00
804.06, 160.00
804.35, 161.00
804.64, 175.00
804.94, 164.00
805.23, 165.00
805.52, 166.00
805.81, 165.00
806.10, 160.00
806.39, 161.00
806.69, 156.00
806.98, 161.00
807.27, 159.00
807.56, 166.00
807.85, 163.00
808.14, 164.00
808.44, 167.00
808.73, 165.00
809.02, 175.00
809.31, 162.00
809.60, 169.00
809.89, 168.00
810.18, 164.00
810.48, 173.00
810.77, 158.00
811.06, 165.00
811.35, 157.00
811.64, 162.00
811.93, 174.00
812.22, 161.00
812.51, 164.00
812.80, 162.00
813.09, 158.00
813.38, 163.00
813.67, 177.00
813.96, 161.00
814.26, 162.00
814.55, 161.00
814.84, 160.00
815.13, 162.00
815.42, 162.00
815.71, 162.00
816.00, 158.00
816.29, 166.00
816.58, 163.00
816.87, 158.00
817.16, 156.00
817.45, 165.00
817.74, 162.00
818.03, 162.00
818.32, 159.00
818.61, 161.00
818.90, 163.00
819.19, 157.00
819.48, 163.00
819.76, 154.00
820.05, 156.00
820.34, 165.00
820.63, 162.00
820.92, 156.00
821.21, 157.00
821.50, 161.00
821.79, 161.00
822.08, 159.00
822.37, 164.00
822.66, 158.00
822.95, 169.00
823.23, 162.00
823.52, 177.00
823.81, 166.00
824.10, 158.00
824.39, 164.00
824.68, 161.00
824.97, 170.00
825.26, 159.00
825.54, 196.00
825.83, 159.00
826.12, 160.00
826.41, 157.00
826.70, 162.00
826.99, 169.00
827.27, 161.00
827.56, 178.00
827.85, 157.00
828.14, 159.00
828.43, 161.00
828.71, 163.00
829.00, 164.00
829.29, 163.00
829.58, 163.00
829.86, 165.00
830.15, 157.00
830.44, 165.00
830.73, 164.00
831.01, 158.00
831.30, 159.00
831.59, 159.00
831.88, 157.00
832.16, 162.00
832.45, 168.00
832.74, 165.00
833.03, 157.00
833.31, 167.00
833.60, 161.00
833.89, 160.00
834.17, 165.00
834.46, 161.00
834.75, 161.00
835.03, 162.00
835.32, 160.00
835.61, 163.00
835.89, 173.00
836.18, 162.00
836.47, 161.00
836.75, 161.00
837.04, 167.00
837.33, 162.00
837.61, 160.00
837.90, 160.00
838.19, 162.00
838.47, 160.00
838.76, 162.00
839.04, 155.00
839.33, 158.00
839.62, 159.00
839.90, 160.00
840.19, 160.00
840.47, 162.00
840.76, 187.00
841.04, 158.00
841.33, 165.00
841.62, 164.00
841.90, 160.00
842.19, 157.00
842.47, 187.00
842.76, 160.00
843.04, 165.00
843.33, 178.00
843.61, 174.00
843.90, 161.00
844.18, 163.00
844.47, 167.00
844.75, 169.00
845.04, 163.00
845.32, 161.00
845.61, 163.00
845.89, 159.00
846.18, 159.00
846.46, 163.00
846.75, 162.00
847.03, 169.00
847.32, 161.00
847.60, 159.00
847.88, 163.00
848.17, 162.00
848.45, 176.00
848.74, 162.00
849.02, 161.00
849.31, 165.00
849.59, 164.00
849.87, 163.00
850.16, 152.00
850.44, 167.00
850.73, 179.00
851.01, 166.00
851.29, 158.00
851.58, 164.00
851.86, 160.00
852.14, 162.00
852.43, 168.00
852.71, 164.00
853.00, 161.00
853.28, 166.00
853.56, 166.00
853.85, 161.00
854.13, 154.00
854.41, 161.00
854.69, 164.00
854.98, 161.00
855.26, 201.00
855.54, 155.00
855.83, 158.00
856.11, 159.00
856.39, 156.00
856.68, 161.00
856.96, 158.00
857.24, 161.00
857.52, 168.00
857.81, 159.00
858.09, 154.00
858.37, 159.00
858.65, 164.00
858.94, 157.00
859.22, 158.00
