190.05, 0.00
190.41, 156.00
190.77, 154.00
191.14, 155.00
191.50, 156.00
191.86, 177.00
192.22, 166.00
192.58, 166.00
192.94, 165.00
193.31, 164.00
193.67, 161.00
194.03, 167.00
194.39, 164.00
194.75, 163.00
195.11, 167.00
195.47, 188.00
195.84, 162.00
196.20, 161.00
196.56, 176.00
196.92, 163.00
197.28, 163.00
197.64, 156.00
198.00, 156.00
198.37, 164.00
198.73, 167.00
199.09, 166.00
199.45, 163.00
199.81, 165.00
200.17, 171.00
200.53, 164.00
200.89, 170.00
201.25, 194.00
201.62, 162.00
201.98, 164.00
202.34, 167.00
202.70, 168.00
203.06, 169.00
203.42, 162.00
203.78, 165.00
204.14, 161.00
204.50, 178.00
204.86, 169.00
205.22, 166.00
205.58, 169.00
205.95, 169.00
206.31, 164.00
206.67, 165.00
207.03, 179.00
207.39, 170.00
207.75, 162.00
208.11, 168.00
208.47, 158.00
208.83, 164.00
209.19, 168.00
209.55, 160.00
209.91, 167.00
210.27, 168.00
210.63, 159.00
210.99, 172.00
211.35, 165.00
211.71, 170.00
212.07, 167.00
212.43, 167.00
212.79, 169.00
213.15, 166.00
213.51, 165.00
213.87, 168.00
214.23, 166.00
214.59, 164.00
214.95, 161.00
215.31, 166.00
215.67, 168.00
216.03, 191.00
216.39, 167.00
216.75, 162.00
217.11, 168.00
217.47, 166.00
217.83, 161.00
218.19, 167.00
218.55, 160.00
218.91, 168.00
219.27, 166.00
219.63, 161.00
219.99, 167.00
220.35, 165.00
220.71, 173.00
221.07, 166.00
221.43, 166.00
221.79, 169.00
222.15, 166.00
222.51, 165.00
222.87, 165.00
223.23, 165.00
223.59, 165.00
223.95, 166.00
224.31, 166.00
224.67, 164.00
225.03, 169.00
225.39, 169.00
225.74, 168.00
226.10, 165.00
226.46, 165.00
226.82, 167.00
227.18, 164.00
227.54, 167.00
227.90, 167.00
228.26, 164.00
228.62, 166.00
228.98, 159.00
229.34, 155.00
229.69, 168.00
230.05, 169.00
230.41, 164.00
230.77, 170.00
231.13, 162.00
231.49, 167.00
231.85, 162.00
232.21, 168.00
232.57, 168.00
232.92, 160.00
233.28, 162.00
233.64, 167.00
234.00, 160.00
234.36, 155.00
234.72, 164.00
235.08, 165.00
235.44, 171.00
235.79, 165.00
236.15, 170.00
236.51, 159.00
236.87, 164.00
237.23, 162.00
237.59, 165.00
237.94, 163.00
238.30, 162.00
238.66, 165.00
239.02, 165.00
239.38, 162.00
239.74, 159.00
240.09, 172.00
240.45, 162.00
240.81, 160.00
241.17, 162.00
241.53, 171.00
241.89, 163.00
242.24, 168.00
242.60, 169.00
242.96, 163.00
243.32, 163.00
243.68, 158.00
244.03, 162.00
244.39, 166.00
244.75, 177.00
245.11, 164.00
245.46, 171.00
245.82, 179.00
246.18, 168.00
246.54, 168.00
246.90, 156.00
247.25, 158.00
247.61, 163.00
247.97, 193.00
248.33, 159.00
248.68, 159.00
249.04, 161.00
249.40, 162.00
249.76, 165.00
250.11, 159.00
250.47, 164.00
250.83, 167.00
251.19, 166.00
251.54, 173.00
251.90, 165.00
252.26, 158.00
252.62, 164.00
252.97, 166.00
253.33, 163.00
253.69, 161.00
254.05, 168.00
254.40, 162.00
254.76, 158.00
255.12, 183.00
255.47, 164.00
255.83, 169.00
256.19, 163.00
256.54, 166.00
256.90, 164.00
257.26, 165.00
257.62, 165.00
257.97, 163.00
258.33, 170.00
258.69, 166.00
259.04, 161.00
259.40, 165.00
259.76, 166.00
260.11, 159.00
260.47, 169.00
260.83, 171.00
261.18, 161.00
261.54, 174.00
261.90, 170.00
262.25, 159.00
262.61, 158.00
262.97, 162.00
263.32, 162.00
263.68, 162.00
264.04, 163.00
264.39, 163.00
264.75, 159.00
265.10, 165.00
265.46, 193.00
265.82, 174.00
266.17, 160.00
266.53, 165.00
266.89, 164.00
267.24, 168.00
267.60, 159.00
267.95, 162.00
268.31, 165.00
268.67, 161.00
269.02, 160.00
269.38, 165.00
269.74, 169.00
270.09, 159.00
270.45, 160.00
270.80, 187.00
271.16, 165.00
271.51, 171.00
271.87, 169.00
272.23, 166.00
272.58, 172.00
272.94, 163.00
273.29, 160.00
273.65, 194.00
274.00, 163.00
274.36, 168.00
274.72, 164.00
275.07, 168.00
275.43, 163.00
275.78, 162.00
276.14, 171.00
276.49, 167.00
276.85, 174.00
277.20, 183.00
277.56, 167.00
277.92, 159.00
278.27, 165.00
278.63, 173.00
278.98, 158.00
279.34, 160.00
279.69, 165.00
280.05, 180.00
280.40, 165.00
280.76, 177.00
281.11, 166.00
281.47, 164.00
281.82, 161.00
282.18, 168.00
282.53, 175.00
282.89, 168.00
283.24, 168.00
283.60, 170.00
283.95, 163.00
284.31, 164.00
284.66, 168.00
285.02, 167.00
285.37, 171.00
285.73, 166.00
286.08, 169.00
286.44, 163.00
286.79, 171.00
287.14, 167.00
287.50, 168.00
287.85, 168.00
288.21, 171.00
288.56, 165.00
288.92, 164.00
289.27, 162.00
289.63, 161.00
289.98, 169.00
290.34, 163.00
290.69, 170.00
291.04, 167.00
291.40, 163.00
291.75, 164.00
292.11, 164.00
292.46, 165.00
292.81, 173.00
293.17, 163.00
293.52, 163.00
293.88, 164.00
294.23, 168.00
294.59, 163.00
294.94, 170.00
295.29, 171.00
295.65, 169.00
296.00, 189.00
296.36, 171.00
296.71, 167.00
297.06, 175.00
297.42, 176.00
297.77, 174.00
298.12, 179.00
298.48, 179.00
298.83, 173.00
299.19, 168.00
299.54, 163.00
299.89, 166.00
300.25, 168.00
300.60, 177.00
300.95, 169.00
301.31, 166.00
301.66, 166.00
302.01, 162.00
302.37, 163.00
302.72, 167.00
303.07, 160.00
303.43, 169.00
303.78, 166.00
304.13, 166.00
304.49, 168.00
304.84, 175.00
305.19, 198.00
305.55, 171.00
305.90, 180.00
306.25, 187.00
306.61, 206.00
306.96, 228.00
307.31, 260.00
307.66, 317.00
308.02, 386.00
308.37, 425.00
308.72, 438.00
309.08, 447.00
309.43, 422.00
309.78, 379.00
310.13, 333.00
310.49, 311.00
310.84, 262.00
311.19, 251.00
311.54, 221.00
311.90, 211.00
312.25, 207.00
312.60, 211.00
312.95, 229.00
313.31, 233.00
313.66, 235.00
314.01, 240.00
314.36, 248.00
314.72, 252.00
315.07, 280.00
315.42, 293.00
315.77, 323.00
316.13, 269.00
316.48, 230.00
316.83, 203.00
317.18, 193.00
317.54, 180.00
317.89, 182.00
318.24, 173.00
318.59, 169.00
318.94, 171.00
319.30, 171.00
319.65, 172.00
320.00, 167.00
320.35, 170.00
320.70, 163.00
321.05, 168.00
321.41, 168.00
321.76, 179.00
322.11, 166.00
322.46, 172.00
322.81, 200.00
323.17, 171.00
323.52, 173.00
323.87, 168.00
324.22, 167.00
324.57, 176.00
324.92, 168.00
325.27, 176.00
325.63, 174.00
325.98, 170.00
326.33, 178.00
326.68, 175.00
327.03, 173.00
327.38, 171.00
327.73, 175.00
328.09, 184.00
328.44, 193.00
328.79, 175.00
329.14, 209.00
329.49, 188.00
329.84, 180.00
330.19, 186.00
330.54, 177.00
330.89, 178.00
331.25, 178.00
331.60, 170.00
331.95, 183.00
332.30, 173.00
332.65, 177.00
333.00, 182.00
333.35, 213.00
333.70, 213.00
334.05, 179.00
334.40, 189.00
334.75, 189.00
335.10, 215.00
335.45, 241.00
335.81, 296.00
336.16, 393.00
336.51, 491.00
336.86, 500.00
337.21, 451.00
337.56, 340.00
337.91, 267.00
338.26, 210.00
338.61, 187.00
338.96, 178.00
339.31, 169.00
339.66, 172.00
340.01, 173.00
340.36, 175.00
340.71, 174.00
341.06, 172.00
341.41, 175.00
341.76, 169.00
342.11, 176.00
342.46, 176.00
342.81, 171.00
343.16, 172.00
343.51, 172.00
343.86, 172.00
344.21, 170.00
344.56, 167.00
344.91, 164.00
345.26, 178.00
345.61, 168.00
345.96, 167.00
346.31, 168.00
346.66, 182.00
347.01, 167.00
347.36, 184.00
347.71, 174.00
348.06, 173.00
348.41, 178.00
348.76, 181.00
349.10, 176.00
349.45, 185.00
349.80, 175.00
350.15, 178.00
350.50, 174.00
350.85, 183.00
351.20, 177.00
351.55, 195.00
351.90, 199.00
352.25, 211.00
352.60, 227.00
352.95, 258.00
353.30, 271.00
353.64, 251.00
353.99, 229.00
354.34, 222.00
354.69, 213.00
355.04, 226.00
355.39, 245.00
355.74, 277.00
356.09, 313.00
356.44, 358.00
356.78, 424.00
357.13, 450.00
357.48, 424.00
357.83, 364.00
358.18, 287.00
358.53, 242.00
358.88, 199.00
359.22, 194.00
359.57, 174.00
359.92, 174.00
360.27, 178.00
360.62, 171.00
360.97, 175.00
361.32, 177.00
361.66, 175.00
362.01, 172.00
362.36, 176.00
362.71, 179.00
363.06, 180.00
363.40, 177.00
363.75, 174.00
364.10, 179.00
364.45, 182.00
364.80, 181.00
365.14, 175.00
365.49, 184.00
365.84, 179.00
366.19, 175.00
366.54, 173.00
366.88, 200.00
367.23, 171.00
367.58, 211.00
367.93, 170.00
368.28, 174.00
368.62, 172.00
368.97, 173.00
369.32, 183.00
369.67, 177.00
370.01, 190.00
370.36, 190.00
370.71, 205.00
371.06, 189.00
371.40, 185.00
371.75, 178.00
372.10, 177.00
372.45, 174.00
372.79, 173.00
373.14, 184.00
373.49, 189.00
373.83, 202.00
374.18, 215.00
374.53, 234.00
374.88, 233.00
375.22, 246.00
375.57, 217.00
375.92, 203.00
376.26, 192.00
376.61, 179.00
376.96, 171.00
377.30, 183.00
377.65, 177.00
378.00, 176.00
378.35, 196.00
378.69, 211.00
379.04, 224.00
379.39, 260.00
379.73, 290.00
380.08, 292.00
380.43, 253.00
380.77, 225.00
381.12, 215.00
381.47, 198.00
381.81, 183.00
382.16, 179.00
382.50, 178.00
382.85, 236.00
383.20, 178.00
383.54, 181.00
383.89, 184.00
384.24, 187.00
384.58, 185.00
384.93, 196.00
385.27, 198.00
385.62, 201.00
385.97, 200.00
386.31, 198.00
386.66, 224.00
387.00, 197.00
387.35, 203.00
387.70, 216.00
388.04, 285.00
388.39, 281.00
388.73, 366.00
389.08, 492.00
389.43, 648.00
389.77, 823.00
390.12, 1096.00
390.46, 1505.00
390.81, 1609.00
391.15, 1533.00
391.50, 1135.00
391.85, 773.00
392.19, 540.00
392.54, 356.00
392.88, 247.00
393.23, 206.00
393.57, 200.00
393.92, 190.00
394.26, 183.00
394.61, 182.00
394.95, 177.00
395.30, 173.00
395.64, 166.00
395.99, 196.00
396.33, 171.00
396.68, 174.00
397.02, 174.00
397.37, 175.00
397.71, 181.00
398.06, 179.00
398.40, 189.00
398.75, 202.00
399.09, 203.00
399.44, 203.00
399.78, 194.00
400.13, 185.00
400.47, 172.00
400.82, 178.00
401.16, 163.00
401.51, 175.00
401.85, 169.00
402.20, 169.00
402.54, 171.00
402.88, 175.00
403.23, 176.00
403.57, 185.00
403.92, 202.00
404.26, 257.00
404.61, 218.00
404.95, 247.00
405.30, 229.00
405.64, 211.00
405.98, 220.00
406.33, 196.00
406.67, 178.00
407.02, 173.00
407.36, 175.00
407.70, 184.00
408.05, 183.00
408.39, 185.00
408.74, 183.00
409.08, 182.00
409.42, 180.00
409.77, 181.00
410.11, 186.00
410.46, 176.00
410.80, 177.00
411.14, 182.00
411.49, 179.00
411.83, 189.00
412.17, 185.00
412.52, 178.00
412.86, 196.00
413.20, 190.00
413.55, 180.00
413.89, 186.00
414.23, 181.00
414.58, 211.00
414.92, 176.00
415.26, 174.00
415.61, 177.00
415.95, 173.00
416.29, 178.00
416.64, 172.00
416.98, 185.00
417.32, 184.00
417.67, 199.00
418.01, 194.00
418.35, 195.00
418.70, 210.00
419.04, 221.00
419.38, 204.00
419.72, 211.00
420.07, 199.00
420.41, 191.00
420.75, 185.00
421.10, 178.00
421.44, 179.00
421.78, 178.00
422.12, 179.00
422.47, 184.00
422.81, 191.00
423.15, 194.00
423.49, 192.00
423.84, 195.00
424.18, 199.00
424.52, 213.00
424.86, 252.00
425.21, 302.00
425.55, 340.00
425.89, 394.00
426.23, 473.00
426.57, 620.00
426.92, 665.00
427.26, 709.00
427.60, 606.00
427.94, 460.00
428.28, 355.00
428.63, 293.00
428.97, 236.00
429.31, 208.00
429.65, 188.00
429.99, 184.00
430.34, 176.00
430.68, 179.00
431.02, 184.00
431.36, 171.00
431.70, 173.00
432.04, 174.00
432.39, 172.00
432.73, 182.00
433.07, 185.00
433.41, 186.00
433.75, 188.00
434.09, 190.00
434.43, 206.00
434.78, 275.00
435.12, 320.00
435.46, 360.00
435.80, 325.00
436.14, 303.00
436.48, 263.00
436.82, 246.00
437.16, 223.00
437.51, 203.00
437.85, 192.00
438.19, 218.00
438.53, 187.00
438.87, 199.00
439.21, 185.00
439.55, 189.00
439.89, 190.00
440.23, 196.00
440.57, 192.00
440.91, 192.00
441.26, 193.00
441.60, 186.00
441.94, 183.00
442.28, 186.00
442.62, 183.00
442.96, 188.00
443.30, 182.00
443.64, 183.00
443.98, 183.00
444.32, 185.00
444.66, 178.00
445.00, 187.00
445.34, 188.00
445.68, 176.00
446.02, 188.00
446.36, 178.00
446.70, 177.00
447.04, 185.00
447.38, 201.00
447.72, 179.00
448.06, 178.00
448.40, 182.00
448.74, 182.00
449.08, 180.00
449.42, 178.00
449.76, 181.00
450.10, 185.00
450.44, 176.00
450.78, 173.00
451.12, 176.00
451.46, 180.00
451.80, 181.00
452.14, 178.00
452.48, 180.00
452.82, 176.00
453.16, 178.00
453.50, 180.00
453.84, 177.00
454.18, 207.00
454.52, 179.00
454.86, 175.00
455.19, 191.00
455.53, 176.00
455.87, 185.00
456.21, 185.00
456.55, 175.00
456.89, 187.00
457.23, 182.00
457.57, 177.00
457.91, 181.00
458.25, 188.00
458.59, 193.00
458.92, 195.00
459.26, 195.00
459.60, 196.00
459.94, 187.00
460.28, 186.00
460.62, 182.00
460.96, 178.00
461.30, 174.00
461.63, 179.00
461.97, 180.00
462.31, 171.00
462.65, 179.00
462.99, 181.00
463.33, 180.00
463.67, 178.00
464.00, 189.00
464.34, 184.00
464.68, 180.00
465.02, 197.00
465.36, 192.00
465.70, 185.00
466.03, 193.00
466.37, 178.00
466.71, 193.00
467.05, 192.00
467.39, 212.00
467.72, 211.00
468.06, 214.00
468.40, 233.00
468.74, 246.00
469.08, 245.00
469.41, 276.00
469.75, 292.00
470.09, 324.00
470.43, 321.00
470.76, 280.00
471.10, 260.00
471.44, 240.00
471.78, 224.00
472.11, 214.00
472.45, 209.00
472.79, 197.00
473.13, 198.00
473.46, 194.00
473.80, 195.00
474.14, 186.00
474.48, 189.00
474.81, 186.00
475.15, 183.00
475.49, 190.00
475.82, 179.00
476.16, 190.00
476.50, 185.00
476.84, 186.00
477.17, 178.00
477.51, 179.00
477.85, 182.00
478.18, 190.00
478.52, 175.00
478.86, 216.00
479.19, 183.00
479.53, 180.00
479.87, 216.00
480.20, 183.00
480.54, 189.00
480.88, 180.00
481.21, 184.00
481.55, 185.00
481.89, 184.00
482.22, 187.00
482.56, 202.00
482.90, 197.00
483.23, 203.00
483.57, 205.00
483.90, 217.00
484.24, 214.00
484.58, 225.00
484.91, 232.00
485.25, 235.00
485.58, 235.00
485.92, 246.00
486.26, 253.00
486.59, 247.00
486.93, 246.00
487.26, 251.00
487.60, 250.00
487.94, 250.00
488.27, 238.00
488.61, 242.00
488.94, 246.00
489.28, 242.00
489.61, 240.00
489.95, 233.00
490.29, 234.00
490.62, 239.00
490.96, 237.00
491.29, 235.00
491.63, 235.00
491.96, 231.00
492.30, 231.00
492.63, 228.00
492.97, 217.00
493.30, 222.00
493.64, 218.00
493.97, 215.00
494.31, 209.00
494.64, 223.00
494.98, 215.00
495.31, 216.00
495.65, 210.00
495.98, 209.00
496.32, 212.00
496.65, 233.00
496.99, 206.00
497.32, 204.00
497.66, 199.00
497.99, 204.00
498.33, 198.00
498.66, 198.00
499.00, 190.00
499.33, 189.00
499.67, 193.00
500.00, 187.00
500.34, 196.00
500.67, 196.00
501.00, 193.00
501.34, 187.00
501.67, 187.00
502.01, 183.00
502.34, 186.00
502.68, 194.00
503.01, 192.00
503.34, 195.00
503.68, 186.00
504.01, 187.00
504.35, 191.00
504.68, 188.00
505.01, 187.00
505.35, 191.00
505.68, 187.00
506.02, 193.00
506.35, 190.00
506.68, 197.00
507.02, 185.00
507.35, 185.00
507.68, 189.00
508.02, 190.00
508.35, 190.00
508.69, 187.00
509.02, 186.00
509.35, 186.00
509.69, 182.00
510.02, 192.00
510.35, 183.00
510.69, 181.00
511.02, 179.00
511.35, 182.00
511.69, 184.00
512.02, 180.00
512.35, 191.00
512.68, 180.00
513.02, 183.00
513.35, 176.00
513.68, 179.00
514.02, 182.00
514.35, 180.00
514.68, 181.00
515.01, 179.00
515.35, 184.00
515.68, 173.00
516.01, 175.00
516.35, 172.00
516.68, 174.00
517.01, 174.00
517.34, 183.00
517.68, 181.00
518.01, 182.00
518.34, 179.00
518.67, 179.00
519.01, 181.00
519.34, 189.00
519.67, 193.00
520.00, 184.00
520.33, 192.00
520.67, 186.00
521.00, 179.00
521.33, 189.00
521.66, 198.00
522.00, 204.00
522.33, 200.00
522.66, 186.00
522.99, 185.00
523.32, 189.00
523.65, 186.00
523.99, 185.00
524.32, 186.00
524.65, 192.00
524.98, 187.00
525.31, 179.00
525.65, 208.00
525.98, 188.00
526.31, 188.00
526.64, 186.00
526.97, 188.00
527.30, 184.00
527.63, 172.00
527.97, 175.00
528.30, 176.00
528.63, 182.00
528.96, 202.00
529.29, 170.00
529.62, 181.00
529.95, 173.00
530.28, 179.00
530.61, 170.00
530.95, 172.00
531.28, 179.00
531.61, 185.00
531.94, 190.00
532.27, 190.00
532.60, 195.00
532.93, 195.00
533.26, 186.00
533.59, 182.00
533.92, 187.00
534.25, 179.00
534.58, 209.00
534.91, 190.00
535.25, 176.00
535.58, 176.00
535.91, 176.00
536.24, 186.00
536.57, 195.00
536.90, 184.00
537.23, 198.00
537.56, 226.00
537.89, 205.00
538.22, 212.00
538.55, 213.00
538.88, 222.00
539.21, 305.00
539.54, 240.00
539.87, 248.00
540.20, 273.00
540.53, 304.00
540.86, 371.00
541.19, 374.00
541.52, 422.00
541.85, 442.00
542.18, 462.00
542.51, 499.00
542.84, 497.00
543.17, 504.00
543.50, 493.00
543.82, 486.00
544.15, 458.00
544.48, 461.00
544.81, 502.00
545.14, 513.00
545.47, 483.00
545.80, 473.00
546.13, 401.00
546.46, 398.00
546.79, 346.00
547.12, 305.00
547.45, 293.00
547.78, 287.00
548.10, 274.00
548.43, 272.00
548.76, 269.00
549.09, 262.00
549.42, 258.00
549.75, 247.00
550.08, 249.00
550.41, 244.00
550.74, 249.00
551.06, 242.00
551.39, 243.00
551.72, 228.00
552.05, 233.00
552.38, 226.00
552.71, 216.00
553.03, 222.00
553.36, 214.00
553.69, 209.00
554.02, 201.00
554.35, 202.00
554.68, 189.00
555.00, 200.00
555.33, 198.00
555.66, 189.00
555.99, 205.00
556.32, 198.00
556.64, 200.00
556.97, 206.00
557.30, 197.00
557.63, 200.00
557.96, 207.00
558.28, 195.00
558.61, 202.00
558.94, 203.00
559.27, 197.00
559.59, 194.00
559.92, 199.00
560.25, 196.00
560.58, 198.00
560.90, 200.00
561.23, 197.00
561.56, 188.00
561.89, 191.00
562.21, 194.00
562.54, 185.00
562.87, 184.00
563.20, 186.00
563.52, 182.00
563.85, 179.00
564.18, 192.00
564.50, 179.00
564.83, 199.00
565.16, 224.00
565.48, 169.00
565.81, 184.00
566.14, 170.00
566.47, 175.00
566.79, 179.00
567.12, 174.00
567.45, 200.00
567.77, 175.00
568.10, 180.00
568.43, 180.00
568.75, 172.00
569.08, 180.00
569.40, 203.00
569.73, 181.00
570.06, 170.00
570.38, 169.00
570.71, 173.00
571.04, 174.00
571.36, 180.00
571.69, 177.00
572.01, 173.00
572.34, 175.00
572.67, 176.00
572.99, 171.00
573.32, 185.00
573.64, 170.00
573.97, 177.00
574.30, 171.00
574.62, 181.00
574.95, 174.00
575.27, 180.00
575.60, 186.00
575.92, 189.00
576.25, 190.00
576.58, 200.00
576.90, 190.00
577.23, 211.00
577.55, 191.00
577.88, 192.00
578.20, 202.00
578.53, 204.00
578.85, 209.00
579.18, 211.00
579.50, 210.00
579.83, 212.00
580.15, 215.00
580.48, 212.00
580.80, 211.00
581.13, 213.00
581.45, 214.00
581.78, 211.00
582.10, 223.00
582.43, 226.00
582.75, 228.00
583.08, 229.00
583.40, 225.00
583.73, 280.00
584.05, 221.00
584.38, 223.00
584.70, 252.00
585.03, 221.00
585.35, 218.00
585.67, 222.00
586.00, 240.00
586.32, 260.00
586.65, 262.00
586.97, 262.00
587.30, 257.00
587.62, 247.00
587.94, 247.00
588.27, 231.00
588.59, 226.00
588.92, 219.00
589.24, 215.00
589.56, 220.00
589.89, 220.00
590.21, 210.00
590.54, 205.00
590.86, 207.00
591.18, 209.00
591.51, 210.00
591.83, 222.00
592.15, 221.00
592.48, 222.00
592.80, 215.00
593.13, 212.00
593.45, 213.00
593.77, 214.00
594.10, 209.00
594.42, 205.00
594.74, 202.00
595.07, 205.00
595.39, 203.00
595.71, 207.00
596.03, 211.00
596.36, 207.00
596.68, 206.00
597.00, 213.00
597.33, 210.00
597.65, 215.00
597.97, 220.00
598.30, 213.00
598.62, 217.00
598.94, 214.00
599.26, 223.00
599.59, 220.00
599.91, 218.00
600.23, 216.00
600.55, 208.00
600.88, 210.00
601.20, 201.00
601.52, 199.00
601.84, 197.00
602.17, 194.00
602.49, 195.00
602.81, 188.00
603.13, 182.00
603.45, 196.00
603.78, 196.00
604.10, 185.00
604.42, 188.00
604.74, 186.00
605.07, 184.00
605.39, 184.00
605.71, 184.00
606.03, 189.00
606.35, 183.00
606.67, 194.00
607.00, 197.00
607.32, 196.00
607.64, 202.00
607.96, 201.00
608.28, 202.00
608.60, 211.00
608.93, 230.00
609.25, 265.00
609.57, 311.00
609.89, 389.00
610.21, 466.00
610.53, 505.00
610.85, 520.00
611.17, 483.00
611.50, 456.00
611.82, 439.00
612.14, 400.00
612.46, 381.00
612.78, 354.00
613.10, 337.00
613.42, 308.00
613.74, 309.00
614.06, 321.00
614.38, 290.00
614.70, 290.00
615.03, 283.00
615.35, 272.00
615.67, 329.00
615.99, 239.00
616.31, 232.00
616.63, 225.00
616.95, 225.00
617.27, 214.00
617.59, 205.00
617.91, 206.00
618.23, 211.00
618.55, 205.00
618.87, 207.00
619.19, 206.00
619.51, 207.00
619.83, 204.00
620.15, 205.00
620.47, 209.00
620.79, 206.00
621.11, 210.00
621.43, 201.00
621.75, 213.00
622.07, 209.00
622.39, 200.00
622.71, 196.00
623.03, 206.00
623.35, 235.00
623.67, 204.00
623.99, 198.00
624.31, 199.00
624.63, 206.00
624.95, 193.00
625.26, 196.00
625.58, 198.00
625.90, 215.00
626.22, 198.00
626.54, 196.00
626.86, 191.00
627.18, 197.00
627.50, 198.00
627.82, 191.00
628.14, 194.00
628.46, 203.00
628.77, 198.00
629.09, 209.00
629.41, 206.00
629.73, 217.00
630.05, 221.00
630.37, 219.00
630.69, 224.00
631.00, 219.00
631.32, 212.00
631.64, 206.00
631.96, 202.00
632.28, 195.00
632.60, 196.00
632.92, 189.00
633.23, 191.00
633.55, 188.00
633.87, 186.00
634.19, 190.00
634.51, 196.00
634.82, 196.00
635.14, 195.00
635.46, 192.00
635.78, 192.00
636.10, 193.00
636.41, 193.00
636.73, 198.00
637.05, 190.00
637.37, 192.00
637.68, 190.00
638.00, 191.00
638.32, 191.00
638.64, 196.00
638.95, 207.00
639.27, 200.00
639.59, 197.00
639.91, 193.00
640.22, 194.00
640.54, 197.00
640.86, 194.00
641.18, 196.00
641.49, 200.00
641.81, 188.00
642.13, 193.00
642.44, 184.00
642.76, 181.00
643.08, 179.00
643.40, 179.00
643.71, 177.00
644.03, 185.00
644.35, 189.00
644.66, 192.00
644.98, 182.00
645.30, 181.00
645.61, 189.00
645.93, 178.00
646.25, 183.00
646.56, 187.00
646.88, 201.00
647.19, 173.00
647.51, 184.00
647.83, 177.00
648.14, 175.00
648.46, 177.00
648.78, 173.00
649.09, 177.00
649.41, 209.00
649.72, 176.00
650.04, 181.00
650.36, 185.00
650.67, 174.00
650.99, 186.00
651.30, 179.00
651.62, 182.00
651.93, 178.00
652.25, 193.00
652.57, 210.00
652.88, 181.00
653.20, 183.00
653.51, 185.00
653.83, 178.00
654.14, 176.00
654.46, 184.00
654.77, 164.00
655.09, 174.00
655.40, 183.00
655.72, 181.00
656.04, 171.00
656.35, 180.00
656.67, 178.00
656.98, 178.00
657.30, 173.00
657.61, 172.00
657.93, 174.00
658.24, 175.00
658.55, 201.00
658.87, 175.00
659.18, 177.00
659.50, 177.00
659.81, 180.00
660.13, 180.00
660.44, 175.00
660.76, 179.00
661.07, 191.00
661.39, 179.00
661.70, 176.00
662.01, 180.00
662.33, 180.00
662.64, 179.00
662.96, 173.00
663.27, 176.00
663.59, 176.00
663.90, 171.00
664.21, 171.00
664.53, 184.00
664.84, 169.00
665.16, 194.00
665.47, 172.00
665.78, 172.00
666.10, 179.00
666.41, 182.00
666.72, 183.00
667.04, 191.00
667.35, 190.00
667.67, 179.00
667.98, 179.00
668.29, 176.00
668.61, 186.00
668.92, 174.00
669.23, 179.00
669.55, 181.00
669.86, 201.00
670.17, 174.00
670.48, 173.00
670.80, 172.00
671.11, 171.00
671.42, 171.00
671.74, 176.00
672.05, 173.00
672.36, 169.00
672.68, 172.00
672.99, 170.00
673.30, 174.00
673.61, 173.00
673.93, 169.00
674.24, 171.00
674.55, 170.00
674.86, 170.00
675.18, 173.00
675.49, 178.00
675.80, 174.00
676.11, 171.00
676.43, 176.00
676.74, 176.00
677.05, 169.00
677.36, 178.00
677.67, 174.00
677.99, 176.00
678.30, 173.00
678.61, 175.00
678.92, 172.00
679.23, 180.00
679.55, 174.00
679.86, 179.00
680.17, 182.00
680.48, 177.00
680.79, 174.00
681.10, 173.00
681.42, 176.00
681.73, 176.00
682.04, 171.00
682.35, 172.00
682.66, 175.00
682.97, 177.00
683.28, 178.00
683.60, 177.00
683.91, 172.00
684.22, 186.00
684.53, 171.00
684.84, 168.00
685.15, 171.00
685.46, 195.00
685.77, 165.00
686.08, 172.00
686.40, 204.00
686.71, 179.00
687.02, 178.00
687.33, 173.00
687.64, 171.00
687.95, 174.00
688.26, 167.00
688.57, 169.00
688.88, 173.00
689.19, 168.00
689.50, 167.00
689.81, 168.00
690.12, 165.00
690.43, 187.00
690.74, 164.00
691.05, 165.00
691.36, 178.00
691.67, 174.00
691.98, 166.00
692.29, 170.00
692.60, 167.00
692.91, 171.00
693.22, 170.00
693.53, 164.00
693.84, 176.00
694.15, 162.00
694.46, 165.00
694.77, 173.00
695.08, 164.00
695.39, 183.00
695.70, 165.00
696.01, 167.00
696.32, 170.00
696.63, 168.00
696.94, 168.00
697.25, 166.00
697.56, 171.00
697.87, 170.00
698.17, 194.00
698.48, 166.00
698.79, 167.00
699.10, 161.00
699.41, 172.00
699.72, 164.00
700.03, 165.00
700.34, 168.00
700.65, 169.00
700.95, 162.00
701.26, 176.00
701.57, 162.00
701.88, 170.00
702.19, 178.00
702.50, 170.00
702.81, 168.00
703.11, 184.00
703.42, 167.00
703.73, 170.00
704.04, 177.00
704.35, 179.00
704.66, 191.00
704.96, 221.00
705.27, 281.00
705.58, 307.00
705.89, 320.00
706.20, 286.00
706.50, 276.00
706.81, 257.00
707.12, 246.00
707.43, 227.00
707.73, 212.00
708.04, 200.00
708.35, 193.00
708.66, 185.00
708.97, 186.00
709.27, 180.00
709.58, 179.00
709.89, 177.00
710.19, 174.00
710.50, 173.00
710.81, 178.00
711.12, 184.00
711.42, 182.00
711.73, 187.00
712.04, 183.00
712.35, 187.00
712.65, 175.00
712.96, 182.00
713.27, 176.00
713.57, 191.00
713.88, 184.00
714.19, 168.00
714.49, 165.00
714.80, 172.00
715.11, 169.00
715.41, 158.00
715.72, 163.00
716.03, 152.00
716.33, 168.00
716.64, 162.00
716.94, 163.00
717.25, 164.00
717.56, 175.00
717.86, 166.00
718.17, 162.00
718.48, 164.00
718.78, 160.00
719.09, 166.00
719.39, 165.00
719.70, 161.00
720.01, 162.00
720.31, 163.00
720.62, 163.00
720.92, 166.00
721.23, 168.00
721.53, 169.00
721.84, 165.00
722.15, 167.00
722.45, 163.00
722.76, 167.00
723.06, 166.00
723.37, 164.00
723.67, 164.00
723.98, 164.00
724.28, 166.00
724.59, 171.00
724.89, 170.00
725.20, 171.00
725.50, 167.00
725.81, 166.00
726.11, 162.00
726.42, 174.00
726.72, 166.00
727.03, 198.00
727.33, 168.00
727.64, 179.00
727.94, 168.00
728.25, 167.00
728.55, 166.00
728.86, 185.00
729.16, 168.00
729.46, 170.00
729.77, 168.00
730.07, 162.00
730.38, 164.00
730.68, 163.00
730.99, 171.00
731.29, 169.00
731.59, 167.00
731.90, 168.00
732.20, 164.00
732.51, 169.00
732.81, 163.00
733.11, 168.00
733.42, 167.00
733.72, 161.00
734.02, 171.00
734.33, 164.00
734.63, 161.00
734.94, 168.00
735.24, 164.00
735.54, 165.00
735.85, 162.00
736.15, 162.00
736.45, 164.00
736.76, 163.00
737.06, 162.00
737.36, 166.00
737.67, 164.00
737.97, 166.00
738.27, 164.00
738.57, 166.00
738.88, 162.00
739.18, 196.00
739.48, 166.00
739.79, 167.00
740.09, 166.00
740.39, 167.00
740.69, 175.00
741.00, 165.00
741.30, 170.00
741.60, 163.00
741.90, 170.00
742.21, 172.00
742.51, 199.00
742.81, 165.00
743.11, 168.00
743.42, 180.00
743.72, 167.00
744.02, 168.00
744.32, 161.00
744.63, 169.00
744.93, 171.00
745.23, 170.00
745.53, 174.00
745.83, 167.00
746.13, 168.00
746.44, 164.00
746.74, 163.00
747.04, 164.00
747.34, 165.00
747.64, 165.00
747.94, 168.00
748.25, 169.00
748.55, 165.00
748.85, 165.00
749.15, 169.00
749.45, 190.00
749.75, 175.00
750.05, 176.00
750.35, 168.00
750.66, 184.00
750.96, 170.00
751.26, 166.00
751.56, 163.00
751.86, 169.00
752.16, 165.00
752.46, 164.00
752.76, 165.00
753.06, 161.00
753.36, 195.00
753.66, 160.00
753.96, 161.00
754.27, 161.00
754.57, 166.00
754.87, 163.00
755.17, 156.00
755.47, 161.00
755.77, 159.00
756.07, 164.00
756.37, 164.00
756.67, 170.00
756.97, 162.00
757.27, 168.00
757.57, 167.00
757.87, 161.00
758.17, 163.00
758.47, 172.00
758.77, 168.00
759.07, 165.00
759.37, 165.00
759.67, 164.00
759.97, 168.00
760.27, 168.00
760.57, 161.00
760.86, 163.00
761.16, 163.00
761.46, 161.00
761.76, 186.00
762.06, 162.00
762.36, 173.00
762.66, 163.00
762.96, 164.00
763.26, 165.00
763.56, 187.00
763.86, 172.00
764.16, 164.00
764.45, 179.00
764.75, 162.00
765.05, 163.00
765.35, 169.00
765.65, 166.00
765.95, 164.00
766.25, 167.00
766.55, 167.00
766.84, 169.00
767.14, 163.00
767.44, 159.00
767.74, 167.00
768.04, 170.00
768.34, 167.00
768.63, 167.00
768.93, 166.00
769.23, 171.00
769.53, 166.00
769.83, 168.00
770.12, 172.00
770.42, 168.00
770.72, 172.00
771.02, 167.00
771.32, 165.00
771.61, 166.00
771.91, 174.00
772.21, 165.00
772.51, 166.00
772.80, 169.00
773.10, 170.00
773.40, 172.00
773.70, 166.00
773.99, 167.00
774.29, 174.00
774.59, 168.00
774.88, 168.00
775.18, 173.00
775.48, 209.00
775.78, 298.00
776.07, 401.00
776.37, 447.00
776.67, 435.00
776.96, 355.00
777.26, 333.00
777.56, 267.00
777.85, 252.00
778.15, 242.00
778.45, 225.00
778.74, 217.00
779.04, 200.00
779.34, 189.00
779.63, 181.00
779.93, 171.00
780.22, 169.00
780.52, 167.00
780.82, 163.00
781.11, 167.00
781.41, 165.00
781.71, 170.00
782.00, 170.00
782.30, 166.00
782.59, 169.00
782.89, 168.00
783.19, 162.00
783.48, 163.00
783.78, 166.00
784.07, 167.00
784.37, 165.00
784.66, 161.00
784.96, 160.00
785.25, 163.00
785.55, 163.00
785.84, 165.00
786.14, 161.00
786.44, 160.00
786.73, 168.00
787.03, 164.00
787.32, 163.00
787.62, 164.00
787.91, 160.00
788.21, 164.00
788.50, 163.00
788.80, 166.00
789.09, 165.00
789.39, 165.00
789.68, 162.00
789.97, 167.00
790.27, 168.00
790.56, 163.00
790.86, 171.00
791.15, 163.00
791.45, 162.00
791.74, 178.00
792.04, 166.00
792.33, 158.00
792.62, 182.00
792.92, 163.00
793.21, 162.00
793.51, 171.00
793.80, 162.00
794.09, 165.00
794.39, 161.00
794.68, 164.00
794.98, 160.00
795.27, 163.00
795.56, 162.00
795.86, 167.00
796.15, 159.00
796.44, 169.00
796.74, 159.00
797.03, 162.00
797.32, 159.00
797.62, 165.00
797.91, 171.00
798.20, 163.00
798.50, 168.00
798.79, 172.00
799.08, 165.00
799.38, 164.00
799.67, 160.00
799.96, 169.00
800.26, 180.00
800.55, 161.00
800.84, 167.00
801.13, 163.00
801.43, 163.00
801.72, 193.00
802.01, 161.00
802.30, 166.00
802.60, 161.00
802.89, 159.00
803.18, 161.00
803.47, 157.00
803.77, 169.00
804.06, 164.00
804.35, 164.00
804.64, 177.00
804.94, 164.00
805.23, 161.00
805.52, 154.00
805.81, 165.00
806.10, 160.00
806.39, 162.00
806.69, 161.00
806.98, 165.00
807.27, 164.00
807.56, 166.00
807.85, 162.00
808.14, 166.00
808.44, 171.00
808.73, 165.00
809.02, 178.00
809.31, 166.00
809.60, 168.00
809.89, 170.00
810.18, 165.00
810.48, 173.00
810.77, 167.00
811.06, 162.00
811.35, 164.00
811.64, 165.00
811.93, 181.00
812.22, 167.00
812.51, 162.00
812.80, 161.00
813.09, 164.00
813.38, 165.00
813.67, 179.00
813.96, 165.00
814.26, 160.00
814.55, 162.00
814.84, 161.00
815.13, 167.00
815.42, 165.00
815.71, 170.00
816.00, 161.00
816.29, 168.00
816.58, 168.00
816.87, 161.00
817.16, 162.00
817.45, 175.00
817.74, 167.00
818.03, 173.00
818.32, 166.00
818.61, 167.00
818.90, 167.00
819.19, 167.00
819.48, 162.00
819.76, 170.00
820.05, 169.00
820.34, 166.00
820.63, 166.00
820.92, 168.00
821.21, 165.00
821.50, 166.00
821.79, 163.00
822.08, 161.00
822.37, 170.00
822.66, 164.00
822.95, 163.00
823.23, 162.00
823.52, 179.00
823.81, 158.00
824.10, 161.00
824.39, 163.00
824.68, 166.00
824.97, 176.00
825.26, 162.00
825.54, 195.00
825.83, 164.00
826.12, 164.00
826.41, 166.00
826.70, 164.00
826.99, 169.00
827.27, 167.00
827.56, 179.00
827.85, 168.00
828.14, 167.00
828.43, 164.00
828.71, 165.00
829.00, 163.00
829.29, 163.00
829.58, 162.00
829.86, 162.00
830.15, 161.00
830.44, 163.00
830.73, 161.00
831.01, 162.00
831.30, 163.00
831.59, 160.00
831.88, 158.00
832.16, 163.00
832.45, 163.00
832.74, 163.00
833.03, 156.00
833.31, 164.00
833.60, 160.00
833.89, 159.00
834.17, 161.00
834.46, 159.00
834.75, 162.00
835.03, 162.00
835.32, 164.00
835.61, 160.00
835.89, 170.00
836.18, 166.00
836.47, 164.00
836.75, 165.00
837.04, 163.00
837.33, 169.00
837.61, 161.00
837.90, 162.00
838.19, 161.00
838.47, 163.00
838.76, 164.00
839.04, 159.00
839.33, 164.00
839.62, 156.00
839.90, 162.00
840.19, 161.00
840.47, 159.00
840.76, 177.00
841.04, 162.00
841.33, 165.00
841.62, 159.00
841.90, 163.00
842.19, 166.00
842.47, 270.00
842.76, 161.00
843.04, 166.00
843.33, 179.00
843.61, 172.00
843.90, 165.00
844.18, 177.00
844.47, 173.00
844.75, 176.00
845.04, 166.00
845.32, 168.00
845.61, 171.00
845.89, 163.00
846.18, 168.00
846.46, 168.00
846.75, 164.00
847.03, 174.00
847.32, 164.00
847.60, 159.00
847.88, 163.00
848.17, 165.00
848.45, 176.00
848.74, 165.00
849.02, 165.00
849.31, 159.00
849.59, 155.00
849.87, 162.00
850.16, 161.00
850.44, 168.00
850.73, 182.00
851.01, 166.00
851.29, 164.00
851.58, 163.00
851.86, 160.00
852.14, 161.00
852.43, 161.00
852.71, 163.00
853.00, 161.00
853.28, 167.00
853.56, 168.00
853.85, 162.00
854.13, 165.00
854.41, 162.00
854.69, 170.00
854.98, 168.00
855.26, 204.00
855.54, 162.00
855.83, 159.00
856.11, 167.00
856.39, 163.00
856.68, 167.00
856.96, 163.00
857.24, 162.00
857.52, 163.00
857.81, 166.00
858.09, 167.00
858.37, 164.00
858.65, 162.00
858.94, 163.00
859.22, 159.00
