190.05, 0.00
190.41, 152.00
190.77, 152.00
191.14, 159.00
191.50, 157.00
191.86, 172.00
192.22, 163.00
192.58, 167.00
192.94, 158.00
193.31, 158.00
193.67, 163.00
194.03, 169.00
194.39, 163.00
194.75, 165.00
195.11, 169.00
195.47, 176.00
195.84, 166.00
196.20, 164.00
196.56, 169.00
196.92, 167.00
197.28, 163.00
197.64, 156.00
198.00, 162.00
198.37, 162.00
198.73, 164.00
199.09, 161.00
199.45, 163.00
199.81, 162.00
200.17, 165.00
200.53, 159.00
200.89, 170.00
201.25, 188.00
201.62, 163.00
201.98, 160.00
202.34, 162.00
202.70, 166.00
203.06, 163.00
203.42, 161.00
203.78, 164.00
204.14, 163.00
204.50, 177.00
204.86, 172.00
205.22, 168.00
205.58, 166.00
205.95, 163.00
206.31, 162.00
206.67, 168.00
207.03, 163.00
207.39, 171.00
207.75, 164.00
208.11, 172.00
208.47, 164.00
208.83, 168.00
209.19, 165.00
209.55, 164.00
209.91, 165.00
210.27, 168.00
210.63, 169.00
210.99, 175.00
211.35, 166.00
211.71, 168.00
212.07, 160.00
212.43, 162.00
212.79, 161.00
213.15, 164.00
213.51, 167.00
213.87, 173.00
214.23, 161.00
214.59, 169.00
214.95, 162.00
215.31, 159.00
215.67, 168.00
216.03, 180.00
216.39, 155.00
216.75, 162.00
217.11, 169.00
217.47, 161.00
217.83, 162.00
218.19, 166.00
218.55, 167.00
218.91, 167.00
219.27, 163.00
219.63, 165.00
219.99, 164.00
220.35, 163.00
220.71, 174.00
221.07, 168.00
221.43, 165.00
221.79, 160.00
222.15, 163.00
222.51, 162.00
222.87, 166.00
223.23, 163.00
223.59, 165.00
223.95, 161.00
224.31, 161.00
224.67, 157.00
225.03, 163.00
225.39, 173.00
225.74, 160.00
226.10, 163.00
226.46, 168.00
226.82, 161.00
227.18, 166.00
227.54, 167.00
227.90, 169.00
228.26, 166.00
228.62, 171.00
228.98, 159.00
229.34, 160.00
229.69, 162.00
230.05, 163.00
230.41, 163.00
230.77, 163.00
231.13, 163.00
231.49, 162.00
231.85, 157.00
232.21, 165.00
232.57, 167.00
232.92, 159.00
233.28, 158.00
233.64, 166.00
234.00, 159.00
234.36, 162.00
234.72, 160.00
235.08, 163.00
235.44, 166.00
235.79, 163.00
236.15, 165.00
236.51, 161.00
236.87, 161.00
237.23, 161.00
237.59, 162.00
237.94, 166.00
238.30, 164.00
238.66, 158.00
239.02, 157.00
239.38, 159.00
239.74, 162.00
240.09, 170.00
240.45, 161.00
240.81, 161.00
241.17, 164.00
241.53, 160.00
241.89, 163.00
242.24, 160.00
242.60, 160.00
242.96, 162.00
243.32, 166.00
243.68, 162.00
244.03, 165.00
244.39, 161.00
244.75, 178.00
245.11, 163.00
245.46, 168.00
245.82, 186.00
246.18, 161.00
246.54, 163.00
246.90, 159.00
247.25, 164.00
247.61, 159.00
247.97, 192.00
248.33, 158.00
248.68, 161.00
249.04, 158.00
249.40, 160.00
249.76, 165.00
250.11, 161.00
250.47, 164.00
250.83, 161.00
251.19, 165.00
251.54, 167.00
251.90, 164.00
252.26, 165.00
252.62, 160.00
252.97, 162.00
253.33, 163.00
253.69, 162.00
254.05, 166.00
254.40, 160.00
254.76, 158.00
255.12, 184.00
255.47, 171.00
255.83, 162.00
256.19, 162.00
256.54, 161.00
256.90, 162.00
257.26, 161.00
257.62, 166.00
257.97, 166.00
258.33, 164.00
258.69, 164.00
259.04, 168.00
259.40, 158.00
259.76, 161.00
260.11, 158.00
260.47, 153.00
260.83, 172.00
261.18, 162.00
261.54, 171.00
261.90, 165.00
262.25, 163.00
262.61, 164.00
262.97, 160.00
263.32, 164.00
263.68, 159.00
264.04, 165.00
264.39, 157.00
264.75, 163.00
265.10, 163.00
265.46, 199.00
265.82, 176.00
266.17, 164.00
266.53, 163.00
266.89, 167.00
267.24, 170.00
267.60, 163.00
267.95, 167.00
268.31, 166.00
268.67, 163.00
269.02, 161.00
269.38, 161.00
269.74, 167.00
270.09, 163.00
270.45, 163.00
270.80, 178.00
271.16, 166.00
271.51, 163.00
271.87, 170.00
272.23, 174.00
272.58, 165.00
272.94, 164.00
273.29, 158.00
273.65, 203.00
274.00, 163.00
274.36, 163.00
274.72, 167.00
275.07, 165.00
275.43, 164.00
275.78, 165.00
276.14, 161.00
276.49, 171.00
276.85, 172.00
277.20, 180.00
277.56, 162.00
277.92, 155.00
278.27, 163.00
278.63, 168.00
278.98, 159.00
279.34, 158.00
279.69, 160.00
280.05, 181.00
280.40, 166.00
280.76, 172.00
281.11, 167.00
281.47, 160.00
281.82, 162.00
282.18, 164.00
282.53, 166.00
282.89, 170.00
283.24, 170.00
283.60, 163.00
283.95, 156.00
284.31, 165.00
284.66, 164.00
285.02, 164.00
285.37, 161.00
285.73, 162.00
286.08, 165.00
286.44, 163.00
286.79, 167.00
287.14, 167.00
287.50, 162.00
287.85, 160.00
288.21, 165.00
288.56, 158.00
288.92, 160.00
289.27, 166.00
289.63, 159.00
289.98, 168.00
290.34, 160.00
290.69, 170.00
291.04, 160.00
291.40, 163.00
291.75, 164.00
292.11, 164.00
292.46, 161.00
292.81, 174.00
293.17, 157.00
293.52, 160.00
293.88, 162.00
294.23, 169.00
294.59, 167.00
294.94, 159.00
295.29, 165.00
295.65, 169.00
296.00, 184.00
296.36, 166.00
296.71, 162.00
297.06, 171.00
297.42, 174.00
297.77, 171.00
298.12, 170.00
298.48, 168.00
298.83, 176.00
299.19, 168.00
299.54, 169.00
299.89, 168.00
300.25, 168.00
300.60, 168.00
300.95, 172.00
301.31, 166.00
301.66, 161.00
302.01, 162.00
302.37, 165.00
302.72, 163.00
303.07, 166.00
303.43, 166.00
303.78, 166.00
304.13, 172.00
304.49, 172.00
304.84, 172.00
305.19, 187.00
305.55, 175.00
305.90, 177.00
306.25, 182.00
306.61, 206.00
306.96, 220.00
307.31, 262.00
307.66, 327.00
308.02, 391.00
308.37, 438.00
308.72, 444.00
309.08, 445.00
309.43, 425.00
309.78, 387.00
310.13, 340.00
310.49, 316.00
310.84, 263.00
311.19, 248.00
311.54, 229.00
311.90, 215.00
312.25, 203.00
312.60, 204.00
312.95, 224.00
313.31, 232.00
313.66, 227.00
314.01, 247.00
314.36, 248.00
314.72, 248.00
315.07, 271.00
315.42, 297.00
315.77, 322.00
316.13, 266.00
316.48, 228.00
316.83, 201.00
317.18, 184.00
317.54, 180.00
317.89, 168.00
318.24, 172.00
318.59, 163.00
318.94, 174.00
319.30, 165.00
319.65, 176.00
320.00, 172.00
320.35, 163.00
320.70, 170.00
321.05, 170.00
321.41, 170.00
321.76, 171.00
322.11, 170.00
322.46, 170.00
322.81, 200.00
323.17, 177.00
323.52, 171.00
323.87, 169.00
324.22, 165.00
324.57, 168.00
324.92, 170.00
325.27, 168.00
325.63, 173.00
325.98, 168.00
326.33, 167.00
326.68, 165.00
327.03, 166.00
327.38, 167.00
327.73, 172.00
328.09, 175.00
328.44, 198.00
328.79, 181.00
329.14, 206.00
329.49, 178.00
329.84, 182.00
330.19, 177.00
330.54, 178.00
330.89, 179.00
331.25, 169.00
331.60, 176.00
331.95, 167.00
332.30, 171.00
332.65, 177.00
333.00, 182.00
333.35, 212.00
333.70, 217.00
334.05, 188.00
334.40, 187.00
334.75, 188.00
335.10, 210.00
335.45, 235.00
335.81, 298.00
336.16, 382.00
336.51, 488.00
336.86, 502.00
337.21, 443.00
337.56, 333.00
337.91, 259.00
338.26, 212.00
338.61, 177.00
338.96, 179.00
339.31, 171.00
339.66, 172.00
340.01, 170.00
340.36, 168.00
340.71, 168.00
341.06, 168.00
341.41, 169.00
341.76, 168.00
342.11, 176.00
342.46, 168.00
342.81, 171.00
343.16, 167.00
343.51, 163.00
343.86, 169.00
344.21, 171.00
344.56, 165.00
344.91, 166.00
345.26, 173.00
345.61, 165.00
345.96, 171.00
346.31, 164.00
346.66, 185.00
347.01, 166.00
347.36, 184.00
347.71, 163.00
348.06, 162.00
348.41, 178.00
348.76, 181.00
349.10, 176.00
349.45, 178.00
349.80, 175.00
350.15, 181.00
350.50, 174.00
350.85, 183.00
351.20, 176.00
351.55, 189.00
351.90, 198.00
352.25, 211.00
352.60, 226.00
352.95, 259.00
353.30, 274.00
353.64, 253.00
353.99, 227.00
354.34, 214.00
354.69, 216.00
355.04, 220.00
355.39, 245.00
355.74, 280.00
356.09, 310.00
356.44, 352.00
356.78, 414.00
357.13, 452.00
357.48, 432.00
357.83, 354.00
358.18, 288.00
358.53, 240.00
358.88, 203.00
359.22, 190.00
359.57, 167.00
359.92, 167.00
360.27, 170.00
360.62, 175.00
360.97, 167.00
361.32, 174.00
361.66, 172.00
362.01, 177.00
362.36, 170.00
362.71, 167.00
363.06, 173.00
363.40, 180.00
363.75, 180.00
364.10, 182.00
364.45, 181.00
364.80, 176.00
365.14, 178.00
365.49, 178.00
365.84, 178.00
366.19, 175.00
366.54, 171.00
366.88, 185.00
367.23, 169.00
367.58, 210.00
367.93, 170.00
368.28, 164.00
368.62, 173.00
368.97, 175.00
369.32, 177.00
369.67, 177.00
370.01, 191.00
370.36, 189.00
370.71, 208.00
371.06, 184.00
371.40, 184.00
371.75, 171.00
372.10, 175.00
372.45, 176.00
372.79, 178.00
373.14, 179.00
373.49, 184.00
373.83, 193.00
374.18, 210.00
374.53, 225.00
374.88, 240.00
375.22, 235.00
375.57, 217.00
375.92, 199.00
376.26, 188.00
376.61, 177.00
376.96, 167.00
377.30, 179.00
377.65, 176.00
378.00, 178.00
378.35, 193.00
378.69, 213.00
379.04, 228.00
379.39, 263.00
379.73, 281.00
380.08, 287.00
380.43, 249.00
380.77, 225.00
381.12, 212.00
381.47, 189.00
381.81, 175.00
382.16, 172.00
382.50, 174.00
382.85, 229.00
383.20, 177.00
383.54, 181.00
383.89, 179.00
384.24, 182.00
384.58, 186.00
384.93, 201.00
385.27, 192.00
385.62, 195.00
385.97, 199.00
386.31, 192.00
386.66, 219.00
387.00, 194.00
387.35, 202.00
387.70, 214.00
388.04, 288.00
388.39, 285.00
388.73, 378.00
389.08, 509.00
389.43, 688.00
389.77, 881.00
390.12, 1182.00
390.46, 1663.00
390.81, 1767.00
391.15, 1672.00
391.50, 1253.00
391.85, 853.00
392.19, 586.00
392.54, 365.00
392.88, 248.00
393.23, 205.00
393.57, 202.00
393.92, 188.00
394.26, 184.00
394.61, 177.00
394.95, 172.00
395.30, 168.00
395.64, 167.00
395.99, 199.00
396.33, 172.00
396.68, 167.00
397.02, 166.00
397.37, 169.00
397.71, 175.00
398.06, 180.00
398.40, 188.00
398.75, 200.00
399.09, 200.00
399.44, 201.00
399.78, 185.00
400.13, 183.00
400.47, 180.00
400.82, 169.00
401.16, 171.00
401.51, 169.00
401.85, 169.00
402.20, 170.00
402.54, 166.00
402.88, 171.00
403.23, 170.00
403.57, 190.00
403.92, 209.00
404.26, 248.00
404.61, 214.00
404.95, 247.00
405.30, 217.00
405.64, 209.00
405.98, 219.00
406.33, 194.00
406.67, 169.00
407.02, 173.00
407.36, 179.00
407.70, 181.00
408.05, 177.00
408.39, 184.00
408.74, 180.00
409.08, 188.00
409.42, 182.00
409.77, 179.00
410.11, 178.00
410.46, 176.00
410.80, 185.00
411.14, 187.00
411.49, 190.00
411.83, 194.00
412.17, 189.00
412.52, 184.00
412.86, 189.00
413.20, 190.00
413.55, 183.00
413.89, 180.00
414.23, 181.00
414.58, 214.00
414.92, 176.00
415.26, 171.00
415.61, 173.00
415.95, 174.00
416.29, 181.00
416.64, 177.00
416.98, 172.00
417.32, 185.00
417.67, 189.00
418.01, 194.00
418.35, 193.00
418.70, 204.00
419.04, 223.00
419.38, 209.00
419.72, 200.00
420.07, 206.00
420.41, 185.00
420.75, 178.00
421.10, 178.00
421.44, 180.00
421.78, 177.00
422.12, 180.00
422.47, 178.00
422.81, 187.00
423.15, 194.00
423.49, 190.00
423.84, 195.00
424.18, 203.00
424.52, 223.00
424.86, 248.00
425.21, 314.00
425.55, 358.00
425.89, 424.00
426.23, 500.00
426.57, 664.00
426.92, 718.00
427.26, 769.00
427.60, 633.00
427.94, 484.00
428.28, 378.00
428.63, 302.00
428.97, 250.00
429.31, 206.00
429.65, 186.00
429.99, 177.00
430.34, 171.00
430.68, 173.00
431.02, 181.00
431.36, 172.00
431.70, 173.00
432.04, 172.00
432.39, 174.00
432.73, 179.00
433.07, 185.00
433.41, 189.00
433.75, 182.00
434.09, 183.00
434.43, 202.00
434.78, 255.00
435.12, 302.00
435.46, 328.00
435.80, 297.00
436.14, 275.00
436.48, 246.00
436.82, 231.00
437.16, 215.00
437.51, 198.00
437.85, 195.00
438.19, 221.00
438.53, 185.00
438.87, 195.00
439.21, 189.00
439.55, 190.00
439.89, 194.00
440.23, 195.00
440.57, 191.00
440.91, 189.00
441.26, 193.00
441.60, 178.00
441.94, 186.00
442.28, 185.00
442.62, 176.00
442.96, 179.00
443.30, 184.00
443.64, 185.00
443.98, 174.00
444.32, 188.00
444.66, 174.00
445.00, 176.00
445.34, 183.00
445.68, 177.00
446.02, 175.00
446.36, 173.00
446.70, 173.00
447.04, 180.00
447.38, 195.00
447.72, 175.00
448.06, 178.00
448.40, 180.00
448.74, 177.00
449.08, 180.00
449.42, 177.00
449.76, 175.00
450.10, 175.00
450.44, 171.00
450.78, 171.00
451.12, 173.00
451.46, 182.00
451.80, 187.00
452.14, 173.00
452.48, 174.00
452.82, 173.00
453.16, 179.00
453.50, 176.00
453.84, 171.00
454.18, 200.00
454.52, 177.00
454.86, 176.00
455.19, 181.00
455.53, 174.00
455.87, 177.00
456.21, 180.00
456.55, 180.00
456.89, 178.00
457.23, 180.00
457.57, 176.00
457.91, 184.00
458.25, 185.00
458.59, 188.00
458.92, 187.00
459.26, 190.00
459.60, 192.00
459.94, 191.00
460.28, 181.00
460.62, 183.00
460.96, 173.00
461.30, 175.00
461.63, 175.00
461.97, 172.00
462.31, 176.00
462.65, 175.00
462.99, 179.00
463.33, 185.00
463.67, 182.00
464.00, 178.00
464.34, 187.00
464.68, 178.00
465.02, 181.00
465.36, 187.00
465.70, 182.00
466.03, 185.00
466.37, 178.00
466.71, 183.00
467.05, 187.00
467.39, 200.00
467.72, 211.00
468.06, 223.00
468.40, 234.00
468.74, 249.00
469.08, 257.00
469.41, 280.00
469.75, 307.00
470.09, 329.00
470.43, 323.00
470.76, 283.00
471.10, 262.00
471.44, 251.00
471.78, 228.00
472.11, 213.00
472.45, 201.00
472.79, 196.00
473.13, 190.00
473.46, 194.00
473.80, 184.00
474.14, 184.00
474.48, 186.00
474.81, 177.00
475.15, 180.00
475.49, 186.00
475.82, 181.00
476.16, 178.00
476.50, 174.00
476.84, 181.00
477.17, 171.00
477.51, 174.00
477.85, 172.00
478.18, 187.00
478.52, 174.00
478.86, 213.00
479.19, 185.00
479.53, 179.00
479.87, 204.00
480.20, 184.00
480.54, 180.00
480.88, 180.00
481.21, 181.00
481.55, 178.00
481.89, 179.00
482.22, 179.00
482.56, 190.00
482.90, 191.00
483.23, 200.00
483.57, 199.00
483.90, 203.00
484.24, 206.00
484.58, 210.00
484.91, 214.00
485.25, 220.00
485.58, 226.00
485.92, 235.00
486.26, 230.00
486.59, 234.00
486.93, 234.00
487.26, 236.00
487.60, 232.00
487.94, 229.00
488.27, 241.00
488.61, 229.00
488.94, 231.00
489.28, 225.00
489.61, 223.00
489.95, 225.00
490.29, 225.00
490.62, 225.00
490.96, 222.00
491.29, 227.00
491.63, 219.00
491.96, 217.00
492.30, 212.00
492.63, 215.00
492.97, 215.00
493.30, 207.00
493.64, 205.00
493.97, 203.00
494.31, 211.00
494.64, 211.00
494.98, 205.00
495.31, 205.00
495.65, 203.00
495.98, 202.00
496.32, 201.00
496.65, 225.00
496.99, 206.00
497.32, 187.00
497.66, 188.00
497.99, 190.00
498.33, 187.00
498.66, 188.00
499.00, 189.00
499.33, 185.00
499.67, 184.00
500.00, 184.00
500.34, 186.00
500.67, 195.00
501.00, 191.00
501.34, 187.00
501.67, 183.00
502.01, 182.00
502.34, 177.00
502.68, 189.00
503.01, 194.00
503.34, 188.00
503.68, 185.00
504.01, 185.00
504.35, 194.00
504.68, 189.00
505.01, 183.00
505.35, 184.00
505.68, 181.00
506.02, 193.00
506.35, 184.00
506.68, 194.00
507.02, 185.00
507.35, 185.00
507.68, 182.00
508.02, 187.00
508.35, 185.00
508.69, 185.00
509.02, 186.00
509.35, 179.00
509.69, 181.00
510.02, 186.00
510.35, 176.00
510.69, 180.00
511.02, 183.00
511.35, 177.00
511.69, 178.00
512.02, 178.00
512.35, 176.00
512.68, 178.00
513.02, 184.00
513.35, 173.00
513.68, 174.00
514.02, 179.00
514.35, 178.00
514.68, 174.00
515.01, 173.00
515.35, 179.00
515.68, 170.00
516.01, 175.00
516.35, 165.00
516.68, 169.00
517.01, 173.00
517.34, 176.00
517.68, 169.00
518.01, 182.00
518.34, 171.00
518.67, 174.00
519.01, 177.00
519.34, 183.00
519.67, 182.00
520.00, 183.00
520.33, 183.00
520.67, 182.00
521.00, 189.00
521.33, 193.00
521.66, 198.00
522.00, 200.00
522.33, 190.00
522.66, 192.00
522.99, 180.00
523.32, 185.00
523.65, 184.00
523.99, 182.00
524.32, 185.00
524.65, 179.00
524.98, 181.00
525.31, 183.00
525.65, 199.00
525.98, 183.00
526.31, 176.00
526.64, 185.00
526.97, 177.00
527.30, 180.00
527.63, 174.00
527.97, 173.00
528.30, 173.00
528.63, 178.00
528.96, 197.00
529.29, 173.00
529.62, 183.00
529.95, 172.00
530.28, 170.00
530.61, 170.00
530.95, 169.00
531.28, 175.00
531.61, 185.00
531.94, 188.00
532.27, 189.00
532.60, 193.00
532.93, 199.00
533.26, 184.00
533.59, 180.00
533.92, 183.00
534.25, 180.00
534.58, 203.00
534.91, 183.00
535.25, 176.00
535.58, 175.00
535.91, 172.00
536.24, 185.00
536.57, 185.00
536.90, 179.00
537.23, 187.00
537.56, 224.00
537.89, 199.00
538.22, 202.00
538.55, 210.00
538.88, 211.00
539.21, 305.00
539.54, 223.00
539.87, 233.00
540.20, 255.00
540.53, 273.00
540.86, 336.00
541.19, 344.00
541.52, 374.00
541.85, 395.00
542.18, 426.00
542.51, 445.00
542.84, 448.00
543.17, 453.00
543.50, 429.00
543.82, 425.00
544.15, 415.00
544.48, 416.00
544.81, 437.00
545.14, 465.00
545.47, 422.00
545.80, 420.00
546.13, 345.00
546.46, 351.00
546.79, 312.00
547.12, 276.00
547.45, 265.00
547.78, 262.00
548.10, 255.00
548.43, 252.00
548.76, 238.00
549.09, 234.00
549.42, 234.00
549.75, 233.00
550.08, 228.00
550.41, 218.00
550.74, 232.00
551.06, 223.00
551.39, 231.00
551.72, 211.00
552.05, 214.00
552.38, 214.00
552.71, 208.00
553.03, 207.00
553.36, 199.00
553.69, 205.00
554.02, 194.00
554.35, 197.00
554.68, 189.00
555.00, 195.00
555.33, 183.00
555.66, 190.00
555.99, 195.00
556.32, 185.00
556.64, 188.00
556.97, 197.00
557.30, 192.00
557.63, 188.00
557.96, 199.00
558.28, 199.00
558.61, 202.00
558.94, 193.00
559.27, 191.00
559.59, 195.00
559.92, 189.00
560.25, 190.00
560.58, 185.00
560.90, 197.00
561.23, 184.00
561.56, 190.00
561.89, 190.00
562.21, 176.00
562.54, 173.00
562.87, 179.00
563.20, 184.00
563.52, 178.00
563.85, 174.00
564.18, 189.00
564.50, 169.00
564.83, 203.00
565.16, 220.00
565.48, 170.00
565.81, 179.00
566.14, 165.00
566.47, 165.00
566.79, 173.00
567.12, 169.00
567.45, 192.00
567.77, 170.00
568.10, 173.00
568.43, 173.00
568.75, 173.00
569.08, 174.00
569.40, 202.00
569.73, 171.00
570.06, 166.00
570.38, 168.00
570.71, 163.00
571.04, 170.00
571.36, 170.00
571.69, 169.00
572.01, 169.00
572.34, 171.00
572.67, 171.00
572.99, 173.00
573.32, 182.00
573.64, 171.00
573.97, 172.00
574.30, 172.00
574.62, 171.00
574.95, 177.00
575.27, 182.00
575.60, 178.00
575.92, 183.00
576.25, 188.00
576.58, 192.00
576.90, 188.00
577.23, 214.00
577.55, 181.00
577.88, 191.00
578.20, 197.00
578.53, 193.00
578.85, 206.00
579.18, 204.00
579.50, 202.00
579.83, 200.00
580.15, 202.00
580.48, 204.00
580.80, 199.00
581.13, 206.00
581.45, 196.00
581.78, 201.00
582.10, 216.00
582.43, 210.00
582.75, 212.00
583.08, 210.00
583.40, 203.00
583.73, 264.00
584.05, 217.00
584.38, 209.00
584.70, 239.00
585.03, 216.00
585.35, 211.00
585.67, 213.00
586.00, 221.00
586.32, 241.00
586.65, 245.00
586.97, 249.00
587.30, 239.00
587.62, 230.00
587.94, 239.00
588.27, 218.00
588.59, 218.00
588.92, 209.00
589.24, 211.00
589.56, 208.00
589.89, 211.00
590.21, 197.00
590.54, 202.00
590.86, 193.00
591.18, 203.00
591.51, 190.00
591.83, 207.00
592.15, 209.00
592.48, 208.00
592.80, 211.00
593.13, 209.00
593.45, 210.00
593.77, 202.00
594.10, 204.00
594.42, 205.00
594.74, 194.00
595.07, 194.00
595.39, 195.00
595.71, 200.00
596.03, 204.00
596.36, 204.00
596.68, 207.00
597.00, 201.00
597.33, 204.00
597.65, 213.00
597.97, 207.00
598.30, 212.00
598.62, 213.00
598.94, 213.00
599.26, 212.00
599.59, 212.00
599.91, 211.00
600.23, 203.00
600.55, 203.00
600.88, 209.00
601.20, 196.00
601.52, 189.00
601.84, 192.00
602.17, 193.00
602.49, 177.00
602.81, 184.00
603.13, 180.00
603.45, 184.00
603.78, 183.00
604.10, 183.00
604.42, 180.00
604.74, 174.00
605.07, 181.00
605.39, 176.00
605.71, 174.00
606.03, 181.00
606.35, 178.00
606.67, 189.00
607.00, 189.00
607.32, 183.00
607.64, 189.00
607.96, 186.00
608.28, 201.00
608.60, 201.00
608.93, 206.00
609.25, 239.00
609.57, 287.00
609.89, 347.00
610.21, 410.00
610.53, 440.00
610.85, 461.00
611.17, 423.00
611.50, 391.00
611.82, 375.00
612.14, 353.00
612.46, 333.00
612.78, 315.00
613.10, 302.00
613.42, 289.00
613.74, 276.00
614.06, 295.00
614.38, 275.00
614.70, 264.00
615.03, 260.00
615.35, 254.00
615.67, 318.00
615.99, 224.00
616.31, 213.00
616.63, 211.00
616.95, 203.00
617.27, 205.00
617.59, 201.00
617.91, 197.00
618.23, 201.00
618.55, 193.00
618.87, 192.00
619.19, 196.00
619.51, 200.00
619.83, 199.00
620.15, 190.00
620.47, 202.00
620.79, 194.00
621.11, 200.00
621.43, 197.00
621.75, 204.00
622.07, 189.00
622.39, 193.00
622.71, 190.00
623.03, 187.00
623.35, 226.00
623.67, 187.00
623.99, 189.00
624.31, 197.00
624.63, 190.00
624.95, 194.00
625.26, 186.00
625.58, 186.00
625.90, 205.00
626.22, 186.00
626.54, 185.00
626.86, 193.00
627.18, 185.00
627.50, 185.00
627.82, 190.00
628.14, 190.00
628.46, 191.00
628.77, 189.00
629.09, 195.00
629.41, 203.00
629.73, 201.00
630.05, 216.00
630.37, 209.00
630.69, 212.00
631.00, 220.00
631.32, 203.00
631.64, 200.00
631.96, 196.00
632.28, 191.00
632.60, 197.00
632.92, 189.00
633.23, 186.00
633.55, 186.00
633.87, 188.00
634.19, 184.00
634.51, 194.00
634.82, 198.00
635.14, 195.00
635.46, 187.00
635.78, 189.00
636.10, 193.00
636.41, 191.00
636.73, 197.00
637.05, 193.00
637.37, 194.00
637.68, 194.00
638.00, 190.00
638.32, 187.00
638.64, 200.00
638.95, 212.00
639.27, 205.00
639.59, 205.00
639.91, 194.00
640.22, 192.00
640.54, 196.00
640.86, 187.00
641.18, 200.00
641.49, 205.00
641.81, 186.00
642.13, 191.00
642.44, 181.00
642.76, 176.00
643.08, 174.00
643.40, 178.00
643.71, 182.00
644.03, 185.00
644.35, 187.00
644.66, 185.00
644.98, 186.00
645.30, 183.00
645.61, 193.00
645.93, 178.00
646.25, 178.00
646.56, 185.00
646.88, 187.00
647.19, 172.00
647.51, 173.00
647.83, 167.00
648.14, 169.00
648.46, 166.00
648.78, 174.00
649.09, 171.00
649.41, 212.00
649.72, 174.00
650.04, 182.00
650.36, 181.00
650.67, 178.00
650.99, 175.00
651.30, 170.00
651.62, 172.00
651.93, 171.00
652.25, 188.00
652.57, 203.00
652.88, 179.00
653.20, 177.00
653.51, 177.00
653.83, 172.00
654.14, 172.00
654.46, 173.00
654.77, 172.00
655.09, 173.00
655.40, 189.00
655.72, 167.00
656.04, 164.00
656.35, 167.00
656.67, 171.00
656.98, 170.00
657.30, 170.00
657.61, 170.00
657.93, 174.00
658.24, 174.00
658.55, 200.00
658.87, 174.00
659.18, 176.00
659.50, 174.00
659.81, 179.00
660.13, 180.00
660.44, 177.00
660.76, 178.00
661.07, 186.00
661.39, 174.00
661.70, 176.00
662.01, 170.00
662.33, 176.00
662.64, 176.00
662.96, 172.00
663.27, 169.00
663.59, 175.00
663.90, 170.00
664.21, 170.00
664.53, 187.00
664.84, 171.00
665.16, 189.00
665.47, 171.00
665.78, 166.00
666.10, 177.00
666.41, 185.00
666.72, 185.00
667.04, 187.00
667.35, 185.00
667.67, 182.00
667.98, 179.00
668.29, 176.00
668.61, 177.00
668.92, 175.00
669.23, 176.00
669.55, 177.00
669.86, 199.00
670.17, 178.00
670.48, 169.00
670.80, 171.00
671.11, 170.00
671.42, 172.00
671.74, 177.00
672.05, 171.00
672.36, 169.00
672.68, 168.00
672.99, 170.00
673.30, 166.00
673.61, 170.00
673.93, 167.00
674.24, 172.00
674.55, 172.00
674.86, 168.00
675.18, 181.00
675.49, 178.00
675.80, 172.00
676.11, 174.00
676.43, 173.00
676.74, 178.00
677.05, 172.00
677.36, 181.00
677.67, 172.00
677.99, 180.00
678.30, 174.00
678.61, 177.00
678.92, 170.00
679.23, 178.00
679.55, 172.00
679.86, 177.00
680.17, 174.00
680.48, 179.00
680.79, 178.00
681.10, 171.00
681.42, 179.00
681.73, 173.00
682.04, 170.00
682.35, 172.00
682.66, 176.00
682.97, 165.00
683.28, 169.00
683.60, 166.00
683.91, 172.00
684.22, 185.00
684.53, 172.00
684.84, 162.00
685.15, 171.00
685.46, 189.00
685.77, 171.00
686.08, 168.00
686.40, 193.00
686.71, 173.00
687.02, 170.00
687.33, 170.00
687.64, 166.00
687.95, 161.00
688.26, 174.00
688.57, 170.00
688.88, 171.00
689.19, 168.00
689.50, 165.00
689.81, 166.00
690.12, 166.00
690.43, 179.00
690.74, 164.00
691.05, 163.00
691.36, 175.00
691.67, 162.00
691.98, 165.00
692.29, 166.00
692.60, 168.00
692.91, 170.00
693.22, 168.00
693.53, 167.00
693.84, 168.00
694.15, 163.00
694.46, 163.00
694.77, 163.00
695.08, 160.00
695.39, 167.00
695.70, 160.00
696.01, 165.00
696.32, 158.00
696.63, 167.00
696.94, 161.00
697.25, 163.00
697.56, 167.00
697.87, 168.00
698.17, 192.00
698.48, 165.00
698.79, 163.00
699.10, 160.00
699.41, 167.00
699.72, 164.00
700.03, 168.00
700.34, 159.00
700.65, 167.00
700.95, 166.00
701.26, 163.00
701.57, 164.00
701.88, 172.00
702.19, 170.00
702.50, 170.00
702.81, 160.00
703.11, 188.00
703.42, 170.00
703.73, 168.00
704.04, 171.00
704.35, 182.00
704.66, 187.00
704.96, 232.00
705.27, 284.00
705.58, 325.00
705.89, 350.00
706.20, 301.00
706.50, 280.00
706.81, 276.00
707.12, 256.00
707.43, 242.00
707.73, 216.00
708.04, 209.00
708.35, 197.00
708.66, 191.00
708.97, 183.00
709.27, 182.00
709.58, 175.00
709.89, 181.00
710.19, 170.00
710.50, 178.00
710.81, 177.00
711.12, 185.00
711.42, 186.00
711.73, 192.00
712.04, 182.00
712.35, 188.00
712.65, 175.00
712.96, 179.00
713.27, 171.00
713.57, 197.00
713.88, 183.00
714.19, 167.00
714.49, 163.00
714.80, 169.00
715.11, 168.00
715.41, 164.00
715.72, 164.00
716.03, 167.00
716.33, 166.00
716.64, 164.00
716.94, 165.00
717.25, 166.00
717.56, 178.00
717.86, 165.00
718.17, 163.00
718.48, 167.00
718.78, 164.00
719.09, 165.00
719.39, 163.00
719.70, 169.00
720.01, 164.00
720.31, 162.00
720.62, 160.00
720.92, 166.00
721.23, 167.00
721.53, 171.00
721.84, 162.00
722.15, 171.00
722.45, 162.00
722.76, 166.00
723.06, 169.00
723.37, 165.00
723.67, 164.00
723.98, 163.00
724.28, 166.00
724.59, 172.00
724.89, 168.00
725.20, 166.00
725.50, 172.00
725.81, 166.00
726.11, 166.00
726.42, 166.00
726.72, 169.00
727.03, 204.00
727.33, 171.00
727.64, 177.00
727.94, 168.00
728.25, 174.00
728.55, 164.00
728.86, 183.00
729.16, 167.00
729.46, 167.00
729.77, 167.00
730.07, 160.00
730.38, 162.00
730.68, 164.00
730.99, 170.00
731.29, 165.00
731.59, 167.00
731.90, 160.00
732.20, 163.00
732.51, 166.00
732.81, 162.00
733.11, 171.00
733.42, 162.00
733.72, 166.00
734.02, 162.00
734.33, 169.00
734.63, 160.00
734.94, 159.00
735.24, 166.00
735.54, 162.00
735.85, 162.00
736.15, 159.00
736.45, 157.00
736.76, 160.00
737.06, 158.00
737.36, 163.00
737.67, 162.00
737.97, 164.00
738.27, 169.00
738.57, 164.00
738.88, 164.00
739.18, 197.00
739.48, 172.00
739.79, 156.00
740.09, 166.00
740.39, 169.00
740.69, 166.00
741.00, 164.00
741.30, 171.00
741.60, 161.00
741.90, 165.00
742.21, 158.00
742.51, 196.00
742.81, 160.00
743.11, 163.00
743.42, 188.00
743.72, 162.00
744.02, 170.00
744.32, 171.00
744.63, 166.00
744.93, 166.00
745.23, 163.00
745.53, 169.00
745.83, 164.00
746.13, 166.00
746.44, 165.00
746.74, 163.00
747.04, 165.00
747.34, 167.00
747.64, 167.00
747.94, 165.00
748.25, 171.00
748.55, 171.00
748.85, 168.00
749.15, 176.00
749.45, 186.00
749.75, 173.00
750.05, 169.00
750.35, 167.00
750.66, 180.00
750.96, 167.00
751.26, 162.00
751.56, 169.00
751.86, 167.00
752.16, 164.00
752.46, 161.00
752.76, 170.00
753.06, 156.00
753.36, 203.00
753.66, 160.00
753.96, 171.00
754.27, 164.00
754.57, 166.00
754.87, 163.00
755.17, 166.00
755.47, 162.00
755.77, 160.00
756.07, 162.00
756.37, 168.00
756.67, 166.00
756.97, 161.00
757.27, 171.00
757.57, 165.00
757.87, 166.00
758.17, 162.00
758.47, 171.00
758.77, 167.00
759.07, 168.00
759.37, 167.00
759.67, 167.00
759.97, 170.00
760.27, 161.00
760.57, 161.00
760.86, 163.00
761.16, 161.00
761.46, 165.00
761.76, 187.00
762.06, 166.00
762.36, 169.00
762.66, 166.00
762.96, 166.00
763.26, 165.00
763.56, 183.00
763.86, 171.00
764.16, 167.00
764.45, 172.00
764.75, 163.00
765.05, 166.00
765.35, 161.00
765.65, 170.00
765.95, 165.00
766.25, 165.00
766.55, 163.00
766.84, 166.00
767.14, 165.00
767.44, 164.00
767.74, 164.00
768.04, 169.00
768.34, 164.00
768.63, 168.00
768.93, 166.00
769.23, 168.00
769.53, 160.00
769.83, 162.00
770.12, 168.00
770.42, 166.00
770.72, 163.00
771.02, 160.00
771.32, 165.00
771.61, 167.00
771.91, 168.00
772.21, 168.00
772.51, 163.00
772.80, 163.00
773.10, 171.00
773.40, 172.00
773.70, 162.00
773.99, 163.00
774.29, 163.00
774.59, 166.00
774.88, 167.00
775.18, 170.00
775.48, 208.00
775.78, 332.00
776.07, 444.00
776.37, 506.00
776.67, 469.00
776.96, 379.00
777.26, 343.00
777.56, 268.00
777.85, 256.00
778.15, 241.00
778.45, 229.00
778.74, 225.00
779.04, 206.00
779.34, 189.00
779.63, 179.00
779.93, 166.00
780.22, 164.00
780.52, 164.00
780.82, 163.00
781.11, 158.00
781.41, 160.00
781.71, 159.00
782.00, 161.00
782.30, 167.00
782.59, 161.00
782.89, 160.00
783.19, 158.00
783.48, 160.00
783.78, 165.00
784.07, 167.00
784.37, 167.00
784.66, 161.00
784.96, 165.00
785.25, 157.00
785.55, 159.00
785.84, 164.00
786.14, 158.00
786.44, 162.00
786.73, 159.00
787.03, 166.00
787.32, 159.00
787.62, 160.00
787.91, 164.00
788.21, 166.00
788.50, 167.00
788.80, 161.00
789.09, 163.00
789.39, 170.00
789.68, 159.00
789.97, 161.00
790.27, 163.00
790.56, 161.00
790.86, 170.00
791.15, 160.00
791.45, 158.00
791.74, 182.00
792.04, 158.00
792.33, 161.00
792.62, 185.00
792.92, 163.00
793.21, 166.00
793.51, 167.00
793.80, 161.00
794.09, 156.00
794.39, 159.00
794.68, 160.00
794.98, 162.00
795.27, 161.00
795.56, 163.00
795.86, 167.00
796.15, 166.00
796.44, 164.00
796.74, 159.00
797.03, 168.00
797.32, 162.00
797.62, 163.00
797.91, 170.00
798.20, 162.00
798.50, 163.00
798.79, 172.00
799.08, 158.00
799.38, 164.00
799.67, 162.00
799.96, 166.00
800.26, 183.00
800.55, 163.00
800.84, 163.00
801.13, 160.00
801.43, 165.00
801.72, 195.00
802.01, 160.00
802.30, 163.00
802.60, 158.00
802.89, 167.00
803.18, 160.00
803.47, 159.00
803.77, 164.00
804.06, 163.00
804.35, 162.00
804.64, 175.00
804.94, 162.00
805.23, 162.00
805.52, 163.00
805.81, 164.00
806.10, 159.00
806.39, 163.00
806.69, 157.00
806.98, 160.00
807.27, 160.00
807.56, 168.00
807.85, 164.00
808.14, 161.00
808.44, 165.00
808.73, 163.00
809.02, 178.00
809.31, 161.00
809.60, 165.00
809.89, 173.00
810.18, 162.00
810.48, 163.00
810.77, 169.00
811.06, 160.00
811.35, 160.00
811.64, 161.00
811.93, 175.00
812.22, 164.00
812.51, 159.00
812.80, 156.00
813.09, 158.00
813.38, 161.00
813.67, 173.00
813.96, 164.00
814.26, 155.00
814.55, 159.00
814.84, 161.00
815.13, 160.00
815.42, 160.00
815.71, 162.00
816.00, 158.00
816.29, 171.00
816.58, 161.00
816.87, 163.00
817.16, 163.00
817.45, 169.00
817.74, 166.00
818.03, 157.00
818.32, 158.00
818.61, 164.00
818.90, 163.00
819.19, 163.00
819.48, 164.00
819.76, 154.00
820.05, 163.00
820.34, 159.00
820.63, 158.00
820.92, 159.00
821.21, 164.00
821.50, 157.00
821.79, 161.00
822.08, 166.00
822.37, 161.00
822.66, 163.00
822.95, 164.00
823.23, 162.00
823.52, 178.00
823.81, 163.00
824.10, 161.00
824.39, 163.00
824.68, 161.00
824.97, 172.00
825.26, 160.00
825.54, 199.00
825.83, 163.00
826.12, 166.00
826.41, 156.00
826.70, 163.00
826.99, 170.00
827.27, 159.00
827.56, 174.00
827.85, 159.00
828.14, 160.00
828.43, 165.00
828.71, 160.00
829.00, 160.00
829.29, 160.00
829.58, 166.00
829.86, 165.00
830.15, 160.00
830.44, 159.00
830.73, 167.00
831.01, 161.00
831.30, 156.00
831.59, 162.00
831.88, 160.00
832.16, 160.00
832.45, 164.00
832.74, 163.00
833.03, 163.00
833.31, 166.00
833.60, 162.00
833.89, 161.00
834.17, 164.00
834.46, 163.00
834.75, 165.00
835.03, 160.00
835.32, 165.00
835.61, 166.00
835.89, 176.00
836.18, 159.00
836.47, 158.00
836.75, 163.00
837.04, 166.00
837.33, 165.00
837.61, 155.00
837.90, 155.00
838.19, 159.00
838.47, 163.00
838.76, 165.00
839.04, 148.00
839.33, 156.00
839.62, 161.00
839.90, 162.00
840.19, 162.00
840.47, 161.00
840.76, 185.00
841.04, 160.00
841.33, 168.00
841.62, 160.00
841.90, 163.00
842.19, 165.00
842.47, 280.00
842.76, 161.00
843.04, 167.00
843.33, 183.00
843.61, 177.00
843.90, 167.00
844.18, 171.00
844.47, 170.00
844.75, 176.00
845.04, 170.00
845.32, 166.00
845.61, 168.00
845.89, 168.00
846.18, 165.00
846.46, 164.00
846.75, 169.00
847.03, 171.00
847.32, 159.00
847.60, 159.00
847.88, 155.00
848.17, 162.00
848.45, 177.00
848.74, 159.00
849.02, 160.00
849.31, 165.00
849.59, 159.00
849.87, 162.00
850.16, 158.00
850.44, 166.00
850.73, 185.00
851.01, 159.00
851.29, 158.00
851.58, 165.00
851.86, 157.00
852.14, 161.00
852.43, 166.00
852.71, 156.00
853.00, 164.00
853.28, 168.00
853.56, 159.00
853.85, 158.00
854.13, 163.00
854.41, 157.00
854.69, 163.00
854.98, 163.00
855.26, 203.00
855.54, 163.00
855.83, 159.00
856.11, 162.00
856.39, 159.00
856.68, 161.00
856.96, 154.00
857.24, 163.00
857.52, 165.00
857.81, 162.00
858.09, 160.00
858.37, 161.00
858.65, 157.00
858.94, 163.00
859.22, 161.00
