190.05, 0.00
190.41, 154.00
190.77, 154.00
191.14, 158.00
191.50, 157.00
191.86, 171.00
192.22, 165.00
192.58, 164.00
192.94, 165.00
193.31, 163.00
193.67, 168.00
194.03, 171.00
194.39, 170.00
194.75, 168.00
195.11, 172.00
195.47, 182.00
195.84, 167.00
196.20, 164.00
196.56, 173.00
196.92, 164.00
197.28, 166.00
197.64, 162.00
198.00, 160.00
198.37, 166.00
198.73, 162.00
199.09, 162.00
199.45, 167.00
199.81, 166.00
200.17, 171.00
200.53, 159.00
200.89, 172.00
201.25, 189.00
201.62, 163.00
201.98, 167.00
202.34, 164.00
202.70, 170.00
203.06, 163.00
203.42, 162.00
203.78, 159.00
204.14, 163.00
204.50, 187.00
204.86, 173.00
205.22, 168.00
205.58, 166.00
205.95, 168.00
206.31, 168.00
206.67, 169.00
207.03, 171.00
207.39, 174.00
207.75, 169.00
208.11, 163.00
208.47, 167.00
208.83, 168.00
209.19, 166.00
209.55, 165.00
209.91, 165.00
210.27, 167.00
210.63, 163.00
210.99, 180.00
211.35, 161.00
211.71, 168.00
212.07, 164.00
212.43, 165.00
212.79, 161.00
213.15, 162.00
213.51, 165.00
213.87, 171.00
214.23, 165.00
214.59, 170.00
214.95, 170.00
215.31, 167.00
215.67, 161.00
216.03, 195.00
216.39, 168.00
216.75, 165.00
217.11, 173.00
217.47, 166.00
217.83, 164.00
218.19, 169.00
218.55, 169.00
218.91, 168.00
219.27, 166.00
219.63, 165.00
219.99, 168.00
220.35, 167.00
220.71, 171.00
221.07, 163.00
221.43, 171.00
221.79, 167.00
222.15, 173.00
222.51, 165.00
222.87, 166.00
223.23, 164.00
223.59, 166.00
223.95, 168.00
224.31, 165.00
224.67, 162.00
225.03, 169.00
225.39, 170.00
225.74, 169.00
226.10, 163.00
226.46, 161.00
226.82, 172.00
227.18, 169.00
227.54, 161.00
227.90, 168.00
228.26, 170.00
228.62, 173.00
228.98, 162.00
229.34, 165.00
229.69, 165.00
230.05, 171.00
230.41, 166.00
230.77, 171.00
231.13, 166.00
231.49, 163.00
231.85, 165.00
232.21, 165.00
232.57, 170.00
232.92, 165.00
233.28, 163.00
233.64, 165.00
234.00, 165.00
234.36, 162.00
234.72, 168.00
235.08, 172.00
235.44, 167.00
235.79, 164.00
236.15, 172.00
236.51, 165.00
236.87, 160.00
237.23, 168.00
237.59, 168.00
237.94, 172.00
238.30, 166.00
238.66, 165.00
239.02, 164.00
239.38, 167.00
239.74, 164.00
240.09, 172.00
240.45, 164.00
240.81, 162.00
241.17, 169.00
241.53, 161.00
241.89, 167.00
242.24, 166.00
242.60, 160.00
242.96, 167.00
243.32, 167.00
243.68, 161.00
244.03, 168.00
244.39, 169.00
244.75, 180.00
245.11, 166.00
245.46, 167.00
245.82, 185.00
246.18, 163.00
246.54, 164.00
246.90, 166.00
247.25, 163.00
247.61, 161.00
247.97, 191.00
248.33, 158.00
248.68, 163.00
249.04, 163.00
249.40, 169.00
249.76, 165.00
250.11, 165.00
250.47, 170.00
250.83, 163.00
251.19, 170.00
251.54, 174.00
251.90, 166.00
252.26, 166.00
252.62, 165.00
252.97, 167.00
253.33, 166.00
253.69, 163.00
254.05, 168.00
254.40, 160.00
254.76, 165.00
255.12, 183.00
255.47, 171.00
255.83, 165.00
256.19, 164.00
256.54, 168.00
256.90, 163.00
257.26, 164.00
257.62, 173.00
257.97, 168.00
258.33, 171.00
258.69, 168.00
259.04, 164.00
259.40, 169.00
259.76, 169.00
260.11, 166.00
260.47, 163.00
260.83, 170.00
261.18, 166.00
261.54, 170.00
261.90, 168.00
262.25, 160.00
262.61, 165.00
262.97, 167.00
263.32, 162.00
263.68, 161.00
264.04, 170.00
264.39, 167.00
264.75, 164.00
265.10, 165.00
265.46, 203.00
265.82, 179.00
266.17, 165.00
266.53, 165.00
266.89, 165.00
267.24, 172.00
267.60, 167.00
267.95, 169.00
268.31, 163.00
268.67, 165.00
269.02, 166.00
269.38, 166.00
269.74, 172.00
270.09, 165.00
270.45, 169.00
270.80, 185.00
271.16, 167.00
271.51, 173.00
271.87, 171.00
272.23, 179.00
272.58, 168.00
272.94, 170.00
273.29, 164.00
273.65, 203.00
274.00, 168.00
274.36, 170.00
274.72, 167.00
275.07, 166.00
275.43, 169.00
275.78, 169.00
276.14, 166.00
276.49, 171.00
276.85, 178.00
277.20, 183.00
277.56, 169.00
277.92, 162.00
278.27, 167.00
278.63, 175.00
278.98, 168.00
279.34, 172.00
279.69, 168.00
280.05, 184.00
280.40, 168.00
280.76, 182.00
281.11, 175.00
281.47, 174.00
281.82, 168.00
282.18, 167.00
282.53, 179.00
282.89, 182.00
283.24, 179.00
283.60, 182.00
283.95, 187.00
284.31, 187.00
284.66, 197.00
285.02, 196.00
285.37, 192.00
285.73, 194.00
286.08, 198.00
286.44, 181.00
286.79, 182.00
287.14, 183.00
287.50, 177.00
287.85, 172.00
288.21, 181.00
288.56, 174.00
288.92, 183.00
289.27, 179.00
289.63, 182.00
289.98, 184.00
290.34, 175.00
290.69, 186.00
291.04, 171.00
291.40, 173.00
291.75, 171.00
292.11, 176.00
292.46, 171.00
292.81, 183.00
293.17, 187.00
293.52, 191.00
293.88, 191.00
294.23, 200.00
294.59, 203.00
294.94, 221.00
295.29, 225.00
295.65, 235.00
296.00, 245.00
296.36, 221.00
296.71, 220.00
297.06, 224.00
297.42, 224.00
297.77, 225.00
298.12, 211.00
298.48, 208.00
298.83, 207.00
299.19, 210.00
299.54, 213.00
299.89, 205.00
300.25, 207.00
300.60, 216.00
300.95, 198.00
301.31, 187.00
301.66, 187.00
302.01, 184.00
302.37, 184.00
302.72, 187.00
303.07, 194.00
303.43, 195.00
303.78, 196.00
304.13, 210.00
304.49, 205.00
304.84, 205.00
305.19, 222.00
305.55, 208.00
305.90, 219.00
306.25, 252.00
306.61, 309.00
306.96, 354.00
307.31, 439.00
307.66, 585.00
308.02, 719.00
308.37, 844.00
308.72, 923.00
309.08, 938.00
309.43, 847.00
309.78, 754.00
310.13, 667.00
310.49, 587.00
310.84, 480.00
311.19, 440.00
311.54, 400.00
311.90, 371.00
312.25, 355.00
312.60, 369.00
312.95, 412.00
313.31, 452.00
313.66, 441.00
314.01, 445.00
314.36, 461.00
314.72, 534.00
315.07, 685.00
315.42, 757.00
315.77, 765.00
316.13, 659.00
316.48, 468.00
316.83, 341.00
317.18, 273.00
317.54, 227.00
317.89, 209.00
318.24, 204.00
318.59, 207.00
318.94, 197.00
319.30, 203.00
319.65, 214.00
320.00, 207.00
320.35, 213.00
320.70, 213.00
321.05, 210.00
321.41, 209.00
321.76, 207.00
322.11, 204.00
322.46, 196.00
322.81, 228.00
323.17, 204.00
323.52, 195.00
323.87, 195.00
324.22, 198.00
324.57, 201.00
324.92, 204.00
325.27, 210.00
325.63, 223.00
325.98, 221.00
326.33, 231.00
326.68, 225.00
327.03, 227.00
327.38, 230.00
327.73, 232.00
328.09, 248.00
328.44, 261.00
328.79, 240.00
329.14, 250.00
329.49, 226.00
329.84, 225.00
330.19, 222.00
330.54, 225.00
330.89, 226.00
331.25, 216.00
331.60, 214.00
331.95, 209.00
332.30, 210.00
332.65, 222.00
333.00, 238.00
333.35, 287.00
333.70, 287.00
334.05, 270.00
334.40, 292.00
334.75, 325.00
335.10, 421.00
335.45, 561.00
335.81, 782.00
336.16, 1106.00
336.51, 1412.00
336.86, 1437.00
337.21, 1222.00
337.56, 829.00
337.91, 558.00
338.26, 376.00
338.61, 275.00
338.96, 241.00
339.31, 225.00
339.66, 219.00
340.01, 213.00
340.36, 204.00
340.71, 207.00
341.06, 204.00
341.41, 206.00
341.76, 202.00
342.11, 210.00
342.46, 199.00
342.81, 208.00
343.16, 201.00
343.51, 203.00
343.86, 214.00
344.21, 201.00
344.56, 206.00
344.91, 209.00
345.26, 215.00
345.61, 210.00
345.96, 201.00
346.31, 200.00
346.66, 220.00
347.01, 202.00
347.36, 219.00
347.71, 201.00
348.06, 203.00
348.41, 221.00
348.76, 233.00
349.10, 235.00
349.45, 249.00
349.80, 258.00
350.15, 242.00
350.50, 238.00
350.85, 240.00
351.20, 244.00
351.55, 281.00
351.90, 335.00
352.25, 400.00
352.60, 476.00
352.95, 584.00
353.30, 613.00
353.64, 561.00
353.99, 445.00
354.34, 393.00
354.69, 349.00
355.04, 355.00
355.39, 408.00
355.74, 494.00
356.09, 630.00
356.44, 783.00
356.78, 1049.00
357.13, 1145.00
357.48, 1118.00
357.83, 852.00
358.18, 612.00
358.53, 439.00
358.88, 304.00
359.22, 252.00
359.57, 221.00
359.92, 216.00
360.27, 204.00
360.62, 214.00
360.97, 209.00
361.32, 208.00
361.66, 211.00
362.01, 207.00
362.36, 211.00
362.71, 218.00
363.06, 214.00
363.40, 220.00
363.75, 220.00
364.10, 229.00
364.45, 224.00
364.80, 221.00
365.14, 223.00
365.49, 230.00
365.84, 236.00
366.19, 245.00
366.54, 243.00
366.88, 255.00
367.23, 235.00
367.58, 263.00
367.93, 220.00
368.28, 219.00
368.62, 218.00
368.97, 233.00
369.32, 242.00
369.67, 267.00
370.01, 306.00
370.36, 313.00
370.71, 327.00
371.06, 293.00
371.40, 270.00
371.75, 236.00
372.10, 232.00
372.45, 233.00
372.79, 244.00
373.14, 266.00
373.49, 298.00
373.83, 346.00
374.18, 421.00
374.53, 506.00
374.88, 541.00
375.22, 544.00
375.57, 450.00
375.92, 373.00
376.26, 307.00
376.61, 261.00
376.96, 236.00
377.30, 241.00
377.65, 259.00
378.00, 279.00
378.35, 322.00
378.69, 373.00
379.04, 452.00
379.39, 567.00
379.73, 621.00
380.08, 630.00
380.43, 503.00
380.77, 397.00
381.12, 361.00
381.47, 296.00
381.81, 257.00
382.16, 232.00
382.50, 229.00
382.85, 280.00
383.20, 219.00
383.54, 226.00
383.89, 223.00
384.24, 234.00
384.58, 242.00
384.93, 253.00
385.27, 254.00
385.62, 260.00
385.97, 258.00
386.31, 253.00
386.66, 270.00
387.00, 249.00
387.35, 263.00
387.70, 272.00
388.04, 336.00
388.39, 324.00
388.73, 360.00
389.08, 397.00
389.43, 415.00
389.77, 443.00
390.12, 522.00
390.46, 628.00
390.81, 657.00
391.15, 637.00
391.50, 537.00
391.85, 430.00
392.19, 361.00
392.54, 316.00
392.88, 299.00
393.23, 300.00
393.57, 310.00
393.92, 307.00
394.26, 278.00
394.61, 255.00
394.95, 247.00
395.30, 219.00
395.64, 217.00
395.99, 250.00
396.33, 221.00
396.68, 234.00
397.02, 240.00
397.37, 255.00
397.71, 271.00
398.06, 304.00
398.40, 329.00
398.75, 359.00
399.09, 393.00
399.44, 400.00
399.78, 339.00
400.13, 302.00
400.47, 265.00
400.82, 238.00
401.16, 223.00
401.51, 222.00
401.85, 218.00
402.20, 222.00
402.54, 228.00
402.88, 238.00
403.23, 242.00
403.57, 261.00
403.92, 291.00
404.26, 354.00
404.61, 340.00
404.95, 385.00
405.30, 359.00
405.64, 335.00
405.98, 317.00
406.33, 276.00
406.67, 249.00
407.02, 234.00
407.36, 237.00
407.70, 242.00
408.05, 232.00
408.39, 235.00
408.74, 247.00
409.08, 257.00
409.42, 238.00
409.77, 234.00
410.11, 235.00
410.46, 226.00
410.80, 230.00
411.14, 235.00
411.49, 242.00
411.83, 251.00
412.17, 249.00
412.52, 257.00
412.86, 269.00
413.20, 272.00
413.55, 272.00
413.89, 262.00
414.23, 250.00
414.58, 263.00
414.92, 232.00
415.26, 236.00
415.61, 222.00
415.95, 225.00
416.29, 225.00
416.64, 234.00
416.98, 246.00
417.32, 242.00
417.67, 254.00
418.01, 271.00
418.35, 268.00
418.70, 286.00
419.04, 319.00
419.38, 304.00
419.72, 298.00
420.07, 276.00
420.41, 255.00
420.75, 247.00
421.10, 232.00
421.44, 228.00
421.78, 239.00
422.12, 227.00
422.47, 235.00
422.81, 241.00
423.15, 249.00
423.49, 244.00
423.84, 238.00
424.18, 246.00
424.52, 257.00
424.86, 279.00
425.21, 305.00
425.55, 322.00
425.89, 351.00
426.23, 383.00
426.57, 420.00
426.92, 422.00
427.26, 419.00
427.60, 371.00
427.94, 316.00
428.28, 269.00
428.63, 257.00
428.97, 245.00
429.31, 238.00
429.65, 227.00
429.99, 230.00
430.34, 230.00
430.68, 229.00
431.02, 232.00
431.36, 230.00
431.70, 235.00
432.04, 243.00
432.39, 238.00
432.73, 253.00
433.07, 260.00
433.41, 274.00
433.75, 264.00
434.09, 272.00
434.43, 287.00
434.78, 332.00
435.12, 371.00
435.46, 387.00
435.80, 362.00
436.14, 340.00
436.48, 305.00
436.82, 295.00
437.16, 275.00
437.51, 254.00
437.85, 247.00
438.19, 278.00
438.53, 247.00
438.87, 258.00
439.21, 250.00
439.55, 259.00
439.89, 265.00
440.23, 253.00
440.57, 267.00
440.91, 269.00
441.26, 271.00
441.60, 251.00
441.94, 258.00
442.28, 243.00
442.62, 247.00
442.96, 239.00
443.30, 243.00
443.64, 239.00
443.98, 241.00
444.32, 238.00
444.66, 233.00
445.00, 234.00
445.34, 249.00
445.68, 249.00
446.02, 243.00
446.36, 238.00
446.70, 240.00
447.04, 242.00
447.38, 257.00
447.72, 253.00
448.06, 260.00
448.40, 254.00
448.74, 254.00
449.08, 246.00
449.42, 239.00
449.76, 230.00
450.10, 238.00
450.44, 226.00
450.78, 222.00
451.12, 237.00
451.46, 239.00
451.80, 235.00
452.14, 227.00
452.48, 226.00
452.82, 233.00
453.16, 232.00
453.50, 237.00
453.84, 233.00
454.18, 265.00
454.52, 250.00
454.86, 245.00
455.19, 253.00
455.53, 241.00
455.87, 250.00
456.21, 258.00
456.55, 259.00
456.89, 246.00
457.23, 255.00
457.57, 247.00
457.91, 245.00
458.25, 249.00
458.59, 257.00
458.92, 254.00
459.26, 252.00
459.60, 250.00
459.94, 241.00
460.28, 240.00
460.62, 243.00
460.96, 234.00
461.30, 230.00
461.63, 229.00
461.97, 235.00
462.31, 234.00
462.65, 241.00
462.99, 253.00
463.33, 247.00
463.67, 254.00
464.00, 255.00
464.34, 243.00
464.68, 247.00
465.02, 263.00
465.36, 266.00
465.70, 249.00
466.03, 260.00
466.37, 249.00
466.71, 254.00
467.05, 254.00
467.39, 257.00
467.72, 269.00
468.06, 266.00
468.40, 268.00
468.74, 272.00
469.08, 269.00
469.41, 284.00
469.75, 294.00
470.09, 299.00
470.43, 301.00
470.76, 290.00
471.10, 291.00
471.44, 288.00
471.78, 281.00
472.11, 269.00
472.45, 268.00
472.79, 269.00
473.13, 266.00
473.46, 269.00
473.80, 262.00
474.14, 261.00
474.48, 261.00
474.81, 261.00
475.15, 258.00
475.49, 254.00
475.82, 260.00
476.16, 264.00
476.50, 267.00
476.84, 256.00
477.17, 258.00
477.51, 267.00
477.85, 261.00
478.18, 278.00
478.52, 263.00
478.86, 304.00
479.19, 273.00
479.53, 272.00
479.87, 302.00
480.20, 283.00
480.54, 279.00
480.88, 270.00
481.21, 278.00
481.55, 276.00
481.89, 267.00
482.22, 283.00
482.56, 287.00
482.90, 293.00
483.23, 286.00
483.57, 288.00
483.90, 295.00
484.24, 304.00
484.58, 304.00
484.91, 307.00
485.25, 328.00
485.58, 332.00
485.92, 328.00
486.26, 337.00
486.59, 330.00
486.93, 339.00
487.26, 340.00
487.60, 338.00
487.94, 337.00
488.27, 337.00
488.61, 344.00
488.94, 332.00
489.28, 335.00
489.61, 338.00
489.95, 340.00
490.29, 334.00
490.62, 333.00
490.96, 334.00
491.29, 331.00
491.63, 330.00
491.96, 318.00
492.30, 315.00
492.63, 318.00
492.97, 311.00
493.30, 320.00
493.64, 316.00
493.97, 316.00
494.31, 305.00
494.64, 309.00
494.98, 300.00
495.31, 308.00
495.65, 305.00
495.98, 306.00
496.32, 303.00
496.65, 323.00
496.99, 301.00
497.32, 300.00
497.66, 294.00
497.99, 289.00
498.33, 289.00
498.66, 287.00
499.00, 289.00
499.33, 285.00
499.67, 278.00
500.00, 289.00
500.34, 287.00
500.67, 276.00
501.00, 277.00
501.34, 271.00
501.67, 277.00
502.01, 276.00
502.34, 272.00
502.68, 280.00
503.01, 281.00
503.34, 282.00
503.68, 275.00
504.01, 273.00
504.35, 278.00
504.68, 289.00
505.01, 280.00
505.35, 281.00
505.68, 283.00
506.02, 273.00
506.35, 281.00
506.68, 288.00
507.02, 274.00
507.35, 275.00
507.68, 281.00
508.02, 269.00
508.35, 275.00
508.69, 274.00
509.02, 273.00
509.35, 266.00
509.69, 267.00
510.02, 270.00
510.35, 267.00
510.69, 267.00
511.02, 269.00
511.35, 264.00
511.69, 276.00
512.02, 267.00
512.35, 270.00
512.68, 264.00
513.02, 264.00
513.35, 261.00
513.68, 262.00
514.02, 259.00
514.35, 262.00
514.68, 263.00
515.01, 253.00
515.35, 264.00
515.68, 260.00
516.01, 253.00
516.35, 264.00
516.68, 260.00
517.01, 254.00
517.34, 265.00
517.68, 268.00
518.01, 268.00
518.34, 263.00
518.67, 260.00
519.01, 254.00
519.34, 264.00
519.67, 270.00
520.00, 268.00
520.33, 266.00
520.67, 257.00
521.00, 256.00
521.33, 261.00
521.66, 266.00
522.00, 257.00
522.33, 261.00
522.66, 259.00
522.99, 257.00
523.32, 269.00
523.65, 261.00
523.99, 263.00
524.32, 264.00
524.65, 261.00
524.98, 261.00
525.31, 260.00
525.65, 283.00
525.98, 261.00
526.31, 262.00
526.64, 267.00
526.97, 253.00
527.30, 255.00
527.63, 256.00
527.97, 256.00
528.30, 255.00
528.63, 264.00
528.96, 280.00
529.29, 255.00
529.62, 254.00
529.95, 252.00
530.28, 257.00
530.61, 254.00
530.95, 253.00
531.28, 255.00
531.61, 261.00
531.94, 268.00
532.27, 266.00
532.60, 265.00
532.93, 271.00
533.26, 263.00
533.59, 257.00
533.92, 258.00
534.25, 260.00
534.58, 282.00
534.91, 264.00
535.25, 258.00
535.58, 251.00
535.91, 249.00
536.24, 260.00
536.57, 265.00
536.90, 259.00
537.23, 273.00
537.56, 304.00
537.89, 282.00
538.22, 279.00
538.55, 273.00
538.88, 297.00
539.21, 377.00
539.54, 307.00
539.87, 310.00
540.20, 333.00
540.53, 358.00
540.86, 414.00
541.19, 429.00
541.52, 475.00
541.85, 484.00
542.18, 501.00
542.51, 515.00
542.84, 531.00
543.17, 529.00
543.50, 521.00
543.82, 515.00
544.15, 505.00
544.48, 509.00
544.81, 532.00
545.14, 547.00
545.47, 522.00
545.80, 510.00
546.13, 443.00
546.46, 447.00
546.79, 406.00
547.12, 361.00
547.45, 356.00
547.78, 346.00
548.10, 334.00
548.43, 323.00
548.76, 322.00
549.09, 322.00
549.42, 311.00
549.75, 309.00
550.08, 305.00
550.41, 308.00
550.74, 307.00
551.06, 302.00
551.39, 304.00
551.72, 289.00
552.05, 292.00
552.38, 291.00
552.71, 285.00
553.03, 279.00
553.36, 279.00
553.69, 272.00
554.02, 263.00
554.35, 264.00
554.68, 256.00
555.00, 262.00
555.33, 255.00
555.66, 259.00
555.99, 259.00
556.32, 255.00
556.64, 245.00
556.97, 259.00
557.30, 251.00
557.63, 245.00
557.96, 252.00
558.28, 252.00
558.61, 242.00
558.94, 249.00
559.27, 249.00
559.59, 251.00
559.92, 242.00
560.25, 246.00
560.58, 245.00
560.90, 246.00
561.23, 246.00
561.56, 246.00
561.89, 244.00
562.21, 243.00
562.54, 235.00
562.87, 240.00
563.20, 248.00
563.52, 237.00
563.85, 237.00
564.18, 237.00
564.50, 236.00
564.83, 259.00
565.16, 275.00
565.48, 230.00
565.81, 240.00
566.14, 226.00
566.47, 227.00
566.79, 230.00
567.12, 224.00
567.45, 245.00
567.77, 232.00
568.10, 234.00
568.43, 226.00
568.75, 232.00
569.08, 232.00
569.40, 253.00
569.73, 230.00
570.06, 229.00
570.38, 225.00
570.71, 230.00
571.04, 228.00
571.36, 241.00
571.69, 226.00
572.01, 228.00
572.34, 239.00
572.67, 236.00
572.99, 231.00
573.32, 243.00
573.64, 239.00
573.97, 233.00
574.30, 239.00
574.62, 233.00
574.95, 237.00
575.27, 238.00
575.60, 246.00
575.92, 246.00
576.25, 250.00
576.58, 251.00
576.90, 245.00
577.23, 276.00
577.55, 246.00
577.88, 256.00
578.20, 256.00
578.53, 253.00
578.85, 271.00
579.18, 275.00
579.50, 256.00
579.83, 267.00
580.15, 264.00
580.48, 266.00
580.80, 260.00
581.13, 267.00
581.45, 267.00
581.78, 261.00
582.10, 275.00
582.43, 279.00
582.75, 280.00
583.08, 282.00
583.40, 285.00
583.73, 332.00
584.05, 282.00
584.38, 281.00
584.70, 302.00
585.03, 274.00
585.35, 271.00
585.67, 276.00
586.00, 285.00
586.32, 297.00
586.65, 311.00
586.97, 304.00
587.30, 304.00
587.62, 299.00
587.94, 301.00
588.27, 277.00
588.59, 270.00
588.92, 272.00
589.24, 274.00
589.56, 273.00
589.89, 265.00
590.21, 258.00
590.54, 260.00
590.86, 255.00
591.18, 261.00
591.51, 264.00
591.83, 277.00
592.15, 272.00
592.48, 282.00
592.80, 279.00
593.13, 265.00
593.45, 275.00
593.77, 273.00
594.10, 269.00
594.42, 270.00
594.74, 261.00
595.07, 263.00
595.39, 265.00
595.71, 254.00
596.03, 254.00
596.36, 256.00
596.68, 256.00
597.00, 254.00
597.33, 255.00
597.65, 273.00
597.97, 270.00
598.30, 270.00
598.62, 271.00
598.94, 272.00
599.26, 280.00
599.59, 278.00
599.91, 276.00
600.23, 269.00
600.55, 265.00
600.88, 258.00
601.20, 249.00
601.52, 248.00
601.84, 239.00
602.17, 237.00
602.49, 236.00
602.81, 237.00
603.13, 235.00
603.45, 240.00
603.78, 238.00
604.10, 234.00
604.42, 235.00
604.74, 237.00
605.07, 236.00
605.39, 229.00
605.71, 233.00
606.03, 246.00
606.35, 234.00
606.67, 237.00
607.00, 244.00
607.32, 234.00
607.64, 245.00
607.96, 228.00
608.28, 254.00
608.60, 253.00
608.93, 260.00
609.25, 285.00
609.57, 332.00
609.89, 394.00
610.21, 464.00
610.53, 507.00
610.85, 515.00
611.17, 483.00
611.50, 464.00
611.82, 432.00
612.14, 419.00
612.46, 388.00
612.78, 374.00
613.10, 354.00
613.42, 338.00
613.74, 339.00
614.06, 341.00
614.38, 313.00
614.70, 304.00
615.03, 308.00
615.35, 296.00
615.67, 353.00
615.99, 275.00
616.31, 257.00
616.63, 254.00
616.95, 245.00
617.27, 249.00
617.59, 241.00
617.91, 241.00
618.23, 244.00
618.55, 238.00
618.87, 236.00
619.19, 243.00
619.51, 239.00
619.83, 242.00
620.15, 236.00
620.47, 247.00
620.79, 238.00
621.11, 236.00
621.43, 233.00
621.75, 238.00
622.07, 239.00
622.39, 236.00
622.71, 236.00
623.03, 235.00
623.35, 269.00
623.67, 235.00
623.99, 232.00
624.31, 237.00
624.63, 230.00
624.95, 230.00
625.26, 232.00
625.58, 232.00
625.90, 251.00
626.22, 231.00
626.54, 226.00
626.86, 242.00
627.18, 232.00
627.50, 235.00
627.82, 229.00
628.14, 233.00
628.46, 238.00
628.77, 240.00
629.09, 239.00
629.41, 248.00
629.73, 251.00
630.05, 266.00
630.37, 260.00
630.69, 257.00
631.00, 252.00
631.32, 248.00
631.64, 241.00
631.96, 241.00
632.28, 233.00
632.60, 237.00
632.92, 227.00
633.23, 229.00
633.55, 232.00
633.87, 223.00
634.19, 234.00
634.51, 227.00
634.82, 242.00
635.14, 237.00
635.46, 238.00
635.78, 235.00
636.10, 233.00
636.41, 235.00
636.73, 234.00
637.05, 232.00
637.37, 233.00
637.68, 230.00
638.00, 234.00
638.32, 230.00
638.64, 229.00
638.95, 243.00
639.27, 227.00
639.59, 234.00
639.91, 230.00
640.22, 230.00
640.54, 227.00
640.86, 228.00
641.18, 229.00
641.49, 245.00
641.81, 238.00
642.13, 236.00
642.44, 226.00
642.76, 229.00
643.08, 234.00
643.40, 237.00
643.71, 241.00
644.03, 241.00
644.35, 241.00
644.66, 248.00
644.98, 247.00
645.30, 239.00
645.61, 250.00
645.93, 236.00
646.25, 233.00
646.56, 238.00
646.88, 250.00
647.19, 228.00
647.51, 230.00
647.83, 225.00
648.14, 227.00
648.46, 229.00
648.78, 228.00
649.09, 232.00
649.41, 274.00
649.72, 250.00
650.04, 255.00
650.36, 247.00
650.67, 253.00
650.99, 261.00
651.30, 250.00
651.62, 255.00
651.93, 263.00
652.25, 264.00
652.57, 286.00
652.88, 258.00
653.20, 256.00
653.51, 259.00
653.83, 250.00
654.14, 239.00
654.46, 239.00
654.77, 235.00
655.09, 243.00
655.40, 251.00
655.72, 237.00
656.04, 229.00
656.35, 234.00
656.67, 230.00
656.98, 227.00
657.30, 228.00
657.61, 233.00
657.93, 240.00
658.24, 235.00
658.55, 266.00
658.87, 235.00
659.18, 241.00
659.50, 250.00
659.81, 245.00
660.13, 250.00
660.44, 240.00
660.76, 245.00
661.07, 257.00
661.39, 243.00
661.70, 241.00
662.01, 239.00
662.33, 232.00
662.64, 227.00
662.96, 225.00
663.27, 219.00
663.59, 214.00
663.90, 212.00
664.21, 217.00
664.53, 226.00
664.84, 212.00
665.16, 236.00
665.47, 215.00
665.78, 218.00
666.10, 224.00
666.41, 216.00
666.72, 226.00
667.04, 224.00
667.35, 226.00
667.67, 222.00
667.98, 229.00
668.29, 223.00
668.61, 226.00
668.92, 224.00
669.23, 219.00
669.55, 223.00
669.86, 241.00
670.17, 220.00
670.48, 219.00
670.80, 211.00
671.11, 215.00
671.42, 214.00
671.74, 215.00
672.05, 215.00
672.36, 216.00
672.68, 218.00
672.99, 219.00
673.30, 217.00
673.61, 221.00
673.93, 225.00
674.24, 230.00
674.55, 240.00
674.86, 237.00
675.18, 236.00
675.49, 238.00
675.80, 244.00
676.11, 240.00
676.43, 248.00
676.74, 245.00
677.05, 242.00
677.36, 252.00
677.67, 245.00
677.99, 239.00
678.30, 230.00
678.61, 227.00
678.92, 223.00
679.23, 221.00
679.55, 218.00
679.86, 211.00
680.17, 206.00
680.48, 209.00
680.79, 208.00
681.10, 198.00
681.42, 201.00
681.73, 197.00
682.04, 196.00
682.35, 202.00
682.66, 198.00
682.97, 198.00
683.28, 205.00
683.60, 200.00
683.91, 202.00
684.22, 219.00
684.53, 203.00
684.84, 205.00
685.15, 204.00
685.46, 225.00
685.77, 199.00
686.08, 197.00
686.40, 230.00
686.71, 202.00
687.02, 200.00
687.33, 199.00
687.64, 192.00
687.95, 195.00
688.26, 200.00
688.57, 193.00
688.88, 189.00
689.19, 188.00
689.50, 186.00
689.81, 192.00
690.12, 186.00
690.43, 199.00
690.74, 188.00
691.05, 188.00
691.36, 192.00
691.67, 180.00
691.98, 178.00
692.29, 187.00
692.60, 190.00
692.91, 186.00
693.22, 188.00
693.53, 187.00
693.84, 196.00
694.15, 189.00
694.46, 187.00
694.77, 188.00
695.08, 189.00
695.39, 192.00
695.70, 187.00
696.01, 192.00
696.32, 190.00
696.63, 184.00
696.94, 187.00
697.25, 186.00
697.56, 187.00
697.87, 187.00
698.17, 213.00
698.48, 189.00
698.79, 187.00
699.10, 190.00
699.41, 186.00
699.72, 182.00
700.03, 187.00
700.34, 182.00
700.65, 190.00
700.95, 188.00
701.26, 187.00
701.57, 179.00
701.88, 181.00
702.19, 204.00
702.50, 188.00
702.81, 188.00
703.11, 202.00
703.42, 188.00
703.73, 190.00
704.04, 192.00
704.35, 194.00
704.66, 197.00
704.96, 201.00
705.27, 223.00
705.58, 231.00
705.89, 237.00
706.20, 224.00
706.50, 222.00
706.81, 221.00
707.12, 218.00
707.43, 218.00
707.73, 217.00
708.04, 209.00
708.35, 214.00
708.66, 205.00
708.97, 201.00
709.27, 198.00
709.58, 196.00
709.89, 192.00
710.19, 194.00
710.50, 197.00
710.81, 197.00
711.12, 203.00
711.42, 205.00
711.73, 210.00
712.04, 201.00
712.35, 197.00
712.65, 199.00
712.96, 199.00
713.27, 195.00
713.57, 206.00
713.88, 204.00
714.19, 185.00
714.49, 187.00
714.80, 189.00
715.11, 183.00
715.41, 187.00
715.72, 182.00
716.03, 188.00
716.33, 191.00
716.64, 178.00
716.94, 188.00
717.25, 181.00
717.56, 189.00
717.86, 184.00
718.17, 181.00
718.48, 177.00
718.78, 179.00
719.09, 178.00
719.39, 177.00
719.70, 180.00
720.01, 180.00
720.31, 180.00
720.62, 182.00
720.92, 181.00
721.23, 187.00
721.53, 186.00
721.84, 179.00
722.15, 183.00
722.45, 187.00
722.76, 183.00
723.06, 183.00
723.37, 183.00
723.67, 181.00
723.98, 182.00
724.28, 182.00
724.59, 182.00
724.89, 184.00
725.20, 185.00
725.50, 192.00
725.81, 178.00
726.11, 181.00
726.42, 184.00
726.72, 183.00
727.03, 207.00
727.33, 178.00
727.64, 180.00
727.94, 181.00
728.25, 181.00
728.55, 175.00
728.86, 197.00
729.16, 175.00
729.46, 179.00
729.77, 181.00
730.07, 173.00
730.38, 182.00
730.68, 182.00
730.99, 187.00
731.29, 177.00
731.59, 178.00
731.90, 176.00
732.20, 182.00
732.51, 187.00
732.81, 177.00
733.11, 182.00
733.42, 180.00
733.72, 191.00
734.02, 186.00
734.33, 180.00
734.63, 182.00
734.94, 174.00
735.24, 189.00
735.54, 182.00
735.85, 180.00
736.15, 182.00
736.45, 183.00
736.76, 182.00
737.06, 181.00
737.36, 181.00
737.67, 182.00
737.97, 188.00
738.27, 185.00
738.57, 183.00
738.88, 176.00
739.18, 206.00
739.48, 175.00
739.79, 180.00
740.09, 176.00
740.39, 187.00
740.69, 185.00
741.00, 180.00
741.30, 187.00
741.60, 186.00
741.90, 181.00
742.21, 179.00
742.51, 220.00
742.81, 185.00
743.11, 183.00
743.42, 207.00
743.72, 191.00
744.02, 200.00
744.32, 203.00
744.63, 209.00
744.93, 211.00
745.23, 208.00
745.53, 209.00
745.83, 212.00
746.13, 212.00
746.44, 205.00
746.74, 210.00
747.04, 210.00
747.34, 211.00
747.64, 211.00
747.94, 209.00
748.25, 213.00
748.55, 215.00
748.85, 214.00
749.15, 212.00
749.45, 234.00
749.75, 220.00
750.05, 201.00
750.35, 191.00
750.66, 209.00
750.96, 199.00
751.26, 183.00
751.56, 182.00
751.86, 190.00
752.16, 185.00
752.46, 181.00
752.76, 181.00
753.06, 182.00
753.36, 209.00
753.66, 182.00
753.96, 179.00
754.27, 181.00
754.57, 183.00
754.87, 181.00
755.17, 180.00
755.47, 185.00
755.77, 191.00
756.07, 185.00
756.37, 188.00
756.67, 197.00
756.97, 193.00
757.27, 196.00
757.57, 197.00
757.87, 198.00
758.17, 189.00
758.47, 197.00
758.77, 199.00
759.07, 194.00
759.37, 196.00
759.67, 197.00
759.97, 199.00
760.27, 193.00
760.57, 192.00
760.86, 179.00
761.16, 192.00
761.46, 190.00
761.76, 211.00
762.06, 190.00
762.36, 199.00
762.66, 183.00
762.96, 183.00
763.26, 186.00
763.56, 202.00
763.86, 180.00
764.16, 182.00
764.45, 190.00
764.75, 180.00
765.05, 180.00
765.35, 178.00
765.65, 174.00
765.95, 181.00
766.25, 180.00
766.55, 183.00
766.84, 184.00
767.14, 179.00
767.44, 187.00
767.74, 181.00
768.04, 188.00
768.34, 183.00
768.63, 177.00
768.93, 187.00
769.23, 184.00
769.53, 186.00
769.83, 188.00
770.12, 188.00
770.42, 191.00
770.72, 187.00
771.02, 186.00
771.32, 191.00
771.61, 192.00
771.91, 194.00
772.21, 189.00
772.51, 184.00
772.80, 187.00
773.10, 187.00
773.40, 189.00
773.70, 187.00
773.99, 192.00
774.29, 186.00
774.59, 192.00
774.88, 188.00
775.18, 189.00
775.48, 236.00
775.78, 401.00
776.07, 567.00
776.37, 661.00
776.67, 654.00
776.96, 524.00
777.26, 439.00
777.56, 341.00
777.85, 323.00
778.15, 300.00
778.45, 292.00
778.74, 266.00
779.04, 240.00
779.34, 210.00
779.63, 188.00
779.93, 177.00
780.22, 177.00
780.52, 174.00
780.82, 171.00
781.11, 169.00
781.41, 172.00
781.71, 172.00
782.00, 173.00
782.30, 172.00
782.59, 176.00
782.89, 171.00
783.19, 173.00
783.48, 169.00
783.78, 164.00
784.07, 173.00
784.37, 172.00
784.66, 169.00
784.96, 173.00
785.25, 172.00
785.55, 170.00
785.84, 172.00
786.14, 174.00
786.44, 166.00
786.73, 169.00
787.03, 172.00
787.32, 172.00
787.62, 168.00
787.91, 165.00
788.21, 173.00
788.50, 166.00
788.80, 174.00
789.09, 173.00
789.39, 175.00
789.68, 168.00
789.97, 169.00
790.27, 167.00
790.56, 171.00
790.86, 178.00
791.15, 172.00
791.45, 170.00
791.74, 191.00
792.04, 171.00
792.33, 172.00
792.62, 191.00
792.92, 169.00
793.21, 168.00
793.51, 174.00
793.80, 166.00
794.09, 169.00
794.39, 167.00
794.68, 166.00
794.98, 172.00
795.27, 169.00
795.56, 163.00
795.86, 169.00
796.15, 171.00
796.44, 173.00
796.74, 168.00
797.03, 165.00
797.32, 169.00
797.62, 168.00
797.91, 172.00
798.20, 165.00
798.50, 177.00
798.79, 175.00
799.08, 161.00
799.38, 170.00
799.67, 167.00
799.96, 178.00
800.26, 193.00
800.55, 175.00
800.84, 176.00
801.13, 172.00
801.43, 171.00
801.72, 200.00
802.01, 168.00
802.30, 170.00
802.60, 172.00
802.89, 174.00
803.18, 170.00
803.47, 178.00
803.77, 176.00
804.06, 177.00
804.35, 173.00
804.64, 187.00
804.94, 168.00
805.23, 170.00
805.52, 172.00
805.81, 167.00
806.10, 168.00
806.39, 167.00
806.69, 168.00
806.98, 164.00
807.27, 170.00
807.56, 176.00
807.85, 173.00
808.14, 163.00
808.44, 176.00
808.73, 170.00
809.02, 175.00
809.31, 171.00
809.60, 172.00
809.89, 177.00
810.18, 168.00
810.48, 175.00
810.77, 173.00
811.06, 171.00
811.35, 167.00
811.64, 171.00
811.93, 184.00
812.22, 169.00
812.51, 169.00
812.80, 163.00
813.09, 167.00
813.38, 170.00
813.67, 187.00
813.96, 170.00
814.26, 164.00
814.55, 166.00
814.84, 165.00
815.13, 170.00
815.42, 170.00
815.71, 171.00
816.00, 167.00
816.29, 174.00
816.58, 168.00
816.87, 170.00
817.16, 167.00
817.45, 168.00
817.74, 173.00
818.03, 166.00
818.32, 167.00
818.61, 167.00
818.90, 169.00
819.19, 171.00
819.48, 169.00
819.76, 166.00
820.05, 170.00
820.34, 168.00
820.63, 166.00
820.92, 163.00
821.21, 166.00
821.50, 169.00
821.79, 167.00
822.08, 167.00
822.37, 167.00
822.66, 169.00
822.95, 168.00
823.23, 169.00
823.52, 182.00
823.81, 169.00
824.10, 166.00
824.39, 167.00
824.68, 163.00
824.97, 181.00
825.26, 164.00
825.54, 198.00
825.83, 168.00
826.12, 169.00
826.41, 169.00
826.70, 166.00
826.99, 169.00
827.27, 169.00
827.56, 179.00
827.85, 165.00
828.14, 168.00
828.43, 171.00
828.71, 165.00
829.00, 169.00
829.29, 169.00
829.58, 172.00
829.86, 166.00
830.15, 166.00
830.44, 168.00
830.73, 170.00
831.01, 164.00
831.30, 167.00
831.59, 171.00
831.88, 169.00
832.16, 163.00
832.45, 172.00
832.74, 168.00
833.03, 165.00
833.31, 170.00
833.60, 166.00
833.89, 165.00
834.17, 170.00
834.46, 167.00
834.75, 167.00
835.03, 163.00
835.32, 166.00
835.61, 180.00
835.89, 177.00
836.18, 162.00
836.47, 163.00
836.75, 166.00
837.04, 170.00
837.33, 167.00
837.61, 167.00
837.90, 168.00
838.19, 167.00
838.47, 165.00
838.76, 167.00
839.04, 169.00
839.33, 164.00
839.62, 166.00
839.90, 168.00
840.19, 169.00
840.47, 169.00
840.76, 183.00
841.04, 169.00
841.33, 165.00
841.62, 167.00
841.90, 171.00
842.19, 165.00
842.47, 190.00
842.76, 169.00
843.04, 174.00
843.33, 184.00
843.61, 175.00
843.90, 179.00
844.18, 178.00
844.47, 183.00
844.75, 187.00
845.04, 173.00
845.32, 173.00
845.61, 171.00
845.89, 172.00
846.18, 177.00
846.46, 174.00
846.75, 171.00
847.03, 182.00
847.32, 167.00
847.60, 168.00
847.88, 167.00
848.17, 168.00
848.45, 179.00
848.74, 170.00
849.02, 165.00
849.31, 171.00
849.59, 169.00
849.87, 167.00
850.16, 161.00
850.44, 171.00
850.73, 189.00
851.01, 163.00
851.29, 166.00
851.58, 171.00
851.86, 167.00
852.14, 166.00
852.43, 169.00
852.71, 169.00
853.00, 165.00
853.28, 174.00
853.56, 159.00
853.85, 162.00
854.13, 164.00
854.41, 166.00
854.69, 160.00
854.98, 163.00
855.26, 214.00
855.54, 164.00
855.83, 170.00
856.11, 167.00
856.39, 161.00
856.68, 163.00
856.96, 165.00
857.24, 164.00
857.52, 167.00
857.81, 163.00
858.09, 163.00
858.37, 167.00
858.65, 166.00
858.94, 167.00
859.22, 160.00
