190.05, 0.00
190.41, 135.00
190.77, 133.00
191.14, 137.00
191.50, 141.00
191.86, 162.00
192.22, 145.00
192.58, 155.00
192.94, 146.00
193.31, 148.00
193.67, 144.00
194.03, 148.00
194.39, 147.00
194.75, 144.00
195.11, 149.00
195.47, 157.00
195.84, 142.00
196.20, 150.00
196.56, 160.00
196.92, 146.00
197.28, 151.00
197.64, 147.00
198.00, 146.00
198.37, 149.00
198.73, 149.00
199.09, 146.00
199.45, 144.00
199.81, 146.00
200.17, 150.00
200.53, 143.00
200.89, 152.00
201.25, 180.00
201.62, 140.00
201.98, 143.00
202.34, 149.00
202.70, 154.00
203.06, 146.00
203.42, 142.00
203.78, 144.00
204.14, 144.00
204.50, 168.00
204.86, 151.00
205.22, 147.00
205.58, 153.00
205.95, 145.00
206.31, 145.00
206.67, 142.00
207.03, 148.00
207.39, 155.00
207.75, 150.00
208.11, 141.00
208.47, 149.00
208.83, 148.00
209.19, 150.00
209.55, 147.00
209.91, 145.00
210.27, 149.00
210.63, 146.00
210.99, 160.00
211.35, 144.00
211.71, 148.00
212.07, 147.00
212.43, 149.00
212.79, 145.00
213.15, 149.00
213.51, 149.00
213.87, 149.00
214.23, 145.00
214.59, 147.00
214.95, 147.00
215.31, 143.00
215.67, 144.00
216.03, 170.00
216.39, 146.00
216.75, 146.00
217.11, 149.00
217.47, 146.00
217.83, 146.00
218.19, 147.00
218.55, 151.00
218.91, 150.00
219.27, 143.00
219.63, 145.00
219.99, 143.00
220.35, 146.00
220.71, 149.00
221.07, 143.00
221.43, 148.00
221.79, 138.00
222.15, 148.00
222.51, 143.00
222.87, 148.00
223.23, 148.00
223.59, 148.00
223.95, 145.00
224.31, 144.00
224.67, 147.00
225.03, 147.00
225.39, 155.00
225.74, 146.00
226.10, 148.00
226.46, 146.00
226.82, 148.00
227.18, 147.00
227.54, 143.00
227.90, 152.00
228.26, 148.00
228.62, 147.00
228.98, 144.00
229.34, 142.00
229.69, 143.00
230.05, 155.00
230.41, 145.00
230.77, 151.00
231.13, 157.00
231.49, 148.00
231.85, 143.00
232.21, 154.00
232.57, 147.00
232.92, 143.00
233.28, 145.00
233.64, 150.00
234.00, 147.00
234.36, 144.00
234.72, 147.00
235.08, 153.00
235.44, 150.00
235.79, 146.00
236.15, 147.00
236.51, 145.00
236.87, 144.00
237.23, 153.00
237.59, 149.00
237.94, 160.00
238.30, 148.00
238.66, 145.00
239.02, 144.00
239.38, 144.00
239.74, 145.00
240.09, 155.00
240.45, 143.00
240.81, 145.00
241.17, 156.00
241.53, 139.00
241.89, 153.00
242.24, 144.00
242.60, 146.00
242.96, 149.00
243.32, 151.00
243.68, 149.00
244.03, 142.00
244.39, 146.00
244.75, 165.00
245.11, 147.00
245.46, 148.00
245.82, 173.00
246.18, 143.00
246.54, 152.00
246.90, 141.00
247.25, 143.00
247.61, 148.00
247.97, 185.00
248.33, 146.00
248.68, 142.00
249.04, 144.00
249.40, 146.00
249.76, 149.00
250.11, 147.00
250.47, 150.00
250.83, 151.00
251.19, 153.00
251.54, 155.00
251.90, 149.00
252.26, 153.00
252.62, 143.00
252.97, 149.00
253.33, 148.00
253.69, 145.00
254.05, 147.00
254.40, 139.00
254.76, 136.00
255.12, 166.00
255.47, 151.00
255.83, 147.00
256.19, 142.00
256.54, 145.00
256.90, 147.00
257.26, 142.00
257.62, 144.00
257.97, 143.00
258.33, 147.00
258.69, 147.00
259.04, 146.00
259.40, 147.00
259.76, 150.00
260.11, 141.00
260.47, 140.00
260.83, 150.00
261.18, 147.00
261.54, 154.00
261.90, 150.00
262.25, 146.00
262.61, 149.00
262.97, 150.00
263.32, 143.00
263.68, 143.00
264.04, 152.00
264.39, 143.00
264.75, 146.00
265.10, 149.00
265.46, 194.00
265.82, 161.00
266.17, 146.00
266.53, 149.00
266.89, 147.00
267.24, 153.00
267.60, 143.00
267.95, 150.00
268.31, 138.00
268.67, 142.00
269.02, 142.00
269.38, 145.00
269.74, 153.00
270.09, 144.00
270.45, 140.00
270.80, 165.00
271.16, 150.00
271.51, 153.00
271.87, 151.00
272.23, 152.00
272.58, 146.00
272.94, 149.00
273.29, 145.00
273.65, 196.00
274.00, 143.00
274.36, 153.00
274.72, 149.00
275.07, 147.00
275.43, 146.00
275.78, 150.00
276.14, 143.00
276.49, 150.00
276.85, 161.00
277.20, 169.00
277.56, 146.00
277.92, 144.00
278.27, 149.00
278.63, 151.00
278.98, 143.00
279.34, 142.00
279.69, 144.00
280.05, 165.00
280.40, 149.00
280.76, 158.00
281.11, 152.00
281.47, 147.00
281.82, 146.00
282.18, 146.00
282.53, 155.00
282.89, 162.00
283.24, 156.00
283.60, 149.00
283.95, 157.00
284.31, 152.00
284.66, 152.00
285.02, 157.00
285.37, 154.00
285.73, 150.00
286.08, 165.00
286.44, 151.00
286.79, 155.00
287.14, 156.00
287.50, 154.00
287.85, 145.00
288.21, 146.00
288.56, 151.00
288.92, 148.00
289.27, 148.00
289.63, 150.00
289.98, 155.00
290.34, 149.00
290.69, 156.00
291.04, 147.00
291.40, 144.00
291.75, 150.00
292.11, 155.00
292.46, 147.00
292.81, 152.00
293.17, 146.00
293.52, 149.00
293.88, 149.00
294.23, 149.00
294.59, 153.00
294.94, 158.00
295.29, 158.00
295.65, 165.00
296.00, 181.00
296.36, 160.00
296.71, 156.00
297.06, 163.00
297.42, 163.00
297.77, 162.00
298.12, 162.00
298.48, 152.00
298.83, 156.00
299.19, 158.00
299.54, 159.00
299.89, 151.00
300.25, 157.00
300.60, 157.00
300.95, 157.00
301.31, 149.00
301.66, 151.00
302.01, 148.00
302.37, 148.00
302.72, 149.00
303.07, 152.00
303.43, 155.00
303.78, 154.00
304.13, 159.00
304.49, 152.00
304.84, 161.00
305.19, 190.00
305.55, 153.00
305.90, 166.00
306.25, 184.00
306.61, 223.00
306.96, 255.00
307.31, 325.00
307.66, 428.00
308.02, 542.00
308.37, 612.00
308.72, 678.00
309.08, 669.00
309.43, 638.00
309.78, 546.00
310.13, 479.00
310.49, 425.00
310.84, 341.00
311.19, 298.00
311.54, 268.00
311.90, 236.00
312.25, 228.00
312.60, 229.00
312.95, 253.00
313.31, 272.00
313.66, 267.00
314.01, 277.00
314.36, 278.00
314.72, 299.00
315.07, 355.00
315.42, 402.00
315.77, 439.00
316.13, 350.00
316.48, 280.00
316.83, 217.00
317.18, 184.00
317.54, 169.00
317.89, 162.00
318.24, 159.00
318.59, 159.00
318.94, 161.00
319.30, 155.00
319.65, 158.00
320.00, 152.00
320.35, 156.00
320.70, 158.00
321.05, 156.00
321.41, 160.00
321.76, 153.00
322.11, 154.00
322.46, 155.00
322.81, 197.00
323.17, 161.00
323.52, 148.00
323.87, 154.00
324.22, 161.00
324.57, 153.00
324.92, 157.00
325.27, 152.00
325.63, 160.00
325.98, 158.00
326.33, 162.00
326.68, 156.00
327.03, 163.00
327.38, 163.00
327.73, 161.00
328.09, 179.00
328.44, 206.00
328.79, 176.00
329.14, 211.00
329.49, 175.00
329.84, 174.00
330.19, 184.00
330.54, 173.00
330.89, 178.00
331.25, 161.00
331.60, 161.00
331.95, 162.00
332.30, 158.00
332.65, 163.00
333.00, 172.00
333.35, 216.00
333.70, 222.00
334.05, 182.00
334.40, 187.00
334.75, 193.00
335.10, 234.00
335.45, 294.00
335.81, 404.00
336.16, 587.00
336.51, 824.00
336.86, 856.00
337.21, 758.00
337.56, 527.00
337.91, 347.00
338.26, 238.00
338.61, 184.00
338.96, 167.00
339.31, 158.00
339.66, 157.00
340.01, 161.00
340.36, 157.00
340.71, 154.00
341.06, 149.00
341.41, 158.00
341.76, 151.00
342.11, 157.00
342.46, 149.00
342.81, 161.00
343.16, 153.00
343.51, 153.00
343.86, 151.00
344.21, 148.00
344.56, 159.00
344.91, 152.00
345.26, 156.00
345.61, 153.00
345.96, 157.00
346.31, 152.00
346.66, 175.00
347.01, 158.00
347.36, 174.00
347.71, 154.00
348.06, 151.00
348.41, 167.00
348.76, 175.00
349.10, 163.00
349.45, 174.00
349.80, 177.00
350.15, 181.00
350.50, 167.00
350.85, 174.00
351.20, 170.00
351.55, 196.00
351.90, 198.00
352.25, 234.00
352.60, 279.00
352.95, 341.00
353.30, 378.00
353.64, 329.00
353.99, 292.00
354.34, 257.00
354.69, 249.00
355.04, 259.00
355.39, 296.00
355.74, 367.00
356.09, 438.00
356.44, 531.00
356.78, 652.00
357.13, 737.00
357.48, 710.00
357.83, 583.00
358.18, 408.00
358.53, 298.00
358.88, 218.00
359.22, 193.00
359.57, 160.00
359.92, 162.00
360.27, 159.00
360.62, 160.00
360.97, 160.00
361.32, 153.00
361.66, 156.00
362.01, 155.00
362.36, 156.00
362.71, 157.00
363.06, 161.00
363.40, 159.00
363.75, 158.00
364.10, 160.00
364.45, 161.00
364.80, 162.00
365.14, 157.00
365.49, 164.00
365.84, 156.00
366.19, 162.00
366.54, 167.00
366.88, 182.00
367.23, 165.00
367.58, 211.00
367.93, 161.00
368.28, 160.00
368.62, 158.00
368.97, 168.00
369.32, 176.00
369.67, 174.00
370.01, 202.00
370.36, 202.00
370.71, 221.00
371.06, 199.00
371.40, 188.00
371.75, 164.00
372.10, 162.00
372.45, 159.00
372.79, 165.00
373.14, 172.00
373.49, 185.00
373.83, 213.00
374.18, 237.00
374.53, 271.00
374.88, 300.00
375.22, 309.00
375.57, 264.00
375.92, 227.00
376.26, 195.00
376.61, 173.00
376.96, 161.00
377.30, 181.00
377.65, 172.00
378.00, 181.00
378.35, 210.00
378.69, 235.00
379.04, 265.00
379.39, 346.00
379.73, 401.00
380.08, 411.00
380.43, 340.00
380.77, 271.00
381.12, 242.00
381.47, 207.00
381.81, 184.00
382.16, 163.00
382.50, 163.00
382.85, 231.00
383.20, 162.00
383.54, 164.00
383.89, 167.00
384.24, 170.00
384.58, 182.00
384.93, 199.00
385.27, 190.00
385.62, 192.00
385.97, 192.00
386.31, 188.00
386.66, 223.00
387.00, 196.00
387.35, 206.00
387.70, 219.00
388.04, 310.00
388.39, 309.00
388.73, 403.00
389.08, 545.00
389.43, 753.00
389.77, 976.00
390.12, 1266.00
390.46, 1796.00
390.81, 2014.00
391.15, 1929.00
391.50, 1444.00
391.85, 886.00
392.19, 571.00
392.54, 353.00
392.88, 235.00
393.23, 216.00
393.57, 209.00
393.92, 193.00
394.26, 183.00
394.61, 165.00
394.95, 166.00
395.30, 156.00
395.64, 156.00
395.99, 193.00
396.33, 158.00
396.68, 159.00
397.02, 161.00
397.37, 168.00
397.71, 178.00
398.06, 182.00
398.40, 193.00
398.75, 225.00
399.09, 234.00
399.44, 231.00
399.78, 212.00
400.13, 194.00
400.47, 172.00
400.82, 159.00
401.16, 157.00
401.51, 156.00
401.85, 153.00
402.20, 153.00
402.54, 156.00
402.88, 163.00
403.23, 166.00
403.57, 173.00
403.92, 210.00
404.26, 268.00
404.61, 235.00
404.95, 270.00
405.30, 241.00
405.64, 232.00
405.98, 227.00
406.33, 191.00
406.67, 178.00
407.02, 167.00
407.36, 166.00
407.70, 170.00
408.05, 166.00
408.39, 167.00
408.74, 167.00
409.08, 172.00
409.42, 169.00
409.77, 163.00
410.11, 170.00
410.46, 162.00
410.80, 165.00
411.14, 168.00
411.49, 169.00
411.83, 167.00
412.17, 171.00
412.52, 174.00
412.86, 175.00
413.20, 177.00
413.55, 175.00
413.89, 173.00
414.23, 169.00
414.58, 208.00
414.92, 162.00
415.26, 160.00
415.61, 165.00
415.95, 160.00
416.29, 169.00
416.64, 162.00
416.98, 172.00
417.32, 176.00
417.67, 190.00
418.01, 204.00
418.35, 201.00
418.70, 223.00
419.04, 251.00
419.38, 246.00
419.72, 235.00
420.07, 221.00
420.41, 190.00
420.75, 172.00
421.10, 170.00
421.44, 169.00
421.78, 167.00
422.12, 167.00
422.47, 178.00
422.81, 183.00
423.15, 203.00
423.49, 189.00
423.84, 196.00
424.18, 196.00
424.52, 213.00
424.86, 255.00
425.21, 331.00
425.55, 386.00
425.89, 455.00
426.23, 541.00
426.57, 710.00
426.92, 801.00
427.26, 869.00
427.60, 731.00
427.94, 501.00
428.28, 368.00
428.63, 280.00
428.97, 223.00
429.31, 188.00
429.65, 173.00
429.99, 167.00
430.34, 164.00
430.68, 165.00
431.02, 172.00
431.36, 161.00
431.70, 163.00
432.04, 164.00
432.39, 165.00
432.73, 175.00
433.07, 178.00
433.41, 181.00
433.75, 185.00
434.09, 184.00
434.43, 187.00
434.78, 250.00
435.12, 304.00
435.46, 344.00
435.80, 309.00
436.14, 277.00
436.48, 229.00
436.82, 214.00
437.16, 186.00
437.51, 180.00
437.85, 174.00
438.19, 206.00
438.53, 166.00
438.87, 182.00
439.21, 172.00
439.55, 181.00
439.89, 178.00
440.23, 181.00
440.57, 179.00
440.91, 176.00
441.26, 175.00
441.60, 168.00
441.94, 164.00
442.28, 175.00
442.62, 168.00
442.96, 164.00
443.30, 165.00
443.64, 171.00
443.98, 170.00
444.32, 174.00
444.66, 166.00
445.00, 165.00
445.34, 174.00
445.68, 169.00
446.02, 168.00
446.36, 166.00
446.70, 172.00
447.04, 174.00
447.38, 191.00
447.72, 169.00
448.06, 172.00
448.40, 169.00
448.74, 169.00
449.08, 165.00
449.42, 168.00
449.76, 175.00
450.10, 165.00
450.44, 168.00
450.78, 167.00
451.12, 170.00
451.46, 169.00
451.80, 172.00
452.14, 165.00
452.48, 166.00
452.82, 169.00
453.16, 163.00
453.50, 170.00
453.84, 163.00
454.18, 200.00
454.52, 173.00
454.86, 173.00
455.19, 188.00
455.53, 171.00
455.87, 174.00
456.21, 181.00
456.55, 176.00
456.89, 176.00
457.23, 176.00
457.57, 174.00
457.91, 185.00
458.25, 187.00
458.59, 189.00
458.92, 210.00
459.26, 198.00
459.60, 200.00
459.94, 189.00
460.28, 176.00
460.62, 178.00
460.96, 168.00
461.30, 160.00
461.63, 159.00
461.97, 163.00
462.31, 160.00
462.65, 162.00
462.99, 170.00
463.33, 174.00
463.67, 171.00
464.00, 174.00
464.34, 181.00
464.68, 176.00
465.02, 184.00
465.36, 185.00
465.70, 172.00
466.03, 184.00
466.37, 169.00
466.71, 174.00
467.05, 182.00
467.39, 189.00
467.72, 199.00
468.06, 215.00
468.40, 232.00
468.74, 244.00
469.08, 256.00
469.41, 275.00
469.75, 311.00
470.09, 347.00
470.43, 337.00
470.76, 285.00
471.10, 252.00
471.44, 229.00
471.78, 207.00
472.11, 196.00
472.45, 184.00
472.79, 174.00
473.13, 170.00
473.46, 184.00
473.80, 167.00
474.14, 165.00
474.48, 168.00
474.81, 165.00
475.15, 166.00
475.49, 168.00
475.82, 174.00
476.16, 172.00
476.50, 163.00
476.84, 173.00
477.17, 166.00
477.51, 165.00
477.85, 162.00
478.18, 176.00
478.52, 169.00
478.86, 215.00
479.19, 176.00
479.53, 165.00
479.87, 207.00
480.20, 175.00
480.54, 173.00
480.88, 174.00
481.21, 172.00
481.55, 172.00
481.89, 175.00
482.22, 170.00
482.56, 186.00
482.90, 188.00
483.23, 192.00
483.57, 193.00
483.90, 196.00
484.24, 203.00
484.58, 211.00
484.91, 216.00
485.25, 221.00
485.58, 224.00
485.92, 232.00
486.26, 235.00
486.59, 234.00
486.93, 241.00
487.26, 233.00
487.60, 238.00
487.94, 234.00
488.27, 232.00
488.61, 234.00
488.94, 231.00
489.28, 230.00
489.61, 227.00
489.95, 225.00
490.29, 231.00
490.62, 228.00
490.96, 225.00
491.29, 229.00
491.63, 219.00
491.96, 213.00
492.30, 210.00
492.63, 215.00
492.97, 211.00
493.30, 211.00
493.64, 204.00
493.97, 202.00
494.31, 203.00
494.64, 206.00
494.98, 211.00
495.31, 200.00
495.65, 197.00
495.98, 201.00
496.32, 194.00
496.65, 233.00
496.99, 197.00
497.32, 189.00
497.66, 185.00
497.99, 179.00
498.33, 183.00
498.66, 186.00
499.00, 184.00
499.33, 182.00
499.67, 177.00
500.00, 177.00
500.34, 183.00
500.67, 197.00
501.00, 186.00
501.34, 185.00
501.67, 180.00
502.01, 173.00
502.34, 172.00
502.68, 181.00
503.01, 185.00
503.34, 176.00
503.68, 180.00
504.01, 177.00
504.35, 179.00
504.68, 176.00
505.01, 174.00
505.35, 177.00
505.68, 176.00
506.02, 172.00
506.35, 179.00
506.68, 189.00
507.02, 182.00
507.35, 170.00
507.68, 170.00
508.02, 174.00
508.35, 180.00
508.69, 172.00
509.02, 172.00
509.35, 171.00
509.69, 167.00
510.02, 171.00
510.35, 168.00
510.69, 167.00
511.02, 165.00
511.35, 164.00
511.69, 167.00
512.02, 167.00
512.35, 168.00
512.68, 175.00
513.02, 171.00
513.35, 164.00
513.68, 168.00
514.02, 169.00
514.35, 165.00
514.68, 172.00
515.01, 168.00
515.35, 166.00
515.68, 159.00
516.01, 159.00
516.35, 158.00
516.68, 155.00
517.01, 167.00
517.34, 168.00
517.68, 160.00
518.01, 173.00
518.34, 167.00
518.67, 161.00
519.01, 167.00
519.34, 171.00
519.67, 171.00
520.00, 171.00
520.33, 170.00
520.67, 173.00
521.00, 174.00
521.33, 182.00
521.66, 196.00
522.00, 190.00
522.33, 188.00
522.66, 182.00
522.99, 171.00
523.32, 180.00
523.65, 170.00
523.99, 170.00
524.32, 174.00
524.65, 171.00
524.98, 175.00
525.31, 171.00
525.65, 202.00
525.98, 167.00
526.31, 166.00
526.64, 178.00
526.97, 174.00
527.30, 167.00
527.63, 167.00
527.97, 164.00
528.30, 156.00
528.63, 173.00
528.96, 188.00
529.29, 159.00
529.62, 169.00
529.95, 159.00
530.28, 157.00
530.61, 159.00
530.95, 160.00
531.28, 162.00
531.61, 168.00
531.94, 172.00
532.27, 175.00
532.60, 173.00
532.93, 173.00
533.26, 172.00
533.59, 167.00
533.92, 175.00
534.25, 168.00
534.58, 205.00
534.91, 165.00
535.25, 163.00
535.58, 164.00
535.91, 165.00
536.24, 174.00
536.57, 177.00
536.90, 172.00
537.23, 186.00
537.56, 226.00
537.89, 194.00
538.22, 196.00
538.55, 200.00
538.88, 215.00
539.21, 331.00
539.54, 230.00
539.87, 243.00
540.20, 271.00
540.53, 309.00
540.86, 370.00
541.19, 396.00
541.52, 423.00
541.85, 437.00
542.18, 457.00
542.51, 479.00
542.84, 480.00
543.17, 479.00
543.50, 467.00
543.82, 458.00
544.15, 444.00
544.48, 443.00
544.81, 473.00
545.14, 519.00
545.47, 484.00
545.80, 459.00
546.13, 387.00
546.46, 385.00
546.79, 341.00
547.12, 292.00
547.45, 273.00
547.78, 271.00
548.10, 262.00
548.43, 259.00
548.76, 250.00
549.09, 247.00
549.42, 238.00
549.75, 239.00
550.08, 220.00
550.41, 227.00
550.74, 229.00
551.06, 219.00
551.39, 219.00
551.72, 208.00
552.05, 211.00
552.38, 203.00
552.71, 205.00
553.03, 193.00
553.36, 194.00
553.69, 191.00
554.02, 183.00
554.35, 195.00
554.68, 177.00
555.00, 186.00
555.33, 179.00
555.66, 178.00
555.99, 188.00
556.32, 177.00
556.64, 178.00
556.97, 183.00
557.30, 185.00
557.63, 182.00
557.96, 186.00
558.28, 186.00
558.61, 190.00
558.94, 180.00
559.27, 180.00
559.59, 180.00
559.92, 172.00
560.25, 174.00
560.58, 180.00
560.90, 184.00
561.23, 179.00
561.56, 176.00
561.89, 171.00
562.21, 176.00
562.54, 171.00
562.87, 168.00
563.20, 166.00
563.52, 172.00
563.85, 162.00
564.18, 182.00
564.50, 166.00
564.83, 200.00
565.16, 220.00
565.48, 154.00
565.81, 165.00
566.14, 156.00
566.47, 155.00
566.79, 157.00
567.12, 156.00
567.45, 188.00
567.77, 156.00
568.10, 158.00
568.43, 162.00
568.75, 158.00
569.08, 164.00
569.40, 193.00
569.73, 163.00
570.06, 158.00
570.38, 154.00
570.71, 156.00
571.04, 157.00
571.36, 162.00
571.69, 162.00
572.01, 160.00
572.34, 160.00
572.67, 164.00
572.99, 161.00
573.32, 181.00
573.64, 160.00
573.97, 158.00
574.30, 158.00
574.62, 158.00
574.95, 158.00
575.27, 166.00
575.60, 164.00
575.92, 175.00
576.25, 174.00
576.58, 176.00
576.90, 174.00
577.23, 207.00
577.55, 179.00
577.88, 176.00
578.20, 180.00
578.53, 189.00
578.85, 201.00
579.18, 205.00
579.50, 197.00
579.83, 200.00
580.15, 197.00
580.48, 195.00
580.80, 188.00
581.13, 198.00
581.45, 198.00
581.78, 199.00
582.10, 200.00
582.43, 214.00
582.75, 211.00
583.08, 212.00
583.40, 210.00
583.73, 278.00
584.05, 205.00
584.38, 199.00
584.70, 254.00
585.03, 205.00
585.35, 205.00
585.67, 213.00
586.00, 226.00
586.32, 263.00
586.65, 267.00
586.97, 264.00
587.30, 252.00
587.62, 233.00
587.94, 240.00
588.27, 215.00
588.59, 210.00
588.92, 205.00
589.24, 197.00
589.56, 201.00
589.89, 199.00
590.21, 191.00
590.54, 184.00
590.86, 194.00
591.18, 186.00
591.51, 194.00
591.83, 213.00
592.15, 209.00
592.48, 196.00
592.80, 210.00
593.13, 200.00
593.45, 194.00
593.77, 199.00
594.10, 200.00
594.42, 190.00
594.74, 190.00
595.07, 189.00
595.39, 187.00
595.71, 193.00
596.03, 190.00
596.36, 189.00
596.68, 188.00
597.00, 196.00
597.33, 190.00
597.65, 193.00
597.97, 202.00
598.30, 199.00
598.62, 201.00
598.94, 198.00
599.26, 194.00
599.59, 201.00
599.91, 199.00
600.23, 191.00
600.55, 185.00
600.88, 187.00
601.20, 181.00
601.52, 180.00
601.84, 177.00
602.17, 171.00
602.49, 173.00
602.81, 168.00
603.13, 175.00
603.45, 181.00
603.78, 165.00
604.10, 164.00
604.42, 167.00
604.74, 165.00
605.07, 168.00
605.39, 164.00
605.71, 167.00
606.03, 177.00
606.35, 172.00
606.67, 177.00
607.00, 180.00
607.32, 182.00
607.64, 183.00
607.96, 180.00
608.28, 188.00
608.60, 192.00
608.93, 212.00
609.25, 251.00
609.57, 301.00
609.89, 394.00
610.21, 477.00
610.53, 523.00
610.85, 513.00
611.17, 477.00
611.50, 435.00
611.82, 417.00
612.14, 381.00
612.46, 342.00
612.78, 324.00
613.10, 303.00
613.42, 289.00
613.74, 292.00
614.06, 308.00
614.38, 274.00
614.70, 264.00
615.03, 259.00
615.35, 253.00
615.67, 339.00
615.99, 228.00
616.31, 206.00
616.63, 206.00
616.95, 196.00
617.27, 183.00
617.59, 185.00
617.91, 183.00
618.23, 190.00
618.55, 188.00
618.87, 187.00
619.19, 184.00
619.51, 182.00
619.83, 186.00
620.15, 188.00
620.47, 191.00
620.79, 195.00
621.11, 187.00
621.43, 190.00
621.75, 198.00
622.07, 186.00
622.39, 182.00
622.71, 179.00
623.03, 186.00
623.35, 227.00
623.67, 184.00
623.99, 181.00
624.31, 179.00
624.63, 183.00
624.95, 179.00
625.26, 181.00
625.58, 182.00
625.90, 204.00
626.22, 177.00
626.54, 181.00
626.86, 178.00
627.18, 180.00
627.50, 179.00
627.82, 176.00
628.14, 179.00
628.46, 181.00
628.77, 181.00
629.09, 191.00
629.41, 193.00
629.73, 202.00
630.05, 215.00
630.37, 207.00
630.69, 203.00
631.00, 204.00
631.32, 203.00
631.64, 188.00
631.96, 185.00
632.28, 180.00
632.60, 180.00
632.92, 169.00
633.23, 174.00
633.55, 178.00
633.87, 171.00
634.19, 173.00
634.51, 179.00
634.82, 179.00
635.14, 181.00
635.46, 175.00
635.78, 178.00
636.10, 174.00
636.41, 178.00
636.73, 176.00
637.05, 176.00
637.37, 172.00
637.68, 174.00
638.00, 175.00
638.32, 181.00
638.64, 188.00
638.95, 203.00
639.27, 193.00
639.59, 192.00
639.91, 175.00
640.22, 183.00
640.54, 189.00
640.86, 169.00
641.18, 173.00
641.49, 197.00
641.81, 178.00
642.13, 168.00
642.44, 166.00
642.76, 162.00
643.08, 165.00
643.40, 172.00
643.71, 168.00
644.03, 166.00
644.35, 174.00
644.66, 177.00
644.98, 172.00
645.30, 168.00
645.61, 184.00
645.93, 168.00
646.25, 163.00
646.56, 170.00
646.88, 197.00
647.19, 161.00
647.51, 166.00
647.83, 156.00
648.14, 163.00
648.46, 164.00
648.78, 163.00
649.09, 164.00
649.41, 210.00
649.72, 169.00
650.04, 178.00
650.36, 167.00
650.67, 170.00
650.99, 167.00
651.30, 170.00
651.62, 166.00
651.93, 172.00
652.25, 187.00
652.57, 205.00
652.88, 160.00
653.20, 168.00
653.51, 173.00
653.83, 168.00
654.14, 162.00
654.46, 165.00
654.77, 166.00
655.09, 174.00
655.40, 180.00
655.72, 171.00
656.04, 165.00
656.35, 168.00
656.67, 164.00
656.98, 160.00
657.30, 166.00
657.61, 162.00
657.93, 166.00
658.24, 174.00
658.55, 207.00
658.87, 167.00
659.18, 171.00
659.50, 165.00
659.81, 170.00
660.13, 162.00
660.44, 167.00
660.76, 168.00
661.07, 183.00
661.39, 165.00
661.70, 168.00
662.01, 167.00
662.33, 159.00
662.64, 167.00
662.96, 161.00
663.27, 150.00
663.59, 153.00
663.90, 153.00
664.21, 155.00
664.53, 170.00
664.84, 155.00
665.16, 186.00
665.47, 157.00
665.78, 156.00
666.10, 170.00
666.41, 178.00
666.72, 178.00
667.04, 199.00
667.35, 187.00
667.67, 172.00
667.98, 177.00
668.29, 171.00
668.61, 171.00
668.92, 170.00
669.23, 168.00
669.55, 163.00
669.86, 182.00
670.17, 162.00
670.48, 161.00
670.80, 155.00
671.11, 155.00
671.42, 156.00
671.74, 152.00
672.05, 151.00
672.36, 156.00
672.68, 155.00
672.99, 156.00
673.30, 154.00
673.61, 154.00
673.93, 156.00
674.24, 158.00
674.55, 157.00
674.86, 152.00
675.18, 163.00
675.49, 165.00
675.80, 161.00
676.11, 163.00
676.43, 166.00
676.74, 160.00
677.05, 162.00
677.36, 170.00
677.67, 164.00
677.99, 161.00
678.30, 157.00
678.61, 160.00
678.92, 160.00
679.23, 160.00
679.55, 158.00
679.86, 159.00
680.17, 163.00
680.48, 164.00
680.79, 161.00
681.10, 153.00
681.42, 163.00
681.73, 157.00
682.04, 150.00
682.35, 159.00
682.66, 159.00
682.97, 154.00
683.28, 158.00
683.60, 159.00
683.91, 155.00
684.22, 174.00
684.53, 156.00
684.84, 152.00
685.15, 159.00
685.46, 183.00
685.77, 157.00
686.08, 154.00
686.40, 194.00
686.71, 158.00
687.02, 155.00
687.33, 158.00
687.64, 152.00
687.95, 156.00
688.26, 154.00
688.57, 154.00
688.88, 150.00
689.19, 148.00
689.50, 154.00
689.81, 154.00
690.12, 151.00
690.43, 163.00
690.74, 151.00
691.05, 152.00
691.36, 158.00
691.67, 154.00
691.98, 150.00
692.29, 155.00
692.60, 156.00
692.91, 154.00
693.22, 149.00
693.53, 151.00
693.84, 152.00
694.15, 152.00
694.46, 147.00
694.77, 148.00
695.08, 151.00
695.39, 153.00
695.70, 143.00
696.01, 151.00
696.32, 148.00
696.63, 145.00
696.94, 155.00
697.25, 148.00
697.56, 154.00
697.87, 146.00
698.17, 184.00
698.48, 151.00
698.79, 150.00
699.10, 149.00
699.41, 157.00
699.72, 146.00
700.03, 148.00
700.34, 148.00
700.65, 155.00
700.95, 156.00
701.26, 147.00
701.57, 148.00
701.88, 152.00
702.19, 160.00
702.50, 156.00
702.81, 154.00
703.11, 175.00
703.42, 154.00
703.73, 157.00
704.04, 164.00
704.35, 168.00
704.66, 188.00
704.96, 273.00
705.27, 355.00
705.58, 406.00
705.89, 407.00
706.20, 331.00
706.50, 299.00
706.81, 275.00
707.12, 234.00
707.43, 212.00
707.73, 200.00
708.04, 174.00
708.35, 174.00
708.66, 165.00
708.97, 159.00
709.27, 163.00
709.58, 156.00
709.89, 155.00
710.19, 159.00
710.50, 158.00
710.81, 154.00
711.12, 163.00
711.42, 159.00
711.73, 167.00
712.04, 160.00
712.35, 158.00
712.65, 155.00
712.96, 157.00
713.27, 153.00
713.57, 178.00
713.88, 170.00
714.19, 150.00
714.49, 151.00
714.80, 154.00
715.11, 147.00
715.41, 148.00
715.72, 149.00
716.03, 146.00
716.33, 153.00
716.64, 147.00
716.94, 146.00
717.25, 150.00
717.56, 159.00
717.86, 150.00
718.17, 150.00
718.48, 145.00
718.78, 147.00
719.09, 148.00
719.39, 149.00
719.70, 149.00
720.01, 146.00
720.31, 150.00
720.62, 146.00
720.92, 146.00
721.23, 150.00
721.53, 154.00
721.84, 148.00
722.15, 151.00
722.45, 153.00
722.76, 148.00
723.06, 155.00
723.37, 151.00
723.67, 156.00
723.98, 151.00
724.28, 152.00
724.59, 154.00
724.89, 152.00
725.20, 148.00
725.50, 163.00
725.81, 155.00
726.11, 154.00
726.42, 154.00
726.72, 153.00
727.03, 199.00
727.33, 165.00
727.64, 164.00
727.94, 150.00
728.25, 152.00
728.55, 149.00
728.86, 178.00
729.16, 149.00
729.46, 148.00
729.77, 154.00
730.07, 145.00
730.38, 146.00
730.68, 150.00
730.99, 164.00
731.29, 143.00
731.59, 150.00
731.90, 146.00
732.20, 148.00
732.51, 152.00
732.81, 150.00
733.11, 158.00
733.42, 148.00
733.72, 156.00
734.02, 152.00
734.33, 152.00
734.63, 150.00
734.94, 145.00
735.24, 147.00
735.54, 147.00
735.85, 147.00
736.15, 147.00
736.45, 150.00
736.76, 144.00
737.06, 147.00
737.36, 143.00
737.67, 151.00
737.97, 147.00
738.27, 148.00
738.57, 146.00
738.88, 144.00
739.18, 183.00
739.48, 147.00
739.79, 146.00
740.09, 155.00
740.39, 149.00
740.69, 155.00
741.00, 147.00
741.30, 157.00
741.60, 153.00
741.90, 145.00
742.21, 150.00
742.51, 193.00
742.81, 148.00
743.11, 143.00
743.42, 169.00
743.72, 149.00
744.02, 152.00
744.32, 155.00
744.63, 157.00
744.93, 151.00
745.23, 153.00
745.53, 159.00
745.83, 151.00
746.13, 153.00
746.44, 152.00
746.74, 146.00
747.04, 149.00
747.34, 150.00
747.64, 151.00
747.94, 148.00
748.25, 151.00
748.55, 153.00
748.85, 141.00
749.15, 159.00
749.45, 181.00
749.75, 158.00
750.05, 153.00
750.35, 152.00
750.66, 159.00
750.96, 155.00
751.26, 147.00
751.56, 150.00
751.86, 153.00
752.16, 147.00
752.46, 150.00
752.76, 147.00
753.06, 146.00
753.36, 189.00
753.66, 146.00
753.96, 148.00
754.27, 147.00
754.57, 147.00
754.87, 147.00
755.17, 150.00
755.47, 150.00
755.77, 153.00
756.07, 148.00
756.37, 150.00
756.67, 153.00
756.97, 151.00
757.27, 155.00
757.57, 148.00
757.87, 156.00
758.17, 150.00
758.47, 154.00
758.77, 162.00
759.07, 150.00
759.37, 156.00
759.67, 151.00
759.97, 154.00
760.27, 145.00
760.57, 147.00
760.86, 148.00
761.16, 151.00
761.46, 153.00
761.76, 179.00
762.06, 148.00
762.36, 155.00
762.66, 150.00
762.96, 151.00
763.26, 154.00
763.56, 173.00
763.86, 151.00
764.16, 146.00
764.45, 155.00
764.75, 156.00
765.05, 149.00
765.35, 144.00
765.65, 145.00
765.95, 147.00
766.25, 149.00
766.55, 154.00
766.84, 154.00
767.14, 154.00
767.44, 141.00
767.74, 147.00
768.04, 148.00
768.34, 143.00
768.63, 145.00
768.93, 146.00
769.23, 148.00
769.53, 150.00
769.83, 146.00
770.12, 149.00
770.42, 152.00
770.72, 149.00
771.02, 148.00
771.32, 152.00
771.61, 152.00
771.91, 162.00
772.21, 151.00
772.51, 152.00
772.80, 154.00
773.10, 157.00
773.40, 160.00
773.70, 150.00
773.99, 156.00
774.29, 153.00
774.59, 160.00
774.88, 154.00
775.18, 160.00
775.48, 223.00
775.78, 359.00
776.07, 466.00
776.37, 500.00
776.67, 449.00
776.96, 343.00
777.26, 334.00
777.56, 249.00
777.85, 234.00
778.15, 213.00
778.45, 203.00
778.74, 189.00
779.04, 181.00
779.34, 165.00
779.63, 162.00
779.93, 153.00
780.22, 147.00
780.52, 146.00
780.82, 147.00
781.11, 145.00
781.41, 145.00
781.71, 141.00
782.00, 140.00
782.30, 148.00
782.59, 154.00
782.89, 149.00
783.19, 146.00
783.48, 145.00
783.78, 145.00
784.07, 153.00
784.37, 152.00
784.66, 145.00
784.96, 145.00
785.25, 149.00
785.55, 147.00
785.84, 147.00
786.14, 153.00
786.44, 145.00
786.73, 142.00
787.03, 152.00
787.32, 143.00
787.62, 146.00
787.91, 145.00
788.21, 153.00
788.50, 146.00
788.80, 146.00
789.09, 147.00
789.39, 148.00
789.68, 143.00
789.97, 145.00
790.27, 148.00
790.56, 151.00
790.86, 158.00
791.15, 145.00
791.45, 141.00
791.74, 168.00
792.04, 150.00
792.33, 150.00
792.62, 176.00
792.92, 146.00
793.21, 141.00
793.51, 151.00
793.80, 151.00
794.09, 149.00
794.39, 146.00
794.68, 146.00
794.98, 145.00
795.27, 147.00
795.56, 145.00
795.86, 146.00
796.15, 144.00
796.44, 145.00
796.74, 146.00
797.03, 146.00
797.32, 146.00
797.62, 148.00
797.91, 152.00
798.20, 147.00
798.50, 154.00
798.79, 154.00
799.08, 150.00
799.38, 149.00
799.67, 147.00
799.96, 154.00
800.26, 170.00
800.55, 147.00
800.84, 151.00
801.13, 144.00
801.43, 149.00
801.72, 186.00
802.01, 145.00
802.30, 148.00
802.60, 143.00
802.89, 150.00
803.18, 149.00
803.47, 143.00
803.77, 151.00
804.06, 152.00
804.35, 150.00
804.64, 163.00
804.94, 147.00
805.23, 144.00
805.52, 150.00
805.81, 148.00
806.10, 143.00
806.39, 149.00
806.69, 147.00
806.98, 144.00
807.27, 146.00
807.56, 155.00
807.85, 149.00
808.14, 145.00
808.44, 151.00
808.73, 145.00
809.02, 163.00
809.31, 151.00
809.60, 153.00
809.89, 156.00
810.18, 142.00
810.48, 155.00
810.77, 149.00
811.06, 145.00
811.35, 147.00
811.64, 154.00
811.93, 158.00
812.22, 150.00
812.51, 148.00
812.80, 142.00
813.09, 143.00
813.38, 146.00
813.67, 162.00
813.96, 149.00
814.26, 143.00
814.55, 152.00
814.84, 145.00
815.13, 149.00
815.42, 149.00
815.71, 153.00
816.00, 149.00
816.29, 155.00
816.58, 152.00
816.87, 147.00
817.16, 150.00
817.45, 152.00
817.74, 149.00
818.03, 144.00
818.32, 145.00
818.61, 147.00
818.90, 142.00
819.19, 145.00
819.48, 141.00
819.76, 143.00
820.05, 141.00
820.34, 144.00
820.63, 143.00
820.92, 146.00
821.21, 142.00
821.50, 142.00
821.79, 144.00
822.08, 145.00
822.37, 146.00
822.66, 147.00
822.95, 151.00
823.23, 142.00
823.52, 164.00
823.81, 148.00
824.10, 142.00
824.39, 147.00
824.68, 142.00
824.97, 160.00
825.26, 145.00
825.54, 187.00
825.83, 145.00
826.12, 145.00
826.41, 144.00
826.70, 149.00
826.99, 152.00
827.27, 141.00
827.56, 159.00
827.85, 146.00
828.14, 143.00
828.43, 146.00
828.71, 151.00
829.00, 145.00
829.29, 145.00
829.58, 152.00
829.86, 148.00
830.15, 142.00
830.44, 140.00
830.73, 149.00
831.01, 145.00
831.30, 145.00
831.59, 143.00
831.88, 143.00
832.16, 145.00
832.45, 153.00
832.74, 146.00
833.03, 140.00
833.31, 144.00
833.60, 149.00
833.89, 143.00
834.17, 146.00
834.46, 142.00
834.75, 143.00
835.03, 143.00
835.32, 141.00
835.61, 145.00
835.89, 161.00
836.18, 153.00
836.47, 143.00
836.75, 146.00
837.04, 150.00
837.33, 152.00
837.61, 146.00
837.90, 142.00
838.19, 143.00
838.47, 146.00
838.76, 146.00
839.04, 142.00
839.33, 144.00
839.62, 142.00
839.90, 142.00
840.19, 142.00
840.47, 145.00
840.76, 171.00
841.04, 147.00
841.33, 147.00
841.62, 147.00
841.90, 145.00
842.19, 141.00
842.47, 178.00
842.76, 146.00
843.04, 153.00
843.33, 168.00
843.61, 157.00
843.90, 161.00
844.18, 155.00
844.47, 161.00
844.75, 165.00
845.04, 150.00
845.32, 149.00
845.61, 148.00
845.89, 148.00
846.18, 149.00
846.46, 151.00
846.75, 149.00
847.03, 159.00
847.32, 144.00
847.60, 143.00
847.88, 143.00
848.17, 149.00
848.45, 164.00
848.74, 154.00
849.02, 149.00
849.31, 145.00
849.59, 144.00
849.87, 145.00
850.16, 144.00
850.44, 151.00
850.73, 166.00
851.01, 152.00
851.29, 144.00
851.58, 145.00
851.86, 143.00
852.14, 143.00
852.43, 143.00
852.71, 144.00
853.00, 142.00
853.28, 145.00
853.56, 146.00
853.85, 147.00
854.13, 146.00
854.41, 146.00
854.69, 146.00
854.98, 143.00
855.26, 196.00
855.54, 148.00
855.83, 149.00
856.11, 149.00
856.39, 145.00
856.68, 145.00
856.96, 148.00
857.24, 142.00
857.52, 149.00
857.81, 148.00
858.09, 142.00
858.37, 148.00
858.65, 145.00
858.94, 147.00
859.22, 147.00
