190.05, 0.00
190.41, 133.00
190.77, 135.00
191.14, 136.00
191.50, 141.00
191.86, 163.00
192.22, 146.00
192.58, 153.00
192.94, 141.00
193.31, 144.00
193.67, 146.00
194.03, 150.00
194.39, 146.00
194.75, 142.00
195.11, 152.00
195.47, 159.00
195.84, 140.00
196.20, 141.00
196.56, 162.00
196.92, 143.00
197.28, 142.00
197.64, 144.00
198.00, 140.00
198.37, 146.00
198.73, 142.00
199.09, 141.00
199.45, 134.00
199.81, 145.00
200.17, 151.00
200.53, 143.00
200.89, 143.00
201.25, 181.00
201.62, 145.00
201.98, 144.00
202.34, 145.00
202.70, 151.00
203.06, 139.00
203.42, 143.00
203.78, 143.00
204.14, 147.00
204.50, 171.00
204.86, 162.00
205.22, 154.00
205.58, 150.00
205.95, 150.00
206.31, 144.00
206.67, 149.00
207.03, 154.00
207.39, 153.00
207.75, 147.00
208.11, 143.00
208.47, 141.00
208.83, 150.00
209.19, 147.00
209.55, 146.00
209.91, 147.00
210.27, 148.00
210.63, 144.00
210.99, 152.00
211.35, 143.00
211.71, 152.00
212.07, 142.00
212.43, 143.00
212.79, 143.00
213.15, 145.00
213.51, 145.00
213.87, 148.00
214.23, 142.00
214.59, 143.00
214.95, 147.00
215.31, 145.00
215.67, 148.00
216.03, 178.00
216.39, 150.00
216.75, 150.00
217.11, 149.00
217.47, 145.00
217.83, 148.00
218.19, 150.00
218.55, 145.00
218.91, 149.00
219.27, 149.00
219.63, 142.00
219.99, 143.00
220.35, 143.00
220.71, 153.00
221.07, 149.00
221.43, 148.00
221.79, 150.00
222.15, 151.00
222.51, 146.00
222.87, 143.00
223.23, 138.00
223.59, 146.00
223.95, 150.00
224.31, 146.00
224.67, 145.00
225.03, 143.00
225.39, 150.00
225.74, 143.00
226.10, 141.00
226.46, 146.00
226.82, 149.00
227.18, 144.00
227.54, 146.00
227.90, 149.00
228.26, 150.00
228.62, 154.00
228.98, 146.00
229.34, 143.00
229.69, 146.00
230.05, 153.00
230.41, 147.00
230.77, 153.00
231.13, 152.00
231.49, 147.00
231.85, 145.00
232.21, 153.00
232.57, 152.00
232.92, 142.00
233.28, 142.00
233.64, 149.00
234.00, 143.00
234.36, 140.00
234.72, 143.00
235.08, 149.00
235.44, 145.00
235.79, 142.00
236.15, 148.00
236.51, 142.00
236.87, 143.00
237.23, 143.00
237.59, 141.00
237.94, 152.00
238.30, 148.00
238.66, 146.00
239.02, 143.00
239.38, 143.00
239.74, 147.00
240.09, 157.00
240.45, 149.00
240.81, 147.00
241.17, 151.00
241.53, 145.00
241.89, 147.00
242.24, 145.00
242.60, 147.00
242.96, 151.00
243.32, 148.00
243.68, 142.00
244.03, 152.00
244.39, 146.00
244.75, 169.00
245.11, 148.00
245.46, 148.00
245.82, 178.00
246.18, 144.00
246.54, 149.00
246.90, 141.00
247.25, 143.00
247.61, 146.00
247.97, 177.00
248.33, 151.00
248.68, 143.00
249.04, 147.00
249.40, 147.00
249.76, 151.00
250.11, 147.00
250.47, 151.00
250.83, 148.00
251.19, 146.00
251.54, 150.00
251.90, 145.00
252.26, 149.00
252.62, 143.00
252.97, 147.00
253.33, 145.00
253.69, 149.00
254.05, 150.00
254.40, 148.00
254.76, 143.00
255.12, 174.00
255.47, 150.00
255.83, 146.00
256.19, 150.00
256.54, 149.00
256.90, 147.00
257.26, 143.00
257.62, 149.00
257.97, 150.00
258.33, 146.00
258.69, 142.00
259.04, 146.00
259.40, 146.00
259.76, 153.00
260.11, 150.00
260.47, 144.00
260.83, 154.00
261.18, 145.00
261.54, 153.00
261.90, 150.00
262.25, 145.00
262.61, 142.00
262.97, 142.00
263.32, 147.00
263.68, 147.00
264.04, 154.00
264.39, 140.00
264.75, 150.00
265.10, 153.00
265.46, 194.00
265.82, 159.00
266.17, 145.00
266.53, 150.00
266.89, 148.00
267.24, 154.00
267.60, 145.00
267.95, 145.00
268.31, 145.00
268.67, 149.00
269.02, 150.00
269.38, 147.00
269.74, 154.00
270.09, 149.00
270.45, 151.00
270.80, 169.00
271.16, 150.00
271.51, 156.00
271.87, 151.00
272.23, 155.00
272.58, 151.00
272.94, 150.00
273.29, 146.00
273.65, 198.00
274.00, 146.00
274.36, 152.00
274.72, 145.00
275.07, 143.00
275.43, 146.00
275.78, 151.00
276.14, 150.00
276.49, 153.00
276.85, 161.00
277.20, 168.00
277.56, 146.00
277.92, 149.00
278.27, 149.00
278.63, 156.00
278.98, 149.00
279.34, 149.00
279.69, 156.00
280.05, 180.00
280.40, 167.00
280.76, 167.00
281.11, 162.00
281.47, 164.00
281.82, 162.00
282.18, 164.00
282.53, 173.00
282.89, 172.00
283.24, 178.00
283.60, 171.00
283.95, 174.00
284.31, 179.00
284.66, 195.00
285.02, 193.00
285.37, 199.00
285.73, 181.00
286.08, 188.00
286.44, 163.00
286.79, 163.00
287.14, 169.00
287.50, 157.00
287.85, 155.00
288.21, 158.00
288.56, 165.00
288.92, 168.00
289.27, 171.00
289.63, 177.00
289.98, 174.00
290.34, 165.00
290.69, 174.00
291.04, 159.00
291.40, 161.00
291.75, 157.00
292.11, 168.00
292.46, 162.00
292.81, 171.00
293.17, 172.00
293.52, 179.00
293.88, 187.00
294.23, 205.00
294.59, 219.00
294.94, 240.00
295.29, 251.00
295.65, 268.00
296.00, 282.00
296.36, 252.00
296.71, 240.00
297.06, 240.00
297.42, 252.00
297.77, 237.00
298.12, 223.00
298.48, 209.00
298.83, 210.00
299.19, 214.00
299.54, 212.00
299.89, 219.00
300.25, 213.00
300.60, 212.00
300.95, 199.00
301.31, 182.00
301.66, 176.00
302.01, 175.00
302.37, 172.00
302.72, 182.00
303.07, 180.00
303.43, 194.00
303.78, 199.00
304.13, 209.00
304.49, 198.00
304.84, 220.00
305.19, 246.00
305.55, 211.00
305.90, 254.00
306.25, 354.00
306.61, 512.00
306.96, 649.00
307.31, 839.00
307.66, 1238.00
308.02, 1643.00
308.37, 1972.00
308.72, 2232.00
309.08, 2275.00
309.43, 2121.00
309.78, 1792.00
310.13, 1553.00
310.49, 1308.00
310.84, 1049.00
311.19, 911.00
311.54, 771.00
311.90, 646.00
312.25, 604.00
312.60, 595.00
312.95, 700.00
313.31, 769.00
313.66, 787.00
314.01, 771.00
314.36, 796.00
314.72, 940.00
315.07, 1180.00
315.42, 1427.00
315.77, 1484.00
316.13, 1208.00
316.48, 799.00
316.83, 529.00
317.18, 376.00
317.54, 286.00
317.89, 245.00
318.24, 218.00
318.59, 216.00
318.94, 208.00
319.30, 203.00
319.65, 220.00
320.00, 212.00
320.35, 225.00
320.70, 223.00
321.05, 221.00
321.41, 228.00
321.76, 210.00
322.11, 205.00
322.46, 200.00
322.81, 222.00
323.17, 192.00
323.52, 188.00
323.87, 190.00
324.22, 192.00
324.57, 194.00
324.92, 213.00
325.27, 218.00
325.63, 228.00
325.98, 246.00
326.33, 267.00
326.68, 261.00
327.03, 260.00
327.38, 254.00
327.73, 267.00
328.09, 287.00
328.44, 314.00
328.79, 279.00
329.14, 294.00
329.49, 252.00
329.84, 242.00
330.19, 244.00
330.54, 253.00
330.89, 247.00
331.25, 226.00
331.60, 221.00
331.95, 219.00
332.30, 224.00
332.65, 247.00
333.00, 271.00
333.35, 356.00
333.70, 369.00
334.05, 347.00
334.40, 398.00
334.75, 498.00
335.10, 709.00
335.45, 1031.00
335.81, 1508.00
336.16, 2200.00
336.51, 2991.00
336.86, 3073.00
337.21, 2670.00
337.56, 1640.00
337.91, 975.00
338.26, 584.00
338.61, 363.00
338.96, 296.00
339.31, 245.00
339.66, 238.00
340.01, 219.00
340.36, 212.00
340.71, 200.00
341.06, 191.00
341.41, 201.00
341.76, 201.00
342.11, 201.00
342.46, 198.00
342.81, 200.00
343.16, 200.00
343.51, 199.00
343.86, 217.00
344.21, 201.00
344.56, 199.00
344.91, 207.00
345.26, 209.00
345.61, 210.00
345.96, 192.00
346.31, 204.00
346.66, 232.00
347.01, 204.00
347.36, 222.00
347.71, 209.00
348.06, 205.00
348.41, 224.00
348.76, 260.00
349.10, 264.00
349.45, 293.00
349.80, 296.00
350.15, 290.00
350.50, 269.00
350.85, 276.00
351.20, 296.00
351.55, 374.00
351.90, 452.00
352.25, 599.00
352.60, 781.00
352.95, 1033.00
353.30, 1105.00
353.64, 969.00
353.99, 732.00
354.34, 581.00
354.69, 513.00
355.04, 540.00
355.39, 669.00
355.74, 891.00
356.09, 1179.00
356.44, 1528.00
356.78, 2151.00
357.13, 2466.00
357.48, 2347.00
357.83, 1767.00
358.18, 1111.00
358.53, 684.00
358.88, 411.00
359.22, 293.00
359.57, 225.00
359.92, 216.00
360.27, 218.00
360.62, 209.00
360.97, 207.00
361.32, 214.00
361.66, 214.00
362.01, 215.00
362.36, 216.00
362.71, 217.00
363.06, 225.00
363.40, 233.00
363.75, 238.00
364.10, 239.00
364.45, 229.00
364.80, 231.00
365.14, 229.00
365.49, 239.00
365.84, 253.00
366.19, 268.00
366.54, 292.00
366.88, 306.00
367.23, 264.00
367.58, 294.00
367.93, 230.00
368.28, 227.00
368.62, 234.00
368.97, 262.00
369.32, 289.00
369.67, 323.00
370.01, 412.00
370.36, 430.00
370.71, 458.00
371.06, 385.00
371.40, 333.00
371.75, 280.00
372.10, 259.00
372.45, 257.00
372.79, 286.00
373.14, 344.00
373.49, 426.00
373.83, 517.00
374.18, 655.00
374.53, 857.00
374.88, 951.00
375.22, 961.00
375.57, 775.00
375.92, 546.00
376.26, 398.00
376.61, 310.00
376.96, 263.00
377.30, 286.00
377.65, 318.00
378.00, 377.00
378.35, 467.00
378.69, 599.00
379.04, 763.00
379.39, 1017.00
379.73, 1231.00
380.08, 1236.00
380.43, 940.00
380.77, 631.00
381.12, 514.00
381.47, 379.00
381.81, 307.00
382.16, 245.00
382.50, 239.00
382.85, 298.00
383.20, 228.00
383.54, 233.00
383.89, 248.00
384.24, 252.00
384.58, 271.00
384.93, 314.00
385.27, 304.00
385.62, 290.00
385.97, 290.00
386.31, 285.00
386.66, 308.00
387.00, 291.00
387.35, 302.00
387.70, 341.00
388.04, 447.00
388.39, 462.00
388.73, 555.00
389.08, 638.00
389.43, 722.00
389.77, 782.00
390.12, 925.00
390.46, 1248.00
390.81, 1363.00
391.15, 1313.00
391.50, 1046.00
391.85, 707.00
392.19, 537.00
392.54, 412.00
392.88, 376.00
393.23, 397.00
393.57, 412.00
393.92, 414.00
394.26, 347.00
394.61, 296.00
394.95, 260.00
395.30, 218.00
395.64, 228.00
395.99, 262.00
396.33, 229.00
396.68, 250.00
397.02, 263.00
397.37, 306.00
397.71, 346.00
398.06, 403.00
398.40, 462.00
398.75, 563.00
399.09, 612.00
399.44, 619.00
399.78, 496.00
400.13, 388.00
400.47, 303.00
400.82, 254.00
401.16, 231.00
401.51, 230.00
401.85, 223.00
402.20, 233.00
402.54, 246.00
402.88, 266.00
403.23, 286.00
403.57, 306.00
403.92, 362.00
404.26, 467.00
404.61, 467.00
404.95, 581.00
405.30, 555.00
405.64, 499.00
405.98, 433.00
406.33, 355.00
406.67, 282.00
407.02, 249.00
407.36, 251.00
407.70, 248.00
408.05, 247.00
408.39, 260.00
408.74, 272.00
409.08, 278.00
409.42, 258.00
409.77, 236.00
410.11, 253.00
410.46, 229.00
410.80, 250.00
411.14, 245.00
411.49, 268.00
411.83, 278.00
412.17, 270.00
412.52, 287.00
412.86, 316.00
413.20, 330.00
413.55, 329.00
413.89, 299.00
414.23, 278.00
414.58, 294.00
414.92, 245.00
415.26, 234.00
415.61, 233.00
415.95, 240.00
416.29, 247.00
416.64, 243.00
416.98, 258.00
417.32, 265.00
417.67, 293.00
418.01, 305.00
418.35, 332.00
418.70, 364.00
419.04, 412.00
419.38, 410.00
419.72, 396.00
420.07, 339.00
420.41, 288.00
420.75, 258.00
421.10, 247.00
421.44, 242.00
421.78, 246.00
422.12, 243.00
422.47, 256.00
422.81, 270.00
423.15, 288.00
423.49, 280.00
423.84, 276.00
424.18, 300.00
424.52, 309.00
424.86, 357.00
425.21, 433.00
425.55, 460.00
425.89, 544.00
426.23, 602.00
426.57, 695.00
426.92, 711.00
427.26, 716.00
427.60, 614.00
427.94, 443.00
428.28, 348.00
428.63, 298.00
428.97, 259.00
429.31, 240.00
429.65, 228.00
429.99, 231.00
430.34, 226.00
430.68, 229.00
431.02, 241.00
431.36, 231.00
431.70, 246.00
432.04, 255.00
432.39, 259.00
432.73, 286.00
433.07, 293.00
433.41, 328.00
433.75, 333.00
434.09, 330.00
434.43, 326.00
434.78, 363.00
435.12, 404.00
435.46, 436.00
435.80, 404.00
436.14, 357.00
436.48, 301.00
436.82, 294.00
437.16, 272.00
437.51, 255.00
437.85, 248.00
438.19, 289.00
438.53, 254.00
438.87, 269.00
439.21, 267.00
439.55, 269.00
439.89, 278.00
440.23, 289.00
440.57, 299.00
440.91, 303.00
441.26, 299.00
441.60, 270.00
441.94, 266.00
442.28, 254.00
442.62, 255.00
442.96, 248.00
443.30, 239.00
443.64, 244.00
443.98, 240.00
444.32, 248.00
444.66, 232.00
445.00, 242.00
445.34, 256.00
445.68, 253.00
446.02, 257.00
446.36, 248.00
446.70, 255.00
447.04, 256.00
447.38, 285.00
447.72, 281.00
448.06, 286.00
448.40, 281.00
448.74, 273.00
449.08, 265.00
449.42, 248.00
449.76, 249.00
450.10, 245.00
450.44, 232.00
450.78, 239.00
451.12, 242.00
451.46, 241.00
451.80, 243.00
452.14, 225.00
452.48, 239.00
452.82, 236.00
453.16, 240.00
453.50, 246.00
453.84, 237.00
454.18, 287.00
454.52, 257.00
454.86, 264.00
455.19, 271.00
455.53, 270.00
455.87, 267.00
456.21, 292.00
456.55, 290.00
456.89, 271.00
457.23, 281.00
457.57, 264.00
457.91, 266.00
458.25, 263.00
458.59, 271.00
458.92, 280.00
459.26, 277.00
459.60, 287.00
459.94, 269.00
460.28, 250.00
460.62, 255.00
460.96, 237.00
461.30, 227.00
461.63, 238.00
461.97, 241.00
462.31, 243.00
462.65, 244.00
462.99, 254.00
463.33, 263.00
463.67, 273.00
464.00, 277.00
464.34, 271.00
464.68, 280.00
465.02, 301.00
465.36, 295.00
465.70, 275.00
466.03, 279.00
466.37, 261.00
466.71, 257.00
467.05, 267.00
467.39, 280.00
467.72, 288.00
468.06, 300.00
468.40, 311.00
468.74, 312.00
469.08, 310.00
469.41, 343.00
469.75, 353.00
470.09, 374.00
470.43, 381.00
470.76, 340.00
471.10, 334.00
471.44, 329.00
471.78, 314.00
472.11, 296.00
472.45, 283.00
472.79, 276.00
473.13, 286.00
473.46, 284.00
473.80, 275.00
474.14, 269.00
474.48, 272.00
474.81, 283.00
475.15, 272.00
475.49, 276.00
475.82, 273.00
476.16, 276.00
476.50, 277.00
476.84, 270.00
477.17, 273.00
477.51, 271.00
477.85, 271.00
478.18, 290.00
478.52, 268.00
478.86, 330.00
479.19, 293.00
479.53, 274.00
479.87, 328.00
480.20, 304.00
480.54, 304.00
480.88, 294.00
481.21, 296.00
481.55, 286.00
481.89, 289.00
482.22, 294.00
482.56, 303.00
482.90, 299.00
483.23, 306.00
483.57, 304.00
483.90, 311.00
484.24, 319.00
484.58, 325.00
484.91, 341.00
485.25, 340.00
485.58, 348.00
485.92, 356.00
486.26, 356.00
486.59, 367.00
486.93, 358.00
487.26, 358.00
487.60, 361.00
487.94, 352.00
488.27, 369.00
488.61, 350.00
488.94, 349.00
489.28, 355.00
489.61, 356.00
489.95, 363.00
490.29, 360.00
490.62, 375.00
490.96, 360.00
491.29, 358.00
491.63, 345.00
491.96, 337.00
492.30, 330.00
492.63, 331.00
492.97, 333.00
493.30, 339.00
493.64, 325.00
493.97, 314.00
494.31, 336.00
494.64, 328.00
494.98, 326.00
495.31, 330.00
495.65, 325.00
495.98, 327.00
496.32, 321.00
496.65, 357.00
496.99, 319.00
497.32, 310.00
497.66, 311.00
497.99, 303.00
498.33, 295.00
498.66, 304.00
499.00, 303.00
499.33, 292.00
499.67, 294.00
500.00, 287.00
500.34, 303.00
500.67, 305.00
501.00, 291.00
501.34, 296.00
501.67, 286.00
502.01, 284.00
502.34, 299.00
502.68, 298.00
503.01, 302.00
503.34, 304.00
503.68, 301.00
504.01, 307.00
504.35, 301.00
504.68, 302.00
505.01, 309.00
505.35, 307.00
505.68, 307.00
506.02, 302.00
506.35, 319.00
506.68, 310.00
507.02, 309.00
507.35, 302.00
507.68, 303.00
508.02, 298.00
508.35, 296.00
508.69, 291.00
509.02, 288.00
509.35, 292.00
509.69, 281.00
510.02, 290.00
510.35, 285.00
510.69, 291.00
511.02, 284.00
511.35, 282.00
511.69, 286.00
512.02, 279.00
512.35, 282.00
512.68, 284.00
513.02, 282.00
513.35, 278.00
513.68, 275.00
514.02, 285.00
514.35, 276.00
514.68, 275.00
515.01, 280.00
515.35, 290.00
515.68, 264.00
516.01, 268.00
516.35, 282.00
516.68, 279.00
517.01, 280.00
517.34, 273.00
517.68, 271.00
518.01, 279.00
518.34, 267.00
518.67, 275.00
519.01, 275.00
519.34, 275.00
519.67, 292.00
520.00, 281.00
520.33, 283.00
520.67, 285.00
521.00, 279.00
521.33, 280.00
521.66, 295.00
522.00, 290.00
522.33, 281.00
522.66, 282.00
522.99, 269.00
523.32, 289.00
523.65, 263.00
523.99, 281.00
524.32, 274.00
524.65, 279.00
524.98, 277.00
525.31, 272.00
525.65, 303.00
525.98, 270.00
526.31, 271.00
526.64, 279.00
526.97, 273.00
527.30, 269.00
527.63, 272.00
527.97, 265.00
528.30, 270.00
528.63, 273.00
528.96, 292.00
529.29, 271.00
529.62, 271.00
529.95, 267.00
530.28, 268.00
530.61, 263.00
530.95, 269.00
531.28, 268.00
531.61, 266.00
531.94, 276.00
532.27, 277.00
532.60, 282.00
532.93, 283.00
533.26, 275.00
533.59, 266.00
533.92, 271.00
534.25, 257.00
534.58, 309.00
534.91, 271.00
535.25, 265.00
535.58, 258.00
535.91, 272.00
536.24, 276.00
536.57, 279.00
536.90, 272.00
537.23, 280.00
537.56, 317.00
537.89, 289.00
538.22, 290.00
538.55, 292.00
538.88, 304.00
539.21, 427.00
539.54, 328.00
539.87, 337.00
540.20, 365.00
540.53, 386.00
540.86, 462.00
541.19, 475.00
541.52, 498.00
541.85, 531.00
542.18, 551.00
542.51, 578.00
542.84, 574.00
543.17, 575.00
543.50, 557.00
543.82, 547.00
544.15, 532.00
544.48, 530.00
544.81, 573.00
545.14, 607.00
545.47, 566.00
545.80, 551.00
546.13, 474.00
546.46, 477.00
546.79, 443.00
547.12, 375.00
547.45, 363.00
547.78, 374.00
548.10, 351.00
548.43, 349.00
548.76, 337.00
549.09, 323.00
549.42, 334.00
549.75, 318.00
550.08, 316.00
550.41, 317.00
550.74, 319.00
551.06, 312.00
551.39, 321.00
551.72, 308.00
552.05, 306.00
552.38, 300.00
552.71, 288.00
553.03, 288.00
553.36, 283.00
553.69, 283.00
554.02, 283.00
554.35, 278.00
554.68, 263.00
555.00, 267.00
555.33, 262.00
555.66, 266.00
555.99, 280.00
556.32, 275.00
556.64, 264.00
556.97, 274.00
557.30, 272.00
557.63, 274.00
557.96, 278.00
558.28, 278.00
558.61, 275.00
558.94, 268.00
559.27, 271.00
559.59, 269.00
559.92, 261.00
560.25, 262.00
560.58, 256.00
560.90, 262.00
561.23, 256.00
561.56, 248.00
561.89, 250.00
562.21, 254.00
562.54, 251.00
562.87, 241.00
563.20, 250.00
563.52, 242.00
563.85, 238.00
564.18, 248.00
564.50, 242.00
564.83, 272.00
565.16, 295.00
565.48, 234.00
565.81, 247.00
566.14, 232.00
566.47, 235.00
566.79, 240.00
567.12, 232.00
567.45, 249.00
567.77, 235.00
568.10, 235.00
568.43, 241.00
568.75, 229.00
569.08, 229.00
569.40, 269.00
569.73, 229.00
570.06, 229.00
570.38, 230.00
570.71, 234.00
571.04, 225.00
571.36, 241.00
571.69, 236.00
572.01, 238.00
572.34, 230.00
572.67, 244.00
572.99, 232.00
573.32, 253.00
573.64, 241.00
573.97, 235.00
574.30, 237.00
574.62, 238.00
574.95, 239.00
575.27, 240.00
575.60, 243.00
575.92, 246.00
576.25, 260.00
576.58, 258.00
576.90, 255.00
577.23, 285.00
577.55, 257.00
577.88, 253.00
578.20, 272.00
578.53, 265.00
578.85, 280.00
579.18, 273.00
579.50, 272.00
579.83, 269.00
580.15, 284.00
580.48, 269.00
580.80, 268.00
581.13, 277.00
581.45, 275.00
581.78, 269.00
582.10, 278.00
582.43, 290.00
582.75, 291.00
583.08, 294.00
583.40, 283.00
583.73, 358.00
584.05, 288.00
584.38, 278.00
584.70, 329.00
585.03, 284.00
585.35, 273.00
585.67, 284.00
586.00, 299.00
586.32, 327.00
586.65, 338.00
586.97, 334.00
587.30, 325.00
587.62, 315.00
587.94, 321.00
588.27, 298.00
588.59, 288.00
588.92, 286.00
589.24, 277.00
589.56, 280.00
589.89, 283.00
590.21, 272.00
590.54, 271.00
590.86, 265.00
591.18, 267.00
591.51, 280.00
591.83, 295.00
592.15, 304.00
592.48, 292.00
592.80, 293.00
593.13, 290.00
593.45, 292.00
593.77, 286.00
594.10, 291.00
594.42, 289.00
594.74, 279.00
595.07, 284.00
595.39, 274.00
595.71, 286.00
596.03, 284.00
596.36, 280.00
596.68, 276.00
597.00, 286.00
597.33, 286.00
597.65, 298.00
597.97, 297.00
598.30, 306.00
598.62, 301.00
598.94, 302.00
599.26, 305.00
599.59, 302.00
599.91, 299.00
600.23, 291.00
600.55, 285.00
600.88, 280.00
601.20, 254.00
601.52, 252.00
601.84, 237.00
602.17, 252.00
602.49, 251.00
602.81, 238.00
603.13, 244.00
603.45, 250.00
603.78, 247.00
604.10, 237.00
604.42, 234.00
604.74, 239.00
605.07, 242.00
605.39, 238.00
605.71, 235.00
606.03, 239.00
606.35, 239.00
606.67, 250.00
607.00, 246.00
607.32, 247.00
607.64, 244.00
607.96, 239.00
608.28, 254.00
608.60, 254.00
608.93, 276.00
609.25, 311.00
609.57, 372.00
609.89, 446.00
610.21, 527.00
610.53, 577.00
610.85, 565.00
611.17, 524.00
611.50, 487.00
611.82, 444.00
612.14, 429.00
612.46, 391.00
612.78, 376.00
613.10, 364.00
613.42, 337.00
613.74, 333.00
614.06, 361.00
614.38, 327.00
614.70, 312.00
615.03, 325.00
615.35, 304.00
615.67, 391.00
615.99, 274.00
616.31, 261.00
616.63, 257.00
616.95, 249.00
617.27, 258.00
617.59, 239.00
617.91, 244.00
618.23, 238.00
618.55, 231.00
618.87, 243.00
619.19, 239.00
619.51, 233.00
619.83, 239.00
620.15, 239.00
620.47, 238.00
620.79, 243.00
621.11, 246.00
621.43, 231.00
621.75, 244.00
622.07, 243.00
622.39, 237.00
622.71, 236.00
623.03, 234.00
623.35, 270.00
623.67, 229.00
623.99, 231.00
624.31, 234.00
624.63, 232.00
624.95, 227.00
625.26, 225.00
625.58, 235.00
625.90, 249.00
626.22, 232.00
626.54, 228.00
626.86, 227.00
627.18, 223.00
627.50, 233.00
627.82, 234.00
628.14, 236.00
628.46, 237.00
628.77, 237.00
629.09, 250.00
629.41, 253.00
629.73, 261.00
630.05, 273.00
630.37, 262.00
630.69, 263.00
631.00, 270.00
631.32, 261.00
631.64, 246.00
631.96, 239.00
632.28, 240.00
632.60, 243.00
632.92, 234.00
633.23, 223.00
633.55, 230.00
633.87, 237.00
634.19, 234.00
634.51, 234.00
634.82, 248.00
635.14, 249.00
635.46, 249.00
635.78, 243.00
636.10, 244.00
636.41, 250.00
636.73, 249.00
637.05, 248.00
637.37, 251.00
637.68, 248.00
638.00, 246.00
638.32, 233.00
638.64, 245.00
638.95, 266.00
639.27, 246.00
639.59, 254.00
639.91, 239.00
640.22, 238.00
640.54, 239.00
640.86, 241.00
641.18, 245.00
641.49, 255.00
641.81, 255.00
642.13, 250.00
642.44, 243.00
642.76, 247.00
643.08, 250.00
643.40, 243.00
643.71, 259.00
644.03, 260.00
644.35, 268.00
644.66, 273.00
644.98, 259.00
645.30, 263.00
645.61, 280.00
645.93, 252.00
646.25, 248.00
646.56, 248.00
646.88, 257.00
647.19, 238.00
647.51, 242.00
647.83, 234.00
648.14, 232.00
648.46, 231.00
648.78, 241.00
649.09, 249.00
649.41, 285.00
649.72, 264.00
650.04, 282.00
650.36, 285.00
650.67, 285.00
650.99, 282.00
651.30, 277.00
651.62, 274.00
651.93, 286.00
652.25, 305.00
652.57, 319.00
652.88, 284.00
653.20, 280.00
653.51, 269.00
653.83, 269.00
654.14, 252.00
654.46, 249.00
654.77, 256.00
655.09, 262.00
655.40, 275.00
655.72, 266.00
656.04, 253.00
656.35, 251.00
656.67, 249.00
656.98, 244.00
657.30, 240.00
657.61, 250.00
657.93, 265.00
658.24, 256.00
658.55, 287.00
658.87, 251.00
659.18, 255.00
659.50, 260.00
659.81, 265.00
660.13, 262.00
660.44, 262.00
660.76, 261.00
661.07, 274.00
661.39, 252.00
661.70, 251.00
662.01, 241.00
662.33, 231.00
662.64, 234.00
662.96, 223.00
663.27, 220.00
663.59, 213.00
663.90, 214.00
664.21, 212.00
664.53, 239.00
664.84, 220.00
665.16, 248.00
665.47, 223.00
665.78, 220.00
666.10, 236.00
666.41, 235.00
666.72, 243.00
667.04, 242.00
667.35, 240.00
667.67, 239.00
667.98, 241.00
668.29, 236.00
668.61, 241.00
668.92, 236.00
669.23, 232.00
669.55, 232.00
669.86, 251.00
670.17, 225.00
670.48, 219.00
670.80, 215.00
671.11, 221.00
671.42, 206.00
671.74, 213.00
672.05, 213.00
672.36, 220.00
672.68, 220.00
672.99, 228.00
673.30, 231.00
673.61, 239.00
673.93, 249.00
674.24, 251.00
674.55, 257.00
674.86, 264.00
675.18, 270.00
675.49, 271.00
675.80, 262.00
676.11, 273.00
676.43, 276.00
676.74, 266.00
677.05, 264.00
677.36, 273.00
677.67, 257.00
677.99, 254.00
678.30, 244.00
678.61, 243.00
678.92, 226.00
679.23, 233.00
679.55, 219.00
679.86, 208.00
680.17, 202.00
680.48, 207.00
680.79, 200.00
681.10, 194.00
681.42, 197.00
681.73, 187.00
682.04, 198.00
682.35, 194.00
682.66, 199.00
682.97, 203.00
683.28, 199.00
683.60, 204.00
683.91, 202.00
684.22, 218.00
684.53, 197.00
684.84, 200.00
685.15, 194.00
685.46, 223.00
685.77, 203.00
686.08, 196.00
686.40, 234.00
686.71, 194.00
687.02, 199.00
687.33, 186.00
687.64, 191.00
687.95, 184.00
688.26, 174.00
688.57, 178.00
688.88, 188.00
689.19, 180.00
689.50, 179.00
689.81, 178.00
690.12, 176.00
690.43, 194.00
690.74, 174.00
691.05, 178.00
691.36, 186.00
691.67, 172.00
691.98, 179.00
692.29, 175.00
692.60, 181.00
692.91, 178.00
693.22, 175.00
693.53, 176.00
693.84, 182.00
694.15, 179.00
694.46, 178.00
694.77, 174.00
695.08, 179.00
695.39, 178.00
695.70, 174.00
696.01, 177.00
696.32, 172.00
696.63, 171.00
696.94, 172.00
697.25, 172.00
697.56, 173.00
697.87, 181.00
698.17, 217.00
698.48, 177.00
698.79, 176.00
699.10, 173.00
699.41, 180.00
699.72, 174.00
700.03, 173.00
700.34, 178.00
700.65, 171.00
700.95, 167.00
701.26, 168.00
701.57, 175.00
701.88, 169.00
702.19, 186.00
702.50, 179.00
702.81, 172.00
703.11, 192.00
703.42, 177.00
703.73, 178.00
704.04, 178.00
704.35, 181.00
704.66, 190.00
704.96, 211.00
705.27, 246.00
705.58, 253.00
705.89, 272.00
706.20, 242.00
706.50, 230.00
706.81, 219.00
707.12, 205.00
707.43, 208.00
707.73, 195.00
708.04, 190.00
708.35, 189.00
708.66, 184.00
708.97, 181.00
709.27, 185.00
709.58, 179.00
709.89, 177.00
710.19, 178.00
710.50, 185.00
710.81, 180.00
711.12, 183.00
711.42, 179.00
711.73, 190.00
712.04, 185.00
712.35, 187.00
712.65, 183.00
712.96, 181.00
713.27, 180.00
713.57, 209.00
713.88, 195.00
714.19, 172.00
714.49, 176.00
714.80, 178.00
715.11, 170.00
715.41, 171.00
715.72, 169.00
716.03, 171.00
716.33, 174.00
716.64, 171.00
716.94, 176.00
717.25, 162.00
717.56, 170.00
717.86, 169.00
718.17, 170.00
718.48, 161.00
718.78, 165.00
719.09, 169.00
719.39, 171.00
719.70, 172.00
720.01, 167.00
720.31, 171.00
720.62, 174.00
720.92, 172.00
721.23, 173.00
721.53, 173.00
721.84, 178.00
722.15, 182.00
722.45, 183.00
722.76, 175.00
723.06, 175.00
723.37, 171.00
723.67, 175.00
723.98, 177.00
724.28, 176.00
724.59, 182.00
724.89, 179.00
725.20, 173.00
725.50, 185.00
725.81, 173.00
726.11, 177.00
726.42, 174.00
726.72, 175.00
727.03, 210.00
727.33, 170.00
727.64, 173.00
727.94, 169.00
728.25, 174.00
728.55, 168.00
728.86, 192.00
729.16, 166.00
729.46, 165.00
729.77, 169.00
730.07, 165.00
730.38, 166.00
730.68, 163.00
730.99, 184.00
731.29, 168.00
731.59, 174.00
731.90, 168.00
732.20, 172.00
732.51, 169.00
732.81, 164.00
733.11, 168.00
733.42, 174.00
733.72, 177.00
734.02, 182.00
734.33, 172.00
734.63, 176.00
734.94, 175.00
735.24, 172.00
735.54, 172.00
735.85, 178.00
736.15, 178.00
736.45, 176.00
736.76, 178.00
737.06, 170.00
737.36, 177.00
737.67, 175.00
737.97, 175.00
738.27, 169.00
738.57, 171.00
738.88, 163.00
739.18, 207.00
739.48, 172.00
739.79, 167.00
740.09, 172.00
740.39, 171.00
740.69, 173.00
741.00, 169.00
741.30, 181.00
741.60, 163.00
741.90, 173.00
742.21, 176.00
742.51, 223.00
742.81, 185.00
743.11, 188.00
743.42, 224.00
743.72, 188.00
744.02, 203.00
744.32, 203.00
744.63, 215.00
744.93, 216.00
745.23, 219.00
745.53, 223.00
745.83, 218.00
746.13, 215.00
746.44, 219.00
746.74, 212.00
747.04, 217.00
747.34, 217.00
747.64, 227.00
747.94, 225.00
748.25, 221.00
748.55, 220.00
748.85, 218.00
749.15, 223.00
749.45, 245.00
749.75, 217.00
750.05, 199.00
750.35, 197.00
750.66, 201.00
750.96, 191.00
751.26, 178.00
751.56, 178.00
751.86, 187.00
752.16, 167.00
752.46, 170.00
752.76, 168.00
753.06, 166.00
753.36, 221.00
753.66, 167.00
753.96, 167.00
754.27, 176.00
754.57, 174.00
754.87, 171.00
755.17, 172.00
755.47, 177.00
755.77, 176.00
756.07, 181.00
756.37, 188.00
756.67, 191.00
756.97, 189.00
757.27, 199.00
757.57, 186.00
757.87, 200.00
758.17, 193.00
758.47, 187.00
758.77, 194.00
759.07, 196.00
759.37, 193.00
759.67, 196.00
759.97, 189.00
760.27, 192.00
760.57, 194.00
760.86, 184.00
761.16, 194.00
761.46, 187.00
761.76, 213.00
762.06, 173.00
762.36, 183.00
762.66, 176.00
762.96, 170.00
763.26, 170.00
763.56, 202.00
763.86, 181.00
764.16, 162.00
764.45, 184.00
764.75, 172.00
765.05, 166.00
765.35, 165.00
765.65, 165.00
765.95, 164.00
766.25, 171.00
766.55, 176.00
766.84, 175.00
767.14, 173.00
767.44, 172.00
767.74, 180.00
768.04, 178.00
768.34, 174.00
768.63, 178.00
768.93, 183.00
769.23, 186.00
769.53, 182.00
769.83, 191.00
770.12, 191.00
770.42, 187.00
770.72, 184.00
771.02, 185.00
771.32, 183.00
771.61, 182.00
771.91, 185.00
772.21, 183.00
772.51, 185.00
772.80, 186.00
773.10, 188.00
773.40, 184.00
773.70, 182.00
773.99, 186.00
774.29, 184.00
774.59, 191.00
774.88, 174.00
775.18, 186.00
775.48, 324.00
775.78, 620.00
776.07, 861.00
776.37, 947.00
776.67, 805.00
776.96, 583.00
777.26, 491.00
777.56, 363.00
777.85, 325.00
778.15, 293.00
778.45, 278.00
778.74, 259.00
779.04, 232.00
779.34, 194.00
779.63, 179.00
779.93, 167.00
780.22, 161.00
780.52, 162.00
780.82, 156.00
781.11, 158.00
781.41, 158.00
781.71, 150.00
782.00, 154.00
782.30, 156.00
782.59, 170.00
782.89, 159.00
783.19, 155.00
783.48, 152.00
783.78, 159.00
784.07, 172.00
784.37, 160.00
784.66, 150.00
784.96, 154.00
785.25, 151.00
785.55, 156.00
785.84, 156.00
786.14, 157.00
786.44, 153.00
786.73, 151.00
787.03, 154.00
787.32, 150.00
787.62, 151.00
787.91, 155.00
788.21, 161.00
788.50, 155.00
788.80, 151.00
789.09, 156.00
789.39, 158.00
789.68, 152.00
789.97, 160.00
790.27, 151.00
790.56, 155.00
790.86, 160.00
791.15, 153.00
791.45, 151.00
791.74, 173.00
792.04, 151.00
792.33, 149.00
792.62, 179.00
792.92, 147.00
793.21, 148.00
793.51, 157.00
793.80, 149.00
794.09, 148.00
794.39, 156.00
794.68, 150.00
794.98, 147.00
795.27, 150.00
795.56, 143.00
795.86, 151.00
796.15, 153.00
796.44, 157.00
796.74, 153.00
797.03, 146.00
797.32, 155.00
797.62, 150.00
797.91, 166.00
798.20, 152.00
798.50, 159.00
798.79, 161.00
799.08, 153.00
799.38, 150.00
799.67, 153.00
799.96, 162.00
800.26, 179.00
800.55, 151.00
800.84, 157.00
801.13, 154.00
801.43, 153.00
801.72, 185.00
802.01, 154.00
802.30, 154.00
802.60, 147.00
802.89, 152.00
803.18, 148.00
803.47, 153.00
803.77, 154.00
804.06, 159.00
804.35, 150.00
804.64, 172.00
804.94, 151.00
805.23, 152.00
805.52, 148.00
805.81, 149.00
806.10, 146.00
806.39, 152.00
806.69, 151.00
806.98, 151.00
807.27, 151.00
807.56, 162.00
807.85, 153.00
808.14, 154.00
808.44, 158.00
808.73, 153.00
809.02, 169.00
809.31, 149.00
809.60, 156.00
809.89, 158.00
810.18, 157.00
810.48, 160.00
810.77, 153.00
811.06, 152.00
811.35, 152.00
811.64, 150.00
811.93, 170.00
812.22, 153.00
812.51, 149.00
812.80, 146.00
813.09, 148.00
813.38, 148.00
813.67, 169.00
813.96, 146.00
814.26, 146.00
814.55, 138.00
814.84, 145.00
815.13, 153.00
815.42, 152.00
815.71, 148.00
816.00, 147.00
816.29, 154.00
816.58, 152.00
816.87, 147.00
817.16, 148.00
817.45, 154.00
817.74, 152.00
818.03, 145.00
818.32, 144.00
818.61, 152.00
818.90, 149.00
819.19, 148.00
819.48, 149.00
819.76, 146.00
820.05, 149.00
820.34, 149.00
820.63, 145.00
820.92, 148.00
821.21, 144.00
821.50, 149.00
821.79, 147.00
822.08, 147.00
822.37, 151.00
822.66, 148.00
822.95, 157.00
823.23, 144.00
823.52, 170.00
823.81, 149.00
824.10, 148.00
824.39, 148.00
824.68, 150.00
824.97, 164.00
825.26, 148.00
825.54, 201.00
825.83, 143.00
826.12, 148.00
826.41, 148.00
826.70, 149.00
826.99, 155.00
827.27, 147.00
827.56, 161.00
827.85, 150.00
828.14, 146.00
828.43, 152.00
828.71, 147.00
829.00, 143.00
829.29, 150.00
829.58, 153.00
829.86, 148.00
830.15, 145.00
830.44, 149.00
830.73, 148.00
831.01, 145.00
831.30, 149.00
831.59, 152.00
831.88, 146.00
832.16, 145.00
832.45, 156.00
832.74, 148.00
833.03, 145.00
833.31, 145.00
833.60, 145.00
833.89, 145.00
834.17, 151.00
834.46, 151.00
834.75, 147.00
835.03, 142.00
835.32, 149.00
835.61, 146.00
835.89, 164.00
836.18, 147.00
836.47, 142.00
836.75, 144.00
837.04, 149.00
837.33, 151.00
837.61, 146.00
837.90, 147.00
838.19, 143.00
838.47, 142.00
838.76, 147.00
839.04, 147.00
839.33, 151.00
839.62, 150.00
839.90, 145.00
840.19, 145.00
840.47, 143.00
840.76, 169.00
841.04, 150.00
841.33, 146.00
841.62, 144.00
841.90, 147.00
842.19, 146.00
842.47, 176.00
842.76, 147.00
843.04, 157.00
843.33, 179.00
843.61, 170.00
843.90, 168.00
844.18, 168.00
844.47, 167.00
844.75, 165.00
845.04, 162.00
845.32, 155.00
845.61, 157.00
845.89, 154.00
846.18, 156.00
846.46, 162.00
846.75, 154.00
847.03, 162.00
847.32, 147.00
847.60, 147.00
847.88, 147.00
848.17, 150.00
848.45, 165.00
848.74, 151.00
849.02, 142.00
849.31, 143.00
849.59, 145.00
849.87, 149.00
850.16, 148.00
850.44, 154.00
850.73, 178.00
851.01, 154.00
851.29, 145.00
851.58, 150.00
851.86, 144.00
852.14, 150.00
852.43, 149.00
852.71, 149.00
853.00, 148.00
853.28, 151.00
853.56, 146.00
853.85, 148.00
854.13, 145.00
854.41, 141.00
854.69, 145.00
854.98, 143.00
855.26, 198.00
855.54, 145.00
855.83, 146.00
856.11, 148.00
856.39, 148.00
856.68, 143.00
856.96, 146.00
857.24, 147.00
857.52, 150.00
857.81, 143.00
858.09, 147.00
858.37, 144.00
858.65, 144.00
858.94, 146.00
859.22, 146.00
