190.05, 0.00
190.41, 135.00
190.77, 138.00
191.14, 142.00
191.50, 141.00
191.86, 161.00
192.22, 151.00
192.58, 152.00
192.94, 140.00
193.31, 144.00
193.67, 143.00
194.03, 158.00
194.39, 150.00
194.75, 146.00
195.11, 156.00
195.47, 164.00
195.84, 147.00
196.20, 149.00
196.56, 166.00
196.92, 150.00
197.28, 149.00
197.64, 145.00
198.00, 147.00
198.37, 152.00
198.73, 142.00
199.09, 147.00
199.45, 145.00
199.81, 147.00
200.17, 155.00
200.53, 149.00
200.89, 154.00
201.25, 179.00
201.62, 147.00
201.98, 146.00
202.34, 143.00
202.70, 150.00
203.06, 143.00
203.42, 143.00
203.78, 145.00
204.14, 146.00
204.50, 168.00
204.86, 157.00
205.22, 152.00
205.58, 146.00
205.95, 150.00
206.31, 144.00
206.67, 144.00
207.03, 150.00
207.39, 154.00
207.75, 146.00
208.11, 145.00
208.47, 143.00
208.83, 147.00
209.19, 144.00
209.55, 149.00
209.91, 152.00
210.27, 151.00
210.63, 147.00
210.99, 151.00
211.35, 145.00
211.71, 152.00
212.07, 147.00
212.43, 151.00
212.79, 150.00
213.15, 148.00
213.51, 151.00
213.87, 150.00
214.23, 147.00
214.59, 141.00
214.95, 146.00
215.31, 143.00
215.67, 149.00
216.03, 176.00
216.39, 145.00
216.75, 151.00
217.11, 152.00
217.47, 150.00
217.83, 151.00
218.19, 151.00
218.55, 151.00
218.91, 150.00
219.27, 148.00
219.63, 145.00
219.99, 144.00
220.35, 148.00
220.71, 152.00
221.07, 149.00
221.43, 151.00
221.79, 148.00
222.15, 147.00
222.51, 149.00
222.87, 149.00
223.23, 149.00
223.59, 149.00
223.95, 149.00
224.31, 144.00
224.67, 144.00
225.03, 149.00
225.39, 155.00
225.74, 150.00
226.10, 148.00
226.46, 148.00
226.82, 148.00
227.18, 151.00
227.54, 146.00
227.90, 153.00
228.26, 152.00
228.62, 152.00
228.98, 143.00
229.34, 147.00
229.69, 144.00
230.05, 151.00
230.41, 142.00
230.77, 154.00
231.13, 154.00
231.49, 150.00
231.85, 149.00
232.21, 156.00
232.57, 156.00
232.92, 148.00
233.28, 143.00
233.64, 150.00
234.00, 144.00
234.36, 146.00
234.72, 146.00
235.08, 150.00
235.44, 151.00
235.79, 147.00
236.15, 149.00
236.51, 147.00
236.87, 149.00
237.23, 153.00
237.59, 145.00
237.94, 154.00
238.30, 146.00
238.66, 149.00
239.02, 140.00
239.38, 144.00
239.74, 142.00
240.09, 154.00
240.45, 144.00
240.81, 146.00
241.17, 151.00
241.53, 143.00
241.89, 147.00
242.24, 145.00
242.60, 142.00
242.96, 152.00
243.32, 160.00
243.68, 146.00
244.03, 153.00
244.39, 148.00
244.75, 169.00
245.11, 151.00
245.46, 151.00
245.82, 174.00
246.18, 149.00
246.54, 155.00
246.90, 147.00
247.25, 143.00
247.61, 149.00
247.97, 189.00
248.33, 149.00
248.68, 146.00
249.04, 149.00
249.40, 145.00
249.76, 149.00
250.11, 147.00
250.47, 149.00
250.83, 150.00
251.19, 154.00
251.54, 158.00
251.90, 148.00
252.26, 152.00
252.62, 142.00
252.97, 145.00
253.33, 143.00
253.69, 142.00
254.05, 156.00
254.40, 145.00
254.76, 147.00
255.12, 177.00
255.47, 150.00
255.83, 153.00
256.19, 151.00
256.54, 151.00
256.90, 145.00
257.26, 148.00
257.62, 151.00
257.97, 146.00
258.33, 150.00
258.69, 151.00
259.04, 147.00
259.40, 146.00
259.76, 150.00
260.11, 143.00
260.47, 144.00
260.83, 149.00
261.18, 148.00
261.54, 156.00
261.90, 148.00
262.25, 145.00
262.61, 148.00
262.97, 146.00
263.32, 150.00
263.68, 147.00
264.04, 148.00
264.39, 149.00
264.75, 149.00
265.10, 147.00
265.46, 196.00
265.82, 162.00
266.17, 150.00
266.53, 145.00
266.89, 152.00
267.24, 153.00
267.60, 152.00
267.95, 146.00
268.31, 146.00
268.67, 141.00
269.02, 149.00
269.38, 144.00
269.74, 153.00
270.09, 152.00
270.45, 151.00
270.80, 178.00
271.16, 153.00
271.51, 150.00
271.87, 154.00
272.23, 154.00
272.58, 159.00
272.94, 143.00
273.29, 149.00
273.65, 191.00
274.00, 149.00
274.36, 149.00
274.72, 147.00
275.07, 148.00
275.43, 147.00
275.78, 157.00
276.14, 147.00
276.49, 148.00
276.85, 159.00
277.20, 170.00
277.56, 145.00
277.92, 147.00
278.27, 149.00
278.63, 154.00
278.98, 156.00
279.34, 151.00
279.69, 154.00
280.05, 172.00
280.40, 161.00
280.76, 169.00
281.11, 164.00
281.47, 160.00
281.82, 157.00
282.18, 159.00
282.53, 169.00
282.89, 169.00
283.24, 175.00
283.60, 172.00
283.95, 174.00
284.31, 177.00
284.66, 190.00
285.02, 182.00
285.37, 188.00
285.73, 188.00
286.08, 189.00
286.44, 166.00
286.79, 175.00
287.14, 164.00
287.50, 160.00
287.85, 155.00
288.21, 157.00
288.56, 165.00
288.92, 167.00
289.27, 169.00
289.63, 166.00
289.98, 175.00
290.34, 157.00
290.69, 173.00
291.04, 156.00
291.40, 155.00
291.75, 158.00
292.11, 157.00
292.46, 157.00
292.81, 170.00
293.17, 162.00
293.52, 175.00
293.88, 184.00
294.23, 190.00
294.59, 205.00
294.94, 218.00
295.29, 227.00
295.65, 240.00
296.00, 251.00
296.36, 227.00
296.71, 220.00
297.06, 214.00
297.42, 222.00
297.77, 219.00
298.12, 207.00
298.48, 202.00
298.83, 200.00
299.19, 207.00
299.54, 217.00
299.89, 212.00
300.25, 212.00
300.60, 214.00
300.95, 184.00
301.31, 177.00
301.66, 173.00
302.01, 174.00
302.37, 176.00
302.72, 169.00
303.07, 175.00
303.43, 185.00
303.78, 189.00
304.13, 198.00
304.49, 203.00
304.84, 205.00
305.19, 239.00
305.55, 200.00
305.90, 235.00
306.25, 296.00
306.61, 420.00
306.96, 506.00
307.31, 655.00
307.66, 920.00
308.02, 1206.00
308.37, 1438.00
308.72, 1641.00
309.08, 1662.00
309.43, 1516.00
309.78, 1318.00
310.13, 1154.00
310.49, 961.00
310.84, 768.00
311.19, 675.00
311.54, 582.00
311.90, 505.00
312.25, 473.00
312.60, 466.00
312.95, 537.00
313.31, 592.00
313.66, 597.00
314.01, 594.00
314.36, 609.00
314.72, 711.00
315.07, 886.00
315.42, 1058.00
315.77, 1065.00
316.13, 883.00
316.48, 603.00
316.83, 422.00
317.18, 313.00
317.54, 254.00
317.89, 219.00
318.24, 209.00
318.59, 204.00
318.94, 200.00
319.30, 202.00
319.65, 199.00
320.00, 202.00
320.35, 211.00
320.70, 209.00
321.05, 207.00
321.41, 206.00
321.76, 205.00
322.11, 198.00
322.46, 189.00
322.81, 231.00
323.17, 189.00
323.52, 190.00
323.87, 185.00
324.22, 180.00
324.57, 186.00
324.92, 201.00
325.27, 207.00
325.63, 218.00
325.98, 225.00
326.33, 239.00
326.68, 231.00
327.03, 229.00
327.38, 232.00
327.73, 246.00
328.09, 253.00
328.44, 277.00
328.79, 238.00
329.14, 258.00
329.49, 227.00
329.84, 224.00
330.19, 223.00
330.54, 226.00
330.89, 226.00
331.25, 210.00
331.60, 205.00
331.95, 212.00
332.30, 206.00
332.65, 228.00
333.00, 251.00
333.35, 307.00
333.70, 320.00
334.05, 291.00
334.40, 325.00
334.75, 380.00
335.10, 514.00
335.45, 728.00
335.81, 1026.00
336.16, 1502.00
336.51, 2035.00
336.86, 2077.00
337.21, 1807.00
337.56, 1117.00
337.91, 692.00
338.26, 438.00
338.61, 300.00
338.96, 247.00
339.31, 222.00
339.66, 220.00
340.01, 215.00
340.36, 199.00
340.71, 206.00
341.06, 189.00
341.41, 193.00
341.76, 185.00
342.11, 200.00
342.46, 195.00
342.81, 192.00
343.16, 196.00
343.51, 197.00
343.86, 199.00
344.21, 205.00
344.56, 202.00
344.91, 194.00
345.26, 209.00
345.61, 199.00
345.96, 197.00
346.31, 195.00
346.66, 224.00
347.01, 194.00
347.36, 224.00
347.71, 198.00
348.06, 193.00
348.41, 219.00
348.76, 231.00
349.10, 235.00
349.45, 259.00
349.80, 260.00
350.15, 247.00
350.50, 247.00
350.85, 246.00
351.20, 261.00
351.55, 305.00
351.90, 372.00
352.25, 453.00
352.60, 581.00
352.95, 765.00
353.30, 805.00
353.64, 710.00
353.99, 556.00
354.34, 451.00
354.69, 407.00
355.04, 409.00
355.39, 485.00
355.74, 631.00
356.09, 822.00
356.44, 1062.00
356.78, 1431.00
357.13, 1666.00
357.48, 1595.00
357.83, 1212.00
358.18, 783.00
358.53, 535.00
358.88, 327.00
359.22, 266.00
359.57, 219.00
359.92, 205.00
360.27, 204.00
360.62, 204.00
360.97, 202.00
361.32, 207.00
361.66, 201.00
362.01, 203.00
362.36, 205.00
362.71, 220.00
363.06, 212.00
363.40, 219.00
363.75, 221.00
364.10, 222.00
364.45, 217.00
364.80, 217.00
365.14, 214.00
365.49, 220.00
365.84, 226.00
366.19, 249.00
366.54, 256.00
366.88, 270.00
367.23, 237.00
367.58, 271.00
367.93, 218.00
368.28, 212.00
368.62, 222.00
368.97, 233.00
369.32, 258.00
369.67, 278.00
370.01, 337.00
370.36, 355.00
370.71, 383.00
371.06, 320.00
371.40, 290.00
371.75, 246.00
372.10, 230.00
372.45, 232.00
372.79, 263.00
373.14, 288.00
373.49, 337.00
373.83, 397.00
374.18, 502.00
374.53, 631.00
374.88, 705.00
375.22, 705.00
375.57, 564.00
375.92, 435.00
376.26, 332.00
376.61, 277.00
376.96, 239.00
377.30, 252.00
377.65, 267.00
378.00, 304.00
378.35, 372.00
378.69, 462.00
379.04, 556.00
379.39, 728.00
379.73, 869.00
380.08, 867.00
380.43, 667.00
380.77, 495.00
381.12, 410.00
381.47, 332.00
381.81, 262.00
382.16, 232.00
382.50, 216.00
382.85, 287.00
383.20, 219.00
383.54, 222.00
383.89, 231.00
384.24, 228.00
384.58, 249.00
384.93, 278.00
385.27, 260.00
385.62, 275.00
385.97, 261.00
386.31, 254.00
386.66, 281.00
387.00, 253.00
387.35, 271.00
387.70, 280.00
388.04, 365.00
388.39, 360.00
388.73, 415.00
389.08, 466.00
389.43, 505.00
389.77, 559.00
390.12, 634.00
390.46, 806.00
390.81, 870.00
391.15, 848.00
391.50, 707.00
391.85, 509.00
392.19, 401.00
392.54, 333.00
392.88, 314.00
393.23, 336.00
393.57, 342.00
393.92, 340.00
394.26, 293.00
394.61, 262.00
394.95, 244.00
395.30, 214.00
395.64, 213.00
395.99, 251.00
396.33, 225.00
396.68, 233.00
397.02, 242.00
397.37, 269.00
397.71, 295.00
398.06, 319.00
398.40, 366.00
398.75, 437.00
399.09, 482.00
399.44, 488.00
399.78, 398.00
400.13, 330.00
400.47, 273.00
400.82, 242.00
401.16, 217.00
401.51, 218.00
401.85, 214.00
402.20, 221.00
402.54, 233.00
402.88, 245.00
403.23, 250.00
403.57, 276.00
403.92, 314.00
404.26, 404.00
404.61, 383.00
404.95, 468.00
405.30, 431.00
405.64, 399.00
405.98, 353.00
406.33, 298.00
406.67, 252.00
407.02, 230.00
407.36, 241.00
407.70, 232.00
408.05, 232.00
408.39, 238.00
408.74, 250.00
409.08, 253.00
409.42, 240.00
409.77, 236.00
410.11, 240.00
410.46, 219.00
410.80, 228.00
411.14, 232.00
411.49, 247.00
411.83, 244.00
412.17, 254.00
412.52, 257.00
412.86, 285.00
413.20, 291.00
413.55, 291.00
413.89, 269.00
414.23, 268.00
414.58, 274.00
414.92, 236.00
415.26, 226.00
415.61, 217.00
415.95, 229.00
416.29, 232.00
416.64, 237.00
416.98, 243.00
417.32, 242.00
417.67, 264.00
418.01, 277.00
418.35, 293.00
418.70, 316.00
419.04, 368.00
419.38, 344.00
419.72, 338.00
420.07, 306.00
420.41, 261.00
420.75, 249.00
421.10, 221.00
421.44, 223.00
421.78, 227.00
422.12, 224.00
422.47, 230.00
422.81, 247.00
423.15, 256.00
423.49, 256.00
423.84, 251.00
424.18, 257.00
424.52, 264.00
424.86, 301.00
425.21, 349.00
425.55, 368.00
425.89, 409.00
426.23, 466.00
426.57, 517.00
426.92, 505.00
427.26, 515.00
427.60, 448.00
427.94, 359.00
428.28, 296.00
428.63, 260.00
428.97, 241.00
429.31, 237.00
429.65, 226.00
429.99, 224.00
430.34, 223.00
430.68, 221.00
431.02, 234.00
431.36, 230.00
431.70, 234.00
432.04, 230.00
432.39, 255.00
432.73, 257.00
433.07, 270.00
433.41, 287.00
433.75, 293.00
434.09, 287.00
434.43, 286.00
434.78, 335.00
435.12, 384.00
435.46, 412.00
435.80, 365.00
436.14, 337.00
436.48, 295.00
436.82, 284.00
437.16, 262.00
437.51, 242.00
437.85, 241.00
438.19, 277.00
438.53, 244.00
438.87, 254.00
439.21, 256.00
439.55, 261.00
439.89, 264.00
440.23, 269.00
440.57, 286.00
440.91, 282.00
441.26, 270.00
441.60, 254.00
441.94, 252.00
442.28, 243.00
442.62, 247.00
442.96, 235.00
443.30, 243.00
443.64, 241.00
443.98, 238.00
444.32, 239.00
444.66, 229.00
445.00, 229.00
445.34, 245.00
445.68, 247.00
446.02, 235.00
446.36, 233.00
446.70, 248.00
447.04, 235.00
447.38, 270.00
447.72, 255.00
448.06, 270.00
448.40, 265.00
448.74, 259.00
449.08, 258.00
449.42, 240.00
449.76, 236.00
450.10, 239.00
450.44, 220.00
450.78, 230.00
451.12, 237.00
451.46, 239.00
451.80, 242.00
452.14, 230.00
452.48, 228.00
452.82, 232.00
453.16, 233.00
453.50, 237.00
453.84, 225.00
454.18, 266.00
454.52, 246.00
454.86, 249.00
455.19, 262.00
455.53, 250.00
455.87, 256.00
456.21, 263.00
456.55, 266.00
456.89, 263.00
457.23, 260.00
457.57, 243.00
457.91, 255.00
458.25, 255.00
458.59, 263.00
458.92, 256.00
459.26, 259.00
459.60, 265.00
459.94, 253.00
460.28, 236.00
460.62, 239.00
460.96, 232.00
461.30, 227.00
461.63, 228.00
461.97, 235.00
462.31, 238.00
462.65, 247.00
462.99, 253.00
463.33, 255.00
463.67, 254.00
464.00, 260.00
464.34, 253.00
464.68, 262.00
465.02, 278.00
465.36, 274.00
465.70, 263.00
466.03, 266.00
466.37, 253.00
466.71, 257.00
467.05, 252.00
467.39, 266.00
467.72, 271.00
468.06, 278.00
468.40, 282.00
468.74, 283.00
469.08, 285.00
469.41, 305.00
469.75, 306.00
470.09, 324.00
470.43, 327.00
470.76, 303.00
471.10, 296.00
471.44, 306.00
471.78, 295.00
472.11, 283.00
472.45, 284.00
472.79, 279.00
473.13, 270.00
473.46, 280.00
473.80, 272.00
474.14, 265.00
474.48, 267.00
474.81, 269.00
475.15, 265.00
475.49, 266.00
475.82, 269.00
476.16, 265.00
476.50, 266.00
476.84, 276.00
477.17, 271.00
477.51, 267.00
477.85, 266.00
478.18, 288.00
478.52, 275.00
478.86, 329.00
479.19, 279.00
479.53, 277.00
479.87, 311.00
480.20, 292.00
480.54, 291.00
480.88, 286.00
481.21, 279.00
481.55, 286.00
481.89, 277.00
482.22, 284.00
482.56, 298.00
482.90, 288.00
483.23, 292.00
483.57, 305.00
483.90, 296.00
484.24, 314.00
484.58, 315.00
484.91, 316.00
485.25, 339.00
485.58, 336.00
485.92, 348.00
486.26, 346.00
486.59, 346.00
486.93, 348.00
487.26, 342.00
487.60, 353.00
487.94, 349.00
488.27, 344.00
488.61, 336.00
488.94, 345.00
489.28, 331.00
489.61, 336.00
489.95, 345.00
490.29, 342.00
490.62, 353.00
490.96, 341.00
491.29, 348.00
491.63, 336.00
491.96, 332.00
492.30, 323.00
492.63, 331.00
492.97, 314.00
493.30, 324.00
493.64, 319.00
493.97, 317.00
494.31, 315.00
494.64, 328.00
494.98, 317.00
495.31, 323.00
495.65, 307.00
495.98, 321.00
496.32, 311.00
496.65, 342.00
496.99, 312.00
497.32, 297.00
497.66, 299.00
497.99, 297.00
498.33, 289.00
498.66, 291.00
499.00, 297.00
499.33, 291.00
499.67, 280.00
500.00, 287.00
500.34, 291.00
500.67, 288.00
501.00, 284.00
501.34, 285.00
501.67, 278.00
502.01, 285.00
502.34, 287.00
502.68, 288.00
503.01, 296.00
503.34, 285.00
503.68, 287.00
504.01, 284.00
504.35, 288.00
504.68, 294.00
505.01, 281.00
505.35, 297.00
505.68, 287.00
506.02, 295.00
506.35, 290.00
506.68, 303.00
507.02, 292.00
507.35, 283.00
507.68, 281.00
508.02, 288.00
508.35, 289.00
508.69, 276.00
509.02, 282.00
509.35, 277.00
509.69, 269.00
510.02, 283.00
510.35, 282.00
510.69, 280.00
511.02, 269.00
511.35, 270.00
511.69, 282.00
512.02, 278.00
512.35, 274.00
512.68, 274.00
513.02, 278.00
513.35, 265.00
513.68, 263.00
514.02, 280.00
514.35, 268.00
514.68, 263.00
515.01, 262.00
515.35, 276.00
515.68, 268.00
516.01, 274.00
516.35, 266.00
516.68, 269.00
517.01, 265.00
517.34, 270.00
517.68, 268.00
518.01, 273.00
518.34, 262.00
518.67, 264.00
519.01, 271.00
519.34, 277.00
519.67, 282.00
520.00, 264.00
520.33, 279.00
520.67, 273.00
521.00, 269.00
521.33, 266.00
521.66, 282.00
522.00, 278.00
522.33, 277.00
522.66, 269.00
522.99, 265.00
523.32, 273.00
523.65, 262.00
523.99, 270.00
524.32, 274.00
524.65, 262.00
524.98, 277.00
525.31, 265.00
525.65, 295.00
525.98, 267.00
526.31, 263.00
526.64, 273.00
526.97, 266.00
527.30, 264.00
527.63, 258.00
527.97, 270.00
528.30, 263.00
528.63, 271.00
528.96, 287.00
529.29, 266.00
529.62, 269.00
529.95, 260.00
530.28, 260.00
530.61, 251.00
530.95, 258.00
531.28, 252.00
531.61, 264.00
531.94, 261.00
532.27, 273.00
532.60, 274.00
532.93, 277.00
533.26, 264.00
533.59, 270.00
533.92, 261.00
534.25, 266.00
534.58, 293.00
534.91, 266.00
535.25, 266.00
535.58, 261.00
535.91, 261.00
536.24, 266.00
536.57, 273.00
536.90, 271.00
537.23, 273.00
537.56, 323.00
537.89, 274.00
538.22, 286.00
538.55, 286.00
538.88, 304.00
539.21, 424.00
539.54, 319.00
539.87, 329.00
540.20, 357.00
540.53, 378.00
540.86, 452.00
541.19, 451.00
541.52, 477.00
541.85, 511.00
542.18, 515.00
542.51, 530.00
542.84, 531.00
543.17, 546.00
543.50, 524.00
543.82, 525.00
544.15, 501.00
544.48, 498.00
544.81, 538.00
545.14, 580.00
545.47, 534.00
545.80, 526.00
546.13, 448.00
546.46, 451.00
546.79, 411.00
547.12, 374.00
547.45, 355.00
547.78, 348.00
548.10, 336.00
548.43, 330.00
548.76, 338.00
549.09, 331.00
549.42, 312.00
549.75, 311.00
550.08, 308.00
550.41, 308.00
550.74, 308.00
551.06, 305.00
551.39, 304.00
551.72, 295.00
552.05, 296.00
552.38, 286.00
552.71, 284.00
553.03, 280.00
553.36, 274.00
553.69, 272.00
554.02, 265.00
554.35, 271.00
554.68, 261.00
555.00, 268.00
555.33, 261.00
555.66, 258.00
555.99, 276.00
556.32, 259.00
556.64, 246.00
556.97, 264.00
557.30, 264.00
557.63, 261.00
557.96, 265.00
558.28, 263.00
558.61, 264.00
558.94, 260.00
559.27, 247.00
559.59, 248.00
559.92, 246.00
560.25, 257.00
560.58, 249.00
560.90, 258.00
561.23, 247.00
561.56, 247.00
561.89, 247.00
562.21, 239.00
562.54, 244.00
562.87, 236.00
563.20, 241.00
563.52, 239.00
563.85, 231.00
564.18, 249.00
564.50, 241.00
564.83, 264.00
565.16, 286.00
565.48, 228.00
565.81, 241.00
566.14, 232.00
566.47, 223.00
566.79, 231.00
567.12, 228.00
567.45, 249.00
567.77, 230.00
568.10, 232.00
568.43, 232.00
568.75, 226.00
569.08, 238.00
569.40, 263.00
569.73, 230.00
570.06, 230.00
570.38, 233.00
570.71, 230.00
571.04, 228.00
571.36, 235.00
571.69, 235.00
572.01, 236.00
572.34, 235.00
572.67, 238.00
572.99, 228.00
573.32, 243.00
573.64, 237.00
573.97, 233.00
574.30, 232.00
574.62, 230.00
574.95, 238.00
575.27, 236.00
575.60, 243.00
575.92, 241.00
576.25, 249.00
576.58, 260.00
576.90, 249.00
577.23, 275.00
577.55, 258.00
577.88, 252.00
578.20, 254.00
578.53, 261.00
578.85, 274.00
579.18, 266.00
579.50, 259.00
579.83, 264.00
580.15, 263.00
580.48, 264.00
580.80, 255.00
581.13, 259.00
581.45, 262.00
581.78, 263.00
582.10, 267.00
582.43, 277.00
582.75, 284.00
583.08, 270.00
583.40, 278.00
583.73, 340.00
584.05, 278.00
584.38, 272.00
584.70, 316.00
585.03, 267.00
585.35, 271.00
585.67, 270.00
586.00, 285.00
586.32, 308.00
586.65, 314.00
586.97, 318.00
587.30, 299.00
587.62, 297.00
587.94, 299.00
588.27, 285.00
588.59, 280.00
588.92, 260.00
589.24, 267.00
589.56, 275.00
589.89, 269.00
590.21, 263.00
590.54, 258.00
590.86, 262.00
591.18, 258.00
591.51, 267.00
591.83, 278.00
592.15, 285.00
592.48, 278.00
592.80, 280.00
593.13, 276.00
593.45, 279.00
593.77, 275.00
594.10, 273.00
594.42, 273.00
594.74, 263.00
595.07, 267.00
595.39, 262.00
595.71, 257.00
596.03, 270.00
596.36, 265.00
596.68, 269.00
597.00, 267.00
597.33, 263.00
597.65, 274.00
597.97, 284.00
598.30, 279.00
598.62, 284.00
598.94, 280.00
599.26, 293.00
599.59, 282.00
599.91, 283.00
600.23, 276.00
600.55, 267.00
600.88, 271.00
601.20, 253.00
601.52, 254.00
601.84, 239.00
602.17, 239.00
602.49, 239.00
602.81, 230.00
603.13, 240.00
603.45, 242.00
603.78, 244.00
604.10, 236.00
604.42, 226.00
604.74, 229.00
605.07, 229.00
605.39, 233.00
605.71, 232.00
606.03, 235.00
606.35, 224.00
606.67, 237.00
607.00, 237.00
607.32, 232.00
607.64, 244.00
607.96, 236.00
608.28, 254.00
608.60, 254.00
608.93, 265.00
609.25, 291.00
609.57, 349.00
609.89, 424.00
610.21, 493.00
610.53, 533.00
610.85, 538.00
611.17, 498.00
611.50, 466.00
611.82, 435.00
612.14, 420.00
612.46, 379.00
612.78, 359.00
613.10, 346.00
613.42, 324.00
613.74, 332.00
614.06, 351.00
614.38, 313.00
614.70, 308.00
615.03, 290.00
615.35, 295.00
615.67, 377.00
615.99, 271.00
616.31, 252.00
616.63, 257.00
616.95, 237.00
617.27, 232.00
617.59, 230.00
617.91, 233.00
618.23, 235.00
618.55, 234.00
618.87, 232.00
619.19, 231.00
619.51, 231.00
619.83, 232.00
620.15, 222.00
620.47, 234.00
620.79, 228.00
621.11, 232.00
621.43, 232.00
621.75, 240.00
622.07, 236.00
622.39, 230.00
622.71, 234.00
623.03, 231.00
623.35, 274.00
623.67, 232.00
623.99, 228.00
624.31, 234.00
624.63, 234.00
624.95, 228.00
625.26, 225.00
625.58, 220.00
625.90, 248.00
626.22, 224.00
626.54, 230.00
626.86, 232.00
627.18, 216.00
627.50, 225.00
627.82, 232.00
628.14, 225.00
628.46, 230.00
628.77, 230.00
629.09, 236.00
629.41, 248.00
629.73, 249.00
630.05, 264.00
630.37, 259.00
630.69, 254.00
631.00, 253.00
631.32, 245.00
631.64, 242.00
631.96, 233.00
632.28, 231.00
632.60, 228.00
632.92, 221.00
633.23, 227.00
633.55, 230.00
633.87, 222.00
634.19, 230.00
634.51, 225.00
634.82, 236.00
635.14, 236.00
635.46, 234.00
635.78, 234.00
636.10, 232.00
636.41, 228.00
636.73, 233.00
637.05, 236.00
637.37, 237.00
637.68, 229.00
638.00, 235.00
638.32, 240.00
638.64, 242.00
638.95, 251.00
639.27, 240.00
639.59, 226.00
639.91, 228.00
640.22, 232.00
640.54, 231.00
640.86, 223.00
641.18, 237.00
641.49, 254.00
641.81, 236.00
642.13, 239.00
642.44, 233.00
642.76, 234.00
643.08, 236.00
643.40, 232.00
643.71, 245.00
644.03, 237.00
644.35, 248.00
644.66, 257.00
644.98, 249.00
645.30, 247.00
645.61, 262.00
645.93, 243.00
646.25, 233.00
646.56, 233.00
646.88, 256.00
647.19, 224.00
647.51, 225.00
647.83, 218.00
648.14, 225.00
648.46, 221.00
648.78, 236.00
649.09, 243.00
649.41, 281.00
649.72, 252.00
650.04, 255.00
650.36, 258.00
650.67, 258.00
650.99, 258.00
651.30, 255.00
651.62, 261.00
651.93, 262.00
652.25, 278.00
652.57, 299.00
652.88, 259.00
653.20, 257.00
653.51, 264.00
653.83, 259.00
654.14, 231.00
654.46, 236.00
654.77, 234.00
655.09, 238.00
655.40, 255.00
655.72, 245.00
656.04, 236.00
656.35, 229.00
656.67, 228.00
656.98, 226.00
657.30, 228.00
657.61, 237.00
657.93, 239.00
658.24, 236.00
658.55, 275.00
658.87, 236.00
659.18, 230.00
659.50, 239.00
659.81, 246.00
660.13, 242.00
660.44, 238.00
660.76, 241.00
661.07, 259.00
661.39, 241.00
661.70, 232.00
662.01, 227.00
662.33, 222.00
662.64, 220.00
662.96, 218.00
663.27, 214.00
663.59, 204.00
663.90, 204.00
664.21, 213.00
664.53, 223.00
664.84, 209.00
665.16, 233.00
665.47, 219.00
665.78, 214.00
666.10, 227.00
666.41, 219.00
666.72, 222.00
667.04, 225.00
667.35, 227.00
667.67, 229.00
667.98, 220.00
668.29, 231.00
668.61, 224.00
668.92, 224.00
669.23, 227.00
669.55, 221.00
669.86, 243.00
670.17, 214.00
670.48, 206.00
670.80, 207.00
671.11, 200.00
671.42, 208.00
671.74, 214.00
672.05, 201.00
672.36, 210.00
672.68, 208.00
672.99, 215.00
673.30, 221.00
673.61, 233.00
673.93, 236.00
674.24, 238.00
674.55, 243.00
674.86, 249.00
675.18, 247.00
675.49, 246.00
675.80, 239.00
676.11, 253.00
676.43, 256.00
676.74, 242.00
677.05, 240.00
677.36, 248.00
677.67, 245.00
677.99, 240.00
678.30, 223.00
678.61, 226.00
678.92, 221.00
679.23, 220.00
679.55, 209.00
679.86, 199.00
680.17, 203.00
680.48, 197.00
680.79, 204.00
681.10, 184.00
681.42, 185.00
681.73, 200.00
682.04, 184.00
682.35, 193.00
682.66, 186.00
682.97, 188.00
683.28, 197.00
683.60, 191.00
683.91, 192.00
684.22, 215.00
684.53, 196.00
684.84, 188.00
685.15, 197.00
685.46, 220.00
685.77, 191.00
686.08, 187.00
686.40, 229.00
686.71, 192.00
687.02, 197.00
687.33, 189.00
687.64, 181.00
687.95, 188.00
688.26, 176.00
688.57, 180.00
688.88, 181.00
689.19, 176.00
689.50, 180.00
689.81, 181.00
690.12, 178.00
690.43, 192.00
690.74, 168.00
691.05, 177.00
691.36, 181.00
691.67, 173.00
691.98, 175.00
692.29, 171.00
692.60, 179.00
692.91, 172.00
693.22, 171.00
693.53, 170.00
693.84, 175.00
694.15, 173.00
694.46, 171.00
694.77, 176.00
695.08, 179.00
695.39, 180.00
695.70, 176.00
696.01, 177.00
696.32, 164.00
696.63, 174.00
696.94, 175.00
697.25, 173.00
697.56, 178.00
697.87, 179.00
698.17, 214.00
698.48, 177.00
698.79, 171.00
699.10, 169.00
699.41, 176.00
699.72, 167.00
700.03, 172.00
700.34, 166.00
700.65, 179.00
700.95, 172.00
701.26, 175.00
701.57, 169.00
701.88, 172.00
702.19, 180.00
702.50, 178.00
702.81, 164.00
703.11, 196.00
703.42, 170.00
703.73, 176.00
704.04, 178.00
704.35, 179.00
704.66, 179.00
704.96, 194.00
705.27, 208.00
705.58, 216.00
705.89, 225.00
706.20, 217.00
706.50, 201.00
706.81, 208.00
707.12, 189.00
707.43, 198.00
707.73, 192.00
708.04, 184.00
708.35, 188.00
708.66, 182.00
708.97, 175.00
709.27, 181.00
709.58, 179.00
709.89, 173.00
710.19, 176.00
710.50, 175.00
710.81, 184.00
711.12, 182.00
711.42, 185.00
711.73, 188.00
712.04, 181.00
712.35, 182.00
712.65, 182.00
712.96, 181.00
713.27, 178.00
713.57, 198.00
713.88, 195.00
714.19, 168.00
714.49, 166.00
714.80, 169.00
715.11, 165.00
715.41, 170.00
715.72, 170.00
716.03, 171.00
716.33, 174.00
716.64, 166.00
716.94, 174.00
717.25, 167.00
717.56, 181.00
717.86, 172.00
718.17, 166.00
718.48, 172.00
718.78, 166.00
719.09, 166.00
719.39, 163.00
719.70, 166.00
720.01, 161.00
720.31, 163.00
720.62, 169.00
720.92, 168.00
721.23, 177.00
721.53, 184.00
721.84, 171.00
722.15, 179.00
722.45, 178.00
722.76, 171.00
723.06, 179.00
723.37, 170.00
723.67, 168.00
723.98, 169.00
724.28, 176.00
724.59, 180.00
724.89, 172.00
725.20, 176.00
725.50, 179.00
725.81, 175.00
726.11, 172.00
726.42, 169.00
726.72, 164.00
727.03, 208.00
727.33, 170.00
727.64, 174.00
727.94, 165.00
728.25, 168.00
728.55, 166.00
728.86, 187.00
729.16, 164.00
729.46, 164.00
729.77, 167.00
730.07, 164.00
730.38, 164.00
730.68, 163.00
730.99, 169.00
731.29, 164.00
731.59, 172.00
731.90, 164.00
732.20, 174.00
732.51, 178.00
732.81, 176.00
733.11, 176.00
733.42, 170.00
733.72, 181.00
734.02, 174.00
734.33, 169.00
734.63, 171.00
734.94, 171.00
735.24, 173.00
735.54, 175.00
735.85, 169.00
736.15, 174.00
736.45, 171.00
736.76, 172.00
737.06, 166.00
737.36, 170.00
737.67, 168.00
737.97, 167.00
738.27, 169.00
738.57, 170.00
738.88, 163.00
739.18, 204.00
739.48, 175.00
739.79, 170.00
740.09, 170.00
740.39, 169.00
740.69, 178.00
741.00, 168.00
741.30, 180.00
741.60, 167.00
741.90, 166.00
742.21, 175.00
742.51, 220.00
742.81, 177.00
743.11, 178.00
743.42, 203.00
743.72, 183.00
744.02, 196.00
744.32, 190.00
744.63, 203.00
744.93, 203.00
745.23, 203.00
745.53, 209.00
745.83, 204.00
746.13, 200.00
746.44, 202.00
746.74, 204.00
747.04, 205.00
747.34, 204.00
747.64, 207.00
747.94, 204.00
748.25, 202.00
748.55, 208.00
748.85, 200.00
749.15, 211.00
749.45, 235.00
749.75, 207.00
750.05, 194.00
750.35, 186.00
750.66, 201.00
750.96, 182.00
751.26, 177.00
751.56, 172.00
751.86, 176.00
752.16, 166.00
752.46, 171.00
752.76, 168.00
753.06, 166.00
753.36, 200.00
753.66, 167.00
753.96, 173.00
754.27, 170.00
754.57, 173.00
754.87, 160.00
755.17, 171.00
755.47, 170.00
755.77, 180.00
756.07, 175.00
756.37, 175.00
756.67, 180.00
756.97, 183.00
757.27, 184.00
757.57, 179.00
757.87, 187.00
758.17, 183.00
758.47, 193.00
758.77, 190.00
759.07, 180.00
759.37, 187.00
759.67, 187.00
759.97, 193.00
760.27, 186.00
760.57, 183.00
760.86, 179.00
761.16, 183.00
761.46, 179.00
761.76, 210.00
762.06, 172.00
762.36, 178.00
762.66, 172.00
762.96, 164.00
763.26, 173.00
763.56, 200.00
763.86, 168.00
764.16, 165.00
764.45, 169.00
764.75, 167.00
765.05, 164.00
765.35, 158.00
765.65, 164.00
765.95, 161.00
766.25, 163.00
766.55, 173.00
766.84, 162.00
767.14, 163.00
767.44, 164.00
767.74, 173.00
768.04, 168.00
768.34, 169.00
768.63, 169.00
768.93, 175.00
769.23, 177.00
769.53, 183.00
769.83, 185.00
770.12, 178.00
770.42, 179.00
770.72, 177.00
771.02, 181.00
771.32, 172.00
771.61, 178.00
771.91, 187.00
772.21, 184.00
772.51, 183.00
772.80, 179.00
773.10, 177.00
773.40, 175.00
773.70, 177.00
773.99, 184.00
774.29, 178.00
774.59, 187.00
774.88, 173.00
775.18, 179.00
775.48, 263.00
775.78, 475.00
776.07, 665.00
776.37, 729.00
776.67, 652.00
776.96, 494.00
777.26, 437.00
777.56, 324.00
777.85, 288.00
778.15, 270.00
778.45, 253.00
778.74, 236.00
779.04, 209.00
779.34, 187.00
779.63, 176.00
779.93, 160.00
780.22, 160.00
780.52, 164.00
780.82, 151.00
781.11, 159.00
781.41, 160.00
781.71, 160.00
782.00, 153.00
782.30, 157.00
782.59, 166.00
782.89, 161.00
783.19, 156.00
783.48, 153.00
783.78, 158.00
784.07, 168.00
784.37, 159.00
784.66, 153.00
784.96, 152.00
785.25, 154.00
785.55, 151.00
785.84, 156.00
786.14, 155.00
786.44, 159.00
786.73, 161.00
787.03, 154.00
787.32, 154.00
787.62, 156.00
787.91, 153.00
788.21, 156.00
788.50, 153.00
788.80, 149.00
789.09, 159.00
789.39, 164.00
789.68, 157.00
789.97, 156.00
790.27, 154.00
790.56, 158.00
790.86, 161.00
791.15, 152.00
791.45, 152.00
791.74, 173.00
792.04, 155.00
792.33, 146.00
792.62, 179.00
792.92, 152.00
793.21, 154.00
793.51, 158.00
793.80, 154.00
794.09, 154.00
794.39, 151.00
794.68, 150.00
794.98, 154.00
795.27, 150.00
795.56, 154.00
795.86, 155.00
796.15, 148.00
796.44, 156.00
796.74, 157.00
797.03, 152.00
797.32, 149.00
797.62, 153.00
797.91, 156.00
798.20, 152.00
798.50, 158.00
798.79, 161.00
799.08, 152.00
799.38, 153.00
799.67, 153.00
799.96, 157.00
800.26, 177.00
800.55, 155.00
800.84, 155.00
801.13, 153.00
801.43, 155.00
801.72, 187.00
802.01, 154.00
802.30, 156.00
802.60, 152.00
802.89, 159.00
803.18, 150.00
803.47, 155.00
803.77, 158.00
804.06, 163.00
804.35, 154.00
804.64, 175.00
804.94, 157.00
805.23, 155.00
805.52, 156.00
805.81, 157.00
806.10, 155.00
806.39, 148.00
806.69, 153.00
806.98, 145.00
807.27, 153.00
807.56, 157.00
807.85, 156.00
808.14, 155.00
808.44, 155.00
808.73, 155.00
809.02, 171.00
809.31, 155.00
809.60, 157.00
809.89, 157.00
810.18, 151.00
810.48, 162.00
810.77, 153.00
811.06, 151.00
811.35, 152.00
811.64, 154.00
811.93, 167.00
812.22, 151.00
812.51, 153.00
812.80, 148.00
813.09, 151.00
813.38, 150.00
813.67, 172.00
813.96, 150.00
814.26, 147.00
814.55, 152.00
814.84, 146.00
815.13, 150.00
815.42, 153.00
815.71, 156.00
816.00, 145.00
816.29, 155.00
816.58, 152.00
816.87, 146.00
817.16, 143.00
817.45, 154.00
817.74, 153.00
818.03, 143.00
818.32, 148.00
818.61, 147.00
818.90, 151.00
819.19, 145.00
819.48, 150.00
819.76, 152.00
820.05, 148.00
820.34, 151.00
820.63, 147.00
820.92, 147.00
821.21, 148.00
821.50, 147.00
821.79, 150.00
822.08, 149.00
822.37, 152.00
822.66, 148.00
822.95, 151.00
823.23, 148.00
823.52, 170.00
823.81, 153.00
824.10, 152.00
824.39, 151.00
824.68, 148.00
824.97, 167.00
825.26, 148.00
825.54, 192.00
825.83, 152.00
826.12, 146.00
826.41, 154.00
826.70, 144.00
826.99, 157.00
827.27, 148.00
827.56, 169.00
827.85, 145.00
828.14, 145.00
828.43, 147.00
828.71, 154.00
829.00, 147.00
829.29, 148.00
829.58, 152.00
829.86, 148.00
830.15, 151.00
830.44, 149.00
830.73, 151.00
831.01, 147.00
831.30, 152.00
831.59, 154.00
831.88, 147.00
832.16, 147.00
832.45, 155.00
832.74, 146.00
833.03, 146.00
833.31, 152.00
833.60, 151.00
833.89, 145.00
834.17, 149.00
834.46, 147.00
834.75, 148.00
835.03, 146.00
835.32, 145.00
835.61, 151.00
835.89, 158.00
836.18, 147.00
836.47, 141.00
836.75, 146.00
837.04, 146.00
837.33, 150.00
837.61, 146.00
837.90, 142.00
838.19, 144.00
838.47, 149.00
838.76, 145.00
839.04, 148.00
839.33, 146.00
839.62, 151.00
839.90, 148.00
840.19, 147.00
840.47, 146.00
840.76, 176.00
841.04, 148.00
841.33, 148.00
841.62, 150.00
841.90, 144.00
842.19, 147.00
842.47, 183.00
842.76, 155.00
843.04, 152.00
843.33, 180.00
843.61, 157.00
843.90, 163.00
844.18, 167.00
844.47, 163.00
844.75, 166.00
845.04, 157.00
845.32, 161.00
845.61, 158.00
845.89, 153.00
846.18, 147.00
846.46, 153.00
846.75, 148.00
847.03, 161.00
847.32, 149.00
847.60, 146.00
847.88, 151.00
848.17, 150.00
848.45, 167.00
848.74, 153.00
849.02, 147.00
849.31, 150.00
849.59, 147.00
849.87, 146.00
850.16, 147.00
850.44, 154.00
850.73, 172.00
851.01, 152.00
851.29, 145.00
851.58, 153.00
851.86, 149.00
852.14, 150.00
852.43, 151.00
852.71, 153.00
853.00, 147.00
853.28, 155.00
853.56, 153.00
853.85, 152.00
854.13, 150.00
854.41, 149.00
854.69, 149.00
854.98, 147.00
855.26, 200.00
855.54, 150.00
855.83, 148.00
856.11, 149.00
856.39, 144.00
856.68, 140.00
856.96, 151.00
857.24, 147.00
857.52, 157.00
857.81, 150.00
858.09, 145.00
858.37, 149.00
858.65, 148.00
858.94, 145.00
859.22, 151.00
