190.05, 0.00
190.41, 138.00
190.77, 138.00
191.14, 142.00
191.50, 144.00
191.86, 165.00
192.22, 152.00
192.58, 154.00
192.94, 151.00
193.31, 150.00
193.67, 151.00
194.03, 158.00
194.39, 148.00
194.75, 154.00
195.11, 159.00
195.47, 163.00
195.84, 150.00
196.20, 147.00
196.56, 166.00
196.92, 150.00
197.28, 150.00
197.64, 150.00
198.00, 150.00
198.37, 152.00
198.73, 151.00
199.09, 149.00
199.45, 145.00
199.81, 146.00
200.17, 153.00
200.53, 145.00
200.89, 162.00
201.25, 184.00
201.62, 147.00
201.98, 147.00
202.34, 150.00
202.70, 156.00
203.06, 153.00
203.42, 146.00
203.78, 145.00
204.14, 157.00
204.50, 177.00
204.86, 162.00
205.22, 162.00
205.58, 156.00
205.95, 150.00
206.31, 149.00
206.67, 154.00
207.03, 150.00
207.39, 156.00
207.75, 151.00
208.11, 150.00
208.47, 148.00
208.83, 157.00
209.19, 151.00
209.55, 154.00
209.91, 151.00
210.27, 158.00
210.63, 150.00
210.99, 162.00
211.35, 149.00
211.71, 155.00
212.07, 151.00
212.43, 151.00
212.79, 155.00
213.15, 143.00
213.51, 150.00
213.87, 154.00
214.23, 149.00
214.59, 145.00
214.95, 146.00
215.31, 153.00
215.67, 148.00
216.03, 172.00
216.39, 148.00
216.75, 151.00
217.11, 153.00
217.47, 152.00
217.83, 155.00
218.19, 153.00
218.55, 154.00
218.91, 157.00
219.27, 152.00
219.63, 150.00
219.99, 147.00
220.35, 146.00
220.71, 152.00
221.07, 151.00
221.43, 150.00
221.79, 148.00
222.15, 152.00
222.51, 150.00
222.87, 149.00
223.23, 143.00
223.59, 146.00
223.95, 147.00
224.31, 148.00
224.67, 146.00
225.03, 153.00
225.39, 156.00
225.74, 151.00
226.10, 143.00
226.46, 150.00
226.82, 149.00
227.18, 149.00
227.54, 143.00
227.90, 155.00
228.26, 150.00
228.62, 155.00
228.98, 150.00
229.34, 146.00
229.69, 153.00
230.05, 150.00
230.41, 147.00
230.77, 156.00
231.13, 159.00
231.49, 147.00
231.85, 145.00
232.21, 156.00
232.57, 150.00
232.92, 151.00
233.28, 149.00
233.64, 151.00
234.00, 147.00
234.36, 147.00
234.72, 151.00
235.08, 152.00
235.44, 152.00
235.79, 148.00
236.15, 152.00
236.51, 146.00
236.87, 148.00
237.23, 148.00
237.59, 149.00
237.94, 152.00
238.30, 152.00
238.66, 144.00
239.02, 152.00
239.38, 147.00
239.74, 143.00
240.09, 156.00
240.45, 147.00
240.81, 151.00
241.17, 156.00
241.53, 150.00
241.89, 149.00
242.24, 142.00
242.60, 154.00
242.96, 157.00
243.32, 150.00
243.68, 152.00
244.03, 154.00
244.39, 154.00
244.75, 164.00
245.11, 147.00
245.46, 151.00
245.82, 173.00
246.18, 145.00
246.54, 154.00
246.90, 146.00
247.25, 141.00
247.61, 150.00
247.97, 176.00
248.33, 148.00
248.68, 150.00
249.04, 147.00
249.40, 143.00
249.76, 154.00
250.11, 144.00
250.47, 146.00
250.83, 148.00
251.19, 149.00
251.54, 156.00
251.90, 147.00
252.26, 153.00
252.62, 151.00
252.97, 150.00
253.33, 147.00
253.69, 145.00
254.05, 154.00
254.40, 147.00
254.76, 142.00
255.12, 177.00
255.47, 148.00
255.83, 152.00
256.19, 153.00
256.54, 149.00
256.90, 150.00
257.26, 143.00
257.62, 151.00
257.97, 152.00
258.33, 156.00
258.69, 146.00
259.04, 148.00
259.40, 143.00
259.76, 152.00
260.11, 149.00
260.47, 144.00
260.83, 154.00
261.18, 146.00
261.54, 154.00
261.90, 154.00
262.25, 145.00
262.61, 145.00
262.97, 146.00
263.32, 150.00
263.68, 149.00
264.04, 157.00
264.39, 149.00
264.75, 149.00
265.10, 148.00
265.46, 187.00
265.82, 160.00
266.17, 150.00
266.53, 148.00
266.89, 151.00
267.24, 157.00
267.60, 147.00
267.95, 151.00
268.31, 144.00
268.67, 147.00
269.02, 149.00
269.38, 149.00
269.74, 153.00
270.09, 145.00
270.45, 149.00
270.80, 163.00
271.16, 148.00
271.51, 151.00
271.87, 153.00
272.23, 151.00
272.58, 147.00
272.94, 145.00
273.29, 141.00
273.65, 197.00
274.00, 150.00
274.36, 152.00
274.72, 142.00
275.07, 146.00
275.43, 150.00
275.78, 150.00
276.14, 147.00
276.49, 149.00
276.85, 153.00
277.20, 170.00
277.56, 147.00
277.92, 152.00
278.27, 152.00
278.63, 154.00
278.98, 150.00
279.34, 148.00
279.69, 148.00
280.05, 166.00
280.40, 152.00
280.76, 157.00
281.11, 152.00
281.47, 148.00
281.82, 150.00
282.18, 150.00
282.53, 157.00
282.89, 154.00
283.24, 157.00
283.60, 154.00
283.95, 155.00
284.31, 145.00
284.66, 155.00
285.02, 150.00
285.37, 150.00
285.73, 154.00
286.08, 164.00
286.44, 151.00
286.79, 155.00
287.14, 157.00
287.50, 153.00
287.85, 148.00
288.21, 151.00
288.56, 149.00
288.92, 149.00
289.27, 149.00
289.63, 150.00
289.98, 157.00
290.34, 152.00
290.69, 157.00
291.04, 149.00
291.40, 150.00
291.75, 153.00
292.11, 155.00
292.46, 146.00
292.81, 157.00
293.17, 147.00
293.52, 147.00
293.88, 156.00
294.23, 153.00
294.59, 152.00
294.94, 158.00
295.29, 160.00
295.65, 163.00
296.00, 177.00
296.36, 157.00
296.71, 156.00
297.06, 155.00
297.42, 159.00
297.77, 161.00
298.12, 160.00
298.48, 150.00
298.83, 162.00
299.19, 159.00
299.54, 157.00
299.89, 153.00
300.25, 157.00
300.60, 155.00
300.95, 158.00
301.31, 149.00
301.66, 150.00
302.01, 151.00
302.37, 148.00
302.72, 154.00
303.07, 152.00
303.43, 157.00
303.78, 155.00
304.13, 158.00
304.49, 157.00
304.84, 167.00
305.19, 192.00
305.55, 157.00
305.90, 167.00
306.25, 185.00
306.61, 218.00
306.96, 247.00
307.31, 301.00
307.66, 401.00
308.02, 497.00
308.37, 564.00
308.72, 609.00
309.08, 602.00
309.43, 563.00
309.78, 496.00
310.13, 444.00
310.49, 385.00
310.84, 314.00
311.19, 269.00
311.54, 249.00
311.90, 223.00
312.25, 215.00
312.60, 210.00
312.95, 233.00
313.31, 252.00
313.66, 253.00
314.01, 266.00
314.36, 270.00
314.72, 278.00
315.07, 309.00
315.42, 339.00
315.77, 367.00
316.13, 301.00
316.48, 237.00
316.83, 205.00
317.18, 179.00
317.54, 169.00
317.89, 156.00
318.24, 158.00
318.59, 154.00
318.94, 156.00
319.30, 159.00
319.65, 160.00
320.00, 154.00
320.35, 157.00
320.70, 159.00
321.05, 156.00
321.41, 155.00
321.76, 164.00
322.11, 160.00
322.46, 159.00
322.81, 195.00
323.17, 155.00
323.52, 157.00
323.87, 158.00
324.22, 154.00
324.57, 153.00
324.92, 157.00
325.27, 153.00
325.63, 163.00
325.98, 157.00
326.33, 163.00
326.68, 156.00
327.03, 154.00
327.38, 160.00
327.73, 162.00
328.09, 171.00
328.44, 197.00
328.79, 173.00
329.14, 199.00
329.49, 178.00
329.84, 175.00
330.19, 179.00
330.54, 176.00
330.89, 178.00
331.25, 164.00
331.60, 159.00
331.95, 161.00
332.30, 162.00
332.65, 161.00
333.00, 170.00
333.35, 212.00
333.70, 212.00
334.05, 171.00
334.40, 173.00
334.75, 179.00
335.10, 210.00
335.45, 254.00
335.81, 332.00
336.16, 460.00
336.51, 603.00
336.86, 614.00
337.21, 565.00
337.56, 405.00
337.91, 290.00
338.26, 220.00
338.61, 181.00
338.96, 174.00
339.31, 158.00
339.66, 157.00
340.01, 167.00
340.36, 161.00
340.71, 162.00
341.06, 155.00
341.41, 165.00
341.76, 161.00
342.11, 160.00
342.46, 158.00
342.81, 169.00
343.16, 161.00
343.51, 161.00
343.86, 159.00
344.21, 155.00
344.56, 156.00
344.91, 155.00
345.26, 164.00
345.61, 151.00
345.96, 156.00
346.31, 156.00
346.66, 180.00
347.01, 155.00
347.36, 181.00
347.71, 158.00
348.06, 153.00
348.41, 170.00
348.76, 167.00
349.10, 166.00
349.45, 178.00
349.80, 173.00
350.15, 177.00
350.50, 170.00
350.85, 180.00
351.20, 174.00
351.55, 188.00
351.90, 199.00
352.25, 222.00
352.60, 254.00
352.95, 298.00
353.30, 328.00
353.64, 304.00
353.99, 264.00
354.34, 247.00
354.69, 249.00
355.04, 256.00
355.39, 292.00
355.74, 341.00
356.09, 391.00
356.44, 438.00
356.78, 524.00
357.13, 555.00
357.48, 524.00
357.83, 437.00
358.18, 336.00
358.53, 257.00
358.88, 201.00
359.22, 187.00
359.57, 160.00
359.92, 160.00
360.27, 162.00
360.62, 160.00
360.97, 162.00
361.32, 163.00
361.66, 160.00
362.01, 160.00
362.36, 164.00
362.71, 163.00
363.06, 167.00
363.40, 171.00
363.75, 164.00
364.10, 169.00
364.45, 164.00
364.80, 164.00
365.14, 168.00
365.49, 160.00
365.84, 166.00
366.19, 162.00
366.54, 169.00
366.88, 183.00
367.23, 157.00
367.58, 209.00
367.93, 156.00
368.28, 161.00
368.62, 161.00
368.97, 168.00
369.32, 172.00
369.67, 168.00
370.01, 184.00
370.36, 185.00
370.71, 205.00
371.06, 183.00
371.40, 181.00
371.75, 161.00
372.10, 164.00
372.45, 155.00
372.79, 163.00
373.14, 172.00
373.49, 178.00
373.83, 199.00
374.18, 213.00
374.53, 237.00
374.88, 260.00
375.22, 259.00
375.57, 235.00
375.92, 206.00
376.26, 191.00
376.61, 174.00
376.96, 157.00
377.30, 168.00
377.65, 172.00
378.00, 171.00
378.35, 188.00
378.69, 219.00
379.04, 230.00
379.39, 286.00
379.73, 312.00
380.08, 324.00
380.43, 279.00
380.77, 232.00
381.12, 219.00
381.47, 192.00
381.81, 180.00
382.16, 161.00
382.50, 165.00
382.85, 238.00
383.20, 169.00
383.54, 175.00
383.89, 181.00
384.24, 178.00
384.58, 185.00
384.93, 204.00
385.27, 203.00
385.62, 201.00
385.97, 199.00
386.31, 199.00
386.66, 232.00
387.00, 205.00
387.35, 220.00
387.70, 231.00
388.04, 329.00
388.39, 336.00
388.73, 446.00
389.08, 618.00
389.43, 891.00
389.77, 1196.00
390.12, 1560.00
390.46, 2209.00
390.81, 2453.00
391.15, 2353.00
391.50, 1767.00
391.85, 1092.00
392.19, 702.00
392.54, 407.00
392.88, 253.00
393.23, 213.00
393.57, 203.00
393.92, 194.00
394.26, 180.00
394.61, 171.00
394.95, 171.00
395.30, 159.00
395.64, 157.00
395.99, 192.00
396.33, 163.00
396.68, 163.00
397.02, 162.00
397.37, 170.00
397.71, 171.00
398.06, 177.00
398.40, 183.00
398.75, 201.00
399.09, 211.00
399.44, 210.00
399.78, 195.00
400.13, 179.00
400.47, 171.00
400.82, 164.00
401.16, 161.00
401.51, 160.00
401.85, 158.00
402.20, 159.00
402.54, 154.00
402.88, 165.00
403.23, 162.00
403.57, 172.00
403.92, 190.00
404.26, 242.00
404.61, 217.00
404.95, 255.00
405.30, 215.00
405.64, 205.00
405.98, 222.00
406.33, 178.00
406.67, 166.00
407.02, 163.00
407.36, 165.00
407.70, 174.00
408.05, 167.00
408.39, 180.00
408.74, 175.00
409.08, 181.00
409.42, 175.00
409.77, 174.00
410.11, 180.00
410.46, 170.00
410.80, 172.00
411.14, 180.00
411.49, 185.00
411.83, 189.00
412.17, 183.00
412.52, 180.00
412.86, 185.00
413.20, 187.00
413.55, 185.00
413.89, 178.00
414.23, 183.00
414.58, 211.00
414.92, 165.00
415.26, 159.00
415.61, 167.00
415.95, 166.00
416.29, 167.00
416.64, 165.00
416.98, 175.00
417.32, 171.00
417.67, 194.00
418.01, 200.00
418.35, 201.00
418.70, 224.00
419.04, 254.00
419.38, 236.00
419.72, 231.00
420.07, 216.00
420.41, 191.00
420.75, 177.00
421.10, 172.00
421.44, 172.00
421.78, 178.00
422.12, 173.00
422.47, 183.00
422.81, 196.00
423.15, 199.00
423.49, 201.00
423.84, 200.00
424.18, 208.00
424.52, 230.00
424.86, 280.00
425.21, 348.00
425.55, 415.00
425.89, 514.00
426.23, 624.00
426.57, 828.00
426.92, 952.00
427.26, 1006.00
427.60, 861.00
427.94, 588.00
428.28, 434.00
428.63, 324.00
428.97, 248.00
429.31, 201.00
429.65, 176.00
429.99, 165.00
430.34, 160.00
430.68, 165.00
431.02, 163.00
431.36, 159.00
431.70, 169.00
432.04, 163.00
432.39, 166.00
432.73, 172.00
433.07, 171.00
433.41, 177.00
433.75, 184.00
434.09, 175.00
434.43, 186.00
434.78, 245.00
435.12, 298.00
435.46, 334.00
435.80, 305.00
436.14, 277.00
436.48, 241.00
436.82, 227.00
437.16, 209.00
437.51, 189.00
437.85, 184.00
438.19, 218.00
438.53, 174.00
438.87, 189.00
439.21, 178.00
439.55, 186.00
439.89, 189.00
440.23, 182.00
440.57, 179.00
440.91, 191.00
441.26, 192.00
441.60, 185.00
441.94, 177.00
442.28, 181.00
442.62, 178.00
442.96, 171.00
443.30, 176.00
443.64, 169.00
443.98, 172.00
444.32, 176.00
444.66, 172.00
445.00, 167.00
445.34, 176.00
445.68, 170.00
446.02, 169.00
446.36, 168.00
446.70, 167.00
447.04, 172.00
447.38, 199.00
447.72, 174.00
448.06, 173.00
448.40, 178.00
448.74, 167.00
449.08, 166.00
449.42, 170.00
449.76, 175.00
450.10, 167.00
450.44, 164.00
450.78, 170.00
451.12, 166.00
451.46, 171.00
451.80, 183.00
452.14, 152.00
452.48, 164.00
452.82, 166.00
453.16, 165.00
453.50, 164.00
453.84, 163.00
454.18, 203.00
454.52, 175.00
454.86, 172.00
455.19, 184.00
455.53, 173.00
455.87, 173.00
456.21, 183.00
456.55, 173.00
456.89, 172.00
457.23, 179.00
457.57, 181.00
457.91, 185.00
458.25, 181.00
458.59, 194.00
458.92, 202.00
459.26, 200.00
459.60, 209.00
459.94, 192.00
460.28, 180.00
460.62, 176.00
460.96, 167.00
461.30, 167.00
461.63, 169.00
461.97, 162.00
462.31, 163.00
462.65, 166.00
462.99, 176.00
463.33, 170.00
463.67, 169.00
464.00, 182.00
464.34, 179.00
464.68, 182.00
465.02, 183.00
465.36, 176.00
465.70, 176.00
466.03, 184.00
466.37, 162.00
466.71, 181.00
467.05, 188.00
467.39, 208.00
467.72, 221.00
468.06, 229.00
468.40, 257.00
468.74, 268.00
469.08, 271.00
469.41, 306.00
469.75, 365.00
470.09, 386.00
470.43, 381.00
470.76, 321.00
471.10, 290.00
471.44, 268.00
471.78, 233.00
472.11, 216.00
472.45, 199.00
472.79, 188.00
473.13, 186.00
473.46, 192.00
473.80, 182.00
474.14, 179.00
474.48, 178.00
474.81, 173.00
475.15, 175.00
475.49, 178.00
475.82, 178.00
476.16, 182.00
476.50, 165.00
476.84, 172.00
477.17, 168.00
477.51, 162.00
477.85, 167.00
478.18, 179.00
478.52, 164.00
478.86, 217.00
479.19, 170.00
479.53, 170.00
479.87, 209.00
480.20, 181.00
480.54, 174.00
480.88, 171.00
481.21, 172.00
481.55, 173.00
481.89, 175.00
482.22, 183.00
482.56, 191.00
482.90, 184.00
483.23, 189.00
483.57, 192.00
483.90, 197.00
484.24, 202.00
484.58, 213.00
484.91, 208.00
485.25, 224.00
485.58, 225.00
485.92, 227.00
486.26, 226.00
486.59, 229.00
486.93, 231.00
487.26, 232.00
487.60, 233.00
487.94, 226.00
488.27, 228.00
488.61, 230.00
488.94, 227.00
489.28, 220.00
489.61, 226.00
489.95, 223.00
490.29, 226.00
490.62, 227.00
490.96, 214.00
491.29, 231.00
491.63, 221.00
491.96, 209.00
492.30, 212.00
492.63, 213.00
492.97, 205.00
493.30, 207.00
493.64, 197.00
493.97, 199.00
494.31, 204.00
494.64, 203.00
494.98, 200.00
495.31, 203.00
495.65, 201.00
495.98, 196.00
496.32, 201.00
496.65, 226.00
496.99, 192.00
497.32, 185.00
497.66, 177.00
497.99, 179.00
498.33, 180.00
498.66, 177.00
499.00, 187.00
499.33, 184.00
499.67, 175.00
500.00, 170.00
500.34, 190.00
500.67, 190.00
501.00, 183.00
501.34, 189.00
501.67, 185.00
502.01, 178.00
502.34, 171.00
502.68, 181.00
503.01, 185.00
503.34, 182.00
503.68, 181.00
504.01, 185.00
504.35, 186.00
504.68, 190.00
505.01, 188.00
505.35, 185.00
505.68, 183.00
506.02, 185.00
506.35, 185.00
506.68, 195.00
507.02, 190.00
507.35, 186.00
507.68, 176.00
508.02, 188.00
508.35, 191.00
508.69, 180.00
509.02, 181.00
509.35, 176.00
509.69, 178.00
510.02, 189.00
510.35, 172.00
510.69, 170.00
511.02, 172.00
511.35, 167.00
511.69, 169.00
512.02, 164.00
512.35, 169.00
512.68, 168.00
513.02, 173.00
513.35, 165.00
513.68, 173.00
514.02, 175.00
514.35, 165.00
514.68, 171.00
515.01, 169.00
515.35, 177.00
515.68, 166.00
516.01, 164.00
516.35, 165.00
516.68, 164.00
517.01, 164.00
517.34, 166.00
517.68, 166.00
518.01, 176.00
518.34, 159.00
518.67, 163.00
519.01, 173.00
519.34, 172.00
519.67, 190.00
520.00, 178.00
520.33, 181.00
520.67, 182.00
521.00, 187.00
521.33, 191.00
521.66, 203.00
522.00, 204.00
522.33, 201.00
522.66, 185.00
522.99, 176.00
523.32, 186.00
523.65, 183.00
523.99, 179.00
524.32, 175.00
524.65, 179.00
524.98, 177.00
525.31, 174.00
525.65, 201.00
525.98, 178.00
526.31, 173.00
526.64, 181.00
526.97, 173.00
527.30, 171.00
527.63, 166.00
527.97, 172.00
528.30, 169.00
528.63, 175.00
528.96, 193.00
529.29, 169.00
529.62, 172.00
529.95, 162.00
530.28, 160.00
530.61, 162.00
530.95, 162.00
531.28, 165.00
531.61, 168.00
531.94, 184.00
532.27, 189.00
532.60, 185.00
532.93, 184.00
533.26, 177.00
533.59, 170.00
533.92, 172.00
534.25, 167.00
534.58, 209.00
534.91, 173.00
535.25, 167.00
535.58, 165.00
535.91, 167.00
536.24, 173.00
536.57, 182.00
536.90, 181.00
537.23, 183.00
537.56, 226.00
537.89, 191.00
538.22, 194.00
538.55, 195.00
538.88, 209.00
539.21, 322.00
539.54, 220.00
539.87, 244.00
540.20, 265.00
540.53, 287.00
540.86, 349.00
541.19, 365.00
541.52, 396.00
541.85, 418.00
542.18, 444.00
542.51, 454.00
542.84, 465.00
543.17, 459.00
543.50, 449.00
543.82, 439.00
544.15, 437.00
544.48, 422.00
544.81, 460.00
545.14, 489.00
545.47, 457.00
545.80, 450.00
546.13, 370.00
546.46, 368.00
546.79, 334.00
547.12, 287.00
547.45, 267.00
547.78, 261.00
548.10, 262.00
548.43, 259.00
548.76, 237.00
549.09, 238.00
549.42, 234.00
549.75, 232.00
550.08, 229.00
550.41, 227.00
550.74, 228.00
551.06, 216.00
551.39, 226.00
551.72, 213.00
552.05, 208.00
552.38, 213.00
552.71, 201.00
553.03, 200.00
553.36, 197.00
553.69, 201.00
554.02, 183.00
554.35, 183.00
554.68, 186.00
555.00, 180.00
555.33, 181.00
555.66, 177.00
555.99, 192.00
556.32, 181.00
556.64, 185.00
556.97, 200.00
557.30, 197.00
557.63, 190.00
557.96, 193.00
558.28, 201.00
558.61, 201.00
558.94, 201.00
559.27, 199.00
559.59, 201.00
559.92, 195.00
560.25, 194.00
560.58, 193.00
560.90, 196.00
561.23, 190.00
561.56, 186.00
561.89, 187.00
562.21, 176.00
562.54, 185.00
562.87, 183.00
563.20, 177.00
563.52, 172.00
563.85, 168.00
564.18, 183.00
564.50, 166.00
564.83, 190.00
565.16, 219.00
565.48, 159.00
565.81, 167.00
566.14, 157.00
566.47, 153.00
566.79, 159.00
567.12, 160.00
567.45, 184.00
567.77, 154.00
568.10, 164.00
568.43, 165.00
568.75, 161.00
569.08, 160.00
569.40, 199.00
569.73, 163.00
570.06, 160.00
570.38, 157.00
570.71, 157.00
571.04, 153.00
571.36, 163.00
571.69, 159.00
572.01, 154.00
572.34, 162.00
572.67, 164.00
572.99, 157.00
573.32, 177.00
573.64, 159.00
573.97, 160.00
574.30, 160.00
574.62, 158.00
574.95, 161.00
575.27, 167.00
575.60, 172.00
575.92, 174.00
576.25, 179.00
576.58, 186.00
576.90, 171.00
577.23, 206.00
577.55, 173.00
577.88, 178.00
578.20, 189.00
578.53, 181.00
578.85, 204.00
579.18, 192.00
579.50, 187.00
579.83, 192.00
580.15, 191.00
580.48, 193.00
580.80, 196.00
581.13, 189.00
581.45, 195.00
581.78, 195.00
582.10, 200.00
582.43, 205.00
582.75, 206.00
583.08, 211.00
583.40, 205.00
583.73, 271.00
584.05, 212.00
584.38, 207.00
584.70, 247.00
585.03, 209.00
585.35, 206.00
585.67, 217.00
586.00, 226.00
586.32, 252.00
586.65, 272.00
586.97, 263.00
587.30, 254.00
587.62, 237.00
587.94, 231.00
588.27, 215.00
588.59, 211.00
588.92, 207.00
589.24, 196.00
589.56, 192.00
589.89, 197.00
590.21, 187.00
590.54, 188.00
590.86, 186.00
591.18, 191.00
591.51, 194.00
591.83, 205.00
592.15, 205.00
592.48, 207.00
592.80, 203.00
593.13, 197.00
593.45, 199.00
593.77, 201.00
594.10, 196.00
594.42, 194.00
594.74, 190.00
595.07, 202.00
595.39, 196.00
595.71, 203.00
596.03, 194.00
596.36, 204.00
596.68, 215.00
597.00, 209.00
597.33, 211.00
597.65, 209.00
597.97, 213.00
598.30, 214.00
598.62, 217.00
598.94, 212.00
599.26, 217.00
599.59, 213.00
599.91, 210.00
600.23, 211.00
600.55, 204.00
600.88, 197.00
601.20, 195.00
601.52, 181.00
601.84, 183.00
602.17, 182.00
602.49, 171.00
602.81, 170.00
603.13, 175.00
603.45, 179.00
603.78, 172.00
604.10, 177.00
604.42, 174.00
604.74, 172.00
605.07, 175.00
605.39, 169.00
605.71, 167.00
606.03, 170.00
606.35, 175.00
606.67, 180.00
607.00, 180.00
607.32, 179.00
607.64, 183.00
607.96, 183.00
608.28, 189.00
608.60, 205.00
608.93, 214.00
609.25, 238.00
609.57, 287.00
609.89, 368.00
610.21, 430.00
610.53, 483.00
610.85, 480.00
611.17, 443.00
611.50, 417.00
611.82, 382.00
612.14, 355.00
612.46, 333.00
612.78, 312.00
613.10, 288.00
613.42, 282.00
613.74, 281.00
614.06, 300.00
614.38, 277.00
614.70, 269.00
615.03, 274.00
615.35, 254.00
615.67, 336.00
615.99, 225.00
616.31, 215.00
616.63, 214.00
616.95, 197.00
617.27, 191.00
617.59, 183.00
617.91, 189.00
618.23, 194.00
618.55, 185.00
618.87, 188.00
619.19, 191.00
619.51, 183.00
619.83, 181.00
620.15, 194.00
620.47, 189.00
620.79, 191.00
621.11, 192.00
621.43, 190.00
621.75, 187.00
622.07, 179.00
622.39, 184.00
622.71, 183.00
623.03, 185.00
623.35, 226.00
623.67, 184.00
623.99, 179.00
624.31, 182.00
624.63, 182.00
624.95, 177.00
625.26, 179.00
625.58, 183.00
625.90, 201.00
626.22, 179.00
626.54, 176.00
626.86, 181.00
627.18, 179.00
627.50, 177.00
627.82, 181.00
628.14, 179.00
628.46, 186.00
628.77, 179.00
629.09, 187.00
629.41, 191.00
629.73, 198.00
630.05, 214.00
630.37, 209.00
630.69, 213.00
631.00, 210.00
631.32, 207.00
631.64, 189.00
631.96, 188.00
632.28, 183.00
632.60, 187.00
632.92, 180.00
633.23, 179.00
633.55, 183.00
633.87, 180.00
634.19, 185.00
634.51, 190.00
634.82, 196.00
635.14, 195.00
635.46, 190.00
635.78, 191.00
636.10, 186.00
636.41, 192.00
636.73, 192.00
637.05, 190.00
637.37, 186.00
637.68, 187.00
638.00, 186.00
638.32, 187.00
638.64, 197.00
638.95, 215.00
639.27, 205.00
639.59, 207.00
639.91, 199.00
640.22, 190.00
640.54, 190.00
640.86, 181.00
641.18, 190.00
641.49, 196.00
641.81, 185.00
642.13, 192.00
642.44, 171.00
642.76, 169.00
643.08, 163.00
643.40, 168.00
643.71, 174.00
644.03, 177.00
644.35, 179.00
644.66, 179.00
644.98, 181.00
645.30, 169.00
645.61, 183.00
645.93, 169.00
646.25, 169.00
646.56, 178.00
646.88, 196.00
647.19, 164.00
647.51, 170.00
647.83, 160.00
648.14, 161.00
648.46, 161.00
648.78, 163.00
649.09, 168.00
649.41, 214.00
649.72, 173.00
650.04, 179.00
650.36, 170.00
650.67, 166.00
650.99, 169.00
651.30, 163.00
651.62, 162.00
651.93, 171.00
652.25, 174.00
652.57, 204.00
652.88, 168.00
653.20, 175.00
653.51, 169.00
653.83, 170.00
654.14, 157.00
654.46, 166.00
654.77, 165.00
655.09, 165.00
655.40, 177.00
655.72, 173.00
656.04, 163.00
656.35, 162.00
656.67, 160.00
656.98, 161.00
657.30, 160.00
657.61, 156.00
657.93, 160.00
658.24, 172.00
658.55, 204.00
658.87, 171.00
659.18, 167.00
659.50, 168.00
659.81, 171.00
660.13, 164.00
660.44, 164.00
660.76, 167.00
661.07, 184.00
661.39, 167.00
661.70, 168.00
662.01, 169.00
662.33, 163.00
662.64, 166.00
662.96, 164.00
663.27, 161.00
663.59, 157.00
663.90, 156.00
664.21, 154.00
664.53, 176.00
664.84, 161.00
665.16, 179.00
665.47, 161.00
665.78, 159.00
666.10, 169.00
666.41, 172.00
666.72, 190.00
667.04, 198.00
667.35, 183.00
667.67, 182.00
667.98, 178.00
668.29, 176.00
668.61, 167.00
668.92, 168.00
669.23, 159.00
669.55, 161.00
669.86, 186.00
670.17, 161.00
670.48, 163.00
670.80, 153.00
671.11, 158.00
671.42, 156.00
671.74, 162.00
672.05, 158.00
672.36, 163.00
672.68, 152.00
672.99, 161.00
673.30, 159.00
673.61, 156.00
673.93, 161.00
674.24, 157.00
674.55, 160.00
674.86, 161.00
675.18, 163.00
675.49, 161.00
675.80, 172.00
676.11, 165.00
676.43, 167.00
676.74, 156.00
677.05, 169.00
677.36, 166.00
677.67, 160.00
677.99, 164.00
678.30, 168.00
678.61, 166.00
678.92, 166.00
679.23, 169.00
679.55, 166.00
679.86, 162.00
680.17, 165.00
680.48, 167.00
680.79, 169.00
681.10, 159.00
681.42, 163.00
681.73, 162.00
682.04, 160.00
682.35, 158.00
682.66, 163.00
682.97, 157.00
683.28, 163.00
683.60, 158.00
683.91, 163.00
684.22, 176.00
684.53, 160.00
684.84, 156.00
685.15, 160.00
685.46, 184.00
685.77, 155.00
686.08, 157.00
686.40, 190.00
686.71, 163.00
687.02, 161.00
687.33, 160.00
687.64, 155.00
687.95, 160.00
688.26, 154.00
688.57, 156.00
688.88, 153.00
689.19, 149.00
689.50, 147.00
689.81, 156.00
690.12, 150.00
690.43, 169.00
690.74, 151.00
691.05, 150.00
691.36, 162.00
691.67, 151.00
691.98, 151.00
692.29, 157.00
692.60, 158.00
692.91, 153.00
693.22, 148.00
693.53, 151.00
693.84, 155.00
694.15, 146.00
694.46, 153.00
694.77, 150.00
695.08, 155.00
695.39, 158.00
695.70, 150.00
696.01, 154.00
696.32, 151.00
696.63, 146.00
696.94, 152.00
697.25, 151.00
697.56, 155.00
697.87, 155.00
698.17, 196.00
698.48, 152.00
698.79, 150.00
699.10, 151.00
699.41, 157.00
699.72, 150.00
700.03, 154.00
700.34, 157.00
700.65, 154.00
700.95, 153.00
701.26, 153.00
701.57, 154.00
701.88, 150.00
702.19, 165.00
702.50, 156.00
702.81, 153.00
703.11, 180.00
703.42, 159.00
703.73, 160.00
704.04, 165.00
704.35, 169.00
704.66, 183.00
704.96, 270.00
705.27, 381.00
705.58, 431.00
705.89, 448.00
706.20, 368.00
706.50, 320.00
706.81, 293.00
707.12, 258.00
707.43, 234.00
707.73, 210.00
708.04, 180.00
708.35, 167.00
708.66, 163.00
708.97, 161.00
709.27, 158.00
709.58, 156.00
709.89, 155.00
710.19, 151.00
710.50, 160.00
710.81, 161.00
711.12, 165.00
711.42, 158.00
711.73, 163.00
712.04, 157.00
712.35, 159.00
712.65, 161.00
712.96, 156.00
713.27, 159.00
713.57, 171.00
713.88, 167.00
714.19, 151.00
714.49, 147.00
714.80, 156.00
715.11, 147.00
715.41, 152.00
715.72, 149.00
716.03, 149.00
716.33, 158.00
716.64, 152.00
716.94, 155.00
717.25, 155.00
717.56, 159.00
717.86, 152.00
718.17, 153.00
718.48, 147.00
718.78, 149.00
719.09, 147.00
719.39, 149.00
719.70, 142.00
720.01, 150.00
720.31, 149.00
720.62, 150.00
720.92, 149.00
721.23, 152.00
721.53, 154.00
721.84, 152.00
722.15, 156.00
722.45, 153.00
722.76, 150.00
723.06, 155.00
723.37, 152.00
723.67, 150.00
723.98, 153.00
724.28, 157.00
724.59, 159.00
724.89, 154.00
725.20, 156.00
725.50, 161.00
725.81, 156.00
726.11, 158.00
726.42, 159.00
726.72, 161.00
727.03, 201.00
727.33, 175.00
727.64, 169.00
727.94, 163.00
728.25, 161.00
728.55, 158.00
728.86, 177.00
729.16, 153.00
729.46, 144.00
729.77, 154.00
730.07, 153.00
730.38, 153.00
730.68, 146.00
730.99, 156.00
731.29, 149.00
731.59, 147.00
731.90, 152.00
732.20, 154.00
732.51, 158.00
732.81, 146.00
733.11, 153.00
733.42, 150.00
733.72, 159.00
734.02, 151.00
734.33, 152.00
734.63, 153.00
734.94, 150.00
735.24, 147.00
735.54, 154.00
735.85, 149.00
736.15, 148.00
736.45, 147.00
736.76, 151.00
737.06, 150.00
737.36, 151.00
737.67, 149.00
737.97, 151.00
738.27, 148.00
738.57, 153.00
738.88, 148.00
739.18, 179.00
739.48, 153.00
739.79, 153.00
740.09, 147.00
740.39, 149.00
740.69, 165.00
741.00, 148.00
741.30, 151.00
741.60, 145.00
741.90, 145.00
742.21, 147.00
742.51, 194.00
742.81, 149.00
743.11, 148.00
743.42, 175.00
743.72, 148.00
744.02, 153.00
744.32, 152.00
744.63, 157.00
744.93, 156.00
745.23, 158.00
745.53, 157.00
745.83, 151.00
746.13, 150.00
746.44, 150.00
746.74, 154.00
747.04, 153.00
747.34, 150.00
747.64, 152.00
747.94, 151.00
748.25, 156.00
748.55, 154.00
748.85, 154.00
749.15, 155.00
749.45, 180.00
749.75, 161.00
750.05, 160.00
750.35, 147.00
750.66, 174.00
750.96, 159.00
751.26, 150.00
751.56, 143.00
751.86, 157.00
752.16, 153.00
752.46, 152.00
752.76, 147.00
753.06, 155.00
753.36, 187.00
753.66, 147.00
753.96, 147.00
754.27, 152.00
754.57, 153.00
754.87, 153.00
755.17, 147.00
755.47, 147.00
755.77, 152.00
756.07, 153.00
756.37, 147.00
756.67, 160.00
756.97, 148.00
757.27, 158.00
757.57, 150.00
757.87, 155.00
758.17, 149.00
758.47, 156.00
758.77, 160.00
759.07, 156.00
759.37, 153.00
759.67, 144.00
759.97, 158.00
760.27, 149.00
760.57, 150.00
760.86, 148.00
761.16, 155.00
761.46, 149.00
761.76, 181.00
762.06, 148.00
762.36, 156.00
762.66, 145.00
762.96, 147.00
763.26, 156.00
763.56, 179.00
763.86, 161.00
764.16, 149.00
764.45, 159.00
764.75, 157.00
765.05, 151.00
765.35, 151.00
765.65, 154.00
765.95, 150.00
766.25, 156.00
766.55, 157.00
766.84, 151.00
767.14, 154.00
767.44, 150.00
767.74, 153.00
768.04, 155.00
768.34, 149.00
768.63, 151.00
768.93, 148.00
769.23, 158.00
769.53, 150.00
769.83, 147.00
770.12, 152.00
770.42, 148.00
770.72, 155.00
771.02, 151.00
771.32, 145.00
771.61, 152.00
771.91, 152.00
772.21, 151.00
772.51, 152.00
772.80, 155.00
773.10, 151.00
773.40, 155.00
773.70, 151.00
773.99, 157.00
774.29, 160.00
774.59, 165.00
774.88, 156.00
775.18, 165.00
775.48, 232.00
775.78, 404.00
776.07, 573.00
776.37, 635.00
776.67, 584.00
776.96, 440.00
777.26, 384.00
777.56, 291.00
777.85, 276.00
778.15, 251.00
778.45, 247.00
778.74, 222.00
779.04, 204.00
779.34, 175.00
779.63, 170.00
779.93, 154.00
780.22, 150.00
780.52, 152.00
780.82, 144.00
781.11, 154.00
781.41, 149.00
781.71, 147.00
782.00, 148.00
782.30, 152.00
782.59, 159.00
782.89, 149.00
783.19, 152.00
783.48, 154.00
783.78, 149.00
784.07, 161.00
784.37, 155.00
784.66, 155.00
784.96, 148.00
785.25, 151.00
785.55, 152.00
785.84, 154.00
786.14, 149.00
786.44, 152.00
786.73, 151.00
787.03, 146.00
787.32, 152.00
787.62, 149.00
787.91, 147.00
788.21, 153.00
788.50, 153.00
788.80, 147.00
789.09, 155.00
789.39, 154.00
789.68, 147.00
789.97, 151.00
790.27, 150.00
790.56, 154.00
790.86, 156.00
791.15, 145.00
791.45, 148.00
791.74, 177.00
792.04, 147.00
792.33, 146.00
792.62, 176.00
792.92, 152.00
793.21, 146.00
793.51, 154.00
793.80, 147.00
794.09, 148.00
794.39, 147.00
794.68, 147.00
794.98, 152.00
795.27, 149.00
795.56, 147.00
795.86, 150.00
796.15, 143.00
796.44, 152.00
796.74, 145.00
797.03, 151.00
797.32, 150.00
797.62, 150.00
797.91, 159.00
798.20, 148.00
798.50, 159.00
798.79, 153.00
799.08, 150.00
799.38, 149.00
799.67, 147.00
799.96, 155.00
800.26, 171.00
800.55, 147.00
800.84, 152.00
801.13, 140.00
801.43, 148.00
801.72, 181.00
802.01, 144.00
802.30, 149.00
802.60, 151.00
802.89, 148.00
803.18, 150.00
803.47, 143.00
803.77, 151.00
804.06, 154.00
804.35, 152.00
804.64, 165.00
804.94, 146.00
805.23, 149.00
805.52, 151.00
805.81, 150.00
806.10, 150.00
806.39, 149.00
806.69, 148.00
806.98, 154.00
807.27, 152.00
807.56, 152.00
807.85, 150.00
808.14, 150.00
808.44, 155.00
808.73, 153.00
809.02, 165.00
809.31, 154.00
809.60, 153.00
809.89, 157.00
810.18, 148.00
810.48, 155.00
810.77, 147.00
811.06, 146.00
811.35, 150.00
811.64, 149.00
811.93, 169.00
812.22, 146.00
812.51, 148.00
812.80, 146.00
813.09, 148.00
813.38, 148.00
813.67, 166.00
813.96, 154.00
814.26, 141.00
814.55, 145.00
814.84, 144.00
815.13, 158.00
815.42, 150.00
815.71, 145.00
816.00, 146.00
816.29, 155.00
816.58, 149.00
816.87, 148.00
817.16, 149.00
817.45, 154.00
817.74, 151.00
818.03, 150.00
818.32, 147.00
818.61, 148.00
818.90, 149.00
819.19, 153.00
819.48, 147.00
819.76, 150.00
820.05, 151.00
820.34, 150.00
820.63, 149.00
820.92, 143.00
821.21, 149.00
821.50, 148.00
821.79, 147.00
822.08, 145.00
822.37, 151.00
822.66, 150.00
822.95, 155.00
823.23, 151.00
823.52, 167.00
823.81, 150.00
824.10, 143.00
824.39, 150.00
824.68, 149.00
824.97, 160.00
825.26, 146.00
825.54, 189.00
825.83, 150.00
826.12, 148.00
826.41, 148.00
826.70, 148.00
826.99, 155.00
827.27, 152.00
827.56, 170.00
827.85, 150.00
828.14, 151.00
828.43, 151.00
828.71, 155.00
829.00, 146.00
829.29, 148.00
829.58, 148.00
829.86, 143.00
830.15, 147.00
830.44, 153.00
830.73, 152.00
831.01, 145.00
831.30, 149.00
831.59, 148.00
831.88, 145.00
832.16, 135.00
832.45, 151.00
832.74, 146.00
833.03, 142.00
833.31, 152.00
833.60, 148.00
833.89, 147.00
834.17, 149.00
834.46, 143.00
834.75, 143.00
835.03, 143.00
835.32, 152.00
835.61, 146.00
835.89, 159.00
836.18, 149.00
836.47, 147.00
836.75, 150.00
837.04, 154.00
837.33, 152.00
837.61, 148.00
837.90, 147.00
838.19, 149.00
838.47, 148.00
838.76, 148.00
839.04, 149.00
839.33, 146.00
839.62, 146.00
839.90, 149.00
840.19, 149.00
840.47, 151.00
840.76, 173.00
841.04, 152.00
841.33, 149.00
841.62, 156.00
841.90, 150.00
842.19, 147.00
842.47, 179.00
842.76, 148.00
843.04, 155.00
843.33, 172.00
843.61, 162.00
843.90, 165.00
844.18, 160.00
844.47, 163.00
844.75, 165.00
845.04, 152.00
845.32, 156.00
845.61, 154.00
845.89, 154.00
846.18, 156.00
846.46, 156.00
846.75, 155.00
847.03, 167.00
847.32, 152.00
847.60, 145.00
847.88, 150.00
848.17, 149.00
848.45, 165.00
848.74, 147.00
849.02, 149.00
849.31, 147.00
849.59, 150.00
849.87, 145.00
850.16, 149.00
850.44, 157.00
850.73, 170.00
851.01, 151.00
851.29, 150.00
851.58, 147.00
851.86, 147.00
852.14, 144.00
852.43, 148.00
852.71, 147.00
853.00, 148.00
853.28, 154.00
853.56, 140.00
853.85, 148.00
854.13, 147.00
854.41, 145.00
854.69, 147.00
854.98, 152.00
855.26, 202.00
855.54, 145.00
855.83, 144.00
856.11, 155.00
856.39, 149.00
856.68, 148.00
856.96, 150.00
857.24, 145.00
857.52, 148.00
857.81, 148.00
858.09, 147.00
858.37, 146.00
858.65, 151.00
858.94, 147.00
859.22, 146.00
