190.05, 0.00
190.41, 132.00
190.77, 133.00
191.14, 136.00
191.50, 134.00
191.86, 154.00
192.22, 142.00
192.58, 143.00
192.94, 142.00
193.31, 141.00
193.67, 143.00
194.03, 152.00
194.39, 147.00
194.75, 145.00
195.11, 155.00
195.47, 160.00
195.84, 147.00
196.20, 142.00
196.56, 168.00
196.92, 146.00
197.28, 148.00
197.64, 145.00
198.00, 142.00
198.37, 150.00
198.73, 146.00
199.09, 148.00
199.45, 149.00
199.81, 145.00
200.17, 150.00
200.53, 149.00
200.89, 153.00
201.25, 183.00
201.62, 145.00
201.98, 143.00
202.34, 146.00
202.70, 152.00
203.06, 138.00
203.42, 153.00
203.78, 145.00
204.14, 145.00
204.50, 170.00
204.86, 161.00
205.22, 151.00
205.58, 144.00
205.95, 143.00
206.31, 142.00
206.67, 145.00
207.03, 147.00
207.39, 152.00
207.75, 150.00
208.11, 143.00
208.47, 149.00
208.83, 148.00
209.19, 149.00
209.55, 148.00
209.91, 150.00
210.27, 151.00
210.63, 148.00
210.99, 155.00
211.35, 150.00
211.71, 146.00
212.07, 145.00
212.43, 152.00
212.79, 145.00
213.15, 147.00
213.51, 147.00
213.87, 152.00
214.23, 152.00
214.59, 147.00
214.95, 143.00
215.31, 148.00
215.67, 148.00
216.03, 179.00
216.39, 143.00
216.75, 143.00
217.11, 150.00
217.47, 144.00
217.83, 146.00
218.19, 148.00
218.55, 148.00
218.91, 153.00
219.27, 147.00
219.63, 143.00
219.99, 149.00
220.35, 141.00
220.71, 153.00
221.07, 142.00
221.43, 145.00
221.79, 145.00
222.15, 152.00
222.51, 147.00
222.87, 148.00
223.23, 149.00
223.59, 144.00
223.95, 142.00
224.31, 142.00
224.67, 147.00
225.03, 147.00
225.39, 156.00
225.74, 152.00
226.10, 147.00
226.46, 144.00
226.82, 143.00
227.18, 145.00
227.54, 145.00
227.90, 152.00
228.26, 149.00
228.62, 155.00
228.98, 139.00
229.34, 143.00
229.69, 148.00
230.05, 150.00
230.41, 143.00
230.77, 154.00
231.13, 153.00
231.49, 147.00
231.85, 141.00
232.21, 158.00
232.57, 153.00
232.92, 146.00
233.28, 143.00
233.64, 148.00
234.00, 143.00
234.36, 145.00
234.72, 148.00
235.08, 154.00
235.44, 151.00
235.79, 148.00
236.15, 151.00
236.51, 147.00
236.87, 151.00
237.23, 146.00
237.59, 147.00
237.94, 155.00
238.30, 149.00
238.66, 145.00
239.02, 145.00
239.38, 145.00
239.74, 145.00
240.09, 161.00
240.45, 148.00
240.81, 142.00
241.17, 154.00
241.53, 146.00
241.89, 148.00
242.24, 142.00
242.60, 141.00
242.96, 148.00
243.32, 146.00
243.68, 145.00
244.03, 146.00
244.39, 148.00
244.75, 164.00
245.11, 151.00
245.46, 149.00
245.82, 174.00
246.18, 149.00
246.54, 155.00
246.90, 150.00
247.25, 144.00
247.61, 145.00
247.97, 187.00
248.33, 155.00
248.68, 146.00
249.04, 147.00
249.40, 149.00
249.76, 144.00
250.11, 148.00
250.47, 151.00
250.83, 149.00
251.19, 147.00
251.54, 152.00
251.90, 148.00
252.26, 145.00
252.62, 142.00
252.97, 142.00
253.33, 148.00
253.69, 143.00
254.05, 150.00
254.40, 142.00
254.76, 146.00
255.12, 175.00
255.47, 151.00
255.83, 150.00
256.19, 143.00
256.54, 143.00
256.90, 145.00
257.26, 146.00
257.62, 150.00
257.97, 141.00
258.33, 150.00
258.69, 143.00
259.04, 142.00
259.40, 147.00
259.76, 148.00
260.11, 145.00
260.47, 144.00
260.83, 150.00
261.18, 144.00
261.54, 157.00
261.90, 148.00
262.25, 144.00
262.61, 150.00
262.97, 144.00
263.32, 146.00
263.68, 146.00
264.04, 149.00
264.39, 146.00
264.75, 148.00
265.10, 151.00
265.46, 195.00
265.82, 158.00
266.17, 146.00
266.53, 144.00
266.89, 148.00
267.24, 152.00
267.60, 148.00
267.95, 154.00
268.31, 146.00
268.67, 144.00
269.02, 145.00
269.38, 148.00
269.74, 153.00
270.09, 148.00
270.45, 144.00
270.80, 166.00
271.16, 155.00
271.51, 153.00
271.87, 159.00
272.23, 155.00
272.58, 157.00
272.94, 150.00
273.29, 149.00
273.65, 194.00
274.00, 150.00
274.36, 155.00
274.72, 149.00
275.07, 145.00
275.43, 144.00
275.78, 150.00
276.14, 152.00
276.49, 150.00
276.85, 158.00
277.20, 163.00
277.56, 152.00
277.92, 145.00
278.27, 150.00
278.63, 155.00
278.98, 150.00
279.34, 152.00
279.69, 155.00
280.05, 172.00
280.40, 160.00
280.76, 167.00
281.11, 163.00
281.47, 159.00
281.82, 151.00
282.18, 162.00
282.53, 172.00
282.89, 176.00
283.24, 179.00
283.60, 173.00
283.95, 183.00
284.31, 176.00
284.66, 186.00
285.02, 186.00
285.37, 190.00
285.73, 188.00
286.08, 181.00
286.44, 168.00
286.79, 166.00
287.14, 166.00
287.50, 166.00
287.85, 156.00
288.21, 162.00
288.56, 162.00
288.92, 169.00
289.27, 167.00
289.63, 169.00
289.98, 171.00
290.34, 161.00
290.69, 173.00
291.04, 163.00
291.40, 157.00
291.75, 161.00
292.11, 158.00
292.46, 157.00
292.81, 172.00
293.17, 168.00
293.52, 178.00
293.88, 184.00
294.23, 188.00
294.59, 217.00
294.94, 231.00
295.29, 248.00
295.65, 257.00
296.00, 275.00
296.36, 240.00
296.71, 236.00
297.06, 230.00
297.42, 236.00
297.77, 236.00
298.12, 215.00
298.48, 204.00
298.83, 206.00
299.19, 205.00
299.54, 214.00
299.89, 215.00
300.25, 214.00
300.60, 209.00
300.95, 199.00
301.31, 178.00
301.66, 174.00
302.01, 176.00
302.37, 175.00
302.72, 187.00
303.07, 182.00
303.43, 188.00
303.78, 190.00
304.13, 200.00
304.49, 199.00
304.84, 207.00
305.19, 234.00
305.55, 199.00
305.90, 240.00
306.25, 325.00
306.61, 470.00
306.96, 576.00
307.31, 763.00
307.66, 1086.00
308.02, 1421.00
308.37, 1722.00
308.72, 1968.00
309.08, 1992.00
309.43, 1859.00
309.78, 1586.00
310.13, 1375.00
310.49, 1157.00
310.84, 920.00
311.19, 825.00
311.54, 697.00
311.90, 585.00
312.25, 533.00
312.60, 542.00
312.95, 666.00
313.31, 706.00
313.66, 720.00
314.01, 722.00
314.36, 718.00
314.72, 858.00
315.07, 1081.00
315.42, 1321.00
315.77, 1374.00
316.13, 1121.00
316.48, 741.00
316.83, 499.00
317.18, 356.00
317.54, 273.00
317.89, 234.00
318.24, 219.00
318.59, 208.00
318.94, 196.00
319.30, 197.00
319.65, 213.00
320.00, 207.00
320.35, 217.00
320.70, 217.00
321.05, 217.00
321.41, 212.00
321.76, 214.00
322.11, 207.00
322.46, 192.00
322.81, 235.00
323.17, 196.00
323.52, 190.00
323.87, 190.00
324.22, 189.00
324.57, 195.00
324.92, 203.00
325.27, 212.00
325.63, 232.00
325.98, 237.00
326.33, 253.00
326.68, 249.00
327.03, 254.00
327.38, 245.00
327.73, 269.00
328.09, 286.00
328.44, 303.00
328.79, 269.00
329.14, 278.00
329.49, 244.00
329.84, 235.00
330.19, 247.00
330.54, 240.00
330.89, 238.00
331.25, 219.00
331.60, 219.00
331.95, 212.00
332.30, 224.00
332.65, 243.00
333.00, 260.00
333.35, 337.00
333.70, 357.00
334.05, 333.00
334.40, 382.00
334.75, 461.00
335.10, 653.00
335.45, 969.00
335.81, 1402.00
336.16, 2018.00
336.51, 2768.00
336.86, 2836.00
337.21, 2471.00
337.56, 1498.00
337.91, 915.00
338.26, 553.00
338.61, 350.00
338.96, 280.00
339.31, 237.00
339.66, 228.00
340.01, 216.00
340.36, 202.00
340.71, 204.00
341.06, 193.00
341.41, 204.00
341.76, 197.00
342.11, 201.00
342.46, 200.00
342.81, 196.00
343.16, 196.00
343.51, 202.00
343.86, 217.00
344.21, 207.00
344.56, 200.00
344.91, 205.00
345.26, 213.00
345.61, 209.00
345.96, 201.00
346.31, 203.00
346.66, 232.00
347.01, 200.00
347.36, 226.00
347.71, 206.00
348.06, 210.00
348.41, 223.00
348.76, 242.00
349.10, 259.00
349.45, 278.00
349.80, 287.00
350.15, 279.00
350.50, 260.00
350.85, 269.00
351.20, 288.00
351.55, 342.00
351.90, 431.00
352.25, 556.00
352.60, 721.00
352.95, 961.00
353.30, 1035.00
353.64, 916.00
353.99, 704.00
354.34, 550.00
354.69, 496.00
355.04, 522.00
355.39, 625.00
355.74, 824.00
356.09, 1119.00
356.44, 1434.00
356.78, 1983.00
357.13, 2294.00
357.48, 2192.00
357.83, 1644.00
358.18, 1044.00
358.53, 656.00
358.88, 399.00
359.22, 284.00
359.57, 231.00
359.92, 216.00
360.27, 209.00
360.62, 215.00
360.97, 205.00
361.32, 206.00
361.66, 206.00
362.01, 209.00
362.36, 205.00
362.71, 221.00
363.06, 221.00
363.40, 227.00
363.75, 229.00
364.10, 244.00
364.45, 228.00
364.80, 226.00
365.14, 223.00
365.49, 235.00
365.84, 245.00
366.19, 261.00
366.54, 291.00
366.88, 293.00
367.23, 256.00
367.58, 285.00
367.93, 228.00
368.28, 217.00
368.62, 226.00
368.97, 259.00
369.32, 276.00
369.67, 305.00
370.01, 392.00
370.36, 425.00
370.71, 447.00
371.06, 373.00
371.40, 326.00
371.75, 275.00
372.10, 255.00
372.45, 247.00
372.79, 280.00
373.14, 321.00
373.49, 391.00
373.83, 487.00
374.18, 617.00
374.53, 799.00
374.88, 895.00
375.22, 906.00
375.57, 713.00
375.92, 524.00
376.26, 389.00
376.61, 306.00
376.96, 263.00
377.30, 275.00
377.65, 306.00
378.00, 363.00
378.35, 443.00
378.69, 573.00
379.04, 715.00
379.39, 956.00
379.73, 1147.00
380.08, 1148.00
380.43, 886.00
380.77, 616.00
381.12, 491.00
381.47, 374.00
381.81, 292.00
382.16, 249.00
382.50, 232.00
382.85, 291.00
383.20, 225.00
383.54, 229.00
383.89, 247.00
384.24, 250.00
384.58, 267.00
384.93, 308.00
385.27, 294.00
385.62, 292.00
385.97, 290.00
386.31, 273.00
386.66, 310.00
387.00, 279.00
387.35, 303.00
387.70, 325.00
388.04, 434.00
388.39, 452.00
388.73, 540.00
389.08, 607.00
389.43, 697.00
389.77, 783.00
390.12, 908.00
390.46, 1197.00
390.81, 1342.00
391.15, 1303.00
391.50, 1039.00
391.85, 690.00
392.19, 530.00
392.54, 413.00
392.88, 354.00
393.23, 383.00
393.57, 408.00
393.92, 390.00
394.26, 331.00
394.61, 294.00
394.95, 269.00
395.30, 221.00
395.64, 224.00
395.99, 261.00
396.33, 234.00
396.68, 254.00
397.02, 263.00
397.37, 288.00
397.71, 334.00
398.06, 369.00
398.40, 429.00
398.75, 536.00
399.09, 579.00
399.44, 578.00
399.78, 469.00
400.13, 376.00
400.47, 290.00
400.82, 244.00
401.16, 222.00
401.51, 226.00
401.85, 217.00
402.20, 223.00
402.54, 237.00
402.88, 250.00
403.23, 270.00
403.57, 291.00
403.92, 348.00
404.26, 462.00
404.61, 453.00
404.95, 562.00
405.30, 528.00
405.64, 474.00
405.98, 412.00
406.33, 332.00
406.67, 274.00
407.02, 247.00
407.36, 242.00
407.70, 242.00
408.05, 239.00
408.39, 257.00
408.74, 265.00
409.08, 278.00
409.42, 258.00
409.77, 238.00
410.11, 254.00
410.46, 228.00
410.80, 244.00
411.14, 241.00
411.49, 262.00
411.83, 267.00
412.17, 263.00
412.52, 283.00
412.86, 307.00
413.20, 313.00
413.55, 319.00
413.89, 301.00
414.23, 283.00
414.58, 292.00
414.92, 241.00
415.26, 234.00
415.61, 225.00
415.95, 236.00
416.29, 243.00
416.64, 242.00
416.98, 255.00
417.32, 265.00
417.67, 291.00
418.01, 303.00
418.35, 329.00
418.70, 370.00
419.04, 412.00
419.38, 402.00
419.72, 388.00
420.07, 343.00
420.41, 286.00
420.75, 255.00
421.10, 244.00
421.44, 241.00
421.78, 245.00
422.12, 239.00
422.47, 250.00
422.81, 260.00
423.15, 279.00
423.49, 279.00
423.84, 263.00
424.18, 289.00
424.52, 292.00
424.86, 346.00
425.21, 411.00
425.55, 445.00
425.89, 517.00
426.23, 584.00
426.57, 668.00
426.92, 682.00
427.26, 709.00
427.60, 593.00
427.94, 444.00
428.28, 348.00
428.63, 296.00
428.97, 251.00
429.31, 238.00
429.65, 229.00
429.99, 230.00
430.34, 237.00
430.68, 233.00
431.02, 241.00
431.36, 237.00
431.70, 245.00
432.04, 257.00
432.39, 265.00
432.73, 273.00
433.07, 284.00
433.41, 321.00
433.75, 325.00
434.09, 317.00
434.43, 307.00
434.78, 349.00
435.12, 404.00
435.46, 431.00
435.80, 401.00
436.14, 361.00
436.48, 313.00
436.82, 304.00
437.16, 275.00
437.51, 263.00
437.85, 253.00
438.19, 298.00
438.53, 264.00
438.87, 259.00
439.21, 264.00
439.55, 276.00
439.89, 282.00
440.23, 278.00
440.57, 298.00
440.91, 297.00
441.26, 289.00
441.60, 271.00
441.94, 264.00
442.28, 257.00
442.62, 249.00
442.96, 242.00
443.30, 243.00
443.64, 235.00
443.98, 243.00
444.32, 243.00
444.66, 231.00
445.00, 240.00
445.34, 250.00
445.68, 254.00
446.02, 249.00
446.36, 241.00
446.70, 247.00
447.04, 249.00
447.38, 286.00
447.72, 269.00
448.06, 279.00
448.40, 275.00
448.74, 251.00
449.08, 261.00
449.42, 250.00
449.76, 249.00
450.10, 237.00
450.44, 228.00
450.78, 232.00
451.12, 247.00
451.46, 240.00
451.80, 245.00
452.14, 233.00
452.48, 228.00
452.82, 236.00
453.16, 237.00
453.50, 242.00
453.84, 231.00
454.18, 281.00
454.52, 252.00
454.86, 255.00
455.19, 269.00
455.53, 261.00
455.87, 265.00
456.21, 292.00
456.55, 284.00
456.89, 272.00
457.23, 272.00
457.57, 257.00
457.91, 274.00
458.25, 265.00
458.59, 272.00
458.92, 276.00
459.26, 265.00
459.60, 281.00
459.94, 270.00
460.28, 252.00
460.62, 251.00
460.96, 242.00
461.30, 231.00
461.63, 232.00
461.97, 240.00
462.31, 236.00
462.65, 248.00
462.99, 259.00
463.33, 259.00
463.67, 269.00
464.00, 268.00
464.34, 275.00
464.68, 271.00
465.02, 286.00
465.36, 286.00
465.70, 268.00
466.03, 279.00
466.37, 261.00
466.71, 263.00
467.05, 269.00
467.39, 279.00
467.72, 289.00
468.06, 295.00
468.40, 304.00
468.74, 313.00
469.08, 315.00
469.41, 344.00
469.75, 350.00
470.09, 374.00
470.43, 379.00
470.76, 344.00
471.10, 340.00
471.44, 325.00
471.78, 312.00
472.11, 298.00
472.45, 292.00
472.79, 282.00
473.13, 273.00
473.46, 289.00
473.80, 274.00
474.14, 266.00
474.48, 277.00
474.81, 264.00
475.15, 270.00
475.49, 276.00
475.82, 283.00
476.16, 281.00
476.50, 262.00
476.84, 265.00
477.17, 272.00
477.51, 273.00
477.85, 270.00
478.18, 286.00
478.52, 275.00
478.86, 327.00
479.19, 289.00
479.53, 279.00
479.87, 330.00
480.20, 306.00
480.54, 298.00
480.88, 288.00
481.21, 287.00
481.55, 287.00
481.89, 282.00
482.22, 287.00
482.56, 306.00
482.90, 287.00
483.23, 295.00
483.57, 303.00
483.90, 306.00
484.24, 316.00
484.58, 327.00
484.91, 326.00
485.25, 341.00
485.58, 358.00
485.92, 356.00
486.26, 363.00
486.59, 358.00
486.93, 364.00
487.26, 360.00
487.60, 364.00
487.94, 365.00
488.27, 366.00
488.61, 356.00
488.94, 353.00
489.28, 359.00
489.61, 357.00
489.95, 349.00
490.29, 359.00
490.62, 371.00
490.96, 356.00
491.29, 362.00
491.63, 345.00
491.96, 335.00
492.30, 322.00
492.63, 334.00
492.97, 325.00
493.30, 329.00
493.64, 323.00
493.97, 308.00
494.31, 316.00
494.64, 327.00
494.98, 326.00
495.31, 328.00
495.65, 322.00
495.98, 325.00
496.32, 315.00
496.65, 355.00
496.99, 312.00
497.32, 310.00
497.66, 296.00
497.99, 293.00
498.33, 291.00
498.66, 296.00
499.00, 290.00
499.33, 289.00
499.67, 288.00
500.00, 294.00
500.34, 299.00
500.67, 299.00
501.00, 285.00
501.34, 291.00
501.67, 288.00
502.01, 294.00
502.34, 283.00
502.68, 289.00
503.01, 292.00
503.34, 295.00
503.68, 289.00
504.01, 300.00
504.35, 298.00
504.68, 300.00
505.01, 293.00
505.35, 296.00
505.68, 295.00
506.02, 292.00
506.35, 294.00
506.68, 310.00
507.02, 299.00
507.35, 301.00
507.68, 293.00
508.02, 300.00
508.35, 302.00
508.69, 293.00
509.02, 294.00
509.35, 297.00
509.69, 283.00
510.02, 287.00
510.35, 285.00
510.69, 273.00
511.02, 278.00
511.35, 281.00
511.69, 282.00
512.02, 280.00
512.35, 286.00
512.68, 280.00
513.02, 289.00
513.35, 278.00
513.68, 276.00
514.02, 277.00
514.35, 283.00
514.68, 277.00
515.01, 272.00
515.35, 287.00
515.68, 264.00
516.01, 274.00
516.35, 269.00
516.68, 273.00
517.01, 274.00
517.34, 285.00
517.68, 269.00
518.01, 280.00
518.34, 267.00
518.67, 270.00
519.01, 277.00
519.34, 281.00
519.67, 284.00
520.00, 276.00
520.33, 273.00
520.67, 278.00
521.00, 279.00
521.33, 283.00
521.66, 282.00
522.00, 286.00
522.33, 284.00
522.66, 282.00
522.99, 270.00
523.32, 275.00
523.65, 273.00
523.99, 283.00
524.32, 279.00
524.65, 279.00
524.98, 271.00
525.31, 272.00
525.65, 309.00
525.98, 276.00
526.31, 262.00
526.64, 277.00
526.97, 267.00
527.30, 269.00
527.63, 264.00
527.97, 265.00
528.30, 266.00
528.63, 265.00
528.96, 288.00
529.29, 267.00
529.62, 273.00
529.95, 262.00
530.28, 254.00
530.61, 270.00
530.95, 256.00
531.28, 265.00
531.61, 256.00
531.94, 268.00
532.27, 278.00
532.60, 283.00
532.93, 279.00
533.26, 270.00
533.59, 260.00
533.92, 265.00
534.25, 262.00
534.58, 301.00
534.91, 268.00
535.25, 258.00
535.58, 261.00
535.91, 263.00
536.24, 266.00
536.57, 279.00
536.90, 273.00
537.23, 279.00
537.56, 318.00
537.89, 285.00
538.22, 288.00
538.55, 287.00
538.88, 301.00
539.21, 442.00
539.54, 322.00
539.87, 336.00
540.20, 359.00
540.53, 378.00
540.86, 462.00
541.19, 472.00
541.52, 497.00
541.85, 527.00
542.18, 548.00
542.51, 569.00
542.84, 565.00
543.17, 568.00
543.50, 546.00
543.82, 536.00
544.15, 541.00
544.48, 527.00
544.81, 572.00
545.14, 617.00
545.47, 579.00
545.80, 562.00
546.13, 481.00
546.46, 473.00
546.79, 425.00
547.12, 376.00
547.45, 360.00
547.78, 368.00
548.10, 354.00
548.43, 344.00
548.76, 339.00
549.09, 340.00
549.42, 329.00
549.75, 328.00
550.08, 316.00
550.41, 316.00
550.74, 325.00
551.06, 297.00
551.39, 309.00
551.72, 299.00
552.05, 296.00
552.38, 287.00
552.71, 286.00
553.03, 284.00
553.36, 282.00
553.69, 284.00
554.02, 268.00
554.35, 271.00
554.68, 264.00
555.00, 269.00
555.33, 266.00
555.66, 262.00
555.99, 274.00
556.32, 272.00
556.64, 269.00
556.97, 269.00
557.30, 272.00
557.63, 275.00
557.96, 272.00
558.28, 271.00
558.61, 276.00
558.94, 271.00
559.27, 263.00
559.59, 269.00
559.92, 257.00
560.25, 260.00
560.58, 252.00
560.90, 265.00
561.23, 255.00
561.56, 250.00
561.89, 249.00
562.21, 255.00
562.54, 241.00
562.87, 244.00
563.20, 242.00
563.52, 236.00
563.85, 233.00
564.18, 249.00
564.50, 239.00
564.83, 269.00
565.16, 291.00
565.48, 233.00
565.81, 239.00
566.14, 230.00
566.47, 229.00
566.79, 232.00
567.12, 224.00
567.45, 258.00
567.77, 231.00
568.10, 241.00
568.43, 230.00
568.75, 232.00
569.08, 238.00
569.40, 273.00
569.73, 237.00
570.06, 229.00
570.38, 229.00
570.71, 224.00
571.04, 229.00
571.36, 233.00
571.69, 233.00
572.01, 235.00
572.34, 223.00
572.67, 236.00
572.99, 229.00
573.32, 249.00
573.64, 234.00
573.97, 235.00
574.30, 234.00
574.62, 232.00
574.95, 230.00
575.27, 242.00
575.60, 243.00
575.92, 249.00
576.25, 255.00
576.58, 252.00
576.90, 251.00
577.23, 279.00
577.55, 251.00
577.88, 248.00
578.20, 259.00
578.53, 265.00
578.85, 282.00
579.18, 283.00
579.50, 273.00
579.83, 269.00
580.15, 268.00
580.48, 268.00
580.80, 272.00
581.13, 280.00
581.45, 262.00
581.78, 273.00
582.10, 275.00
582.43, 283.00
582.75, 281.00
583.08, 283.00
583.40, 285.00
583.73, 362.00
584.05, 288.00
584.38, 278.00
584.70, 322.00
585.03, 281.00
585.35, 276.00
585.67, 291.00
586.00, 295.00
586.32, 323.00
586.65, 337.00
586.97, 337.00
587.30, 328.00
587.62, 312.00
587.94, 312.00
588.27, 294.00
588.59, 281.00
588.92, 284.00
589.24, 277.00
589.56, 282.00
589.89, 275.00
590.21, 268.00
590.54, 264.00
590.86, 270.00
591.18, 271.00
591.51, 274.00
591.83, 295.00
592.15, 291.00
592.48, 291.00
592.80, 292.00
593.13, 290.00
593.45, 281.00
593.77, 285.00
594.10, 285.00
594.42, 286.00
594.74, 278.00
595.07, 271.00
595.39, 277.00
595.71, 274.00
596.03, 278.00
596.36, 282.00
596.68, 272.00
597.00, 278.00
597.33, 284.00
597.65, 294.00
597.97, 290.00
598.30, 290.00
598.62, 292.00
598.94, 301.00
599.26, 294.00
599.59, 295.00
599.91, 291.00
600.23, 292.00
600.55, 279.00
600.88, 274.00
601.20, 255.00
601.52, 260.00
601.84, 251.00
602.17, 251.00
602.49, 246.00
602.81, 240.00
603.13, 248.00
603.45, 245.00
603.78, 240.00
604.10, 235.00
604.42, 237.00
604.74, 241.00
605.07, 237.00
605.39, 239.00
605.71, 237.00
606.03, 246.00
606.35, 236.00
606.67, 242.00
607.00, 239.00
607.32, 232.00
607.64, 234.00
607.96, 236.00
608.28, 254.00
608.60, 243.00
608.93, 269.00
609.25, 300.00
609.57, 358.00
609.89, 453.00
610.21, 538.00
610.53, 578.00
610.85, 565.00
611.17, 527.00
611.50, 482.00
611.82, 456.00
612.14, 428.00
612.46, 400.00
612.78, 374.00
613.10, 354.00
613.42, 340.00
613.74, 325.00
614.06, 361.00
614.38, 325.00
614.70, 321.00
615.03, 322.00
615.35, 307.00
615.67, 392.00
615.99, 271.00
616.31, 262.00
616.63, 256.00
616.95, 250.00
617.27, 243.00
617.59, 233.00
617.91, 240.00
618.23, 243.00
618.55, 239.00
618.87, 233.00
619.19, 236.00
619.51, 236.00
619.83, 232.00
620.15, 236.00
620.47, 235.00
620.79, 234.00
621.11, 238.00
621.43, 235.00
621.75, 244.00
622.07, 241.00
622.39, 241.00
622.71, 229.00
623.03, 236.00
623.35, 275.00
623.67, 235.00
623.99, 231.00
624.31, 236.00
624.63, 233.00
624.95, 224.00
625.26, 225.00
625.58, 222.00
625.90, 249.00
626.22, 223.00
626.54, 225.00
626.86, 227.00
627.18, 229.00
627.50, 229.00
627.82, 230.00
628.14, 230.00
628.46, 238.00
628.77, 232.00
629.09, 246.00
629.41, 254.00
629.73, 256.00
630.05, 272.00
630.37, 254.00
630.69, 272.00
631.00, 265.00
631.32, 256.00
631.64, 249.00
631.96, 239.00
632.28, 238.00
632.60, 235.00
632.92, 229.00
633.23, 231.00
633.55, 234.00
633.87, 232.00
634.19, 235.00
634.51, 238.00
634.82, 251.00
635.14, 251.00
635.46, 244.00
635.78, 243.00
636.10, 246.00
636.41, 240.00
636.73, 243.00
637.05, 249.00
637.37, 248.00
637.68, 241.00
638.00, 242.00
638.32, 239.00
638.64, 242.00
638.95, 252.00
639.27, 247.00
639.59, 244.00
639.91, 238.00
640.22, 240.00
640.54, 244.00
640.86, 236.00
641.18, 242.00
641.49, 252.00
641.81, 239.00
642.13, 250.00
642.44, 240.00
642.76, 242.00
643.08, 246.00
643.40, 250.00
643.71, 249.00
644.03, 250.00
644.35, 262.00
644.66, 264.00
644.98, 261.00
645.30, 259.00
645.61, 268.00
645.93, 252.00
646.25, 233.00
646.56, 242.00
646.88, 264.00
647.19, 234.00
647.51, 241.00
647.83, 229.00
648.14, 222.00
648.46, 227.00
648.78, 236.00
649.09, 245.00
649.41, 290.00
649.72, 260.00
650.04, 274.00
650.36, 263.00
650.67, 275.00
650.99, 272.00
651.30, 263.00
651.62, 278.00
651.93, 268.00
652.25, 292.00
652.57, 306.00
652.88, 276.00
653.20, 276.00
653.51, 267.00
653.83, 255.00
654.14, 248.00
654.46, 242.00
654.77, 244.00
655.09, 259.00
655.40, 272.00
655.72, 256.00
656.04, 243.00
656.35, 247.00
656.67, 240.00
656.98, 239.00
657.30, 246.00
657.61, 241.00
657.93, 252.00
658.24, 249.00
658.55, 292.00
658.87, 249.00
659.18, 250.00
659.50, 247.00
659.81, 260.00
660.13, 258.00
660.44, 250.00
660.76, 256.00
661.07, 274.00
661.39, 252.00
661.70, 237.00
662.01, 232.00
662.33, 230.00
662.64, 225.00
662.96, 223.00
663.27, 214.00
663.59, 208.00
663.90, 204.00
664.21, 211.00
664.53, 229.00
664.84, 215.00
665.16, 236.00
665.47, 216.00
665.78, 217.00
666.10, 231.00
666.41, 232.00
666.72, 235.00
667.04, 235.00
667.35, 231.00
667.67, 233.00
667.98, 237.00
668.29, 232.00
668.61, 235.00
668.92, 229.00
669.23, 215.00
669.55, 231.00
669.86, 254.00
670.17, 214.00
670.48, 216.00
670.80, 213.00
671.11, 209.00
671.42, 208.00
671.74, 215.00
672.05, 203.00
672.36, 215.00
672.68, 217.00
672.99, 216.00
673.30, 224.00
673.61, 230.00
673.93, 232.00
674.24, 253.00
674.55, 253.00
674.86, 256.00
675.18, 257.00
675.49, 258.00
675.80, 254.00
676.11, 267.00
676.43, 264.00
676.74, 257.00
677.05, 266.00
677.36, 263.00
677.67, 252.00
677.99, 248.00
678.30, 233.00
678.61, 226.00
678.92, 224.00
679.23, 223.00
679.55, 219.00
679.86, 205.00
680.17, 206.00
680.48, 212.00
680.79, 204.00
681.10, 192.00
681.42, 198.00
681.73, 195.00
682.04, 190.00
682.35, 190.00
682.66, 199.00
682.97, 199.00
683.28, 196.00
683.60, 192.00
683.91, 194.00
684.22, 213.00
684.53, 192.00
684.84, 192.00
685.15, 197.00
685.46, 221.00
685.77, 194.00
686.08, 187.00
686.40, 227.00
686.71, 192.00
687.02, 191.00
687.33, 188.00
687.64, 188.00
687.95, 185.00
688.26, 182.00
688.57, 182.00
688.88, 182.00
689.19, 176.00
689.50, 172.00
689.81, 180.00
690.12, 173.00
690.43, 189.00
690.74, 181.00
691.05, 174.00
691.36, 184.00
691.67, 171.00
691.98, 177.00
692.29, 173.00
692.60, 185.00
692.91, 177.00
693.22, 181.00
693.53, 175.00
693.84, 183.00
694.15, 170.00
694.46, 175.00
694.77, 177.00
695.08, 172.00
695.39, 184.00
695.70, 166.00
696.01, 178.00
696.32, 172.00
696.63, 172.00
696.94, 177.00
697.25, 170.00
697.56, 184.00
697.87, 182.00
698.17, 213.00
698.48, 177.00
698.79, 178.00
699.10, 169.00
699.41, 172.00
699.72, 178.00
700.03, 178.00
700.34, 171.00
700.65, 174.00
700.95, 175.00
701.26, 168.00
701.57, 172.00
701.88, 174.00
702.19, 186.00
702.50, 175.00
702.81, 170.00
703.11, 191.00
703.42, 172.00
703.73, 180.00
704.04, 165.00
704.35, 178.00
704.66, 182.00
704.96, 216.00
705.27, 240.00
705.58, 255.00
705.89, 252.00
706.20, 230.00
706.50, 219.00
706.81, 222.00
707.12, 204.00
707.43, 204.00
707.73, 204.00
708.04, 181.00
708.35, 184.00
708.66, 180.00
708.97, 181.00
709.27, 189.00
709.58, 177.00
709.89, 168.00
710.19, 175.00
710.50, 181.00
710.81, 184.00
711.12, 181.00
711.42, 186.00
711.73, 188.00
712.04, 178.00
712.35, 177.00
712.65, 172.00
712.96, 176.00
713.27, 178.00
713.57, 192.00
713.88, 198.00
714.19, 174.00
714.49, 171.00
714.80, 178.00
715.11, 169.00
715.41, 164.00
715.72, 168.00
716.03, 164.00
716.33, 183.00
716.64, 163.00
716.94, 168.00
717.25, 166.00
717.56, 177.00
717.86, 166.00
718.17, 167.00
718.48, 163.00
718.78, 167.00
719.09, 165.00
719.39, 169.00
719.70, 165.00
720.01, 170.00
720.31, 169.00
720.62, 169.00
720.92, 170.00
721.23, 176.00
721.53, 172.00
721.84, 171.00
722.15, 187.00
722.45, 176.00
722.76, 175.00
723.06, 171.00
723.37, 170.00
723.67, 176.00
723.98, 172.00
724.28, 174.00
724.59, 177.00
724.89, 177.00
725.20, 174.00
725.50, 179.00
725.81, 170.00
726.11, 173.00
726.42, 169.00
726.72, 164.00
727.03, 205.00
727.33, 170.00
727.64, 175.00
727.94, 165.00
728.25, 169.00
728.55, 169.00
728.86, 192.00
729.16, 160.00
729.46, 164.00
729.77, 173.00
730.07, 167.00
730.38, 164.00
730.68, 170.00
730.99, 177.00
731.29, 164.00
731.59, 173.00
731.90, 171.00
732.20, 165.00
732.51, 172.00
732.81, 170.00
733.11, 172.00
733.42, 174.00
733.72, 176.00
734.02, 181.00
734.33, 175.00
734.63, 168.00
734.94, 169.00
735.24, 168.00
735.54, 172.00
735.85, 169.00
736.15, 168.00
736.45, 171.00
736.76, 167.00
737.06, 169.00
737.36, 167.00
737.67, 164.00
737.97, 165.00
738.27, 163.00
738.57, 164.00
738.88, 168.00
739.18, 202.00
739.48, 165.00
739.79, 166.00
740.09, 170.00
740.39, 166.00
740.69, 169.00
741.00, 165.00
741.30, 176.00
741.60, 167.00
741.90, 173.00
742.21, 174.00
742.51, 224.00
742.81, 174.00
743.11, 182.00
743.42, 206.00
743.72, 193.00
744.02, 197.00
744.32, 196.00
744.63, 212.00
744.93, 206.00
745.23, 209.00
745.53, 222.00
745.83, 215.00
746.13, 196.00
746.44, 214.00
746.74, 209.00
747.04, 210.00
747.34, 206.00
747.64, 207.00
747.94, 214.00
748.25, 215.00
748.55, 206.00
748.85, 211.00
749.15, 216.00
749.45, 229.00
749.75, 212.00
750.05, 194.00
750.35, 187.00
750.66, 201.00
750.96, 181.00
751.26, 176.00
751.56, 177.00
751.86, 175.00
752.16, 171.00
752.46, 167.00
752.76, 165.00
753.06, 162.00
753.36, 206.00
753.66, 173.00
753.96, 167.00
754.27, 169.00
754.57, 177.00
754.87, 169.00
755.17, 177.00
755.47, 179.00
755.77, 180.00
756.07, 179.00
756.37, 183.00
756.67, 186.00
756.97, 181.00
757.27, 194.00
757.57, 186.00
757.87, 190.00
758.17, 178.00
758.47, 188.00
758.77, 194.00
759.07, 183.00
759.37, 188.00
759.67, 188.00
759.97, 196.00
760.27, 188.00
760.57, 184.00
760.86, 182.00
761.16, 184.00
761.46, 180.00
761.76, 211.00
762.06, 173.00
762.36, 184.00
762.66, 172.00
762.96, 166.00
763.26, 175.00
763.56, 197.00
763.86, 175.00
764.16, 165.00
764.45, 175.00
764.75, 165.00
765.05, 165.00
765.35, 160.00
765.65, 162.00
765.95, 159.00
766.25, 168.00
766.55, 169.00
766.84, 170.00
767.14, 158.00
767.44, 171.00
767.74, 169.00
768.04, 170.00
768.34, 170.00
768.63, 169.00
768.93, 172.00
769.23, 181.00
769.53, 177.00
769.83, 182.00
770.12, 180.00
770.42, 184.00
770.72, 185.00
771.02, 185.00
771.32, 181.00
771.61, 178.00
771.91, 191.00
772.21, 181.00
772.51, 181.00
772.80, 184.00
773.10, 183.00
773.40, 191.00
773.70, 180.00
773.99, 183.00
774.29, 186.00
774.59, 181.00
774.88, 181.00
775.18, 191.00
775.48, 330.00
775.78, 621.00
776.07, 861.00
776.37, 949.00
776.67, 824.00
776.96, 582.00
777.26, 493.00
777.56, 374.00
777.85, 331.00
778.15, 309.00
778.45, 291.00
778.74, 246.00
779.04, 222.00
779.34, 198.00
779.63, 187.00
779.93, 161.00
780.22, 161.00
780.52, 155.00
780.82, 157.00
781.11, 154.00
781.41, 158.00
781.71, 159.00
782.00, 149.00
782.30, 159.00
782.59, 165.00
782.89, 160.00
783.19, 159.00
783.48, 150.00
783.78, 148.00
784.07, 166.00
784.37, 151.00
784.66, 150.00
784.96, 153.00
785.25, 158.00
785.55, 156.00
785.84, 160.00
786.14, 149.00
786.44, 155.00
786.73, 151.00
787.03, 155.00
787.32, 157.00
787.62, 157.00
787.91, 152.00
788.21, 154.00
788.50, 153.00
788.80, 151.00
789.09, 158.00
789.39, 153.00
789.68, 149.00
789.97, 157.00
790.27, 149.00
790.56, 155.00
790.86, 160.00
791.15, 151.00
791.45, 152.00
791.74, 176.00
792.04, 151.00
792.33, 147.00
792.62, 181.00
792.92, 149.00
793.21, 154.00
793.51, 154.00
793.80, 149.00
794.09, 153.00
794.39, 153.00
794.68, 146.00
794.98, 156.00
795.27, 150.00
795.56, 145.00
795.86, 154.00
796.15, 145.00
796.44, 155.00
796.74, 152.00
797.03, 148.00
797.32, 151.00
797.62, 148.00
797.91, 157.00
798.20, 153.00
798.50, 158.00
798.79, 157.00
799.08, 151.00
799.38, 149.00
799.67, 152.00
799.96, 163.00
800.26, 168.00
800.55, 148.00
800.84, 156.00
801.13, 149.00
801.43, 152.00
801.72, 190.00
802.01, 152.00
802.30, 155.00
802.60, 151.00
802.89, 156.00
803.18, 152.00
803.47, 153.00
803.77, 158.00
804.06, 159.00
804.35, 156.00
804.64, 172.00
804.94, 152.00
805.23, 149.00
805.52, 152.00
805.81, 157.00
806.10, 149.00
806.39, 151.00
806.69, 148.00
806.98, 149.00
807.27, 150.00
807.56, 156.00
807.85, 159.00
808.14, 147.00
808.44, 160.00
808.73, 153.00
809.02, 174.00
809.31, 154.00
809.60, 151.00
809.89, 159.00
810.18, 149.00
810.48, 155.00
810.77, 150.00
811.06, 146.00
811.35, 151.00
811.64, 152.00
811.93, 178.00
812.22, 151.00
812.51, 147.00
812.80, 151.00
813.09, 148.00
813.38, 148.00
813.67, 167.00
813.96, 148.00
814.26, 145.00
814.55, 155.00
814.84, 150.00
815.13, 152.00
815.42, 155.00
815.71, 150.00
816.00, 145.00
816.29, 163.00
816.58, 157.00
816.87, 146.00
817.16, 146.00
817.45, 155.00
817.74, 157.00
818.03, 146.00
818.32, 143.00
818.61, 146.00
818.90, 150.00
819.19, 146.00
819.48, 149.00
819.76, 145.00
820.05, 142.00
820.34, 150.00
820.63, 145.00
820.92, 146.00
821.21, 146.00
821.50, 143.00
821.79, 143.00
822.08, 148.00
822.37, 151.00
822.66, 146.00
822.95, 147.00
823.23, 150.00
823.52, 173.00
823.81, 153.00
824.10, 151.00
824.39, 146.00
824.68, 146.00
824.97, 162.00
825.26, 146.00
825.54, 192.00
825.83, 145.00
826.12, 145.00
826.41, 142.00
826.70, 146.00
826.99, 152.00
827.27, 145.00
827.56, 163.00
827.85, 150.00
828.14, 148.00
828.43, 154.00
828.71, 154.00
829.00, 146.00
829.29, 148.00
829.58, 149.00
829.86, 148.00
830.15, 149.00
830.44, 149.00
830.73, 149.00
831.01, 148.00
831.30, 147.00
831.59, 145.00
831.88, 147.00
832.16, 149.00
832.45, 158.00
832.74, 145.00
833.03, 143.00
833.31, 151.00
833.60, 151.00
833.89, 147.00
834.17, 148.00
834.46, 147.00
834.75, 144.00
835.03, 145.00
835.32, 146.00
835.61, 153.00
835.89, 165.00
836.18, 146.00
836.47, 143.00
836.75, 148.00
837.04, 149.00
837.33, 149.00
837.61, 146.00
837.90, 143.00
838.19, 149.00
838.47, 142.00
838.76, 142.00
839.04, 142.00
839.33, 141.00
839.62, 140.00
839.90, 144.00
840.19, 138.00
840.47, 147.00
840.76, 170.00
841.04, 141.00
841.33, 148.00
841.62, 145.00
841.90, 147.00
842.19, 144.00
842.47, 307.00
842.76, 149.00
843.04, 155.00
843.33, 174.00
843.61, 167.00
843.90, 173.00
844.18, 171.00
844.47, 173.00
844.75, 167.00
845.04, 158.00
845.32, 157.00
845.61, 158.00
845.89, 157.00
846.18, 153.00
846.46, 160.00
846.75, 152.00
847.03, 158.00
847.32, 151.00
847.60, 143.00
847.88, 147.00
848.17, 148.00
848.45, 164.00
848.74, 145.00
849.02, 149.00
849.31, 142.00
849.59, 149.00
849.87, 143.00
850.16, 144.00
850.44, 145.00
850.73, 172.00
851.01, 150.00
851.29, 147.00
851.58, 144.00
851.86, 144.00
852.14, 143.00
852.43, 148.00
852.71, 151.00
853.00, 150.00
853.28, 154.00
853.56, 149.00
853.85, 146.00
854.13, 142.00
854.41, 145.00
854.69, 143.00
854.98, 143.00
855.26, 197.00
855.54, 147.00
855.83, 146.00
856.11, 148.00
856.39, 142.00
856.68, 145.00
856.96, 145.00
857.24, 142.00
857.52, 148.00
857.81, 148.00
858.09, 139.00
858.37, 147.00
858.65, 150.00
858.94, 145.00
859.22, 148.00
