190.05, 0.00
190.41, 139.00
190.77, 140.00
191.14, 138.00
191.50, 138.00
191.86, 158.00
192.22, 149.00
192.58, 150.00
192.94, 148.00
193.31, 143.00
193.67, 148.00
194.03, 149.00
194.39, 148.00
194.75, 150.00
195.11, 151.00
195.47, 161.00
195.84, 148.00
196.20, 144.00
196.56, 162.00
196.92, 146.00
197.28, 147.00
197.64, 145.00
198.00, 145.00
198.37, 152.00
198.73, 146.00
199.09, 144.00
199.45, 145.00
199.81, 143.00
200.17, 152.00
200.53, 152.00
200.89, 156.00
201.25, 181.00
201.62, 148.00
201.98, 148.00
202.34, 150.00
202.70, 157.00
203.06, 147.00
203.42, 146.00
203.78, 147.00
204.14, 148.00
204.50, 169.00
204.86, 162.00
205.22, 159.00
205.58, 154.00
205.95, 144.00
206.31, 144.00
206.67, 150.00
207.03, 153.00
207.39, 154.00
207.75, 145.00
208.11, 145.00
208.47, 145.00
208.83, 149.00
209.19, 145.00
209.55, 143.00
209.91, 142.00
210.27, 149.00
210.63, 150.00
210.99, 146.00
211.35, 148.00
211.71, 148.00
212.07, 144.00
212.43, 150.00
212.79, 144.00
213.15, 142.00
213.51, 149.00
213.87, 150.00
214.23, 143.00
214.59, 145.00
214.95, 145.00
215.31, 151.00
215.67, 150.00
216.03, 176.00
216.39, 143.00
216.75, 148.00
217.11, 150.00
217.47, 146.00
217.83, 150.00
218.19, 150.00
218.55, 153.00
218.91, 153.00
219.27, 142.00
219.63, 139.00
219.99, 147.00
220.35, 144.00
220.71, 152.00
221.07, 145.00
221.43, 147.00
221.79, 145.00
222.15, 148.00
222.51, 149.00
222.87, 143.00
223.23, 147.00
223.59, 139.00
223.95, 144.00
224.31, 145.00
224.67, 147.00
225.03, 148.00
225.39, 151.00
225.74, 153.00
226.10, 148.00
226.46, 146.00
226.82, 147.00
227.18, 150.00
227.54, 150.00
227.90, 153.00
228.26, 146.00
228.62, 157.00
228.98, 147.00
229.34, 145.00
229.69, 147.00
230.05, 153.00
230.41, 146.00
230.77, 155.00
231.13, 153.00
231.49, 149.00
231.85, 146.00
232.21, 152.00
232.57, 146.00
232.92, 145.00
233.28, 145.00
233.64, 150.00
234.00, 139.00
234.36, 150.00
234.72, 144.00
235.08, 147.00
235.44, 148.00
235.79, 141.00
236.15, 152.00
236.51, 148.00
236.87, 147.00
237.23, 147.00
237.59, 146.00
237.94, 151.00
238.30, 151.00
238.66, 146.00
239.02, 147.00
239.38, 149.00
239.74, 144.00
240.09, 157.00
240.45, 146.00
240.81, 143.00
241.17, 156.00
241.53, 147.00
241.89, 145.00
242.24, 146.00
242.60, 147.00
242.96, 156.00
243.32, 152.00
243.68, 144.00
244.03, 150.00
244.39, 153.00
244.75, 164.00
245.11, 146.00
245.46, 151.00
245.82, 173.00
246.18, 151.00
246.54, 148.00
246.90, 149.00
247.25, 147.00
247.61, 145.00
247.97, 184.00
248.33, 149.00
248.68, 147.00
249.04, 147.00
249.40, 147.00
249.76, 149.00
250.11, 146.00
250.47, 150.00
250.83, 148.00
251.19, 148.00
251.54, 148.00
251.90, 149.00
252.26, 151.00
252.62, 146.00
252.97, 155.00
253.33, 144.00
253.69, 145.00
254.05, 151.00
254.40, 146.00
254.76, 145.00
255.12, 171.00
255.47, 151.00
255.83, 150.00
256.19, 148.00
256.54, 144.00
256.90, 145.00
257.26, 145.00
257.62, 149.00
257.97, 145.00
258.33, 148.00
258.69, 143.00
259.04, 149.00
259.40, 143.00
259.76, 145.00
260.11, 143.00
260.47, 143.00
260.83, 149.00
261.18, 147.00
261.54, 158.00
261.90, 153.00
262.25, 145.00
262.61, 147.00
262.97, 146.00
263.32, 146.00
263.68, 148.00
264.04, 149.00
264.39, 150.00
264.75, 145.00
265.10, 158.00
265.46, 190.00
265.82, 159.00
266.17, 144.00
266.53, 146.00
266.89, 146.00
267.24, 157.00
267.60, 149.00
267.95, 145.00
268.31, 145.00
268.67, 153.00
269.02, 144.00
269.38, 146.00
269.74, 156.00
270.09, 147.00
270.45, 149.00
270.80, 168.00
271.16, 146.00
271.51, 149.00
271.87, 149.00
272.23, 149.00
272.58, 151.00
272.94, 145.00
273.29, 146.00
273.65, 193.00
274.00, 147.00
274.36, 146.00
274.72, 140.00
275.07, 147.00
275.43, 146.00
275.78, 148.00
276.14, 147.00
276.49, 156.00
276.85, 162.00
277.20, 169.00
277.56, 146.00
277.92, 150.00
278.27, 150.00
278.63, 151.00
278.98, 151.00
279.34, 143.00
279.69, 151.00
280.05, 165.00
280.40, 152.00
280.76, 158.00
281.11, 149.00
281.47, 152.00
281.82, 153.00
282.18, 148.00
282.53, 158.00
282.89, 159.00
283.24, 167.00
283.60, 154.00
283.95, 155.00
284.31, 157.00
284.66, 155.00
285.02, 160.00
285.37, 159.00
285.73, 156.00
286.08, 160.00
286.44, 150.00
286.79, 159.00
287.14, 156.00
287.50, 157.00
287.85, 150.00
288.21, 150.00
288.56, 151.00
288.92, 147.00
289.27, 151.00
289.63, 147.00
289.98, 157.00
290.34, 154.00
290.69, 160.00
291.04, 147.00
291.40, 154.00
291.75, 149.00
292.11, 154.00
292.46, 149.00
292.81, 155.00
293.17, 151.00
293.52, 152.00
293.88, 150.00
294.23, 152.00
294.59, 155.00
294.94, 170.00
295.29, 155.00
295.65, 167.00
296.00, 179.00
296.36, 166.00
296.71, 159.00
297.06, 159.00
297.42, 164.00
297.77, 164.00
298.12, 162.00
298.48, 160.00
298.83, 163.00
299.19, 160.00
299.54, 156.00
299.89, 164.00
300.25, 159.00
300.60, 163.00
300.95, 159.00
301.31, 156.00
301.66, 157.00
302.01, 152.00
302.37, 150.00
302.72, 152.00
303.07, 155.00
303.43, 160.00
303.78, 157.00
304.13, 164.00
304.49, 165.00
304.84, 167.00
305.19, 199.00
305.55, 160.00
305.90, 171.00
306.25, 197.00
306.61, 239.00
306.96, 267.00
307.31, 348.00
307.66, 465.00
308.02, 570.00
308.37, 672.00
308.72, 738.00
309.08, 736.00
309.43, 696.00
309.78, 591.00
310.13, 525.00
310.49, 452.00
310.84, 365.00
311.19, 321.00
311.54, 277.00
311.90, 243.00
312.25, 237.00
312.60, 227.00
312.95, 261.00
313.31, 267.00
313.66, 272.00
314.01, 295.00
314.36, 293.00
314.72, 300.00
315.07, 347.00
315.42, 378.00
315.77, 413.00
316.13, 338.00
316.48, 271.00
316.83, 221.00
317.18, 193.00
317.54, 176.00
317.89, 161.00
318.24, 165.00
318.59, 160.00
318.94, 155.00
319.30, 155.00
319.65, 168.00
320.00, 158.00
320.35, 163.00
320.70, 158.00
321.05, 164.00
321.41, 163.00
321.76, 160.00
322.11, 156.00
322.46, 159.00
322.81, 200.00
323.17, 163.00
323.52, 159.00
323.87, 154.00
324.22, 154.00
324.57, 162.00
324.92, 160.00
325.27, 162.00
325.63, 170.00
325.98, 162.00
326.33, 171.00
326.68, 165.00
327.03, 161.00
327.38, 168.00
327.73, 173.00
328.09, 184.00
328.44, 213.00
328.79, 180.00
329.14, 222.00
329.49, 178.00
329.84, 187.00
330.19, 186.00
330.54, 181.00
330.89, 183.00
331.25, 170.00
331.60, 171.00
331.95, 170.00
332.30, 165.00
332.65, 167.00
333.00, 173.00
333.35, 219.00
333.70, 218.00
334.05, 183.00
334.40, 188.00
334.75, 193.00
335.10, 226.00
335.45, 278.00
335.81, 372.00
336.16, 489.00
336.51, 653.00
336.86, 684.00
337.21, 615.00
337.56, 439.00
337.91, 310.00
338.26, 225.00
338.61, 188.00
338.96, 175.00
339.31, 166.00
339.66, 167.00
340.01, 165.00
340.36, 159.00
340.71, 162.00
341.06, 158.00
341.41, 165.00
341.76, 156.00
342.11, 163.00
342.46, 162.00
342.81, 164.00
343.16, 161.00
343.51, 156.00
343.86, 164.00
344.21, 155.00
344.56, 162.00
344.91, 149.00
345.26, 165.00
345.61, 162.00
345.96, 160.00
346.31, 157.00
346.66, 179.00
347.01, 158.00
347.36, 178.00
347.71, 159.00
348.06, 155.00
348.41, 165.00
348.76, 178.00
349.10, 174.00
349.45, 180.00
349.80, 173.00
350.15, 180.00
350.50, 171.00
350.85, 182.00
351.20, 174.00
351.55, 198.00
351.90, 220.00
352.25, 244.00
352.60, 268.00
352.95, 333.00
353.30, 370.00
353.64, 330.00
353.99, 292.00
354.34, 269.00
354.69, 271.00
355.04, 277.00
355.39, 310.00
355.74, 362.00
356.09, 417.00
356.44, 479.00
356.78, 552.00
357.13, 606.00
357.48, 583.00
357.83, 473.00
358.18, 349.00
358.53, 273.00
358.88, 203.00
359.22, 191.00
359.57, 165.00
359.92, 161.00
360.27, 165.00
360.62, 164.00
360.97, 156.00
361.32, 156.00
361.66, 162.00
362.01, 160.00
362.36, 167.00
362.71, 161.00
363.06, 168.00
363.40, 165.00
363.75, 165.00
364.10, 174.00
364.45, 168.00
364.80, 171.00
365.14, 172.00
365.49, 164.00
365.84, 163.00
366.19, 164.00
366.54, 168.00
366.88, 187.00
367.23, 165.00
367.58, 210.00
367.93, 154.00
368.28, 160.00
368.62, 165.00
368.97, 172.00
369.32, 174.00
369.67, 178.00
370.01, 196.00
370.36, 195.00
370.71, 225.00
371.06, 185.00
371.40, 193.00
371.75, 170.00
372.10, 166.00
372.45, 163.00
372.79, 168.00
373.14, 175.00
373.49, 187.00
373.83, 210.00
374.18, 226.00
374.53, 253.00
374.88, 285.00
375.22, 277.00
375.57, 251.00
375.92, 220.00
376.26, 199.00
376.61, 175.00
376.96, 161.00
377.30, 171.00
377.65, 177.00
378.00, 176.00
378.35, 200.00
378.69, 225.00
379.04, 243.00
379.39, 301.00
379.73, 341.00
380.08, 353.00
380.43, 300.00
380.77, 240.00
381.12, 224.00
381.47, 193.00
381.81, 179.00
382.16, 165.00
382.50, 169.00
382.85, 233.00
383.20, 169.00
383.54, 172.00
383.89, 181.00
384.24, 183.00
384.58, 192.00
384.93, 210.00
385.27, 201.00
385.62, 201.00
385.97, 205.00
386.31, 197.00
386.66, 232.00
387.00, 200.00
387.35, 214.00
387.70, 225.00
388.04, 313.00
388.39, 294.00
388.73, 391.00
389.08, 485.00
389.43, 660.00
389.77, 831.00
390.12, 1052.00
390.46, 1469.00
390.81, 1617.00
391.15, 1581.00
391.50, 1205.00
391.85, 760.00
392.19, 522.00
392.54, 323.00
392.88, 233.00
393.23, 205.00
393.57, 212.00
393.92, 195.00
394.26, 183.00
394.61, 176.00
394.95, 173.00
395.30, 157.00
395.64, 158.00
395.99, 199.00
396.33, 161.00
396.68, 166.00
397.02, 167.00
397.37, 172.00
397.71, 181.00
398.06, 184.00
398.40, 199.00
398.75, 207.00
399.09, 223.00
399.44, 226.00
399.78, 205.00
400.13, 188.00
400.47, 170.00
400.82, 161.00
401.16, 158.00
401.51, 166.00
401.85, 164.00
402.20, 160.00
402.54, 160.00
402.88, 171.00
403.23, 171.00
403.57, 181.00
403.92, 205.00
404.26, 263.00
404.61, 222.00
404.95, 264.00
405.30, 220.00
405.64, 212.00
405.98, 221.00
406.33, 191.00
406.67, 175.00
407.02, 170.00
407.36, 170.00
407.70, 174.00
408.05, 168.00
408.39, 171.00
408.74, 179.00
409.08, 188.00
409.42, 177.00
409.77, 168.00
410.11, 174.00
410.46, 172.00
410.80, 169.00
411.14, 177.00
411.49, 175.00
411.83, 194.00
412.17, 184.00
412.52, 182.00
412.86, 194.00
413.20, 192.00
413.55, 193.00
413.89, 191.00
414.23, 183.00
414.58, 210.00
414.92, 172.00
415.26, 169.00
415.61, 176.00
415.95, 175.00
416.29, 173.00
416.64, 177.00
416.98, 177.00
417.32, 177.00
417.67, 208.00
418.01, 211.00
418.35, 218.00
418.70, 239.00
419.04, 268.00
419.38, 258.00
419.72, 251.00
420.07, 226.00
420.41, 197.00
420.75, 184.00
421.10, 183.00
421.44, 183.00
421.78, 180.00
422.12, 171.00
422.47, 188.00
422.81, 193.00
423.15, 205.00
423.49, 198.00
423.84, 194.00
424.18, 200.00
424.52, 211.00
424.86, 239.00
425.21, 301.00
425.55, 329.00
425.89, 404.00
426.23, 468.00
426.57, 606.00
426.92, 672.00
427.26, 715.00
427.60, 625.00
427.94, 446.00
428.28, 327.00
428.63, 266.00
428.97, 213.00
429.31, 192.00
429.65, 173.00
429.99, 176.00
430.34, 164.00
430.68, 165.00
431.02, 168.00
431.36, 161.00
431.70, 167.00
432.04, 172.00
432.39, 168.00
432.73, 183.00
433.07, 175.00
433.41, 181.00
433.75, 188.00
434.09, 186.00
434.43, 191.00
434.78, 258.00
435.12, 296.00
435.46, 335.00
435.80, 316.00
436.14, 276.00
436.48, 231.00
436.82, 228.00
437.16, 193.00
437.51, 194.00
437.85, 177.00
438.19, 215.00
438.53, 180.00
438.87, 196.00
439.21, 185.00
439.55, 187.00
439.89, 190.00
440.23, 189.00
440.57, 188.00
440.91, 188.00
441.26, 191.00
441.60, 183.00
441.94, 181.00
442.28, 183.00
442.62, 180.00
442.96, 173.00
443.30, 181.00
443.64, 175.00
443.98, 176.00
444.32, 180.00
444.66, 169.00
445.00, 177.00
445.34, 187.00
445.68, 175.00
446.02, 174.00
446.36, 178.00
446.70, 174.00
447.04, 176.00
447.38, 203.00
447.72, 179.00
448.06, 173.00
448.40, 185.00
448.74, 177.00
449.08, 182.00
449.42, 178.00
449.76, 175.00
450.10, 178.00
450.44, 182.00
450.78, 177.00
451.12, 179.00
451.46, 177.00
451.80, 184.00
452.14, 172.00
452.48, 177.00
452.82, 172.00
453.16, 171.00
453.50, 172.00
453.84, 170.00
454.18, 211.00
454.52, 182.00
454.86, 177.00
455.19, 187.00
455.53, 184.00
455.87, 182.00
456.21, 191.00
456.55, 181.00
456.89, 179.00
457.23, 188.00
457.57, 185.00
457.91, 191.00
458.25, 191.00
458.59, 206.00
458.92, 214.00
459.26, 207.00
459.60, 214.00
459.94, 203.00
460.28, 182.00
460.62, 184.00
460.96, 173.00
461.30, 166.00
461.63, 169.00
461.97, 168.00
462.31, 169.00
462.65, 174.00
462.99, 186.00
463.33, 183.00
463.67, 179.00
464.00, 183.00
464.34, 192.00
464.68, 180.00
465.02, 200.00
465.36, 191.00
465.70, 187.00
466.03, 191.00
466.37, 172.00
466.71, 178.00
467.05, 187.00
467.39, 194.00
467.72, 211.00
468.06, 223.00
468.40, 232.00
468.74, 242.00
469.08, 250.00
469.41, 261.00
469.75, 295.00
470.09, 311.00
470.43, 323.00
470.76, 281.00
471.10, 250.00
471.44, 232.00
471.78, 217.00
472.11, 203.00
472.45, 201.00
472.79, 192.00
473.13, 193.00
473.46, 193.00
473.80, 189.00
474.14, 187.00
474.48, 193.00
474.81, 181.00
475.15, 174.00
475.49, 180.00
475.82, 181.00
476.16, 182.00
476.50, 179.00
476.84, 183.00
477.17, 172.00
477.51, 179.00
477.85, 178.00
478.18, 192.00
478.52, 173.00
478.86, 223.00
479.19, 186.00
479.53, 179.00
479.87, 217.00
480.20, 194.00
480.54, 184.00
480.88, 184.00
481.21, 185.00
481.55, 184.00
481.89, 190.00
482.22, 189.00
482.56, 196.00
482.90, 198.00
483.23, 197.00
483.57, 204.00
483.90, 204.00
484.24, 217.00
484.58, 220.00
484.91, 228.00
485.25, 235.00
485.58, 228.00
485.92, 238.00
486.26, 235.00
486.59, 252.00
486.93, 248.00
487.26, 259.00
487.60, 249.00
487.94, 235.00
488.27, 245.00
488.61, 239.00
488.94, 237.00
489.28, 239.00
489.61, 237.00
489.95, 234.00
490.29, 234.00
490.62, 241.00
490.96, 234.00
491.29, 235.00
491.63, 234.00
491.96, 226.00
492.30, 225.00
492.63, 221.00
492.97, 217.00
493.30, 223.00
493.64, 217.00
493.97, 215.00
494.31, 219.00
494.64, 223.00
494.98, 220.00
495.31, 212.00
495.65, 215.00
495.98, 219.00
496.32, 210.00
496.65, 238.00
496.99, 206.00
497.32, 204.00
497.66, 196.00
497.99, 199.00
498.33, 192.00
498.66, 192.00
499.00, 194.00
499.33, 191.00
499.67, 187.00
500.00, 194.00
500.34, 190.00
500.67, 205.00
501.00, 204.00
501.34, 199.00
501.67, 195.00
502.01, 186.00
502.34, 184.00
502.68, 198.00
503.01, 195.00
503.34, 192.00
503.68, 187.00
504.01, 190.00
504.35, 189.00
504.68, 199.00
505.01, 191.00
505.35, 191.00
505.68, 194.00
506.02, 194.00
506.35, 194.00
506.68, 206.00
507.02, 196.00
507.35, 197.00
507.68, 187.00
508.02, 197.00
508.35, 192.00
508.69, 185.00
509.02, 188.00
509.35, 184.00
509.69, 181.00
510.02, 187.00
510.35, 183.00
510.69, 184.00
511.02, 185.00
511.35, 178.00
511.69, 178.00
512.02, 180.00
512.35, 187.00
512.68, 183.00
513.02, 190.00
513.35, 178.00
513.68, 184.00
514.02, 183.00
514.35, 176.00
514.68, 184.00
515.01, 180.00
515.35, 187.00
515.68, 172.00
516.01, 174.00
516.35, 176.00
516.68, 174.00
517.01, 171.00
517.34, 178.00
517.68, 166.00
518.01, 178.00
518.34, 176.00
518.67, 179.00
519.01, 180.00
519.34, 177.00
519.67, 192.00
520.00, 183.00
520.33, 191.00
520.67, 172.00
521.00, 190.00
521.33, 191.00
521.66, 202.00
522.00, 192.00
522.33, 193.00
522.66, 191.00
522.99, 183.00
523.32, 193.00
523.65, 186.00
523.99, 189.00
524.32, 185.00
524.65, 176.00
524.98, 185.00
525.31, 178.00
525.65, 217.00
525.98, 183.00
526.31, 180.00
526.64, 186.00
526.97, 180.00
527.30, 182.00
527.63, 181.00
527.97, 173.00
528.30, 175.00
528.63, 187.00
528.96, 205.00
529.29, 172.00
529.62, 177.00
529.95, 171.00
530.28, 176.00
530.61, 171.00
530.95, 169.00
531.28, 174.00
531.61, 180.00
531.94, 183.00
532.27, 182.00
532.60, 189.00
532.93, 184.00
533.26, 185.00
533.59, 180.00
533.92, 174.00
534.25, 179.00
534.58, 214.00
534.91, 182.00
535.25, 174.00
535.58, 183.00
535.91, 176.00
536.24, 188.00
536.57, 185.00
536.90, 183.00
537.23, 195.00
537.56, 237.00
537.89, 198.00
538.22, 204.00
538.55, 208.00
538.88, 223.00
539.21, 346.00
539.54, 240.00
539.87, 248.00
540.20, 279.00
540.53, 297.00
540.86, 373.00
541.19, 386.00
541.52, 399.00
541.85, 440.00
542.18, 455.00
542.51, 469.00
542.84, 468.00
543.17, 469.00
543.50, 473.00
543.82, 463.00
544.15, 439.00
544.48, 435.00
544.81, 468.00
545.14, 500.00
545.47, 479.00
545.80, 463.00
546.13, 381.00
546.46, 381.00
546.79, 339.00
547.12, 288.00
547.45, 277.00
547.78, 277.00
548.10, 268.00
548.43, 263.00
548.76, 257.00
549.09, 251.00
549.42, 242.00
549.75, 240.00
550.08, 240.00
550.41, 237.00
550.74, 237.00
551.06, 230.00
551.39, 233.00
551.72, 218.00
552.05, 222.00
552.38, 217.00
552.71, 209.00
553.03, 207.00
553.36, 204.00
553.69, 200.00
554.02, 190.00
554.35, 199.00
554.68, 186.00
555.00, 193.00
555.33, 187.00
555.66, 184.00
555.99, 199.00
556.32, 190.00
556.64, 189.00
556.97, 196.00
557.30, 190.00
557.63, 201.00
557.96, 197.00
558.28, 197.00
558.61, 196.00
558.94, 198.00
559.27, 198.00
559.59, 187.00
559.92, 191.00
560.25, 194.00
560.58, 185.00
560.90, 196.00
561.23, 192.00
561.56, 189.00
561.89, 183.00
562.21, 187.00
562.54, 180.00
562.87, 180.00
563.20, 186.00
563.52, 174.00
563.85, 172.00
564.18, 193.00
564.50, 174.00
564.83, 208.00
565.16, 223.00
565.48, 171.00
565.81, 171.00
566.14, 168.00
566.47, 163.00
566.79, 168.00
567.12, 163.00
567.45, 188.00
567.77, 170.00
568.10, 167.00
568.43, 167.00
568.75, 163.00
569.08, 166.00
569.40, 207.00
569.73, 174.00
570.06, 165.00
570.38, 166.00
570.71, 167.00
571.04, 167.00
571.36, 172.00
571.69, 170.00
572.01, 165.00
572.34, 165.00
572.67, 171.00
572.99, 169.00
573.32, 182.00
573.64, 166.00
573.97, 166.00
574.30, 171.00
574.62, 162.00
574.95, 165.00
575.27, 178.00
575.60, 180.00
575.92, 185.00
576.25, 187.00
576.58, 191.00
576.90, 185.00
577.23, 218.00
577.55, 188.00
577.88, 186.00
578.20, 187.00
578.53, 190.00
578.85, 208.00
579.18, 209.00
579.50, 196.00
579.83, 204.00
580.15, 200.00
580.48, 197.00
580.80, 196.00
581.13, 200.00
581.45, 202.00
581.78, 201.00
582.10, 209.00
582.43, 219.00
582.75, 220.00
583.08, 218.00
583.40, 214.00
583.73, 280.00
584.05, 220.00
584.38, 214.00
584.70, 259.00
585.03, 208.00
585.35, 207.00
585.67, 223.00
586.00, 236.00
586.32, 264.00
586.65, 276.00
586.97, 267.00
587.30, 265.00
587.62, 246.00
587.94, 242.00
588.27, 228.00
588.59, 209.00
588.92, 210.00
589.24, 204.00
589.56, 205.00
589.89, 206.00
590.21, 199.00
590.54, 199.00
590.86, 195.00
591.18, 200.00
591.51, 196.00
591.83, 218.00
592.15, 214.00
592.48, 210.00
592.80, 216.00
593.13, 204.00
593.45, 205.00
593.77, 205.00
594.10, 199.00
594.42, 200.00
594.74, 194.00
595.07, 193.00
595.39, 195.00
595.71, 198.00
596.03, 198.00
596.36, 204.00
596.68, 203.00
597.00, 203.00
597.33, 204.00
597.65, 212.00
597.97, 209.00
598.30, 211.00
598.62, 212.00
598.94, 209.00
599.26, 208.00
599.59, 213.00
599.91, 215.00
600.23, 205.00
600.55, 204.00
600.88, 192.00
601.20, 189.00
601.52, 192.00
601.84, 179.00
602.17, 184.00
602.49, 179.00
602.81, 169.00
603.13, 181.00
603.45, 185.00
603.78, 181.00
604.10, 182.00
604.42, 172.00
604.74, 176.00
605.07, 169.00
605.39, 171.00
605.71, 178.00
606.03, 180.00
606.35, 180.00
606.67, 188.00
607.00, 194.00
607.32, 187.00
607.64, 188.00
607.96, 182.00
608.28, 194.00
608.60, 206.00
608.93, 218.00
609.25, 256.00
609.57, 294.00
609.89, 378.00
610.21, 462.00
610.53, 501.00
610.85, 494.00
611.17, 461.00
611.50, 423.00
611.82, 407.00
612.14, 368.00
612.46, 346.00
612.78, 324.00
613.10, 316.00
613.42, 285.00
613.74, 285.00
614.06, 307.00
614.38, 274.00
614.70, 268.00
615.03, 260.00
615.35, 250.00
615.67, 340.00
615.99, 218.00
616.31, 212.00
616.63, 210.00
616.95, 201.00
617.27, 201.00
617.59, 194.00
617.91, 200.00
618.23, 196.00
618.55, 193.00
618.87, 186.00
619.19, 196.00
619.51, 191.00
619.83, 191.00
620.15, 191.00
620.47, 198.00
620.79, 194.00
621.11, 195.00
621.43, 191.00
621.75, 197.00
622.07, 192.00
622.39, 191.00
622.71, 190.00
623.03, 194.00
623.35, 236.00
623.67, 185.00
623.99, 188.00
624.31, 187.00
624.63, 189.00
624.95, 187.00
625.26, 184.00
625.58, 194.00
625.90, 214.00
626.22, 185.00
626.54, 184.00
626.86, 187.00
627.18, 181.00
627.50, 191.00
627.82, 187.00
628.14, 183.00
628.46, 194.00
628.77, 187.00
629.09, 197.00
629.41, 199.00
629.73, 205.00
630.05, 218.00
630.37, 212.00
630.69, 214.00
631.00, 221.00
631.32, 210.00
631.64, 196.00
631.96, 195.00
632.28, 187.00
632.60, 189.00
632.92, 180.00
633.23, 180.00
633.55, 179.00
633.87, 182.00
634.19, 179.00
634.51, 185.00
634.82, 201.00
635.14, 198.00
635.46, 186.00
635.78, 190.00
636.10, 183.00
636.41, 190.00
636.73, 184.00
637.05, 188.00
637.37, 182.00
637.68, 185.00
638.00, 194.00
638.32, 189.00
638.64, 201.00
638.95, 213.00
639.27, 202.00
639.59, 206.00
639.91, 201.00
640.22, 193.00
640.54, 197.00
640.86, 192.00
641.18, 200.00
641.49, 204.00
641.81, 183.00
642.13, 189.00
642.44, 178.00
642.76, 176.00
643.08, 176.00
643.40, 175.00
643.71, 186.00
644.03, 180.00
644.35, 183.00
644.66, 183.00
644.98, 173.00
645.30, 183.00
645.61, 189.00
645.93, 168.00
646.25, 170.00
646.56, 177.00
646.88, 200.00
647.19, 169.00
647.51, 179.00
647.83, 167.00
648.14, 168.00
648.46, 160.00
648.78, 175.00
649.09, 169.00
649.41, 210.00
649.72, 176.00
650.04, 184.00
650.36, 172.00
650.67, 174.00
650.99, 184.00
651.30, 174.00
651.62, 181.00
651.93, 171.00
652.25, 191.00
652.57, 212.00
652.88, 173.00
653.20, 178.00
653.51, 178.00
653.83, 177.00
654.14, 165.00
654.46, 170.00
654.77, 167.00
655.09, 169.00
655.40, 188.00
655.72, 169.00
656.04, 166.00
656.35, 163.00
656.67, 169.00
656.98, 169.00
657.30, 167.00
657.61, 165.00
657.93, 167.00
658.24, 171.00
658.55, 219.00
658.87, 175.00
659.18, 180.00
659.50, 175.00
659.81, 177.00
660.13, 173.00
660.44, 171.00
660.76, 176.00
661.07, 197.00
661.39, 175.00
661.70, 175.00
662.01, 170.00
662.33, 175.00
662.64, 174.00
662.96, 166.00
663.27, 163.00
663.59, 160.00
663.90, 166.00
664.21, 161.00
664.53, 181.00
664.84, 168.00
665.16, 189.00
665.47, 166.00
665.78, 159.00
666.10, 170.00
666.41, 178.00
666.72, 188.00
667.04, 201.00
667.35, 188.00
667.67, 184.00
667.98, 178.00
668.29, 179.00
668.61, 179.00
668.92, 169.00
669.23, 168.00
669.55, 167.00
669.86, 189.00
670.17, 166.00
670.48, 165.00
670.80, 161.00
671.11, 158.00
671.42, 158.00
671.74, 162.00
672.05, 161.00
672.36, 165.00
672.68, 161.00
672.99, 162.00
673.30, 160.00
673.61, 165.00
673.93, 167.00
674.24, 165.00
674.55, 168.00
674.86, 168.00
675.18, 167.00
675.49, 169.00
675.80, 171.00
676.11, 170.00
676.43, 166.00
676.74, 169.00
677.05, 166.00
677.36, 171.00
677.67, 168.00
677.99, 170.00
678.30, 162.00
678.61, 171.00
678.92, 167.00
679.23, 170.00
679.55, 167.00
679.86, 168.00
680.17, 169.00
680.48, 170.00
680.79, 163.00
681.10, 159.00
681.42, 165.00
681.73, 164.00
682.04, 162.00
682.35, 157.00
682.66, 166.00
682.97, 160.00
683.28, 165.00
683.60, 164.00
683.91, 166.00
684.22, 174.00
684.53, 160.00
684.84, 159.00
685.15, 165.00
685.46, 187.00
685.77, 157.00
686.08, 152.00
686.40, 199.00
686.71, 162.00
687.02, 154.00
687.33, 159.00
687.64, 152.00
687.95, 154.00
688.26, 152.00
688.57, 148.00
688.88, 157.00
689.19, 152.00
689.50, 151.00
689.81, 157.00
690.12, 152.00
690.43, 172.00
690.74, 154.00
691.05, 152.00
691.36, 163.00
691.67, 151.00
691.98, 157.00
692.29, 157.00
692.60, 158.00
692.91, 153.00
693.22, 157.00
693.53, 152.00
693.84, 159.00
694.15, 158.00
694.46, 158.00
694.77, 154.00
695.08, 158.00
695.39, 165.00
695.70, 151.00
696.01, 154.00
696.32, 149.00
696.63, 150.00
696.94, 156.00
697.25, 153.00
697.56, 157.00
697.87, 159.00
698.17, 192.00
698.48, 160.00
698.79, 149.00
699.10, 150.00
699.41, 152.00
699.72, 151.00
700.03, 153.00
700.34, 156.00
700.65, 155.00
700.95, 149.00
701.26, 154.00
701.57, 147.00
701.88, 152.00
702.19, 167.00
702.50, 158.00
702.81, 157.00
703.11, 177.00
703.42, 157.00
703.73, 158.00
704.04, 162.00
704.35, 168.00
704.66, 179.00
704.96, 253.00
705.27, 332.00
705.58, 383.00
705.89, 380.00
706.20, 327.00
706.50, 296.00
706.81, 270.00
707.12, 240.00
707.43, 215.00
707.73, 196.00
708.04, 180.00
708.35, 177.00
708.66, 166.00
708.97, 160.00
709.27, 165.00
709.58, 158.00
709.89, 149.00
710.19, 154.00
710.50, 158.00
710.81, 158.00
711.12, 164.00
711.42, 158.00
711.73, 167.00
712.04, 162.00
712.35, 159.00
712.65, 153.00
712.96, 160.00
713.27, 168.00
713.57, 180.00
713.88, 176.00
714.19, 156.00
714.49, 150.00
714.80, 158.00
715.11, 158.00
715.41, 147.00
715.72, 153.00
716.03, 150.00
716.33, 155.00
716.64, 153.00
716.94, 149.00
717.25, 151.00
717.56, 161.00
717.86, 151.00
718.17, 148.00
718.48, 149.00
718.78, 149.00
719.09, 153.00
719.39, 154.00
719.70, 147.00
720.01, 143.00
720.31, 150.00
720.62, 149.00
720.92, 151.00
721.23, 155.00
721.53, 161.00
721.84, 151.00
722.15, 153.00
722.45, 154.00
722.76, 153.00
723.06, 151.00
723.37, 151.00
723.67, 150.00
723.98, 150.00
724.28, 154.00
724.59, 158.00
724.89, 158.00
725.20, 152.00
725.50, 163.00
725.81, 154.00
726.11, 156.00
726.42, 156.00
726.72, 161.00
727.03, 199.00
727.33, 168.00
727.64, 171.00
727.94, 159.00
728.25, 154.00
728.55, 159.00
728.86, 173.00
729.16, 152.00
729.46, 155.00
729.77, 159.00
730.07, 150.00
730.38, 152.00
730.68, 148.00
730.99, 163.00
731.29, 146.00
731.59, 158.00
731.90, 151.00
732.20, 153.00
732.51, 156.00
732.81, 147.00
733.11, 157.00
733.42, 154.00
733.72, 156.00
734.02, 154.00
734.33, 151.00
734.63, 151.00
734.94, 151.00
735.24, 153.00
735.54, 150.00
735.85, 154.00
736.15, 148.00
736.45, 153.00
736.76, 155.00
737.06, 151.00
737.36, 149.00
737.67, 154.00
737.97, 151.00
738.27, 154.00
738.57, 146.00
738.88, 150.00
739.18, 188.00
739.48, 156.00
739.79, 147.00
740.09, 152.00
740.39, 148.00
740.69, 160.00
741.00, 147.00
741.30, 157.00
741.60, 150.00
741.90, 147.00
742.21, 146.00
742.51, 195.00
742.81, 153.00
743.11, 153.00
743.42, 173.00
743.72, 151.00
744.02, 158.00
744.32, 152.00
744.63, 163.00
744.93, 156.00
745.23, 162.00
745.53, 157.00
745.83, 157.00
746.13, 150.00
746.44, 151.00
746.74, 159.00
747.04, 155.00
747.34, 157.00
747.64, 160.00
747.94, 151.00
748.25, 151.00
748.55, 160.00
748.85, 159.00
749.15, 160.00
749.45, 184.00
749.75, 164.00
750.05, 161.00
750.35, 153.00
750.66, 159.00
750.96, 157.00
751.26, 148.00
751.56, 152.00
751.86, 160.00
752.16, 149.00
752.46, 147.00
752.76, 146.00
753.06, 150.00
753.36, 188.00
753.66, 153.00
753.96, 153.00
754.27, 146.00
754.57, 148.00
754.87, 150.00
755.17, 148.00
755.47, 152.00
755.77, 146.00
756.07, 151.00
756.37, 152.00
756.67, 160.00
756.97, 147.00
757.27, 156.00
757.57, 152.00
757.87, 158.00
758.17, 153.00
758.47, 164.00
758.77, 159.00
759.07, 152.00
759.37, 154.00
759.67, 154.00
759.97, 155.00
760.27, 148.00
760.57, 150.00
760.86, 152.00
761.16, 151.00
761.46, 147.00
761.76, 178.00
762.06, 149.00
762.36, 159.00
762.66, 153.00
762.96, 151.00
763.26, 152.00
763.56, 179.00
763.86, 150.00
764.16, 145.00
764.45, 166.00
764.75, 157.00
765.05, 153.00
765.35, 152.00
765.65, 150.00
765.95, 151.00
766.25, 153.00
766.55, 158.00
766.84, 153.00
767.14, 155.00
767.44, 149.00
767.74, 152.00
768.04, 152.00
768.34, 151.00
768.63, 154.00
768.93, 150.00
769.23, 155.00
769.53, 150.00
769.83, 157.00
770.12, 150.00
770.42, 152.00
770.72, 160.00
771.02, 146.00
771.32, 152.00
771.61, 157.00
771.91, 157.00
772.21, 151.00
772.51, 155.00
772.80, 150.00
773.10, 151.00
773.40, 154.00
773.70, 155.00
773.99, 152.00
774.29, 155.00
774.59, 160.00
774.88, 157.00
775.18, 159.00
775.48, 225.00
775.78, 378.00
776.07, 503.00
776.37, 571.00
776.67, 510.00
776.96, 396.00
777.26, 364.00
777.56, 273.00
777.85, 241.00
778.15, 227.00
778.45, 221.00
778.74, 205.00
779.04, 189.00
779.34, 173.00
779.63, 165.00
779.93, 153.00
780.22, 148.00
780.52, 152.00
780.82, 151.00
781.11, 146.00
781.41, 156.00
781.71, 150.00
782.00, 146.00
782.30, 143.00
782.59, 150.00
782.89, 144.00
783.19, 145.00
783.48, 145.00
783.78, 145.00
784.07, 156.00
784.37, 156.00
784.66, 149.00
784.96, 148.00
785.25, 149.00
785.55, 144.00
785.84, 147.00
786.14, 144.00
786.44, 148.00
786.73, 146.00
787.03, 153.00
787.32, 146.00
787.62, 150.00
787.91, 147.00
788.21, 148.00
788.50, 149.00
788.80, 147.00
789.09, 150.00
789.39, 152.00
789.68, 149.00
789.97, 153.00
790.27, 152.00
790.56, 151.00
790.86, 157.00
791.15, 143.00
791.45, 143.00
791.74, 170.00
792.04, 147.00
792.33, 146.00
792.62, 169.00
792.92, 146.00
793.21, 144.00
793.51, 151.00
793.80, 143.00
794.09, 143.00
794.39, 142.00
794.68, 146.00
794.98, 149.00
795.27, 147.00
795.56, 145.00
795.86, 149.00
796.15, 148.00
796.44, 148.00
796.74, 141.00
797.03, 144.00
797.32, 149.00
797.62, 143.00
797.91, 157.00
798.20, 147.00
798.50, 157.00
798.79, 156.00
799.08, 150.00
799.38, 147.00
799.67, 148.00
799.96, 156.00
800.26, 168.00
800.55, 149.00
800.84, 147.00
801.13, 144.00
801.43, 144.00
801.72, 185.00
802.01, 149.00
802.30, 145.00
802.60, 148.00
802.89, 150.00
803.18, 157.00
803.47, 147.00
803.77, 151.00
804.06, 156.00
804.35, 152.00
804.64, 166.00
804.94, 147.00
805.23, 145.00
805.52, 143.00
805.81, 148.00
806.10, 148.00
806.39, 149.00
806.69, 143.00
806.98, 150.00
807.27, 156.00
807.56, 155.00
807.85, 152.00
808.14, 145.00
808.44, 152.00
808.73, 149.00
809.02, 163.00
809.31, 152.00
809.60, 154.00
809.89, 160.00
810.18, 149.00
810.48, 154.00
810.77, 148.00
811.06, 150.00
811.35, 146.00
811.64, 151.00
811.93, 166.00
812.22, 146.00
812.51, 145.00
812.80, 147.00
813.09, 143.00
813.38, 145.00
813.67, 164.00
813.96, 147.00
814.26, 143.00
814.55, 145.00
814.84, 145.00
815.13, 147.00
815.42, 147.00
815.71, 155.00
816.00, 148.00
816.29, 156.00
816.58, 149.00
816.87, 149.00
817.16, 147.00
817.45, 151.00
817.74, 148.00
818.03, 147.00
818.32, 144.00
818.61, 144.00
818.90, 150.00
819.19, 145.00
819.48, 150.00
819.76, 143.00
820.05, 145.00
820.34, 144.00
820.63, 143.00
820.92, 146.00
821.21, 147.00
821.50, 147.00
821.79, 150.00
822.08, 149.00
822.37, 149.00
822.66, 142.00
822.95, 148.00
823.23, 141.00
823.52, 164.00
823.81, 148.00
824.10, 144.00
824.39, 148.00
824.68, 144.00
824.97, 159.00
825.26, 145.00
825.54, 192.00
825.83, 153.00
826.12, 141.00
826.41, 148.00
826.70, 143.00
826.99, 155.00
827.27, 146.00
827.56, 164.00
827.85, 145.00
828.14, 147.00
828.43, 153.00
828.71, 151.00
829.00, 147.00
829.29, 142.00
829.58, 148.00
829.86, 143.00
830.15, 141.00
830.44, 147.00
830.73, 149.00
831.01, 142.00
831.30, 145.00
831.59, 144.00
831.88, 140.00
832.16, 145.00
832.45, 153.00
832.74, 143.00
833.03, 140.00
833.31, 146.00
833.60, 149.00
833.89, 146.00
834.17, 150.00
834.46, 143.00
834.75, 147.00
835.03, 143.00
835.32, 146.00
835.61, 152.00
835.89, 157.00
836.18, 152.00
836.47, 150.00
836.75, 147.00
837.04, 152.00
837.33, 149.00
837.61, 145.00
837.90, 148.00
838.19, 145.00
838.47, 145.00
838.76, 146.00
839.04, 138.00
839.33, 147.00
839.62, 144.00
839.90, 148.00
840.19, 146.00
840.47, 144.00
840.76, 177.00
841.04, 147.00
841.33, 146.00
841.62, 148.00
841.90, 147.00
842.19, 149.00
842.47, 176.00
842.76, 148.00
843.04, 148.00
843.33, 166.00
843.61, 154.00
843.90, 156.00
844.18, 160.00
844.47, 158.00
844.75, 162.00
845.04, 150.00
845.32, 150.00
845.61, 148.00
845.89, 149.00
846.18, 146.00
846.46, 153.00
846.75, 149.00
847.03, 159.00
847.32, 144.00
847.60, 149.00
847.88, 146.00
848.17, 150.00
848.45, 169.00
848.74, 150.00
849.02, 144.00
849.31, 144.00
849.59, 147.00
849.87, 147.00
850.16, 144.00
850.44, 149.00
850.73, 175.00
851.01, 150.00
851.29, 148.00
851.58, 151.00
851.86, 146.00
852.14, 143.00
852.43, 143.00
852.71, 142.00
853.00, 146.00
853.28, 152.00
853.56, 147.00
853.85, 147.00
854.13, 148.00
854.41, 145.00
854.69, 143.00
854.98, 142.00
855.26, 196.00
855.54, 146.00
855.83, 144.00
856.11, 151.00
856.39, 145.00
856.68, 148.00
856.96, 151.00
857.24, 146.00
857.52, 152.00
857.81, 149.00
858.09, 148.00
858.37, 146.00
858.65, 146.00
858.94, 143.00
859.22, 142.00
