190.05, 0.00
190.41, 136.00
190.77, 135.00
191.14, 136.00
191.50, 142.00
191.86, 163.00
192.22, 148.00
192.58, 152.00
192.94, 144.00
193.31, 142.00
193.67, 146.00
194.03, 153.00
194.39, 146.00
194.75, 145.00
195.11, 162.00
195.47, 163.00
195.84, 148.00
196.20, 148.00
196.56, 167.00
196.92, 150.00
197.28, 148.00
197.64, 147.00
198.00, 149.00
198.37, 149.00
198.73, 153.00
199.09, 147.00
199.45, 149.00
199.81, 151.00
200.17, 157.00
200.53, 145.00
200.89, 159.00
201.25, 181.00
201.62, 146.00
201.98, 146.00
202.34, 152.00
202.70, 154.00
203.06, 149.00
203.42, 145.00
203.78, 148.00
204.14, 146.00
204.50, 171.00
204.86, 173.00
205.22, 159.00
205.58, 149.00
205.95, 148.00
206.31, 146.00
206.67, 147.00
207.03, 146.00
207.39, 154.00
207.75, 150.00
208.11, 146.00
208.47, 144.00
208.83, 153.00
209.19, 153.00
209.55, 154.00
209.91, 152.00
210.27, 160.00
210.63, 152.00
210.99, 160.00
211.35, 149.00
211.71, 152.00
212.07, 155.00
212.43, 154.00
212.79, 150.00
213.15, 149.00
213.51, 152.00
213.87, 157.00
214.23, 148.00
214.59, 148.00
214.95, 155.00
215.31, 150.00
215.67, 153.00
216.03, 182.00
216.39, 148.00
216.75, 151.00
217.11, 151.00
217.47, 147.00
217.83, 154.00
218.19, 146.00
218.55, 148.00
218.91, 155.00
219.27, 152.00
219.63, 148.00
219.99, 152.00
220.35, 152.00
220.71, 156.00
221.07, 151.00
221.43, 153.00
221.79, 152.00
222.15, 154.00
222.51, 149.00
222.87, 149.00
223.23, 148.00
223.59, 152.00
223.95, 151.00
224.31, 153.00
224.67, 149.00
225.03, 158.00
225.39, 156.00
225.74, 155.00
226.10, 152.00
226.46, 147.00
226.82, 149.00
227.18, 155.00
227.54, 150.00
227.90, 157.00
228.26, 157.00
228.62, 159.00
228.98, 149.00
229.34, 151.00
229.69, 149.00
230.05, 151.00
230.41, 145.00
230.77, 154.00
231.13, 160.00
231.49, 152.00
231.85, 148.00
232.21, 155.00
232.57, 153.00
232.92, 144.00
233.28, 151.00
233.64, 155.00
234.00, 147.00
234.36, 147.00
234.72, 149.00
235.08, 152.00
235.44, 154.00
235.79, 151.00
236.15, 154.00
236.51, 149.00
236.87, 144.00
237.23, 151.00
237.59, 148.00
237.94, 157.00
238.30, 153.00
238.66, 151.00
239.02, 150.00
239.38, 147.00
239.74, 148.00
240.09, 164.00
240.45, 157.00
240.81, 155.00
241.17, 161.00
241.53, 151.00
241.89, 148.00
242.24, 145.00
242.60, 145.00
242.96, 154.00
243.32, 149.00
243.68, 148.00
244.03, 153.00
244.39, 151.00
244.75, 169.00
245.11, 146.00
245.46, 156.00
245.82, 176.00
246.18, 151.00
246.54, 156.00
246.90, 151.00
247.25, 150.00
247.61, 146.00
247.97, 182.00
248.33, 146.00
248.68, 147.00
249.04, 147.00
249.40, 146.00
249.76, 151.00
250.11, 150.00
250.47, 153.00
250.83, 153.00
251.19, 151.00
251.54, 161.00
251.90, 152.00
252.26, 150.00
252.62, 148.00
252.97, 148.00
253.33, 149.00
253.69, 146.00
254.05, 152.00
254.40, 150.00
254.76, 148.00
255.12, 172.00
255.47, 151.00
255.83, 153.00
256.19, 148.00
256.54, 152.00
256.90, 148.00
257.26, 146.00
257.62, 150.00
257.97, 148.00
258.33, 147.00
258.69, 152.00
259.04, 148.00
259.40, 148.00
259.76, 150.00
260.11, 148.00
260.47, 146.00
260.83, 154.00
261.18, 147.00
261.54, 152.00
261.90, 157.00
262.25, 148.00
262.61, 144.00
262.97, 147.00
263.32, 150.00
263.68, 151.00
264.04, 154.00
264.39, 147.00
264.75, 150.00
265.10, 153.00
265.46, 183.00
265.82, 160.00
266.17, 147.00
266.53, 145.00
266.89, 150.00
267.24, 154.00
267.60, 149.00
267.95, 149.00
268.31, 151.00
268.67, 150.00
269.02, 148.00
269.38, 146.00
269.74, 155.00
270.09, 142.00
270.45, 149.00
270.80, 169.00
271.16, 154.00
271.51, 154.00
271.87, 156.00
272.23, 153.00
272.58, 154.00
272.94, 152.00
273.29, 148.00
273.65, 198.00
274.00, 148.00
274.36, 147.00
274.72, 148.00
275.07, 147.00
275.43, 146.00
275.78, 151.00
276.14, 149.00
276.49, 150.00
276.85, 153.00
277.20, 164.00
277.56, 143.00
277.92, 140.00
278.27, 146.00
278.63, 157.00
278.98, 147.00
279.34, 147.00
279.69, 151.00
280.05, 162.00
280.40, 157.00
280.76, 158.00
281.11, 149.00
281.47, 153.00
281.82, 150.00
282.18, 149.00
282.53, 157.00
282.89, 166.00
283.24, 162.00
283.60, 160.00
283.95, 157.00
284.31, 156.00
284.66, 156.00
285.02, 151.00
285.37, 159.00
285.73, 155.00
286.08, 162.00
286.44, 159.00
286.79, 159.00
287.14, 159.00
287.50, 155.00
287.85, 154.00
288.21, 156.00
288.56, 156.00
288.92, 154.00
289.27, 150.00
289.63, 156.00
289.98, 148.00
290.34, 152.00
290.69, 164.00
291.04, 153.00
291.40, 149.00
291.75, 152.00
292.11, 154.00
292.46, 149.00
292.81, 156.00
293.17, 150.00
293.52, 152.00
293.88, 153.00
294.23, 155.00
294.59, 154.00
294.94, 152.00
295.29, 156.00
295.65, 161.00
296.00, 188.00
296.36, 165.00
296.71, 159.00
297.06, 161.00
297.42, 163.00
297.77, 160.00
298.12, 169.00
298.48, 159.00
298.83, 161.00
299.19, 161.00
299.54, 156.00
299.89, 153.00
300.25, 158.00
300.60, 163.00
300.95, 160.00
301.31, 159.00
301.66, 146.00
302.01, 154.00
302.37, 149.00
302.72, 149.00
303.07, 150.00
303.43, 156.00
303.78, 153.00
304.13, 157.00
304.49, 156.00
304.84, 167.00
305.19, 197.00
305.55, 163.00
305.90, 169.00
306.25, 183.00
306.61, 214.00
306.96, 248.00
307.31, 301.00
307.66, 389.00
308.02, 496.00
308.37, 554.00
308.72, 603.00
309.08, 595.00
309.43, 554.00
309.78, 496.00
310.13, 439.00
310.49, 378.00
310.84, 308.00
311.19, 275.00
311.54, 252.00
311.90, 217.00
312.25, 217.00
312.60, 215.00
312.95, 236.00
313.31, 238.00
313.66, 253.00
314.01, 270.00
314.36, 262.00
314.72, 271.00
315.07, 311.00
315.42, 334.00
315.77, 368.00
316.13, 303.00
316.48, 250.00
316.83, 206.00
317.18, 181.00
317.54, 169.00
317.89, 158.00
318.24, 160.00
318.59, 151.00
318.94, 162.00
319.30, 153.00
319.65, 165.00
320.00, 162.00
320.35, 160.00
320.70, 165.00
321.05, 164.00
321.41, 161.00
321.76, 166.00
322.11, 161.00
322.46, 155.00
322.81, 200.00
323.17, 164.00
323.52, 159.00
323.87, 159.00
324.22, 157.00
324.57, 159.00
324.92, 157.00
325.27, 156.00
325.63, 164.00
325.98, 164.00
326.33, 162.00
326.68, 158.00
327.03, 160.00
327.38, 157.00
327.73, 164.00
328.09, 173.00
328.44, 197.00
328.79, 173.00
329.14, 211.00
329.49, 176.00
329.84, 179.00
330.19, 182.00
330.54, 181.00
330.89, 175.00
331.25, 168.00
331.60, 168.00
331.95, 165.00
332.30, 161.00
332.65, 168.00
333.00, 175.00
333.35, 210.00
333.70, 213.00
334.05, 180.00
334.40, 185.00
334.75, 183.00
335.10, 217.00
335.45, 255.00
335.81, 328.00
336.16, 451.00
336.51, 596.00
336.86, 615.00
337.21, 565.00
337.56, 389.00
337.91, 286.00
338.26, 220.00
338.61, 177.00
338.96, 171.00
339.31, 165.00
339.66, 160.00
340.01, 169.00
340.36, 161.00
340.71, 157.00
341.06, 161.00
341.41, 163.00
341.76, 158.00
342.11, 165.00
342.46, 160.00
342.81, 167.00
343.16, 159.00
343.51, 159.00
343.86, 165.00
344.21, 155.00
344.56, 156.00
344.91, 158.00
345.26, 164.00
345.61, 156.00
345.96, 148.00
346.31, 159.00
346.66, 184.00
347.01, 153.00
347.36, 175.00
347.71, 158.00
348.06, 155.00
348.41, 169.00
348.76, 171.00
349.10, 168.00
349.45, 175.00
349.80, 173.00
350.15, 175.00
350.50, 172.00
350.85, 175.00
351.20, 169.00
351.55, 187.00
351.90, 194.00
352.25, 217.00
352.60, 245.00
352.95, 293.00
353.30, 327.00
353.64, 293.00
353.99, 263.00
354.34, 253.00
354.69, 244.00
355.04, 254.00
355.39, 295.00
355.74, 347.00
356.09, 405.00
356.44, 441.00
356.78, 515.00
357.13, 556.00
357.48, 548.00
357.83, 438.00
358.18, 330.00
358.53, 263.00
358.88, 199.00
359.22, 187.00
359.57, 164.00
359.92, 164.00
360.27, 163.00
360.62, 162.00
360.97, 164.00
361.32, 161.00
361.66, 160.00
362.01, 159.00
362.36, 164.00
362.71, 156.00
363.06, 165.00
363.40, 165.00
363.75, 170.00
364.10, 168.00
364.45, 162.00
364.80, 165.00
365.14, 165.00
365.49, 166.00
365.84, 162.00
366.19, 165.00
366.54, 167.00
366.88, 183.00
367.23, 163.00
367.58, 211.00
367.93, 162.00
368.28, 157.00
368.62, 155.00
368.97, 169.00
369.32, 168.00
369.67, 169.00
370.01, 190.00
370.36, 190.00
370.71, 214.00
371.06, 184.00
371.40, 181.00
371.75, 168.00
372.10, 163.00
372.45, 164.00
372.79, 169.00
373.14, 170.00
373.49, 178.00
373.83, 202.00
374.18, 218.00
374.53, 243.00
374.88, 255.00
375.22, 252.00
375.57, 242.00
375.92, 208.00
376.26, 187.00
376.61, 170.00
376.96, 161.00
377.30, 169.00
377.65, 171.00
378.00, 171.00
378.35, 187.00
378.69, 214.00
379.04, 236.00
379.39, 284.00
379.73, 324.00
380.08, 324.00
380.43, 277.00
380.77, 233.00
381.12, 212.00
381.47, 197.00
381.81, 176.00
382.16, 166.00
382.50, 165.00
382.85, 235.00
383.20, 172.00
383.54, 178.00
383.89, 179.00
384.24, 174.00
384.58, 184.00
384.93, 215.00
385.27, 200.00
385.62, 208.00
385.97, 198.00
386.31, 194.00
386.66, 232.00
387.00, 201.00
387.35, 205.00
387.70, 232.00
388.04, 317.00
388.39, 329.00
388.73, 448.00
389.08, 609.00
389.43, 860.00
389.77, 1134.00
390.12, 1505.00
390.46, 2118.00
390.81, 2327.00
391.15, 2243.00
391.50, 1699.00
391.85, 1026.00
392.19, 681.00
392.54, 399.00
392.88, 254.00
393.23, 214.00
393.57, 204.00
393.92, 188.00
394.26, 175.00
394.61, 169.00
394.95, 168.00
395.30, 160.00
395.64, 162.00
395.99, 197.00
396.33, 164.00
396.68, 160.00
397.02, 166.00
397.37, 167.00
397.71, 170.00
398.06, 178.00
398.40, 188.00
398.75, 203.00
399.09, 212.00
399.44, 212.00
399.78, 191.00
400.13, 182.00
400.47, 162.00
400.82, 162.00
401.16, 159.00
401.51, 160.00
401.85, 163.00
402.20, 157.00
402.54, 164.00
402.88, 164.00
403.23, 160.00
403.57, 179.00
403.92, 197.00
404.26, 256.00
404.61, 216.00
404.95, 248.00
405.30, 215.00
405.64, 207.00
405.98, 222.00
406.33, 180.00
406.67, 169.00
407.02, 169.00
407.36, 167.00
407.70, 174.00
408.05, 173.00
408.39, 175.00
408.74, 178.00
409.08, 179.00
409.42, 181.00
409.77, 159.00
410.11, 181.00
410.46, 168.00
410.80, 179.00
411.14, 172.00
411.49, 189.00
411.83, 183.00
412.17, 179.00
412.52, 185.00
412.86, 193.00
413.20, 188.00
413.55, 185.00
413.89, 186.00
414.23, 175.00
414.58, 211.00
414.92, 168.00
415.26, 164.00
415.61, 171.00
415.95, 167.00
416.29, 172.00
416.64, 166.00
416.98, 175.00
417.32, 176.00
417.67, 198.00
418.01, 204.00
418.35, 209.00
418.70, 218.00
419.04, 258.00
419.38, 238.00
419.72, 241.00
420.07, 212.00
420.41, 184.00
420.75, 178.00
421.10, 174.00
421.44, 163.00
421.78, 170.00
422.12, 177.00
422.47, 179.00
422.81, 188.00
423.15, 202.00
423.49, 201.00
423.84, 192.00
424.18, 212.00
424.52, 225.00
424.86, 269.00
425.21, 348.00
425.55, 405.00
425.89, 494.00
426.23, 607.00
426.57, 802.00
426.92, 904.00
427.26, 988.00
427.60, 823.00
427.94, 564.00
428.28, 414.00
428.63, 318.00
428.97, 241.00
429.31, 200.00
429.65, 179.00
429.99, 169.00
430.34, 166.00
430.68, 163.00
431.02, 171.00
431.36, 159.00
431.70, 165.00
432.04, 165.00
432.39, 162.00
432.73, 172.00
433.07, 171.00
433.41, 172.00
433.75, 186.00
434.09, 179.00
434.43, 186.00
434.78, 243.00
435.12, 294.00
435.46, 329.00
435.80, 303.00
436.14, 282.00
436.48, 240.00
436.82, 227.00
437.16, 204.00
437.51, 186.00
437.85, 175.00
438.19, 217.00
438.53, 176.00
438.87, 193.00
439.21, 183.00
439.55, 188.00
439.89, 191.00
440.23, 194.00
440.57, 187.00
440.91, 189.00
441.26, 188.00
441.60, 182.00
441.94, 183.00
442.28, 178.00
442.62, 177.00
442.96, 169.00
443.30, 172.00
443.64, 167.00
443.98, 171.00
444.32, 178.00
444.66, 172.00
445.00, 168.00
445.34, 174.00
445.68, 171.00
446.02, 182.00
446.36, 163.00
446.70, 166.00
447.04, 175.00
447.38, 190.00
447.72, 174.00
448.06, 170.00
448.40, 174.00
448.74, 169.00
449.08, 171.00
449.42, 169.00
449.76, 174.00
450.10, 168.00
450.44, 171.00
450.78, 167.00
451.12, 176.00
451.46, 171.00
451.80, 174.00
452.14, 164.00
452.48, 174.00
452.82, 168.00
453.16, 167.00
453.50, 166.00
453.84, 169.00
454.18, 203.00
454.52, 171.00
454.86, 171.00
455.19, 180.00
455.53, 174.00
455.87, 165.00
456.21, 174.00
456.55, 167.00
456.89, 171.00
457.23, 175.00
457.57, 178.00
457.91, 194.00
458.25, 186.00
458.59, 188.00
458.92, 204.00
459.26, 199.00
459.60, 205.00
459.94, 194.00
460.28, 177.00
460.62, 176.00
460.96, 175.00
461.30, 166.00
461.63, 168.00
461.97, 162.00
462.31, 167.00
462.65, 170.00
462.99, 173.00
463.33, 169.00
463.67, 174.00
464.00, 181.00
464.34, 177.00
464.68, 178.00
465.02, 191.00
465.36, 185.00
465.70, 177.00
466.03, 181.00
466.37, 179.00
466.71, 179.00
467.05, 193.00
467.39, 207.00
467.72, 214.00
468.06, 240.00
468.40, 248.00
468.74, 264.00
469.08, 275.00
469.41, 303.00
469.75, 341.00
470.09, 376.00
470.43, 371.00
470.76, 318.00
471.10, 276.00
471.44, 258.00
471.78, 230.00
472.11, 218.00
472.45, 198.00
472.79, 198.00
473.13, 191.00
473.46, 189.00
473.80, 183.00
474.14, 183.00
474.48, 177.00
474.81, 173.00
475.15, 176.00
475.49, 174.00
475.82, 173.00
476.16, 178.00
476.50, 173.00
476.84, 168.00
477.17, 164.00
477.51, 175.00
477.85, 167.00
478.18, 182.00
478.52, 168.00
478.86, 227.00
479.19, 173.00
479.53, 168.00
479.87, 215.00
480.20, 175.00
480.54, 174.00
480.88, 168.00
481.21, 165.00
481.55, 168.00
481.89, 178.00
482.22, 172.00
482.56, 189.00
482.90, 184.00
483.23, 189.00
483.57, 194.00
483.90, 200.00
484.24, 195.00
484.58, 204.00
484.91, 211.00
485.25, 218.00
485.58, 227.00
485.92, 232.00
486.26, 236.00
486.59, 232.00
486.93, 240.00
487.26, 238.00
487.60, 236.00
487.94, 229.00
488.27, 238.00
488.61, 228.00
488.94, 229.00
489.28, 219.00
489.61, 221.00
489.95, 221.00
490.29, 225.00
490.62, 224.00
490.96, 216.00
491.29, 223.00
491.63, 212.00
491.96, 213.00
492.30, 207.00
492.63, 210.00
492.97, 198.00
493.30, 201.00
493.64, 205.00
493.97, 195.00
494.31, 199.00
494.64, 207.00
494.98, 204.00
495.31, 200.00
495.65, 192.00
495.98, 201.00
496.32, 196.00
496.65, 229.00
496.99, 203.00
497.32, 183.00
497.66, 186.00
497.99, 183.00
498.33, 181.00
498.66, 184.00
499.00, 183.00
499.33, 179.00
499.67, 184.00
500.00, 178.00
500.34, 187.00
500.67, 193.00
501.00, 190.00
501.34, 184.00
501.67, 177.00
502.01, 174.00
502.34, 175.00
502.68, 189.00
503.01, 184.00
503.34, 186.00
503.68, 177.00
504.01, 186.00
504.35, 181.00
504.68, 190.00
505.01, 184.00
505.35, 178.00
505.68, 179.00
506.02, 179.00
506.35, 186.00
506.68, 199.00
507.02, 188.00
507.35, 187.00
507.68, 185.00
508.02, 188.00
508.35, 190.00
508.69, 184.00
509.02, 177.00
509.35, 178.00
509.69, 173.00
510.02, 180.00
510.35, 175.00
510.69, 177.00
511.02, 170.00
511.35, 175.00
511.69, 170.00
512.02, 167.00
512.35, 174.00
512.68, 176.00
513.02, 176.00
513.35, 166.00
513.68, 167.00
514.02, 179.00
514.35, 169.00
514.68, 173.00
515.01, 166.00
515.35, 176.00
515.68, 166.00
516.01, 165.00
516.35, 163.00
516.68, 162.00
517.01, 156.00
517.34, 164.00
517.68, 165.00
518.01, 175.00
518.34, 162.00
518.67, 167.00
519.01, 171.00
519.34, 181.00
519.67, 191.00
520.00, 186.00
520.33, 190.00
520.67, 184.00
521.00, 183.00
521.33, 194.00
521.66, 200.00
522.00, 203.00
522.33, 193.00
522.66, 183.00
522.99, 177.00
523.32, 186.00
523.65, 177.00
523.99, 176.00
524.32, 181.00
524.65, 176.00
524.98, 175.00
525.31, 176.00
525.65, 209.00
525.98, 175.00
526.31, 173.00
526.64, 182.00
526.97, 185.00
527.30, 172.00
527.63, 167.00
527.97, 167.00
528.30, 166.00
528.63, 177.00
528.96, 193.00
529.29, 171.00
529.62, 171.00
529.95, 166.00
530.28, 159.00
530.61, 156.00
530.95, 169.00
531.28, 167.00
531.61, 173.00
531.94, 188.00
532.27, 188.00
532.60, 184.00
532.93, 192.00
533.26, 184.00
533.59, 176.00
533.92, 173.00
534.25, 170.00
534.58, 206.00
534.91, 173.00
535.25, 167.00
535.58, 165.00
535.91, 166.00
536.24, 170.00
536.57, 182.00
536.90, 177.00
537.23, 183.00
537.56, 215.00
537.89, 190.00
538.22, 190.00
538.55, 191.00
538.88, 206.00
539.21, 316.00
539.54, 225.00
539.87, 239.00
540.20, 261.00
540.53, 289.00
540.86, 346.00
541.19, 364.00
541.52, 395.00
541.85, 409.00
542.18, 445.00
542.51, 445.00
542.84, 465.00
543.17, 463.00
543.50, 453.00
543.82, 435.00
544.15, 437.00
544.48, 429.00
544.81, 450.00
545.14, 495.00
545.47, 463.00
545.80, 439.00
546.13, 365.00
546.46, 367.00
546.79, 323.00
547.12, 286.00
547.45, 270.00
547.78, 263.00
548.10, 254.00
548.43, 252.00
548.76, 244.00
549.09, 231.00
549.42, 234.00
549.75, 223.00
550.08, 224.00
550.41, 227.00
550.74, 226.00
551.06, 219.00
551.39, 221.00
551.72, 215.00
552.05, 211.00
552.38, 197.00
552.71, 203.00
553.03, 199.00
553.36, 201.00
553.69, 200.00
554.02, 189.00
554.35, 189.00
554.68, 180.00
555.00, 178.00
555.33, 178.00
555.66, 182.00
555.99, 193.00
556.32, 182.00
556.64, 181.00
556.97, 196.00
557.30, 198.00
557.63, 197.00
557.96, 201.00
558.28, 204.00
558.61, 198.00
558.94, 197.00
559.27, 202.00
559.59, 194.00
559.92, 185.00
560.25, 188.00
560.58, 192.00
560.90, 192.00
561.23, 175.00
561.56, 186.00
561.89, 184.00
562.21, 185.00
562.54, 178.00
562.87, 178.00
563.20, 179.00
563.52, 170.00
563.85, 165.00
564.18, 181.00
564.50, 164.00
564.83, 200.00
565.16, 219.00
565.48, 167.00
565.81, 171.00
566.14, 156.00
566.47, 158.00
566.79, 166.00
567.12, 160.00
567.45, 184.00
567.77, 162.00
568.10, 162.00
568.43, 163.00
568.75, 161.00
569.08, 164.00
569.40, 197.00
569.73, 163.00
570.06, 160.00
570.38, 160.00
570.71, 159.00
571.04, 156.00
571.36, 164.00
571.69, 164.00
572.01, 157.00
572.34, 153.00
572.67, 161.00
572.99, 164.00
573.32, 178.00
573.64, 161.00
573.97, 157.00
574.30, 162.00
574.62, 160.00
574.95, 160.00
575.27, 162.00
575.60, 173.00
575.92, 172.00
576.25, 179.00
576.58, 181.00
576.90, 173.00
577.23, 202.00
577.55, 177.00
577.88, 180.00
578.20, 184.00
578.53, 187.00
578.85, 202.00
579.18, 197.00
579.50, 189.00
579.83, 196.00
580.15, 194.00
580.48, 192.00
580.80, 197.00
581.13, 201.00
581.45, 188.00
581.78, 192.00
582.10, 204.00
582.43, 212.00
582.75, 214.00
583.08, 207.00
583.40, 203.00
583.73, 277.00
584.05, 210.00
584.38, 199.00
584.70, 249.00
585.03, 204.00
585.35, 206.00
585.67, 210.00
586.00, 222.00
586.32, 254.00
586.65, 264.00
586.97, 259.00
587.30, 249.00
587.62, 233.00
587.94, 237.00
588.27, 207.00
588.59, 205.00
588.92, 203.00
589.24, 203.00
589.56, 204.00
589.89, 200.00
590.21, 198.00
590.54, 189.00
590.86, 187.00
591.18, 185.00
591.51, 191.00
591.83, 212.00
592.15, 206.00
592.48, 202.00
592.80, 207.00
593.13, 200.00
593.45, 201.00
593.77, 190.00
594.10, 199.00
594.42, 193.00
594.74, 192.00
595.07, 185.00
595.39, 193.00
595.71, 193.00
596.03, 197.00
596.36, 208.00
596.68, 202.00
597.00, 204.00
597.33, 204.00
597.65, 212.00
597.97, 210.00
598.30, 212.00
598.62, 210.00
598.94, 213.00
599.26, 209.00
599.59, 212.00
599.91, 207.00
600.23, 204.00
600.55, 196.00
600.88, 199.00
601.20, 192.00
601.52, 191.00
601.84, 180.00
602.17, 183.00
602.49, 178.00
602.81, 171.00
603.13, 174.00
603.45, 182.00
603.78, 172.00
604.10, 166.00
604.42, 169.00
604.74, 169.00
605.07, 163.00
605.39, 170.00
605.71, 176.00
606.03, 174.00
606.35, 168.00
606.67, 179.00
607.00, 184.00
607.32, 177.00
607.64, 184.00
607.96, 181.00
608.28, 186.00
608.60, 198.00
608.93, 207.00
609.25, 242.00
609.57, 290.00
609.89, 359.00
610.21, 447.00
610.53, 480.00
610.85, 480.00
611.17, 443.00
611.50, 412.00
611.82, 386.00
612.14, 356.00
612.46, 331.00
612.78, 321.00
613.10, 289.00
613.42, 271.00
613.74, 287.00
614.06, 300.00
614.38, 269.00
614.70, 267.00
615.03, 268.00
615.35, 252.00
615.67, 332.00
615.99, 222.00
616.31, 208.00
616.63, 208.00
616.95, 197.00
617.27, 192.00
617.59, 187.00
617.91, 186.00
618.23, 187.00
618.55, 182.00
618.87, 187.00
619.19, 183.00
619.51, 190.00
619.83, 192.00
620.15, 188.00
620.47, 191.00
620.79, 191.00
621.11, 193.00
621.43, 185.00
621.75, 193.00
622.07, 191.00
622.39, 179.00
622.71, 180.00
623.03, 182.00
623.35, 225.00
623.67, 181.00
623.99, 182.00
624.31, 177.00
624.63, 185.00
624.95, 181.00
625.26, 178.00
625.58, 179.00
625.90, 204.00
626.22, 178.00
626.54, 172.00
626.86, 184.00
627.18, 173.00
627.50, 181.00
627.82, 179.00
628.14, 177.00
628.46, 182.00
628.77, 179.00
629.09, 191.00
629.41, 193.00
629.73, 204.00
630.05, 210.00
630.37, 205.00
630.69, 207.00
631.00, 209.00
631.32, 204.00
631.64, 185.00
631.96, 188.00
632.28, 179.00
632.60, 178.00
632.92, 183.00
633.23, 182.00
633.55, 182.00
633.87, 179.00
634.19, 184.00
634.51, 188.00
634.82, 198.00
635.14, 188.00
635.46, 194.00
635.78, 191.00
636.10, 183.00
636.41, 190.00
636.73, 185.00
637.05, 187.00
637.37, 186.00
637.68, 181.00
638.00, 187.00
638.32, 190.00
638.64, 198.00
638.95, 209.00
639.27, 201.00
639.59, 200.00
639.91, 193.00
640.22, 188.00
640.54, 193.00
640.86, 182.00
641.18, 191.00
641.49, 193.00
641.81, 182.00
642.13, 187.00
642.44, 175.00
642.76, 171.00
643.08, 167.00
643.40, 173.00
643.71, 176.00
644.03, 180.00
644.35, 182.00
644.66, 185.00
644.98, 176.00
645.30, 172.00
645.61, 190.00
645.93, 174.00
646.25, 169.00
646.56, 173.00
646.88, 197.00
647.19, 166.00
647.51, 164.00
647.83, 163.00
648.14, 160.00
648.46, 154.00
648.78, 161.00
649.09, 167.00
649.41, 209.00
649.72, 167.00
650.04, 176.00
650.36, 168.00
650.67, 169.00
650.99, 167.00
651.30, 163.00
651.62, 170.00
651.93, 170.00
652.25, 179.00
652.57, 198.00
652.88, 170.00
653.20, 168.00
653.51, 166.00
653.83, 175.00
654.14, 164.00
654.46, 167.00
654.77, 164.00
655.09, 170.00
655.40, 183.00
655.72, 172.00
656.04, 167.00
656.35, 163.00
656.67, 164.00
656.98, 159.00
657.30, 162.00
657.61, 157.00
657.93, 158.00
658.24, 167.00
658.55, 205.00
658.87, 164.00
659.18, 173.00
659.50, 168.00
659.81, 170.00
660.13, 167.00
660.44, 166.00
660.76, 168.00
661.07, 182.00
661.39, 165.00
661.70, 165.00
662.01, 168.00
662.33, 162.00
662.64, 166.00
662.96, 163.00
663.27, 158.00
663.59, 159.00
663.90, 162.00
664.21, 162.00
664.53, 180.00
664.84, 159.00
665.16, 178.00
665.47, 163.00
665.78, 163.00
666.10, 167.00
666.41, 179.00
666.72, 182.00
667.04, 192.00
667.35, 185.00
667.67, 182.00
667.98, 174.00
668.29, 174.00
668.61, 167.00
668.92, 165.00
669.23, 167.00
669.55, 165.00
669.86, 191.00
670.17, 169.00
670.48, 162.00
670.80, 157.00
671.11, 159.00
671.42, 160.00
671.74, 163.00
672.05, 161.00
672.36, 162.00
672.68, 152.00
672.99, 160.00
673.30, 157.00
673.61, 163.00
673.93, 153.00
674.24, 163.00
674.55, 163.00
674.86, 160.00
675.18, 159.00
675.49, 162.00
675.80, 166.00
676.11, 169.00
676.43, 168.00
676.74, 165.00
677.05, 163.00
677.36, 173.00
677.67, 171.00
677.99, 164.00
678.30, 163.00
678.61, 167.00
678.92, 159.00
679.23, 168.00
679.55, 169.00
679.86, 167.00
680.17, 165.00
680.48, 174.00
680.79, 170.00
681.10, 155.00
681.42, 163.00
681.73, 159.00
682.04, 159.00
682.35, 157.00
682.66, 160.00
682.97, 160.00
683.28, 159.00
683.60, 170.00
683.91, 163.00
684.22, 171.00
684.53, 161.00
684.84, 156.00
685.15, 163.00
685.46, 182.00
685.77, 156.00
686.08, 159.00
686.40, 197.00
686.71, 155.00
687.02, 156.00
687.33, 162.00
687.64, 159.00
687.95, 150.00
688.26, 158.00
688.57, 154.00
688.88, 154.00
689.19, 155.00
689.50, 155.00
689.81, 153.00
690.12, 157.00
690.43, 169.00
690.74, 156.00
691.05, 155.00
691.36, 164.00
691.67, 150.00
691.98, 144.00
692.29, 150.00
692.60, 160.00
692.91, 155.00
693.22, 154.00
693.53, 151.00
693.84, 153.00
694.15, 155.00
694.46, 150.00
694.77, 154.00
695.08, 155.00
695.39, 158.00
695.70, 154.00
696.01, 158.00
696.32, 150.00
696.63, 154.00
696.94, 158.00
697.25, 153.00
697.56, 156.00
697.87, 166.00
698.17, 188.00
698.48, 154.00
698.79, 150.00
699.10, 151.00
699.41, 157.00
699.72, 156.00
700.03, 154.00
700.34, 156.00
700.65, 157.00
700.95, 156.00
701.26, 152.00
701.57, 159.00
701.88, 152.00
702.19, 156.00
702.50, 152.00
702.81, 155.00
703.11, 179.00
703.42, 150.00
703.73, 159.00
704.04, 163.00
704.35, 172.00
704.66, 184.00
704.96, 272.00
705.27, 371.00
705.58, 428.00
705.89, 433.00
706.20, 361.00
706.50, 315.00
706.81, 298.00
707.12, 264.00
707.43, 229.00
707.73, 210.00
708.04, 184.00
708.35, 179.00
708.66, 168.00
708.97, 163.00
709.27, 164.00
709.58, 163.00
709.89, 157.00
710.19, 162.00
710.50, 161.00
710.81, 155.00
711.12, 162.00
711.42, 163.00
711.73, 166.00
712.04, 162.00
712.35, 156.00
712.65, 164.00
712.96, 158.00
713.27, 159.00
713.57, 182.00
713.88, 177.00
714.19, 153.00
714.49, 154.00
714.80, 153.00
715.11, 153.00
715.41, 157.00
715.72, 156.00
716.03, 147.00
716.33, 157.00
716.64, 153.00
716.94, 154.00
717.25, 153.00
717.56, 164.00
717.86, 150.00
718.17, 150.00
718.48, 147.00
718.78, 153.00
719.09, 149.00
719.39, 150.00
719.70, 144.00
720.01, 149.00
720.31, 146.00
720.62, 152.00
720.92, 154.00
721.23, 155.00
721.53, 157.00
721.84, 149.00
722.15, 150.00
722.45, 152.00
722.76, 151.00
723.06, 146.00
723.37, 156.00
723.67, 156.00
723.98, 155.00
724.28, 150.00
724.59, 153.00
724.89, 159.00
725.20, 154.00
725.50, 161.00
725.81, 159.00
726.11, 153.00
726.42, 154.00
726.72, 163.00
727.03, 206.00
727.33, 177.00
727.64, 171.00
727.94, 161.00
728.25, 162.00
728.55, 154.00
728.86, 179.00
729.16, 153.00
729.46, 152.00
729.77, 152.00
730.07, 152.00
730.38, 148.00
730.68, 153.00
730.99, 158.00
731.29, 149.00
731.59, 154.00
731.90, 152.00
732.20, 149.00
732.51, 160.00
732.81, 151.00
733.11, 158.00
733.42, 151.00
733.72, 154.00
734.02, 148.00
734.33, 148.00
734.63, 151.00
734.94, 148.00
735.24, 152.00
735.54, 147.00
735.85, 147.00
736.15, 150.00
736.45, 150.00
736.76, 147.00
737.06, 146.00
737.36, 156.00
737.67, 145.00
737.97, 154.00
738.27, 153.00
738.57, 153.00
738.88, 151.00
739.18, 187.00
739.48, 149.00
739.79, 149.00
740.09, 150.00
740.39, 156.00
740.69, 152.00
741.00, 153.00
741.30, 158.00
741.60, 148.00
741.90, 147.00
742.21, 150.00
742.51, 187.00
742.81, 152.00
743.11, 151.00
743.42, 176.00
743.72, 151.00
744.02, 153.00
744.32, 152.00
744.63, 156.00
744.93, 157.00
745.23, 154.00
745.53, 154.00
745.83, 153.00
746.13, 149.00
746.44, 150.00
746.74, 149.00
747.04, 151.00
747.34, 153.00
747.64, 153.00
747.94, 151.00
748.25, 150.00
748.55, 161.00
748.85, 155.00
749.15, 159.00
749.45, 184.00
749.75, 166.00
750.05, 158.00
750.35, 156.00
750.66, 166.00
750.96, 155.00
751.26, 147.00
751.56, 152.00
751.86, 159.00
752.16, 153.00
752.46, 152.00
752.76, 153.00
753.06, 147.00
753.36, 184.00
753.66, 152.00
753.96, 153.00
754.27, 149.00
754.57, 148.00
754.87, 149.00
755.17, 152.00
755.47, 149.00
755.77, 145.00
756.07, 150.00
756.37, 148.00
756.67, 155.00
756.97, 152.00
757.27, 156.00
757.57, 152.00
757.87, 152.00
758.17, 154.00
758.47, 157.00
758.77, 155.00
759.07, 158.00
759.37, 155.00
759.67, 152.00
759.97, 158.00
760.27, 148.00
760.57, 148.00
760.86, 150.00
761.16, 148.00
761.46, 161.00
761.76, 181.00
762.06, 150.00
762.36, 163.00
762.66, 155.00
762.96, 152.00
763.26, 157.00
763.56, 178.00
763.86, 157.00
764.16, 151.00
764.45, 165.00
764.75, 154.00
765.05, 155.00
765.35, 148.00
765.65, 150.00
765.95, 150.00
766.25, 152.00
766.55, 155.00
766.84, 151.00
767.14, 150.00
767.44, 151.00
767.74, 154.00
768.04, 156.00
768.34, 153.00
768.63, 154.00
768.93, 155.00
769.23, 155.00
769.53, 150.00
769.83, 153.00
770.12, 150.00
770.42, 150.00
770.72, 154.00
771.02, 152.00
771.32, 158.00
771.61, 151.00
771.91, 156.00
772.21, 153.00
772.51, 150.00
772.80, 155.00
773.10, 160.00
773.40, 157.00
773.70, 153.00
773.99, 155.00
774.29, 163.00
774.59, 157.00
774.88, 156.00
775.18, 164.00
775.48, 220.00
775.78, 392.00
776.07, 552.00
776.37, 608.00
776.67, 570.00
776.96, 433.00
777.26, 385.00
777.56, 289.00
777.85, 268.00
778.15, 248.00
778.45, 244.00
778.74, 214.00
779.04, 203.00
779.34, 179.00
779.63, 167.00
779.93, 163.00
780.22, 153.00
780.52, 150.00
780.82, 155.00
781.11, 155.00
781.41, 152.00
781.71, 154.00
782.00, 153.00
782.30, 149.00
782.59, 157.00
782.89, 151.00
783.19, 149.00
783.48, 146.00
783.78, 151.00
784.07, 158.00
784.37, 153.00
784.66, 149.00
784.96, 147.00
785.25, 147.00
785.55, 147.00
785.84, 152.00
786.14, 150.00
786.44, 145.00
786.73, 150.00
787.03, 147.00
787.32, 150.00
787.62, 153.00
787.91, 147.00
788.21, 151.00
788.50, 144.00
788.80, 151.00
789.09, 150.00
789.39, 152.00
789.68, 149.00
789.97, 153.00
790.27, 152.00
790.56, 152.00
790.86, 159.00
791.15, 149.00
791.45, 148.00
791.74, 175.00
792.04, 149.00
792.33, 144.00
792.62, 176.00
792.92, 146.00
793.21, 152.00
793.51, 154.00
793.80, 148.00
794.09, 147.00
794.39, 144.00
794.68, 144.00
794.98, 152.00
795.27, 148.00
795.56, 149.00
795.86, 151.00
796.15, 145.00
796.44, 153.00
796.74, 148.00
797.03, 153.00
797.32, 149.00
797.62, 148.00
797.91, 159.00
798.20, 150.00
798.50, 153.00
798.79, 159.00
799.08, 151.00
799.38, 146.00
799.67, 150.00
799.96, 153.00
800.26, 171.00
800.55, 153.00
800.84, 148.00
801.13, 147.00
801.43, 148.00
801.72, 189.00
802.01, 147.00
802.30, 152.00
802.60, 149.00
802.89, 156.00
803.18, 148.00
803.47, 149.00
803.77, 151.00
804.06, 151.00
804.35, 155.00
804.64, 171.00
804.94, 151.00
805.23, 148.00
805.52, 150.00
805.81, 148.00
806.10, 145.00
806.39, 146.00
806.69, 147.00
806.98, 149.00
807.27, 142.00
807.56, 154.00
807.85, 152.00
808.14, 147.00
808.44, 153.00
808.73, 149.00
809.02, 166.00
809.31, 152.00
809.60, 158.00
809.89, 154.00
810.18, 152.00
810.48, 159.00
810.77, 151.00
811.06, 147.00
811.35, 146.00
811.64, 152.00
811.93, 168.00
812.22, 152.00
812.51, 153.00
812.80, 144.00
813.09, 149.00
813.38, 144.00
813.67, 163.00
813.96, 150.00
814.26, 148.00
814.55, 147.00
814.84, 148.00
815.13, 145.00
815.42, 148.00
815.71, 155.00
816.00, 142.00
816.29, 153.00
816.58, 149.00
816.87, 142.00
817.16, 152.00
817.45, 156.00
817.74, 149.00
818.03, 147.00
818.32, 149.00
818.61, 151.00
818.90, 151.00
819.19, 147.00
819.48, 152.00
819.76, 148.00
820.05, 148.00
820.34, 153.00
820.63, 147.00
820.92, 145.00
821.21, 146.00
821.50, 151.00
821.79, 147.00
822.08, 149.00
822.37, 153.00
822.66, 151.00
822.95, 149.00
823.23, 148.00
823.52, 164.00
823.81, 152.00
824.10, 146.00
824.39, 149.00
824.68, 148.00
824.97, 170.00
825.26, 148.00
825.54, 193.00
825.83, 145.00
826.12, 150.00
826.41, 148.00
826.70, 150.00
826.99, 152.00
827.27, 147.00
827.56, 162.00
827.85, 149.00
828.14, 145.00
828.43, 154.00
828.71, 151.00
829.00, 148.00
829.29, 145.00
829.58, 151.00
829.86, 150.00
830.15, 149.00
830.44, 153.00
830.73, 148.00
831.01, 148.00
831.30, 151.00
831.59, 147.00
831.88, 151.00
832.16, 150.00
832.45, 150.00
832.74, 148.00
833.03, 148.00
833.31, 152.00
833.60, 150.00
833.89, 143.00
834.17, 154.00
834.46, 148.00
834.75, 150.00
835.03, 142.00
835.32, 150.00
835.61, 148.00
835.89, 157.00
836.18, 149.00
836.47, 143.00
836.75, 141.00
837.04, 146.00
837.33, 152.00
837.61, 151.00
837.90, 151.00
838.19, 149.00
838.47, 144.00
838.76, 150.00
839.04, 143.00
839.33, 149.00
839.62, 145.00
839.90, 148.00
840.19, 144.00
840.47, 145.00
840.76, 174.00
841.04, 149.00
841.33, 150.00
841.62, 148.00
841.90, 147.00
842.19, 149.00
842.47, 292.00
842.76, 151.00
843.04, 151.00
843.33, 170.00
843.61, 158.00
843.90, 164.00
844.18, 166.00
844.47, 156.00
844.75, 163.00
845.04, 159.00
845.32, 156.00
845.61, 154.00
845.89, 156.00
846.18, 150.00
846.46, 150.00
846.75, 152.00
847.03, 160.00
847.32, 150.00
847.60, 153.00
847.88, 151.00
848.17, 151.00
848.45, 164.00
848.74, 152.00
849.02, 152.00
849.31, 148.00
849.59, 150.00
849.87, 147.00
850.16, 150.00
850.44, 156.00
850.73, 176.00
851.01, 149.00
851.29, 148.00
851.58, 152.00
851.86, 150.00
852.14, 146.00
852.43, 150.00
852.71, 151.00
853.00, 147.00
853.28, 156.00
853.56, 147.00
853.85, 146.00
854.13, 149.00
854.41, 152.00
854.69, 151.00
854.98, 149.00
855.26, 195.00
855.54, 140.00
855.83, 148.00
856.11, 151.00
856.39, 145.00
856.68, 153.00
856.96, 154.00
857.24, 148.00
857.52, 150.00
857.81, 146.00
858.09, 145.00
858.37, 150.00
858.65, 148.00
858.94, 148.00
859.22, 153.00
