190.05, 0.00
190.41, 141.00
190.77, 138.00
191.14, 146.00
191.50, 146.00
191.86, 161.00
192.22, 149.00
192.58, 149.00
192.94, 154.00
193.31, 147.00
193.67, 150.00
194.03, 156.00
194.39, 143.00
194.75, 148.00
195.11, 158.00
195.47, 163.00
195.84, 144.00
196.20, 145.00
196.56, 160.00
196.92, 145.00
197.28, 152.00
197.64, 151.00
198.00, 144.00
198.37, 148.00
198.73, 147.00
199.09, 147.00
199.45, 146.00
199.81, 147.00
200.17, 157.00
200.53, 150.00
200.89, 164.00
201.25, 181.00
201.62, 149.00
201.98, 149.00
202.34, 147.00
202.70, 151.00
203.06, 147.00
203.42, 150.00
203.78, 148.00
204.14, 147.00
204.50, 174.00
204.86, 153.00
205.22, 152.00
205.58, 157.00
205.95, 147.00
206.31, 148.00
206.67, 152.00
207.03, 150.00
207.39, 154.00
207.75, 147.00
208.11, 145.00
208.47, 151.00
208.83, 151.00
209.19, 151.00
209.55, 149.00
209.91, 150.00
210.27, 155.00
210.63, 146.00
210.99, 154.00
211.35, 152.00
211.71, 156.00
212.07, 153.00
212.43, 155.00
212.79, 147.00
213.15, 149.00
213.51, 155.00
213.87, 153.00
214.23, 148.00
214.59, 150.00
214.95, 146.00
215.31, 145.00
215.67, 150.00
216.03, 177.00
216.39, 153.00
216.75, 152.00
217.11, 151.00
217.47, 149.00
217.83, 152.00
218.19, 147.00
218.55, 152.00
218.91, 153.00
219.27, 143.00
219.63, 151.00
219.99, 146.00
220.35, 147.00
220.71, 149.00
221.07, 148.00
221.43, 152.00
221.79, 143.00
222.15, 155.00
222.51, 148.00
222.87, 149.00
223.23, 147.00
223.59, 148.00
223.95, 148.00
224.31, 151.00
224.67, 149.00
225.03, 157.00
225.39, 152.00
225.74, 152.00
226.10, 148.00
226.46, 148.00
226.82, 149.00
227.18, 152.00
227.54, 150.00
227.90, 153.00
228.26, 153.00
228.62, 158.00
228.98, 150.00
229.34, 146.00
229.69, 145.00
230.05, 154.00
230.41, 146.00
230.77, 148.00
231.13, 150.00
231.49, 147.00
231.85, 147.00
232.21, 153.00
232.57, 153.00
232.92, 148.00
233.28, 150.00
233.64, 149.00
234.00, 152.00
234.36, 148.00
234.72, 152.00
235.08, 149.00
235.44, 154.00
235.79, 148.00
236.15, 155.00
236.51, 154.00
236.87, 152.00
237.23, 158.00
237.59, 150.00
237.94, 155.00
238.30, 151.00
238.66, 150.00
239.02, 149.00
239.38, 147.00
239.74, 144.00
240.09, 155.00
240.45, 146.00
240.81, 145.00
241.17, 149.00
241.53, 150.00
241.89, 146.00
242.24, 147.00
242.60, 142.00
242.96, 151.00
243.32, 149.00
243.68, 146.00
244.03, 152.00
244.39, 148.00
244.75, 169.00
245.11, 153.00
245.46, 152.00
245.82, 172.00
246.18, 150.00
246.54, 157.00
246.90, 143.00
247.25, 146.00
247.61, 146.00
247.97, 187.00
248.33, 152.00
248.68, 147.00
249.04, 150.00
249.40, 145.00
249.76, 153.00
250.11, 144.00
250.47, 152.00
250.83, 153.00
251.19, 147.00
251.54, 157.00
251.90, 153.00
252.26, 151.00
252.62, 140.00
252.97, 155.00
253.33, 152.00
253.69, 143.00
254.05, 148.00
254.40, 143.00
254.76, 145.00
255.12, 177.00
255.47, 150.00
255.83, 151.00
256.19, 149.00
256.54, 149.00
256.90, 148.00
257.26, 144.00
257.62, 146.00
257.97, 148.00
258.33, 148.00
258.69, 144.00
259.04, 151.00
259.40, 145.00
259.76, 147.00
260.11, 148.00
260.47, 146.00
260.83, 150.00
261.18, 146.00
261.54, 157.00
261.90, 151.00
262.25, 146.00
262.61, 148.00
262.97, 145.00
263.32, 151.00
263.68, 148.00
264.04, 150.00
264.39, 142.00
264.75, 150.00
265.10, 153.00
265.46, 190.00
265.82, 158.00
266.17, 148.00
266.53, 145.00
266.89, 145.00
267.24, 151.00
267.60, 154.00
267.95, 147.00
268.31, 145.00
268.67, 145.00
269.02, 145.00
269.38, 145.00
269.74, 157.00
270.09, 147.00
270.45, 146.00
270.80, 168.00
271.16, 150.00
271.51, 148.00
271.87, 150.00
272.23, 153.00
272.58, 155.00
272.94, 148.00
273.29, 144.00
273.65, 196.00
274.00, 148.00
274.36, 146.00
274.72, 146.00
275.07, 145.00
275.43, 148.00
275.78, 152.00
276.14, 153.00
276.49, 152.00
276.85, 157.00
277.20, 169.00
277.56, 151.00
277.92, 145.00
278.27, 150.00
278.63, 155.00
278.98, 147.00
279.34, 147.00
279.69, 144.00
280.05, 164.00
280.40, 147.00
280.76, 159.00
281.11, 155.00
281.47, 148.00
281.82, 148.00
282.18, 156.00
282.53, 155.00
282.89, 159.00
283.24, 161.00
283.60, 152.00
283.95, 160.00
284.31, 153.00
284.66, 155.00
285.02, 156.00
285.37, 158.00
285.73, 151.00
286.08, 159.00
286.44, 147.00
286.79, 155.00
287.14, 161.00
287.50, 158.00
287.85, 152.00
288.21, 153.00
288.56, 148.00
288.92, 150.00
289.27, 152.00
289.63, 150.00
289.98, 160.00
290.34, 149.00
290.69, 161.00
291.04, 146.00
291.40, 149.00
291.75, 154.00
292.11, 155.00
292.46, 151.00
292.81, 152.00
293.17, 157.00
293.52, 152.00
293.88, 150.00
294.23, 155.00
294.59, 154.00
294.94, 156.00
295.29, 155.00
295.65, 162.00
296.00, 179.00
296.36, 156.00
296.71, 159.00
297.06, 161.00
297.42, 162.00
297.77, 163.00
298.12, 165.00
298.48, 156.00
298.83, 160.00
299.19, 158.00
299.54, 156.00
299.89, 164.00
300.25, 152.00
300.60, 157.00
300.95, 159.00
301.31, 150.00
301.66, 152.00
302.01, 159.00
302.37, 151.00
302.72, 152.00
303.07, 151.00
303.43, 159.00
303.78, 153.00
304.13, 161.00
304.49, 163.00
304.84, 161.00
305.19, 191.00
305.55, 159.00
305.90, 163.00
306.25, 187.00
306.61, 223.00
306.96, 240.00
307.31, 302.00
307.66, 397.00
308.02, 481.00
308.37, 546.00
308.72, 585.00
309.08, 589.00
309.43, 564.00
309.78, 480.00
310.13, 423.00
310.49, 374.00
310.84, 304.00
311.19, 270.00
311.54, 247.00
311.90, 223.00
312.25, 215.00
312.60, 214.00
312.95, 231.00
313.31, 243.00
313.66, 252.00
314.01, 262.00
314.36, 278.00
314.72, 266.00
315.07, 306.00
315.42, 332.00
315.77, 368.00
316.13, 300.00
316.48, 249.00
316.83, 207.00
317.18, 182.00
317.54, 164.00
317.89, 162.00
318.24, 167.00
318.59, 160.00
318.94, 159.00
319.30, 156.00
319.65, 162.00
320.00, 156.00
320.35, 157.00
320.70, 158.00
321.05, 157.00
321.41, 164.00
321.76, 165.00
322.11, 161.00
322.46, 152.00
322.81, 196.00
323.17, 162.00
323.52, 156.00
323.87, 156.00
324.22, 157.00
324.57, 158.00
324.92, 157.00
325.27, 158.00
325.63, 163.00
325.98, 157.00
326.33, 158.00
326.68, 156.00
327.03, 157.00
327.38, 164.00
327.73, 165.00
328.09, 173.00
328.44, 199.00
328.79, 174.00
329.14, 207.00
329.49, 184.00
329.84, 178.00
330.19, 187.00
330.54, 178.00
330.89, 176.00
331.25, 165.00
331.60, 163.00
331.95, 170.00
332.30, 155.00
332.65, 168.00
333.00, 171.00
333.35, 218.00
333.70, 211.00
334.05, 177.00
334.40, 184.00
334.75, 177.00
335.10, 212.00
335.45, 251.00
335.81, 324.00
336.16, 439.00
336.51, 599.00
336.86, 600.00
337.21, 538.00
337.56, 391.00
337.91, 291.00
338.26, 210.00
338.61, 181.00
338.96, 169.00
339.31, 161.00
339.66, 160.00
340.01, 165.00
340.36, 147.00
340.71, 159.00
341.06, 153.00
341.41, 161.00
341.76, 160.00
342.11, 162.00
342.46, 166.00
342.81, 164.00
343.16, 159.00
343.51, 155.00
343.86, 166.00
344.21, 152.00
344.56, 154.00
344.91, 157.00
345.26, 161.00
345.61, 151.00
345.96, 157.00
346.31, 160.00
346.66, 184.00
347.01, 159.00
347.36, 174.00
347.71, 156.00
348.06, 152.00
348.41, 170.00
348.76, 169.00
349.10, 165.00
349.45, 178.00
349.80, 169.00
350.15, 172.00
350.50, 168.00
350.85, 183.00
351.20, 170.00
351.55, 192.00
351.90, 195.00
352.25, 219.00
352.60, 247.00
352.95, 285.00
353.30, 324.00
353.64, 294.00
353.99, 257.00
354.34, 247.00
354.69, 245.00
355.04, 259.00
355.39, 288.00
355.74, 341.00
356.09, 392.00
356.44, 431.00
356.78, 507.00
357.13, 543.00
357.48, 534.00
357.83, 437.00
358.18, 337.00
358.53, 253.00
358.88, 209.00
359.22, 189.00
359.57, 165.00
359.92, 157.00
360.27, 159.00
360.62, 165.00
360.97, 167.00
361.32, 163.00
361.66, 161.00
362.01, 157.00
362.36, 162.00
362.71, 163.00
363.06, 164.00
363.40, 165.00
363.75, 164.00
364.10, 176.00
364.45, 162.00
364.80, 160.00
365.14, 164.00
365.49, 167.00
365.84, 158.00
366.19, 161.00
366.54, 165.00
366.88, 178.00
367.23, 162.00
367.58, 211.00
367.93, 155.00
368.28, 161.00
368.62, 159.00
368.97, 167.00
369.32, 168.00
369.67, 168.00
370.01, 186.00
370.36, 182.00
370.71, 209.00
371.06, 182.00
371.40, 182.00
371.75, 170.00
372.10, 162.00
372.45, 159.00
372.79, 168.00
373.14, 172.00
373.49, 175.00
373.83, 192.00
374.18, 213.00
374.53, 237.00
374.88, 265.00
375.22, 250.00
375.57, 229.00
375.92, 213.00
376.26, 178.00
376.61, 170.00
376.96, 157.00
377.30, 169.00
377.65, 170.00
378.00, 173.00
378.35, 190.00
378.69, 215.00
379.04, 226.00
379.39, 287.00
379.73, 314.00
380.08, 328.00
380.43, 281.00
380.77, 233.00
381.12, 213.00
381.47, 184.00
381.81, 172.00
382.16, 165.00
382.50, 171.00
382.85, 241.00
383.20, 171.00
383.54, 172.00
383.89, 180.00
384.24, 183.00
384.58, 188.00
384.93, 215.00
385.27, 199.00
385.62, 198.00
385.97, 197.00
386.31, 199.00
386.66, 228.00
387.00, 203.00
387.35, 212.00
387.70, 230.00
388.04, 322.00
388.39, 327.00
388.73, 438.00
389.08, 615.00
389.43, 867.00
389.77, 1140.00
390.12, 1494.00
390.46, 2126.00
390.81, 2332.00
391.15, 2255.00
391.50, 1701.00
391.85, 1053.00
392.19, 706.00
392.54, 409.00
392.88, 253.00
393.23, 208.00
393.57, 202.00
393.92, 191.00
394.26, 180.00
394.61, 175.00
394.95, 167.00
395.30, 159.00
395.64, 158.00
395.99, 192.00
396.33, 162.00
396.68, 159.00
397.02, 161.00
397.37, 164.00
397.71, 176.00
398.06, 183.00
398.40, 179.00
398.75, 197.00
399.09, 206.00
399.44, 198.00
399.78, 191.00
400.13, 178.00
400.47, 166.00
400.82, 160.00
401.16, 158.00
401.51, 160.00
401.85, 161.00
402.20, 160.00
402.54, 160.00
402.88, 163.00
403.23, 158.00
403.57, 175.00
403.92, 193.00
404.26, 257.00
404.61, 214.00
404.95, 247.00
405.30, 208.00
405.64, 208.00
405.98, 218.00
406.33, 184.00
406.67, 167.00
407.02, 162.00
407.36, 166.00
407.70, 168.00
408.05, 170.00
408.39, 169.00
408.74, 185.00
409.08, 176.00
409.42, 179.00
409.77, 174.00
410.11, 170.00
410.46, 166.00
410.80, 173.00
411.14, 182.00
411.49, 181.00
411.83, 186.00
412.17, 185.00
412.52, 175.00
412.86, 186.00
413.20, 182.00
413.55, 180.00
413.89, 176.00
414.23, 173.00
414.58, 212.00
414.92, 166.00
415.26, 169.00
415.61, 166.00
415.95, 167.00
416.29, 164.00
416.64, 168.00
416.98, 172.00
417.32, 173.00
417.67, 197.00
418.01, 202.00
418.35, 201.00
418.70, 225.00
419.04, 251.00
419.38, 234.00
419.72, 233.00
420.07, 214.00
420.41, 184.00
420.75, 175.00
421.10, 167.00
421.44, 173.00
421.78, 168.00
422.12, 174.00
422.47, 181.00
422.81, 193.00
423.15, 202.00
423.49, 193.00
423.84, 187.00
424.18, 202.00
424.52, 225.00
424.86, 266.00
425.21, 340.00
425.55, 398.00
425.89, 501.00
426.23, 589.00
426.57, 801.00
426.92, 913.00
427.26, 974.00
427.60, 835.00
427.94, 574.00
428.28, 418.00
428.63, 317.00
428.97, 243.00
429.31, 197.00
429.65, 177.00
429.99, 168.00
430.34, 158.00
430.68, 164.00
431.02, 166.00
431.36, 161.00
431.70, 169.00
432.04, 163.00
432.39, 163.00
432.73, 169.00
433.07, 172.00
433.41, 173.00
433.75, 180.00
434.09, 174.00
434.43, 181.00
434.78, 252.00
435.12, 288.00
435.46, 328.00
435.80, 300.00
436.14, 274.00
436.48, 236.00
436.82, 224.00
437.16, 200.00
437.51, 187.00
437.85, 178.00
438.19, 213.00
438.53, 172.00
438.87, 193.00
439.21, 178.00
439.55, 187.00
439.89, 191.00
440.23, 189.00
440.57, 191.00
440.91, 187.00
441.26, 188.00
441.60, 184.00
441.94, 180.00
442.28, 180.00
442.62, 176.00
442.96, 173.00
443.30, 176.00
443.64, 174.00
443.98, 173.00
444.32, 178.00
444.66, 163.00
445.00, 162.00
445.34, 175.00
445.68, 164.00
446.02, 172.00
446.36, 164.00
446.70, 171.00
447.04, 169.00
447.38, 191.00
447.72, 169.00
448.06, 169.00
448.40, 172.00
448.74, 166.00
449.08, 162.00
449.42, 165.00
449.76, 171.00
450.10, 169.00
450.44, 166.00
450.78, 171.00
451.12, 169.00
451.46, 173.00
451.80, 178.00
452.14, 165.00
452.48, 168.00
452.82, 172.00
453.16, 163.00
453.50, 168.00
453.84, 167.00
454.18, 202.00
454.52, 172.00
454.86, 176.00
455.19, 183.00
455.53, 167.00
455.87, 167.00
456.21, 181.00
456.55, 176.00
456.89, 174.00
457.23, 178.00
457.57, 174.00
457.91, 186.00
458.25, 186.00
458.59, 193.00
458.92, 208.00
459.26, 200.00
459.60, 199.00
459.94, 193.00
460.28, 184.00
460.62, 175.00
460.96, 169.00
461.30, 165.00
461.63, 163.00
461.97, 163.00
462.31, 166.00
462.65, 165.00
462.99, 173.00
463.33, 174.00
463.67, 171.00
464.00, 177.00
464.34, 179.00
464.68, 179.00
465.02, 190.00
465.36, 177.00
465.70, 174.00
466.03, 185.00
466.37, 176.00
466.71, 179.00
467.05, 190.00
467.39, 197.00
467.72, 213.00
468.06, 228.00
468.40, 252.00
468.74, 253.00
469.08, 275.00
469.41, 303.00
469.75, 341.00
470.09, 377.00
470.43, 365.00
470.76, 308.00
471.10, 277.00
471.44, 259.00
471.78, 229.00
472.11, 215.00
472.45, 204.00
472.79, 192.00
473.13, 189.00
473.46, 191.00
473.80, 181.00
474.14, 173.00
474.48, 176.00
474.81, 177.00
475.15, 170.00
475.49, 175.00
475.82, 174.00
476.16, 173.00
476.50, 172.00
476.84, 172.00
477.17, 169.00
477.51, 165.00
477.85, 168.00
478.18, 181.00
478.52, 171.00
478.86, 212.00
479.19, 172.00
479.53, 168.00
479.87, 207.00
480.20, 169.00
480.54, 176.00
480.88, 172.00
481.21, 170.00
481.55, 169.00
481.89, 169.00
482.22, 182.00
482.56, 183.00
482.90, 184.00
483.23, 188.00
483.57, 194.00
483.90, 193.00
484.24, 195.00
484.58, 203.00
484.91, 214.00
485.25, 209.00
485.58, 229.00
485.92, 232.00
486.26, 224.00
486.59, 235.00
486.93, 231.00
487.26, 230.00
487.60, 237.00
487.94, 228.00
488.27, 238.00
488.61, 223.00
488.94, 225.00
489.28, 225.00
489.61, 221.00
489.95, 224.00
490.29, 219.00
490.62, 224.00
490.96, 217.00
491.29, 223.00
491.63, 222.00
491.96, 208.00
492.30, 208.00
492.63, 210.00
492.97, 205.00
493.30, 200.00
493.64, 198.00
493.97, 200.00
494.31, 200.00
494.64, 208.00
494.98, 198.00
495.31, 198.00
495.65, 196.00
495.98, 198.00
496.32, 195.00
496.65, 224.00
496.99, 199.00
497.32, 186.00
497.66, 183.00
497.99, 185.00
498.33, 183.00
498.66, 185.00
499.00, 180.00
499.33, 179.00
499.67, 173.00
500.00, 177.00
500.34, 192.00
500.67, 191.00
501.00, 193.00
501.34, 188.00
501.67, 172.00
502.01, 175.00
502.34, 172.00
502.68, 181.00
503.01, 182.00
503.34, 175.00
503.68, 175.00
504.01, 178.00
504.35, 181.00
504.68, 184.00
505.01, 173.00
505.35, 185.00
505.68, 177.00
506.02, 187.00
506.35, 185.00
506.68, 190.00
507.02, 183.00
507.35, 183.00
507.68, 181.00
508.02, 185.00
508.35, 191.00
508.69, 176.00
509.02, 177.00
509.35, 181.00
509.69, 180.00
510.02, 180.00
510.35, 170.00
510.69, 172.00
511.02, 173.00
511.35, 171.00
511.69, 175.00
512.02, 165.00
512.35, 176.00
512.68, 171.00
513.02, 175.00
513.35, 172.00
513.68, 162.00
514.02, 169.00
514.35, 170.00
514.68, 170.00
515.01, 164.00
515.35, 168.00
515.68, 162.00
516.01, 160.00
516.35, 164.00
516.68, 162.00
517.01, 168.00
517.34, 171.00
517.68, 162.00
518.01, 170.00
518.34, 164.00
518.67, 168.00
519.01, 169.00
519.34, 175.00
519.67, 188.00
520.00, 183.00
520.33, 181.00
520.67, 184.00
521.00, 182.00
521.33, 192.00
521.66, 207.00
522.00, 198.00
522.33, 205.00
522.66, 188.00
522.99, 178.00
523.32, 181.00
523.65, 174.00
523.99, 181.00
524.32, 176.00
524.65, 174.00
524.98, 179.00
525.31, 168.00
525.65, 205.00
525.98, 171.00
526.31, 171.00
526.64, 185.00
526.97, 169.00
527.30, 167.00
527.63, 164.00
527.97, 171.00
528.30, 164.00
528.63, 173.00
528.96, 191.00
529.29, 165.00
529.62, 169.00
529.95, 162.00
530.28, 161.00
530.61, 157.00
530.95, 164.00
531.28, 163.00
531.61, 174.00
531.94, 185.00
532.27, 188.00
532.60, 189.00
532.93, 185.00
533.26, 179.00
533.59, 175.00
533.92, 174.00
534.25, 165.00
534.58, 206.00
534.91, 174.00
535.25, 163.00
535.58, 161.00
535.91, 163.00
536.24, 174.00
536.57, 180.00
536.90, 178.00
537.23, 182.00
537.56, 216.00
537.89, 188.00
538.22, 189.00
538.55, 189.00
538.88, 210.00
539.21, 314.00
539.54, 231.00
539.87, 234.00
540.20, 259.00
540.53, 288.00
540.86, 356.00
541.19, 368.00
541.52, 390.00
541.85, 415.00
542.18, 443.00
542.51, 447.00
542.84, 465.00
543.17, 461.00
543.50, 445.00
543.82, 438.00
544.15, 434.00
544.48, 425.00
544.81, 447.00
545.14, 493.00
545.47, 453.00
545.80, 436.00
546.13, 362.00
546.46, 368.00
546.79, 333.00
547.12, 284.00
547.45, 265.00
547.78, 263.00
548.10, 253.00
548.43, 251.00
548.76, 247.00
549.09, 236.00
549.42, 230.00
549.75, 229.00
550.08, 220.00
550.41, 222.00
550.74, 221.00
551.06, 223.00
551.39, 227.00
551.72, 208.00
552.05, 208.00
552.38, 201.00
552.71, 201.00
553.03, 205.00
553.36, 203.00
553.69, 199.00
554.02, 186.00
554.35, 191.00
554.68, 181.00
555.00, 182.00
555.33, 176.00
555.66, 182.00
555.99, 194.00
556.32, 182.00
556.64, 182.00
556.97, 197.00
557.30, 190.00
557.63, 201.00
557.96, 198.00
558.28, 196.00
558.61, 200.00
558.94, 193.00
559.27, 197.00
559.59, 192.00
559.92, 190.00
560.25, 184.00
560.58, 190.00
560.90, 195.00
561.23, 199.00
561.56, 185.00
561.89, 183.00
562.21, 182.00
562.54, 180.00
562.87, 174.00
563.20, 173.00
563.52, 173.00
563.85, 165.00
564.18, 186.00
564.50, 167.00
564.83, 194.00
565.16, 214.00
565.48, 159.00
565.81, 169.00
566.14, 164.00
566.47, 159.00
566.79, 161.00
567.12, 158.00
567.45, 198.00
567.77, 161.00
568.10, 163.00
568.43, 166.00
568.75, 162.00
569.08, 164.00
569.40, 194.00
569.73, 165.00
570.06, 159.00
570.38, 154.00
570.71, 159.00
571.04, 161.00
571.36, 168.00
571.69, 161.00
572.01, 159.00
572.34, 162.00
572.67, 164.00
572.99, 161.00
573.32, 174.00
573.64, 160.00
573.97, 158.00
574.30, 156.00
574.62, 160.00
574.95, 163.00
575.27, 166.00
575.60, 168.00
575.92, 181.00
576.25, 182.00
576.58, 183.00
576.90, 178.00
577.23, 210.00
577.55, 173.00
577.88, 184.00
578.20, 177.00
578.53, 181.00
578.85, 197.00
579.18, 198.00
579.50, 184.00
579.83, 186.00
580.15, 195.00
580.48, 193.00
580.80, 192.00
581.13, 189.00
581.45, 192.00
581.78, 196.00
582.10, 198.00
582.43, 203.00
582.75, 210.00
583.08, 210.00
583.40, 205.00
583.73, 269.00
584.05, 208.00
584.38, 197.00
584.70, 240.00
585.03, 207.00
585.35, 202.00
585.67, 207.00
586.00, 228.00
586.32, 247.00
586.65, 257.00
586.97, 262.00
587.30, 252.00
587.62, 234.00
587.94, 241.00
588.27, 216.00
588.59, 211.00
588.92, 205.00
589.24, 189.00
589.56, 199.00
589.89, 201.00
590.21, 189.00
590.54, 188.00
590.86, 194.00
591.18, 190.00
591.51, 194.00
591.83, 209.00
592.15, 205.00
592.48, 200.00
592.80, 207.00
593.13, 196.00
593.45, 196.00
593.77, 194.00
594.10, 201.00
594.42, 189.00
594.74, 191.00
595.07, 196.00
595.39, 191.00
595.71, 206.00
596.03, 198.00
596.36, 200.00
596.68, 203.00
597.00, 205.00
597.33, 208.00
597.65, 213.00
597.97, 205.00
598.30, 214.00
598.62, 211.00
598.94, 214.00
599.26, 217.00
599.59, 217.00
599.91, 214.00
600.23, 199.00
600.55, 204.00
600.88, 193.00
601.20, 192.00
601.52, 186.00
601.84, 184.00
602.17, 180.00
602.49, 181.00
602.81, 170.00
603.13, 171.00
603.45, 178.00
603.78, 168.00
604.10, 171.00
604.42, 164.00
604.74, 164.00
605.07, 161.00
605.39, 170.00
605.71, 165.00
606.03, 170.00
606.35, 171.00
606.67, 174.00
607.00, 179.00
607.32, 180.00
607.64, 180.00
607.96, 178.00
608.28, 186.00
608.60, 199.00
608.93, 211.00
609.25, 239.00
609.57, 285.00
609.89, 366.00
610.21, 444.00
610.53, 490.00
610.85, 493.00
611.17, 449.00
611.50, 425.00
611.82, 384.00
612.14, 358.00
612.46, 336.00
612.78, 307.00
613.10, 303.00
613.42, 287.00
613.74, 277.00
614.06, 301.00
614.38, 267.00
614.70, 269.00
615.03, 270.00
615.35, 260.00
615.67, 338.00
615.99, 223.00
616.31, 206.00
616.63, 196.00
616.95, 199.00
617.27, 193.00
617.59, 185.00
617.91, 189.00
618.23, 185.00
618.55, 183.00
618.87, 185.00
619.19, 183.00
619.51, 193.00
619.83, 186.00
620.15, 183.00
620.47, 184.00
620.79, 186.00
621.11, 194.00
621.43, 182.00
621.75, 194.00
622.07, 185.00
622.39, 190.00
622.71, 178.00
623.03, 184.00
623.35, 229.00
623.67, 180.00
623.99, 179.00
624.31, 175.00
624.63, 184.00
624.95, 181.00
625.26, 178.00
625.58, 178.00
625.90, 200.00
626.22, 175.00
626.54, 176.00
626.86, 183.00
627.18, 173.00
627.50, 181.00
627.82, 178.00
628.14, 177.00
628.46, 184.00
628.77, 179.00
629.09, 187.00
629.41, 189.00
629.73, 195.00
630.05, 206.00
630.37, 199.00
630.69, 207.00
631.00, 210.00
631.32, 203.00
631.64, 190.00
631.96, 186.00
632.28, 189.00
632.60, 185.00
632.92, 174.00
633.23, 179.00
633.55, 180.00
633.87, 183.00
634.19, 183.00
634.51, 183.00
634.82, 193.00
635.14, 197.00
635.46, 192.00
635.78, 187.00
636.10, 187.00
636.41, 187.00
636.73, 189.00
637.05, 184.00
637.37, 188.00
637.68, 186.00
638.00, 186.00
638.32, 182.00
638.64, 191.00
638.95, 211.00
639.27, 200.00
639.59, 200.00
639.91, 192.00
640.22, 196.00
640.54, 188.00
640.86, 182.00
641.18, 188.00
641.49, 200.00
641.81, 185.00
642.13, 181.00
642.44, 175.00
642.76, 171.00
643.08, 169.00
643.40, 169.00
643.71, 174.00
644.03, 177.00
644.35, 185.00
644.66, 181.00
644.98, 181.00
645.30, 176.00
645.61, 192.00
645.93, 169.00
646.25, 166.00
646.56, 170.00
646.88, 198.00
647.19, 159.00
647.51, 163.00
647.83, 158.00
648.14, 157.00
648.46, 159.00
648.78, 158.00
649.09, 167.00
649.41, 206.00
649.72, 169.00
650.04, 175.00
650.36, 166.00
650.67, 164.00
650.99, 166.00
651.30, 164.00
651.62, 165.00
651.93, 164.00
652.25, 181.00
652.57, 201.00
652.88, 162.00
653.20, 169.00
653.51, 175.00
653.83, 167.00
654.14, 167.00
654.46, 167.00
654.77, 164.00
655.09, 169.00
655.40, 177.00
655.72, 169.00
656.04, 160.00
656.35, 164.00
656.67, 160.00
656.98, 162.00
657.30, 162.00
657.61, 159.00
657.93, 166.00
658.24, 165.00
658.55, 198.00
658.87, 162.00
659.18, 165.00
659.50, 167.00
659.81, 169.00
660.13, 160.00
660.44, 173.00
660.76, 164.00
661.07, 179.00
661.39, 167.00
661.70, 166.00
662.01, 163.00
662.33, 160.00
662.64, 163.00
662.96, 163.00
663.27, 156.00
663.59, 156.00
663.90, 157.00
664.21, 158.00
664.53, 183.00
664.84, 162.00
665.16, 179.00
665.47, 163.00
665.78, 157.00
666.10, 167.00
666.41, 176.00
666.72, 185.00
667.04, 199.00
667.35, 190.00
667.67, 179.00
667.98, 177.00
668.29, 179.00
668.61, 168.00
668.92, 166.00
669.23, 168.00
669.55, 164.00
669.86, 188.00
670.17, 161.00
670.48, 158.00
670.80, 153.00
671.11, 157.00
671.42, 156.00
671.74, 162.00
672.05, 155.00
672.36, 154.00
672.68, 159.00
672.99, 157.00
673.30, 156.00
673.61, 153.00
673.93, 159.00
674.24, 157.00
674.55, 161.00
674.86, 159.00
675.18, 166.00
675.49, 171.00
675.80, 161.00
676.11, 163.00
676.43, 166.00
676.74, 160.00
677.05, 163.00
677.36, 165.00
677.67, 169.00
677.99, 168.00
678.30, 160.00
678.61, 168.00
678.92, 163.00
679.23, 168.00
679.55, 162.00
679.86, 162.00
680.17, 169.00
680.48, 167.00
680.79, 169.00
681.10, 161.00
681.42, 164.00
681.73, 161.00
682.04, 154.00
682.35, 160.00
682.66, 161.00
682.97, 155.00
683.28, 158.00
683.60, 156.00
683.91, 157.00
684.22, 173.00
684.53, 158.00
684.84, 157.00
685.15, 163.00
685.46, 188.00
685.77, 162.00
686.08, 156.00
686.40, 196.00
686.71, 155.00
687.02, 157.00
687.33, 157.00
687.64, 155.00
687.95, 155.00
688.26, 154.00
688.57, 153.00
688.88, 154.00
689.19, 151.00
689.50, 149.00
689.81, 155.00
690.12, 151.00
690.43, 170.00
690.74, 155.00
691.05, 147.00
691.36, 161.00
691.67, 146.00
691.98, 150.00
692.29, 148.00
692.60, 156.00
692.91, 152.00
693.22, 162.00
693.53, 150.00
693.84, 154.00
694.15, 153.00
694.46, 146.00
694.77, 154.00
695.08, 152.00
695.39, 152.00
695.70, 150.00
696.01, 155.00
696.32, 150.00
696.63, 150.00
696.94, 151.00
697.25, 148.00
697.56, 163.00
697.87, 153.00
698.17, 190.00
698.48, 156.00
698.79, 152.00
699.10, 150.00
699.41, 155.00
699.72, 151.00
700.03, 154.00
700.34, 153.00
700.65, 153.00
700.95, 154.00
701.26, 154.00
701.57, 157.00
701.88, 154.00
702.19, 165.00
702.50, 160.00
702.81, 154.00
703.11, 173.00
703.42, 153.00
703.73, 161.00
704.04, 159.00
704.35, 166.00
704.66, 182.00
704.96, 267.00
705.27, 375.00
705.58, 428.00
705.89, 436.00
706.20, 362.00
706.50, 321.00
706.81, 287.00
707.12, 259.00
707.43, 230.00
707.73, 209.00
708.04, 180.00
708.35, 176.00
708.66, 167.00
708.97, 166.00
709.27, 165.00
709.58, 157.00
709.89, 159.00
710.19, 155.00
710.50, 161.00
710.81, 159.00
711.12, 160.00
711.42, 160.00
711.73, 159.00
712.04, 162.00
712.35, 163.00
712.65, 160.00
712.96, 157.00
713.27, 157.00
713.57, 179.00
713.88, 169.00
714.19, 150.00
714.49, 152.00
714.80, 157.00
715.11, 150.00
715.41, 152.00
715.72, 149.00
716.03, 152.00
716.33, 154.00
716.64, 150.00
716.94, 154.00
717.25, 152.00
717.56, 164.00
717.86, 154.00
718.17, 154.00
718.48, 148.00
718.78, 152.00
719.09, 150.00
719.39, 148.00
719.70, 148.00
720.01, 152.00
720.31, 149.00
720.62, 150.00
720.92, 149.00
721.23, 158.00
721.53, 157.00
721.84, 152.00
722.15, 153.00
722.45, 150.00
722.76, 152.00
723.06, 148.00
723.37, 151.00
723.67, 153.00
723.98, 151.00
724.28, 148.00
724.59, 156.00
724.89, 157.00
725.20, 151.00
725.50, 161.00
725.81, 153.00
726.11, 153.00
726.42, 164.00
726.72, 161.00
727.03, 200.00
727.33, 170.00
727.64, 169.00
727.94, 170.00
728.25, 159.00
728.55, 152.00
728.86, 174.00
729.16, 150.00
729.46, 148.00
729.77, 154.00
730.07, 150.00
730.38, 152.00
730.68, 150.00
730.99, 160.00
731.29, 150.00
731.59, 150.00
731.90, 148.00
732.20, 151.00
732.51, 149.00
732.81, 155.00
733.11, 150.00
733.42, 147.00
733.72, 154.00
734.02, 154.00
734.33, 151.00
734.63, 148.00
734.94, 138.00
735.24, 151.00
735.54, 147.00
735.85, 152.00
736.15, 151.00
736.45, 148.00
736.76, 150.00
737.06, 151.00
737.36, 149.00
737.67, 153.00
737.97, 153.00
738.27, 155.00
738.57, 149.00
738.88, 147.00
739.18, 189.00
739.48, 153.00
739.79, 152.00
740.09, 154.00
740.39, 153.00
740.69, 156.00
741.00, 148.00
741.30, 153.00
741.60, 150.00
741.90, 148.00
742.21, 146.00
742.51, 189.00
742.81, 152.00
743.11, 150.00
743.42, 173.00
743.72, 154.00
744.02, 153.00
744.32, 150.00
744.63, 147.00
744.93, 158.00
745.23, 153.00
745.53, 157.00
745.83, 156.00
746.13, 156.00
746.44, 153.00
746.74, 154.00
747.04, 151.00
747.34, 156.00
747.64, 152.00
747.94, 148.00
748.25, 150.00
748.55, 156.00
748.85, 149.00
749.15, 153.00
749.45, 180.00
749.75, 169.00
750.05, 160.00
750.35, 152.00
750.66, 168.00
750.96, 153.00
751.26, 151.00
751.56, 151.00
751.86, 160.00
752.16, 150.00
752.46, 148.00
752.76, 148.00
753.06, 151.00
753.36, 188.00
753.66, 149.00
753.96, 155.00
754.27, 148.00
754.57, 150.00
754.87, 145.00
755.17, 149.00
755.47, 146.00
755.77, 150.00
756.07, 152.00
756.37, 151.00
756.67, 153.00
756.97, 148.00
757.27, 151.00
757.57, 150.00
757.87, 152.00
758.17, 149.00
758.47, 156.00
758.77, 152.00
759.07, 148.00
759.37, 151.00
759.67, 152.00
759.97, 152.00
760.27, 155.00
760.57, 154.00
760.86, 149.00
761.16, 149.00
761.46, 151.00
761.76, 179.00
762.06, 151.00
762.36, 157.00
762.66, 154.00
762.96, 147.00
763.26, 149.00
763.56, 181.00
763.86, 158.00
764.16, 149.00
764.45, 158.00
764.75, 157.00
765.05, 152.00
765.35, 152.00
765.65, 149.00
765.95, 155.00
766.25, 152.00
766.55, 152.00
766.84, 152.00
767.14, 158.00
767.44, 149.00
767.74, 155.00
768.04, 153.00
768.34, 149.00
768.63, 153.00
768.93, 148.00
769.23, 161.00
769.53, 152.00
769.83, 150.00
770.12, 151.00
770.42, 152.00
770.72, 153.00
771.02, 152.00
771.32, 154.00
771.61, 150.00
771.91, 156.00
772.21, 152.00
772.51, 150.00
772.80, 154.00
773.10, 157.00
773.40, 162.00
773.70, 154.00
773.99, 151.00
774.29, 159.00
774.59, 163.00
774.88, 150.00
775.18, 166.00
775.48, 229.00
775.78, 382.00
776.07, 548.00
776.37, 622.00
776.67, 572.00
776.96, 432.00
777.26, 400.00
777.56, 283.00
777.85, 266.00
778.15, 246.00
778.45, 232.00
778.74, 220.00
779.04, 194.00
779.34, 176.00
779.63, 170.00
779.93, 162.00
780.22, 158.00
780.52, 154.00
780.82, 151.00
781.11, 150.00
781.41, 150.00
781.71, 150.00
782.00, 148.00
782.30, 152.00
782.59, 155.00
782.89, 155.00
783.19, 148.00
783.48, 151.00
783.78, 147.00
784.07, 159.00
784.37, 152.00
784.66, 151.00
784.96, 144.00
785.25, 146.00
785.55, 148.00
785.84, 149.00
786.14, 146.00
786.44, 147.00
786.73, 146.00
787.03, 152.00
787.32, 146.00
787.62, 146.00
787.91, 148.00
788.21, 153.00
788.50, 145.00
788.80, 149.00
789.09, 153.00
789.39, 150.00
789.68, 151.00
789.97, 152.00
790.27, 150.00
790.56, 150.00
790.86, 156.00
791.15, 154.00
791.45, 151.00
791.74, 169.00
792.04, 147.00
792.33, 149.00
792.62, 173.00
792.92, 149.00
793.21, 151.00
793.51, 153.00
793.80, 150.00
794.09, 149.00
794.39, 147.00
794.68, 145.00
794.98, 151.00
795.27, 152.00
795.56, 149.00
795.86, 152.00
796.15, 149.00
796.44, 154.00
796.74, 152.00
797.03, 152.00
797.32, 150.00
797.62, 141.00
797.91, 158.00
798.20, 148.00
798.50, 157.00
798.79, 157.00
799.08, 146.00
799.38, 153.00
799.67, 146.00
799.96, 155.00
800.26, 170.00
800.55, 147.00
800.84, 155.00
801.13, 150.00
801.43, 147.00
801.72, 187.00
802.01, 151.00
802.30, 151.00
802.60, 147.00
802.89, 149.00
803.18, 152.00
803.47, 147.00
803.77, 151.00
804.06, 150.00
804.35, 148.00
804.64, 168.00
804.94, 145.00
805.23, 148.00
805.52, 149.00
805.81, 151.00
806.10, 148.00
806.39, 148.00
806.69, 146.00
806.98, 149.00
807.27, 151.00
807.56, 158.00
807.85, 149.00
808.14, 148.00
808.44, 157.00
808.73, 147.00
809.02, 163.00
809.31, 152.00
809.60, 153.00
809.89, 156.00
810.18, 148.00
810.48, 157.00
810.77, 151.00
811.06, 154.00
811.35, 151.00
811.64, 152.00
811.93, 163.00
812.22, 152.00
812.51, 152.00
812.80, 146.00
813.09, 143.00
813.38, 151.00
813.67, 167.00
813.96, 145.00
814.26, 148.00
814.55, 150.00
814.84, 149.00
815.13, 152.00
815.42, 147.00
815.71, 148.00
816.00, 144.00
816.29, 154.00
816.58, 152.00
816.87, 144.00
817.16, 148.00
817.45, 153.00
817.74, 148.00
818.03, 146.00
818.32, 150.00
818.61, 149.00
818.90, 149.00
819.19, 149.00
819.48, 145.00
819.76, 141.00
820.05, 147.00
820.34, 148.00
820.63, 144.00
820.92, 147.00
821.21, 146.00
821.50, 152.00
821.79, 147.00
822.08, 147.00
822.37, 155.00
822.66, 146.00
822.95, 155.00
823.23, 153.00
823.52, 168.00
823.81, 149.00
824.10, 142.00
824.39, 148.00
824.68, 145.00
824.97, 164.00
825.26, 147.00
825.54, 197.00
825.83, 150.00
826.12, 148.00
826.41, 140.00
826.70, 151.00
826.99, 155.00
827.27, 145.00
827.56, 166.00
827.85, 149.00
828.14, 146.00
828.43, 153.00
828.71, 151.00
829.00, 147.00
829.29, 149.00
829.58, 146.00
829.86, 147.00
830.15, 150.00
830.44, 147.00
830.73, 147.00
831.01, 151.00
831.30, 146.00
831.59, 146.00
831.88, 146.00
832.16, 149.00
832.45, 151.00
832.74, 146.00
833.03, 149.00
833.31, 146.00
833.60, 149.00
833.89, 147.00
834.17, 149.00
834.46, 146.00
834.75, 148.00
835.03, 146.00
835.32, 147.00
835.61, 145.00
835.89, 155.00
836.18, 147.00
836.47, 148.00
836.75, 143.00
837.04, 155.00
837.33, 154.00
837.61, 147.00
837.90, 147.00
838.19, 141.00
838.47, 145.00
838.76, 148.00
839.04, 145.00
839.33, 146.00
839.62, 150.00
839.90, 151.00
840.19, 142.00
840.47, 145.00
840.76, 172.00
841.04, 148.00
841.33, 149.00
841.62, 149.00
841.90, 149.00
842.19, 147.00
842.47, 172.00
842.76, 148.00
843.04, 155.00
843.33, 175.00
843.61, 158.00
843.90, 163.00
844.18, 158.00
844.47, 163.00
844.75, 165.00
845.04, 160.00
845.32, 156.00
845.61, 160.00
845.89, 142.00
846.18, 151.00
846.46, 152.00
846.75, 151.00
847.03, 158.00
847.32, 151.00
847.60, 151.00
847.88, 145.00
848.17, 147.00
848.45, 167.00
848.74, 153.00
849.02, 141.00
849.31, 144.00
849.59, 145.00
849.87, 146.00
850.16, 148.00
850.44, 149.00
850.73, 176.00
851.01, 153.00
851.29, 146.00
851.58, 152.00
851.86, 150.00
852.14, 148.00
852.43, 152.00
852.71, 144.00
853.00, 149.00
853.28, 153.00
853.56, 148.00
853.85, 146.00
854.13, 145.00
854.41, 145.00
854.69, 149.00
854.98, 143.00
855.26, 198.00
855.54, 143.00
855.83, 151.00
856.11, 152.00
856.39, 150.00
856.68, 148.00
856.96, 156.00
857.24, 146.00
857.52, 150.00
857.81, 145.00
858.09, 146.00
858.37, 143.00
858.65, 144.00
858.94, 146.00
859.22, 151.00
