190.05, 0.00
190.41, 142.00
190.77, 143.00
191.14, 141.00
191.50, 142.00
191.86, 161.00
192.22, 153.00
192.58, 151.00
192.94, 150.00
193.31, 143.00
193.67, 153.00
194.03, 156.00
194.39, 149.00
194.75, 153.00
195.11, 158.00
195.47, 163.00
195.84, 147.00
196.20, 147.00
196.56, 163.00
196.92, 153.00
197.28, 149.00
197.64, 144.00
198.00, 148.00
198.37, 154.00
198.73, 149.00
199.09, 146.00
199.45, 146.00
199.81, 152.00
200.17, 158.00
200.53, 153.00
200.89, 157.00
201.25, 184.00
201.62, 151.00
201.98, 151.00
202.34, 149.00
202.70, 152.00
203.06, 147.00
203.42, 150.00
203.78, 145.00
204.14, 151.00
204.50, 169.00
204.86, 159.00
205.22, 152.00
205.58, 152.00
205.95, 151.00
206.31, 154.00
206.67, 154.00
207.03, 151.00
207.39, 159.00
207.75, 150.00
208.11, 149.00
208.47, 151.00
208.83, 154.00
209.19, 148.00
209.55, 147.00
209.91, 150.00
210.27, 157.00
210.63, 149.00
210.99, 157.00
211.35, 149.00
211.71, 155.00
212.07, 150.00
212.43, 155.00
212.79, 148.00
213.15, 150.00
213.51, 150.00
213.87, 152.00
214.23, 148.00
214.59, 149.00
214.95, 153.00
215.31, 151.00
215.67, 147.00
216.03, 182.00
216.39, 151.00
216.75, 154.00
217.11, 150.00
217.47, 150.00
217.83, 156.00
218.19, 147.00
218.55, 151.00
218.91, 156.00
219.27, 151.00
219.63, 147.00
219.99, 149.00
220.35, 149.00
220.71, 156.00
221.07, 149.00
221.43, 154.00
221.79, 147.00
222.15, 151.00
222.51, 153.00
222.87, 149.00
223.23, 149.00
223.59, 152.00
223.95, 152.00
224.31, 144.00
224.67, 153.00
225.03, 152.00
225.39, 154.00
225.74, 153.00
226.10, 149.00
226.46, 150.00
226.82, 153.00
227.18, 152.00
227.54, 155.00
227.90, 152.00
228.26, 162.00
228.62, 158.00
228.98, 155.00
229.34, 149.00
229.69, 157.00
230.05, 153.00
230.41, 149.00
230.77, 152.00
231.13, 156.00
231.49, 155.00
231.85, 150.00
232.21, 154.00
232.57, 156.00
232.92, 146.00
233.28, 145.00
233.64, 154.00
234.00, 147.00
234.36, 150.00
234.72, 150.00
235.08, 155.00
235.44, 155.00
235.79, 152.00
236.15, 158.00
236.51, 150.00
236.87, 148.00
237.23, 156.00
237.59, 148.00
237.94, 158.00
238.30, 152.00
238.66, 147.00
239.02, 150.00
239.38, 147.00
239.74, 143.00
240.09, 154.00
240.45, 148.00
240.81, 150.00
241.17, 154.00
241.53, 151.00
241.89, 150.00
242.24, 152.00
242.60, 147.00
242.96, 152.00
243.32, 153.00
243.68, 150.00
244.03, 151.00
244.39, 153.00
244.75, 168.00
245.11, 152.00
245.46, 152.00
245.82, 178.00
246.18, 152.00
246.54, 154.00
246.90, 152.00
247.25, 150.00
247.61, 148.00
247.97, 181.00
248.33, 150.00
248.68, 150.00
249.04, 154.00
249.40, 150.00
249.76, 155.00
250.11, 143.00
250.47, 153.00
250.83, 155.00
251.19, 156.00
251.54, 161.00
251.90, 150.00
252.26, 157.00
252.62, 145.00
252.97, 157.00
253.33, 146.00
253.69, 152.00
254.05, 157.00
254.40, 151.00
254.76, 146.00
255.12, 173.00
255.47, 151.00
255.83, 154.00
256.19, 155.00
256.54, 154.00
256.90, 147.00
257.26, 151.00
257.62, 153.00
257.97, 154.00
258.33, 156.00
258.69, 152.00
259.04, 156.00
259.40, 148.00
259.76, 149.00
260.11, 148.00
260.47, 148.00
260.83, 154.00
261.18, 147.00
261.54, 154.00
261.90, 157.00
262.25, 144.00
262.61, 149.00
262.97, 150.00
263.32, 148.00
263.68, 142.00
264.04, 150.00
264.39, 149.00
264.75, 148.00
265.10, 152.00
265.46, 193.00
265.82, 160.00
266.17, 148.00
266.53, 148.00
266.89, 153.00
267.24, 157.00
267.60, 148.00
267.95, 148.00
268.31, 147.00
268.67, 150.00
269.02, 146.00
269.38, 149.00
269.74, 159.00
270.09, 150.00
270.45, 149.00
270.80, 172.00
271.16, 152.00
271.51, 150.00
271.87, 152.00
272.23, 151.00
272.58, 155.00
272.94, 150.00
273.29, 155.00
273.65, 193.00
274.00, 147.00
274.36, 150.00
274.72, 150.00
275.07, 150.00
275.43, 150.00
275.78, 155.00
276.14, 146.00
276.49, 151.00
276.85, 158.00
277.20, 166.00
277.56, 147.00
277.92, 148.00
278.27, 148.00
278.63, 159.00
278.98, 154.00
279.34, 147.00
279.69, 146.00
280.05, 167.00
280.40, 148.00
280.76, 157.00
281.11, 155.00
281.47, 150.00
281.82, 146.00
282.18, 151.00
282.53, 152.00
282.89, 157.00
283.24, 152.00
283.60, 146.00
283.95, 147.00
284.31, 145.00
284.66, 150.00
285.02, 148.00
285.37, 143.00
285.73, 148.00
286.08, 159.00
286.44, 150.00
286.79, 161.00
287.14, 156.00
287.50, 153.00
287.85, 155.00
288.21, 152.00
288.56, 150.00
288.92, 149.00
289.27, 136.00
289.63, 146.00
289.98, 152.00
290.34, 147.00
290.69, 154.00
291.04, 149.00
291.40, 147.00
291.75, 152.00
292.11, 156.00
292.46, 149.00
292.81, 159.00
293.17, 151.00
293.52, 155.00
293.88, 154.00
294.23, 151.00
294.59, 149.00
294.94, 151.00
295.29, 150.00
295.65, 155.00
296.00, 162.00
296.36, 150.00
296.71, 149.00
297.06, 145.00
297.42, 153.00
297.77, 147.00
298.12, 157.00
298.48, 150.00
298.83, 153.00
299.19, 152.00
299.54, 151.00
299.89, 148.00
300.25, 148.00
300.60, 155.00
300.95, 147.00
301.31, 143.00
301.66, 149.00
302.01, 150.00
302.37, 147.00
302.72, 150.00
303.07, 150.00
303.43, 152.00
303.78, 147.00
304.13, 150.00
304.49, 157.00
304.84, 156.00
305.19, 193.00
305.55, 150.00
305.90, 155.00
306.25, 153.00
306.61, 147.00
306.96, 150.00
307.31, 149.00
307.66, 150.00
308.02, 153.00
308.37, 161.00
308.72, 153.00
309.08, 145.00
309.43, 150.00
309.78, 149.00
310.13, 147.00
310.49, 157.00
310.84, 147.00
311.19, 147.00
311.54, 156.00
311.90, 151.00
312.25, 155.00
312.60, 148.00
312.95, 154.00
313.31, 152.00
313.66, 149.00
314.01, 154.00
314.36, 159.00
314.72, 153.00
315.07, 147.00
315.42, 147.00
315.77, 176.00
316.13, 150.00
316.48, 148.00
316.83, 151.00
317.18, 149.00
317.54, 148.00
317.89, 149.00
318.24, 149.00
318.59, 148.00
318.94, 151.00
319.30, 145.00
319.65, 149.00
320.00, 150.00
320.35, 148.00
320.70, 149.00
321.05, 146.00
321.41, 150.00
321.76, 149.00
322.11, 149.00
322.46, 152.00
322.81, 187.00
323.17, 155.00
323.52, 143.00
323.87, 148.00
324.22, 153.00
324.57, 145.00
324.92, 150.00
325.27, 152.00
325.63, 154.00
325.98, 145.00
326.33, 148.00
326.68, 150.00
327.03, 146.00
327.38, 151.00
327.73, 149.00
328.09, 150.00
328.44, 176.00
328.79, 148.00
329.14, 183.00
329.49, 152.00
329.84, 152.00
330.19, 156.00
330.54, 148.00
330.89, 157.00
331.25, 148.00
331.60, 155.00
331.95, 153.00
332.30, 149.00
332.65, 148.00
333.00, 149.00
333.35, 187.00
333.70, 191.00
334.05, 158.00
334.40, 157.00
334.75, 152.00
335.10, 154.00
335.45, 150.00
335.81, 148.00
336.16, 148.00
336.51, 147.00
336.86, 151.00
337.21, 148.00
337.56, 153.00
337.91, 147.00
338.26, 147.00
338.61, 146.00
338.96, 150.00
339.31, 147.00
339.66, 148.00
340.01, 150.00
340.36, 151.00
340.71, 145.00
341.06, 148.00
341.41, 155.00
341.76, 154.00
342.11, 150.00
342.46, 152.00
342.81, 147.00
343.16, 152.00
343.51, 151.00
343.86, 152.00
344.21, 150.00
344.56, 151.00
344.91, 149.00
345.26, 159.00
345.61, 152.00
345.96, 148.00
346.31, 151.00
346.66, 172.00
347.01, 148.00
347.36, 170.00
347.71, 146.00
348.06, 147.00
348.41, 161.00
348.76, 161.00
349.10, 149.00
349.45, 149.00
349.80, 149.00
350.15, 153.00
350.50, 155.00
350.85, 160.00
351.20, 156.00
351.55, 159.00
351.90, 153.00
352.25, 144.00
352.60, 152.00
352.95, 156.00
353.30, 166.00
353.64, 155.00
353.99, 146.00
354.34, 153.00
354.69, 147.00
355.04, 148.00
355.39, 148.00
355.74, 149.00
356.09, 148.00
356.44, 149.00
356.78, 149.00
357.13, 147.00
357.48, 148.00
357.83, 150.00
358.18, 145.00
358.53, 160.00
358.88, 152.00
359.22, 168.00
359.57, 150.00
359.92, 147.00
360.27, 150.00
360.62, 145.00
360.97, 147.00
361.32, 146.00
361.66, 147.00
362.01, 147.00
362.36, 148.00
362.71, 145.00
363.06, 150.00
363.40, 148.00
363.75, 147.00
364.10, 153.00
364.45, 156.00
364.80, 154.00
365.14, 158.00
365.49, 152.00
365.84, 147.00
366.19, 145.00
366.54, 158.00
366.88, 163.00
367.23, 147.00
367.58, 197.00
367.93, 152.00
368.28, 147.00
368.62, 152.00
368.97, 156.00
369.32, 151.00
369.67, 149.00
370.01, 156.00
370.36, 151.00
370.71, 167.00
371.06, 153.00
371.40, 157.00
371.75, 149.00
372.10, 145.00
372.45, 144.00
372.79, 148.00
373.14, 139.00
373.49, 147.00
373.83, 152.00
374.18, 152.00
374.53, 147.00
374.88, 152.00
375.22, 145.00
375.57, 157.00
375.92, 151.00
376.26, 154.00
376.61, 153.00
376.96, 148.00
377.30, 159.00
377.65, 156.00
378.00, 149.00
378.35, 149.00
378.69, 153.00
379.04, 147.00
379.39, 150.00
379.73, 148.00
380.08, 156.00
380.43, 146.00
380.77, 153.00
381.12, 155.00
381.47, 152.00
381.81, 152.00
382.16, 152.00
382.50, 148.00
382.85, 216.00
383.20, 145.00
383.54, 152.00
383.89, 145.00
384.24, 147.00
384.58, 156.00
384.93, 167.00
385.27, 153.00
385.62, 148.00
385.97, 149.00
386.31, 149.00
386.66, 175.00
387.00, 153.00
387.35, 155.00
387.70, 149.00
388.04, 204.00
388.39, 154.00
388.73, 154.00
389.08, 153.00
389.43, 149.00
389.77, 150.00
390.12, 147.00
390.46, 146.00
390.81, 143.00
391.15, 150.00
391.50, 150.00
391.85, 152.00
392.19, 153.00
392.54, 150.00
392.88, 148.00
393.23, 153.00
393.57, 159.00
393.92, 152.00
394.26, 148.00
394.61, 151.00
394.95, 149.00
395.30, 145.00
395.64, 152.00
395.99, 182.00
396.33, 150.00
396.68, 151.00
397.02, 148.00
397.37, 147.00
397.71, 153.00
398.06, 150.00
398.40, 147.00
398.75, 147.00
399.09, 148.00
399.44, 146.00
399.78, 152.00
400.13, 146.00
400.47, 149.00
400.82, 148.00
401.16, 152.00
401.51, 158.00
401.85, 159.00
402.20, 158.00
402.54, 151.00
402.88, 155.00
403.23, 150.00
403.57, 165.00
403.92, 175.00
404.26, 228.00
404.61, 173.00
404.95, 192.00
405.30, 160.00
405.64, 153.00
405.98, 182.00
406.33, 161.00
406.67, 152.00
407.02, 148.00
407.36, 157.00
407.70, 155.00
408.05, 148.00
408.39, 153.00
408.74, 149.00
409.08, 151.00
409.42, 148.00
409.77, 148.00
410.11, 155.00
410.46, 149.00
410.80, 146.00
411.14, 148.00
411.49, 149.00
411.83, 149.00
412.17, 149.00
412.52, 146.00
412.86, 145.00
413.20, 155.00
413.55, 150.00
413.89, 157.00
414.23, 155.00
414.58, 188.00
414.92, 151.00
415.26, 150.00
415.61, 150.00
415.95, 152.00
416.29, 153.00
416.64, 150.00
416.98, 155.00
417.32, 151.00
417.67, 156.00
418.01, 161.00
418.35, 145.00
418.70, 150.00
419.04, 164.00
419.38, 149.00
419.72, 150.00
420.07, 150.00
420.41, 148.00
420.75, 158.00
421.10, 151.00
421.44, 153.00
421.78, 149.00
422.12, 149.00
422.47, 148.00
422.81, 148.00
423.15, 158.00
423.49, 150.00
423.84, 152.00
424.18, 149.00
424.52, 150.00
424.86, 155.00
425.21, 159.00
425.55, 150.00
425.89, 151.00
426.23, 162.00
426.57, 158.00
426.92, 162.00
427.26, 152.00
427.60, 153.00
427.94, 153.00
428.28, 158.00
428.63, 150.00
428.97, 151.00
429.31, 153.00
429.65, 158.00
429.99, 155.00
430.34, 150.00
430.68, 158.00
431.02, 163.00
431.36, 152.00
431.70, 159.00
432.04, 149.00
432.39, 145.00
432.73, 155.00
433.07, 150.00
433.41, 151.00
433.75, 152.00
434.09, 161.00
434.43, 163.00
434.78, 232.00
435.12, 288.00
435.46, 327.00
435.80, 283.00
436.14, 245.00
436.48, 207.00
436.82, 197.00
437.16, 171.00
437.51, 162.00
437.85, 162.00
438.19, 190.00
438.53, 159.00
438.87, 167.00
439.21, 157.00
439.55, 158.00
439.89, 158.00
440.23, 153.00
440.57, 156.00
440.91, 154.00
441.26, 157.00
441.60, 154.00
441.94, 154.00
442.28, 162.00
442.62, 163.00
442.96, 153.00
443.30, 162.00
443.64, 156.00
443.98, 157.00
444.32, 163.00
444.66, 159.00
445.00, 159.00
445.34, 163.00
445.68, 155.00
446.02, 161.00
446.36, 156.00
446.70, 152.00
447.04, 163.00
447.38, 183.00
447.72, 159.00
448.06, 155.00
448.40, 158.00
448.74, 160.00
449.08, 157.00
449.42, 157.00
449.76, 157.00
450.10, 159.00
450.44, 152.00
450.78, 154.00
451.12, 157.00
451.46, 159.00
451.80, 164.00
452.14, 159.00
452.48, 164.00
452.82, 159.00
453.16, 159.00
453.50, 163.00
453.84, 152.00
454.18, 192.00
454.52, 161.00
454.86, 158.00
455.19, 163.00
455.53, 153.00
455.87, 154.00
456.21, 160.00
456.55, 156.00
456.89, 151.00
457.23, 153.00
457.57, 158.00
457.91, 158.00
458.25, 154.00
458.59, 152.00
458.92, 156.00
459.26, 158.00
459.60, 158.00
459.94, 160.00
460.28, 153.00
460.62, 156.00
460.96, 154.00
461.30, 153.00
461.63, 154.00
461.97, 156.00
462.31, 159.00
462.65, 157.00
462.99, 163.00
463.33, 157.00
463.67, 156.00
464.00, 152.00
464.34, 158.00
464.68, 154.00
465.02, 170.00
465.36, 160.00
465.70, 153.00
466.03, 164.00
466.37, 153.00
466.71, 157.00
467.05, 156.00
467.39, 151.00
467.72, 155.00
468.06, 150.00
468.40, 154.00
468.74, 159.00
469.08, 157.00
469.41, 157.00
469.75, 157.00
470.09, 154.00
470.43, 155.00
470.76, 156.00
471.10, 158.00
471.44, 158.00
471.78, 154.00
472.11, 153.00
472.45, 155.00
472.79, 156.00
473.13, 157.00
473.46, 155.00
473.80, 154.00
474.14, 157.00
474.48, 159.00
474.81, 157.00
475.15, 158.00
475.49, 155.00
475.82, 162.00
476.16, 163.00
476.50, 157.00
476.84, 162.00
477.17, 152.00
477.51, 152.00
477.85, 149.00
478.18, 170.00
478.52, 158.00
478.86, 205.00
479.19, 169.00
479.53, 164.00
479.87, 193.00
480.20, 168.00
480.54, 159.00
480.88, 155.00
481.21, 159.00
481.55, 164.00
481.89, 161.00
482.22, 171.00
482.56, 169.00
482.90, 170.00
483.23, 177.00
483.57, 181.00
483.90, 186.00
484.24, 198.00
484.58, 198.00
484.91, 203.00
485.25, 208.00
485.58, 214.00
485.92, 221.00
486.26, 219.00
486.59, 225.00
486.93, 222.00
487.26, 215.00
487.60, 217.00
487.94, 214.00
488.27, 220.00
488.61, 213.00
488.94, 217.00
489.28, 212.00
489.61, 211.00
489.95, 209.00
490.29, 206.00
490.62, 212.00
490.96, 199.00
491.29, 207.00
491.63, 200.00
491.96, 191.00
492.30, 201.00
492.63, 202.00
492.97, 192.00
493.30, 193.00
493.64, 190.00
493.97, 190.00
494.31, 190.00
494.64, 193.00
494.98, 187.00
495.31, 184.00
495.65, 177.00
495.98, 183.00
496.32, 183.00
496.65, 221.00
496.99, 187.00
497.32, 177.00
497.66, 181.00
497.99, 175.00
498.33, 176.00
498.66, 166.00
499.00, 179.00
499.33, 168.00
499.67, 166.00
500.00, 162.00
500.34, 161.00
500.67, 160.00
501.00, 164.00
501.34, 154.00
501.67, 161.00
502.01, 154.00
502.34, 155.00
502.68, 161.00
503.01, 164.00
503.34, 153.00
503.68, 155.00
504.01, 154.00
504.35, 155.00
504.68, 158.00
505.01, 156.00
505.35, 156.00
505.68, 157.00
506.02, 158.00
506.35, 153.00
506.68, 157.00
507.02, 159.00
507.35, 151.00
507.68, 154.00
508.02, 156.00
508.35, 160.00
508.69, 149.00
509.02, 154.00
509.35, 153.00
509.69, 153.00
510.02, 157.00
510.35, 149.00
510.69, 155.00
511.02, 149.00
511.35, 152.00
511.69, 157.00
512.02, 154.00
512.35, 154.00
512.68, 149.00
513.02, 150.00
513.35, 151.00
513.68, 150.00
514.02, 159.00
514.35, 152.00
514.68, 156.00
515.01, 153.00
515.35, 162.00
515.68, 151.00
516.01, 150.00
516.35, 149.00
516.68, 149.00
517.01, 153.00
517.34, 157.00
517.68, 152.00
518.01, 159.00
518.34, 149.00
518.67, 151.00
519.01, 152.00
519.34, 153.00
519.67, 162.00
520.00, 152.00
520.33, 151.00
520.67, 151.00
521.00, 147.00
521.33, 146.00
521.66, 154.00
522.00, 148.00
522.33, 146.00
522.66, 152.00
522.99, 149.00
523.32, 165.00
523.65, 151.00
523.99, 152.00
524.32, 155.00
524.65, 153.00
524.98, 149.00
525.31, 151.00
525.65, 178.00
525.98, 155.00
526.31, 154.00
526.64, 159.00
526.97, 159.00
527.30, 154.00
527.63, 151.00
527.97, 154.00
528.30, 150.00
528.63, 157.00
528.96, 176.00
529.29, 153.00
529.62, 161.00
529.95, 152.00
530.28, 149.00
530.61, 148.00
530.95, 152.00
531.28, 153.00
531.61, 153.00
531.94, 152.00
532.27, 151.00
532.60, 157.00
532.93, 160.00
533.26, 162.00
533.59, 158.00
533.92, 157.00
534.25, 155.00
534.58, 187.00
534.91, 164.00
535.25, 157.00
535.58, 158.00
535.91, 160.00
536.24, 173.00
536.57, 165.00
536.90, 164.00
537.23, 181.00
537.56, 209.00
537.89, 189.00
538.22, 185.00
538.55, 193.00
538.88, 205.00
539.21, 327.00
539.54, 226.00
539.87, 243.00
540.20, 259.00
540.53, 293.00
540.86, 362.00
541.19, 365.00
541.52, 402.00
541.85, 424.00
542.18, 432.00
542.51, 440.00
542.84, 450.00
543.17, 438.00
543.50, 442.00
543.82, 420.00
544.15, 419.00
544.48, 419.00
544.81, 444.00
545.14, 480.00
545.47, 465.00
545.80, 437.00
546.13, 361.00
546.46, 362.00
546.79, 323.00
547.12, 276.00
547.45, 264.00
547.78, 259.00
548.10, 252.00
548.43, 240.00
548.76, 235.00
549.09, 232.00
549.42, 224.00
549.75, 221.00
550.08, 214.00
550.41, 213.00
550.74, 218.00
551.06, 207.00
551.39, 215.00
551.72, 197.00
552.05, 202.00
552.38, 195.00
552.71, 187.00
553.03, 191.00
553.36, 190.00
553.69, 179.00
554.02, 174.00
554.35, 168.00
554.68, 168.00
555.00, 168.00
555.33, 163.00
555.66, 159.00
555.99, 175.00
556.32, 160.00
556.64, 154.00
556.97, 163.00
557.30, 153.00
557.63, 150.00
557.96, 153.00
558.28, 153.00
558.61, 162.00
558.94, 147.00
559.27, 146.00
559.59, 152.00
559.92, 149.00
560.25, 151.00
560.58, 153.00
560.90, 152.00
561.23, 153.00
561.56, 153.00
561.89, 153.00
562.21, 152.00
562.54, 157.00
562.87, 153.00
563.20, 160.00
563.52, 153.00
563.85, 155.00
564.18, 167.00
564.50, 161.00
564.83, 180.00
565.16, 209.00
565.48, 152.00
565.81, 159.00
566.14, 153.00
566.47, 149.00
566.79, 160.00
567.12, 152.00
567.45, 180.00
567.77, 150.00
568.10, 158.00
568.43, 154.00
568.75, 154.00
569.08, 151.00
569.40, 188.00
569.73, 155.00
570.06, 151.00
570.38, 152.00
570.71, 150.00
571.04, 151.00
571.36, 153.00
571.69, 157.00
572.01, 154.00
572.34, 152.00
572.67, 157.00
572.99, 153.00
573.32, 170.00
573.64, 151.00
573.97, 152.00
574.30, 157.00
574.62, 152.00
574.95, 154.00
575.27, 158.00
575.60, 163.00
575.92, 170.00
576.25, 176.00
576.58, 174.00
576.90, 173.00
577.23, 205.00
577.55, 169.00
577.88, 170.00
578.20, 179.00
578.53, 180.00
578.85, 191.00
579.18, 190.00
579.50, 188.00
579.83, 184.00
580.15, 186.00
580.48, 185.00
580.80, 186.00
581.13, 180.00
581.45, 189.00
581.78, 190.00
582.10, 199.00
582.43, 199.00
582.75, 204.00
583.08, 203.00
583.40, 202.00
583.73, 260.00
584.05, 199.00
584.38, 194.00
584.70, 232.00
585.03, 195.00
585.35, 195.00
585.67, 206.00
586.00, 207.00
586.32, 223.00
586.65, 220.00
586.97, 214.00
587.30, 220.00
587.62, 210.00
587.94, 215.00
588.27, 198.00
588.59, 191.00
588.92, 191.00
589.24, 186.00
589.56, 188.00
589.89, 188.00
590.21, 182.00
590.54, 182.00
590.86, 185.00
591.18, 163.00
591.51, 188.00
591.83, 196.00
592.15, 198.00
592.48, 191.00
592.80, 199.00
593.13, 185.00
593.45, 186.00
593.77, 181.00
594.10, 179.00
594.42, 178.00
594.74, 171.00
595.07, 171.00
595.39, 165.00
595.71, 169.00
596.03, 168.00
596.36, 164.00
596.68, 159.00
597.00, 167.00
597.33, 162.00
597.65, 176.00
597.97, 176.00
598.30, 171.00
598.62, 175.00
598.94, 172.00
599.26, 176.00
599.59, 175.00
599.91, 178.00
600.23, 171.00
600.55, 171.00
600.88, 167.00
601.20, 158.00
601.52, 159.00
601.84, 159.00
602.17, 157.00
602.49, 158.00
602.81, 153.00
603.13, 168.00
603.45, 167.00
603.78, 159.00
604.10, 161.00
604.42, 162.00
604.74, 156.00
605.07, 158.00
605.39, 159.00
605.71, 164.00
606.03, 164.00
606.35, 166.00
606.67, 173.00
607.00, 175.00
607.32, 178.00
607.64, 183.00
607.96, 176.00
608.28, 192.00
608.60, 200.00
608.93, 210.00
609.25, 244.00
609.57, 286.00
609.89, 392.00
610.21, 463.00
610.53, 516.00
610.85, 503.00
611.17, 465.00
611.50, 435.00
611.82, 397.00
612.14, 373.00
612.46, 349.00
612.78, 323.00
613.10, 302.00
613.42, 292.00
613.74, 275.00
614.06, 293.00
614.38, 244.00
614.70, 228.00
615.03, 225.00
615.35, 223.00
615.67, 310.00
615.99, 194.00
616.31, 188.00
616.63, 200.00
616.95, 185.00
617.27, 185.00
617.59, 182.00
617.91, 177.00
618.23, 186.00
618.55, 180.00
618.87, 178.00
619.19, 190.00
619.51, 186.00
619.83, 187.00
620.15, 184.00
620.47, 189.00
620.79, 181.00
621.11, 191.00
621.43, 186.00
621.75, 184.00
622.07, 185.00
622.39, 181.00
622.71, 177.00
623.03, 177.00
623.35, 220.00
623.67, 185.00
623.99, 176.00
624.31, 181.00
624.63, 184.00
624.95, 172.00
625.26, 171.00
625.58, 180.00
625.90, 193.00
626.22, 173.00
626.54, 174.00
626.86, 181.00
627.18, 177.00
627.50, 175.00
627.82, 174.00
628.14, 178.00
628.46, 177.00
628.77, 175.00
629.09, 189.00
629.41, 193.00
629.73, 204.00
630.05, 210.00
630.37, 204.00
630.69, 203.00
631.00, 206.00
631.32, 193.00
631.64, 191.00
631.96, 176.00
632.28, 170.00
632.60, 161.00
632.92, 168.00
633.23, 161.00
633.55, 164.00
633.87, 157.00
634.19, 156.00
634.51, 158.00
634.82, 160.00
635.14, 163.00
635.46, 147.00
635.78, 154.00
636.10, 150.00
636.41, 153.00
636.73, 152.00
637.05, 151.00
637.37, 150.00
637.68, 152.00
638.00, 149.00
638.32, 158.00
638.64, 152.00
638.95, 162.00
639.27, 149.00
639.59, 155.00
639.91, 153.00
640.22, 156.00
640.54, 157.00
640.86, 151.00
641.18, 165.00
641.49, 177.00
641.81, 159.00
642.13, 168.00
642.44, 155.00
642.76, 157.00
643.08, 149.00
643.40, 152.00
643.71, 154.00
644.03, 156.00
644.35, 153.00
644.66, 155.00
644.98, 153.00
645.30, 151.00
645.61, 171.00
645.93, 150.00
646.25, 153.00
646.56, 160.00
646.88, 188.00
647.19, 154.00
647.51, 159.00
647.83, 153.00
648.14, 155.00
648.46, 153.00
648.78, 159.00
649.09, 162.00
649.41, 202.00
649.72, 165.00
650.04, 162.00
650.36, 162.00
650.67, 158.00
650.99, 155.00
651.30, 161.00
651.62, 156.00
651.93, 159.00
652.25, 173.00
652.57, 191.00
652.88, 156.00
653.20, 160.00
653.51, 156.00
653.83, 161.00
654.14, 151.00
654.46, 158.00
654.77, 153.00
655.09, 158.00
655.40, 166.00
655.72, 151.00
656.04, 154.00
656.35, 157.00
656.67, 151.00
656.98, 153.00
657.30, 152.00
657.61, 149.00
657.93, 155.00
658.24, 149.00
658.55, 181.00
658.87, 152.00
659.18, 150.00
659.50, 153.00
659.81, 156.00
660.13, 152.00
660.44, 153.00
660.76, 150.00
661.07, 168.00
661.39, 153.00
661.70, 157.00
662.01, 158.00
662.33, 154.00
662.64, 166.00
662.96, 158.00
663.27, 151.00
663.59, 153.00
663.90, 154.00
664.21, 150.00
664.53, 170.00
664.84, 160.00
665.16, 181.00
665.47, 159.00
665.78, 153.00
666.10, 153.00
666.41, 151.00
666.72, 154.00
667.04, 153.00
667.35, 149.00
667.67, 148.00
667.98, 155.00
668.29, 152.00
668.61, 155.00
668.92, 151.00
669.23, 152.00
669.55, 157.00
669.86, 177.00
670.17, 155.00
670.48, 160.00
670.80, 155.00
671.11, 152.00
671.42, 152.00
671.74, 154.00
672.05, 150.00
672.36, 159.00
672.68, 151.00
672.99, 156.00
673.30, 151.00
673.61, 150.00
673.93, 150.00
674.24, 150.00
674.55, 153.00
674.86, 147.00
675.18, 159.00
675.49, 161.00
675.80, 150.00
676.11, 160.00
676.43, 152.00
676.74, 153.00
677.05, 153.00
677.36, 161.00
677.67, 149.00
677.99, 154.00
678.30, 144.00
678.61, 150.00
678.92, 151.00
679.23, 157.00
679.55, 157.00
679.86, 156.00
680.17, 152.00
680.48, 152.00
680.79, 158.00
681.10, 148.00
681.42, 151.00
681.73, 151.00
682.04, 149.00
682.35, 148.00
682.66, 154.00
682.97, 149.00
683.28, 152.00
683.60, 149.00
683.91, 152.00
684.22, 168.00
684.53, 152.00
684.84, 152.00
685.15, 152.00
685.46, 179.00
685.77, 152.00
686.08, 150.00
686.40, 189.00
686.71, 162.00
687.02, 156.00
687.33, 161.00
687.64, 157.00
687.95, 155.00
688.26, 150.00
688.57, 154.00
688.88, 154.00
689.19, 150.00
689.50, 159.00
689.81, 155.00
690.12, 145.00
690.43, 166.00
690.74, 149.00
691.05, 151.00
691.36, 164.00
691.67, 150.00
691.98, 154.00
692.29, 150.00
692.60, 156.00
692.91, 157.00
693.22, 151.00
693.53, 154.00
693.84, 155.00
694.15, 151.00
694.46, 148.00
694.77, 154.00
695.08, 154.00
695.39, 162.00
695.70, 150.00
696.01, 155.00
696.32, 149.00
696.63, 151.00
696.94, 155.00
697.25, 148.00
697.56, 157.00
697.87, 155.00
698.17, 193.00
698.48, 150.00
698.79, 152.00
699.10, 146.00
699.41, 151.00
699.72, 154.00
700.03, 151.00
700.34, 150.00
700.65, 148.00
700.95, 148.00
701.26, 147.00
701.57, 147.00
701.88, 150.00
702.19, 163.00
702.50, 154.00
702.81, 151.00
703.11, 170.00
703.42, 149.00
703.73, 152.00
704.04, 158.00
704.35, 153.00
704.66, 157.00
704.96, 152.00
705.27, 159.00
705.58, 162.00
705.89, 161.00
706.20, 162.00
706.50, 160.00
706.81, 169.00
707.12, 164.00
707.43, 167.00
707.73, 173.00
708.04, 167.00
708.35, 167.00
708.66, 162.00
708.97, 154.00
709.27, 162.00
709.58, 153.00
709.89, 158.00
710.19, 158.00
710.50, 157.00
710.81, 158.00
711.12, 164.00
711.42, 163.00
711.73, 163.00
712.04, 161.00
712.35, 162.00
712.65, 153.00
712.96, 155.00
713.27, 156.00
713.57, 174.00
713.88, 166.00
714.19, 153.00
714.49, 149.00
714.80, 150.00
715.11, 150.00
715.41, 155.00
715.72, 149.00
716.03, 149.00
716.33, 156.00
716.64, 147.00
716.94, 152.00
717.25, 147.00
717.56, 161.00
717.86, 154.00
718.17, 149.00
718.48, 148.00
718.78, 151.00
719.09, 149.00
719.39, 148.00
719.70, 154.00
720.01, 145.00
720.31, 150.00
720.62, 150.00
720.92, 150.00
721.23, 148.00
721.53, 150.00
721.84, 148.00
722.15, 154.00
722.45, 155.00
722.76, 152.00
723.06, 149.00
723.37, 148.00
723.67, 145.00
723.98, 143.00
724.28, 157.00
724.59, 152.00
724.89, 154.00
725.20, 151.00
725.50, 153.00
725.81, 146.00
726.11, 151.00
726.42, 153.00
726.72, 151.00
727.03, 178.00
727.33, 155.00
727.64, 153.00
727.94, 148.00
728.25, 152.00
728.55, 151.00
728.86, 168.00
729.16, 151.00
729.46, 149.00
729.77, 155.00
730.07, 152.00
730.38, 151.00
730.68, 149.00
730.99, 166.00
731.29, 146.00
731.59, 146.00
731.90, 148.00
732.20, 148.00
732.51, 150.00
732.81, 140.00
733.11, 152.00
733.42, 152.00
733.72, 152.00
734.02, 152.00
734.33, 143.00
734.63, 149.00
734.94, 149.00
735.24, 154.00
735.54, 148.00
735.85, 146.00
736.15, 147.00
736.45, 151.00
736.76, 148.00
737.06, 155.00
737.36, 151.00
737.67, 149.00
737.97, 149.00
738.27, 149.00
738.57, 146.00
738.88, 146.00
739.18, 184.00
739.48, 154.00
739.79, 149.00
740.09, 156.00
740.39, 153.00
740.69, 156.00
741.00, 152.00
741.30, 159.00
741.60, 147.00
741.90, 146.00
742.21, 147.00
742.51, 198.00
742.81, 150.00
743.11, 148.00
743.42, 170.00
743.72, 153.00
744.02, 152.00
744.32, 143.00
744.63, 153.00
744.93, 152.00
745.23, 149.00
745.53, 151.00
745.83, 148.00
746.13, 150.00
746.44, 147.00
746.74, 147.00
747.04, 151.00
747.34, 148.00
747.64, 151.00
747.94, 150.00
748.25, 147.00
748.55, 154.00
748.85, 148.00
749.15, 151.00
749.45, 179.00
749.75, 153.00
750.05, 147.00
750.35, 152.00
750.66, 165.00
750.96, 153.00
751.26, 150.00
751.56, 150.00
751.86, 155.00
752.16, 150.00
752.46, 145.00
752.76, 148.00
753.06, 150.00
753.36, 187.00
753.66, 149.00
753.96, 151.00
754.27, 148.00
754.57, 149.00
754.87, 147.00
755.17, 147.00
755.47, 148.00
755.77, 146.00
756.07, 149.00
756.37, 151.00
756.67, 150.00
756.97, 148.00
757.27, 151.00
757.57, 149.00
757.87, 153.00
758.17, 155.00
758.47, 156.00
758.77, 158.00
759.07, 148.00
759.37, 154.00
759.67, 152.00
759.97, 149.00
760.27, 152.00
760.57, 154.00
760.86, 148.00
761.16, 148.00
761.46, 145.00
761.76, 178.00
762.06, 148.00
762.36, 154.00
762.66, 154.00
762.96, 148.00
763.26, 156.00
763.56, 175.00
763.86, 153.00
764.16, 146.00
764.45, 164.00
764.75, 150.00
765.05, 151.00
765.35, 148.00
765.65, 153.00
765.95, 147.00
766.25, 153.00
766.55, 155.00
766.84, 155.00
767.14, 153.00
767.44, 149.00
767.74, 152.00
768.04, 151.00
768.34, 148.00
768.63, 150.00
768.93, 151.00
769.23, 159.00
769.53, 151.00
769.83, 152.00
770.12, 150.00
770.42, 149.00
770.72, 149.00
771.02, 150.00
771.32, 145.00
771.61, 151.00
771.91, 154.00
772.21, 146.00
772.51, 145.00
772.80, 146.00
773.10, 148.00
773.40, 150.00
773.70, 142.00
773.99, 145.00
774.29, 151.00
774.59, 154.00
774.88, 151.00
775.18, 149.00
775.48, 151.00
775.78, 146.00
776.07, 148.00
776.37, 148.00
776.67, 148.00
776.96, 152.00
777.26, 199.00
777.56, 142.00
777.85, 150.00
778.15, 142.00
778.45, 152.00
778.74, 150.00
779.04, 152.00
779.34, 147.00
779.63, 150.00
779.93, 152.00
780.22, 151.00
780.52, 148.00
780.82, 150.00
781.11, 151.00
781.41, 149.00
781.71, 153.00
782.00, 151.00
782.30, 153.00
782.59, 155.00
782.89, 155.00
783.19, 139.00
783.48, 148.00
783.78, 149.00
784.07, 161.00
784.37, 154.00
784.66, 149.00
784.96, 145.00
785.25, 149.00
785.55, 150.00
785.84, 150.00
786.14, 146.00
786.44, 148.00
786.73, 151.00
787.03, 155.00
787.32, 147.00
787.62, 150.00
787.91, 149.00
788.21, 154.00
788.50, 147.00
788.80, 152.00
789.09, 156.00
789.39, 154.00
789.68, 148.00
789.97, 155.00
790.27, 155.00
790.56, 152.00
790.86, 158.00
791.15, 148.00
791.45, 148.00
791.74, 171.00
792.04, 152.00
792.33, 147.00
792.62, 168.00
792.92, 143.00
793.21, 146.00
793.51, 152.00
793.80, 152.00
794.09, 148.00
794.39, 156.00
794.68, 147.00
794.98, 152.00
795.27, 150.00
795.56, 147.00
795.86, 152.00
796.15, 151.00
796.44, 153.00
796.74, 149.00
797.03, 145.00
797.32, 150.00
797.62, 152.00
797.91, 161.00
798.20, 149.00
798.50, 160.00
798.79, 158.00
799.08, 153.00
799.38, 150.00
799.67, 149.00
799.96, 156.00
800.26, 178.00
800.55, 153.00
800.84, 156.00
801.13, 144.00
801.43, 148.00
801.72, 184.00
802.01, 147.00
802.30, 152.00
802.60, 153.00
802.89, 155.00
803.18, 150.00
803.47, 145.00
803.77, 156.00
804.06, 150.00
804.35, 146.00
804.64, 166.00
804.94, 146.00
805.23, 148.00
805.52, 147.00
805.81, 150.00
806.10, 151.00
806.39, 147.00
806.69, 145.00
806.98, 149.00
807.27, 152.00
807.56, 160.00
807.85, 160.00
808.14, 151.00
808.44, 154.00
808.73, 152.00
809.02, 171.00
809.31, 153.00
809.60, 157.00
809.89, 161.00
810.18, 153.00
810.48, 152.00
810.77, 152.00
811.06, 150.00
811.35, 152.00
811.64, 153.00
811.93, 170.00
812.22, 152.00
812.51, 151.00
812.80, 148.00
813.09, 149.00
813.38, 147.00
813.67, 168.00
813.96, 149.00
814.26, 148.00
814.55, 148.00
814.84, 148.00
815.13, 153.00
815.42, 154.00
815.71, 154.00
816.00, 151.00
816.29, 161.00
816.58, 152.00
816.87, 151.00
817.16, 151.00
817.45, 155.00
817.74, 153.00
818.03, 149.00
818.32, 147.00
818.61, 151.00
818.90, 151.00
819.19, 151.00
819.48, 147.00
819.76, 153.00
820.05, 152.00
820.34, 154.00
820.63, 151.00
820.92, 148.00
821.21, 150.00
821.50, 150.00
821.79, 149.00
822.08, 151.00
822.37, 152.00
822.66, 148.00
822.95, 148.00
823.23, 147.00
823.52, 168.00
823.81, 154.00
824.10, 149.00
824.39, 151.00
824.68, 150.00
824.97, 160.00
825.26, 149.00
825.54, 195.00
825.83, 153.00
826.12, 150.00
826.41, 150.00
826.70, 152.00
826.99, 151.00
827.27, 151.00
827.56, 166.00
827.85, 148.00
828.14, 148.00
828.43, 151.00
828.71, 152.00
829.00, 151.00
829.29, 148.00
829.58, 156.00
829.86, 149.00
830.15, 151.00
830.44, 153.00
830.73, 153.00
831.01, 150.00
831.30, 146.00
831.59, 150.00
831.88, 148.00
832.16, 149.00
832.45, 151.00
832.74, 146.00
833.03, 148.00
833.31, 153.00
833.60, 145.00
833.89, 144.00
834.17, 153.00
834.46, 151.00
834.75, 148.00
835.03, 147.00
835.32, 148.00
835.61, 150.00
835.89, 160.00
836.18, 145.00
836.47, 149.00
836.75, 147.00
837.04, 156.00
837.33, 152.00
837.61, 157.00
837.90, 151.00
838.19, 152.00
838.47, 150.00
838.76, 150.00
839.04, 146.00
839.33, 150.00
839.62, 149.00
839.90, 148.00
840.19, 150.00
840.47, 148.00
840.76, 169.00
841.04, 148.00
841.33, 148.00
841.62, 152.00
841.90, 150.00
842.19, 145.00
842.47, 173.00
842.76, 143.00
843.04, 152.00
843.33, 170.00
843.61, 152.00
843.90, 144.00
844.18, 150.00
844.47, 148.00
844.75, 152.00
845.04, 149.00
845.32, 148.00
845.61, 152.00
845.89, 151.00
846.18, 152.00
846.46, 146.00
846.75, 146.00
847.03, 155.00
847.32, 148.00
847.60, 149.00
847.88, 147.00
848.17, 150.00
848.45, 163.00
848.74, 150.00
849.02, 148.00
849.31, 150.00
849.59, 152.00
849.87, 147.00
850.16, 146.00
850.44, 156.00
850.73, 171.00
851.01, 153.00
851.29, 144.00
851.58, 149.00
851.86, 149.00
852.14, 147.00
852.43, 152.00
852.71, 145.00
853.00, 158.00
853.28, 152.00
853.56, 149.00
853.85, 148.00
854.13, 150.00
854.41, 147.00
854.69, 149.00
854.98, 147.00
855.26, 196.00
855.54, 149.00
855.83, 144.00
856.11, 149.00
856.39, 154.00
856.68, 148.00
856.96, 153.00
857.24, 149.00
857.52, 151.00
857.81, 150.00
858.09, 146.00
858.37, 153.00
858.65, 148.00
858.94, 149.00
859.22, 145.00
