190.05, 0.00
190.41, 137.00
190.77, 137.00
191.14, 136.00
191.50, 139.00
191.86, 158.00
192.22, 148.00
192.58, 144.00
192.94, 144.00
193.31, 144.00
193.67, 148.00
194.03, 155.00
194.39, 147.00
194.75, 148.00
195.11, 150.00
195.47, 160.00
195.84, 141.00
196.20, 144.00
196.56, 163.00
196.92, 141.00
197.28, 149.00
197.64, 145.00
198.00, 141.00
198.37, 151.00
198.73, 143.00
199.09, 143.00
199.45, 142.00
199.81, 148.00
200.17, 152.00
200.53, 145.00
200.89, 153.00
201.25, 184.00
201.62, 143.00
201.98, 144.00
202.34, 150.00
202.70, 150.00
203.06, 148.00
203.42, 146.00
203.78, 145.00
204.14, 150.00
204.50, 172.00
204.86, 154.00
205.22, 152.00
205.58, 151.00
205.95, 145.00
206.31, 145.00
206.67, 140.00
207.03, 150.00
207.39, 155.00
207.75, 145.00
208.11, 145.00
208.47, 145.00
208.83, 152.00
209.19, 149.00
209.55, 145.00
209.91, 147.00
210.27, 153.00
210.63, 146.00
210.99, 155.00
211.35, 147.00
211.71, 151.00
212.07, 144.00
212.43, 151.00
212.79, 143.00
213.15, 145.00
213.51, 145.00
213.87, 153.00
214.23, 143.00
214.59, 146.00
214.95, 149.00
215.31, 145.00
215.67, 141.00
216.03, 175.00
216.39, 143.00
216.75, 150.00
217.11, 151.00
217.47, 145.00
217.83, 145.00
218.19, 147.00
218.55, 148.00
218.91, 152.00
219.27, 145.00
219.63, 148.00
219.99, 145.00
220.35, 143.00
220.71, 158.00
221.07, 148.00
221.43, 147.00
221.79, 145.00
222.15, 150.00
222.51, 146.00
222.87, 147.00
223.23, 144.00
223.59, 144.00
223.95, 144.00
224.31, 142.00
224.67, 142.00
225.03, 149.00
225.39, 152.00
225.74, 153.00
226.10, 146.00
226.46, 143.00
226.82, 148.00
227.18, 153.00
227.54, 147.00
227.90, 148.00
228.26, 145.00
228.62, 156.00
228.98, 148.00
229.34, 146.00
229.69, 144.00
230.05, 147.00
230.41, 146.00
230.77, 158.00
231.13, 152.00
231.49, 150.00
231.85, 146.00
232.21, 150.00
232.57, 146.00
232.92, 144.00
233.28, 145.00
233.64, 148.00
234.00, 142.00
234.36, 139.00
234.72, 143.00
235.08, 148.00
235.44, 149.00
235.79, 142.00
236.15, 151.00
236.51, 148.00
236.87, 141.00
237.23, 143.00
237.59, 142.00
237.94, 158.00
238.30, 144.00
238.66, 145.00
239.02, 146.00
239.38, 146.00
239.74, 139.00
240.09, 152.00
240.45, 145.00
240.81, 143.00
241.17, 149.00
241.53, 148.00
241.89, 142.00
242.24, 140.00
242.60, 142.00
242.96, 151.00
243.32, 148.00
243.68, 146.00
244.03, 152.00
244.39, 148.00
244.75, 165.00
245.11, 147.00
245.46, 148.00
245.82, 171.00
246.18, 143.00
246.54, 146.00
246.90, 149.00
247.25, 142.00
247.61, 147.00
247.97, 186.00
248.33, 148.00
248.68, 140.00
249.04, 145.00
249.40, 142.00
249.76, 151.00
250.11, 146.00
250.47, 150.00
250.83, 148.00
251.19, 141.00
251.54, 142.00
251.90, 148.00
252.26, 147.00
252.62, 138.00
252.97, 142.00
253.33, 143.00
253.69, 145.00
254.05, 152.00
254.40, 143.00
254.76, 143.00
255.12, 170.00
255.47, 146.00
255.83, 147.00
256.19, 144.00
256.54, 143.00
256.90, 146.00
257.26, 147.00
257.62, 148.00
257.97, 145.00
258.33, 155.00
258.69, 146.00
259.04, 144.00
259.40, 140.00
259.76, 149.00
260.11, 142.00
260.47, 143.00
260.83, 156.00
261.18, 143.00
261.54, 151.00
261.90, 150.00
262.25, 145.00
262.61, 147.00
262.97, 144.00
263.32, 147.00
263.68, 145.00
264.04, 144.00
264.39, 141.00
264.75, 148.00
265.10, 151.00
265.46, 186.00
265.82, 158.00
266.17, 144.00
266.53, 144.00
266.89, 144.00
267.24, 153.00
267.60, 146.00
267.95, 146.00
268.31, 145.00
268.67, 145.00
269.02, 146.00
269.38, 145.00
269.74, 152.00
270.09, 143.00
270.45, 146.00
270.80, 161.00
271.16, 146.00
271.51, 151.00
271.87, 150.00
272.23, 148.00
272.58, 151.00
272.94, 149.00
273.29, 141.00
273.65, 193.00
274.00, 144.00
274.36, 147.00
274.72, 143.00
275.07, 142.00
275.43, 141.00
275.78, 146.00
276.14, 140.00
276.49, 145.00
276.85, 151.00
277.20, 170.00
277.56, 146.00
277.92, 143.00
278.27, 144.00
278.63, 154.00
278.98, 144.00
279.34, 146.00
279.69, 146.00
280.05, 161.00
280.40, 151.00
280.76, 160.00
281.11, 151.00
281.47, 145.00
281.82, 148.00
282.18, 152.00
282.53, 155.00
282.89, 160.00
283.24, 157.00
283.60, 156.00
283.95, 155.00
284.31, 155.00
284.66, 156.00
285.02, 153.00
285.37, 150.00
285.73, 157.00
286.08, 162.00
286.44, 151.00
286.79, 158.00
287.14, 153.00
287.50, 157.00
287.85, 150.00
288.21, 149.00
288.56, 140.00
288.92, 149.00
289.27, 144.00
289.63, 148.00
289.98, 154.00
290.34, 145.00
290.69, 154.00
291.04, 146.00
291.40, 142.00
291.75, 146.00
292.11, 155.00
292.46, 148.00
292.81, 153.00
293.17, 150.00
293.52, 151.00
293.88, 149.00
294.23, 154.00
294.59, 152.00
294.94, 158.00
295.29, 159.00
295.65, 169.00
296.00, 179.00
296.36, 159.00
296.71, 161.00
297.06, 161.00
297.42, 161.00
297.77, 160.00
298.12, 161.00
298.48, 160.00
298.83, 163.00
299.19, 157.00
299.54, 161.00
299.89, 158.00
300.25, 160.00
300.60, 160.00
300.95, 160.00
301.31, 151.00
301.66, 152.00
302.01, 141.00
302.37, 151.00
302.72, 151.00
303.07, 148.00
303.43, 156.00
303.78, 153.00
304.13, 161.00
304.49, 158.00
304.84, 169.00
305.19, 203.00
305.55, 160.00
305.90, 172.00
306.25, 197.00
306.61, 238.00
306.96, 279.00
307.31, 356.00
307.66, 469.00
308.02, 607.00
308.37, 693.00
308.72, 755.00
309.08, 757.00
309.43, 715.00
309.78, 617.00
310.13, 539.00
310.49, 469.00
310.84, 380.00
311.19, 327.00
311.54, 294.00
311.90, 256.00
312.25, 238.00
312.60, 226.00
312.95, 254.00
313.31, 275.00
313.66, 262.00
314.01, 284.00
314.36, 291.00
314.72, 293.00
315.07, 342.00
315.42, 368.00
315.77, 402.00
316.13, 331.00
316.48, 270.00
316.83, 219.00
317.18, 183.00
317.54, 174.00
317.89, 170.00
318.24, 165.00
318.59, 159.00
318.94, 159.00
319.30, 156.00
319.65, 158.00
320.00, 158.00
320.35, 159.00
320.70, 159.00
321.05, 158.00
321.41, 156.00
321.76, 160.00
322.11, 162.00
322.46, 156.00
322.81, 199.00
323.17, 160.00
323.52, 151.00
323.87, 156.00
324.22, 154.00
324.57, 153.00
324.92, 160.00
325.27, 156.00
325.63, 160.00
325.98, 161.00
326.33, 167.00
326.68, 164.00
327.03, 163.00
327.38, 161.00
327.73, 170.00
328.09, 175.00
328.44, 206.00
328.79, 181.00
329.14, 216.00
329.49, 184.00
329.84, 178.00
330.19, 185.00
330.54, 175.00
330.89, 178.00
331.25, 163.00
331.60, 165.00
331.95, 164.00
332.30, 161.00
332.65, 160.00
333.00, 172.00
333.35, 220.00
333.70, 215.00
334.05, 187.00
334.40, 187.00
334.75, 194.00
335.10, 229.00
335.45, 276.00
335.81, 360.00
336.16, 488.00
336.51, 654.00
336.86, 687.00
337.21, 601.00
337.56, 424.00
337.91, 296.00
338.26, 221.00
338.61, 185.00
338.96, 173.00
339.31, 161.00
339.66, 156.00
340.01, 163.00
340.36, 156.00
340.71, 155.00
341.06, 157.00
341.41, 163.00
341.76, 154.00
342.11, 159.00
342.46, 157.00
342.81, 162.00
343.16, 160.00
343.51, 156.00
343.86, 162.00
344.21, 151.00
344.56, 157.00
344.91, 163.00
345.26, 162.00
345.61, 156.00
345.96, 159.00
346.31, 154.00
346.66, 184.00
347.01, 159.00
347.36, 180.00
347.71, 160.00
348.06, 151.00
348.41, 175.00
348.76, 168.00
349.10, 162.00
349.45, 183.00
349.80, 167.00
350.15, 172.00
350.50, 168.00
350.85, 181.00
351.20, 175.00
351.55, 190.00
351.90, 205.00
352.25, 238.00
352.60, 267.00
352.95, 332.00
353.30, 355.00
353.64, 325.00
353.99, 286.00
354.34, 264.00
354.69, 262.00
355.04, 265.00
355.39, 304.00
355.74, 359.00
356.09, 405.00
356.44, 472.00
356.78, 552.00
357.13, 595.00
357.48, 574.00
357.83, 466.00
358.18, 347.00
358.53, 273.00
358.88, 210.00
359.22, 188.00
359.57, 167.00
359.92, 162.00
360.27, 162.00
360.62, 157.00
360.97, 160.00
361.32, 157.00
361.66, 159.00
362.01, 151.00
362.36, 156.00
362.71, 160.00
363.06, 162.00
363.40, 162.00
363.75, 155.00
364.10, 167.00
364.45, 165.00
364.80, 163.00
365.14, 163.00
365.49, 168.00
365.84, 162.00
366.19, 160.00
366.54, 168.00
366.88, 186.00
367.23, 167.00
367.58, 211.00
367.93, 160.00
368.28, 160.00
368.62, 163.00
368.97, 167.00
369.32, 173.00
369.67, 172.00
370.01, 200.00
370.36, 193.00
370.71, 216.00
371.06, 192.00
371.40, 184.00
371.75, 170.00
372.10, 156.00
372.45, 163.00
372.79, 166.00
373.14, 167.00
373.49, 179.00
373.83, 204.00
374.18, 224.00
374.53, 256.00
374.88, 275.00
375.22, 279.00
375.57, 243.00
375.92, 221.00
376.26, 186.00
376.61, 177.00
376.96, 163.00
377.30, 179.00
377.65, 176.00
378.00, 174.00
378.35, 204.00
378.69, 221.00
379.04, 247.00
379.39, 302.00
379.73, 328.00
380.08, 348.00
380.43, 297.00
380.77, 242.00
381.12, 210.00
381.47, 200.00
381.81, 174.00
382.16, 170.00
382.50, 169.00
382.85, 235.00
383.20, 161.00
383.54, 175.00
383.89, 176.00
384.24, 170.00
384.58, 187.00
384.93, 198.00
385.27, 192.00
385.62, 202.00
385.97, 199.00
386.31, 186.00
386.66, 222.00
387.00, 197.00
387.35, 206.00
387.70, 214.00
388.04, 304.00
388.39, 304.00
388.73, 378.00
389.08, 496.00
389.43, 622.00
389.77, 785.00
390.12, 983.00
390.46, 1385.00
390.81, 1530.00
391.15, 1486.00
391.50, 1153.00
391.85, 716.00
392.19, 483.00
392.54, 319.00
392.88, 223.00
393.23, 200.00
393.57, 202.00
393.92, 193.00
394.26, 181.00
394.61, 171.00
394.95, 172.00
395.30, 161.00
395.64, 165.00
395.99, 197.00
396.33, 161.00
396.68, 157.00
397.02, 163.00
397.37, 168.00
397.71, 176.00
398.06, 182.00
398.40, 193.00
398.75, 212.00
399.09, 224.00
399.44, 219.00
399.78, 203.00
400.13, 190.00
400.47, 179.00
400.82, 161.00
401.16, 157.00
401.51, 163.00
401.85, 160.00
402.20, 168.00
402.54, 162.00
402.88, 167.00
403.23, 164.00
403.57, 180.00
403.92, 201.00
404.26, 265.00
404.61, 223.00
404.95, 264.00
405.30, 228.00
405.64, 218.00
405.98, 228.00
406.33, 192.00
406.67, 172.00
407.02, 160.00
407.36, 168.00
407.70, 173.00
408.05, 163.00
408.39, 173.00
408.74, 170.00
409.08, 180.00
409.42, 173.00
409.77, 169.00
410.11, 176.00
410.46, 168.00
410.80, 166.00
411.14, 173.00
411.49, 183.00
411.83, 186.00
412.17, 179.00
412.52, 180.00
412.86, 190.00
413.20, 185.00
413.55, 187.00
413.89, 181.00
414.23, 184.00
414.58, 213.00
414.92, 167.00
415.26, 164.00
415.61, 167.00
415.95, 171.00
416.29, 171.00
416.64, 174.00
416.98, 174.00
417.32, 179.00
417.67, 200.00
418.01, 207.00
418.35, 207.00
418.70, 226.00
419.04, 264.00
419.38, 251.00
419.72, 241.00
420.07, 217.00
420.41, 193.00
420.75, 184.00
421.10, 171.00
421.44, 180.00
421.78, 178.00
422.12, 174.00
422.47, 185.00
422.81, 190.00
423.15, 195.00
423.49, 193.00
423.84, 186.00
424.18, 204.00
424.52, 210.00
424.86, 245.00
425.21, 287.00
425.55, 322.00
425.89, 395.00
426.23, 450.00
426.57, 570.00
426.92, 640.00
427.26, 683.00
427.60, 585.00
427.94, 416.00
428.28, 332.00
428.63, 259.00
428.97, 211.00
429.31, 184.00
429.65, 169.00
429.99, 168.00
430.34, 160.00
430.68, 166.00
431.02, 170.00
431.36, 166.00
431.70, 165.00
432.04, 167.00
432.39, 171.00
432.73, 172.00
433.07, 168.00
433.41, 168.00
433.75, 188.00
434.09, 186.00
434.43, 191.00
434.78, 253.00
435.12, 301.00
435.46, 341.00
435.80, 303.00
436.14, 273.00
436.48, 232.00
436.82, 223.00
437.16, 191.00
437.51, 187.00
437.85, 176.00
438.19, 220.00
438.53, 173.00
438.87, 198.00
439.21, 175.00
439.55, 184.00
439.89, 188.00
440.23, 186.00
440.57, 187.00
440.91, 196.00
441.26, 187.00
441.60, 183.00
441.94, 174.00
442.28, 178.00
442.62, 173.00
442.96, 175.00
443.30, 180.00
443.64, 177.00
443.98, 170.00
444.32, 178.00
444.66, 172.00
445.00, 173.00
445.34, 186.00
445.68, 173.00
446.02, 176.00
446.36, 172.00
446.70, 173.00
447.04, 179.00
447.38, 203.00
447.72, 172.00
448.06, 175.00
448.40, 184.00
448.74, 177.00
449.08, 180.00
449.42, 174.00
449.76, 177.00
450.10, 170.00
450.44, 171.00
450.78, 183.00
451.12, 179.00
451.46, 176.00
451.80, 187.00
452.14, 163.00
452.48, 172.00
452.82, 173.00
453.16, 175.00
453.50, 173.00
453.84, 168.00
454.18, 218.00
454.52, 179.00
454.86, 176.00
455.19, 192.00
455.53, 176.00
455.87, 181.00
456.21, 190.00
456.55, 184.00
456.89, 184.00
457.23, 185.00
457.57, 189.00
457.91, 188.00
458.25, 187.00
458.59, 197.00
458.92, 205.00
459.26, 205.00
459.60, 212.00
459.94, 195.00
460.28, 189.00
460.62, 181.00
460.96, 174.00
461.30, 169.00
461.63, 166.00
461.97, 171.00
462.31, 167.00
462.65, 174.00
462.99, 180.00
463.33, 184.00
463.67, 182.00
464.00, 189.00
464.34, 182.00
464.68, 187.00
465.02, 194.00
465.36, 192.00
465.70, 178.00
466.03, 181.00
466.37, 181.00
466.71, 187.00
467.05, 189.00
467.39, 199.00
467.72, 208.00
468.06, 217.00
468.40, 222.00
468.74, 229.00
469.08, 234.00
469.41, 260.00
469.75, 280.00
470.09, 297.00
470.43, 306.00
470.76, 272.00
471.10, 243.00
471.44, 230.00
471.78, 210.00
472.11, 201.00
472.45, 197.00
472.79, 185.00
473.13, 186.00
473.46, 185.00
473.80, 182.00
474.14, 179.00
474.48, 189.00
474.81, 178.00
475.15, 177.00
475.49, 189.00
475.82, 184.00
476.16, 182.00
476.50, 176.00
476.84, 179.00
477.17, 176.00
477.51, 174.00
477.85, 181.00
478.18, 186.00
478.52, 175.00
478.86, 229.00
479.19, 186.00
479.53, 179.00
479.87, 217.00
480.20, 189.00
480.54, 183.00
480.88, 178.00
481.21, 178.00
481.55, 183.00
481.89, 187.00
482.22, 188.00
482.56, 194.00
482.90, 198.00
483.23, 196.00
483.57, 197.00
483.90, 218.00
484.24, 209.00
484.58, 218.00
484.91, 228.00
485.25, 240.00
485.58, 236.00
485.92, 240.00
486.26, 249.00
486.59, 252.00
486.93, 243.00
487.26, 247.00
487.60, 249.00
487.94, 245.00
488.27, 245.00
488.61, 243.00
488.94, 250.00
489.28, 242.00
489.61, 237.00
489.95, 233.00
490.29, 233.00
490.62, 240.00
490.96, 234.00
491.29, 240.00
491.63, 227.00
491.96, 231.00
492.30, 233.00
492.63, 228.00
492.97, 216.00
493.30, 214.00
493.64, 214.00
493.97, 207.00
494.31, 219.00
494.64, 221.00
494.98, 218.00
495.31, 218.00
495.65, 218.00
495.98, 214.00
496.32, 212.00
496.65, 236.00
496.99, 208.00
497.32, 199.00
497.66, 200.00
497.99, 201.00
498.33, 192.00
498.66, 193.00
499.00, 194.00
499.33, 193.00
499.67, 188.00
500.00, 188.00
500.34, 203.00
500.67, 204.00
501.00, 204.00
501.34, 194.00
501.67, 191.00
502.01, 193.00
502.34, 190.00
502.68, 184.00
503.01, 198.00
503.34, 186.00
503.68, 186.00
504.01, 188.00
504.35, 190.00
504.68, 192.00
505.01, 187.00
505.35, 191.00
505.68, 186.00
506.02, 192.00
506.35, 196.00
506.68, 211.00
507.02, 197.00
507.35, 196.00
507.68, 185.00
508.02, 195.00
508.35, 190.00
508.69, 185.00
509.02, 180.00
509.35, 182.00
509.69, 180.00
510.02, 187.00
510.35, 182.00
510.69, 182.00
511.02, 180.00
511.35, 181.00
511.69, 184.00
512.02, 178.00
512.35, 186.00
512.68, 181.00
513.02, 180.00
513.35, 175.00
513.68, 173.00
514.02, 181.00
514.35, 177.00
514.68, 181.00
515.01, 180.00
515.35, 185.00
515.68, 168.00
516.01, 173.00
516.35, 171.00
516.68, 173.00
517.01, 176.00
517.34, 180.00
517.68, 170.00
518.01, 190.00
518.34, 171.00
518.67, 178.00
519.01, 176.00
519.34, 183.00
519.67, 185.00
520.00, 177.00
520.33, 185.00
520.67, 189.00
521.00, 177.00
521.33, 190.00
521.66, 200.00
522.00, 199.00
522.33, 194.00
522.66, 186.00
522.99, 181.00
523.32, 188.00
523.65, 186.00
523.99, 185.00
524.32, 186.00
524.65, 179.00
524.98, 184.00
525.31, 175.00
525.65, 207.00
525.98, 179.00
526.31, 170.00
526.64, 191.00
526.97, 183.00
527.30, 171.00
527.63, 178.00
527.97, 174.00
528.30, 174.00
528.63, 183.00
528.96, 205.00
529.29, 174.00
529.62, 180.00
529.95, 167.00
530.28, 173.00
530.61, 172.00
530.95, 166.00
531.28, 173.00
531.61, 181.00
531.94, 177.00
532.27, 188.00
532.60, 187.00
532.93, 187.00
533.26, 186.00
533.59, 178.00
533.92, 184.00
534.25, 176.00
534.58, 212.00
534.91, 184.00
535.25, 176.00
535.58, 173.00
535.91, 173.00
536.24, 187.00
536.57, 187.00
536.90, 184.00
537.23, 196.00
537.56, 235.00
537.89, 206.00
538.22, 209.00
538.55, 209.00
538.88, 221.00
539.21, 351.00
539.54, 241.00
539.87, 254.00
540.20, 278.00
540.53, 300.00
540.86, 374.00
541.19, 389.00
541.52, 416.00
541.85, 440.00
542.18, 471.00
542.51, 468.00
542.84, 475.00
543.17, 482.00
543.50, 464.00
543.82, 454.00
544.15, 457.00
544.48, 450.00
544.81, 482.00
545.14, 513.00
545.47, 478.00
545.80, 456.00
546.13, 387.00
546.46, 386.00
546.79, 346.00
547.12, 301.00
547.45, 282.00
547.78, 281.00
548.10, 267.00
548.43, 262.00
548.76, 253.00
549.09, 254.00
549.42, 244.00
549.75, 245.00
550.08, 240.00
550.41, 226.00
550.74, 241.00
551.06, 229.00
551.39, 233.00
551.72, 222.00
552.05, 213.00
552.38, 218.00
552.71, 206.00
553.03, 220.00
553.36, 211.00
553.69, 204.00
554.02, 190.00
554.35, 200.00
554.68, 187.00
555.00, 192.00
555.33, 181.00
555.66, 180.00
555.99, 199.00
556.32, 181.00
556.64, 184.00
556.97, 200.00
557.30, 190.00
557.63, 188.00
557.96, 193.00
558.28, 187.00
558.61, 199.00
558.94, 190.00
559.27, 188.00
559.59, 186.00
559.92, 189.00
560.25, 190.00
560.58, 184.00
560.90, 193.00
561.23, 188.00
561.56, 186.00
561.89, 185.00
562.21, 176.00
562.54, 181.00
562.87, 174.00
563.20, 180.00
563.52, 174.00
563.85, 169.00
564.18, 193.00
564.50, 171.00
564.83, 205.00
565.16, 225.00
565.48, 161.00
565.81, 176.00
566.14, 166.00
566.47, 164.00
566.79, 172.00
567.12, 166.00
567.45, 199.00
567.77, 169.00
568.10, 165.00
568.43, 169.00
568.75, 171.00
569.08, 164.00
569.40, 206.00
569.73, 164.00
570.06, 168.00
570.38, 162.00
570.71, 168.00
571.04, 164.00
571.36, 166.00
571.69, 170.00
572.01, 166.00
572.34, 160.00
572.67, 169.00
572.99, 170.00
573.32, 180.00
573.64, 162.00
573.97, 165.00
574.30, 164.00
574.62, 163.00
574.95, 170.00
575.27, 175.00
575.60, 181.00
575.92, 181.00
576.25, 187.00
576.58, 199.00
576.90, 183.00
577.23, 218.00
577.55, 189.00
577.88, 188.00
578.20, 190.00
578.53, 185.00
578.85, 211.00
579.18, 201.00
579.50, 198.00
579.83, 199.00
580.15, 206.00
580.48, 209.00
580.80, 202.00
581.13, 201.00
581.45, 201.00
581.78, 204.00
582.10, 205.00
582.43, 216.00
582.75, 215.00
583.08, 217.00
583.40, 209.00
583.73, 280.00
584.05, 215.00
584.38, 209.00
584.70, 256.00
585.03, 208.00
585.35, 212.00
585.67, 220.00
586.00, 236.00
586.32, 262.00
586.65, 277.00
586.97, 262.00
587.30, 265.00
587.62, 238.00
587.94, 251.00
588.27, 225.00
588.59, 220.00
588.92, 211.00
589.24, 209.00
589.56, 209.00
589.89, 206.00
590.21, 202.00
590.54, 196.00
590.86, 191.00
591.18, 190.00
591.51, 211.00
591.83, 219.00
592.15, 214.00
592.48, 217.00
592.80, 216.00
593.13, 213.00
593.45, 204.00
593.77, 200.00
594.10, 197.00
594.42, 202.00
594.74, 194.00
595.07, 201.00
595.39, 197.00
595.71, 205.00
596.03, 201.00
596.36, 195.00
596.68, 202.00
597.00, 205.00
597.33, 202.00
597.65, 212.00
597.97, 213.00
598.30, 210.00
598.62, 213.00
598.94, 212.00
599.26, 209.00
599.59, 220.00
599.91, 212.00
600.23, 201.00
600.55, 203.00
600.88, 196.00
601.20, 190.00
601.52, 188.00
601.84, 183.00
602.17, 181.00
602.49, 183.00
602.81, 179.00
603.13, 186.00
603.45, 182.00
603.78, 175.00
604.10, 179.00
604.42, 169.00
604.74, 178.00
605.07, 171.00
605.39, 174.00
605.71, 174.00
606.03, 177.00
606.35, 172.00
606.67, 187.00
607.00, 191.00
607.32, 183.00
607.64, 191.00
607.96, 183.00
608.28, 200.00
608.60, 206.00
608.93, 218.00
609.25, 249.00
609.57, 316.00
609.89, 392.00
610.21, 465.00
610.53, 508.00
610.85, 507.00
611.17, 465.00
611.50, 435.00
611.82, 402.00
612.14, 374.00
612.46, 351.00
612.78, 328.00
613.10, 295.00
613.42, 291.00
613.74, 290.00
614.06, 309.00
614.38, 269.00
614.70, 262.00
615.03, 260.00
615.35, 251.00
615.67, 334.00
615.99, 215.00
616.31, 210.00
616.63, 207.00
616.95, 201.00
617.27, 199.00
617.59, 186.00
617.91, 196.00
618.23, 192.00
618.55, 186.00
618.87, 190.00
619.19, 186.00
619.51, 189.00
619.83, 197.00
620.15, 197.00
620.47, 194.00
620.79, 188.00
621.11, 197.00
621.43, 198.00
621.75, 206.00
622.07, 196.00
622.39, 188.00
622.71, 187.00
623.03, 182.00
623.35, 233.00
623.67, 188.00
623.99, 186.00
624.31, 185.00
624.63, 190.00
624.95, 180.00
625.26, 185.00
625.58, 181.00
625.90, 204.00
626.22, 174.00
626.54, 178.00
626.86, 188.00
627.18, 181.00
627.50, 183.00
627.82, 179.00
628.14, 181.00
628.46, 181.00
628.77, 188.00
629.09, 191.00
629.41, 195.00
629.73, 211.00
630.05, 221.00
630.37, 210.00
630.69, 219.00
631.00, 217.00
631.32, 207.00
631.64, 187.00
631.96, 189.00
632.28, 191.00
632.60, 188.00
632.92, 185.00
633.23, 179.00
633.55, 185.00
633.87, 180.00
634.19, 177.00
634.51, 183.00
634.82, 191.00
635.14, 190.00
635.46, 182.00
635.78, 183.00
636.10, 177.00
636.41, 187.00
636.73, 186.00
637.05, 180.00
637.37, 191.00
637.68, 181.00
638.00, 179.00
638.32, 185.00
638.64, 193.00
638.95, 207.00
639.27, 201.00
639.59, 196.00
639.91, 184.00
640.22, 185.00
640.54, 188.00
640.86, 180.00
641.18, 189.00
641.49, 200.00
641.81, 184.00
642.13, 189.00
642.44, 175.00
642.76, 174.00
643.08, 170.00
643.40, 171.00
643.71, 174.00
644.03, 179.00
644.35, 178.00
644.66, 182.00
644.98, 178.00
645.30, 175.00
645.61, 191.00
645.93, 176.00
646.25, 169.00
646.56, 176.00
646.88, 197.00
647.19, 170.00
647.51, 169.00
647.83, 163.00
648.14, 166.00
648.46, 168.00
648.78, 170.00
649.09, 171.00
649.41, 216.00
649.72, 172.00
650.04, 179.00
650.36, 175.00
650.67, 173.00
650.99, 177.00
651.30, 178.00
651.62, 174.00
651.93, 175.00
652.25, 182.00
652.57, 209.00
652.88, 167.00
653.20, 175.00
653.51, 181.00
653.83, 175.00
654.14, 168.00
654.46, 173.00
654.77, 170.00
655.09, 170.00
655.40, 182.00
655.72, 174.00
656.04, 169.00
656.35, 168.00
656.67, 169.00
656.98, 168.00
657.30, 169.00
657.61, 169.00
657.93, 170.00
658.24, 175.00
658.55, 212.00
658.87, 170.00
659.18, 169.00
659.50, 175.00
659.81, 177.00
660.13, 169.00
660.44, 168.00
660.76, 170.00
661.07, 187.00
661.39, 173.00
661.70, 170.00
662.01, 169.00
662.33, 167.00
662.64, 177.00
662.96, 162.00
663.27, 156.00
663.59, 161.00
663.90, 157.00
664.21, 164.00
664.53, 179.00
664.84, 163.00
665.16, 185.00
665.47, 163.00
665.78, 165.00
666.10, 168.00
666.41, 177.00
666.72, 202.00
667.04, 197.00
667.35, 188.00
667.67, 180.00
667.98, 176.00
668.29, 172.00
668.61, 175.00
668.92, 168.00
669.23, 164.00
669.55, 168.00
669.86, 197.00
670.17, 165.00
670.48, 159.00
670.80, 156.00
671.11, 157.00
671.42, 149.00
671.74, 168.00
672.05, 155.00
672.36, 161.00
672.68, 154.00
672.99, 160.00
673.30, 160.00
673.61, 162.00
673.93, 163.00
674.24, 163.00
674.55, 163.00
674.86, 171.00
675.18, 172.00
675.49, 172.00
675.80, 166.00
676.11, 174.00
676.43, 173.00
676.74, 166.00
677.05, 166.00
677.36, 177.00
677.67, 173.00
677.99, 164.00
678.30, 170.00
678.61, 167.00
678.92, 169.00
679.23, 168.00
679.55, 162.00
679.86, 167.00
680.17, 166.00
680.48, 175.00
680.79, 170.00
681.10, 154.00
681.42, 156.00
681.73, 158.00
682.04, 159.00
682.35, 154.00
682.66, 163.00
682.97, 153.00
683.28, 160.00
683.60, 163.00
683.91, 162.00
684.22, 176.00
684.53, 153.00
684.84, 157.00
685.15, 162.00
685.46, 184.00
685.77, 159.00
686.08, 159.00
686.40, 198.00
686.71, 160.00
687.02, 161.00
687.33, 164.00
687.64, 157.00
687.95, 154.00
688.26, 161.00
688.57, 153.00
688.88, 151.00
689.19, 157.00
689.50, 148.00
689.81, 155.00
690.12, 153.00
690.43, 169.00
690.74, 152.00
691.05, 150.00
691.36, 162.00
691.67, 153.00
691.98, 159.00
692.29, 151.00
692.60, 154.00
692.91, 152.00
693.22, 153.00
693.53, 152.00
693.84, 152.00
694.15, 152.00
694.46, 152.00
694.77, 153.00
695.08, 156.00
695.39, 152.00
695.70, 146.00
696.01, 150.00
696.32, 152.00
696.63, 152.00
696.94, 155.00
697.25, 148.00
697.56, 158.00
697.87, 159.00
698.17, 186.00
698.48, 155.00
698.79, 150.00
699.10, 154.00
699.41, 155.00
699.72, 151.00
700.03, 148.00
700.34, 151.00
700.65, 157.00
700.95, 147.00
701.26, 148.00
701.57, 150.00
701.88, 148.00
702.19, 160.00
702.50, 154.00
702.81, 154.00
703.11, 180.00
703.42, 149.00
703.73, 160.00
704.04, 164.00
704.35, 167.00
704.66, 182.00
704.96, 256.00
705.27, 335.00
705.58, 368.00
705.89, 373.00
706.20, 313.00
706.50, 282.00
706.81, 255.00
707.12, 236.00
707.43, 208.00
707.73, 199.00
708.04, 171.00
708.35, 173.00
708.66, 163.00
708.97, 161.00
709.27, 169.00
709.58, 159.00
709.89, 152.00
710.19, 163.00
710.50, 161.00
710.81, 153.00
711.12, 161.00
711.42, 161.00
711.73, 165.00
712.04, 158.00
712.35, 156.00
712.65, 159.00
712.96, 154.00
713.27, 158.00
713.57, 176.00
713.88, 173.00
714.19, 145.00
714.49, 148.00
714.80, 154.00
715.11, 155.00
715.41, 149.00
715.72, 149.00
716.03, 147.00
716.33, 156.00
716.64, 146.00
716.94, 153.00
717.25, 142.00
717.56, 158.00
717.86, 158.00
718.17, 146.00
718.48, 147.00
718.78, 149.00
719.09, 146.00
719.39, 148.00
719.70, 152.00
720.01, 147.00
720.31, 148.00
720.62, 153.00
720.92, 152.00
721.23, 151.00
721.53, 156.00
721.84, 149.00
722.15, 159.00
722.45, 151.00
722.76, 154.00
723.06, 148.00
723.37, 155.00
723.67, 151.00
723.98, 150.00
724.28, 149.00
724.59, 155.00
724.89, 146.00
725.20, 154.00
725.50, 159.00
725.81, 150.00
726.11, 157.00
726.42, 154.00
726.72, 161.00
727.03, 191.00
727.33, 169.00
727.64, 165.00
727.94, 159.00
728.25, 158.00
728.55, 150.00
728.86, 176.00
729.16, 152.00
729.46, 147.00
729.77, 149.00
730.07, 148.00
730.38, 151.00
730.68, 152.00
730.99, 159.00
731.29, 150.00
731.59, 154.00
731.90, 146.00
732.20, 144.00
732.51, 150.00
732.81, 149.00
733.11, 156.00
733.42, 148.00
733.72, 156.00
734.02, 154.00
734.33, 150.00
734.63, 148.00
734.94, 151.00
735.24, 147.00
735.54, 147.00
735.85, 148.00
736.15, 151.00
736.45, 148.00
736.76, 149.00
737.06, 149.00
737.36, 148.00
737.67, 146.00
737.97, 151.00
738.27, 149.00
738.57, 156.00
738.88, 147.00
739.18, 184.00
739.48, 153.00
739.79, 151.00
740.09, 150.00
740.39, 150.00
740.69, 154.00
741.00, 151.00
741.30, 155.00
741.60, 149.00
741.90, 147.00
742.21, 150.00
742.51, 191.00
742.81, 153.00
743.11, 146.00
743.42, 175.00
743.72, 149.00
744.02, 158.00
744.32, 152.00
744.63, 161.00
744.93, 156.00
745.23, 153.00
745.53, 157.00
745.83, 150.00
746.13, 145.00
746.44, 154.00
746.74, 152.00
747.04, 155.00
747.34, 150.00
747.64, 151.00
747.94, 152.00
748.25, 157.00
748.55, 153.00
748.85, 155.00
749.15, 159.00
749.45, 191.00
749.75, 165.00
750.05, 161.00
750.35, 154.00
750.66, 166.00
750.96, 158.00
751.26, 146.00
751.56, 149.00
751.86, 161.00
752.16, 149.00
752.46, 144.00
752.76, 147.00
753.06, 142.00
753.36, 188.00
753.66, 153.00
753.96, 153.00
754.27, 150.00
754.57, 144.00
754.87, 144.00
755.17, 144.00
755.47, 145.00
755.77, 149.00
756.07, 147.00
756.37, 146.00
756.67, 152.00
756.97, 150.00
757.27, 157.00
757.57, 152.00
757.87, 155.00
758.17, 152.00
758.47, 154.00
758.77, 160.00
759.07, 152.00
759.37, 154.00
759.67, 153.00
759.97, 155.00
760.27, 152.00
760.57, 152.00
760.86, 150.00
761.16, 150.00
761.46, 150.00
761.76, 185.00
762.06, 154.00
762.36, 157.00
762.66, 151.00
762.96, 149.00
763.26, 153.00
763.56, 180.00
763.86, 151.00
764.16, 149.00
764.45, 161.00
764.75, 152.00
765.05, 153.00
765.35, 145.00
765.65, 148.00
765.95, 146.00
766.25, 152.00
766.55, 149.00
766.84, 154.00
767.14, 145.00
767.44, 142.00
767.74, 151.00
768.04, 159.00
768.34, 152.00
768.63, 149.00
768.93, 152.00
769.23, 150.00
769.53, 153.00
769.83, 154.00
770.12, 154.00
770.42, 147.00
770.72, 151.00
771.02, 148.00
771.32, 153.00
771.61, 155.00
771.91, 161.00
772.21, 151.00
772.51, 148.00
772.80, 149.00
773.10, 157.00
773.40, 157.00
773.70, 149.00
773.99, 153.00
774.29, 155.00
774.59, 157.00
774.88, 155.00
775.18, 161.00
775.48, 226.00
775.78, 354.00
776.07, 466.00
776.37, 515.00
776.67, 469.00
776.96, 349.00
777.26, 330.00
777.56, 249.00
777.85, 232.00
778.15, 223.00
778.45, 211.00
778.74, 194.00
779.04, 179.00
779.34, 161.00
779.63, 165.00
779.93, 147.00
780.22, 147.00
780.52, 144.00
780.82, 147.00
781.11, 150.00
781.41, 148.00
781.71, 143.00
782.00, 145.00
782.30, 149.00
782.59, 159.00
782.89, 147.00
783.19, 143.00
783.48, 149.00
783.78, 143.00
784.07, 149.00
784.37, 148.00
784.66, 146.00
784.96, 145.00
785.25, 146.00
785.55, 144.00
785.84, 149.00
786.14, 152.00
786.44, 144.00
786.73, 142.00
787.03, 141.00
787.32, 146.00
787.62, 147.00
787.91, 140.00
788.21, 147.00
788.50, 147.00
788.80, 143.00
789.09, 152.00
789.39, 152.00
789.68, 143.00
789.97, 151.00
790.27, 149.00
790.56, 147.00
790.86, 160.00
791.15, 144.00
791.45, 147.00
791.74, 163.00
792.04, 149.00
792.33, 142.00
792.62, 172.00
792.92, 147.00
793.21, 141.00
793.51, 155.00
793.80, 145.00
794.09, 149.00
794.39, 145.00
794.68, 147.00
794.98, 146.00
795.27, 145.00
795.56, 145.00
795.86, 148.00
796.15, 149.00
796.44, 145.00
796.74, 143.00
797.03, 146.00
797.32, 144.00
797.62, 142.00
797.91, 156.00
798.20, 144.00
798.50, 148.00
798.79, 149.00
799.08, 141.00
799.38, 145.00
799.67, 145.00
799.96, 155.00
800.26, 166.00
800.55, 145.00
800.84, 148.00
801.13, 145.00
801.43, 147.00
801.72, 182.00
802.01, 142.00
802.30, 148.00
802.60, 148.00
802.89, 150.00
803.18, 150.00
803.47, 145.00
803.77, 149.00
804.06, 151.00
804.35, 144.00
804.64, 157.00
804.94, 146.00
805.23, 144.00
805.52, 145.00
805.81, 145.00
806.10, 139.00
806.39, 144.00
806.69, 147.00
806.98, 143.00
807.27, 142.00
807.56, 148.00
807.85, 144.00
808.14, 140.00
808.44, 155.00
808.73, 144.00
809.02, 163.00
809.31, 152.00
809.60, 149.00
809.89, 153.00
810.18, 151.00
810.48, 154.00
810.77, 148.00
811.06, 145.00
811.35, 143.00
811.64, 147.00
811.93, 169.00
812.22, 148.00
812.51, 146.00
812.80, 147.00
813.09, 143.00
813.38, 142.00
813.67, 163.00
813.96, 149.00
814.26, 142.00
814.55, 142.00
814.84, 141.00
815.13, 149.00
815.42, 143.00
815.71, 149.00
816.00, 144.00
816.29, 151.00
816.58, 145.00
816.87, 145.00
817.16, 143.00
817.45, 158.00
817.74, 143.00
818.03, 145.00
818.32, 143.00
818.61, 147.00
818.90, 148.00
819.19, 143.00
819.48, 141.00
819.76, 145.00
820.05, 146.00
820.34, 146.00
820.63, 141.00
820.92, 143.00
821.21, 149.00
821.50, 144.00
821.79, 147.00
822.08, 141.00
822.37, 147.00
822.66, 146.00
822.95, 147.00
823.23, 144.00
823.52, 162.00
823.81, 150.00
824.10, 143.00
824.39, 146.00
824.68, 140.00
824.97, 160.00
825.26, 139.00
825.54, 193.00
825.83, 148.00
826.12, 139.00
826.41, 146.00
826.70, 145.00
826.99, 149.00
827.27, 145.00
827.56, 162.00
827.85, 143.00
828.14, 139.00
828.43, 149.00
828.71, 146.00
829.00, 146.00
829.29, 140.00
829.58, 146.00
829.86, 141.00
830.15, 149.00
830.44, 146.00
830.73, 147.00
831.01, 143.00
831.30, 143.00
831.59, 149.00
831.88, 145.00
832.16, 143.00
832.45, 148.00
832.74, 142.00
833.03, 146.00
833.31, 143.00
833.60, 145.00
833.89, 142.00
834.17, 148.00
834.46, 147.00
834.75, 145.00
835.03, 143.00
835.32, 143.00
835.61, 145.00
835.89, 159.00
836.18, 140.00
836.47, 147.00
836.75, 145.00
837.04, 147.00
837.33, 151.00
837.61, 143.00
837.90, 145.00
838.19, 142.00
838.47, 141.00
838.76, 146.00
839.04, 141.00
839.33, 139.00
839.62, 142.00
839.90, 148.00
840.19, 138.00
840.47, 145.00
840.76, 169.00
841.04, 147.00
841.33, 147.00
841.62, 143.00
841.90, 147.00
842.19, 149.00
842.47, 304.00
842.76, 140.00
843.04, 149.00
843.33, 172.00
843.61, 158.00
843.90, 157.00
844.18, 158.00
844.47, 158.00
844.75, 160.00
845.04, 149.00
845.32, 148.00
845.61, 148.00
845.89, 146.00
846.18, 151.00
846.46, 149.00
846.75, 145.00
847.03, 160.00
847.32, 142.00
847.60, 145.00
847.88, 146.00
848.17, 145.00
848.45, 163.00
848.74, 147.00
849.02, 143.00
849.31, 146.00
849.59, 141.00
849.87, 143.00
850.16, 145.00
850.44, 149.00
850.73, 173.00
851.01, 151.00
851.29, 144.00
851.58, 154.00
851.86, 146.00
852.14, 146.00
852.43, 151.00
852.71, 150.00
853.00, 142.00
853.28, 152.00
853.56, 146.00
853.85, 147.00
854.13, 143.00
854.41, 142.00
854.69, 142.00
854.98, 144.00
855.26, 193.00
855.54, 145.00
855.83, 142.00
856.11, 152.00
856.39, 145.00
856.68, 143.00
856.96, 138.00
857.24, 147.00
857.52, 151.00
857.81, 146.00
858.09, 142.00
858.37, 148.00
858.65, 138.00
858.94, 143.00
859.22, 144.00
