190.05, 0.00
190.41, 141.00
190.77, 135.00
191.14, 140.00
191.50, 141.00
191.86, 160.00
192.22, 145.00
192.58, 150.00
192.94, 146.00
193.31, 146.00
193.67, 150.00
194.03, 156.00
194.39, 147.00
194.75, 147.00
195.11, 150.00
195.47, 163.00
195.84, 151.00
196.20, 149.00
196.56, 166.00
196.92, 150.00
197.28, 149.00
197.64, 148.00
198.00, 142.00
198.37, 154.00
198.73, 151.00
199.09, 143.00
199.45, 143.00
199.81, 148.00
200.17, 149.00
200.53, 148.00
200.89, 155.00
201.25, 180.00
201.62, 148.00
201.98, 148.00
202.34, 143.00
202.70, 152.00
203.06, 146.00
203.42, 145.00
203.78, 148.00
204.14, 153.00
204.50, 173.00
204.86, 162.00
205.22, 152.00
205.58, 146.00
205.95, 145.00
206.31, 142.00
206.67, 149.00
207.03, 150.00
207.39, 157.00
207.75, 152.00
208.11, 152.00
208.47, 148.00
208.83, 150.00
209.19, 151.00
209.55, 148.00
209.91, 150.00
210.27, 151.00
210.63, 152.00
210.99, 160.00
211.35, 143.00
211.71, 150.00
212.07, 143.00
212.43, 149.00
212.79, 149.00
213.15, 149.00
213.51, 150.00
213.87, 153.00
214.23, 145.00
214.59, 140.00
214.95, 145.00
215.31, 142.00
215.67, 149.00
216.03, 182.00
216.39, 149.00
216.75, 143.00
217.11, 150.00
217.47, 146.00
217.83, 149.00
218.19, 145.00
218.55, 151.00
218.91, 153.00
219.27, 145.00
219.63, 149.00
219.99, 148.00
220.35, 147.00
220.71, 156.00
221.07, 150.00
221.43, 151.00
221.79, 152.00
222.15, 149.00
222.51, 149.00
222.87, 149.00
223.23, 152.00
223.59, 148.00
223.95, 144.00
224.31, 148.00
224.67, 146.00
225.03, 153.00
225.39, 154.00
225.74, 156.00
226.10, 149.00
226.46, 149.00
226.82, 152.00
227.18, 150.00
227.54, 147.00
227.90, 154.00
228.26, 153.00
228.62, 153.00
228.98, 147.00
229.34, 146.00
229.69, 148.00
230.05, 153.00
230.41, 150.00
230.77, 158.00
231.13, 154.00
231.49, 152.00
231.85, 151.00
232.21, 154.00
232.57, 152.00
232.92, 151.00
233.28, 149.00
233.64, 154.00
234.00, 149.00
234.36, 147.00
234.72, 143.00
235.08, 148.00
235.44, 151.00
235.79, 144.00
236.15, 148.00
236.51, 146.00
236.87, 142.00
237.23, 155.00
237.59, 143.00
237.94, 154.00
238.30, 151.00
238.66, 143.00
239.02, 151.00
239.38, 142.00
239.74, 146.00
240.09, 159.00
240.45, 142.00
240.81, 147.00
241.17, 156.00
241.53, 150.00
241.89, 145.00
242.24, 148.00
242.60, 143.00
242.96, 150.00
243.32, 150.00
243.68, 147.00
244.03, 150.00
244.39, 146.00
244.75, 172.00
245.11, 154.00
245.46, 153.00
245.82, 180.00
246.18, 150.00
246.54, 154.00
246.90, 149.00
247.25, 148.00
247.61, 146.00
247.97, 187.00
248.33, 146.00
248.68, 149.00
249.04, 149.00
249.40, 148.00
249.76, 152.00
250.11, 149.00
250.47, 143.00
250.83, 150.00
251.19, 142.00
251.54, 154.00
251.90, 150.00
252.26, 147.00
252.62, 141.00
252.97, 151.00
253.33, 144.00
253.69, 145.00
254.05, 153.00
254.40, 146.00
254.76, 147.00
255.12, 177.00
255.47, 152.00
255.83, 154.00
256.19, 152.00
256.54, 149.00
256.90, 144.00
257.26, 145.00
257.62, 153.00
257.97, 150.00
258.33, 152.00
258.69, 150.00
259.04, 153.00
259.40, 148.00
259.76, 151.00
260.11, 144.00
260.47, 146.00
260.83, 150.00
261.18, 146.00
261.54, 157.00
261.90, 154.00
262.25, 147.00
262.61, 148.00
262.97, 144.00
263.32, 147.00
263.68, 145.00
264.04, 150.00
264.39, 154.00
264.75, 147.00
265.10, 153.00
265.46, 195.00
265.82, 158.00
266.17, 148.00
266.53, 146.00
266.89, 148.00
267.24, 154.00
267.60, 148.00
267.95, 144.00
268.31, 147.00
268.67, 146.00
269.02, 147.00
269.38, 145.00
269.74, 154.00
270.09, 148.00
270.45, 151.00
270.80, 175.00
271.16, 157.00
271.51, 159.00
271.87, 160.00
272.23, 162.00
272.58, 154.00
272.94, 150.00
273.29, 149.00
273.65, 202.00
274.00, 148.00
274.36, 146.00
274.72, 144.00
275.07, 151.00
275.43, 151.00
275.78, 151.00
276.14, 160.00
276.49, 157.00
276.85, 161.00
277.20, 169.00
277.56, 146.00
277.92, 148.00
278.27, 151.00
278.63, 157.00
278.98, 152.00
279.34, 152.00
279.69, 154.00
280.05, 173.00
280.40, 160.00
280.76, 168.00
281.11, 161.00
281.47, 164.00
281.82, 162.00
282.18, 162.00
282.53, 171.00
282.89, 173.00
283.24, 176.00
283.60, 172.00
283.95, 176.00
284.31, 179.00
284.66, 188.00
285.02, 185.00
285.37, 190.00
285.73, 185.00
286.08, 192.00
286.44, 170.00
286.79, 165.00
287.14, 166.00
287.50, 166.00
287.85, 160.00
288.21, 168.00
288.56, 165.00
288.92, 166.00
289.27, 165.00
289.63, 173.00
289.98, 173.00
290.34, 159.00
290.69, 176.00
291.04, 165.00
291.40, 160.00
291.75, 157.00
292.11, 172.00
292.46, 159.00
292.81, 171.00
293.17, 164.00
293.52, 178.00
293.88, 185.00
294.23, 202.00
294.59, 214.00
294.94, 223.00
295.29, 231.00
295.65, 246.00
296.00, 258.00
296.36, 232.00
296.71, 224.00
297.06, 222.00
297.42, 227.00
297.77, 223.00
298.12, 210.00
298.48, 205.00
298.83, 205.00
299.19, 201.00
299.54, 212.00
299.89, 214.00
300.25, 206.00
300.60, 207.00
300.95, 193.00
301.31, 180.00
301.66, 174.00
302.01, 177.00
302.37, 176.00
302.72, 175.00
303.07, 178.00
303.43, 191.00
303.78, 192.00
304.13, 200.00
304.49, 205.00
304.84, 201.00
305.19, 241.00
305.55, 198.00
305.90, 220.00
306.25, 292.00
306.61, 396.00
306.96, 480.00
307.31, 631.00
307.66, 900.00
308.02, 1160.00
308.37, 1405.00
308.72, 1577.00
309.08, 1577.00
309.43, 1490.00
309.78, 1274.00
310.13, 1101.00
310.49, 934.00
310.84, 760.00
311.19, 659.00
311.54, 568.00
311.90, 497.00
312.25, 442.00
312.60, 443.00
312.95, 537.00
313.31, 606.00
313.66, 592.00
314.01, 601.00
314.36, 609.00
314.72, 678.00
315.07, 859.00
315.42, 1035.00
315.77, 1066.00
316.13, 883.00
316.48, 601.00
316.83, 426.00
317.18, 315.00
317.54, 244.00
317.89, 224.00
318.24, 209.00
318.59, 205.00
318.94, 198.00
319.30, 201.00
319.65, 207.00
320.00, 208.00
320.35, 209.00
320.70, 212.00
321.05, 214.00
321.41, 210.00
321.76, 204.00
322.11, 190.00
322.46, 191.00
322.81, 231.00
323.17, 188.00
323.52, 181.00
323.87, 182.00
324.22, 183.00
324.57, 192.00
324.92, 195.00
325.27, 197.00
325.63, 224.00
325.98, 219.00
326.33, 246.00
326.68, 238.00
327.03, 236.00
327.38, 236.00
327.73, 239.00
328.09, 248.00
328.44, 285.00
328.79, 241.00
329.14, 268.00
329.49, 224.00
329.84, 220.00
330.19, 223.00
330.54, 229.00
330.89, 219.00
331.25, 204.00
331.60, 209.00
331.95, 204.00
332.30, 204.00
332.65, 222.00
333.00, 240.00
333.35, 301.00
333.70, 313.00
334.05, 281.00
334.40, 316.00
334.75, 355.00
335.10, 489.00
335.45, 685.00
335.81, 976.00
336.16, 1397.00
336.51, 1909.00
336.86, 1955.00
337.21, 1704.00
337.56, 1098.00
337.91, 687.00
338.26, 426.00
338.61, 299.00
338.96, 256.00
339.31, 227.00
339.66, 215.00
340.01, 212.00
340.36, 195.00
340.71, 194.00
341.06, 195.00
341.41, 190.00
341.76, 182.00
342.11, 193.00
342.46, 190.00
342.81, 193.00
343.16, 191.00
343.51, 200.00
343.86, 198.00
344.21, 191.00
344.56, 200.00
344.91, 205.00
345.26, 204.00
345.61, 198.00
345.96, 195.00
346.31, 199.00
346.66, 220.00
347.01, 198.00
347.36, 210.00
347.71, 196.00
348.06, 200.00
348.41, 215.00
348.76, 225.00
349.10, 233.00
349.45, 263.00
349.80, 256.00
350.15, 249.00
350.50, 239.00
350.85, 247.00
351.20, 256.00
351.55, 295.00
351.90, 359.00
352.25, 444.00
352.60, 581.00
352.95, 738.00
353.30, 794.00
353.64, 702.00
353.99, 542.00
354.34, 445.00
354.69, 396.00
355.04, 395.00
355.39, 465.00
355.74, 581.00
356.09, 775.00
356.44, 988.00
356.78, 1359.00
357.13, 1520.00
357.48, 1479.00
357.83, 1145.00
358.18, 770.00
358.53, 503.00
358.88, 326.00
359.22, 257.00
359.57, 212.00
359.92, 211.00
360.27, 202.00
360.62, 203.00
360.97, 203.00
361.32, 195.00
361.66, 209.00
362.01, 202.00
362.36, 204.00
362.71, 204.00
363.06, 213.00
363.40, 216.00
363.75, 219.00
364.10, 223.00
364.45, 213.00
364.80, 215.00
365.14, 213.00
365.49, 228.00
365.84, 233.00
366.19, 247.00
366.54, 249.00
366.88, 270.00
367.23, 240.00
367.58, 275.00
367.93, 216.00
368.28, 207.00
368.62, 215.00
368.97, 231.00
369.32, 251.00
369.67, 273.00
370.01, 330.00
370.36, 356.00
370.71, 374.00
371.06, 322.00
371.40, 297.00
371.75, 244.00
372.10, 236.00
372.45, 219.00
372.79, 252.00
373.14, 273.00
373.49, 332.00
373.83, 398.00
374.18, 492.00
374.53, 601.00
374.88, 693.00
375.22, 698.00
375.57, 572.00
375.92, 433.00
376.26, 334.00
376.61, 270.00
376.96, 229.00
377.30, 247.00
377.65, 262.00
378.00, 288.00
378.35, 352.00
378.69, 437.00
379.04, 529.00
379.39, 686.00
379.73, 796.00
380.08, 822.00
380.43, 650.00
380.77, 468.00
381.12, 400.00
381.47, 320.00
381.81, 260.00
382.16, 223.00
382.50, 222.00
382.85, 286.00
383.20, 214.00
383.54, 217.00
383.89, 225.00
384.24, 233.00
384.58, 247.00
384.93, 273.00
385.27, 271.00
385.62, 265.00
385.97, 255.00
386.31, 254.00
386.66, 280.00
387.00, 246.00
387.35, 259.00
387.70, 280.00
388.04, 368.00
388.39, 353.00
388.73, 409.00
389.08, 449.00
389.43, 491.00
389.77, 526.00
390.12, 613.00
390.46, 763.00
390.81, 850.00
391.15, 805.00
391.50, 673.00
391.85, 493.00
392.19, 394.00
392.54, 322.00
392.88, 308.00
393.23, 333.00
393.57, 343.00
393.92, 333.00
394.26, 303.00
394.61, 260.00
394.95, 238.00
395.30, 212.00
395.64, 207.00
395.99, 245.00
396.33, 211.00
396.68, 225.00
397.02, 239.00
397.37, 257.00
397.71, 278.00
398.06, 322.00
398.40, 358.00
398.75, 431.00
399.09, 466.00
399.44, 476.00
399.78, 403.00
400.13, 328.00
400.47, 274.00
400.82, 224.00
401.16, 213.00
401.51, 220.00
401.85, 203.00
402.20, 217.00
402.54, 226.00
402.88, 229.00
403.23, 240.00
403.57, 268.00
403.92, 301.00
404.26, 391.00
404.61, 364.00
404.95, 443.00
405.30, 404.00
405.64, 381.00
405.98, 355.00
406.33, 294.00
406.67, 251.00
407.02, 233.00
407.36, 224.00
407.70, 237.00
408.05, 234.00
408.39, 242.00
408.74, 251.00
409.08, 274.00
409.42, 235.00
409.77, 233.00
410.11, 234.00
410.46, 215.00
410.80, 234.00
411.14, 223.00
411.49, 248.00
411.83, 249.00
412.17, 248.00
412.52, 259.00
412.86, 280.00
413.20, 287.00
413.55, 287.00
413.89, 275.00
414.23, 261.00
414.58, 271.00
414.92, 231.00
415.26, 221.00
415.61, 221.00
415.95, 218.00
416.29, 229.00
416.64, 227.00
416.98, 231.00
417.32, 235.00
417.67, 268.00
418.01, 270.00
418.35, 282.00
418.70, 312.00
419.04, 356.00
419.38, 334.00
419.72, 337.00
420.07, 303.00
420.41, 252.00
420.75, 246.00
421.10, 227.00
421.44, 226.00
421.78, 222.00
422.12, 226.00
422.47, 229.00
422.81, 238.00
423.15, 249.00
423.49, 248.00
423.84, 235.00
424.18, 257.00
424.52, 259.00
424.86, 289.00
425.21, 338.00
425.55, 354.00
425.89, 399.00
426.23, 446.00
426.57, 497.00
426.92, 485.00
427.26, 490.00
427.60, 434.00
427.94, 344.00
428.28, 284.00
428.63, 260.00
428.97, 236.00
429.31, 224.00
429.65, 218.00
429.99, 223.00
430.34, 224.00
430.68, 221.00
431.02, 228.00
431.36, 224.00
431.70, 231.00
432.04, 236.00
432.39, 241.00
432.73, 255.00
433.07, 265.00
433.41, 276.00
433.75, 285.00
434.09, 288.00
434.43, 290.00
434.78, 329.00
435.12, 374.00
435.46, 398.00
435.80, 370.00
436.14, 330.00
436.48, 291.00
436.82, 279.00
437.16, 250.00
437.51, 247.00
437.85, 236.00
438.19, 272.00
438.53, 237.00
438.87, 257.00
439.21, 250.00
439.55, 256.00
439.89, 260.00
440.23, 264.00
440.57, 269.00
440.91, 279.00
441.26, 269.00
441.60, 253.00
441.94, 249.00
442.28, 248.00
442.62, 243.00
442.96, 234.00
443.30, 237.00
443.64, 231.00
443.98, 233.00
444.32, 241.00
444.66, 225.00
445.00, 232.00
445.34, 236.00
445.68, 247.00
446.02, 240.00
446.36, 239.00
446.70, 237.00
447.04, 235.00
447.38, 264.00
447.72, 260.00
448.06, 263.00
448.40, 265.00
448.74, 240.00
449.08, 249.00
449.42, 233.00
449.76, 234.00
450.10, 240.00
450.44, 227.00
450.78, 230.00
451.12, 237.00
451.46, 237.00
451.80, 237.00
452.14, 221.00
452.48, 220.00
452.82, 227.00
453.16, 228.00
453.50, 229.00
453.84, 226.00
454.18, 266.00
454.52, 240.00
454.86, 243.00
455.19, 261.00
455.53, 251.00
455.87, 254.00
456.21, 261.00
456.55, 263.00
456.89, 255.00
457.23, 251.00
457.57, 233.00
457.91, 251.00
458.25, 250.00
458.59, 252.00
458.92, 262.00
459.26, 252.00
459.60, 257.00
459.94, 249.00
460.28, 236.00
460.62, 240.00
460.96, 232.00
461.30, 220.00
461.63, 231.00
461.97, 236.00
462.31, 233.00
462.65, 244.00
462.99, 251.00
463.33, 247.00
463.67, 253.00
464.00, 250.00
464.34, 250.00
464.68, 251.00
465.02, 275.00
465.36, 270.00
465.70, 258.00
466.03, 256.00
466.37, 239.00
466.71, 257.00
467.05, 248.00
467.39, 259.00
467.72, 262.00
468.06, 261.00
468.40, 281.00
468.74, 282.00
469.08, 272.00
469.41, 296.00
469.75, 297.00
470.09, 316.00
470.43, 314.00
470.76, 304.00
471.10, 300.00
471.44, 293.00
471.78, 280.00
472.11, 276.00
472.45, 277.00
472.79, 267.00
473.13, 276.00
473.46, 271.00
473.80, 269.00
474.14, 260.00
474.48, 277.00
474.81, 262.00
475.15, 259.00
475.49, 263.00
475.82, 259.00
476.16, 267.00
476.50, 259.00
476.84, 261.00
477.17, 255.00
477.51, 257.00
477.85, 268.00
478.18, 276.00
478.52, 261.00
478.86, 307.00
479.19, 282.00
479.53, 277.00
479.87, 318.00
480.20, 281.00
480.54, 280.00
480.88, 272.00
481.21, 275.00
481.55, 276.00
481.89, 274.00
482.22, 278.00
482.56, 289.00
482.90, 287.00
483.23, 290.00
483.57, 294.00
483.90, 299.00
484.24, 313.00
484.58, 311.00
484.91, 312.00
485.25, 328.00
485.58, 332.00
485.92, 336.00
486.26, 331.00
486.59, 344.00
486.93, 345.00
487.26, 341.00
487.60, 345.00
487.94, 343.00
488.27, 342.00
488.61, 334.00
488.94, 338.00
489.28, 339.00
489.61, 337.00
489.95, 336.00
490.29, 343.00
490.62, 344.00
490.96, 337.00
491.29, 339.00
491.63, 335.00
491.96, 325.00
492.30, 323.00
492.63, 319.00
492.97, 315.00
493.30, 316.00
493.64, 315.00
493.97, 317.00
494.31, 318.00
494.64, 321.00
494.98, 314.00
495.31, 312.00
495.65, 313.00
495.98, 311.00
496.32, 306.00
496.65, 336.00
496.99, 307.00
497.32, 293.00
497.66, 299.00
497.99, 291.00
498.33, 279.00
498.66, 294.00
499.00, 295.00
499.33, 290.00
499.67, 287.00
500.00, 282.00
500.34, 279.00
500.67, 280.00
501.00, 283.00
501.34, 281.00
501.67, 275.00
502.01, 275.00
502.34, 275.00
502.68, 271.00
503.01, 293.00
503.34, 283.00
503.68, 277.00
504.01, 281.00
504.35, 285.00
504.68, 289.00
505.01, 290.00
505.35, 288.00
505.68, 285.00
506.02, 289.00
506.35, 290.00
506.68, 299.00
507.02, 294.00
507.35, 286.00
507.68, 286.00
508.02, 285.00
508.35, 283.00
508.69, 277.00
509.02, 278.00
509.35, 274.00
509.69, 271.00
510.02, 273.00
510.35, 271.00
510.69, 267.00
511.02, 279.00
511.35, 270.00
511.69, 278.00
512.02, 265.00
512.35, 274.00
512.68, 272.00
513.02, 269.00
513.35, 259.00
513.68, 270.00
514.02, 271.00
514.35, 263.00
514.68, 262.00
515.01, 261.00
515.35, 275.00
515.68, 267.00
516.01, 258.00
516.35, 266.00
516.68, 258.00
517.01, 259.00
517.34, 263.00
517.68, 261.00
518.01, 269.00
518.34, 260.00
518.67, 263.00
519.01, 264.00
519.34, 264.00
519.67, 272.00
520.00, 268.00
520.33, 259.00
520.67, 270.00
521.00, 267.00
521.33, 263.00
521.66, 270.00
522.00, 270.00
522.33, 263.00
522.66, 267.00
522.99, 266.00
523.32, 277.00
523.65, 264.00
523.99, 269.00
524.32, 266.00
524.65, 262.00
524.98, 268.00
525.31, 263.00
525.65, 288.00
525.98, 265.00
526.31, 257.00
526.64, 265.00
526.97, 265.00
527.30, 253.00
527.63, 255.00
527.97, 254.00
528.30, 253.00
528.63, 256.00
528.96, 273.00
529.29, 265.00
529.62, 261.00
529.95, 255.00
530.28, 256.00
530.61, 257.00
530.95, 250.00
531.28, 253.00
531.61, 261.00
531.94, 260.00
532.27, 275.00
532.60, 271.00
532.93, 267.00
533.26, 255.00
533.59, 259.00
533.92, 260.00
534.25, 256.00
534.58, 291.00
534.91, 256.00
535.25, 250.00
535.58, 258.00
535.91, 257.00
536.24, 259.00
536.57, 266.00
536.90, 262.00
537.23, 276.00
537.56, 323.00
537.89, 280.00
538.22, 278.00
538.55, 280.00
538.88, 297.00
539.21, 418.00
539.54, 311.00
539.87, 324.00
540.20, 356.00
540.53, 373.00
540.86, 447.00
541.19, 454.00
541.52, 484.00
541.85, 501.00
542.18, 520.00
542.51, 529.00
542.84, 533.00
543.17, 535.00
543.50, 514.00
543.82, 519.00
544.15, 506.00
544.48, 501.00
544.81, 537.00
545.14, 578.00
545.47, 534.00
545.80, 517.00
546.13, 449.00
546.46, 445.00
546.79, 409.00
547.12, 363.00
547.45, 351.00
547.78, 341.00
548.10, 337.00
548.43, 332.00
548.76, 327.00
549.09, 327.00
549.42, 324.00
549.75, 309.00
550.08, 309.00
550.41, 303.00
550.74, 305.00
551.06, 297.00
551.39, 313.00
551.72, 286.00
552.05, 293.00
552.38, 283.00
552.71, 285.00
553.03, 279.00
553.36, 273.00
553.69, 273.00
554.02, 269.00
554.35, 266.00
554.68, 260.00
555.00, 255.00
555.33, 253.00
555.66, 261.00
555.99, 271.00
556.32, 250.00
556.64, 248.00
556.97, 263.00
557.30, 258.00
557.63, 253.00
557.96, 255.00
558.28, 259.00
558.61, 263.00
558.94, 248.00
559.27, 255.00
559.59, 248.00
559.92, 240.00
560.25, 250.00
560.58, 237.00
560.90, 244.00
561.23, 242.00
561.56, 239.00
561.89, 244.00
562.21, 239.00
562.54, 234.00
562.87, 236.00
563.20, 243.00
563.52, 236.00
563.85, 227.00
564.18, 243.00
564.50, 234.00
564.83, 265.00
565.16, 283.00
565.48, 233.00
565.81, 237.00
566.14, 219.00
566.47, 225.00
566.79, 227.00
567.12, 221.00
567.45, 254.00
567.77, 228.00
568.10, 230.00
568.43, 228.00
568.75, 223.00
569.08, 228.00
569.40, 255.00
569.73, 229.00
570.06, 223.00
570.38, 224.00
570.71, 227.00
571.04, 226.00
571.36, 232.00
571.69, 228.00
572.01, 222.00
572.34, 238.00
572.67, 233.00
572.99, 227.00
573.32, 243.00
573.64, 229.00
573.97, 232.00
574.30, 228.00
574.62, 228.00
574.95, 232.00
575.27, 238.00
575.60, 238.00
575.92, 240.00
576.25, 247.00
576.58, 252.00
576.90, 242.00
577.23, 273.00
577.55, 245.00
577.88, 254.00
578.20, 252.00
578.53, 253.00
578.85, 270.00
579.18, 263.00
579.50, 257.00
579.83, 261.00
580.15, 262.00
580.48, 260.00
580.80, 264.00
581.13, 268.00
581.45, 259.00
581.78, 265.00
582.10, 273.00
582.43, 277.00
582.75, 282.00
583.08, 276.00
583.40, 272.00
583.73, 339.00
584.05, 277.00
584.38, 270.00
584.70, 313.00
585.03, 274.00
585.35, 268.00
585.67, 272.00
586.00, 291.00
586.32, 305.00
586.65, 316.00
586.97, 310.00
587.30, 302.00
587.62, 290.00
587.94, 304.00
588.27, 278.00
588.59, 271.00
588.92, 275.00
589.24, 269.00
589.56, 260.00
589.89, 275.00
590.21, 264.00
590.54, 256.00
590.86, 258.00
591.18, 263.00
591.51, 257.00
591.83, 281.00
592.15, 281.00
592.48, 278.00
592.80, 281.00
593.13, 274.00
593.45, 280.00
593.77, 279.00
594.10, 274.00
594.42, 270.00
594.74, 271.00
595.07, 270.00
595.39, 262.00
595.71, 254.00
596.03, 259.00
596.36, 260.00
596.68, 267.00
597.00, 263.00
597.33, 265.00
597.65, 283.00
597.97, 283.00
598.30, 278.00
598.62, 284.00
598.94, 285.00
599.26, 283.00
599.59, 284.00
599.91, 287.00
600.23, 274.00
600.55, 268.00
600.88, 263.00
601.20, 252.00
601.52, 254.00
601.84, 238.00
602.17, 243.00
602.49, 234.00
602.81, 236.00
603.13, 237.00
603.45, 242.00
603.78, 231.00
604.10, 232.00
604.42, 230.00
604.74, 227.00
605.07, 230.00
605.39, 243.00
605.71, 235.00
606.03, 239.00
606.35, 230.00
606.67, 236.00
607.00, 241.00
607.32, 231.00
607.64, 240.00
607.96, 235.00
608.28, 240.00
608.60, 245.00
608.93, 261.00
609.25, 293.00
609.57, 339.00
609.89, 425.00
610.21, 494.00
610.53, 528.00
610.85, 532.00
611.17, 507.00
611.50, 466.00
611.82, 433.00
612.14, 410.00
612.46, 381.00
612.78, 356.00
613.10, 345.00
613.42, 322.00
613.74, 315.00
614.06, 347.00
614.38, 306.00
614.70, 299.00
615.03, 304.00
615.35, 288.00
615.67, 371.00
615.99, 257.00
616.31, 248.00
616.63, 248.00
616.95, 240.00
617.27, 236.00
617.59, 237.00
617.91, 235.00
618.23, 241.00
618.55, 234.00
618.87, 228.00
619.19, 229.00
619.51, 225.00
619.83, 228.00
620.15, 232.00
620.47, 234.00
620.79, 230.00
621.11, 238.00
621.43, 234.00
621.75, 235.00
622.07, 232.00
622.39, 224.00
622.71, 225.00
623.03, 230.00
623.35, 272.00
623.67, 231.00
623.99, 223.00
624.31, 228.00
624.63, 225.00
624.95, 224.00
625.26, 225.00
625.58, 222.00
625.90, 244.00
626.22, 227.00
626.54, 220.00
626.86, 221.00
627.18, 228.00
627.50, 240.00
627.82, 222.00
628.14, 230.00
628.46, 235.00
628.77, 222.00
629.09, 237.00
629.41, 247.00
629.73, 242.00
630.05, 263.00
630.37, 258.00
630.69, 269.00
631.00, 256.00
631.32, 246.00
631.64, 238.00
631.96, 231.00
632.28, 225.00
632.60, 226.00
632.92, 219.00
633.23, 218.00
633.55, 231.00
633.87, 221.00
634.19, 227.00
634.51, 223.00
634.82, 233.00
635.14, 238.00
635.46, 237.00
635.78, 231.00
636.10, 231.00
636.41, 233.00
636.73, 235.00
637.05, 233.00
637.37, 231.00
637.68, 231.00
638.00, 227.00
638.32, 237.00
638.64, 232.00
638.95, 247.00
639.27, 238.00
639.59, 237.00
639.91, 231.00
640.22, 227.00
640.54, 235.00
640.86, 226.00
641.18, 234.00
641.49, 249.00
641.81, 237.00
642.13, 242.00
642.44, 238.00
642.76, 237.00
643.08, 240.00
643.40, 245.00
643.71, 251.00
644.03, 243.00
644.35, 251.00
644.66, 256.00
644.98, 252.00
645.30, 246.00
645.61, 269.00
645.93, 242.00
646.25, 234.00
646.56, 237.00
646.88, 255.00
647.19, 225.00
647.51, 220.00
647.83, 226.00
648.14, 225.00
648.46, 219.00
648.78, 230.00
649.09, 230.00
649.41, 278.00
649.72, 250.00
650.04, 257.00
650.36, 264.00
650.67, 261.00
650.99, 270.00
651.30, 269.00
651.62, 268.00
651.93, 260.00
652.25, 286.00
652.57, 304.00
652.88, 262.00
653.20, 271.00
653.51, 261.00
653.83, 247.00
654.14, 241.00
654.46, 237.00
654.77, 234.00
655.09, 241.00
655.40, 251.00
655.72, 240.00
656.04, 230.00
656.35, 230.00
656.67, 232.00
656.98, 232.00
657.30, 234.00
657.61, 234.00
657.93, 234.00
658.24, 243.00
658.55, 276.00
658.87, 242.00
659.18, 245.00
659.50, 249.00
659.81, 255.00
660.13, 249.00
660.44, 245.00
660.76, 258.00
661.07, 263.00
661.39, 245.00
661.70, 241.00
662.01, 233.00
662.33, 219.00
662.64, 224.00
662.96, 216.00
663.27, 209.00
663.59, 204.00
663.90, 200.00
664.21, 202.00
664.53, 223.00
664.84, 212.00
665.16, 239.00
665.47, 208.00
665.78, 217.00
666.10, 224.00
666.41, 215.00
666.72, 221.00
667.04, 228.00
667.35, 219.00
667.67, 231.00
667.98, 224.00
668.29, 223.00
668.61, 221.00
668.92, 224.00
669.23, 222.00
669.55, 227.00
669.86, 248.00
670.17, 223.00
670.48, 215.00
670.80, 205.00
671.11, 199.00
671.42, 201.00
671.74, 210.00
672.05, 205.00
672.36, 207.00
672.68, 211.00
672.99, 212.00
673.30, 222.00
673.61, 220.00
673.93, 234.00
674.24, 237.00
674.55, 241.00
674.86, 250.00
675.18, 250.00
675.49, 253.00
675.80, 254.00
676.11, 248.00
676.43, 250.00
676.74, 252.00
677.05, 240.00
677.36, 257.00
677.67, 249.00
677.99, 242.00
678.30, 232.00
678.61, 226.00
678.92, 218.00
679.23, 217.00
679.55, 212.00
679.86, 207.00
680.17, 193.00
680.48, 199.00
680.79, 209.00
681.10, 188.00
681.42, 192.00
681.73, 189.00
682.04, 192.00
682.35, 190.00
682.66, 197.00
682.97, 193.00
683.28, 190.00
683.60, 188.00
683.91, 195.00
684.22, 209.00
684.53, 195.00
684.84, 190.00
685.15, 196.00
685.46, 223.00
685.77, 188.00
686.08, 194.00
686.40, 234.00
686.71, 200.00
687.02, 197.00
687.33, 185.00
687.64, 183.00
687.95, 191.00
688.26, 181.00
688.57, 175.00
688.88, 179.00
689.19, 178.00
689.50, 173.00
689.81, 180.00
690.12, 172.00
690.43, 192.00
690.74, 173.00
691.05, 172.00
691.36, 189.00
691.67, 174.00
691.98, 172.00
692.29, 181.00
692.60, 180.00
692.91, 178.00
693.22, 186.00
693.53, 174.00
693.84, 175.00
694.15, 171.00
694.46, 174.00
694.77, 170.00
695.08, 173.00
695.39, 184.00
695.70, 169.00
696.01, 178.00
696.32, 172.00
696.63, 171.00
696.94, 175.00
697.25, 168.00
697.56, 179.00
697.87, 178.00
698.17, 211.00
698.48, 177.00
698.79, 169.00
699.10, 172.00
699.41, 176.00
699.72, 166.00
700.03, 177.00
700.34, 172.00
700.65, 173.00
700.95, 168.00
701.26, 177.00
701.57, 169.00
701.88, 167.00
702.19, 189.00
702.50, 178.00
702.81, 167.00
703.11, 190.00
703.42, 176.00
703.73, 175.00
704.04, 174.00
704.35, 175.00
704.66, 178.00
704.96, 191.00
705.27, 213.00
705.58, 224.00
705.89, 233.00
706.20, 213.00
706.50, 208.00
706.81, 212.00
707.12, 193.00
707.43, 192.00
707.73, 194.00
708.04, 181.00
708.35, 187.00
708.66, 183.00
708.97, 175.00
709.27, 185.00
709.58, 174.00
709.89, 175.00
710.19, 178.00
710.50, 183.00
710.81, 178.00
711.12, 179.00
711.42, 181.00
711.73, 186.00
712.04, 179.00
712.35, 180.00
712.65, 177.00
712.96, 179.00
713.27, 176.00
713.57, 196.00
713.88, 200.00
714.19, 181.00
714.49, 170.00
714.80, 175.00
715.11, 177.00
715.41, 175.00
715.72, 166.00
716.03, 167.00
716.33, 176.00
716.64, 163.00
716.94, 172.00
717.25, 164.00
717.56, 170.00
717.86, 172.00
718.17, 167.00
718.48, 166.00
718.78, 167.00
719.09, 160.00
719.39, 168.00
719.70, 165.00
720.01, 170.00
720.31, 165.00
720.62, 164.00
720.92, 169.00
721.23, 175.00
721.53, 177.00
721.84, 169.00
722.15, 179.00
722.45, 175.00
722.76, 178.00
723.06, 167.00
723.37, 172.00
723.67, 165.00
723.98, 171.00
724.28, 171.00
724.59, 175.00
724.89, 172.00
725.20, 179.00
725.50, 179.00
725.81, 174.00
726.11, 171.00
726.42, 173.00
726.72, 168.00
727.03, 205.00
727.33, 168.00
727.64, 175.00
727.94, 164.00
728.25, 163.00
728.55, 165.00
728.86, 183.00
729.16, 158.00
729.46, 159.00
729.77, 172.00
730.07, 170.00
730.38, 164.00
730.68, 169.00
730.99, 169.00
731.29, 164.00
731.59, 176.00
731.90, 161.00
732.20, 168.00
732.51, 175.00
732.81, 172.00
733.11, 172.00
733.42, 172.00
733.72, 181.00
734.02, 179.00
734.33, 170.00
734.63, 178.00
734.94, 169.00
735.24, 171.00
735.54, 173.00
735.85, 171.00
736.15, 174.00
736.45, 167.00
736.76, 168.00
737.06, 168.00
737.36, 175.00
737.67, 177.00
737.97, 177.00
738.27, 171.00
738.57, 165.00
738.88, 163.00
739.18, 204.00
739.48, 173.00
739.79, 167.00
740.09, 166.00
740.39, 169.00
740.69, 175.00
741.00, 166.00
741.30, 171.00
741.60, 168.00
741.90, 172.00
742.21, 173.00
742.51, 214.00
742.81, 176.00
743.11, 177.00
743.42, 203.00
743.72, 186.00
744.02, 190.00
744.32, 191.00
744.63, 201.00
744.93, 201.00
745.23, 206.00
745.53, 206.00
745.83, 213.00
746.13, 202.00
746.44, 199.00
746.74, 200.00
747.04, 207.00
747.34, 211.00
747.64, 209.00
747.94, 206.00
748.25, 210.00
748.55, 208.00
748.85, 209.00
749.15, 211.00
749.45, 233.00
749.75, 207.00
750.05, 192.00
750.35, 182.00
750.66, 202.00
750.96, 183.00
751.26, 177.00
751.56, 174.00
751.86, 182.00
752.16, 165.00
752.46, 164.00
752.76, 165.00
753.06, 162.00
753.36, 204.00
753.66, 166.00
753.96, 169.00
754.27, 165.00
754.57, 171.00
754.87, 158.00
755.17, 168.00
755.47, 176.00
755.77, 170.00
756.07, 172.00
756.37, 179.00
756.67, 184.00
756.97, 182.00
757.27, 191.00
757.57, 185.00
757.87, 191.00
758.17, 180.00
758.47, 187.00
758.77, 192.00
759.07, 184.00
759.37, 188.00
759.67, 185.00
759.97, 192.00
760.27, 187.00
760.57, 187.00
760.86, 186.00
761.16, 182.00
761.46, 182.00
761.76, 208.00
762.06, 177.00
762.36, 185.00
762.66, 174.00
762.96, 166.00
763.26, 170.00
763.56, 199.00
763.86, 170.00
764.16, 163.00
764.45, 171.00
764.75, 165.00
765.05, 163.00
765.35, 159.00
765.65, 163.00
765.95, 163.00
766.25, 159.00
766.55, 169.00
766.84, 164.00
767.14, 168.00
767.44, 165.00
767.74, 171.00
768.04, 175.00
768.34, 174.00
768.63, 172.00
768.93, 175.00
769.23, 186.00
769.53, 180.00
769.83, 179.00
770.12, 180.00
770.42, 184.00
770.72, 176.00
771.02, 180.00
771.32, 178.00
771.61, 172.00
771.91, 183.00
772.21, 184.00
772.51, 182.00
772.80, 179.00
773.10, 182.00
773.40, 184.00
773.70, 179.00
773.99, 181.00
774.29, 188.00
774.59, 178.00
774.88, 171.00
775.18, 187.00
775.48, 264.00
775.78, 487.00
776.07, 699.00
776.37, 772.00
776.67, 688.00
776.96, 528.00
777.26, 439.00
777.56, 335.00
777.85, 308.00
778.15, 281.00
778.45, 270.00
778.74, 247.00
779.04, 214.00
779.34, 192.00
779.63, 184.00
779.93, 161.00
780.22, 158.00
780.52, 155.00
780.82, 156.00
781.11, 160.00
781.41, 153.00
781.71, 152.00
782.00, 154.00
782.30, 157.00
782.59, 165.00
782.89, 157.00
783.19, 159.00
783.48, 157.00
783.78, 157.00
784.07, 166.00
784.37, 159.00
784.66, 156.00
784.96, 154.00
785.25, 155.00
785.55, 156.00
785.84, 156.00
786.14, 154.00
786.44, 153.00
786.73, 154.00
787.03, 158.00
787.32, 154.00
787.62, 158.00
787.91, 155.00
788.21, 154.00
788.50, 155.00
788.80, 153.00
789.09, 160.00
789.39, 156.00
789.68, 160.00
789.97, 155.00
790.27, 154.00
790.56, 159.00
790.86, 163.00
791.15, 155.00
791.45, 149.00
791.74, 177.00
792.04, 155.00
792.33, 154.00
792.62, 178.00
792.92, 149.00
793.21, 157.00
793.51, 155.00
793.80, 155.00
794.09, 152.00
794.39, 150.00
794.68, 155.00
794.98, 151.00
795.27, 149.00
795.56, 149.00
795.86, 144.00
796.15, 149.00
796.44, 158.00
796.74, 151.00
797.03, 149.00
797.32, 150.00
797.62, 149.00
797.91, 158.00
798.20, 150.00
798.50, 159.00
798.79, 161.00
799.08, 149.00
799.38, 154.00
799.67, 152.00
799.96, 163.00
800.26, 173.00
800.55, 149.00
800.84, 159.00
801.13, 151.00
801.43, 150.00
801.72, 188.00
802.01, 150.00
802.30, 154.00
802.60, 155.00
802.89, 160.00
803.18, 150.00
803.47, 153.00
803.77, 158.00
804.06, 159.00
804.35, 160.00
804.64, 168.00
804.94, 154.00
805.23, 152.00
805.52, 153.00
805.81, 155.00
806.10, 153.00
806.39, 156.00
806.69, 148.00
806.98, 145.00
807.27, 154.00
807.56, 163.00
807.85, 154.00
808.14, 155.00
808.44, 155.00
808.73, 151.00
809.02, 170.00
809.31, 152.00
809.60, 157.00
809.89, 160.00
810.18, 150.00
810.48, 158.00
810.77, 153.00
811.06, 153.00
811.35, 147.00
811.64, 154.00
811.93, 170.00
812.22, 148.00
812.51, 150.00
812.80, 148.00
813.09, 152.00
813.38, 152.00
813.67, 173.00
813.96, 151.00
814.26, 149.00
814.55, 145.00
814.84, 152.00
815.13, 151.00
815.42, 150.00
815.71, 150.00
816.00, 145.00
816.29, 154.00
816.58, 153.00
816.87, 146.00
817.16, 146.00
817.45, 154.00
817.74, 153.00
818.03, 145.00
818.32, 149.00
818.61, 147.00
818.90, 150.00
819.19, 149.00
819.48, 149.00
819.76, 148.00
820.05, 151.00
820.34, 145.00
820.63, 152.00
820.92, 151.00
821.21, 150.00
821.50, 152.00
821.79, 146.00
822.08, 146.00
822.37, 152.00
822.66, 151.00
822.95, 155.00
823.23, 149.00
823.52, 170.00
823.81, 153.00
824.10, 143.00
824.39, 148.00
824.68, 145.00
824.97, 163.00
825.26, 149.00
825.54, 193.00
825.83, 148.00
826.12, 149.00
826.41, 143.00
826.70, 150.00
826.99, 153.00
827.27, 152.00
827.56, 171.00
827.85, 151.00
828.14, 148.00
828.43, 150.00
828.71, 152.00
829.00, 146.00
829.29, 145.00
829.58, 152.00
829.86, 150.00
830.15, 155.00
830.44, 154.00
830.73, 154.00
831.01, 146.00
831.30, 147.00
831.59, 152.00
831.88, 150.00
832.16, 152.00
832.45, 150.00
832.74, 151.00
833.03, 147.00
833.31, 151.00
833.60, 147.00
833.89, 148.00
834.17, 151.00
834.46, 148.00
834.75, 153.00
835.03, 146.00
835.32, 150.00
835.61, 150.00
835.89, 165.00
836.18, 147.00
836.47, 145.00
836.75, 149.00
837.04, 153.00
837.33, 156.00
837.61, 145.00
837.90, 142.00
838.19, 145.00
838.47, 146.00
838.76, 151.00
839.04, 147.00
839.33, 147.00
839.62, 145.00
839.90, 141.00
840.19, 145.00
840.47, 147.00
840.76, 181.00
841.04, 150.00
841.33, 150.00
841.62, 147.00
841.90, 152.00
842.19, 143.00
842.47, 177.00
842.76, 146.00
843.04, 149.00
843.33, 175.00
843.61, 162.00
843.90, 169.00
844.18, 161.00
844.47, 164.00
844.75, 171.00
845.04, 157.00
845.32, 160.00
845.61, 159.00
845.89, 158.00
846.18, 152.00
846.46, 152.00
846.75, 149.00
847.03, 164.00
847.32, 147.00
847.60, 144.00
847.88, 152.00
848.17, 148.00
848.45, 167.00
848.74, 150.00
849.02, 149.00
849.31, 147.00
849.59, 153.00
849.87, 147.00
850.16, 146.00
850.44, 154.00
850.73, 175.00
851.01, 155.00
851.29, 144.00
851.58, 150.00
851.86, 150.00
852.14, 148.00
852.43, 149.00
852.71, 149.00
853.00, 151.00
853.28, 153.00
853.56, 149.00
853.85, 150.00
854.13, 148.00
854.41, 153.00
854.69, 149.00
854.98, 146.00
855.26, 202.00
855.54, 147.00
855.83, 147.00
856.11, 151.00
856.39, 145.00
856.68, 142.00
856.96, 146.00
857.24, 149.00
857.52, 155.00
857.81, 151.00
858.09, 147.00
858.37, 151.00
858.65, 150.00
858.94, 148.00
859.22, 147.00
