190.05, 0.00
190.41, 144.00
190.77, 137.00
191.14, 137.00
191.50, 139.00
191.86, 163.00
192.22, 141.00
192.58, 147.00
192.94, 146.00
193.31, 149.00
193.67, 147.00
194.03, 154.00
194.39, 150.00
194.75, 144.00
195.11, 155.00
195.47, 164.00
195.84, 143.00
196.20, 142.00
196.56, 162.00
196.92, 149.00
197.28, 151.00
197.64, 148.00
198.00, 142.00
198.37, 152.00
198.73, 143.00
199.09, 143.00
199.45, 148.00
199.81, 151.00
200.17, 154.00
200.53, 150.00
200.89, 152.00
201.25, 175.00
201.62, 146.00
201.98, 149.00
202.34, 146.00
202.70, 150.00
203.06, 145.00
203.42, 148.00
203.78, 148.00
204.14, 153.00
204.50, 166.00
204.86, 158.00
205.22, 151.00
205.58, 157.00
205.95, 146.00
206.31, 148.00
206.67, 146.00
207.03, 147.00
207.39, 153.00
207.75, 148.00
208.11, 149.00
208.47, 152.00
208.83, 153.00
209.19, 150.00
209.55, 147.00
209.91, 152.00
210.27, 149.00
210.63, 150.00
210.99, 158.00
211.35, 147.00
211.71, 154.00
212.07, 150.00
212.43, 154.00
212.79, 148.00
213.15, 148.00
213.51, 152.00
213.87, 151.00
214.23, 149.00
214.59, 156.00
214.95, 150.00
215.31, 146.00
215.67, 152.00
216.03, 185.00
216.39, 150.00
216.75, 149.00
217.11, 157.00
217.47, 155.00
217.83, 150.00
218.19, 148.00
218.55, 155.00
218.91, 150.00
219.27, 149.00
219.63, 151.00
219.99, 154.00
220.35, 144.00
220.71, 159.00
221.07, 150.00
221.43, 156.00
221.79, 148.00
222.15, 155.00
222.51, 150.00
222.87, 151.00
223.23, 149.00
223.59, 150.00
223.95, 153.00
224.31, 148.00
224.67, 150.00
225.03, 152.00
225.39, 158.00
225.74, 159.00
226.10, 147.00
226.46, 151.00
226.82, 147.00
227.18, 154.00
227.54, 151.00
227.90, 157.00
228.26, 151.00
228.62, 152.00
228.98, 146.00
229.34, 150.00
229.69, 147.00
230.05, 148.00
230.41, 145.00
230.77, 153.00
231.13, 160.00
231.49, 152.00
231.85, 148.00
232.21, 156.00
232.57, 153.00
232.92, 149.00
233.28, 150.00
233.64, 152.00
234.00, 147.00
234.36, 147.00
234.72, 142.00
235.08, 155.00
235.44, 149.00
235.79, 146.00
236.15, 152.00
236.51, 148.00
236.87, 148.00
237.23, 149.00
237.59, 148.00
237.94, 154.00
238.30, 151.00
238.66, 149.00
239.02, 149.00
239.38, 149.00
239.74, 147.00
240.09, 160.00
240.45, 148.00
240.81, 145.00
241.17, 155.00
241.53, 157.00
241.89, 150.00
242.24, 150.00
242.60, 147.00
242.96, 157.00
243.32, 155.00
243.68, 149.00
244.03, 152.00
244.39, 151.00
244.75, 171.00
245.11, 149.00
245.46, 154.00
245.82, 172.00
246.18, 148.00
246.54, 150.00
246.90, 145.00
247.25, 148.00
247.61, 152.00
247.97, 184.00
248.33, 152.00
248.68, 148.00
249.04, 144.00
249.40, 146.00
249.76, 153.00
250.11, 148.00
250.47, 153.00
250.83, 152.00
251.19, 151.00
251.54, 160.00
251.90, 153.00
252.26, 151.00
252.62, 146.00
252.97, 149.00
253.33, 145.00
253.69, 147.00
254.05, 151.00
254.40, 144.00
254.76, 144.00
255.12, 176.00
255.47, 156.00
255.83, 149.00
256.19, 152.00
256.54, 150.00
256.90, 146.00
257.26, 152.00
257.62, 150.00
257.97, 152.00
258.33, 149.00
258.69, 147.00
259.04, 148.00
259.40, 147.00
259.76, 155.00
260.11, 149.00
260.47, 144.00
260.83, 157.00
261.18, 148.00
261.54, 152.00
261.90, 155.00
262.25, 153.00
262.61, 144.00
262.97, 149.00
263.32, 147.00
263.68, 147.00
264.04, 154.00
264.39, 148.00
264.75, 147.00
265.10, 152.00
265.46, 193.00
265.82, 160.00
266.17, 143.00
266.53, 148.00
266.89, 154.00
267.24, 153.00
267.60, 150.00
267.95, 150.00
268.31, 148.00
268.67, 151.00
269.02, 146.00
269.38, 149.00
269.74, 155.00
270.09, 148.00
270.45, 151.00
270.80, 170.00
271.16, 154.00
271.51, 158.00
271.87, 160.00
272.23, 157.00
272.58, 158.00
272.94, 148.00
273.29, 145.00
273.65, 192.00
274.00, 148.00
274.36, 156.00
274.72, 148.00
275.07, 145.00
275.43, 149.00
275.78, 150.00
276.14, 148.00
276.49, 153.00
276.85, 155.00
277.20, 164.00
277.56, 148.00
277.92, 142.00
278.27, 149.00
278.63, 156.00
278.98, 149.00
279.34, 156.00
279.69, 153.00
280.05, 171.00
280.40, 165.00
280.76, 168.00
281.11, 167.00
281.47, 157.00
281.82, 160.00
282.18, 158.00
282.53, 165.00
282.89, 176.00
283.24, 179.00
283.60, 173.00
283.95, 184.00
284.31, 183.00
284.66, 189.00
285.02, 190.00
285.37, 189.00
285.73, 183.00
286.08, 191.00
286.44, 164.00
286.79, 167.00
287.14, 165.00
287.50, 169.00
287.85, 158.00
288.21, 165.00
288.56, 165.00
288.92, 171.00
289.27, 163.00
289.63, 163.00
289.98, 171.00
290.34, 163.00
290.69, 173.00
291.04, 155.00
291.40, 158.00
291.75, 160.00
292.11, 163.00
292.46, 158.00
292.81, 174.00
293.17, 170.00
293.52, 177.00
293.88, 188.00
294.23, 198.00
294.59, 216.00
294.94, 229.00
295.29, 230.00
295.65, 255.00
296.00, 265.00
296.36, 244.00
296.71, 222.00
297.06, 238.00
297.42, 237.00
297.77, 236.00
298.12, 211.00
298.48, 205.00
298.83, 201.00
299.19, 210.00
299.54, 217.00
299.89, 206.00
300.25, 215.00
300.60, 211.00
300.95, 199.00
301.31, 180.00
301.66, 173.00
302.01, 181.00
302.37, 180.00
302.72, 179.00
303.07, 179.00
303.43, 193.00
303.78, 198.00
304.13, 194.00
304.49, 206.00
304.84, 207.00
305.19, 233.00
305.55, 210.00
305.90, 237.00
306.25, 312.00
306.61, 438.00
306.96, 535.00
307.31, 696.00
307.66, 975.00
308.02, 1302.00
308.37, 1540.00
308.72, 1745.00
309.08, 1773.00
309.43, 1645.00
309.78, 1394.00
310.13, 1217.00
310.49, 1036.00
310.84, 833.00
311.19, 737.00
311.54, 632.00
311.90, 549.00
312.25, 499.00
312.60, 512.00
312.95, 610.00
313.31, 663.00
313.66, 673.00
314.01, 648.00
314.36, 694.00
314.72, 788.00
315.07, 1037.00
315.42, 1236.00
315.77, 1259.00
316.13, 1006.00
316.48, 672.00
316.83, 461.00
317.18, 344.00
317.54, 264.00
317.89, 231.00
318.24, 217.00
318.59, 206.00
318.94, 200.00
319.30, 204.00
319.65, 217.00
320.00, 208.00
320.35, 218.00
320.70, 223.00
321.05, 215.00
321.41, 215.00
321.76, 211.00
322.11, 204.00
322.46, 202.00
322.81, 226.00
323.17, 194.00
323.52, 190.00
323.87, 195.00
324.22, 189.00
324.57, 200.00
324.92, 207.00
325.27, 213.00
325.63, 234.00
325.98, 233.00
326.33, 250.00
326.68, 249.00
327.03, 241.00
327.38, 241.00
327.73, 263.00
328.09, 277.00
328.44, 300.00
328.79, 258.00
329.14, 281.00
329.49, 239.00
329.84, 238.00
330.19, 242.00
330.54, 239.00
330.89, 244.00
331.25, 218.00
331.60, 213.00
331.95, 218.00
332.30, 223.00
332.65, 241.00
333.00, 264.00
333.35, 328.00
333.70, 349.00
334.05, 323.00
334.40, 367.00
334.75, 441.00
335.10, 623.00
335.45, 907.00
335.81, 1285.00
336.16, 1887.00
336.51, 2547.00
336.86, 2614.00
337.21, 2281.00
337.56, 1384.00
337.91, 847.00
338.26, 507.00
338.61, 338.00
338.96, 278.00
339.31, 240.00
339.66, 226.00
340.01, 219.00
340.36, 209.00
340.71, 204.00
341.06, 200.00
341.41, 200.00
341.76, 207.00
342.11, 197.00
342.46, 206.00
342.81, 200.00
343.16, 205.00
343.51, 207.00
343.86, 204.00
344.21, 211.00
344.56, 213.00
344.91, 206.00
345.26, 216.00
345.61, 208.00
345.96, 205.00
346.31, 205.00
346.66, 225.00
347.01, 203.00
347.36, 218.00
347.71, 199.00
348.06, 206.00
348.41, 230.00
348.76, 237.00
349.10, 262.00
349.45, 286.00
349.80, 278.00
350.15, 273.00
350.50, 260.00
350.85, 265.00
351.20, 288.00
351.55, 348.00
351.90, 429.00
352.25, 530.00
352.60, 702.00
352.95, 920.00
353.30, 960.00
353.64, 859.00
353.99, 652.00
354.34, 527.00
354.69, 490.00
355.04, 493.00
355.39, 603.00
355.74, 785.00
356.09, 1024.00
356.44, 1329.00
356.78, 1866.00
357.13, 2098.00
357.48, 1996.00
357.83, 1517.00
358.18, 969.00
358.53, 618.00
358.88, 378.00
359.22, 281.00
359.57, 230.00
359.92, 210.00
360.27, 217.00
360.62, 217.00
360.97, 213.00
361.32, 213.00
361.66, 210.00
362.01, 206.00
362.36, 214.00
362.71, 220.00
363.06, 222.00
363.40, 226.00
363.75, 233.00
364.10, 231.00
364.45, 229.00
364.80, 229.00
365.14, 235.00
365.49, 234.00
365.84, 249.00
366.19, 264.00
366.54, 272.00
366.88, 284.00
367.23, 252.00
367.58, 282.00
367.93, 221.00
368.28, 229.00
368.62, 228.00
368.97, 253.00
369.32, 284.00
369.67, 309.00
370.01, 379.00
370.36, 400.00
370.71, 427.00
371.06, 360.00
371.40, 313.00
371.75, 270.00
372.10, 260.00
372.45, 261.00
372.79, 277.00
373.14, 309.00
373.49, 380.00
373.83, 463.00
374.18, 592.00
374.53, 745.00
374.88, 844.00
375.22, 842.00
375.57, 651.00
375.92, 498.00
376.26, 369.00
376.61, 302.00
376.96, 264.00
377.30, 274.00
377.65, 304.00
378.00, 343.00
378.35, 431.00
378.69, 540.00
379.04, 680.00
379.39, 890.00
379.73, 1056.00
380.08, 1061.00
380.43, 820.00
380.77, 581.00
381.12, 467.00
381.47, 355.00
381.81, 287.00
382.16, 244.00
382.50, 238.00
382.85, 294.00
383.20, 223.00
383.54, 232.00
383.89, 243.00
384.24, 245.00
384.58, 262.00
384.93, 299.00
385.27, 293.00
385.62, 293.00
385.97, 286.00
386.31, 271.00
386.66, 315.00
387.00, 289.00
387.35, 303.00
387.70, 331.00
388.04, 431.00
388.39, 437.00
388.73, 518.00
389.08, 587.00
389.43, 687.00
389.77, 746.00
390.12, 871.00
390.46, 1172.00
390.81, 1260.00
391.15, 1236.00
391.50, 987.00
391.85, 651.00
392.19, 524.00
392.54, 384.00
392.88, 346.00
393.23, 385.00
393.57, 382.00
393.92, 378.00
394.26, 327.00
394.61, 280.00
394.95, 259.00
395.30, 225.00
395.64, 220.00
395.99, 263.00
396.33, 236.00
396.68, 236.00
397.02, 257.00
397.37, 286.00
397.71, 319.00
398.06, 362.00
398.40, 418.00
398.75, 513.00
399.09, 556.00
399.44, 559.00
399.78, 450.00
400.13, 374.00
400.47, 299.00
400.82, 242.00
401.16, 236.00
401.51, 233.00
401.85, 226.00
402.20, 229.00
402.54, 241.00
402.88, 256.00
403.23, 275.00
403.57, 293.00
403.92, 343.00
404.26, 447.00
404.61, 445.00
404.95, 530.00
405.30, 497.00
405.64, 469.00
405.98, 393.00
406.33, 329.00
406.67, 281.00
407.02, 245.00
407.36, 246.00
407.70, 251.00
408.05, 249.00
408.39, 261.00
408.74, 271.00
409.08, 286.00
409.42, 260.00
409.77, 255.00
410.11, 255.00
410.46, 229.00
410.80, 249.00
411.14, 248.00
411.49, 270.00
411.83, 276.00
412.17, 276.00
412.52, 297.00
412.86, 304.00
413.20, 319.00
413.55, 324.00
413.89, 296.00
414.23, 284.00
414.58, 292.00
414.92, 248.00
415.26, 247.00
415.61, 239.00
415.95, 243.00
416.29, 244.00
416.64, 249.00
416.98, 256.00
417.32, 265.00
417.67, 291.00
418.01, 306.00
418.35, 310.00
418.70, 353.00
419.04, 405.00
419.38, 388.00
419.72, 373.00
420.07, 331.00
420.41, 283.00
420.75, 254.00
421.10, 251.00
421.44, 239.00
421.78, 245.00
422.12, 254.00
422.47, 260.00
422.81, 266.00
423.15, 277.00
423.49, 281.00
423.84, 267.00
424.18, 280.00
424.52, 297.00
424.86, 346.00
425.21, 406.00
425.55, 439.00
425.89, 507.00
426.23, 563.00
426.57, 652.00
426.92, 655.00
427.26, 675.00
427.60, 569.00
427.94, 420.00
428.28, 342.00
428.63, 294.00
428.97, 266.00
429.31, 254.00
429.65, 236.00
429.99, 236.00
430.34, 238.00
430.68, 228.00
431.02, 245.00
431.36, 238.00
431.70, 245.00
432.04, 249.00
432.39, 262.00
432.73, 281.00
433.07, 288.00
433.41, 311.00
433.75, 318.00
434.09, 310.00
434.43, 313.00
434.78, 355.00
435.12, 390.00
435.46, 433.00
435.80, 384.00
436.14, 351.00
436.48, 309.00
436.82, 296.00
437.16, 276.00
437.51, 266.00
437.85, 251.00
438.19, 299.00
438.53, 252.00
438.87, 276.00
439.21, 271.00
439.55, 283.00
439.89, 279.00
440.23, 291.00
440.57, 296.00
440.91, 307.00
441.26, 302.00
441.60, 277.00
441.94, 269.00
442.28, 255.00
442.62, 256.00
442.96, 252.00
443.30, 250.00
443.64, 250.00
443.98, 246.00
444.32, 258.00
444.66, 236.00
445.00, 237.00
445.34, 260.00
445.68, 263.00
446.02, 252.00
446.36, 244.00
446.70, 255.00
447.04, 261.00
447.38, 285.00
447.72, 277.00
448.06, 290.00
448.40, 281.00
448.74, 269.00
449.08, 268.00
449.42, 261.00
449.76, 248.00
450.10, 247.00
450.44, 232.00
450.78, 243.00
451.12, 250.00
451.46, 245.00
451.80, 253.00
452.14, 231.00
452.48, 235.00
452.82, 240.00
453.16, 241.00
453.50, 247.00
453.84, 233.00
454.18, 281.00
454.52, 269.00
454.86, 259.00
455.19, 274.00
455.53, 262.00
455.87, 272.00
456.21, 284.00
456.55, 289.00
456.89, 277.00
457.23, 282.00
457.57, 257.00
457.91, 269.00
458.25, 263.00
458.59, 273.00
458.92, 290.00
459.26, 278.00
459.60, 287.00
459.94, 278.00
460.28, 251.00
460.62, 251.00
460.96, 240.00
461.30, 237.00
461.63, 238.00
461.97, 251.00
462.31, 244.00
462.65, 254.00
462.99, 263.00
463.33, 267.00
463.67, 272.00
464.00, 275.00
464.34, 280.00
464.68, 279.00
465.02, 283.00
465.36, 293.00
465.70, 280.00
466.03, 285.00
466.37, 262.00
466.71, 274.00
467.05, 276.00
467.39, 288.00
467.72, 300.00
468.06, 305.00
468.40, 306.00
468.74, 309.00
469.08, 320.00
469.41, 340.00
469.75, 352.00
470.09, 376.00
470.43, 368.00
470.76, 347.00
471.10, 329.00
471.44, 342.00
471.78, 318.00
472.11, 308.00
472.45, 302.00
472.79, 294.00
473.13, 291.00
473.46, 298.00
473.80, 288.00
474.14, 283.00
474.48, 292.00
474.81, 280.00
475.15, 281.00
475.49, 281.00
475.82, 282.00
476.16, 291.00
476.50, 271.00
476.84, 279.00
477.17, 278.00
477.51, 275.00
477.85, 280.00
478.18, 287.00
478.52, 276.00
478.86, 333.00
479.19, 298.00
479.53, 290.00
479.87, 330.00
480.20, 310.00
480.54, 305.00
480.88, 293.00
481.21, 295.00
481.55, 294.00
481.89, 297.00
482.22, 297.00
482.56, 304.00
482.90, 299.00
483.23, 301.00
483.57, 308.00
483.90, 322.00
484.24, 326.00
484.58, 329.00
484.91, 343.00
485.25, 351.00
485.58, 348.00
485.92, 354.00
486.26, 357.00
486.59, 363.00
486.93, 355.00
487.26, 362.00
487.60, 364.00
487.94, 356.00
488.27, 368.00
488.61, 358.00
488.94, 360.00
489.28, 356.00
489.61, 358.00
489.95, 352.00
490.29, 366.00
490.62, 349.00
490.96, 351.00
491.29, 357.00
491.63, 337.00
491.96, 349.00
492.30, 338.00
492.63, 336.00
492.97, 335.00
493.30, 329.00
493.64, 326.00
493.97, 327.00
494.31, 331.00
494.64, 332.00
494.98, 336.00
495.31, 332.00
495.65, 320.00
495.98, 324.00
496.32, 324.00
496.65, 355.00
496.99, 330.00
497.32, 309.00
497.66, 310.00
497.99, 294.00
498.33, 306.00
498.66, 300.00
499.00, 302.00
499.33, 301.00
499.67, 298.00
500.00, 293.00
500.34, 294.00
500.67, 306.00
501.00, 294.00
501.34, 294.00
501.67, 291.00
502.01, 295.00
502.34, 299.00
502.68, 302.00
503.01, 304.00
503.34, 309.00
503.68, 301.00
504.01, 297.00
504.35, 304.00
504.68, 316.00
505.01, 309.00
505.35, 306.00
505.68, 304.00
506.02, 323.00
506.35, 314.00
506.68, 316.00
507.02, 315.00
507.35, 308.00
507.68, 300.00
508.02, 300.00
508.35, 306.00
508.69, 296.00
509.02, 298.00
509.35, 292.00
509.69, 295.00
510.02, 297.00
510.35, 294.00
510.69, 279.00
511.02, 289.00
511.35, 287.00
511.69, 291.00
512.02, 284.00
512.35, 284.00
512.68, 287.00
513.02, 289.00
513.35, 285.00
513.68, 295.00
514.02, 286.00
514.35, 282.00
514.68, 283.00
515.01, 270.00
515.35, 283.00
515.68, 284.00
516.01, 273.00
516.35, 275.00
516.68, 281.00
517.01, 280.00
517.34, 282.00
517.68, 274.00
518.01, 288.00
518.34, 270.00
518.67, 273.00
519.01, 275.00
519.34, 284.00
519.67, 297.00
520.00, 278.00
520.33, 286.00
520.67, 289.00
521.00, 287.00
521.33, 289.00
521.66, 294.00
522.00, 286.00
522.33, 290.00
522.66, 283.00
522.99, 275.00
523.32, 289.00
523.65, 276.00
523.99, 279.00
524.32, 286.00
524.65, 277.00
524.98, 284.00
525.31, 280.00
525.65, 314.00
525.98, 277.00
526.31, 278.00
526.64, 283.00
526.97, 271.00
527.30, 276.00
527.63, 272.00
527.97, 269.00
528.30, 268.00
528.63, 271.00
528.96, 301.00
529.29, 266.00
529.62, 273.00
529.95, 267.00
530.28, 273.00
530.61, 259.00
530.95, 270.00
531.28, 262.00
531.61, 273.00
531.94, 283.00
532.27, 284.00
532.60, 282.00
532.93, 286.00
533.26, 277.00
533.59, 276.00
533.92, 276.00
534.25, 269.00
534.58, 299.00
534.91, 267.00
535.25, 268.00
535.58, 264.00
535.91, 263.00
536.24, 277.00
536.57, 284.00
536.90, 278.00
537.23, 275.00
537.56, 313.00
537.89, 291.00
538.22, 295.00
538.55, 297.00
538.88, 310.00
539.21, 428.00
539.54, 325.00
539.87, 330.00
540.20, 360.00
540.53, 382.00
540.86, 455.00
541.19, 458.00
541.52, 488.00
541.85, 500.00
542.18, 537.00
542.51, 543.00
542.84, 547.00
543.17, 541.00
543.50, 556.00
543.82, 534.00
544.15, 524.00
544.48, 523.00
544.81, 568.00
545.14, 589.00
545.47, 551.00
545.80, 532.00
546.13, 467.00
546.46, 461.00
546.79, 420.00
547.12, 380.00
547.45, 365.00
547.78, 359.00
548.10, 340.00
548.43, 353.00
548.76, 337.00
549.09, 326.00
549.42, 327.00
549.75, 318.00
550.08, 322.00
550.41, 314.00
550.74, 325.00
551.06, 308.00
551.39, 311.00
551.72, 304.00
552.05, 304.00
552.38, 299.00
552.71, 298.00
553.03, 287.00
553.36, 287.00
553.69, 295.00
554.02, 270.00
554.35, 280.00
554.68, 270.00
555.00, 268.00
555.33, 267.00
555.66, 268.00
555.99, 287.00
556.32, 270.00
556.64, 268.00
556.97, 276.00
557.30, 275.00
557.63, 272.00
557.96, 271.00
558.28, 280.00
558.61, 278.00
558.94, 277.00
559.27, 271.00
559.59, 269.00
559.92, 263.00
560.25, 269.00
560.58, 265.00
560.90, 275.00
561.23, 267.00
561.56, 258.00
561.89, 260.00
562.21, 252.00
562.54, 261.00
562.87, 250.00
563.20, 255.00
563.52, 242.00
563.85, 245.00
564.18, 263.00
564.50, 252.00
564.83, 274.00
565.16, 296.00
565.48, 241.00
565.81, 248.00
566.14, 231.00
566.47, 226.00
566.79, 235.00
567.12, 235.00
567.45, 261.00
567.77, 234.00
568.10, 243.00
568.43, 237.00
568.75, 235.00
569.08, 245.00
569.40, 270.00
569.73, 241.00
570.06, 234.00
570.38, 228.00
570.71, 236.00
571.04, 234.00
571.36, 241.00
571.69, 239.00
572.01, 238.00
572.34, 234.00
572.67, 247.00
572.99, 241.00
573.32, 254.00
573.64, 238.00
573.97, 238.00
574.30, 242.00
574.62, 241.00
574.95, 236.00
575.27, 235.00
575.60, 245.00
575.92, 242.00
576.25, 253.00
576.58, 258.00
576.90, 252.00
577.23, 288.00
577.55, 253.00
577.88, 252.00
578.20, 262.00
578.53, 259.00
578.85, 280.00
579.18, 280.00
579.50, 275.00
579.83, 269.00
580.15, 264.00
580.48, 273.00
580.80, 267.00
581.13, 265.00
581.45, 272.00
581.78, 266.00
582.10, 273.00
582.43, 278.00
582.75, 286.00
583.08, 276.00
583.40, 281.00
583.73, 349.00
584.05, 284.00
584.38, 279.00
584.70, 321.00
585.03, 284.00
585.35, 278.00
585.67, 287.00
586.00, 302.00
586.32, 320.00
586.65, 336.00
586.97, 330.00
587.30, 330.00
587.62, 308.00
587.94, 297.00
588.27, 296.00
588.59, 289.00
588.92, 285.00
589.24, 269.00
589.56, 281.00
589.89, 285.00
590.21, 270.00
590.54, 264.00
590.86, 264.00
591.18, 268.00
591.51, 270.00
591.83, 287.00
592.15, 288.00
592.48, 292.00
592.80, 293.00
593.13, 288.00
593.45, 287.00
593.77, 281.00
594.10, 281.00
594.42, 290.00
594.74, 283.00
595.07, 286.00
595.39, 275.00
595.71, 280.00
596.03, 277.00
596.36, 289.00
596.68, 283.00
597.00, 277.00
597.33, 289.00
597.65, 292.00
597.97, 298.00
598.30, 298.00
598.62, 297.00
598.94, 299.00
599.26, 292.00
599.59, 299.00
599.91, 303.00
600.23, 288.00
600.55, 284.00
600.88, 273.00
601.20, 266.00
601.52, 254.00
601.84, 259.00
602.17, 253.00
602.49, 250.00
602.81, 235.00
603.13, 241.00
603.45, 251.00
603.78, 233.00
604.10, 238.00
604.42, 236.00
604.74, 242.00
605.07, 242.00
605.39, 234.00
605.71, 241.00
606.03, 236.00
606.35, 232.00
606.67, 246.00
607.00, 243.00
607.32, 236.00
607.64, 250.00
607.96, 246.00
608.28, 251.00
608.60, 256.00
608.93, 267.00
609.25, 309.00
609.57, 343.00
609.89, 430.00
610.21, 501.00
610.53, 552.00
610.85, 535.00
611.17, 515.00
611.50, 473.00
611.82, 450.00
612.14, 413.00
612.46, 389.00
612.78, 371.00
613.10, 353.00
613.42, 332.00
613.74, 326.00
614.06, 354.00
614.38, 322.00
614.70, 325.00
615.03, 320.00
615.35, 307.00
615.67, 399.00
615.99, 270.00
616.31, 269.00
616.63, 247.00
616.95, 256.00
617.27, 246.00
617.59, 243.00
617.91, 243.00
618.23, 242.00
618.55, 236.00
618.87, 237.00
619.19, 235.00
619.51, 239.00
619.83, 239.00
620.15, 241.00
620.47, 238.00
620.79, 242.00
621.11, 246.00
621.43, 233.00
621.75, 245.00
622.07, 239.00
622.39, 239.00
622.71, 239.00
623.03, 232.00
623.35, 280.00
623.67, 234.00
623.99, 239.00
624.31, 228.00
624.63, 236.00
624.95, 236.00
625.26, 231.00
625.58, 231.00
625.90, 262.00
626.22, 227.00
626.54, 232.00
626.86, 232.00
627.18, 233.00
627.50, 234.00
627.82, 227.00
628.14, 236.00
628.46, 243.00
628.77, 239.00
629.09, 247.00
629.41, 251.00
629.73, 258.00
630.05, 265.00
630.37, 269.00
630.69, 275.00
631.00, 271.00
631.32, 265.00
631.64, 238.00
631.96, 238.00
632.28, 232.00
632.60, 237.00
632.92, 237.00
633.23, 237.00
633.55, 235.00
633.87, 234.00
634.19, 242.00
634.51, 244.00
634.82, 254.00
635.14, 256.00
635.46, 252.00
635.78, 254.00
636.10, 242.00
636.41, 246.00
636.73, 245.00
637.05, 239.00
637.37, 252.00
637.68, 248.00
638.00, 244.00
638.32, 247.00
638.64, 240.00
638.95, 264.00
639.27, 246.00
639.59, 242.00
639.91, 244.00
640.22, 239.00
640.54, 237.00
640.86, 237.00
641.18, 238.00
641.49, 250.00
641.81, 249.00
642.13, 254.00
642.44, 242.00
642.76, 248.00
643.08, 243.00
643.40, 243.00
643.71, 261.00
644.03, 253.00
644.35, 263.00
644.66, 273.00
644.98, 264.00
645.30, 255.00
645.61, 262.00
645.93, 249.00
646.25, 236.00
646.56, 246.00
646.88, 268.00
647.19, 231.00
647.51, 239.00
647.83, 235.00
648.14, 224.00
648.46, 234.00
648.78, 240.00
649.09, 244.00
649.41, 300.00
649.72, 254.00
650.04, 268.00
650.36, 273.00
650.67, 271.00
650.99, 275.00
651.30, 270.00
651.62, 271.00
651.93, 271.00
652.25, 295.00
652.57, 309.00
652.88, 272.00
653.20, 272.00
653.51, 263.00
653.83, 259.00
654.14, 240.00
654.46, 245.00
654.77, 250.00
655.09, 265.00
655.40, 272.00
655.72, 259.00
656.04, 242.00
656.35, 240.00
656.67, 237.00
656.98, 233.00
657.30, 244.00
657.61, 243.00
657.93, 243.00
658.24, 249.00
658.55, 286.00
658.87, 248.00
659.18, 246.00
659.50, 254.00
659.81, 252.00
660.13, 255.00
660.44, 258.00
660.76, 253.00
661.07, 274.00
661.39, 252.00
661.70, 236.00
662.01, 227.00
662.33, 230.00
662.64, 230.00
662.96, 221.00
663.27, 219.00
663.59, 215.00
663.90, 212.00
664.21, 211.00
664.53, 233.00
664.84, 216.00
665.16, 240.00
665.47, 228.00
665.78, 224.00
666.10, 228.00
666.41, 230.00
666.72, 234.00
667.04, 236.00
667.35, 233.00
667.67, 230.00
667.98, 229.00
668.29, 229.00
668.61, 233.00
668.92, 229.00
669.23, 222.00
669.55, 221.00
669.86, 252.00
670.17, 219.00
670.48, 213.00
670.80, 218.00
671.11, 211.00
671.42, 213.00
671.74, 218.00
672.05, 211.00
672.36, 215.00
672.68, 219.00
672.99, 214.00
673.30, 230.00
673.61, 233.00
673.93, 237.00
674.24, 241.00
674.55, 254.00
674.86, 252.00
675.18, 255.00
675.49, 260.00
675.80, 268.00
676.11, 260.00
676.43, 266.00
676.74, 257.00
677.05, 258.00
677.36, 268.00
677.67, 259.00
677.99, 250.00
678.30, 241.00
678.61, 231.00
678.92, 227.00
679.23, 222.00
679.55, 212.00
679.86, 199.00
680.17, 201.00
680.48, 209.00
680.79, 202.00
681.10, 202.00
681.42, 207.00
681.73, 194.00
682.04, 194.00
682.35, 198.00
682.66, 201.00
682.97, 195.00
683.28, 204.00
683.60, 206.00
683.91, 201.00
684.22, 217.00
684.53, 202.00
684.84, 192.00
685.15, 209.00
685.46, 217.00
685.77, 191.00
686.08, 197.00
686.40, 230.00
686.71, 195.00
687.02, 197.00
687.33, 193.00
687.64, 190.00
687.95, 186.00
688.26, 181.00
688.57, 183.00
688.88, 184.00
689.19, 180.00
689.50, 177.00
689.81, 176.00
690.12, 177.00
690.43, 193.00
690.74, 179.00
691.05, 178.00
691.36, 188.00
691.67, 178.00
691.98, 175.00
692.29, 179.00
692.60, 184.00
692.91, 179.00
693.22, 174.00
693.53, 179.00
693.84, 175.00
694.15, 173.00
694.46, 177.00
694.77, 173.00
695.08, 179.00
695.39, 185.00
695.70, 174.00
696.01, 173.00
696.32, 176.00
696.63, 176.00
696.94, 179.00
697.25, 177.00
697.56, 187.00
697.87, 185.00
698.17, 221.00
698.48, 179.00
698.79, 169.00
699.10, 178.00
699.41, 181.00
699.72, 170.00
700.03, 174.00
700.34, 173.00
700.65, 172.00
700.95, 170.00
701.26, 174.00
701.57, 174.00
701.88, 170.00
702.19, 184.00
702.50, 178.00
702.81, 168.00
703.11, 191.00
703.42, 177.00
703.73, 180.00
704.04, 182.00
704.35, 179.00
704.66, 184.00
704.96, 207.00
705.27, 241.00
705.58, 242.00
705.89, 250.00
706.20, 236.00
706.50, 226.00
706.81, 222.00
707.12, 204.00
707.43, 204.00
707.73, 200.00
708.04, 191.00
708.35, 183.00
708.66, 184.00
708.97, 187.00
709.27, 180.00
709.58, 178.00
709.89, 183.00
710.19, 180.00
710.50, 184.00
710.81, 187.00
711.12, 189.00
711.42, 181.00
711.73, 194.00
712.04, 181.00
712.35, 175.00
712.65, 176.00
712.96, 183.00
713.27, 181.00
713.57, 199.00
713.88, 195.00
714.19, 179.00
714.49, 179.00
714.80, 182.00
715.11, 175.00
715.41, 172.00
715.72, 175.00
716.03, 176.00
716.33, 178.00
716.64, 167.00
716.94, 173.00
717.25, 168.00
717.56, 177.00
717.86, 174.00
718.17, 168.00
718.48, 168.00
718.78, 175.00
719.09, 168.00
719.39, 170.00
719.70, 171.00
720.01, 171.00
720.31, 175.00
720.62, 172.00
720.92, 173.00
721.23, 181.00
721.53, 182.00
721.84, 176.00
722.15, 179.00
722.45, 177.00
722.76, 179.00
723.06, 176.00
723.37, 181.00
723.67, 172.00
723.98, 176.00
724.28, 174.00
724.59, 179.00
724.89, 180.00
725.20, 179.00
725.50, 184.00
725.81, 175.00
726.11, 179.00
726.42, 175.00
726.72, 176.00
727.03, 215.00
727.33, 176.00
727.64, 176.00
727.94, 177.00
728.25, 168.00
728.55, 173.00
728.86, 187.00
729.16, 164.00
729.46, 170.00
729.77, 171.00
730.07, 165.00
730.38, 164.00
730.68, 169.00
730.99, 178.00
731.29, 171.00
731.59, 170.00
731.90, 163.00
732.20, 168.00
732.51, 169.00
732.81, 170.00
733.11, 176.00
733.42, 179.00
733.72, 178.00
734.02, 178.00
734.33, 175.00
734.63, 173.00
734.94, 168.00
735.24, 178.00
735.54, 176.00
735.85, 173.00
736.15, 175.00
736.45, 174.00
736.76, 177.00
737.06, 171.00
737.36, 175.00
737.67, 171.00
737.97, 171.00
738.27, 172.00
738.57, 167.00
738.88, 171.00
739.18, 205.00
739.48, 173.00
739.79, 167.00
740.09, 168.00
740.39, 177.00
740.69, 172.00
741.00, 165.00
741.30, 175.00
741.60, 168.00
741.90, 174.00
742.21, 173.00
742.51, 221.00
742.81, 177.00
743.11, 186.00
743.42, 209.00
743.72, 185.00
744.02, 193.00
744.32, 199.00
744.63, 207.00
744.93, 213.00
745.23, 210.00
745.53, 216.00
745.83, 208.00
746.13, 205.00
746.44, 207.00
746.74, 209.00
747.04, 211.00
747.34, 206.00
747.64, 220.00
747.94, 206.00
748.25, 207.00
748.55, 213.00
748.85, 221.00
749.15, 218.00
749.45, 236.00
749.75, 214.00
750.05, 202.00
750.35, 190.00
750.66, 207.00
750.96, 183.00
751.26, 183.00
751.56, 180.00
751.86, 181.00
752.16, 169.00
752.46, 172.00
752.76, 170.00
753.06, 170.00
753.36, 205.00
753.66, 168.00
753.96, 180.00
754.27, 177.00
754.57, 171.00
754.87, 169.00
755.17, 172.00
755.47, 175.00
755.77, 177.00
756.07, 179.00
756.37, 187.00
756.67, 185.00
756.97, 188.00
757.27, 190.00
757.57, 181.00
757.87, 194.00
758.17, 185.00
758.47, 189.00
758.77, 191.00
759.07, 187.00
759.37, 191.00
759.67, 195.00
759.97, 195.00
760.27, 185.00
760.57, 184.00
760.86, 187.00
761.16, 184.00
761.46, 186.00
761.76, 207.00
762.06, 174.00
762.36, 186.00
762.66, 182.00
762.96, 173.00
763.26, 178.00
763.56, 197.00
763.86, 176.00
764.16, 166.00
764.45, 184.00
764.75, 162.00
765.05, 166.00
765.35, 166.00
765.65, 169.00
765.95, 168.00
766.25, 171.00
766.55, 167.00
766.84, 171.00
767.14, 168.00
767.44, 170.00
767.74, 171.00
768.04, 179.00
768.34, 171.00
768.63, 175.00
768.93, 180.00
769.23, 178.00
769.53, 182.00
769.83, 185.00
770.12, 179.00
770.42, 185.00
770.72, 180.00
771.02, 180.00
771.32, 181.00
771.61, 180.00
771.91, 185.00
772.21, 179.00
772.51, 181.00
772.80, 185.00
773.10, 180.00
773.40, 182.00
773.70, 184.00
773.99, 177.00
774.29, 182.00
774.59, 185.00
774.88, 183.00
775.18, 186.00
775.48, 301.00
775.78, 592.00
776.07, 863.00
776.37, 977.00
776.67, 869.00
776.96, 617.00
777.26, 508.00
777.56, 390.00
777.85, 340.00
778.15, 309.00
778.45, 291.00
778.74, 263.00
779.04, 231.00
779.34, 201.00
779.63, 183.00
779.93, 166.00
780.22, 165.00
780.52, 159.00
780.82, 159.00
781.11, 153.00
781.41, 165.00
781.71, 155.00
782.00, 153.00
782.30, 159.00
782.59, 173.00
782.89, 158.00
783.19, 159.00
783.48, 160.00
783.78, 152.00
784.07, 168.00
784.37, 158.00
784.66, 154.00
784.96, 154.00
785.25, 154.00
785.55, 153.00
785.84, 158.00
786.14, 155.00
786.44, 153.00
786.73, 155.00
787.03, 150.00
787.32, 156.00
787.62, 157.00
787.91, 148.00
788.21, 159.00
788.50, 157.00
788.80, 149.00
789.09, 160.00
789.39, 165.00
789.68, 155.00
789.97, 157.00
790.27, 154.00
790.56, 157.00
790.86, 162.00
791.15, 160.00
791.45, 150.00
791.74, 176.00
792.04, 158.00
792.33, 154.00
792.62, 181.00
792.92, 149.00
793.21, 153.00
793.51, 154.00
793.80, 155.00
794.09, 156.00
794.39, 151.00
794.68, 155.00
794.98, 153.00
795.27, 149.00
795.56, 144.00
795.86, 161.00
796.15, 151.00
796.44, 157.00
796.74, 149.00
797.03, 152.00
797.32, 149.00
797.62, 152.00
797.91, 162.00
798.20, 155.00
798.50, 153.00
798.79, 158.00
799.08, 153.00
799.38, 154.00
799.67, 152.00
799.96, 163.00
800.26, 181.00
800.55, 153.00
800.84, 158.00
801.13, 155.00
801.43, 155.00
801.72, 190.00
802.01, 154.00
802.30, 157.00
802.60, 152.00
802.89, 160.00
803.18, 155.00
803.47, 145.00
803.77, 155.00
804.06, 158.00
804.35, 159.00
804.64, 171.00
804.94, 152.00
805.23, 151.00
805.52, 157.00
805.81, 148.00
806.10, 158.00
806.39, 153.00
806.69, 150.00
806.98, 151.00
807.27, 153.00
807.56, 157.00
807.85, 158.00
808.14, 151.00
808.44, 161.00
808.73, 153.00
809.02, 169.00
809.31, 157.00
809.60, 161.00
809.89, 162.00
810.18, 154.00
810.48, 161.00
810.77, 158.00
811.06, 153.00
811.35, 156.00
811.64, 158.00
811.93, 173.00
812.22, 155.00
812.51, 152.00
812.80, 154.00
813.09, 152.00
813.38, 153.00
813.67, 174.00
813.96, 156.00
814.26, 151.00
814.55, 151.00
814.84, 150.00
815.13, 157.00
815.42, 153.00
815.71, 155.00
816.00, 148.00
816.29, 158.00
816.58, 156.00
816.87, 152.00
817.16, 148.00
817.45, 156.00
817.74, 153.00
818.03, 154.00
818.32, 149.00
818.61, 151.00
818.90, 155.00
819.19, 149.00
819.48, 155.00
819.76, 146.00
820.05, 149.00
820.34, 150.00
820.63, 151.00
820.92, 150.00
821.21, 155.00
821.50, 151.00
821.79, 153.00
822.08, 147.00
822.37, 155.00
822.66, 152.00
822.95, 152.00
823.23, 149.00
823.52, 169.00
823.81, 156.00
824.10, 154.00
824.39, 153.00
824.68, 151.00
824.97, 164.00
825.26, 152.00
825.54, 193.00
825.83, 149.00
826.12, 155.00
826.41, 147.00
826.70, 145.00
826.99, 160.00
827.27, 149.00
827.56, 161.00
827.85, 150.00
828.14, 149.00
828.43, 153.00
828.71, 155.00
829.00, 148.00
829.29, 150.00
829.58, 153.00
829.86, 152.00
830.15, 148.00
830.44, 151.00
830.73, 152.00
831.01, 149.00
831.30, 153.00
831.59, 153.00
831.88, 150.00
832.16, 144.00
832.45, 156.00
832.74, 149.00
833.03, 150.00
833.31, 149.00
833.60, 149.00
833.89, 146.00
834.17, 148.00
834.46, 148.00
834.75, 144.00
835.03, 148.00
835.32, 149.00
835.61, 148.00
835.89, 161.00
836.18, 147.00
836.47, 143.00
836.75, 152.00
837.04, 153.00
837.33, 149.00
837.61, 145.00
837.90, 149.00
838.19, 149.00
838.47, 148.00
838.76, 150.00
839.04, 146.00
839.33, 148.00
839.62, 147.00
839.90, 140.00
840.19, 145.00
840.47, 144.00
840.76, 176.00
841.04, 147.00
841.33, 155.00
841.62, 149.00
841.90, 149.00
842.19, 150.00
842.47, 298.00
842.76, 150.00
843.04, 152.00
843.33, 180.00
843.61, 169.00
843.90, 173.00
844.18, 176.00
844.47, 172.00
844.75, 165.00
845.04, 162.00
845.32, 165.00
845.61, 156.00
845.89, 155.00
846.18, 154.00
846.46, 157.00
846.75, 162.00
847.03, 160.00
847.32, 152.00
847.60, 152.00
847.88, 148.00
848.17, 152.00
848.45, 166.00
848.74, 150.00
849.02, 150.00
849.31, 149.00
849.59, 150.00
849.87, 152.00
850.16, 145.00
850.44, 154.00
850.73, 177.00
851.01, 152.00
851.29, 148.00
851.58, 154.00
851.86, 149.00
852.14, 150.00
852.43, 151.00
852.71, 146.00
853.00, 142.00
853.28, 155.00
853.56, 148.00
853.85, 150.00
854.13, 151.00
854.41, 146.00
854.69, 155.00
854.98, 153.00
855.26, 197.00
855.54, 148.00
855.83, 149.00
856.11, 155.00
856.39, 153.00
856.68, 145.00
856.96, 149.00
857.24, 148.00
857.52, 151.00
857.81, 146.00
858.09, 145.00
858.37, 148.00
858.65, 148.00
858.94, 148.00
859.22, 150.00
