190.05, 0.00
190.41, 136.00
190.77, 143.00
191.14, 141.00
191.50, 142.00
191.86, 157.00
192.22, 155.00
192.58, 151.00
192.94, 146.00
193.31, 146.00
193.67, 149.00
194.03, 156.00
194.39, 148.00
194.75, 147.00
195.11, 154.00
195.47, 161.00
195.84, 147.00
196.20, 149.00
196.56, 164.00
196.92, 147.00
197.28, 149.00
197.64, 144.00
198.00, 141.00
198.37, 152.00
198.73, 145.00
199.09, 140.00
199.45, 145.00
199.81, 151.00
200.17, 146.00
200.53, 146.00
200.89, 153.00
201.25, 182.00
201.62, 147.00
201.98, 146.00
202.34, 148.00
202.70, 151.00
203.06, 147.00
203.42, 151.00
203.78, 148.00
204.14, 149.00
204.50, 169.00
204.86, 162.00
205.22, 155.00
205.58, 152.00
205.95, 150.00
206.31, 143.00
206.67, 152.00
207.03, 149.00
207.39, 152.00
207.75, 142.00
208.11, 140.00
208.47, 150.00
208.83, 150.00
209.19, 147.00
209.55, 148.00
209.91, 148.00
210.27, 146.00
210.63, 148.00
210.99, 154.00
211.35, 146.00
211.71, 150.00
212.07, 148.00
212.43, 153.00
212.79, 148.00
213.15, 149.00
213.51, 148.00
213.87, 156.00
214.23, 149.00
214.59, 146.00
214.95, 155.00
215.31, 152.00
215.67, 151.00
216.03, 173.00
216.39, 153.00
216.75, 148.00
217.11, 153.00
217.47, 146.00
217.83, 147.00
218.19, 148.00
218.55, 151.00
218.91, 149.00
219.27, 150.00
219.63, 150.00
219.99, 144.00
220.35, 148.00
220.71, 156.00
221.07, 145.00
221.43, 147.00
221.79, 150.00
222.15, 154.00
222.51, 152.00
222.87, 146.00
223.23, 147.00
223.59, 146.00
223.95, 148.00
224.31, 149.00
224.67, 150.00
225.03, 152.00
225.39, 151.00
225.74, 155.00
226.10, 147.00
226.46, 146.00
226.82, 151.00
227.18, 150.00
227.54, 148.00
227.90, 151.00
228.26, 149.00
228.62, 156.00
228.98, 152.00
229.34, 150.00
229.69, 147.00
230.05, 155.00
230.41, 146.00
230.77, 156.00
231.13, 156.00
231.49, 150.00
231.85, 144.00
232.21, 155.00
232.57, 152.00
232.92, 144.00
233.28, 148.00
233.64, 149.00
234.00, 145.00
234.36, 148.00
234.72, 146.00
235.08, 150.00
235.44, 152.00
235.79, 143.00
236.15, 150.00
236.51, 149.00
236.87, 146.00
237.23, 151.00
237.59, 155.00
237.94, 160.00
238.30, 150.00
238.66, 151.00
239.02, 150.00
239.38, 148.00
239.74, 146.00
240.09, 158.00
240.45, 145.00
240.81, 146.00
241.17, 158.00
241.53, 151.00
241.89, 149.00
242.24, 146.00
242.60, 148.00
242.96, 152.00
243.32, 148.00
243.68, 144.00
244.03, 144.00
244.39, 148.00
244.75, 173.00
245.11, 152.00
245.46, 155.00
245.82, 180.00
246.18, 146.00
246.54, 151.00
246.90, 149.00
247.25, 147.00
247.61, 147.00
247.97, 186.00
248.33, 150.00
248.68, 148.00
249.04, 148.00
249.40, 151.00
249.76, 151.00
250.11, 149.00
250.47, 151.00
250.83, 149.00
251.19, 151.00
251.54, 154.00
251.90, 148.00
252.26, 152.00
252.62, 146.00
252.97, 155.00
253.33, 144.00
253.69, 146.00
254.05, 150.00
254.40, 140.00
254.76, 141.00
255.12, 175.00
255.47, 154.00
255.83, 153.00
256.19, 153.00
256.54, 146.00
256.90, 146.00
257.26, 144.00
257.62, 153.00
257.97, 144.00
258.33, 150.00
258.69, 145.00
259.04, 145.00
259.40, 147.00
259.76, 148.00
260.11, 150.00
260.47, 148.00
260.83, 151.00
261.18, 152.00
261.54, 154.00
261.90, 153.00
262.25, 145.00
262.61, 150.00
262.97, 146.00
263.32, 145.00
263.68, 146.00
264.04, 154.00
264.39, 150.00
264.75, 146.00
265.10, 149.00
265.46, 188.00
265.82, 159.00
266.17, 146.00
266.53, 144.00
266.89, 148.00
267.24, 149.00
267.60, 148.00
267.95, 146.00
268.31, 149.00
268.67, 145.00
269.02, 154.00
269.38, 147.00
269.74, 151.00
270.09, 149.00
270.45, 144.00
270.80, 172.00
271.16, 148.00
271.51, 154.00
271.87, 152.00
272.23, 157.00
272.58, 152.00
272.94, 148.00
273.29, 150.00
273.65, 193.00
274.00, 150.00
274.36, 155.00
274.72, 149.00
275.07, 151.00
275.43, 150.00
275.78, 147.00
276.14, 145.00
276.49, 149.00
276.85, 161.00
277.20, 169.00
277.56, 149.00
277.92, 147.00
278.27, 147.00
278.63, 156.00
278.98, 149.00
279.34, 150.00
279.69, 148.00
280.05, 165.00
280.40, 146.00
280.76, 166.00
281.11, 151.00
281.47, 151.00
281.82, 149.00
282.18, 151.00
282.53, 156.00
282.89, 158.00
283.24, 159.00
283.60, 153.00
283.95, 157.00
284.31, 152.00
284.66, 155.00
285.02, 155.00
285.37, 156.00
285.73, 150.00
286.08, 158.00
286.44, 147.00
286.79, 155.00
287.14, 158.00
287.50, 152.00
287.85, 156.00
288.21, 152.00
288.56, 152.00
288.92, 153.00
289.27, 148.00
289.63, 153.00
289.98, 155.00
290.34, 148.00
290.69, 163.00
291.04, 148.00
291.40, 150.00
291.75, 149.00
292.11, 150.00
292.46, 144.00
292.81, 152.00
293.17, 148.00
293.52, 149.00
293.88, 151.00
294.23, 153.00
294.59, 159.00
294.94, 151.00
295.29, 157.00
295.65, 154.00
296.00, 180.00
296.36, 155.00
296.71, 157.00
297.06, 159.00
297.42, 159.00
297.77, 158.00
298.12, 161.00
298.48, 158.00
298.83, 166.00
299.19, 154.00
299.54, 160.00
299.89, 158.00
300.25, 154.00
300.60, 160.00
300.95, 158.00
301.31, 152.00
301.66, 152.00
302.01, 154.00
302.37, 151.00
302.72, 152.00
303.07, 150.00
303.43, 152.00
303.78, 154.00
304.13, 158.00
304.49, 154.00
304.84, 166.00
305.19, 190.00
305.55, 159.00
305.90, 171.00
306.25, 177.00
306.61, 217.00
306.96, 241.00
307.31, 301.00
307.66, 388.00
308.02, 491.00
308.37, 553.00
308.72, 602.00
309.08, 594.00
309.43, 570.00
309.78, 491.00
310.13, 438.00
310.49, 384.00
310.84, 310.00
311.19, 283.00
311.54, 247.00
311.90, 224.00
312.25, 214.00
312.60, 207.00
312.95, 233.00
313.31, 256.00
313.66, 246.00
314.01, 259.00
314.36, 267.00
314.72, 268.00
315.07, 315.00
315.42, 330.00
315.77, 374.00
316.13, 301.00
316.48, 246.00
316.83, 202.00
317.18, 179.00
317.54, 167.00
317.89, 158.00
318.24, 162.00
318.59, 155.00
318.94, 159.00
319.30, 162.00
319.65, 159.00
320.00, 154.00
320.35, 154.00
320.70, 160.00
321.05, 162.00
321.41, 160.00
321.76, 162.00
322.11, 154.00
322.46, 154.00
322.81, 189.00
323.17, 164.00
323.52, 158.00
323.87, 164.00
324.22, 161.00
324.57, 160.00
324.92, 160.00
325.27, 161.00
325.63, 160.00
325.98, 159.00
326.33, 163.00
326.68, 160.00
327.03, 161.00
327.38, 158.00
327.73, 164.00
328.09, 171.00
328.44, 204.00
328.79, 170.00
329.14, 209.00
329.49, 174.00
329.84, 181.00
330.19, 178.00
330.54, 176.00
330.89, 174.00
331.25, 168.00
331.60, 163.00
331.95, 163.00
332.30, 158.00
332.65, 167.00
333.00, 168.00
333.35, 216.00
333.70, 216.00
334.05, 175.00
334.40, 182.00
334.75, 187.00
335.10, 216.00
335.45, 254.00
335.81, 329.00
336.16, 455.00
336.51, 584.00
336.86, 609.00
337.21, 552.00
337.56, 406.00
337.91, 289.00
338.26, 214.00
338.61, 181.00
338.96, 167.00
339.31, 163.00
339.66, 163.00
340.01, 162.00
340.36, 163.00
340.71, 153.00
341.06, 156.00
341.41, 163.00
341.76, 155.00
342.11, 161.00
342.46, 161.00
342.81, 164.00
343.16, 160.00
343.51, 153.00
343.86, 165.00
344.21, 154.00
344.56, 162.00
344.91, 155.00
345.26, 162.00
345.61, 154.00
345.96, 156.00
346.31, 153.00
346.66, 181.00
347.01, 153.00
347.36, 180.00
347.71, 152.00
348.06, 156.00
348.41, 168.00
348.76, 173.00
349.10, 166.00
349.45, 175.00
349.80, 172.00
350.15, 170.00
350.50, 170.00
350.85, 182.00
351.20, 170.00
351.55, 188.00
351.90, 201.00
352.25, 223.00
352.60, 250.00
352.95, 292.00
353.30, 325.00
353.64, 289.00
353.99, 263.00
354.34, 257.00
354.69, 248.00
355.04, 252.00
355.39, 287.00
355.74, 340.00
356.09, 378.00
356.44, 432.00
356.78, 505.00
357.13, 555.00
357.48, 541.00
357.83, 448.00
358.18, 331.00
358.53, 269.00
358.88, 201.00
359.22, 193.00
359.57, 162.00
359.92, 165.00
360.27, 160.00
360.62, 164.00
360.97, 167.00
361.32, 166.00
361.66, 164.00
362.01, 162.00
362.36, 166.00
362.71, 163.00
363.06, 170.00
363.40, 167.00
363.75, 161.00
364.10, 170.00
364.45, 163.00
364.80, 166.00
365.14, 163.00
365.49, 166.00
365.84, 160.00
366.19, 163.00
366.54, 163.00
366.88, 173.00
367.23, 158.00
367.58, 212.00
367.93, 157.00
368.28, 158.00
368.62, 156.00
368.97, 163.00
369.32, 172.00
369.67, 170.00
370.01, 187.00
370.36, 192.00
370.71, 210.00
371.06, 181.00
371.40, 177.00
371.75, 162.00
372.10, 167.00
372.45, 162.00
372.79, 167.00
373.14, 171.00
373.49, 182.00
373.83, 194.00
374.18, 216.00
374.53, 240.00
374.88, 254.00
375.22, 264.00
375.57, 232.00
375.92, 205.00
376.26, 187.00
376.61, 174.00
376.96, 161.00
377.30, 170.00
377.65, 170.00
378.00, 172.00
378.35, 192.00
378.69, 213.00
379.04, 234.00
379.39, 282.00
379.73, 313.00
380.08, 322.00
380.43, 274.00
380.77, 238.00
381.12, 212.00
381.47, 193.00
381.81, 174.00
382.16, 169.00
382.50, 166.00
382.85, 237.00
383.20, 170.00
383.54, 177.00
383.89, 174.00
384.24, 184.00
384.58, 190.00
384.93, 206.00
385.27, 202.00
385.62, 194.00
385.97, 197.00
386.31, 201.00
386.66, 226.00
387.00, 202.00
387.35, 211.00
387.70, 227.00
388.04, 333.00
388.39, 332.00
388.73, 437.00
389.08, 611.00
389.43, 870.00
389.77, 1123.00
390.12, 1489.00
390.46, 2122.00
390.81, 2340.00
391.15, 2248.00
391.50, 1716.00
391.85, 1034.00
392.19, 706.00
392.54, 404.00
392.88, 254.00
393.23, 212.00
393.57, 206.00
393.92, 191.00
394.26, 182.00
394.61, 169.00
394.95, 163.00
395.30, 158.00
395.64, 160.00
395.99, 197.00
396.33, 164.00
396.68, 160.00
397.02, 165.00
397.37, 171.00
397.71, 172.00
398.06, 176.00
398.40, 191.00
398.75, 202.00
399.09, 207.00
399.44, 204.00
399.78, 198.00
400.13, 178.00
400.47, 171.00
400.82, 160.00
401.16, 156.00
401.51, 163.00
401.85, 157.00
402.20, 164.00
402.54, 158.00
402.88, 167.00
403.23, 161.00
403.57, 172.00
403.92, 194.00
404.26, 257.00
404.61, 214.00
404.95, 243.00
405.30, 216.00
405.64, 209.00
405.98, 221.00
406.33, 175.00
406.67, 166.00
407.02, 168.00
407.36, 172.00
407.70, 176.00
408.05, 170.00
408.39, 176.00
408.74, 177.00
409.08, 184.00
409.42, 178.00
409.77, 173.00
410.11, 184.00
410.46, 166.00
410.80, 176.00
411.14, 179.00
411.49, 185.00
411.83, 191.00
412.17, 178.00
412.52, 184.00
412.86, 190.00
413.20, 179.00
413.55, 182.00
413.89, 178.00
414.23, 178.00
414.58, 209.00
414.92, 168.00
415.26, 163.00
415.61, 163.00
415.95, 171.00
416.29, 166.00
416.64, 166.00
416.98, 167.00
417.32, 181.00
417.67, 193.00
418.01, 202.00
418.35, 204.00
418.70, 219.00
419.04, 253.00
419.38, 241.00
419.72, 231.00
420.07, 213.00
420.41, 185.00
420.75, 180.00
421.10, 182.00
421.44, 172.00
421.78, 171.00
422.12, 172.00
422.47, 180.00
422.81, 193.00
423.15, 201.00
423.49, 198.00
423.84, 194.00
424.18, 204.00
424.52, 217.00
424.86, 260.00
425.21, 347.00
425.55, 406.00
425.89, 492.00
426.23, 587.00
426.57, 814.00
426.92, 900.00
427.26, 974.00
427.60, 823.00
427.94, 569.00
428.28, 422.00
428.63, 310.00
428.97, 246.00
429.31, 196.00
429.65, 174.00
429.99, 169.00
430.34, 159.00
430.68, 166.00
431.02, 173.00
431.36, 162.00
431.70, 164.00
432.04, 162.00
432.39, 171.00
432.73, 173.00
433.07, 172.00
433.41, 179.00
433.75, 179.00
434.09, 179.00
434.43, 189.00
434.78, 253.00
435.12, 293.00
435.46, 331.00
435.80, 303.00
436.14, 270.00
436.48, 238.00
436.82, 227.00
437.16, 199.00
437.51, 188.00
437.85, 186.00
438.19, 212.00
438.53, 171.00
438.87, 189.00
439.21, 178.00
439.55, 181.00
439.89, 186.00
440.23, 184.00
440.57, 186.00
440.91, 193.00
441.26, 188.00
441.60, 176.00
441.94, 181.00
442.28, 186.00
442.62, 176.00
442.96, 170.00
443.30, 177.00
443.64, 175.00
443.98, 172.00
444.32, 168.00
444.66, 165.00
445.00, 170.00
445.34, 172.00
445.68, 173.00
446.02, 168.00
446.36, 166.00
446.70, 170.00
447.04, 168.00
447.38, 194.00
447.72, 168.00
448.06, 169.00
448.40, 171.00
448.74, 165.00
449.08, 171.00
449.42, 170.00
449.76, 166.00
450.10, 167.00
450.44, 161.00
450.78, 165.00
451.12, 168.00
451.46, 173.00
451.80, 172.00
452.14, 166.00
452.48, 160.00
452.82, 167.00
453.16, 164.00
453.50, 170.00
453.84, 164.00
454.18, 207.00
454.52, 173.00
454.86, 170.00
455.19, 184.00
455.53, 174.00
455.87, 168.00
456.21, 176.00
456.55, 174.00
456.89, 175.00
457.23, 176.00
457.57, 172.00
457.91, 183.00
458.25, 188.00
458.59, 192.00
458.92, 207.00
459.26, 201.00
459.60, 207.00
459.94, 190.00
460.28, 179.00
460.62, 172.00
460.96, 170.00
461.30, 167.00
461.63, 161.00
461.97, 165.00
462.31, 162.00
462.65, 166.00
462.99, 170.00
463.33, 172.00
463.67, 174.00
464.00, 178.00
464.34, 179.00
464.68, 174.00
465.02, 187.00
465.36, 183.00
465.70, 172.00
466.03, 178.00
466.37, 173.00
466.71, 175.00
467.05, 188.00
467.39, 196.00
467.72, 215.00
468.06, 236.00
468.40, 252.00
468.74, 262.00
469.08, 274.00
469.41, 302.00
469.75, 347.00
470.09, 375.00
470.43, 382.00
470.76, 310.00
471.10, 277.00
471.44, 250.00
471.78, 229.00
472.11, 210.00
472.45, 203.00
472.79, 191.00
473.13, 189.00
473.46, 186.00
473.80, 175.00
474.14, 177.00
474.48, 178.00
474.81, 172.00
475.15, 171.00
475.49, 174.00
475.82, 175.00
476.16, 168.00
476.50, 171.00
476.84, 171.00
477.17, 165.00
477.51, 161.00
477.85, 163.00
478.18, 183.00
478.52, 166.00
478.86, 218.00
479.19, 180.00
479.53, 165.00
479.87, 205.00
480.20, 178.00
480.54, 176.00
480.88, 165.00
481.21, 171.00
481.55, 176.00
481.89, 175.00
482.22, 181.00
482.56, 191.00
482.90, 182.00
483.23, 186.00
483.57, 183.00
483.90, 193.00
484.24, 200.00
484.58, 203.00
484.91, 212.00
485.25, 216.00
485.58, 218.00
485.92, 230.00
486.26, 228.00
486.59, 235.00
486.93, 234.00
487.26, 231.00
487.60, 231.00
487.94, 230.00
488.27, 232.00
488.61, 223.00
488.94, 233.00
489.28, 224.00
489.61, 214.00
489.95, 222.00
490.29, 223.00
490.62, 224.00
490.96, 222.00
491.29, 224.00
491.63, 221.00
491.96, 215.00
492.30, 211.00
492.63, 203.00
492.97, 203.00
493.30, 204.00
493.64, 200.00
493.97, 201.00
494.31, 206.00
494.64, 207.00
494.98, 198.00
495.31, 202.00
495.65, 198.00
495.98, 199.00
496.32, 194.00
496.65, 225.00
496.99, 198.00
497.32, 185.00
497.66, 187.00
497.99, 189.00
498.33, 180.00
498.66, 181.00
499.00, 176.00
499.33, 178.00
499.67, 173.00
500.00, 172.00
500.34, 180.00
500.67, 186.00
501.00, 187.00
501.34, 181.00
501.67, 173.00
502.01, 175.00
502.34, 174.00
502.68, 182.00
503.01, 184.00
503.34, 189.00
503.68, 183.00
504.01, 182.00
504.35, 183.00
504.68, 185.00
505.01, 178.00
505.35, 185.00
505.68, 180.00
506.02, 184.00
506.35, 181.00
506.68, 198.00
507.02, 193.00
507.35, 177.00
507.68, 180.00
508.02, 180.00
508.35, 179.00
508.69, 174.00
509.02, 171.00
509.35, 175.00
509.69, 174.00
510.02, 178.00
510.35, 171.00
510.69, 175.00
511.02, 170.00
511.35, 173.00
511.69, 178.00
512.02, 172.00
512.35, 178.00
512.68, 168.00
513.02, 177.00
513.35, 166.00
513.68, 170.00
514.02, 174.00
514.35, 172.00
514.68, 166.00
515.01, 165.00
515.35, 173.00
515.68, 161.00
516.01, 163.00
516.35, 164.00
516.68, 156.00
517.01, 161.00
517.34, 164.00
517.68, 158.00
518.01, 168.00
518.34, 171.00
518.67, 165.00
519.01, 171.00
519.34, 180.00
519.67, 181.00
520.00, 177.00
520.33, 182.00
520.67, 178.00
521.00, 180.00
521.33, 189.00
521.66, 199.00
522.00, 194.00
522.33, 191.00
522.66, 186.00
522.99, 179.00
523.32, 189.00
523.65, 172.00
523.99, 181.00
524.32, 182.00
524.65, 177.00
524.98, 178.00
525.31, 170.00
525.65, 206.00
525.98, 174.00
526.31, 173.00
526.64, 178.00
526.97, 176.00
527.30, 172.00
527.63, 172.00
527.97, 166.00
528.30, 166.00
528.63, 174.00
528.96, 187.00
529.29, 160.00
529.62, 164.00
529.95, 156.00
530.28, 162.00
530.61, 159.00
530.95, 159.00
531.28, 154.00
531.61, 170.00
531.94, 182.00
532.27, 185.00
532.60, 183.00
532.93, 185.00
533.26, 182.00
533.59, 171.00
533.92, 171.00
534.25, 171.00
534.58, 206.00
534.91, 178.00
535.25, 170.00
535.58, 163.00
535.91, 172.00
536.24, 176.00
536.57, 183.00
536.90, 174.00
537.23, 183.00
537.56, 219.00
537.89, 190.00
538.22, 196.00
538.55, 192.00
538.88, 203.00
539.21, 314.00
539.54, 229.00
539.87, 247.00
540.20, 263.00
540.53, 277.00
540.86, 358.00
541.19, 366.00
541.52, 387.00
541.85, 418.00
542.18, 438.00
542.51, 454.00
542.84, 459.00
543.17, 463.00
543.50, 452.00
543.82, 436.00
544.15, 433.00
544.48, 426.00
544.81, 456.00
545.14, 488.00
545.47, 459.00
545.80, 441.00
546.13, 362.00
546.46, 374.00
546.79, 334.00
547.12, 277.00
547.45, 267.00
547.78, 266.00
548.10, 251.00
548.43, 248.00
548.76, 240.00
549.09, 242.00
549.42, 228.00
549.75, 227.00
550.08, 231.00
550.41, 224.00
550.74, 229.00
551.06, 218.00
551.39, 224.00
551.72, 214.00
552.05, 207.00
552.38, 201.00
552.71, 206.00
553.03, 206.00
553.36, 194.00
553.69, 194.00
554.02, 186.00
554.35, 188.00
554.68, 185.00
555.00, 187.00
555.33, 181.00
555.66, 175.00
555.99, 193.00
556.32, 185.00
556.64, 185.00
556.97, 192.00
557.30, 197.00
557.63, 193.00
557.96, 197.00
558.28, 194.00
558.61, 193.00
558.94, 199.00
559.27, 198.00
559.59, 195.00
559.92, 189.00
560.25, 189.00
560.58, 189.00
560.90, 194.00
561.23, 188.00
561.56, 189.00
561.89, 185.00
562.21, 187.00
562.54, 179.00
562.87, 173.00
563.20, 177.00
563.52, 171.00
563.85, 165.00
564.18, 185.00
564.50, 171.00
564.83, 199.00
565.16, 215.00
565.48, 154.00
565.81, 168.00
566.14, 157.00
566.47, 155.00
566.79, 164.00
567.12, 158.00
567.45, 185.00
567.77, 160.00
568.10, 161.00
568.43, 160.00
568.75, 157.00
569.08, 159.00
569.40, 199.00
569.73, 162.00
570.06, 157.00
570.38, 157.00
570.71, 160.00
571.04, 156.00
571.36, 163.00
571.69, 163.00
572.01, 162.00
572.34, 158.00
572.67, 167.00
572.99, 161.00
573.32, 183.00
573.64, 159.00
573.97, 161.00
574.30, 164.00
574.62, 160.00
574.95, 159.00
575.27, 163.00
575.60, 163.00
575.92, 176.00
576.25, 176.00
576.58, 180.00
576.90, 170.00
577.23, 204.00
577.55, 180.00
577.88, 174.00
578.20, 180.00
578.53, 182.00
578.85, 196.00
579.18, 194.00
579.50, 193.00
579.83, 186.00
580.15, 189.00
580.48, 193.00
580.80, 194.00
581.13, 192.00
581.45, 190.00
581.78, 200.00
582.10, 202.00
582.43, 209.00
582.75, 212.00
583.08, 208.00
583.40, 205.00
583.73, 279.00
584.05, 207.00
584.38, 200.00
584.70, 249.00
585.03, 210.00
585.35, 201.00
585.67, 208.00
586.00, 226.00
586.32, 244.00
586.65, 265.00
586.97, 252.00
587.30, 260.00
587.62, 240.00
587.94, 239.00
588.27, 213.00
588.59, 208.00
588.92, 201.00
589.24, 203.00
589.56, 199.00
589.89, 197.00
590.21, 192.00
590.54, 186.00
590.86, 191.00
591.18, 191.00
591.51, 195.00
591.83, 210.00
592.15, 214.00
592.48, 203.00
592.80, 210.00
593.13, 200.00
593.45, 197.00
593.77, 197.00
594.10, 196.00
594.42, 192.00
594.74, 184.00
595.07, 189.00
595.39, 193.00
595.71, 200.00
596.03, 198.00
596.36, 205.00
596.68, 201.00
597.00, 207.00
597.33, 205.00
597.65, 207.00
597.97, 208.00
598.30, 215.00
598.62, 220.00
598.94, 214.00
599.26, 211.00
599.59, 213.00
599.91, 207.00
600.23, 203.00
600.55, 196.00
600.88, 201.00
601.20, 191.00
601.52, 183.00
601.84, 187.00
602.17, 181.00
602.49, 176.00
602.81, 174.00
603.13, 181.00
603.45, 182.00
603.78, 171.00
604.10, 173.00
604.42, 167.00
604.74, 164.00
605.07, 172.00
605.39, 169.00
605.71, 166.00
606.03, 169.00
606.35, 173.00
606.67, 180.00
607.00, 178.00
607.32, 175.00
607.64, 183.00
607.96, 178.00
608.28, 189.00
608.60, 192.00
608.93, 204.00
609.25, 243.00
609.57, 291.00
609.89, 378.00
610.21, 442.00
610.53, 477.00
610.85, 475.00
611.17, 448.00
611.50, 420.00
611.82, 389.00
612.14, 358.00
612.46, 337.00
612.78, 315.00
613.10, 302.00
613.42, 289.00
613.74, 287.00
614.06, 300.00
614.38, 285.00
614.70, 269.00
615.03, 273.00
615.35, 256.00
615.67, 339.00
615.99, 226.00
616.31, 207.00
616.63, 203.00
616.95, 202.00
617.27, 187.00
617.59, 189.00
617.91, 197.00
618.23, 193.00
618.55, 185.00
618.87, 184.00
619.19, 193.00
619.51, 185.00
619.83, 184.00
620.15, 182.00
620.47, 181.00
620.79, 187.00
621.11, 191.00
621.43, 192.00
621.75, 192.00
622.07, 187.00
622.39, 178.00
622.71, 182.00
623.03, 184.00
623.35, 224.00
623.67, 189.00
623.99, 174.00
624.31, 180.00
624.63, 188.00
624.95, 179.00
625.26, 176.00
625.58, 182.00
625.90, 206.00
626.22, 181.00
626.54, 173.00
626.86, 184.00
627.18, 180.00
627.50, 179.00
627.82, 173.00
628.14, 183.00
628.46, 180.00
628.77, 180.00
629.09, 185.00
629.41, 192.00
629.73, 195.00
630.05, 215.00
630.37, 205.00
630.69, 208.00
631.00, 205.00
631.32, 207.00
631.64, 188.00
631.96, 185.00
632.28, 182.00
632.60, 183.00
632.92, 173.00
633.23, 177.00
633.55, 187.00
633.87, 174.00
634.19, 178.00
634.51, 181.00
634.82, 201.00
635.14, 196.00
635.46, 196.00
635.78, 191.00
636.10, 188.00
636.41, 184.00
636.73, 188.00
637.05, 188.00
637.37, 181.00
637.68, 184.00
638.00, 184.00
638.32, 190.00
638.64, 197.00
638.95, 213.00
639.27, 211.00
639.59, 203.00
639.91, 194.00
640.22, 189.00
640.54, 193.00
640.86, 177.00
641.18, 186.00
641.49, 209.00
641.81, 179.00
642.13, 181.00
642.44, 175.00
642.76, 169.00
643.08, 169.00
643.40, 170.00
643.71, 173.00
644.03, 178.00
644.35, 179.00
644.66, 182.00
644.98, 181.00
645.30, 172.00
645.61, 189.00
645.93, 166.00
646.25, 163.00
646.56, 178.00
646.88, 194.00
647.19, 162.00
647.51, 169.00
647.83, 159.00
648.14, 164.00
648.46, 158.00
648.78, 163.00
649.09, 167.00
649.41, 205.00
649.72, 171.00
650.04, 172.00
650.36, 167.00
650.67, 163.00
650.99, 169.00
651.30, 165.00
651.62, 170.00
651.93, 170.00
652.25, 168.00
652.57, 203.00
652.88, 164.00
653.20, 170.00
653.51, 166.00
653.83, 161.00
654.14, 160.00
654.46, 164.00
654.77, 167.00
655.09, 164.00
655.40, 178.00
655.72, 171.00
656.04, 166.00
656.35, 163.00
656.67, 157.00
656.98, 160.00
657.30, 157.00
657.61, 163.00
657.93, 164.00
658.24, 161.00
658.55, 199.00
658.87, 166.00
659.18, 168.00
659.50, 169.00
659.81, 166.00
660.13, 168.00
660.44, 165.00
660.76, 166.00
661.07, 183.00
661.39, 166.00
661.70, 165.00
662.01, 168.00
662.33, 166.00
662.64, 164.00
662.96, 162.00
663.27, 158.00
663.59, 159.00
663.90, 154.00
664.21, 152.00
664.53, 179.00
664.84, 160.00
665.16, 175.00
665.47, 158.00
665.78, 161.00
666.10, 163.00
666.41, 177.00
666.72, 183.00
667.04, 198.00
667.35, 190.00
667.67, 177.00
667.98, 177.00
668.29, 173.00
668.61, 168.00
668.92, 171.00
669.23, 160.00
669.55, 164.00
669.86, 193.00
670.17, 162.00
670.48, 162.00
670.80, 161.00
671.11, 158.00
671.42, 153.00
671.74, 161.00
672.05, 156.00
672.36, 157.00
672.68, 154.00
672.99, 154.00
673.30, 154.00
673.61, 155.00
673.93, 158.00
674.24, 159.00
674.55, 157.00
674.86, 162.00
675.18, 172.00
675.49, 168.00
675.80, 160.00
676.11, 162.00
676.43, 166.00
676.74, 160.00
677.05, 167.00
677.36, 171.00
677.67, 169.00
677.99, 175.00
678.30, 167.00
678.61, 167.00
678.92, 161.00
679.23, 168.00
679.55, 163.00
679.86, 164.00
680.17, 162.00
680.48, 166.00
680.79, 170.00
681.10, 156.00
681.42, 160.00
681.73, 159.00
682.04, 154.00
682.35, 158.00
682.66, 161.00
682.97, 157.00
683.28, 162.00
683.60, 161.00
683.91, 159.00
684.22, 172.00
684.53, 158.00
684.84, 155.00
685.15, 163.00
685.46, 180.00
685.77, 154.00
686.08, 154.00
686.40, 186.00
686.71, 158.00
687.02, 158.00
687.33, 156.00
687.64, 151.00
687.95, 158.00
688.26, 150.00
688.57, 154.00
688.88, 155.00
689.19, 147.00
689.50, 152.00
689.81, 156.00
690.12, 155.00
690.43, 166.00
690.74, 152.00
691.05, 148.00
691.36, 162.00
691.67, 147.00
691.98, 153.00
692.29, 154.00
692.60, 156.00
692.91, 153.00
693.22, 148.00
693.53, 146.00
693.84, 159.00
694.15, 150.00
694.46, 154.00
694.77, 146.00
695.08, 154.00
695.39, 156.00
695.70, 150.00
696.01, 157.00
696.32, 149.00
696.63, 151.00
696.94, 154.00
697.25, 142.00
697.56, 154.00
697.87, 160.00
698.17, 196.00
698.48, 159.00
698.79, 151.00
699.10, 151.00
699.41, 156.00
699.72, 150.00
700.03, 150.00
700.34, 151.00
700.65, 157.00
700.95, 154.00
701.26, 154.00
701.57, 156.00
701.88, 149.00
702.19, 167.00
702.50, 159.00
702.81, 152.00
703.11, 180.00
703.42, 156.00
703.73, 153.00
704.04, 169.00
704.35, 161.00
704.66, 180.00
704.96, 265.00
705.27, 369.00
705.58, 424.00
705.89, 427.00
706.20, 355.00
706.50, 320.00
706.81, 290.00
707.12, 259.00
707.43, 235.00
707.73, 212.00
708.04, 180.00
708.35, 175.00
708.66, 173.00
708.97, 162.00
709.27, 162.00
709.58, 160.00
709.89, 159.00
710.19, 153.00
710.50, 159.00
710.81, 157.00
711.12, 160.00
711.42, 159.00
711.73, 166.00
712.04, 158.00
712.35, 154.00
712.65, 159.00
712.96, 159.00
713.27, 153.00
713.57, 185.00
713.88, 175.00
714.19, 154.00
714.49, 154.00
714.80, 152.00
715.11, 150.00
715.41, 153.00
715.72, 151.00
716.03, 145.00
716.33, 155.00
716.64, 150.00
716.94, 155.00
717.25, 147.00
717.56, 158.00
717.86, 149.00
718.17, 150.00
718.48, 156.00
718.78, 144.00
719.09, 146.00
719.39, 145.00
719.70, 150.00
720.01, 153.00
720.31, 155.00
720.62, 147.00
720.92, 149.00
721.23, 156.00
721.53, 153.00
721.84, 151.00
722.15, 159.00
722.45, 152.00
722.76, 152.00
723.06, 148.00
723.37, 151.00
723.67, 151.00
723.98, 154.00
724.28, 152.00
724.59, 157.00
724.89, 153.00
725.20, 152.00
725.50, 157.00
725.81, 154.00
726.11, 154.00
726.42, 158.00
726.72, 160.00
727.03, 206.00
727.33, 172.00
727.64, 170.00
727.94, 162.00
728.25, 160.00
728.55, 156.00
728.86, 178.00
729.16, 154.00
729.46, 148.00
729.77, 153.00
730.07, 146.00
730.38, 148.00
730.68, 147.00
730.99, 162.00
731.29, 151.00
731.59, 152.00
731.90, 153.00
732.20, 150.00
732.51, 150.00
732.81, 152.00
733.11, 153.00
733.42, 143.00
733.72, 153.00
734.02, 158.00
734.33, 146.00
734.63, 150.00
734.94, 153.00
735.24, 151.00
735.54, 149.00
735.85, 149.00
736.15, 145.00
736.45, 148.00
736.76, 147.00
737.06, 147.00
737.36, 150.00
737.67, 151.00
737.97, 156.00
738.27, 149.00
738.57, 145.00
738.88, 150.00
739.18, 182.00
739.48, 154.00
739.79, 146.00
740.09, 152.00
740.39, 154.00
740.69, 152.00
741.00, 148.00
741.30, 157.00
741.60, 149.00
741.90, 147.00
742.21, 146.00
742.51, 190.00
742.81, 151.00
743.11, 150.00
743.42, 175.00
743.72, 152.00
744.02, 155.00
744.32, 150.00
744.63, 152.00
744.93, 153.00
745.23, 155.00
745.53, 152.00
745.83, 155.00
746.13, 153.00
746.44, 150.00
746.74, 151.00
747.04, 150.00
747.34, 153.00
747.64, 144.00
747.94, 159.00
748.25, 151.00
748.55, 162.00
748.85, 156.00
749.15, 157.00
749.45, 181.00
749.75, 161.00
750.05, 159.00
750.35, 154.00
750.66, 166.00
750.96, 149.00
751.26, 148.00
751.56, 150.00
751.86, 159.00
752.16, 149.00
752.46, 150.00
752.76, 146.00
753.06, 151.00
753.36, 189.00
753.66, 148.00
753.96, 149.00
754.27, 150.00
754.57, 151.00
754.87, 147.00
755.17, 147.00
755.47, 149.00
755.77, 152.00
756.07, 146.00
756.37, 147.00
756.67, 153.00
756.97, 147.00
757.27, 149.00
757.57, 151.00
757.87, 153.00
758.17, 154.00
758.47, 152.00
758.77, 155.00
759.07, 147.00
759.37, 155.00
759.67, 154.00
759.97, 156.00
760.27, 151.00
760.57, 151.00
760.86, 151.00
761.16, 146.00
761.46, 152.00
761.76, 184.00
762.06, 153.00
762.36, 151.00
762.66, 151.00
762.96, 151.00
763.26, 149.00
763.56, 177.00
763.86, 160.00
764.16, 147.00
764.45, 164.00
764.75, 155.00
765.05, 151.00
765.35, 152.00
765.65, 150.00
765.95, 151.00
766.25, 151.00
766.55, 159.00
766.84, 154.00
767.14, 158.00
767.44, 154.00
767.74, 151.00
768.04, 153.00
768.34, 149.00
768.63, 146.00
768.93, 150.00
769.23, 157.00
769.53, 147.00
769.83, 145.00
770.12, 149.00
770.42, 154.00
770.72, 154.00
771.02, 155.00
771.32, 152.00
771.61, 152.00
771.91, 155.00
772.21, 149.00
772.51, 152.00
772.80, 151.00
773.10, 152.00
773.40, 157.00
773.70, 152.00
773.99, 159.00
774.29, 161.00
774.59, 161.00
774.88, 156.00
775.18, 164.00
775.48, 228.00
775.78, 401.00
776.07, 556.00
776.37, 612.00
776.67, 565.00
776.96, 429.00
777.26, 373.00
777.56, 286.00
777.85, 257.00
778.15, 242.00
778.45, 234.00
778.74, 222.00
779.04, 197.00
779.34, 178.00
779.63, 166.00
779.93, 159.00
780.22, 150.00
780.52, 155.00
780.82, 150.00
781.11, 150.00
781.41, 151.00
781.71, 147.00
782.00, 150.00
782.30, 151.00
782.59, 160.00
782.89, 152.00
783.19, 150.00
783.48, 148.00
783.78, 149.00
784.07, 154.00
784.37, 159.00
784.66, 147.00
784.96, 151.00
785.25, 148.00
785.55, 147.00
785.84, 153.00
786.14, 148.00
786.44, 151.00
786.73, 145.00
787.03, 152.00
787.32, 151.00
787.62, 147.00
787.91, 144.00
788.21, 156.00
788.50, 148.00
788.80, 150.00
789.09, 158.00
789.39, 157.00
789.68, 143.00
789.97, 149.00
790.27, 150.00
790.56, 143.00
790.86, 154.00
791.15, 149.00
791.45, 150.00
791.74, 171.00
792.04, 148.00
792.33, 150.00
792.62, 179.00
792.92, 148.00
793.21, 146.00
793.51, 155.00
793.80, 148.00
794.09, 152.00
794.39, 148.00
794.68, 150.00
794.98, 154.00
795.27, 151.00
795.56, 143.00
795.86, 147.00
796.15, 145.00
796.44, 155.00
796.74, 145.00
797.03, 147.00
797.32, 148.00
797.62, 146.00
797.91, 156.00
798.20, 145.00
798.50, 150.00
798.79, 159.00
799.08, 151.00
799.38, 147.00
799.67, 145.00
799.96, 154.00
800.26, 173.00
800.55, 146.00
800.84, 151.00
801.13, 150.00
801.43, 145.00
801.72, 181.00
802.01, 144.00
802.30, 148.00
802.60, 146.00
802.89, 148.00
803.18, 145.00
803.47, 148.00
803.77, 152.00
804.06, 149.00
804.35, 151.00
804.64, 166.00
804.94, 146.00
805.23, 147.00
805.52, 151.00
805.81, 150.00
806.10, 148.00
806.39, 146.00
806.69, 150.00
806.98, 150.00
807.27, 146.00
807.56, 158.00
807.85, 148.00
808.14, 145.00
808.44, 152.00
808.73, 153.00
809.02, 170.00
809.31, 152.00
809.60, 153.00
809.89, 153.00
810.18, 146.00
810.48, 149.00
810.77, 155.00
811.06, 146.00
811.35, 151.00
811.64, 151.00
811.93, 171.00
812.22, 149.00
812.51, 153.00
812.80, 145.00
813.09, 149.00
813.38, 149.00
813.67, 166.00
813.96, 146.00
814.26, 151.00
814.55, 148.00
814.84, 150.00
815.13, 155.00
815.42, 153.00
815.71, 151.00
816.00, 154.00
816.29, 159.00
816.58, 154.00
816.87, 149.00
817.16, 149.00
817.45, 157.00
817.74, 150.00
818.03, 148.00
818.32, 151.00
818.61, 153.00
818.90, 148.00
819.19, 151.00
819.48, 151.00
819.76, 149.00
820.05, 151.00
820.34, 145.00
820.63, 145.00
820.92, 150.00
821.21, 145.00
821.50, 149.00
821.79, 147.00
822.08, 151.00
822.37, 149.00
822.66, 151.00
822.95, 148.00
823.23, 145.00
823.52, 166.00
823.81, 149.00
824.10, 152.00
824.39, 151.00
824.68, 150.00
824.97, 158.00
825.26, 149.00
825.54, 191.00
825.83, 148.00
826.12, 148.00
826.41, 144.00
826.70, 149.00
826.99, 152.00
827.27, 147.00
827.56, 172.00
827.85, 146.00
828.14, 147.00
828.43, 150.00
828.71, 149.00
829.00, 146.00
829.29, 146.00
829.58, 149.00
829.86, 150.00
830.15, 152.00
830.44, 150.00
830.73, 153.00
831.01, 146.00
831.30, 147.00
831.59, 151.00
831.88, 142.00
832.16, 146.00
832.45, 156.00
832.74, 146.00
833.03, 147.00
833.31, 149.00
833.60, 151.00
833.89, 146.00
834.17, 150.00
834.46, 147.00
834.75, 151.00
835.03, 148.00
835.32, 148.00
835.61, 154.00
835.89, 161.00
836.18, 149.00
836.47, 142.00
836.75, 143.00
837.04, 149.00
837.33, 149.00
837.61, 139.00
837.90, 144.00
838.19, 148.00
838.47, 148.00
838.76, 153.00
839.04, 150.00
839.33, 148.00
839.62, 148.00
839.90, 144.00
840.19, 145.00
840.47, 146.00
840.76, 174.00
841.04, 145.00
841.33, 144.00
841.62, 146.00
841.90, 148.00
842.19, 149.00
842.47, 176.00
842.76, 152.00
843.04, 154.00
843.33, 173.00
843.61, 163.00
843.90, 161.00
844.18, 162.00
844.47, 164.00
844.75, 172.00
845.04, 158.00
845.32, 161.00
845.61, 150.00
845.89, 154.00
846.18, 156.00
846.46, 157.00
846.75, 151.00
847.03, 161.00
847.32, 143.00
847.60, 150.00
847.88, 146.00
848.17, 155.00
848.45, 163.00
848.74, 153.00
849.02, 144.00
849.31, 145.00
849.59, 145.00
849.87, 153.00
850.16, 151.00
850.44, 148.00
850.73, 175.00
851.01, 151.00
851.29, 143.00
851.58, 148.00
851.86, 148.00
852.14, 147.00
852.43, 155.00
852.71, 146.00
853.00, 144.00
853.28, 152.00
853.56, 149.00
853.85, 145.00
854.13, 151.00
854.41, 146.00
854.69, 147.00
854.98, 150.00
855.26, 195.00
855.54, 148.00
855.83, 149.00
856.11, 150.00
856.39, 149.00
856.68, 152.00
856.96, 146.00
857.24, 146.00
857.52, 153.00
857.81, 145.00
858.09, 146.00
858.37, 150.00
858.65, 138.00
858.94, 146.00
859.22, 148.00
