190.05, 0.00
190.41, 131.00
190.77, 134.00
191.14, 138.00
191.50, 133.00
191.86, 157.00
192.22, 147.00
192.58, 145.00
192.94, 145.00
193.31, 143.00
193.67, 142.00
194.03, 152.00
194.39, 144.00
194.75, 142.00
195.11, 151.00
195.47, 162.00
195.84, 147.00
196.20, 147.00
196.56, 159.00
196.92, 144.00
197.28, 146.00
197.64, 145.00
198.00, 142.00
198.37, 144.00
198.73, 143.00
199.09, 143.00
199.45, 143.00
199.81, 150.00
200.17, 150.00
200.53, 144.00
200.89, 155.00
201.25, 174.00
201.62, 147.00
201.98, 145.00
202.34, 145.00
202.70, 155.00
203.06, 147.00
203.42, 144.00
203.78, 144.00
204.14, 143.00
204.50, 169.00
204.86, 155.00
205.22, 152.00
205.58, 149.00
205.95, 147.00
206.31, 147.00
206.67, 150.00
207.03, 150.00
207.39, 147.00
207.75, 147.00
208.11, 146.00
208.47, 143.00
208.83, 149.00
209.19, 145.00
209.55, 147.00
209.91, 145.00
210.27, 151.00
210.63, 152.00
210.99, 160.00
211.35, 147.00
211.71, 149.00
212.07, 145.00
212.43, 150.00
212.79, 147.00
213.15, 144.00
213.51, 148.00
213.87, 148.00
214.23, 144.00
214.59, 148.00
214.95, 150.00
215.31, 144.00
215.67, 149.00
216.03, 177.00
216.39, 145.00
216.75, 149.00
217.11, 150.00
217.47, 149.00
217.83, 143.00
218.19, 145.00
218.55, 155.00
218.91, 146.00
219.27, 147.00
219.63, 146.00
219.99, 148.00
220.35, 148.00
220.71, 154.00
221.07, 144.00
221.43, 145.00
221.79, 142.00
222.15, 153.00
222.51, 144.00
222.87, 146.00
223.23, 146.00
223.59, 149.00
223.95, 151.00
224.31, 155.00
224.67, 146.00
225.03, 150.00
225.39, 153.00
225.74, 146.00
226.10, 147.00
226.46, 145.00
226.82, 162.00
227.18, 143.00
227.54, 147.00
227.90, 152.00
228.26, 153.00
228.62, 152.00
228.98, 143.00
229.34, 146.00
229.69, 145.00
230.05, 153.00
230.41, 143.00
230.77, 154.00
231.13, 151.00
231.49, 148.00
231.85, 146.00
232.21, 156.00
232.57, 153.00
232.92, 148.00
233.28, 148.00
233.64, 148.00
234.00, 148.00
234.36, 145.00
234.72, 147.00
235.08, 152.00
235.44, 148.00
235.79, 144.00
236.15, 149.00
236.51, 146.00
236.87, 141.00
237.23, 144.00
237.59, 144.00
237.94, 155.00
238.30, 150.00
238.66, 149.00
239.02, 148.00
239.38, 146.00
239.74, 142.00
240.09, 154.00
240.45, 146.00
240.81, 140.00
241.17, 150.00
241.53, 144.00
241.89, 146.00
242.24, 143.00
242.60, 142.00
242.96, 152.00
243.32, 155.00
243.68, 147.00
244.03, 148.00
244.39, 154.00
244.75, 164.00
245.11, 149.00
245.46, 151.00
245.82, 176.00
246.18, 147.00
246.54, 148.00
246.90, 146.00
247.25, 146.00
247.61, 149.00
247.97, 184.00
248.33, 144.00
248.68, 143.00
249.04, 147.00
249.40, 148.00
249.76, 145.00
250.11, 143.00
250.47, 148.00
250.83, 145.00
251.19, 149.00
251.54, 158.00
251.90, 148.00
252.26, 150.00
252.62, 155.00
252.97, 154.00
253.33, 143.00
253.69, 146.00
254.05, 151.00
254.40, 151.00
254.76, 147.00
255.12, 173.00
255.47, 150.00
255.83, 147.00
256.19, 150.00
256.54, 146.00
256.90, 147.00
257.26, 143.00
257.62, 145.00
257.97, 148.00
258.33, 155.00
258.69, 144.00
259.04, 147.00
259.40, 143.00
259.76, 153.00
260.11, 148.00
260.47, 147.00
260.83, 153.00
261.18, 148.00
261.54, 153.00
261.90, 150.00
262.25, 143.00
262.61, 140.00
262.97, 144.00
263.32, 145.00
263.68, 147.00
264.04, 151.00
264.39, 140.00
264.75, 134.00
265.10, 149.00
265.46, 188.00
265.82, 158.00
266.17, 148.00
266.53, 144.00
266.89, 146.00
267.24, 157.00
267.60, 149.00
267.95, 146.00
268.31, 145.00
268.67, 147.00
269.02, 141.00
269.38, 145.00
269.74, 153.00
270.09, 145.00
270.45, 146.00
270.80, 163.00
271.16, 149.00
271.51, 153.00
271.87, 149.00
272.23, 153.00
272.58, 151.00
272.94, 144.00
273.29, 145.00
273.65, 188.00
274.00, 149.00
274.36, 150.00
274.72, 145.00
275.07, 141.00
275.43, 145.00
275.78, 153.00
276.14, 147.00
276.49, 148.00
276.85, 159.00
277.20, 164.00
277.56, 146.00
277.92, 141.00
278.27, 147.00
278.63, 152.00
278.98, 143.00
279.34, 145.00
279.69, 150.00
280.05, 167.00
280.40, 147.00
280.76, 158.00
281.11, 150.00
281.47, 152.00
281.82, 151.00
282.18, 149.00
282.53, 157.00
282.89, 161.00
283.24, 163.00
283.60, 154.00
283.95, 159.00
284.31, 151.00
284.66, 149.00
285.02, 151.00
285.37, 152.00
285.73, 156.00
286.08, 162.00
286.44, 148.00
286.79, 159.00
287.14, 157.00
287.50, 150.00
287.85, 143.00
288.21, 146.00
288.56, 144.00
288.92, 146.00
289.27, 149.00
289.63, 145.00
289.98, 155.00
290.34, 148.00
290.69, 159.00
291.04, 145.00
291.40, 143.00
291.75, 144.00
292.11, 150.00
292.46, 146.00
292.81, 155.00
293.17, 150.00
293.52, 151.00
293.88, 148.00
294.23, 156.00
294.59, 158.00
294.94, 159.00
295.29, 157.00
295.65, 161.00
296.00, 184.00
296.36, 162.00
296.71, 161.00
297.06, 160.00
297.42, 162.00
297.77, 165.00
298.12, 164.00
298.48, 159.00
298.83, 159.00
299.19, 160.00
299.54, 161.00
299.89, 158.00
300.25, 162.00
300.60, 162.00
300.95, 164.00
301.31, 152.00
301.66, 153.00
302.01, 153.00
302.37, 149.00
302.72, 148.00
303.07, 151.00
303.43, 158.00
303.78, 155.00
304.13, 163.00
304.49, 157.00
304.84, 169.00
305.19, 202.00
305.55, 162.00
305.90, 172.00
306.25, 202.00
306.61, 240.00
306.96, 268.00
307.31, 350.00
307.66, 472.00
308.02, 600.00
308.37, 698.00
308.72, 760.00
309.08, 746.00
309.43, 715.00
309.78, 626.00
310.13, 543.00
310.49, 470.00
310.84, 364.00
311.19, 330.00
311.54, 283.00
311.90, 244.00
312.25, 237.00
312.60, 233.00
312.95, 257.00
313.31, 271.00
313.66, 276.00
314.01, 297.00
314.36, 288.00
314.72, 298.00
315.07, 335.00
315.42, 379.00
315.77, 418.00
316.13, 343.00
316.48, 271.00
316.83, 228.00
317.18, 192.00
317.54, 177.00
317.89, 167.00
318.24, 166.00
318.59, 162.00
318.94, 158.00
319.30, 159.00
319.65, 170.00
320.00, 158.00
320.35, 161.00
320.70, 158.00
321.05, 163.00
321.41, 161.00
321.76, 161.00
322.11, 157.00
322.46, 159.00
322.81, 201.00
323.17, 157.00
323.52, 154.00
323.87, 156.00
324.22, 157.00
324.57, 160.00
324.92, 155.00
325.27, 155.00
325.63, 166.00
325.98, 159.00
326.33, 169.00
326.68, 170.00
327.03, 161.00
327.38, 164.00
327.73, 173.00
328.09, 174.00
328.44, 214.00
328.79, 185.00
329.14, 217.00
329.49, 187.00
329.84, 184.00
330.19, 191.00
330.54, 178.00
330.89, 180.00
331.25, 168.00
331.60, 168.00
331.95, 163.00
332.30, 162.00
332.65, 165.00
333.00, 175.00
333.35, 224.00
333.70, 218.00
334.05, 184.00
334.40, 186.00
334.75, 191.00
335.10, 236.00
335.45, 290.00
335.81, 367.00
336.16, 504.00
336.51, 671.00
336.86, 682.00
337.21, 618.00
337.56, 433.00
337.91, 309.00
338.26, 229.00
338.61, 190.00
338.96, 181.00
339.31, 162.00
339.66, 160.00
340.01, 165.00
340.36, 156.00
340.71, 161.00
341.06, 153.00
341.41, 161.00
341.76, 161.00
342.11, 159.00
342.46, 160.00
342.81, 163.00
343.16, 159.00
343.51, 157.00
343.86, 163.00
344.21, 160.00
344.56, 160.00
344.91, 162.00
345.26, 168.00
345.61, 162.00
345.96, 160.00
346.31, 164.00
346.66, 186.00
347.01, 158.00
347.36, 181.00
347.71, 152.00
348.06, 155.00
348.41, 172.00
348.76, 174.00
349.10, 172.00
349.45, 181.00
349.80, 172.00
350.15, 175.00
350.50, 179.00
350.85, 181.00
351.20, 167.00
351.55, 193.00
351.90, 215.00
352.25, 238.00
352.60, 275.00
352.95, 335.00
353.30, 356.00
353.64, 327.00
353.99, 292.00
354.34, 274.00
354.69, 262.00
355.04, 280.00
355.39, 311.00
355.74, 361.00
356.09, 419.00
356.44, 460.00
356.78, 563.00
357.13, 598.00
357.48, 576.00
357.83, 480.00
358.18, 354.00
358.53, 280.00
358.88, 208.00
359.22, 192.00
359.57, 160.00
359.92, 162.00
360.27, 161.00
360.62, 162.00
360.97, 162.00
361.32, 163.00
361.66, 157.00
362.01, 159.00
362.36, 158.00
362.71, 162.00
363.06, 167.00
363.40, 165.00
363.75, 166.00
364.10, 164.00
364.45, 164.00
364.80, 174.00
365.14, 166.00
365.49, 167.00
365.84, 164.00
366.19, 166.00
366.54, 171.00
366.88, 184.00
367.23, 167.00
367.58, 216.00
367.93, 158.00
368.28, 162.00
368.62, 162.00
368.97, 172.00
369.32, 176.00
369.67, 171.00
370.01, 203.00
370.36, 191.00
370.71, 216.00
371.06, 193.00
371.40, 184.00
371.75, 165.00
372.10, 160.00
372.45, 160.00
372.79, 166.00
373.14, 174.00
373.49, 183.00
373.83, 206.00
374.18, 228.00
374.53, 265.00
374.88, 281.00
375.22, 275.00
375.57, 253.00
375.92, 222.00
376.26, 189.00
376.61, 176.00
376.96, 165.00
377.30, 174.00
377.65, 176.00
378.00, 176.00
378.35, 196.00
378.69, 226.00
379.04, 251.00
379.39, 300.00
379.73, 339.00
380.08, 345.00
380.43, 298.00
380.77, 244.00
381.12, 224.00
381.47, 198.00
381.81, 174.00
382.16, 168.00
382.50, 171.00
382.85, 236.00
383.20, 167.00
383.54, 169.00
383.89, 181.00
384.24, 178.00
384.58, 181.00
384.93, 212.00
385.27, 203.00
385.62, 204.00
385.97, 195.00
386.31, 199.00
386.66, 220.00
387.00, 198.00
387.35, 205.00
387.70, 215.00
388.04, 303.00
388.39, 298.00
388.73, 364.00
389.08, 484.00
389.43, 611.00
389.77, 788.00
390.12, 983.00
390.46, 1390.00
390.81, 1543.00
391.15, 1493.00
391.50, 1140.00
391.85, 742.00
392.19, 516.00
392.54, 331.00
392.88, 230.00
393.23, 208.00
393.57, 207.00
393.92, 190.00
394.26, 184.00
394.61, 175.00
394.95, 172.00
395.30, 164.00
395.64, 159.00
395.99, 194.00
396.33, 160.00
396.68, 161.00
397.02, 158.00
397.37, 168.00
397.71, 180.00
398.06, 186.00
398.40, 185.00
398.75, 212.00
399.09, 226.00
399.44, 229.00
399.78, 206.00
400.13, 193.00
400.47, 175.00
400.82, 168.00
401.16, 162.00
401.51, 165.00
401.85, 156.00
402.20, 164.00
402.54, 164.00
402.88, 168.00
403.23, 167.00
403.57, 178.00
403.92, 204.00
404.26, 264.00
404.61, 226.00
404.95, 262.00
405.30, 226.00
405.64, 219.00
405.98, 227.00
406.33, 194.00
406.67, 173.00
407.02, 169.00
407.36, 171.00
407.70, 171.00
408.05, 167.00
408.39, 173.00
408.74, 181.00
409.08, 183.00
409.42, 184.00
409.77, 171.00
410.11, 175.00
410.46, 170.00
410.80, 175.00
411.14, 171.00
411.49, 177.00
411.83, 177.00
412.17, 179.00
412.52, 183.00
412.86, 192.00
413.20, 185.00
413.55, 186.00
413.89, 189.00
414.23, 184.00
414.58, 216.00
414.92, 172.00
415.26, 171.00
415.61, 172.00
415.95, 174.00
416.29, 175.00
416.64, 175.00
416.98, 173.00
417.32, 180.00
417.67, 206.00
418.01, 206.00
418.35, 213.00
418.70, 232.00
419.04, 268.00
419.38, 253.00
419.72, 246.00
420.07, 225.00
420.41, 198.00
420.75, 186.00
421.10, 183.00
421.44, 177.00
421.78, 173.00
422.12, 179.00
422.47, 178.00
422.81, 191.00
423.15, 200.00
423.49, 202.00
423.84, 194.00
424.18, 200.00
424.52, 215.00
424.86, 240.00
425.21, 291.00
425.55, 331.00
425.89, 394.00
426.23, 458.00
426.57, 576.00
426.92, 646.00
427.26, 689.00
427.60, 598.00
427.94, 437.00
428.28, 323.00
428.63, 260.00
428.97, 214.00
429.31, 191.00
429.65, 169.00
429.99, 165.00
430.34, 170.00
430.68, 163.00
431.02, 172.00
431.36, 160.00
431.70, 172.00
432.04, 166.00
432.39, 166.00
432.73, 175.00
433.07, 176.00
433.41, 182.00
433.75, 189.00
434.09, 183.00
434.43, 198.00
434.78, 257.00
435.12, 307.00
435.46, 330.00
435.80, 313.00
436.14, 275.00
436.48, 231.00
436.82, 225.00
437.16, 199.00
437.51, 190.00
437.85, 181.00
438.19, 216.00
438.53, 178.00
438.87, 197.00
439.21, 181.00
439.55, 191.00
439.89, 188.00
440.23, 183.00
440.57, 192.00
440.91, 193.00
441.26, 183.00
441.60, 183.00
441.94, 180.00
442.28, 187.00
442.62, 180.00
442.96, 173.00
443.30, 170.00
443.64, 179.00
443.98, 169.00
444.32, 182.00
444.66, 172.00
445.00, 170.00
445.34, 176.00
445.68, 172.00
446.02, 177.00
446.36, 178.00
446.70, 174.00
447.04, 170.00
447.38, 206.00
447.72, 181.00
448.06, 181.00
448.40, 185.00
448.74, 178.00
449.08, 181.00
449.42, 179.00
449.76, 181.00
450.10, 174.00
450.44, 175.00
450.78, 177.00
451.12, 185.00
451.46, 181.00
451.80, 186.00
452.14, 170.00
452.48, 171.00
452.82, 175.00
453.16, 164.00
453.50, 177.00
453.84, 173.00
454.18, 214.00
454.52, 184.00
454.86, 181.00
455.19, 189.00
455.53, 185.00
455.87, 181.00
456.21, 189.00
456.55, 176.00
456.89, 179.00
457.23, 188.00
457.57, 185.00
457.91, 194.00
458.25, 186.00
458.59, 205.00
458.92, 207.00
459.26, 211.00
459.60, 213.00
459.94, 204.00
460.28, 186.00
460.62, 187.00
460.96, 179.00
461.30, 167.00
461.63, 168.00
461.97, 173.00
462.31, 168.00
462.65, 175.00
462.99, 175.00
463.33, 180.00
463.67, 184.00
464.00, 183.00
464.34, 182.00
464.68, 180.00
465.02, 192.00
465.36, 189.00
465.70, 181.00
466.03, 187.00
466.37, 175.00
466.71, 179.00
467.05, 189.00
467.39, 192.00
467.72, 207.00
468.06, 218.00
468.40, 232.00
468.74, 232.00
469.08, 251.00
469.41, 264.00
469.75, 285.00
470.09, 305.00
470.43, 305.00
470.76, 276.00
471.10, 247.00
471.44, 232.00
471.78, 215.00
472.11, 206.00
472.45, 200.00
472.79, 197.00
473.13, 194.00
473.46, 191.00
473.80, 183.00
474.14, 181.00
474.48, 185.00
474.81, 178.00
475.15, 177.00
475.49, 184.00
475.82, 184.00
476.16, 182.00
476.50, 181.00
476.84, 183.00
477.17, 175.00
477.51, 176.00
477.85, 176.00
478.18, 190.00
478.52, 177.00
478.86, 231.00
479.19, 192.00
479.53, 175.00
479.87, 213.00
480.20, 195.00
480.54, 184.00
480.88, 178.00
481.21, 190.00
481.55, 189.00
481.89, 183.00
482.22, 192.00
482.56, 196.00
482.90, 198.00
483.23, 202.00
483.57, 209.00
483.90, 210.00
484.24, 220.00
484.58, 220.00
484.91, 221.00
485.25, 237.00
485.58, 239.00
485.92, 245.00
486.26, 247.00
486.59, 245.00
486.93, 244.00
487.26, 249.00
487.60, 247.00
487.94, 241.00
488.27, 245.00
488.61, 237.00
488.94, 243.00
489.28, 239.00
489.61, 240.00
489.95, 230.00
490.29, 238.00
490.62, 244.00
490.96, 230.00
491.29, 247.00
491.63, 231.00
491.96, 223.00
492.30, 225.00
492.63, 225.00
492.97, 218.00
493.30, 222.00
493.64, 215.00
493.97, 216.00
494.31, 215.00
494.64, 221.00
494.98, 220.00
495.31, 218.00
495.65, 209.00
495.98, 217.00
496.32, 215.00
496.65, 245.00
496.99, 210.00
497.32, 207.00
497.66, 199.00
497.99, 195.00
498.33, 192.00
498.66, 190.00
499.00, 194.00
499.33, 193.00
499.67, 184.00
500.00, 190.00
500.34, 198.00
500.67, 210.00
501.00, 198.00
501.34, 194.00
501.67, 188.00
502.01, 182.00
502.34, 180.00
502.68, 189.00
503.01, 195.00
503.34, 185.00
503.68, 185.00
504.01, 199.00
504.35, 194.00
504.68, 196.00
505.01, 194.00
505.35, 189.00
505.68, 185.00
506.02, 198.00
506.35, 191.00
506.68, 207.00
507.02, 200.00
507.35, 196.00
507.68, 188.00
508.02, 196.00
508.35, 194.00
508.69, 188.00
509.02, 187.00
509.35, 186.00
509.69, 183.00
510.02, 188.00
510.35, 182.00
510.69, 182.00
511.02, 183.00
511.35, 181.00
511.69, 185.00
512.02, 177.00
512.35, 186.00
512.68, 184.00
513.02, 183.00
513.35, 175.00
513.68, 176.00
514.02, 184.00
514.35, 181.00
514.68, 184.00
515.01, 169.00
515.35, 184.00
515.68, 174.00
516.01, 172.00
516.35, 176.00
516.68, 175.00
517.01, 173.00
517.34, 178.00
517.68, 178.00
518.01, 178.00
518.34, 176.00
518.67, 178.00
519.01, 178.00
519.34, 180.00
519.67, 192.00
520.00, 179.00
520.33, 180.00
520.67, 182.00
521.00, 184.00
521.33, 189.00
521.66, 201.00
522.00, 194.00
522.33, 197.00
522.66, 187.00
522.99, 184.00
523.32, 188.00
523.65, 187.00
523.99, 184.00
524.32, 179.00
524.65, 184.00
524.98, 188.00
525.31, 174.00
525.65, 209.00
525.98, 184.00
526.31, 175.00
526.64, 181.00
526.97, 180.00
527.30, 180.00
527.63, 178.00
527.97, 177.00
528.30, 174.00
528.63, 182.00
528.96, 204.00
529.29, 176.00
529.62, 181.00
529.95, 171.00
530.28, 174.00
530.61, 173.00
530.95, 172.00
531.28, 173.00
531.61, 177.00
531.94, 186.00
532.27, 194.00
532.60, 187.00
532.93, 185.00
533.26, 182.00
533.59, 178.00
533.92, 176.00
534.25, 179.00
534.58, 210.00
534.91, 179.00
535.25, 177.00
535.58, 174.00
535.91, 175.00
536.24, 185.00
536.57, 192.00
536.90, 184.00
537.23, 195.00
537.56, 238.00
537.89, 202.00
538.22, 200.00
538.55, 210.00
538.88, 216.00
539.21, 335.00
539.54, 239.00
539.87, 245.00
540.20, 267.00
540.53, 304.00
540.86, 371.00
541.19, 389.00
541.52, 409.00
541.85, 432.00
542.18, 463.00
542.51, 464.00
542.84, 478.00
543.17, 477.00
543.50, 465.00
543.82, 459.00
544.15, 443.00
544.48, 433.00
544.81, 473.00
545.14, 502.00
545.47, 472.00
545.80, 456.00
546.13, 381.00
546.46, 389.00
546.79, 349.00
547.12, 291.00
547.45, 282.00
547.78, 275.00
548.10, 265.00
548.43, 276.00
548.76, 254.00
549.09, 248.00
549.42, 245.00
549.75, 232.00
550.08, 235.00
550.41, 228.00
550.74, 238.00
551.06, 229.00
551.39, 231.00
551.72, 218.00
552.05, 215.00
552.38, 218.00
552.71, 207.00
553.03, 209.00
553.36, 203.00
553.69, 198.00
554.02, 190.00
554.35, 196.00
554.68, 185.00
555.00, 191.00
555.33, 180.00
555.66, 184.00
555.99, 196.00
556.32, 184.00
556.64, 186.00
556.97, 201.00
557.30, 200.00
557.63, 191.00
557.96, 196.00
558.28, 192.00
558.61, 200.00
558.94, 193.00
559.27, 200.00
559.59, 187.00
559.92, 189.00
560.25, 188.00
560.58, 185.00
560.90, 202.00
561.23, 184.00
561.56, 189.00
561.89, 187.00
562.21, 179.00
562.54, 177.00
562.87, 180.00
563.20, 180.00
563.52, 174.00
563.85, 173.00
564.18, 191.00
564.50, 176.00
564.83, 203.00
565.16, 228.00
565.48, 169.00
565.81, 175.00
566.14, 166.00
566.47, 167.00
566.79, 168.00
567.12, 165.00
567.45, 193.00
567.77, 170.00
568.10, 170.00
568.43, 168.00
568.75, 164.00
569.08, 167.00
569.40, 205.00
569.73, 169.00
570.06, 164.00
570.38, 167.00
570.71, 164.00
571.04, 156.00
571.36, 166.00
571.69, 170.00
572.01, 168.00
572.34, 161.00
572.67, 175.00
572.99, 166.00
573.32, 175.00
573.64, 168.00
573.97, 164.00
574.30, 168.00
574.62, 168.00
574.95, 168.00
575.27, 173.00
575.60, 177.00
575.92, 181.00
576.25, 185.00
576.58, 190.00
576.90, 185.00
577.23, 215.00
577.55, 182.00
577.88, 186.00
578.20, 189.00
578.53, 191.00
578.85, 215.00
579.18, 210.00
579.50, 200.00
579.83, 201.00
580.15, 201.00
580.48, 202.00
580.80, 205.00
581.13, 202.00
581.45, 202.00
581.78, 199.00
582.10, 208.00
582.43, 215.00
582.75, 221.00
583.08, 210.00
583.40, 210.00
583.73, 274.00
584.05, 214.00
584.38, 209.00
584.70, 249.00
585.03, 207.00
585.35, 213.00
585.67, 216.00
586.00, 231.00
586.32, 264.00
586.65, 275.00
586.97, 274.00
587.30, 268.00
587.62, 245.00
587.94, 251.00
588.27, 227.00
588.59, 221.00
588.92, 212.00
589.24, 208.00
589.56, 209.00
589.89, 210.00
590.21, 196.00
590.54, 196.00
590.86, 194.00
591.18, 199.00
591.51, 202.00
591.83, 213.00
592.15, 218.00
592.48, 216.00
592.80, 214.00
593.13, 198.00
593.45, 209.00
593.77, 196.00
594.10, 202.00
594.42, 194.00
594.74, 194.00
595.07, 198.00
595.39, 200.00
595.71, 198.00
596.03, 201.00
596.36, 201.00
596.68, 205.00
597.00, 201.00
597.33, 207.00
597.65, 211.00
597.97, 216.00
598.30, 208.00
598.62, 211.00
598.94, 216.00
599.26, 215.00
599.59, 216.00
599.91, 209.00
600.23, 203.00
600.55, 196.00
600.88, 205.00
601.20, 191.00
601.52, 187.00
601.84, 180.00
602.17, 185.00
602.49, 179.00
602.81, 173.00
603.13, 173.00
603.45, 188.00
603.78, 172.00
604.10, 172.00
604.42, 168.00
604.74, 169.00
605.07, 170.00
605.39, 172.00
605.71, 171.00
606.03, 181.00
606.35, 174.00
606.67, 180.00
607.00, 186.00
607.32, 188.00
607.64, 185.00
607.96, 186.00
608.28, 202.00
608.60, 200.00
608.93, 214.00
609.25, 252.00
609.57, 295.00
609.89, 388.00
610.21, 458.00
610.53, 505.00
610.85, 495.00
611.17, 464.00
611.50, 435.00
611.82, 402.00
612.14, 372.00
612.46, 354.00
612.78, 320.00
613.10, 316.00
613.42, 291.00
613.74, 285.00
614.06, 303.00
614.38, 272.00
614.70, 262.00
615.03, 260.00
615.35, 252.00
615.67, 330.00
615.99, 218.00
616.31, 214.00
616.63, 210.00
616.95, 198.00
617.27, 191.00
617.59, 196.00
617.91, 194.00
618.23, 203.00
618.55, 185.00
618.87, 182.00
619.19, 198.00
619.51, 192.00
619.83, 190.00
620.15, 191.00
620.47, 197.00
620.79, 193.00
621.11, 196.00
621.43, 197.00
621.75, 205.00
622.07, 198.00
622.39, 186.00
622.71, 195.00
623.03, 186.00
623.35, 234.00
623.67, 191.00
623.99, 193.00
624.31, 191.00
624.63, 190.00
624.95, 185.00
625.26, 184.00
625.58, 185.00
625.90, 207.00
626.22, 181.00
626.54, 185.00
626.86, 185.00
627.18, 180.00
627.50, 186.00
627.82, 179.00
628.14, 186.00
628.46, 186.00
628.77, 188.00
629.09, 191.00
629.41, 204.00
629.73, 207.00
630.05, 221.00
630.37, 211.00
630.69, 217.00
631.00, 217.00
631.32, 208.00
631.64, 194.00
631.96, 194.00
632.28, 192.00
632.60, 191.00
632.92, 181.00
633.23, 182.00
633.55, 188.00
633.87, 179.00
634.19, 182.00
634.51, 185.00
634.82, 199.00
635.14, 193.00
635.46, 183.00
635.78, 187.00
636.10, 191.00
636.41, 183.00
636.73, 192.00
637.05, 181.00
637.37, 190.00
637.68, 181.00
638.00, 182.00
638.32, 190.00
638.64, 208.00
638.95, 207.00
639.27, 205.00
639.59, 203.00
639.91, 189.00
640.22, 196.00
640.54, 191.00
640.86, 183.00
641.18, 191.00
641.49, 205.00
641.81, 188.00
642.13, 193.00
642.44, 171.00
642.76, 180.00
643.08, 175.00
643.40, 169.00
643.71, 184.00
644.03, 176.00
644.35, 184.00
644.66, 186.00
644.98, 180.00
645.30, 177.00
645.61, 189.00
645.93, 175.00
646.25, 169.00
646.56, 175.00
646.88, 203.00
647.19, 166.00
647.51, 172.00
647.83, 165.00
648.14, 163.00
648.46, 165.00
648.78, 175.00
649.09, 174.00
649.41, 214.00
649.72, 176.00
650.04, 182.00
650.36, 176.00
650.67, 178.00
650.99, 175.00
651.30, 182.00
651.62, 176.00
651.93, 179.00
652.25, 191.00
652.57, 216.00
652.88, 174.00
653.20, 182.00
653.51, 182.00
653.83, 179.00
654.14, 166.00
654.46, 172.00
654.77, 168.00
655.09, 174.00
655.40, 184.00
655.72, 173.00
656.04, 172.00
656.35, 171.00
656.67, 166.00
656.98, 169.00
657.30, 173.00
657.61, 168.00
657.93, 172.00
658.24, 171.00
658.55, 211.00
658.87, 167.00
659.18, 172.00
659.50, 169.00
659.81, 180.00
660.13, 180.00
660.44, 169.00
660.76, 173.00
661.07, 193.00
661.39, 173.00
661.70, 175.00
662.01, 166.00
662.33, 167.00
662.64, 173.00
662.96, 165.00
663.27, 162.00
663.59, 165.00
663.90, 160.00
664.21, 165.00
664.53, 181.00
664.84, 165.00
665.16, 187.00
665.47, 168.00
665.78, 164.00
666.10, 176.00
666.41, 184.00
666.72, 189.00
667.04, 197.00
667.35, 186.00
667.67, 182.00
667.98, 177.00
668.29, 178.00
668.61, 173.00
668.92, 178.00
669.23, 173.00
669.55, 167.00
669.86, 200.00
670.17, 172.00
670.48, 163.00
670.80, 158.00
671.11, 162.00
671.42, 157.00
671.74, 160.00
672.05, 160.00
672.36, 161.00
672.68, 157.00
672.99, 164.00
673.30, 163.00
673.61, 163.00
673.93, 165.00
674.24, 164.00
674.55, 165.00
674.86, 170.00
675.18, 168.00
675.49, 173.00
675.80, 167.00
676.11, 172.00
676.43, 172.00
676.74, 166.00
677.05, 167.00
677.36, 180.00
677.67, 170.00
677.99, 169.00
678.30, 169.00
678.61, 174.00
678.92, 169.00
679.23, 169.00
679.55, 164.00
679.86, 166.00
680.17, 160.00
680.48, 171.00
680.79, 164.00
681.10, 151.00
681.42, 163.00
681.73, 156.00
682.04, 153.00
682.35, 161.00
682.66, 170.00
682.97, 162.00
683.28, 162.00
683.60, 160.00
683.91, 163.00
684.22, 178.00
684.53, 157.00
684.84, 155.00
685.15, 162.00
685.46, 184.00
685.77, 157.00
686.08, 162.00
686.40, 200.00
686.71, 169.00
687.02, 160.00
687.33, 158.00
687.64, 153.00
687.95, 151.00
688.26, 158.00
688.57, 155.00
688.88, 157.00
689.19, 152.00
689.50, 155.00
689.81, 158.00
690.12, 152.00
690.43, 171.00
690.74, 157.00
691.05, 151.00
691.36, 166.00
691.67, 150.00
691.98, 159.00
692.29, 155.00
692.60, 155.00
692.91, 152.00
693.22, 152.00
693.53, 153.00
693.84, 157.00
694.15, 153.00
694.46, 149.00
694.77, 157.00
695.08, 155.00
695.39, 154.00
695.70, 153.00
696.01, 153.00
696.32, 147.00
696.63, 146.00
696.94, 153.00
697.25, 155.00
697.56, 159.00
697.87, 159.00
698.17, 196.00
698.48, 154.00
698.79, 154.00
699.10, 155.00
699.41, 158.00
699.72, 154.00
700.03, 149.00
700.34, 151.00
700.65, 152.00
700.95, 150.00
701.26, 153.00
701.57, 154.00
701.88, 149.00
702.19, 161.00
702.50, 161.00
702.81, 153.00
703.11, 177.00
703.42, 158.00
703.73, 157.00
704.04, 157.00
704.35, 162.00
704.66, 175.00
704.96, 254.00
705.27, 324.00
705.58, 370.00
705.89, 371.00
706.20, 322.00
706.50, 279.00
706.81, 261.00
707.12, 238.00
707.43, 218.00
707.73, 202.00
708.04, 180.00
708.35, 170.00
708.66, 165.00
708.97, 164.00
709.27, 166.00
709.58, 155.00
709.89, 165.00
710.19, 152.00
710.50, 160.00
710.81, 157.00
711.12, 163.00
711.42, 160.00
711.73, 165.00
712.04, 160.00
712.35, 158.00
712.65, 159.00
712.96, 155.00
713.27, 156.00
713.57, 181.00
713.88, 171.00
714.19, 153.00
714.49, 146.00
714.80, 152.00
715.11, 151.00
715.41, 152.00
715.72, 154.00
716.03, 154.00
716.33, 152.00
716.64, 149.00
716.94, 159.00
717.25, 151.00
717.56, 156.00
717.86, 158.00
718.17, 155.00
718.48, 149.00
718.78, 152.00
719.09, 153.00
719.39, 154.00
719.70, 151.00
720.01, 149.00
720.31, 149.00
720.62, 152.00
720.92, 148.00
721.23, 149.00
721.53, 155.00
721.84, 156.00
722.15, 155.00
722.45, 152.00
722.76, 153.00
723.06, 151.00
723.37, 150.00
723.67, 147.00
723.98, 152.00
724.28, 150.00
724.59, 152.00
724.89, 155.00
725.20, 151.00
725.50, 162.00
725.81, 150.00
726.11, 151.00
726.42, 165.00
726.72, 162.00
727.03, 199.00
727.33, 163.00
727.64, 169.00
727.94, 153.00
728.25, 158.00
728.55, 157.00
728.86, 176.00
729.16, 153.00
729.46, 150.00
729.77, 155.00
730.07, 152.00
730.38, 151.00
730.68, 144.00
730.99, 165.00
731.29, 147.00
731.59, 154.00
731.90, 146.00
732.20, 152.00
732.51, 150.00
732.81, 151.00
733.11, 151.00
733.42, 152.00
733.72, 155.00
734.02, 157.00
734.33, 152.00
734.63, 148.00
734.94, 145.00
735.24, 149.00
735.54, 143.00
735.85, 148.00
736.15, 148.00
736.45, 149.00
736.76, 147.00
737.06, 151.00
737.36, 154.00
737.67, 149.00
737.97, 149.00
738.27, 147.00
738.57, 151.00
738.88, 148.00
739.18, 188.00
739.48, 153.00
739.79, 151.00
740.09, 156.00
740.39, 157.00
740.69, 160.00
741.00, 148.00
741.30, 158.00
741.60, 146.00
741.90, 150.00
742.21, 145.00
742.51, 197.00
742.81, 152.00
743.11, 147.00
743.42, 177.00
743.72, 148.00
744.02, 150.00
744.32, 152.00
744.63, 155.00
744.93, 157.00
745.23, 155.00
745.53, 166.00
745.83, 156.00
746.13, 157.00
746.44, 160.00
746.74, 154.00
747.04, 149.00
747.34, 154.00
747.64, 151.00
747.94, 157.00
748.25, 154.00
748.55, 159.00
748.85, 155.00
749.15, 166.00
749.45, 187.00
749.75, 163.00
750.05, 161.00
750.35, 154.00
750.66, 172.00
750.96, 155.00
751.26, 152.00
751.56, 155.00
751.86, 155.00
752.16, 149.00
752.46, 150.00
752.76, 151.00
753.06, 145.00
753.36, 189.00
753.66, 146.00
753.96, 153.00
754.27, 148.00
754.57, 151.00
754.87, 145.00
755.17, 149.00
755.47, 148.00
755.77, 149.00
756.07, 153.00
756.37, 149.00
756.67, 152.00
756.97, 149.00
757.27, 155.00
757.57, 154.00
757.87, 159.00
758.17, 155.00
758.47, 155.00
758.77, 160.00
759.07, 151.00
759.37, 159.00
759.67, 159.00
759.97, 159.00
760.27, 152.00
760.57, 149.00
760.86, 150.00
761.16, 154.00
761.46, 152.00
761.76, 183.00
762.06, 149.00
762.36, 159.00
762.66, 152.00
762.96, 153.00
763.26, 151.00
763.56, 184.00
763.86, 161.00
764.16, 146.00
764.45, 167.00
764.75, 150.00
765.05, 151.00
765.35, 147.00
765.65, 146.00
765.95, 149.00
766.25, 152.00
766.55, 156.00
766.84, 152.00
767.14, 152.00
767.44, 152.00
767.74, 150.00
768.04, 156.00
768.34, 150.00
768.63, 149.00
768.93, 155.00
769.23, 155.00
769.53, 151.00
769.83, 158.00
770.12, 157.00
770.42, 151.00
770.72, 150.00
771.02, 155.00
771.32, 148.00
771.61, 155.00
771.91, 154.00
772.21, 152.00
772.51, 155.00
772.80, 149.00
773.10, 153.00
773.40, 153.00
773.70, 155.00
773.99, 156.00
774.29, 154.00
774.59, 161.00
774.88, 151.00
775.18, 161.00
775.48, 224.00
775.78, 362.00
776.07, 498.00
776.37, 537.00
776.67, 497.00
776.96, 374.00
777.26, 349.00
777.56, 275.00
777.85, 237.00
778.15, 229.00
778.45, 220.00
778.74, 207.00
779.04, 187.00
779.34, 169.00
779.63, 168.00
779.93, 152.00
780.22, 148.00
780.52, 150.00
780.82, 151.00
781.11, 150.00
781.41, 145.00
781.71, 145.00
782.00, 146.00
782.30, 151.00
782.59, 159.00
782.89, 156.00
783.19, 153.00
783.48, 148.00
783.78, 145.00
784.07, 150.00
784.37, 154.00
784.66, 143.00
784.96, 147.00
785.25, 142.00
785.55, 145.00
785.84, 145.00
786.14, 146.00
786.44, 147.00
786.73, 146.00
787.03, 143.00
787.32, 146.00
787.62, 142.00
787.91, 147.00
788.21, 151.00
788.50, 147.00
788.80, 148.00
789.09, 146.00
789.39, 154.00
789.68, 145.00
789.97, 149.00
790.27, 147.00
790.56, 152.00
790.86, 155.00
791.15, 152.00
791.45, 140.00
791.74, 169.00
792.04, 144.00
792.33, 145.00
792.62, 171.00
792.92, 147.00
793.21, 144.00
793.51, 151.00
793.80, 145.00
794.09, 149.00
794.39, 148.00
794.68, 148.00
794.98, 149.00
795.27, 147.00
795.56, 146.00
795.86, 151.00
796.15, 147.00
796.44, 151.00
796.74, 145.00
797.03, 143.00
797.32, 146.00
797.62, 144.00
797.91, 158.00
798.20, 146.00
798.50, 151.00
798.79, 157.00
799.08, 145.00
799.38, 142.00
799.67, 144.00
799.96, 147.00
800.26, 169.00
800.55, 146.00
800.84, 148.00
801.13, 149.00
801.43, 146.00
801.72, 184.00
802.01, 143.00
802.30, 150.00
802.60, 145.00
802.89, 150.00
803.18, 146.00
803.47, 144.00
803.77, 153.00
804.06, 150.00
804.35, 147.00
804.64, 166.00
804.94, 148.00
805.23, 146.00
805.52, 151.00
805.81, 147.00
806.10, 145.00
806.39, 150.00
806.69, 150.00
806.98, 149.00
807.27, 147.00
807.56, 153.00
807.85, 144.00
808.14, 143.00
808.44, 153.00
808.73, 146.00
809.02, 163.00
809.31, 150.00
809.60, 146.00
809.89, 154.00
810.18, 147.00
810.48, 155.00
810.77, 146.00
811.06, 150.00
811.35, 146.00
811.64, 149.00
811.93, 171.00
812.22, 148.00
812.51, 144.00
812.80, 147.00
813.09, 146.00
813.38, 145.00
813.67, 170.00
813.96, 151.00
814.26, 152.00
814.55, 147.00
814.84, 146.00
815.13, 153.00
815.42, 151.00
815.71, 149.00
816.00, 150.00
816.29, 153.00
816.58, 145.00
816.87, 150.00
817.16, 146.00
817.45, 150.00
817.74, 143.00
818.03, 144.00
818.32, 142.00
818.61, 144.00
818.90, 147.00
819.19, 145.00
819.48, 143.00
819.76, 143.00
820.05, 145.00
820.34, 149.00
820.63, 145.00
820.92, 147.00
821.21, 148.00
821.50, 146.00
821.79, 142.00
822.08, 148.00
822.37, 149.00
822.66, 146.00
822.95, 149.00
823.23, 148.00
823.52, 164.00
823.81, 150.00
824.10, 146.00
824.39, 143.00
824.68, 151.00
824.97, 160.00
825.26, 143.00
825.54, 197.00
825.83, 146.00
826.12, 147.00
826.41, 144.00
826.70, 144.00
826.99, 150.00
827.27, 145.00
827.56, 164.00
827.85, 143.00
828.14, 146.00
828.43, 148.00
828.71, 147.00
829.00, 145.00
829.29, 142.00
829.58, 147.00
829.86, 145.00
830.15, 143.00
830.44, 147.00
830.73, 151.00
831.01, 143.00
831.30, 143.00
831.59, 146.00
831.88, 146.00
832.16, 146.00
832.45, 151.00
832.74, 149.00
833.03, 149.00
833.31, 157.00
833.60, 145.00
833.89, 144.00
834.17, 152.00
834.46, 146.00
834.75, 142.00
835.03, 145.00
835.32, 143.00
835.61, 145.00
835.89, 159.00
836.18, 144.00
836.47, 142.00
836.75, 144.00
837.04, 145.00
837.33, 148.00
837.61, 145.00
837.90, 145.00
838.19, 147.00
838.47, 140.00
838.76, 142.00
839.04, 143.00
839.33, 146.00
839.62, 146.00
839.90, 147.00
840.19, 140.00
840.47, 143.00
840.76, 175.00
841.04, 149.00
841.33, 146.00
841.62, 147.00
841.90, 141.00
842.19, 150.00
842.47, 178.00
842.76, 150.00
843.04, 152.00
843.33, 172.00
843.61, 159.00
843.90, 155.00
844.18, 157.00
844.47, 155.00
844.75, 162.00
845.04, 153.00
845.32, 154.00
845.61, 150.00
845.89, 146.00
846.18, 151.00
846.46, 149.00
846.75, 150.00
847.03, 146.00
847.32, 146.00
847.60, 146.00
847.88, 143.00
848.17, 147.00
848.45, 166.00
848.74, 148.00
849.02, 148.00
849.31, 143.00
849.59, 149.00
849.87, 150.00
850.16, 146.00
850.44, 149.00
850.73, 177.00
851.01, 150.00
851.29, 148.00
851.58, 148.00
851.86, 143.00
852.14, 140.00
852.43, 147.00
852.71, 147.00
853.00, 146.00
853.28, 153.00
853.56, 150.00
853.85, 144.00
854.13, 145.00
854.41, 149.00
854.69, 144.00
854.98, 145.00
855.26, 200.00
855.54, 149.00
855.83, 142.00
856.11, 152.00
856.39, 146.00
856.68, 145.00
856.96, 147.00
857.24, 144.00
857.52, 154.00
857.81, 145.00
858.09, 141.00
858.37, 148.00
858.65, 147.00
858.94, 147.00
859.22, 145.00
