190.05, 0.00
190.41, 131.00
190.77, 134.00
191.14, 138.00
191.50, 137.00
191.86, 155.00
192.22, 147.00
192.58, 150.00
192.94, 143.00
193.31, 145.00
193.67, 143.00
194.03, 154.00
194.39, 149.00
194.75, 149.00
195.11, 152.00
195.47, 161.00
195.84, 143.00
196.20, 146.00
196.56, 159.00
196.92, 144.00
197.28, 151.00
197.64, 140.00
198.00, 142.00
198.37, 148.00
198.73, 138.00
199.09, 140.00
199.45, 142.00
199.81, 146.00
200.17, 153.00
200.53, 142.00
200.89, 152.00
201.25, 184.00
201.62, 145.00
201.98, 142.00
202.34, 143.00
202.70, 150.00
203.06, 145.00
203.42, 141.00
203.78, 144.00
204.14, 147.00
204.50, 171.00
204.86, 152.00
205.22, 152.00
205.58, 149.00
205.95, 147.00
206.31, 141.00
206.67, 147.00
207.03, 149.00
207.39, 156.00
207.75, 147.00
208.11, 145.00
208.47, 147.00
208.83, 147.00
209.19, 147.00
209.55, 149.00
209.91, 143.00
210.27, 146.00
210.63, 142.00
210.99, 150.00
211.35, 146.00
211.71, 150.00
212.07, 147.00
212.43, 154.00
212.79, 146.00
213.15, 151.00
213.51, 148.00
213.87, 149.00
214.23, 146.00
214.59, 146.00
214.95, 146.00
215.31, 152.00
215.67, 145.00
216.03, 179.00
216.39, 147.00
216.75, 143.00
217.11, 146.00
217.47, 148.00
217.83, 147.00
218.19, 145.00
218.55, 154.00
218.91, 149.00
219.27, 144.00
219.63, 153.00
219.99, 145.00
220.35, 147.00
220.71, 154.00
221.07, 143.00
221.43, 146.00
221.79, 145.00
222.15, 154.00
222.51, 146.00
222.87, 147.00
223.23, 141.00
223.59, 141.00
223.95, 148.00
224.31, 147.00
224.67, 145.00
225.03, 147.00
225.39, 151.00
225.74, 148.00
226.10, 149.00
226.46, 144.00
226.82, 149.00
227.18, 152.00
227.54, 145.00
227.90, 152.00
228.26, 149.00
228.62, 154.00
228.98, 143.00
229.34, 144.00
229.69, 145.00
230.05, 154.00
230.41, 146.00
230.77, 152.00
231.13, 152.00
231.49, 149.00
231.85, 150.00
232.21, 156.00
232.57, 150.00
232.92, 147.00
233.28, 146.00
233.64, 152.00
234.00, 150.00
234.36, 144.00
234.72, 145.00
235.08, 152.00
235.44, 150.00
235.79, 144.00
236.15, 148.00
236.51, 146.00
236.87, 141.00
237.23, 152.00
237.59, 140.00
237.94, 152.00
238.30, 145.00
238.66, 144.00
239.02, 146.00
239.38, 148.00
239.74, 143.00
240.09, 156.00
240.45, 149.00
240.81, 144.00
241.17, 151.00
241.53, 149.00
241.89, 143.00
242.24, 145.00
242.60, 143.00
242.96, 152.00
243.32, 147.00
243.68, 142.00
244.03, 144.00
244.39, 146.00
244.75, 167.00
245.11, 149.00
245.46, 147.00
245.82, 173.00
246.18, 144.00
246.54, 152.00
246.90, 148.00
247.25, 144.00
247.61, 144.00
247.97, 184.00
248.33, 149.00
248.68, 147.00
249.04, 144.00
249.40, 140.00
249.76, 150.00
250.11, 142.00
250.47, 141.00
250.83, 150.00
251.19, 151.00
251.54, 159.00
251.90, 149.00
252.26, 142.00
252.62, 149.00
252.97, 148.00
253.33, 144.00
253.69, 145.00
254.05, 151.00
254.40, 144.00
254.76, 143.00
255.12, 174.00
255.47, 156.00
255.83, 148.00
256.19, 147.00
256.54, 146.00
256.90, 138.00
257.26, 143.00
257.62, 148.00
257.97, 150.00
258.33, 150.00
258.69, 147.00
259.04, 145.00
259.40, 144.00
259.76, 153.00
260.11, 145.00
260.47, 144.00
260.83, 152.00
261.18, 142.00
261.54, 149.00
261.90, 148.00
262.25, 142.00
262.61, 144.00
262.97, 139.00
263.32, 142.00
263.68, 144.00
264.04, 148.00
264.39, 146.00
264.75, 143.00
265.10, 147.00
265.46, 189.00
265.82, 159.00
266.17, 146.00
266.53, 140.00
266.89, 147.00
267.24, 154.00
267.60, 143.00
267.95, 145.00
268.31, 143.00
268.67, 145.00
269.02, 142.00
269.38, 136.00
269.74, 151.00
270.09, 146.00
270.45, 153.00
270.80, 172.00
271.16, 149.00
271.51, 157.00
271.87, 155.00
272.23, 156.00
272.58, 155.00
272.94, 143.00
273.29, 139.00
273.65, 192.00
274.00, 148.00
274.36, 150.00
274.72, 140.00
275.07, 152.00
275.43, 147.00
275.78, 154.00
276.14, 144.00
276.49, 154.00
276.85, 158.00
277.20, 166.00
277.56, 146.00
277.92, 149.00
278.27, 150.00
278.63, 157.00
278.98, 150.00
279.34, 153.00
279.69, 155.00
280.05, 175.00
280.40, 158.00
280.76, 176.00
281.11, 163.00
281.47, 162.00
281.82, 163.00
282.18, 162.00
282.53, 171.00
282.89, 177.00
283.24, 187.00
283.60, 172.00
283.95, 181.00
284.31, 188.00
284.66, 191.00
285.02, 196.00
285.37, 185.00
285.73, 185.00
286.08, 188.00
286.44, 164.00
286.79, 162.00
287.14, 164.00
287.50, 161.00
287.85, 159.00
288.21, 167.00
288.56, 163.00
288.92, 163.00
289.27, 173.00
289.63, 170.00
289.98, 180.00
290.34, 167.00
290.69, 168.00
291.04, 160.00
291.40, 158.00
291.75, 159.00
292.11, 161.00
292.46, 161.00
292.81, 168.00
293.17, 174.00
293.52, 176.00
293.88, 190.00
294.23, 204.00
294.59, 218.00
294.94, 250.00
295.29, 261.00
295.65, 269.00
296.00, 288.00
296.36, 248.00
296.71, 242.00
297.06, 243.00
297.42, 253.00
297.77, 244.00
298.12, 225.00
298.48, 216.00
298.83, 212.00
299.19, 216.00
299.54, 222.00
299.89, 222.00
300.25, 222.00
300.60, 217.00
300.95, 202.00
301.31, 184.00
301.66, 170.00
302.01, 179.00
302.37, 174.00
302.72, 186.00
303.07, 190.00
303.43, 194.00
303.78, 199.00
304.13, 206.00
304.49, 212.00
304.84, 218.00
305.19, 242.00
305.55, 207.00
305.90, 257.00
306.25, 366.00
306.61, 523.00
306.96, 659.00
307.31, 857.00
307.66, 1233.00
308.02, 1668.00
308.37, 2008.00
308.72, 2278.00
309.08, 2298.00
309.43, 2161.00
309.78, 1840.00
310.13, 1612.00
310.49, 1321.00
310.84, 1048.00
311.19, 918.00
311.54, 791.00
311.90, 663.00
312.25, 604.00
312.60, 609.00
312.95, 719.00
313.31, 796.00
313.66, 802.00
314.01, 792.00
314.36, 817.00
314.72, 941.00
315.07, 1232.00
315.42, 1484.00
315.77, 1543.00
316.13, 1235.00
316.48, 813.00
316.83, 534.00
317.18, 382.00
317.54, 293.00
317.89, 251.00
318.24, 223.00
318.59, 219.00
318.94, 208.00
319.30, 214.00
319.65, 217.00
320.00, 214.00
320.35, 229.00
320.70, 223.00
321.05, 217.00
321.41, 219.00
321.76, 214.00
322.11, 203.00
322.46, 204.00
322.81, 240.00
323.17, 200.00
323.52, 193.00
323.87, 190.00
324.22, 192.00
324.57, 199.00
324.92, 208.00
325.27, 221.00
325.63, 236.00
325.98, 245.00
326.33, 269.00
326.68, 261.00
327.03, 268.00
327.38, 258.00
327.73, 276.00
328.09, 297.00
328.44, 325.00
328.79, 277.00
329.14, 298.00
329.49, 253.00
329.84, 248.00
330.19, 257.00
330.54, 250.00
330.89, 256.00
331.25, 228.00
331.60, 221.00
331.95, 223.00
332.30, 230.00
332.65, 246.00
333.00, 277.00
333.35, 352.00
333.70, 370.00
334.05, 363.00
334.40, 411.00
334.75, 506.00
335.10, 730.00
335.45, 1083.00
335.81, 1570.00
336.16, 2250.00
336.51, 3093.00
336.86, 3155.00
337.21, 2745.00
337.56, 1689.00
337.91, 988.00
338.26, 589.00
338.61, 370.00
338.96, 295.00
339.31, 246.00
339.66, 234.00
340.01, 222.00
340.36, 218.00
340.71, 212.00
341.06, 199.00
341.41, 206.00
341.76, 198.00
342.11, 208.00
342.46, 203.00
342.81, 204.00
343.16, 200.00
343.51, 207.00
343.86, 213.00
344.21, 205.00
344.56, 206.00
344.91, 200.00
345.26, 212.00
345.61, 208.00
345.96, 208.00
346.31, 210.00
346.66, 236.00
347.01, 208.00
347.36, 230.00
347.71, 208.00
348.06, 212.00
348.41, 228.00
348.76, 257.00
349.10, 269.00
349.45, 300.00
349.80, 299.00
350.15, 287.00
350.50, 271.00
350.85, 284.00
351.20, 307.00
351.55, 382.00
351.90, 471.00
352.25, 600.00
352.60, 804.00
352.95, 1066.00
353.30, 1138.00
353.64, 996.00
353.99, 742.00
354.34, 598.00
354.69, 531.00
355.04, 562.00
355.39, 684.00
355.74, 911.00
356.09, 1226.00
356.44, 1583.00
356.78, 2196.00
357.13, 2506.00
357.48, 2410.00
357.83, 1836.00
358.18, 1125.00
358.53, 697.00
358.88, 405.00
359.22, 300.00
359.57, 235.00
359.92, 216.00
360.27, 214.00
360.62, 214.00
360.97, 211.00
361.32, 212.00
361.66, 208.00
362.01, 214.00
362.36, 218.00
362.71, 221.00
363.06, 233.00
363.40, 233.00
363.75, 238.00
364.10, 243.00
364.45, 231.00
364.80, 230.00
365.14, 244.00
365.49, 240.00
365.84, 252.00
366.19, 278.00
366.54, 294.00
366.88, 310.00
367.23, 263.00
367.58, 296.00
367.93, 222.00
368.28, 229.00
368.62, 231.00
368.97, 261.00
369.32, 288.00
369.67, 318.00
370.01, 418.00
370.36, 452.00
370.71, 475.00
371.06, 404.00
371.40, 341.00
371.75, 282.00
372.10, 267.00
372.45, 266.00
372.79, 301.00
373.14, 354.00
373.49, 427.00
373.83, 529.00
374.18, 666.00
374.53, 875.00
374.88, 996.00
375.22, 1002.00
375.57, 781.00
375.92, 556.00
376.26, 406.00
376.61, 315.00
376.96, 272.00
377.30, 296.00
377.65, 322.00
378.00, 378.00
378.35, 479.00
378.69, 630.00
379.04, 774.00
379.39, 1031.00
379.73, 1285.00
380.08, 1257.00
380.43, 954.00
380.77, 660.00
381.12, 532.00
381.47, 392.00
381.81, 296.00
382.16, 249.00
382.50, 234.00
382.85, 306.00
383.20, 217.00
383.54, 235.00
383.89, 243.00
384.24, 244.00
384.58, 270.00
384.93, 311.00
385.27, 308.00
385.62, 299.00
385.97, 291.00
386.31, 274.00
386.66, 320.00
387.00, 296.00
387.35, 320.00
387.70, 333.00
388.04, 451.00
388.39, 473.00
388.73, 584.00
389.08, 660.00
389.43, 751.00
389.77, 829.00
390.12, 961.00
390.46, 1301.00
390.81, 1443.00
391.15, 1394.00
391.50, 1116.00
391.85, 746.00
392.19, 554.00
392.54, 425.00
392.88, 382.00
393.23, 416.00
393.57, 432.00
393.92, 417.00
394.26, 357.00
394.61, 296.00
394.95, 277.00
395.30, 244.00
395.64, 220.00
395.99, 264.00
396.33, 231.00
396.68, 253.00
397.02, 270.00
397.37, 307.00
397.71, 352.00
398.06, 404.00
398.40, 466.00
398.75, 580.00
399.09, 642.00
399.44, 641.00
399.78, 513.00
400.13, 390.00
400.47, 307.00
400.82, 255.00
401.16, 232.00
401.51, 230.00
401.85, 222.00
402.20, 229.00
402.54, 251.00
402.88, 270.00
403.23, 286.00
403.57, 312.00
403.92, 369.00
404.26, 469.00
404.61, 489.00
404.95, 581.00
405.30, 565.00
405.64, 513.00
405.98, 433.00
406.33, 351.00
406.67, 276.00
407.02, 254.00
407.36, 246.00
407.70, 253.00
408.05, 249.00
408.39, 262.00
408.74, 276.00
409.08, 283.00
409.42, 264.00
409.77, 249.00
410.11, 259.00
410.46, 235.00
410.80, 249.00
411.14, 245.00
411.49, 268.00
411.83, 272.00
412.17, 276.00
412.52, 295.00
412.86, 319.00
413.20, 337.00
413.55, 340.00
413.89, 304.00
414.23, 283.00
414.58, 294.00
414.92, 247.00
415.26, 236.00
415.61, 239.00
415.95, 237.00
416.29, 245.00
416.64, 253.00
416.98, 261.00
417.32, 274.00
417.67, 291.00
418.01, 305.00
418.35, 335.00
418.70, 372.00
419.04, 437.00
419.38, 424.00
419.72, 412.00
420.07, 362.00
420.41, 289.00
420.75, 265.00
421.10, 253.00
421.44, 245.00
421.78, 249.00
422.12, 244.00
422.47, 261.00
422.81, 276.00
423.15, 293.00
423.49, 293.00
423.84, 270.00
424.18, 305.00
424.52, 318.00
424.86, 368.00
425.21, 440.00
425.55, 474.00
425.89, 549.00
426.23, 636.00
426.57, 730.00
426.92, 714.00
427.26, 732.00
427.60, 632.00
427.94, 459.00
428.28, 364.00
428.63, 301.00
428.97, 260.00
429.31, 241.00
429.65, 231.00
429.99, 221.00
430.34, 231.00
430.68, 232.00
431.02, 245.00
431.36, 230.00
431.70, 244.00
432.04, 255.00
432.39, 270.00
432.73, 280.00
433.07, 302.00
433.41, 325.00
433.75, 338.00
434.09, 330.00
434.43, 319.00
434.78, 369.00
435.12, 408.00
435.46, 427.00
435.80, 397.00
436.14, 359.00
436.48, 317.00
436.82, 306.00
437.16, 280.00
437.51, 263.00
437.85, 253.00
438.19, 292.00
438.53, 255.00
438.87, 267.00
439.21, 268.00
439.55, 277.00
439.89, 288.00
440.23, 286.00
440.57, 299.00
440.91, 308.00
441.26, 292.00
441.60, 274.00
441.94, 274.00
442.28, 256.00
442.62, 257.00
442.96, 248.00
443.30, 251.00
443.64, 246.00
443.98, 242.00
444.32, 259.00
444.66, 227.00
445.00, 246.00
445.34, 254.00
445.68, 253.00
446.02, 262.00
446.36, 248.00
446.70, 256.00
447.04, 263.00
447.38, 288.00
447.72, 285.00
448.06, 295.00
448.40, 292.00
448.74, 270.00
449.08, 268.00
449.42, 255.00
449.76, 250.00
450.10, 244.00
450.44, 235.00
450.78, 235.00
451.12, 248.00
451.46, 243.00
451.80, 254.00
452.14, 236.00
452.48, 238.00
452.82, 242.00
453.16, 240.00
453.50, 249.00
453.84, 235.00
454.18, 279.00
454.52, 257.00
454.86, 263.00
455.19, 276.00
455.53, 275.00
455.87, 281.00
456.21, 297.00
456.55, 293.00
456.89, 285.00
457.23, 282.00
457.57, 261.00
457.91, 272.00
458.25, 275.00
458.59, 277.00
458.92, 292.00
459.26, 276.00
459.60, 292.00
459.94, 270.00
460.28, 253.00
460.62, 258.00
460.96, 241.00
461.30, 235.00
461.63, 244.00
461.97, 242.00
462.31, 233.00
462.65, 261.00
462.99, 269.00
463.33, 265.00
463.67, 275.00
464.00, 276.00
464.34, 278.00
464.68, 283.00
465.02, 299.00
465.36, 292.00
465.70, 283.00
466.03, 289.00
466.37, 269.00
466.71, 272.00
467.05, 274.00
467.39, 280.00
467.72, 296.00
468.06, 308.00
468.40, 313.00
468.74, 313.00
469.08, 327.00
469.41, 354.00
469.75, 368.00
470.09, 389.00
470.43, 385.00
470.76, 353.00
471.10, 343.00
471.44, 331.00
471.78, 318.00
472.11, 302.00
472.45, 298.00
472.79, 284.00
473.13, 287.00
473.46, 291.00
473.80, 281.00
474.14, 270.00
474.48, 283.00
474.81, 274.00
475.15, 269.00
475.49, 279.00
475.82, 281.00
476.16, 278.00
476.50, 274.00
476.84, 266.00
477.17, 264.00
477.51, 269.00
477.85, 275.00
478.18, 289.00
478.52, 275.00
478.86, 333.00
479.19, 296.00
479.53, 292.00
479.87, 332.00
480.20, 301.00
480.54, 302.00
480.88, 294.00
481.21, 291.00
481.55, 302.00
481.89, 290.00
482.22, 296.00
482.56, 297.00
482.90, 292.00
483.23, 306.00
483.57, 303.00
483.90, 317.00
484.24, 312.00
484.58, 315.00
484.91, 334.00
485.25, 356.00
485.58, 361.00
485.92, 371.00
486.26, 354.00
486.59, 362.00
486.93, 358.00
487.26, 373.00
487.60, 373.00
487.94, 355.00
488.27, 364.00
488.61, 352.00
488.94, 365.00
489.28, 359.00
489.61, 360.00
489.95, 355.00
490.29, 370.00
490.62, 372.00
490.96, 362.00
491.29, 369.00
491.63, 348.00
491.96, 342.00
492.30, 347.00
492.63, 337.00
492.97, 338.00
493.30, 328.00
493.64, 328.00
493.97, 328.00
494.31, 332.00
494.64, 331.00
494.98, 333.00
495.31, 342.00
495.65, 326.00
495.98, 338.00
496.32, 333.00
496.65, 356.00
496.99, 314.00
497.32, 306.00
497.66, 308.00
497.99, 314.00
498.33, 302.00
498.66, 295.00
499.00, 296.00
499.33, 289.00
499.67, 293.00
500.00, 301.00
500.34, 304.00
500.67, 302.00
501.00, 302.00
501.34, 290.00
501.67, 290.00
502.01, 293.00
502.34, 294.00
502.68, 293.00
503.01, 309.00
503.34, 296.00
503.68, 294.00
504.01, 310.00
504.35, 303.00
504.68, 311.00
505.01, 304.00
505.35, 306.00
505.68, 303.00
506.02, 314.00
506.35, 312.00
506.68, 321.00
507.02, 317.00
507.35, 305.00
507.68, 305.00
508.02, 302.00
508.35, 302.00
508.69, 306.00
509.02, 300.00
509.35, 292.00
509.69, 290.00
510.02, 301.00
510.35, 289.00
510.69, 285.00
511.02, 275.00
511.35, 286.00
511.69, 283.00
512.02, 269.00
512.35, 285.00
512.68, 279.00
513.02, 286.00
513.35, 284.00
513.68, 278.00
514.02, 286.00
514.35, 280.00
514.68, 279.00
515.01, 273.00
515.35, 292.00
515.68, 277.00
516.01, 270.00
516.35, 268.00
516.68, 275.00
517.01, 278.00
517.34, 273.00
517.68, 278.00
518.01, 289.00
518.34, 268.00
518.67, 282.00
519.01, 281.00
519.34, 282.00
519.67, 291.00
520.00, 279.00
520.33, 283.00
520.67, 289.00
521.00, 285.00
521.33, 292.00
521.66, 292.00
522.00, 291.00
522.33, 284.00
522.66, 280.00
522.99, 277.00
523.32, 286.00
523.65, 287.00
523.99, 285.00
524.32, 289.00
524.65, 278.00
524.98, 284.00
525.31, 271.00
525.65, 310.00
525.98, 280.00
526.31, 273.00
526.64, 280.00
526.97, 279.00
527.30, 278.00
527.63, 271.00
527.97, 270.00
528.30, 264.00
528.63, 283.00
528.96, 295.00
529.29, 267.00
529.62, 277.00
529.95, 277.00
530.28, 264.00
530.61, 269.00
530.95, 263.00
531.28, 264.00
531.61, 274.00
531.94, 280.00
532.27, 284.00
532.60, 288.00
532.93, 293.00
533.26, 274.00
533.59, 274.00
533.92, 276.00
534.25, 265.00
534.58, 301.00
534.91, 266.00
535.25, 266.00
535.58, 263.00
535.91, 258.00
536.24, 265.00
536.57, 272.00
536.90, 269.00
537.23, 279.00
537.56, 324.00
537.89, 298.00
538.22, 296.00
538.55, 305.00
538.88, 311.00
539.21, 434.00
539.54, 331.00
539.87, 345.00
540.20, 372.00
540.53, 399.00
540.86, 466.00
541.19, 481.00
541.52, 506.00
541.85, 541.00
542.18, 555.00
542.51, 563.00
542.84, 584.00
543.17, 582.00
543.50, 568.00
543.82, 542.00
544.15, 544.00
544.48, 537.00
544.81, 571.00
545.14, 608.00
545.47, 575.00
545.80, 552.00
546.13, 466.00
546.46, 475.00
546.79, 435.00
547.12, 387.00
547.45, 371.00
547.78, 357.00
548.10, 361.00
548.43, 356.00
548.76, 346.00
549.09, 337.00
549.42, 333.00
549.75, 324.00
550.08, 331.00
550.41, 328.00
550.74, 332.00
551.06, 315.00
551.39, 312.00
551.72, 311.00
552.05, 302.00
552.38, 296.00
552.71, 303.00
553.03, 292.00
553.36, 291.00
553.69, 288.00
554.02, 283.00
554.35, 282.00
554.68, 272.00
555.00, 271.00
555.33, 269.00
555.66, 260.00
555.99, 285.00
556.32, 267.00
556.64, 272.00
556.97, 278.00
557.30, 278.00
557.63, 278.00
557.96, 278.00
558.28, 275.00
558.61, 272.00
558.94, 272.00
559.27, 278.00
559.59, 269.00
559.92, 270.00
560.25, 261.00
560.58, 266.00
560.90, 266.00
561.23, 260.00
561.56, 263.00
561.89, 261.00
562.21, 245.00
562.54, 247.00
562.87, 246.00
563.20, 249.00
563.52, 241.00
563.85, 237.00
564.18, 261.00
564.50, 249.00
564.83, 272.00
565.16, 297.00
565.48, 234.00
565.81, 245.00
566.14, 228.00
566.47, 234.00
566.79, 234.00
567.12, 233.00
567.45, 268.00
567.77, 229.00
568.10, 236.00
568.43, 238.00
568.75, 229.00
569.08, 242.00
569.40, 264.00
569.73, 239.00
570.06, 237.00
570.38, 233.00
570.71, 233.00
571.04, 230.00
571.36, 230.00
571.69, 241.00
572.01, 236.00
572.34, 237.00
572.67, 247.00
572.99, 239.00
573.32, 254.00
573.64, 237.00
573.97, 237.00
574.30, 239.00
574.62, 235.00
574.95, 240.00
575.27, 247.00
575.60, 247.00
575.92, 250.00
576.25, 256.00
576.58, 265.00
576.90, 257.00
577.23, 283.00
577.55, 256.00
577.88, 254.00
578.20, 260.00
578.53, 267.00
578.85, 281.00
579.18, 283.00
579.50, 268.00
579.83, 276.00
580.15, 266.00
580.48, 273.00
580.80, 265.00
581.13, 273.00
581.45, 278.00
581.78, 283.00
582.10, 284.00
582.43, 299.00
582.75, 293.00
583.08, 291.00
583.40, 295.00
583.73, 349.00
584.05, 293.00
584.38, 286.00
584.70, 334.00
585.03, 278.00
585.35, 281.00
585.67, 290.00
586.00, 302.00
586.32, 335.00
586.65, 342.00
586.97, 338.00
587.30, 335.00
587.62, 316.00
587.94, 320.00
588.27, 297.00
588.59, 293.00
588.92, 284.00
589.24, 281.00
589.56, 288.00
589.89, 287.00
590.21, 276.00
590.54, 268.00
590.86, 266.00
591.18, 265.00
591.51, 278.00
591.83, 290.00
592.15, 299.00
592.48, 298.00
592.80, 300.00
593.13, 293.00
593.45, 300.00
593.77, 289.00
594.10, 292.00
594.42, 298.00
594.74, 291.00
595.07, 288.00
595.39, 281.00
595.71, 285.00
596.03, 282.00
596.36, 287.00
596.68, 285.00
597.00, 287.00
597.33, 302.00
597.65, 300.00
597.97, 304.00
598.30, 307.00
598.62, 315.00
598.94, 310.00
599.26, 304.00
599.59, 306.00
599.91, 309.00
600.23, 298.00
600.55, 289.00
600.88, 286.00
601.20, 270.00
601.52, 260.00
601.84, 257.00
602.17, 254.00
602.49, 247.00
602.81, 244.00
603.13, 243.00
603.45, 247.00
603.78, 239.00
604.10, 240.00
604.42, 251.00
604.74, 245.00
605.07, 244.00
605.39, 247.00
605.71, 242.00
606.03, 249.00
606.35, 234.00
606.67, 242.00
607.00, 245.00
607.32, 235.00
607.64, 252.00
607.96, 242.00
608.28, 252.00
608.60, 262.00
608.93, 275.00
609.25, 311.00
609.57, 368.00
609.89, 452.00
610.21, 532.00
610.53, 571.00
610.85, 570.00
611.17, 517.00
611.50, 491.00
611.82, 463.00
612.14, 430.00
612.46, 403.00
612.78, 375.00
613.10, 358.00
613.42, 339.00
613.74, 346.00
614.06, 357.00
614.38, 333.00
614.70, 338.00
615.03, 319.00
615.35, 313.00
615.67, 401.00
615.99, 278.00
616.31, 262.00
616.63, 263.00
616.95, 254.00
617.27, 243.00
617.59, 239.00
617.91, 245.00
618.23, 246.00
618.55, 238.00
618.87, 245.00
619.19, 242.00
619.51, 235.00
619.83, 241.00
620.15, 237.00
620.47, 238.00
620.79, 238.00
621.11, 250.00
621.43, 237.00
621.75, 251.00
622.07, 240.00
622.39, 237.00
622.71, 239.00
623.03, 236.00
623.35, 278.00
623.67, 234.00
623.99, 230.00
624.31, 235.00
624.63, 230.00
624.95, 228.00
625.26, 230.00
625.58, 228.00
625.90, 255.00
626.22, 223.00
626.54, 235.00
626.86, 235.00
627.18, 230.00
627.50, 234.00
627.82, 239.00
628.14, 235.00
628.46, 239.00
628.77, 239.00
629.09, 245.00
629.41, 254.00
629.73, 260.00
630.05, 283.00
630.37, 281.00
630.69, 271.00
631.00, 270.00
631.32, 266.00
631.64, 253.00
631.96, 246.00
632.28, 240.00
632.60, 240.00
632.92, 232.00
633.23, 234.00
633.55, 237.00
633.87, 233.00
634.19, 237.00
634.51, 247.00
634.82, 256.00
635.14, 254.00
635.46, 256.00
635.78, 250.00
636.10, 250.00
636.41, 247.00
636.73, 265.00
637.05, 251.00
637.37, 241.00
637.68, 249.00
638.00, 255.00
638.32, 248.00
638.64, 248.00
638.95, 262.00
639.27, 256.00
639.59, 248.00
639.91, 249.00
640.22, 243.00
640.54, 243.00
640.86, 241.00
641.18, 247.00
641.49, 263.00
641.81, 247.00
642.13, 255.00
642.44, 245.00
642.76, 246.00
643.08, 256.00
643.40, 258.00
643.71, 265.00
644.03, 263.00
644.35, 269.00
644.66, 278.00
644.98, 276.00
645.30, 259.00
645.61, 279.00
645.93, 249.00
646.25, 249.00
646.56, 246.00
646.88, 267.00
647.19, 236.00
647.51, 246.00
647.83, 225.00
648.14, 231.00
648.46, 224.00
648.78, 248.00
649.09, 245.00
649.41, 292.00
649.72, 264.00
650.04, 278.00
650.36, 272.00
650.67, 286.00
650.99, 288.00
651.30, 281.00
651.62, 285.00
651.93, 289.00
652.25, 305.00
652.57, 328.00
652.88, 288.00
653.20, 284.00
653.51, 279.00
653.83, 265.00
654.14, 252.00
654.46, 255.00
654.77, 263.00
655.09, 271.00
655.40, 285.00
655.72, 267.00
656.04, 249.00
656.35, 252.00
656.67, 254.00
656.98, 247.00
657.30, 245.00
657.61, 251.00
657.93, 263.00
658.24, 261.00
658.55, 293.00
658.87, 262.00
659.18, 267.00
659.50, 257.00
659.81, 270.00
660.13, 259.00
660.44, 261.00
660.76, 264.00
661.07, 284.00
661.39, 266.00
661.70, 243.00
662.01, 240.00
662.33, 235.00
662.64, 234.00
662.96, 227.00
663.27, 212.00
663.59, 208.00
663.90, 209.00
664.21, 212.00
664.53, 243.00
664.84, 224.00
665.16, 247.00
665.47, 226.00
665.78, 222.00
666.10, 237.00
666.41, 234.00
666.72, 240.00
667.04, 250.00
667.35, 236.00
667.67, 239.00
667.98, 240.00
668.29, 231.00
668.61, 240.00
668.92, 241.00
669.23, 233.00
669.55, 231.00
669.86, 257.00
670.17, 220.00
670.48, 224.00
670.80, 215.00
671.11, 210.00
671.42, 225.00
671.74, 218.00
672.05, 214.00
672.36, 223.00
672.68, 227.00
672.99, 225.00
673.30, 229.00
673.61, 245.00
673.93, 254.00
674.24, 253.00
674.55, 265.00
674.86, 263.00
675.18, 260.00
675.49, 271.00
675.80, 263.00
676.11, 276.00
676.43, 278.00
676.74, 280.00
677.05, 270.00
677.36, 278.00
677.67, 266.00
677.99, 258.00
678.30, 242.00
678.61, 241.00
678.92, 230.00
679.23, 228.00
679.55, 217.00
679.86, 215.00
680.17, 207.00
680.48, 216.00
680.79, 205.00
681.10, 193.00
681.42, 200.00
681.73, 192.00
682.04, 198.00
682.35, 198.00
682.66, 205.00
682.97, 204.00
683.28, 214.00
683.60, 196.00
683.91, 200.00
684.22, 217.00
684.53, 203.00
684.84, 197.00
685.15, 203.00
685.46, 226.00
685.77, 192.00
686.08, 195.00
686.40, 239.00
686.71, 193.00
687.02, 197.00
687.33, 192.00
687.64, 187.00
687.95, 184.00
688.26, 178.00
688.57, 175.00
688.88, 183.00
689.19, 174.00
689.50, 173.00
689.81, 177.00
690.12, 175.00
690.43, 195.00
690.74, 187.00
691.05, 170.00
691.36, 182.00
691.67, 174.00
691.98, 175.00
692.29, 175.00
692.60, 177.00
692.91, 180.00
693.22, 174.00
693.53, 174.00
693.84, 176.00
694.15, 169.00
694.46, 173.00
694.77, 174.00
695.08, 178.00
695.39, 181.00
695.70, 175.00
696.01, 181.00
696.32, 168.00
696.63, 169.00
696.94, 177.00
697.25, 167.00
697.56, 183.00
697.87, 179.00
698.17, 210.00
698.48, 173.00
698.79, 173.00
699.10, 170.00
699.41, 173.00
699.72, 176.00
700.03, 175.00
700.34, 169.00
700.65, 172.00
700.95, 168.00
701.26, 173.00
701.57, 172.00
701.88, 172.00
702.19, 186.00
702.50, 175.00
702.81, 175.00
703.11, 198.00
703.42, 175.00
703.73, 181.00
704.04, 172.00
704.35, 181.00
704.66, 189.00
704.96, 217.00
705.27, 246.00
705.58, 270.00
705.89, 266.00
706.20, 239.00
706.50, 231.00
706.81, 230.00
707.12, 210.00
707.43, 204.00
707.73, 197.00
708.04, 194.00
708.35, 193.00
708.66, 186.00
708.97, 174.00
709.27, 179.00
709.58, 179.00
709.89, 179.00
710.19, 177.00
710.50, 170.00
710.81, 184.00
711.12, 188.00
711.42, 177.00
711.73, 185.00
712.04, 180.00
712.35, 179.00
712.65, 181.00
712.96, 173.00
713.27, 178.00
713.57, 201.00
713.88, 196.00
714.19, 172.00
714.49, 177.00
714.80, 182.00
715.11, 173.00
715.41, 173.00
715.72, 172.00
716.03, 171.00
716.33, 179.00
716.64, 166.00
716.94, 174.00
717.25, 165.00
717.56, 179.00
717.86, 173.00
718.17, 166.00
718.48, 160.00
718.78, 168.00
719.09, 164.00
719.39, 175.00
719.70, 165.00
720.01, 171.00
720.31, 174.00
720.62, 167.00
720.92, 171.00
721.23, 182.00
721.53, 176.00
721.84, 177.00
722.15, 179.00
722.45, 177.00
722.76, 175.00
723.06, 180.00
723.37, 172.00
723.67, 180.00
723.98, 166.00
724.28, 181.00
724.59, 179.00
724.89, 184.00
725.20, 178.00
725.50, 185.00
725.81, 184.00
726.11, 177.00
726.42, 175.00
726.72, 170.00
727.03, 213.00
727.33, 175.00
727.64, 173.00
727.94, 163.00
728.25, 166.00
728.55, 166.00
728.86, 187.00
729.16, 164.00
729.46, 167.00
729.77, 171.00
730.07, 168.00
730.38, 168.00
730.68, 163.00
730.99, 179.00
731.29, 169.00
731.59, 169.00
731.90, 164.00
732.20, 168.00
732.51, 177.00
732.81, 175.00
733.11, 180.00
733.42, 175.00
733.72, 180.00
734.02, 186.00
734.33, 174.00
734.63, 176.00
734.94, 168.00
735.24, 173.00
735.54, 176.00
735.85, 172.00
736.15, 174.00
736.45, 179.00
736.76, 173.00
737.06, 178.00
737.36, 174.00
737.67, 170.00
737.97, 174.00
738.27, 168.00
738.57, 170.00
738.88, 169.00
739.18, 203.00
739.48, 174.00
739.79, 169.00
740.09, 170.00
740.39, 172.00
740.69, 178.00
741.00, 169.00
741.30, 174.00
741.60, 174.00
741.90, 168.00
742.21, 181.00
742.51, 223.00
742.81, 182.00
743.11, 179.00
743.42, 221.00
743.72, 193.00
744.02, 201.00
744.32, 201.00
744.63, 212.00
744.93, 214.00
745.23, 217.00
745.53, 221.00
745.83, 216.00
746.13, 221.00
746.44, 211.00
746.74, 223.00
747.04, 217.00
747.34, 225.00
747.64, 226.00
747.94, 222.00
748.25, 213.00
748.55, 214.00
748.85, 221.00
749.15, 224.00
749.45, 248.00
749.75, 216.00
750.05, 205.00
750.35, 195.00
750.66, 201.00
750.96, 186.00
751.26, 180.00
751.56, 183.00
751.86, 185.00
752.16, 176.00
752.46, 169.00
752.76, 169.00
753.06, 168.00
753.36, 211.00
753.66, 171.00
753.96, 167.00
754.27, 168.00
754.57, 171.00
754.87, 175.00
755.17, 173.00
755.47, 171.00
755.77, 181.00
756.07, 180.00
756.37, 178.00
756.67, 188.00
756.97, 185.00
757.27, 193.00
757.57, 192.00
757.87, 205.00
758.17, 196.00
758.47, 194.00
758.77, 199.00
759.07, 196.00
759.37, 197.00
759.67, 197.00
759.97, 199.00
760.27, 197.00
760.57, 188.00
760.86, 188.00
761.16, 189.00
761.46, 182.00
761.76, 221.00
762.06, 178.00
762.36, 187.00
762.66, 177.00
762.96, 172.00
763.26, 175.00
763.56, 197.00
763.86, 172.00
764.16, 167.00
764.45, 173.00
764.75, 169.00
765.05, 167.00
765.35, 164.00
765.65, 161.00
765.95, 161.00
766.25, 173.00
766.55, 171.00
766.84, 171.00
767.14, 171.00
767.44, 172.00
767.74, 177.00
768.04, 177.00
768.34, 178.00
768.63, 176.00
768.93, 180.00
769.23, 183.00
769.53, 182.00
769.83, 187.00
770.12, 184.00
770.42, 186.00
770.72, 182.00
771.02, 189.00
771.32, 184.00
771.61, 193.00
771.91, 188.00
772.21, 179.00
772.51, 185.00
772.80, 188.00
773.10, 185.00
773.40, 185.00
773.70, 183.00
773.99, 187.00
774.29, 184.00
774.59, 191.00
774.88, 178.00
775.18, 190.00
775.48, 338.00
775.78, 650.00
776.07, 915.00
776.37, 1007.00
776.67, 845.00
776.96, 607.00
777.26, 517.00
777.56, 384.00
777.85, 338.00
778.15, 314.00
778.45, 287.00
778.74, 259.00
779.04, 224.00
779.34, 200.00
779.63, 183.00
779.93, 163.00
780.22, 158.00
780.52, 159.00
780.82, 159.00
781.11, 158.00
781.41, 154.00
781.71, 153.00
782.00, 147.00
782.30, 160.00
782.59, 163.00
782.89, 156.00
783.19, 155.00
783.48, 155.00
783.78, 150.00
784.07, 159.00
784.37, 157.00
784.66, 156.00
784.96, 153.00
785.25, 157.00
785.55, 156.00
785.84, 160.00
786.14, 156.00
786.44, 154.00
786.73, 154.00
787.03, 155.00
787.32, 159.00
787.62, 153.00
787.91, 150.00
788.21, 159.00
788.50, 154.00
788.80, 153.00
789.09, 156.00
789.39, 152.00
789.68, 156.00
789.97, 156.00
790.27, 155.00
790.56, 158.00
790.86, 163.00
791.15, 151.00
791.45, 150.00
791.74, 172.00
792.04, 152.00
792.33, 153.00
792.62, 180.00
792.92, 155.00
793.21, 150.00
793.51, 154.00
793.80, 148.00
794.09, 150.00
794.39, 149.00
794.68, 151.00
794.98, 154.00
795.27, 152.00
795.56, 146.00
795.86, 155.00
796.15, 150.00
796.44, 151.00
796.74, 149.00
797.03, 151.00
797.32, 150.00
797.62, 147.00
797.91, 167.00
798.20, 153.00
798.50, 156.00
798.79, 162.00
799.08, 152.00
799.38, 152.00
799.67, 151.00
799.96, 161.00
800.26, 180.00
800.55, 155.00
800.84, 158.00
801.13, 151.00
801.43, 155.00
801.72, 187.00
802.01, 153.00
802.30, 152.00
802.60, 153.00
802.89, 157.00
803.18, 151.00
803.47, 157.00
803.77, 164.00
804.06, 153.00
804.35, 156.00
804.64, 177.00
804.94, 155.00
805.23, 156.00
805.52, 153.00
805.81, 157.00
806.10, 153.00
806.39, 153.00
806.69, 152.00
806.98, 154.00
807.27, 150.00
807.56, 154.00
807.85, 157.00
808.14, 150.00
808.44, 156.00
808.73, 152.00
809.02, 169.00
809.31, 154.00
809.60, 153.00
809.89, 160.00
810.18, 152.00
810.48, 161.00
810.77, 155.00
811.06, 152.00
811.35, 149.00
811.64, 148.00
811.93, 166.00
812.22, 151.00
812.51, 146.00
812.80, 140.00
813.09, 146.00
813.38, 149.00
813.67, 173.00
813.96, 147.00
814.26, 145.00
814.55, 146.00
814.84, 143.00
815.13, 156.00
815.42, 150.00
815.71, 150.00
816.00, 145.00
816.29, 155.00
816.58, 151.00
816.87, 150.00
817.16, 149.00
817.45, 157.00
817.74, 152.00
818.03, 148.00
818.32, 145.00
818.61, 148.00
818.90, 150.00
819.19, 145.00
819.48, 154.00
819.76, 149.00
820.05, 149.00
820.34, 146.00
820.63, 146.00
820.92, 148.00
821.21, 150.00
821.50, 151.00
821.79, 143.00
822.08, 147.00
822.37, 149.00
822.66, 148.00
822.95, 153.00
823.23, 149.00
823.52, 165.00
823.81, 151.00
824.10, 144.00
824.39, 147.00
824.68, 145.00
824.97, 161.00
825.26, 146.00
825.54, 191.00
825.83, 141.00
826.12, 144.00
826.41, 144.00
826.70, 148.00
826.99, 154.00
827.27, 149.00
827.56, 173.00
827.85, 150.00
828.14, 144.00
828.43, 151.00
828.71, 149.00
829.00, 146.00
829.29, 147.00
829.58, 155.00
829.86, 146.00
830.15, 147.00
830.44, 152.00
830.73, 148.00
831.01, 146.00
831.30, 149.00
831.59, 151.00
831.88, 146.00
832.16, 150.00
832.45, 153.00
832.74, 148.00
833.03, 153.00
833.31, 147.00
833.60, 152.00
833.89, 147.00
834.17, 148.00
834.46, 145.00
834.75, 145.00
835.03, 147.00
835.32, 146.00
835.61, 150.00
835.89, 160.00
836.18, 146.00
836.47, 142.00
836.75, 146.00
837.04, 151.00
837.33, 151.00
837.61, 144.00
837.90, 141.00
838.19, 150.00
838.47, 148.00
838.76, 148.00
839.04, 149.00
839.33, 146.00
839.62, 147.00
839.90, 146.00
840.19, 143.00
840.47, 148.00
840.76, 174.00
841.04, 150.00
841.33, 149.00
841.62, 141.00
841.90, 145.00
842.19, 145.00
842.47, 177.00
842.76, 151.00
843.04, 152.00
843.33, 170.00
843.61, 163.00
843.90, 174.00
844.18, 174.00
844.47, 168.00
844.75, 177.00
845.04, 157.00
845.32, 161.00
845.61, 159.00
845.89, 155.00
846.18, 154.00
846.46, 155.00
846.75, 153.00
847.03, 166.00
847.32, 152.00
847.60, 149.00
847.88, 148.00
848.17, 150.00
848.45, 167.00
848.74, 151.00
849.02, 149.00
849.31, 152.00
849.59, 149.00
849.87, 146.00
850.16, 152.00
850.44, 151.00
850.73, 180.00
851.01, 155.00
851.29, 150.00
851.58, 152.00
851.86, 149.00
852.14, 141.00
852.43, 150.00
852.71, 146.00
853.00, 148.00
853.28, 152.00
853.56, 152.00
853.85, 151.00
854.13, 146.00
854.41, 149.00
854.69, 145.00
854.98, 146.00
855.26, 198.00
855.54, 149.00
855.83, 149.00
856.11, 152.00
856.39, 152.00
856.68, 153.00
856.96, 148.00
857.24, 152.00
857.52, 152.00
857.81, 146.00
858.09, 142.00
858.37, 147.00
858.65, 149.00
858.94, 145.00
859.22, 143.00
