190.05, 0.00
190.41, 143.00
190.77, 139.00
191.14, 142.00
191.50, 140.00
191.86, 162.00
192.22, 149.00
192.58, 154.00
192.94, 150.00
193.31, 147.00
193.67, 151.00
194.03, 162.00
194.39, 151.00
194.75, 151.00
195.11, 163.00
195.47, 164.00
195.84, 150.00
196.20, 150.00
196.56, 168.00
196.92, 150.00
197.28, 153.00
197.64, 150.00
198.00, 150.00
198.37, 155.00
198.73, 149.00
199.09, 149.00
199.45, 152.00
199.81, 153.00
200.17, 158.00
200.53, 149.00
200.89, 157.00
201.25, 184.00
201.62, 151.00
201.98, 154.00
202.34, 149.00
202.70, 156.00
203.06, 148.00
203.42, 145.00
203.78, 150.00
204.14, 154.00
204.50, 175.00
204.86, 163.00
205.22, 162.00
205.58, 154.00
205.95, 151.00
206.31, 151.00
206.67, 153.00
207.03, 157.00
207.39, 155.00
207.75, 149.00
208.11, 149.00
208.47, 152.00
208.83, 157.00
209.19, 150.00
209.55, 148.00
209.91, 157.00
210.27, 155.00
210.63, 156.00
210.99, 160.00
211.35, 149.00
211.71, 159.00
212.07, 154.00
212.43, 155.00
212.79, 153.00
213.15, 148.00
213.51, 155.00
213.87, 160.00
214.23, 150.00
214.59, 150.00
214.95, 152.00
215.31, 152.00
215.67, 150.00
216.03, 178.00
216.39, 148.00
216.75, 152.00
217.11, 149.00
217.47, 146.00
217.83, 151.00
218.19, 153.00
218.55, 154.00
218.91, 157.00
219.27, 148.00
219.63, 154.00
219.99, 155.00
220.35, 148.00
220.71, 158.00
221.07, 150.00
221.43, 151.00
221.79, 157.00
222.15, 156.00
222.51, 156.00
222.87, 152.00
223.23, 152.00
223.59, 149.00
223.95, 155.00
224.31, 151.00
224.67, 151.00
225.03, 153.00
225.39, 155.00
225.74, 153.00
226.10, 153.00
226.46, 152.00
226.82, 156.00
227.18, 146.00
227.54, 150.00
227.90, 152.00
228.26, 150.00
228.62, 161.00
228.98, 145.00
229.34, 148.00
229.69, 147.00
230.05, 154.00
230.41, 152.00
230.77, 160.00
231.13, 162.00
231.49, 155.00
231.85, 149.00
232.21, 156.00
232.57, 153.00
232.92, 152.00
233.28, 157.00
233.64, 151.00
234.00, 149.00
234.36, 149.00
234.72, 149.00
235.08, 152.00
235.44, 158.00
235.79, 150.00
236.15, 154.00
236.51, 149.00
236.87, 149.00
237.23, 152.00
237.59, 147.00
237.94, 157.00
238.30, 152.00
238.66, 146.00
239.02, 146.00
239.38, 149.00
239.74, 147.00
240.09, 157.00
240.45, 152.00
240.81, 149.00
241.17, 160.00
241.53, 148.00
241.89, 147.00
242.24, 148.00
242.60, 150.00
242.96, 156.00
243.32, 156.00
243.68, 150.00
244.03, 151.00
244.39, 155.00
244.75, 167.00
245.11, 151.00
245.46, 151.00
245.82, 179.00
246.18, 151.00
246.54, 153.00
246.90, 150.00
247.25, 153.00
247.61, 145.00
247.97, 181.00
248.33, 150.00
248.68, 145.00
249.04, 153.00
249.40, 149.00
249.76, 151.00
250.11, 152.00
250.47, 148.00
250.83, 147.00
251.19, 156.00
251.54, 157.00
251.90, 161.00
252.26, 151.00
252.62, 148.00
252.97, 142.00
253.33, 153.00
253.69, 145.00
254.05, 156.00
254.40, 149.00
254.76, 148.00
255.12, 175.00
255.47, 151.00
255.83, 152.00
256.19, 150.00
256.54, 149.00
256.90, 153.00
257.26, 151.00
257.62, 147.00
257.97, 153.00
258.33, 157.00
258.69, 152.00
259.04, 150.00
259.40, 145.00
259.76, 155.00
260.11, 147.00
260.47, 146.00
260.83, 150.00
261.18, 148.00
261.54, 156.00
261.90, 153.00
262.25, 149.00
262.61, 147.00
262.97, 149.00
263.32, 146.00
263.68, 146.00
264.04, 157.00
264.39, 149.00
264.75, 147.00
265.10, 152.00
265.46, 188.00
265.82, 163.00
266.17, 150.00
266.53, 148.00
266.89, 153.00
267.24, 156.00
267.60, 152.00
267.95, 154.00
268.31, 153.00
268.67, 148.00
269.02, 152.00
269.38, 145.00
269.74, 155.00
270.09, 146.00
270.45, 145.00
270.80, 172.00
271.16, 152.00
271.51, 162.00
271.87, 162.00
272.23, 162.00
272.58, 155.00
272.94, 152.00
273.29, 147.00
273.65, 199.00
274.00, 153.00
274.36, 158.00
274.72, 151.00
275.07, 150.00
275.43, 148.00
275.78, 164.00
276.14, 153.00
276.49, 159.00
276.85, 165.00
277.20, 170.00
277.56, 151.00
277.92, 151.00
278.27, 154.00
278.63, 157.00
278.98, 156.00
279.34, 151.00
279.69, 155.00
280.05, 180.00
280.40, 165.00
280.76, 176.00
281.11, 164.00
281.47, 162.00
281.82, 163.00
282.18, 163.00
282.53, 166.00
282.89, 174.00
283.24, 176.00
283.60, 169.00
283.95, 180.00
284.31, 185.00
284.66, 184.00
285.02, 189.00
285.37, 191.00
285.73, 188.00
286.08, 187.00
286.44, 166.00
286.79, 167.00
287.14, 169.00
287.50, 161.00
287.85, 159.00
288.21, 169.00
288.56, 168.00
288.92, 171.00
289.27, 170.00
289.63, 162.00
289.98, 173.00
290.34, 167.00
290.69, 175.00
291.04, 162.00
291.40, 159.00
291.75, 155.00
292.11, 161.00
292.46, 165.00
292.81, 174.00
293.17, 176.00
293.52, 184.00
293.88, 191.00
294.23, 200.00
294.59, 216.00
294.94, 230.00
295.29, 235.00
295.65, 253.00
296.00, 255.00
296.36, 240.00
296.71, 234.00
297.06, 226.00
297.42, 241.00
297.77, 229.00
298.12, 214.00
298.48, 206.00
298.83, 206.00
299.19, 209.00
299.54, 219.00
299.89, 218.00
300.25, 213.00
300.60, 210.00
300.95, 202.00
301.31, 178.00
301.66, 174.00
302.01, 175.00
302.37, 172.00
302.72, 176.00
303.07, 183.00
303.43, 198.00
303.78, 191.00
304.13, 204.00
304.49, 204.00
304.84, 206.00
305.19, 242.00
305.55, 199.00
305.90, 227.00
306.25, 303.00
306.61, 408.00
306.96, 500.00
307.31, 635.00
307.66, 893.00
308.02, 1150.00
308.37, 1369.00
308.72, 1553.00
309.08, 1572.00
309.43, 1466.00
309.78, 1259.00
310.13, 1083.00
310.49, 948.00
310.84, 755.00
311.19, 674.00
311.54, 581.00
311.90, 502.00
312.25, 482.00
312.60, 494.00
312.95, 565.00
313.31, 631.00
313.66, 638.00
314.01, 628.00
314.36, 661.00
314.72, 763.00
315.07, 981.00
315.42, 1188.00
315.77, 1236.00
316.13, 979.00
316.48, 650.00
316.83, 443.00
317.18, 325.00
317.54, 256.00
317.89, 225.00
318.24, 217.00
318.59, 212.00
318.94, 209.00
319.30, 209.00
319.65, 205.00
320.00, 211.00
320.35, 216.00
320.70, 218.00
321.05, 216.00
321.41, 214.00
321.76, 208.00
322.11, 202.00
322.46, 206.00
322.81, 230.00
323.17, 204.00
323.52, 185.00
323.87, 185.00
324.22, 189.00
324.57, 201.00
324.92, 206.00
325.27, 215.00
325.63, 234.00
325.98, 238.00
326.33, 245.00
326.68, 247.00
327.03, 242.00
327.38, 250.00
327.73, 259.00
328.09, 274.00
328.44, 302.00
328.79, 259.00
329.14, 286.00
329.49, 239.00
329.84, 242.00
330.19, 248.00
330.54, 254.00
330.89, 250.00
331.25, 229.00
331.60, 222.00
331.95, 222.00
332.30, 231.00
332.65, 245.00
333.00, 265.00
333.35, 325.00
333.70, 341.00
334.05, 328.00
334.40, 357.00
334.75, 438.00
335.10, 615.00
335.45, 894.00
335.81, 1277.00
336.16, 1883.00
336.51, 2520.00
336.86, 2537.00
337.21, 2179.00
337.56, 1321.00
337.91, 812.00
338.26, 490.00
338.61, 326.00
338.96, 273.00
339.31, 233.00
339.66, 227.00
340.01, 223.00
340.36, 213.00
340.71, 208.00
341.06, 204.00
341.41, 207.00
341.76, 200.00
342.11, 213.00
342.46, 202.00
342.81, 205.00
343.16, 213.00
343.51, 207.00
343.86, 217.00
344.21, 213.00
344.56, 210.00
344.91, 209.00
345.26, 219.00
345.61, 209.00
345.96, 208.00
346.31, 211.00
346.66, 227.00
347.01, 210.00
347.36, 222.00
347.71, 205.00
348.06, 210.00
348.41, 234.00
348.76, 248.00
349.10, 258.00
349.45, 276.00
349.80, 273.00
350.15, 271.00
350.50, 255.00
350.85, 270.00
351.20, 285.00
351.55, 330.00
351.90, 425.00
352.25, 531.00
352.60, 692.00
352.95, 872.00
353.30, 941.00
353.64, 825.00
353.99, 626.00
354.34, 525.00
354.69, 471.00
355.04, 501.00
355.39, 595.00
355.74, 768.00
356.09, 1030.00
356.44, 1296.00
356.78, 1815.00
357.13, 2039.00
357.48, 1967.00
357.83, 1430.00
358.18, 934.00
358.53, 603.00
358.88, 369.00
359.22, 282.00
359.57, 226.00
359.92, 223.00
360.27, 215.00
360.62, 217.00
360.97, 213.00
361.32, 219.00
361.66, 218.00
362.01, 217.00
362.36, 222.00
362.71, 227.00
363.06, 227.00
363.40, 232.00
363.75, 235.00
364.10, 242.00
364.45, 229.00
364.80, 230.00
365.14, 237.00
365.49, 243.00
365.84, 249.00
366.19, 265.00
366.54, 273.00
366.88, 284.00
367.23, 257.00
367.58, 291.00
367.93, 234.00
368.28, 220.00
368.62, 234.00
368.97, 259.00
369.32, 275.00
369.67, 303.00
370.01, 369.00
370.36, 399.00
370.71, 420.00
371.06, 352.00
371.40, 318.00
371.75, 271.00
372.10, 248.00
372.45, 255.00
372.79, 279.00
373.14, 315.00
373.49, 374.00
373.83, 463.00
374.18, 580.00
374.53, 737.00
374.88, 811.00
375.22, 817.00
375.57, 633.00
375.92, 489.00
376.26, 368.00
376.61, 297.00
376.96, 262.00
377.30, 275.00
377.65, 303.00
378.00, 345.00
378.35, 424.00
378.69, 535.00
379.04, 666.00
379.39, 874.00
379.73, 1038.00
380.08, 1050.00
380.43, 777.00
380.77, 561.00
381.12, 462.00
381.47, 365.00
381.81, 286.00
382.16, 251.00
382.50, 241.00
382.85, 300.00
383.20, 228.00
383.54, 243.00
383.89, 256.00
384.24, 258.00
384.58, 273.00
384.93, 304.00
385.27, 299.00
385.62, 302.00
385.97, 290.00
386.31, 281.00
386.66, 312.00
387.00, 290.00
387.35, 314.00
387.70, 338.00
388.04, 426.00
388.39, 443.00
388.73, 537.00
389.08, 606.00
389.43, 686.00
389.77, 751.00
390.12, 883.00
390.46, 1199.00
390.81, 1302.00
391.15, 1253.00
391.50, 994.00
391.85, 673.00
392.19, 512.00
392.54, 404.00
392.88, 355.00
393.23, 381.00
393.57, 378.00
393.92, 368.00
394.26, 326.00
394.61, 279.00
394.95, 261.00
395.30, 233.00
395.64, 231.00
395.99, 269.00
396.33, 237.00
396.68, 244.00
397.02, 265.00
397.37, 295.00
397.71, 326.00
398.06, 361.00
398.40, 422.00
398.75, 499.00
399.09, 528.00
399.44, 550.00
399.78, 447.00
400.13, 355.00
400.47, 295.00
400.82, 249.00
401.16, 236.00
401.51, 230.00
401.85, 232.00
402.20, 232.00
402.54, 238.00
402.88, 260.00
403.23, 273.00
403.57, 292.00
403.92, 339.00
404.26, 440.00
404.61, 436.00
404.95, 535.00
405.30, 494.00
405.64, 448.00
405.98, 388.00
406.33, 326.00
406.67, 280.00
407.02, 253.00
407.36, 248.00
407.70, 249.00
408.05, 249.00
408.39, 262.00
408.74, 277.00
409.08, 285.00
409.42, 259.00
409.77, 253.00
410.11, 256.00
410.46, 235.00
410.80, 259.00
411.14, 258.00
411.49, 278.00
411.83, 282.00
412.17, 293.00
412.52, 287.00
412.86, 308.00
413.20, 317.00
413.55, 323.00
413.89, 300.00
414.23, 284.00
414.58, 295.00
414.92, 255.00
415.26, 244.00
415.61, 242.00
415.95, 251.00
416.29, 247.00
416.64, 253.00
416.98, 260.00
417.32, 269.00
417.67, 296.00
418.01, 308.00
418.35, 326.00
418.70, 350.00
419.04, 401.00
419.38, 384.00
419.72, 381.00
420.07, 337.00
420.41, 280.00
420.75, 257.00
421.10, 249.00
421.44, 249.00
421.78, 245.00
422.12, 250.00
422.47, 252.00
422.81, 272.00
423.15, 282.00
423.49, 281.00
423.84, 275.00
424.18, 289.00
424.52, 296.00
424.86, 346.00
425.21, 415.00
425.55, 444.00
425.89, 499.00
426.23, 565.00
426.57, 648.00
426.92, 653.00
427.26, 684.00
427.60, 584.00
427.94, 434.00
428.28, 345.00
428.63, 296.00
428.97, 266.00
429.31, 249.00
429.65, 233.00
429.99, 245.00
430.34, 231.00
430.68, 238.00
431.02, 251.00
431.36, 241.00
431.70, 243.00
432.04, 251.00
432.39, 262.00
432.73, 284.00
433.07, 290.00
433.41, 312.00
433.75, 326.00
434.09, 322.00
434.43, 311.00
434.78, 360.00
435.12, 416.00
435.46, 440.00
435.80, 416.00
436.14, 369.00
436.48, 327.00
436.82, 313.00
437.16, 293.00
437.51, 269.00
437.85, 263.00
438.19, 300.00
438.53, 270.00
438.87, 274.00
439.21, 277.00
439.55, 290.00
439.89, 292.00
440.23, 297.00
440.57, 306.00
440.91, 310.00
441.26, 299.00
441.60, 276.00
441.94, 277.00
442.28, 261.00
442.62, 267.00
442.96, 258.00
443.30, 255.00
443.64, 258.00
443.98, 249.00
444.32, 265.00
444.66, 244.00
445.00, 244.00
445.34, 259.00
445.68, 267.00
446.02, 259.00
446.36, 249.00
446.70, 264.00
447.04, 264.00
447.38, 282.00
447.72, 285.00
448.06, 285.00
448.40, 287.00
448.74, 273.00
449.08, 271.00
449.42, 258.00
449.76, 251.00
450.10, 251.00
450.44, 241.00
450.78, 244.00
451.12, 255.00
451.46, 250.00
451.80, 252.00
452.14, 242.00
452.48, 239.00
452.82, 247.00
453.16, 250.00
453.50, 251.00
453.84, 239.00
454.18, 288.00
454.52, 263.00
454.86, 264.00
455.19, 273.00
455.53, 264.00
455.87, 271.00
456.21, 283.00
456.55, 286.00
456.89, 274.00
457.23, 278.00
457.57, 267.00
457.91, 276.00
458.25, 268.00
458.59, 279.00
458.92, 282.00
459.26, 281.00
459.60, 298.00
459.94, 279.00
460.28, 255.00
460.62, 256.00
460.96, 241.00
461.30, 241.00
461.63, 249.00
461.97, 252.00
462.31, 249.00
462.65, 258.00
462.99, 271.00
463.33, 272.00
463.67, 274.00
464.00, 284.00
464.34, 277.00
464.68, 283.00
465.02, 293.00
465.36, 291.00
465.70, 279.00
466.03, 280.00
466.37, 262.00
466.71, 274.00
467.05, 282.00
467.39, 286.00
467.72, 302.00
468.06, 303.00
468.40, 321.00
468.74, 317.00
469.08, 334.00
469.41, 356.00
469.75, 365.00
470.09, 384.00
470.43, 384.00
470.76, 352.00
471.10, 342.00
471.44, 339.00
471.78, 325.00
472.11, 313.00
472.45, 307.00
472.79, 305.00
473.13, 293.00
473.46, 298.00
473.80, 289.00
474.14, 294.00
474.48, 297.00
474.81, 279.00
475.15, 285.00
475.49, 292.00
475.82, 290.00
476.16, 290.00
476.50, 288.00
476.84, 280.00
477.17, 275.00
477.51, 281.00
477.85, 283.00
478.18, 296.00
478.52, 290.00
478.86, 337.00
479.19, 300.00
479.53, 292.00
479.87, 327.00
480.20, 304.00
480.54, 308.00
480.88, 300.00
481.21, 299.00
481.55, 300.00
481.89, 293.00
482.22, 302.00
482.56, 308.00
482.90, 310.00
483.23, 312.00
483.57, 317.00
483.90, 326.00
484.24, 334.00
484.58, 334.00
484.91, 344.00
485.25, 365.00
485.58, 365.00
485.92, 367.00
486.26, 369.00
486.59, 371.00
486.93, 374.00
487.26, 370.00
487.60, 375.00
487.94, 372.00
488.27, 374.00
488.61, 375.00
488.94, 376.00
489.28, 363.00
489.61, 362.00
489.95, 378.00
490.29, 373.00
490.62, 374.00
490.96, 367.00
491.29, 371.00
491.63, 364.00
491.96, 348.00
492.30, 350.00
492.63, 344.00
492.97, 346.00
493.30, 348.00
493.64, 341.00
493.97, 336.00
494.31, 346.00
494.64, 349.00
494.98, 347.00
495.31, 341.00
495.65, 333.00
495.98, 338.00
496.32, 328.00
496.65, 363.00
496.99, 331.00
497.32, 315.00
497.66, 310.00
497.99, 317.00
498.33, 304.00
498.66, 299.00
499.00, 309.00
499.33, 303.00
499.67, 304.00
500.00, 303.00
500.34, 313.00
500.67, 308.00
501.00, 302.00
501.34, 310.00
501.67, 301.00
502.01, 292.00
502.34, 293.00
502.68, 309.00
503.01, 317.00
503.34, 312.00
503.68, 315.00
504.01, 309.00
504.35, 313.00
504.68, 315.00
505.01, 314.00
505.35, 317.00
505.68, 310.00
506.02, 319.00
506.35, 321.00
506.68, 328.00
507.02, 321.00
507.35, 304.00
507.68, 314.00
508.02, 303.00
508.35, 315.00
508.69, 305.00
509.02, 303.00
509.35, 306.00
509.69, 302.00
510.02, 300.00
510.35, 303.00
510.69, 292.00
511.02, 292.00
511.35, 292.00
511.69, 295.00
512.02, 297.00
512.35, 283.00
512.68, 291.00
513.02, 294.00
513.35, 296.00
513.68, 291.00
514.02, 293.00
514.35, 293.00
514.68, 295.00
515.01, 277.00
515.35, 289.00
515.68, 287.00
516.01, 284.00
516.35, 289.00
516.68, 281.00
517.01, 280.00
517.34, 278.00
517.68, 280.00
518.01, 291.00
518.34, 270.00
518.67, 275.00
519.01, 282.00
519.34, 288.00
519.67, 299.00
520.00, 283.00
520.33, 296.00
520.67, 293.00
521.00, 288.00
521.33, 293.00
521.66, 304.00
522.00, 295.00
522.33, 295.00
522.66, 285.00
522.99, 283.00
523.32, 291.00
523.65, 291.00
523.99, 283.00
524.32, 275.00
524.65, 278.00
524.98, 284.00
525.31, 281.00
525.65, 310.00
525.98, 284.00
526.31, 283.00
526.64, 284.00
526.97, 280.00
527.30, 280.00
527.63, 270.00
527.97, 271.00
528.30, 270.00
528.63, 274.00
528.96, 304.00
529.29, 279.00
529.62, 282.00
529.95, 272.00
530.28, 268.00
530.61, 269.00
530.95, 271.00
531.28, 268.00
531.61, 274.00
531.94, 280.00
532.27, 292.00
532.60, 287.00
532.93, 291.00
533.26, 290.00
533.59, 271.00
533.92, 278.00
534.25, 274.00
534.58, 311.00
534.91, 274.00
535.25, 269.00
535.58, 276.00
535.91, 278.00
536.24, 282.00
536.57, 283.00
536.90, 292.00
537.23, 292.00
537.56, 331.00
537.89, 308.00
538.22, 292.00
538.55, 306.00
538.88, 322.00
539.21, 436.00
539.54, 341.00
539.87, 361.00
540.20, 388.00
540.53, 419.00
540.86, 488.00
541.19, 509.00
541.52, 536.00
541.85, 556.00
542.18, 581.00
542.51, 578.00
542.84, 601.00
543.17, 598.00
543.50, 571.00
543.82, 561.00
544.15, 560.00
544.48, 561.00
544.81, 603.00
545.14, 643.00
545.47, 615.00
545.80, 589.00
546.13, 505.00
546.46, 497.00
546.79, 448.00
547.12, 409.00
547.45, 395.00
547.78, 393.00
548.10, 367.00
548.43, 366.00
548.76, 350.00
549.09, 350.00
549.42, 346.00
549.75, 344.00
550.08, 335.00
550.41, 330.00
550.74, 334.00
551.06, 328.00
551.39, 324.00
551.72, 313.00
552.05, 316.00
552.38, 310.00
552.71, 302.00
553.03, 297.00
553.36, 298.00
553.69, 291.00
554.02, 282.00
554.35, 283.00
554.68, 280.00
555.00, 281.00
555.33, 270.00
555.66, 277.00
555.99, 290.00
556.32, 276.00
556.64, 274.00
556.97, 282.00
557.30, 280.00
557.63, 276.00
557.96, 286.00
558.28, 281.00
558.61, 276.00
558.94, 280.00
559.27, 281.00
559.59, 269.00
559.92, 269.00
560.25, 264.00
560.58, 268.00
560.90, 273.00
561.23, 266.00
561.56, 268.00
561.89, 267.00
562.21, 255.00
562.54, 259.00
562.87, 250.00
563.20, 255.00
563.52, 250.00
563.85, 245.00
564.18, 262.00
564.50, 250.00
564.83, 278.00
565.16, 295.00
565.48, 245.00
565.81, 250.00
566.14, 238.00
566.47, 240.00
566.79, 247.00
567.12, 238.00
567.45, 268.00
567.77, 245.00
568.10, 247.00
568.43, 243.00
568.75, 245.00
569.08, 251.00
569.40, 272.00
569.73, 239.00
570.06, 230.00
570.38, 236.00
570.71, 239.00
571.04, 236.00
571.36, 245.00
571.69, 239.00
572.01, 240.00
572.34, 243.00
572.67, 255.00
572.99, 242.00
573.32, 261.00
573.64, 240.00
573.97, 244.00
574.30, 244.00
574.62, 248.00
574.95, 245.00
575.27, 248.00
575.60, 254.00
575.92, 260.00
576.25, 266.00
576.58, 264.00
576.90, 261.00
577.23, 296.00
577.55, 262.00
577.88, 267.00
578.20, 269.00
578.53, 265.00
578.85, 281.00
579.18, 285.00
579.50, 273.00
579.83, 275.00
580.15, 281.00
580.48, 273.00
580.80, 267.00
581.13, 280.00
581.45, 274.00
581.78, 286.00
582.10, 290.00
582.43, 296.00
582.75, 296.00
583.08, 297.00
583.40, 300.00
583.73, 352.00
584.05, 293.00
584.38, 290.00
584.70, 330.00
585.03, 291.00
585.35, 284.00
585.67, 294.00
586.00, 312.00
586.32, 331.00
586.65, 348.00
586.97, 338.00
587.30, 337.00
587.62, 318.00
587.94, 319.00
588.27, 296.00
588.59, 290.00
588.92, 286.00
589.24, 276.00
589.56, 287.00
589.89, 289.00
590.21, 278.00
590.54, 273.00
590.86, 271.00
591.18, 278.00
591.51, 277.00
591.83, 299.00
592.15, 299.00
592.48, 309.00
592.80, 300.00
593.13, 292.00
593.45, 289.00
593.77, 295.00
594.10, 282.00
594.42, 293.00
594.74, 276.00
595.07, 277.00
595.39, 290.00
595.71, 287.00
596.03, 287.00
596.36, 291.00
596.68, 288.00
597.00, 294.00
597.33, 297.00
597.65, 297.00
597.97, 311.00
598.30, 306.00
598.62, 304.00
598.94, 306.00
599.26, 313.00
599.59, 309.00
599.91, 305.00
600.23, 294.00
600.55, 294.00
600.88, 288.00
601.20, 274.00
601.52, 261.00
601.84, 263.00
602.17, 255.00
602.49, 261.00
602.81, 249.00
603.13, 254.00
603.45, 250.00
603.78, 244.00
604.10, 243.00
604.42, 245.00
604.74, 243.00
605.07, 246.00
605.39, 241.00
605.71, 242.00
606.03, 249.00
606.35, 242.00
606.67, 250.00
607.00, 246.00
607.32, 243.00
607.64, 247.00
607.96, 254.00
608.28, 254.00
608.60, 264.00
608.93, 279.00
609.25, 321.00
609.57, 371.00
609.89, 471.00
610.21, 550.00
610.53, 601.00
610.85, 581.00
611.17, 547.00
611.50, 515.00
611.82, 468.00
612.14, 457.00
612.46, 423.00
612.78, 392.00
613.10, 380.00
613.42, 361.00
613.74, 354.00
614.06, 379.00
614.38, 332.00
614.70, 344.00
615.03, 337.00
615.35, 323.00
615.67, 394.00
615.99, 287.00
616.31, 270.00
616.63, 262.00
616.95, 257.00
617.27, 250.00
617.59, 254.00
617.91, 244.00
618.23, 249.00
618.55, 247.00
618.87, 245.00
619.19, 243.00
619.51, 241.00
619.83, 250.00
620.15, 242.00
620.47, 244.00
620.79, 252.00
621.11, 245.00
621.43, 244.00
621.75, 254.00
622.07, 249.00
622.39, 245.00
622.71, 243.00
623.03, 246.00
623.35, 275.00
623.67, 240.00
623.99, 234.00
624.31, 237.00
624.63, 242.00
624.95, 234.00
625.26, 236.00
625.58, 236.00
625.90, 264.00
626.22, 236.00
626.54, 238.00
626.86, 237.00
627.18, 236.00
627.50, 240.00
627.82, 236.00
628.14, 241.00
628.46, 243.00
628.77, 248.00
629.09, 251.00
629.41, 257.00
629.73, 266.00
630.05, 283.00
630.37, 278.00
630.69, 282.00
631.00, 276.00
631.32, 266.00
631.64, 255.00
631.96, 252.00
632.28, 246.00
632.60, 245.00
632.92, 245.00
633.23, 237.00
633.55, 242.00
633.87, 238.00
634.19, 241.00
634.51, 246.00
634.82, 255.00
635.14, 256.00
635.46, 250.00
635.78, 258.00
636.10, 251.00
636.41, 251.00
636.73, 254.00
637.05, 249.00
637.37, 251.00
637.68, 245.00
638.00, 247.00
638.32, 251.00
638.64, 254.00
638.95, 265.00
639.27, 255.00
639.59, 249.00
639.91, 241.00
640.22, 243.00
640.54, 243.00
640.86, 239.00
641.18, 247.00
641.49, 254.00
641.81, 250.00
642.13, 253.00
642.44, 250.00
642.76, 249.00
643.08, 244.00
643.40, 243.00
643.71, 253.00
644.03, 258.00
644.35, 258.00
644.66, 271.00
644.98, 261.00
645.30, 255.00
645.61, 273.00
645.93, 246.00
646.25, 234.00
646.56, 251.00
646.88, 259.00
647.19, 235.00
647.51, 239.00
647.83, 229.00
648.14, 230.00
648.46, 231.00
648.78, 233.00
649.09, 248.00
649.41, 293.00
649.72, 268.00
650.04, 268.00
650.36, 274.00
650.67, 276.00
650.99, 265.00
651.30, 273.00
651.62, 275.00
651.93, 269.00
652.25, 286.00
652.57, 316.00
652.88, 267.00
653.20, 269.00
653.51, 264.00
653.83, 257.00
654.14, 249.00
654.46, 245.00
654.77, 246.00
655.09, 254.00
655.40, 267.00
655.72, 256.00
656.04, 247.00
656.35, 248.00
656.67, 242.00
656.98, 237.00
657.30, 240.00
657.61, 245.00
657.93, 244.00
658.24, 245.00
658.55, 284.00
658.87, 253.00
659.18, 249.00
659.50, 244.00
659.81, 261.00
660.13, 254.00
660.44, 250.00
660.76, 252.00
661.07, 265.00
661.39, 250.00
661.70, 238.00
662.01, 234.00
662.33, 236.00
662.64, 231.00
662.96, 226.00
663.27, 219.00
663.59, 211.00
663.90, 207.00
664.21, 218.00
664.53, 236.00
664.84, 218.00
665.16, 241.00
665.47, 220.00
665.78, 220.00
666.10, 235.00
666.41, 236.00
666.72, 230.00
667.04, 242.00
667.35, 233.00
667.67, 233.00
667.98, 229.00
668.29, 228.00
668.61, 230.00
668.92, 232.00
669.23, 232.00
669.55, 232.00
669.86, 250.00
670.17, 219.00
670.48, 220.00
670.80, 218.00
671.11, 209.00
671.42, 214.00
671.74, 219.00
672.05, 218.00
672.36, 220.00
672.68, 219.00
672.99, 224.00
673.30, 232.00
673.61, 236.00
673.93, 239.00
674.24, 246.00
674.55, 252.00
674.86, 251.00
675.18, 266.00
675.49, 259.00
675.80, 256.00
676.11, 261.00
676.43, 266.00
676.74, 265.00
677.05, 263.00
677.36, 267.00
677.67, 257.00
677.99, 251.00
678.30, 241.00
678.61, 232.00
678.92, 227.00
679.23, 227.00
679.55, 218.00
679.86, 219.00
680.17, 209.00
680.48, 212.00
680.79, 207.00
681.10, 204.00
681.42, 204.00
681.73, 201.00
682.04, 200.00
682.35, 194.00
682.66, 206.00
682.97, 202.00
683.28, 206.00
683.60, 201.00
683.91, 199.00
684.22, 211.00
684.53, 200.00
684.84, 198.00
685.15, 206.00
685.46, 223.00
685.77, 195.00
686.08, 199.00
686.40, 236.00
686.71, 197.00
687.02, 192.00
687.33, 196.00
687.64, 190.00
687.95, 192.00
688.26, 185.00
688.57, 181.00
688.88, 186.00
689.19, 179.00
689.50, 181.00
689.81, 184.00
690.12, 180.00
690.43, 196.00
690.74, 179.00
691.05, 181.00
691.36, 190.00
691.67, 180.00
691.98, 182.00
692.29, 183.00
692.60, 186.00
692.91, 179.00
693.22, 178.00
693.53, 179.00
693.84, 189.00
694.15, 182.00
694.46, 177.00
694.77, 177.00
695.08, 179.00
695.39, 184.00
695.70, 175.00
696.01, 186.00
696.32, 175.00
696.63, 178.00
696.94, 180.00
697.25, 174.00
697.56, 184.00
697.87, 178.00
698.17, 220.00
698.48, 180.00
698.79, 176.00
699.10, 177.00
699.41, 180.00
699.72, 173.00
700.03, 176.00
700.34, 174.00
700.65, 183.00
700.95, 174.00
701.26, 180.00
701.57, 175.00
701.88, 172.00
702.19, 185.00
702.50, 179.00
702.81, 177.00
703.11, 202.00
703.42, 176.00
703.73, 182.00
704.04, 183.00
704.35, 180.00
704.66, 190.00
704.96, 212.00
705.27, 239.00
705.58, 255.00
705.89, 256.00
706.20, 241.00
706.50, 228.00
706.81, 228.00
707.12, 212.00
707.43, 204.00
707.73, 207.00
708.04, 196.00
708.35, 195.00
708.66, 191.00
708.97, 184.00
709.27, 189.00
709.58, 180.00
709.89, 180.00
710.19, 185.00
710.50, 194.00
710.81, 181.00
711.12, 186.00
711.42, 182.00
711.73, 190.00
712.04, 184.00
712.35, 189.00
712.65, 180.00
712.96, 184.00
713.27, 181.00
713.57, 204.00
713.88, 194.00
714.19, 181.00
714.49, 180.00
714.80, 185.00
715.11, 176.00
715.41, 174.00
715.72, 176.00
716.03, 170.00
716.33, 183.00
716.64, 172.00
716.94, 179.00
717.25, 170.00
717.56, 181.00
717.86, 176.00
718.17, 173.00
718.48, 177.00
718.78, 169.00
719.09, 173.00
719.39, 164.00
719.70, 172.00
720.01, 174.00
720.31, 176.00
720.62, 180.00
720.92, 175.00
721.23, 180.00
721.53, 181.00
721.84, 170.00
722.15, 184.00
722.45, 178.00
722.76, 181.00
723.06, 176.00
723.37, 184.00
723.67, 178.00
723.98, 176.00
724.28, 182.00
724.59, 182.00
724.89, 184.00
725.20, 172.00
725.50, 189.00
725.81, 175.00
726.11, 175.00
726.42, 182.00
726.72, 173.00
727.03, 205.00
727.33, 173.00
727.64, 177.00
727.94, 175.00
728.25, 176.00
728.55, 167.00
728.86, 191.00
729.16, 172.00
729.46, 167.00
729.77, 169.00
730.07, 169.00
730.38, 169.00
730.68, 168.00
730.99, 176.00
731.29, 172.00
731.59, 169.00
731.90, 162.00
732.20, 169.00
732.51, 171.00
732.81, 176.00
733.11, 175.00
733.42, 177.00
733.72, 182.00
734.02, 180.00
734.33, 173.00
734.63, 179.00
734.94, 175.00
735.24, 177.00
735.54, 174.00
735.85, 177.00
736.15, 177.00
736.45, 178.00
736.76, 178.00
737.06, 178.00
737.36, 178.00
737.67, 179.00
737.97, 178.00
738.27, 167.00
738.57, 174.00
738.88, 174.00
739.18, 209.00
739.48, 174.00
739.79, 169.00
740.09, 169.00
740.39, 177.00
740.69, 181.00
741.00, 172.00
741.30, 170.00
741.60, 169.00
741.90, 172.00
742.21, 174.00
742.51, 221.00
742.81, 185.00
743.11, 184.00
743.42, 214.00
743.72, 191.00
744.02, 204.00
744.32, 202.00
744.63, 202.00
744.93, 206.00
745.23, 209.00
745.53, 215.00
745.83, 204.00
746.13, 207.00
746.44, 206.00
746.74, 215.00
747.04, 213.00
747.34, 210.00
747.64, 217.00
747.94, 212.00
748.25, 210.00
748.55, 214.00
748.85, 209.00
749.15, 216.00
749.45, 237.00
749.75, 216.00
750.05, 201.00
750.35, 186.00
750.66, 198.00
750.96, 191.00
751.26, 179.00
751.56, 179.00
751.86, 185.00
752.16, 174.00
752.46, 172.00
752.76, 175.00
753.06, 175.00
753.36, 217.00
753.66, 165.00
753.96, 172.00
754.27, 173.00
754.57, 173.00
754.87, 168.00
755.17, 177.00
755.47, 178.00
755.77, 174.00
756.07, 177.00
756.37, 188.00
756.67, 191.00
756.97, 188.00
757.27, 189.00
757.57, 188.00
757.87, 192.00
758.17, 198.00
758.47, 196.00
758.77, 201.00
759.07, 192.00
759.37, 196.00
759.67, 197.00
759.97, 194.00
760.27, 192.00
760.57, 186.00
760.86, 192.00
761.16, 187.00
761.46, 184.00
761.76, 212.00
762.06, 179.00
762.36, 178.00
762.66, 175.00
762.96, 179.00
763.26, 181.00
763.56, 201.00
763.86, 173.00
764.16, 174.00
764.45, 186.00
764.75, 172.00
765.05, 170.00
765.35, 159.00
765.65, 164.00
765.95, 162.00
766.25, 169.00
766.55, 172.00
766.84, 171.00
767.14, 175.00
767.44, 174.00
767.74, 179.00
768.04, 176.00
768.34, 176.00
768.63, 177.00
768.93, 181.00
769.23, 186.00
769.53, 182.00
769.83, 185.00
770.12, 185.00
770.42, 187.00
770.72, 187.00
771.02, 182.00
771.32, 180.00
771.61, 179.00
771.91, 191.00
772.21, 180.00
772.51, 180.00
772.80, 190.00
773.10, 181.00
773.40, 182.00
773.70, 179.00
773.99, 179.00
774.29, 183.00
774.59, 189.00
774.88, 178.00
775.18, 189.00
775.48, 285.00
775.78, 605.00
776.07, 909.00
776.37, 1030.00
776.67, 949.00
776.96, 687.00
777.26, 548.00
777.56, 406.00
777.85, 354.00
778.15, 329.00
778.45, 300.00
778.74, 268.00
779.04, 234.00
779.34, 199.00
779.63, 187.00
779.93, 170.00
780.22, 165.00
780.52, 165.00
780.82, 161.00
781.11, 160.00
781.41, 163.00
781.71, 163.00
782.00, 161.00
782.30, 160.00
782.59, 165.00
782.89, 172.00
783.19, 160.00
783.48, 161.00
783.78, 159.00
784.07, 170.00
784.37, 161.00
784.66, 162.00
784.96, 158.00
785.25, 158.00
785.55, 155.00
785.84, 168.00
786.14, 163.00
786.44, 160.00
786.73, 161.00
787.03, 159.00
787.32, 160.00
787.62, 161.00
787.91, 156.00
788.21, 162.00
788.50, 156.00
788.80, 157.00
789.09, 160.00
789.39, 166.00
789.68, 157.00
789.97, 160.00
790.27, 160.00
790.56, 162.00
790.86, 163.00
791.15, 159.00
791.45, 158.00
791.74, 177.00
792.04, 155.00
792.33, 151.00
792.62, 182.00
792.92, 156.00
793.21, 153.00
793.51, 163.00
793.80, 153.00
794.09, 156.00
794.39, 155.00
794.68, 153.00
794.98, 157.00
795.27, 155.00
795.56, 156.00
795.86, 160.00
796.15, 152.00
796.44, 160.00
796.74, 152.00
797.03, 156.00
797.32, 149.00
797.62, 159.00
797.91, 170.00
798.20, 159.00
798.50, 163.00
798.79, 160.00
799.08, 153.00
799.38, 156.00
799.67, 160.00
799.96, 164.00
800.26, 181.00
800.55, 154.00
800.84, 157.00
801.13, 159.00
801.43, 157.00
801.72, 190.00
802.01, 160.00
802.30, 154.00
802.60, 158.00
802.89, 162.00
803.18, 154.00
803.47, 153.00
803.77, 157.00
804.06, 162.00
804.35, 161.00
804.64, 174.00
804.94, 153.00
805.23, 155.00
805.52, 155.00
805.81, 155.00
806.10, 154.00
806.39, 157.00
806.69, 157.00
806.98, 159.00
807.27, 156.00
807.56, 161.00
807.85, 162.00
808.14, 153.00
808.44, 160.00
808.73, 154.00
809.02, 171.00
809.31, 163.00
809.60, 164.00
809.89, 165.00
810.18, 155.00
810.48, 166.00
810.77, 158.00
811.06, 154.00
811.35, 159.00
811.64, 160.00
811.93, 173.00
812.22, 151.00
812.51, 155.00
812.80, 146.00
813.09, 150.00
813.38, 157.00
813.67, 171.00
813.96, 150.00
814.26, 154.00
814.55, 152.00
814.84, 159.00
815.13, 164.00
815.42, 152.00
815.71, 159.00
816.00, 149.00
816.29, 161.00
816.58, 161.00
816.87, 155.00
817.16, 153.00
817.45, 158.00
817.74, 159.00
818.03, 151.00
818.32, 153.00
818.61, 152.00
818.90, 155.00
819.19, 152.00
819.48, 159.00
819.76, 154.00
820.05, 152.00
820.34, 152.00
820.63, 152.00
820.92, 156.00
821.21, 155.00
821.50, 155.00
821.79, 154.00
822.08, 149.00
822.37, 158.00
822.66, 147.00
822.95, 164.00
823.23, 153.00
823.52, 168.00
823.81, 153.00
824.10, 151.00
824.39, 153.00
824.68, 150.00
824.97, 170.00
825.26, 150.00
825.54, 193.00
825.83, 155.00
826.12, 150.00
826.41, 148.00
826.70, 150.00
826.99, 157.00
827.27, 151.00
827.56, 174.00
827.85, 152.00
828.14, 153.00
828.43, 155.00
828.71, 157.00
829.00, 150.00
829.29, 154.00
829.58, 162.00
829.86, 154.00
830.15, 154.00
830.44, 154.00
830.73, 153.00
831.01, 154.00
831.30, 151.00
831.59, 152.00
831.88, 152.00
832.16, 148.00
832.45, 157.00
832.74, 151.00
833.03, 151.00
833.31, 152.00
833.60, 147.00
833.89, 149.00
834.17, 162.00
834.46, 150.00
834.75, 148.00
835.03, 150.00
835.32, 147.00
835.61, 153.00
835.89, 167.00
836.18, 153.00
836.47, 150.00
836.75, 147.00
837.04, 152.00
837.33, 155.00
837.61, 148.00
837.90, 150.00
838.19, 150.00
838.47, 150.00
838.76, 152.00
839.04, 154.00
839.33, 149.00
839.62, 155.00
839.90, 155.00
840.19, 151.00
840.47, 151.00
840.76, 176.00
841.04, 151.00
841.33, 159.00
841.62, 145.00
841.90, 149.00
842.19, 153.00
842.47, 299.00
842.76, 148.00
843.04, 156.00
843.33, 178.00
843.61, 177.00
843.90, 173.00
844.18, 179.00
844.47, 176.00
844.75, 178.00
845.04, 164.00
845.32, 170.00
845.61, 164.00
845.89, 161.00
846.18, 160.00
846.46, 161.00
846.75, 153.00
847.03, 166.00
847.32, 158.00
847.60, 151.00
847.88, 150.00
848.17, 158.00
848.45, 165.00
848.74, 155.00
849.02, 152.00
849.31, 155.00
849.59, 150.00
849.87, 152.00
850.16, 152.00
850.44, 157.00
850.73, 174.00
851.01, 156.00
851.29, 147.00
851.58, 151.00
851.86, 155.00
852.14, 152.00
852.43, 153.00
852.71, 155.00
853.00, 156.00
853.28, 159.00
853.56, 149.00
853.85, 150.00
854.13, 152.00
854.41, 150.00
854.69, 153.00
854.98, 151.00
855.26, 194.00
855.54, 149.00
855.83, 150.00
856.11, 155.00
856.39, 159.00
856.68, 147.00
856.96, 153.00
857.24, 150.00
857.52, 156.00
857.81, 155.00
858.09, 150.00
858.37, 149.00
858.65, 152.00
858.94, 148.00
859.22, 150.00
