190.05, 0.00
190.41, 133.00
190.77, 135.00
191.14, 137.00
191.50, 147.00
191.86, 165.00
192.22, 150.00
192.58, 154.00
192.94, 148.00
193.31, 146.00
193.67, 144.00
194.03, 156.00
194.39, 145.00
194.75, 146.00
195.11, 157.00
195.47, 165.00
195.84, 144.00
196.20, 141.00
196.56, 158.00
196.92, 145.00
197.28, 152.00
197.64, 145.00
198.00, 149.00
198.37, 151.00
198.73, 148.00
199.09, 147.00
199.45, 144.00
199.81, 153.00
200.17, 151.00
200.53, 149.00
200.89, 155.00
201.25, 182.00
201.62, 143.00
201.98, 145.00
202.34, 142.00
202.70, 150.00
203.06, 150.00
203.42, 148.00
203.78, 146.00
204.14, 147.00
204.50, 177.00
204.86, 160.00
205.22, 154.00
205.58, 146.00
205.95, 148.00
206.31, 144.00
206.67, 147.00
207.03, 149.00
207.39, 153.00
207.75, 146.00
208.11, 145.00
208.47, 153.00
208.83, 151.00
209.19, 147.00
209.55, 153.00
209.91, 152.00
210.27, 157.00
210.63, 153.00
210.99, 157.00
211.35, 150.00
211.71, 153.00
212.07, 148.00
212.43, 149.00
212.79, 148.00
213.15, 147.00
213.51, 151.00
213.87, 149.00
214.23, 144.00
214.59, 150.00
214.95, 149.00
215.31, 149.00
215.67, 150.00
216.03, 182.00
216.39, 147.00
216.75, 145.00
217.11, 153.00
217.47, 154.00
217.83, 148.00
218.19, 153.00
218.55, 150.00
218.91, 148.00
219.27, 148.00
219.63, 149.00
219.99, 146.00
220.35, 151.00
220.71, 156.00
221.07, 153.00
221.43, 150.00
221.79, 146.00
222.15, 150.00
222.51, 152.00
222.87, 159.00
223.23, 153.00
223.59, 148.00
223.95, 151.00
224.31, 148.00
224.67, 146.00
225.03, 151.00
225.39, 156.00
225.74, 152.00
226.10, 147.00
226.46, 144.00
226.82, 151.00
227.18, 153.00
227.54, 148.00
227.90, 150.00
228.26, 152.00
228.62, 154.00
228.98, 149.00
229.34, 147.00
229.69, 143.00
230.05, 152.00
230.41, 143.00
230.77, 150.00
231.13, 151.00
231.49, 153.00
231.85, 148.00
232.21, 154.00
232.57, 153.00
232.92, 146.00
233.28, 147.00
233.64, 155.00
234.00, 151.00
234.36, 149.00
234.72, 148.00
235.08, 151.00
235.44, 153.00
235.79, 147.00
236.15, 147.00
236.51, 146.00
236.87, 148.00
237.23, 150.00
237.59, 149.00
237.94, 155.00
238.30, 148.00
238.66, 149.00
239.02, 147.00
239.38, 151.00
239.74, 149.00
240.09, 153.00
240.45, 145.00
240.81, 146.00
241.17, 159.00
241.53, 149.00
241.89, 145.00
242.24, 146.00
242.60, 146.00
242.96, 156.00
243.32, 151.00
243.68, 147.00
244.03, 150.00
244.39, 151.00
244.75, 166.00
245.11, 146.00
245.46, 150.00
245.82, 178.00
246.18, 149.00
246.54, 154.00
246.90, 150.00
247.25, 149.00
247.61, 150.00
247.97, 187.00
248.33, 152.00
248.68, 144.00
249.04, 147.00
249.40, 142.00
249.76, 156.00
250.11, 148.00
250.47, 151.00
250.83, 150.00
251.19, 153.00
251.54, 154.00
251.90, 151.00
252.26, 148.00
252.62, 145.00
252.97, 147.00
253.33, 145.00
253.69, 144.00
254.05, 151.00
254.40, 149.00
254.76, 142.00
255.12, 174.00
255.47, 150.00
255.83, 150.00
256.19, 147.00
256.54, 146.00
256.90, 149.00
257.26, 148.00
257.62, 154.00
257.97, 145.00
258.33, 152.00
258.69, 153.00
259.04, 149.00
259.40, 145.00
259.76, 146.00
260.11, 148.00
260.47, 146.00
260.83, 149.00
261.18, 148.00
261.54, 157.00
261.90, 152.00
262.25, 143.00
262.61, 149.00
262.97, 148.00
263.32, 145.00
263.68, 147.00
264.04, 153.00
264.39, 155.00
264.75, 146.00
265.10, 153.00
265.46, 189.00
265.82, 159.00
266.17, 146.00
266.53, 147.00
266.89, 149.00
267.24, 158.00
267.60, 148.00
267.95, 146.00
268.31, 144.00
268.67, 143.00
269.02, 146.00
269.38, 149.00
269.74, 156.00
270.09, 149.00
270.45, 149.00
270.80, 169.00
271.16, 151.00
271.51, 158.00
271.87, 159.00
272.23, 160.00
272.58, 155.00
272.94, 150.00
273.29, 146.00
273.65, 192.00
274.00, 152.00
274.36, 155.00
274.72, 148.00
275.07, 146.00
275.43, 147.00
275.78, 150.00
276.14, 144.00
276.49, 152.00
276.85, 162.00
277.20, 165.00
277.56, 148.00
277.92, 149.00
278.27, 155.00
278.63, 150.00
278.98, 149.00
279.34, 152.00
279.69, 151.00
280.05, 174.00
280.40, 161.00
280.76, 169.00
281.11, 159.00
281.47, 161.00
281.82, 162.00
282.18, 163.00
282.53, 163.00
282.89, 169.00
283.24, 174.00
283.60, 172.00
283.95, 173.00
284.31, 178.00
284.66, 185.00
285.02, 181.00
285.37, 185.00
285.73, 184.00
286.08, 182.00
286.44, 160.00
286.79, 170.00
287.14, 167.00
287.50, 161.00
287.85, 157.00
288.21, 161.00
288.56, 157.00
288.92, 162.00
289.27, 164.00
289.63, 165.00
289.98, 168.00
290.34, 161.00
290.69, 175.00
291.04, 170.00
291.40, 158.00
291.75, 158.00
292.11, 160.00
292.46, 160.00
292.81, 165.00
293.17, 164.00
293.52, 171.00
293.88, 183.00
294.23, 190.00
294.59, 216.00
294.94, 223.00
295.29, 222.00
295.65, 246.00
296.00, 255.00
296.36, 233.00
296.71, 224.00
297.06, 222.00
297.42, 228.00
297.77, 224.00
298.12, 218.00
298.48, 198.00
298.83, 201.00
299.19, 203.00
299.54, 208.00
299.89, 208.00
300.25, 203.00
300.60, 207.00
300.95, 196.00
301.31, 172.00
301.66, 172.00
302.01, 174.00
302.37, 166.00
302.72, 176.00
303.07, 176.00
303.43, 185.00
303.78, 182.00
304.13, 200.00
304.49, 199.00
304.84, 203.00
305.19, 238.00
305.55, 196.00
305.90, 225.00
306.25, 299.00
306.61, 415.00
306.96, 492.00
307.31, 651.00
307.66, 914.00
308.02, 1179.00
308.37, 1433.00
308.72, 1606.00
309.08, 1629.00
309.43, 1510.00
309.78, 1300.00
310.13, 1131.00
310.49, 969.00
310.84, 774.00
311.19, 688.00
311.54, 601.00
311.90, 508.00
312.25, 475.00
312.60, 482.00
312.95, 556.00
313.31, 609.00
313.66, 624.00
314.01, 619.00
314.36, 638.00
314.72, 742.00
315.07, 947.00
315.42, 1108.00
315.77, 1169.00
316.13, 935.00
316.48, 645.00
316.83, 432.00
317.18, 324.00
317.54, 254.00
317.89, 221.00
318.24, 213.00
318.59, 207.00
318.94, 204.00
319.30, 203.00
319.65, 206.00
320.00, 210.00
320.35, 217.00
320.70, 212.00
321.05, 211.00
321.41, 209.00
321.76, 208.00
322.11, 199.00
322.46, 199.00
322.81, 234.00
323.17, 190.00
323.52, 184.00
323.87, 191.00
324.22, 191.00
324.57, 204.00
324.92, 201.00
325.27, 209.00
325.63, 214.00
325.98, 229.00
326.33, 248.00
326.68, 234.00
327.03, 239.00
327.38, 228.00
327.73, 246.00
328.09, 268.00
328.44, 287.00
328.79, 252.00
329.14, 279.00
329.49, 236.00
329.84, 225.00
330.19, 233.00
330.54, 237.00
330.89, 229.00
331.25, 219.00
331.60, 212.00
331.95, 217.00
332.30, 212.00
332.65, 233.00
333.00, 252.00
333.35, 321.00
333.70, 327.00
334.05, 322.00
334.40, 354.00
334.75, 422.00
335.10, 583.00
335.45, 841.00
335.81, 1201.00
336.16, 1742.00
336.51, 2362.00
336.86, 2410.00
337.21, 2107.00
337.56, 1294.00
337.91, 793.00
338.26, 497.00
338.61, 318.00
338.96, 256.00
339.31, 222.00
339.66, 218.00
340.01, 217.00
340.36, 198.00
340.71, 199.00
341.06, 191.00
341.41, 201.00
341.76, 198.00
342.11, 194.00
342.46, 206.00
342.81, 204.00
343.16, 201.00
343.51, 201.00
343.86, 208.00
344.21, 210.00
344.56, 198.00
344.91, 205.00
345.26, 208.00
345.61, 204.00
345.96, 203.00
346.31, 198.00
346.66, 225.00
347.01, 204.00
347.36, 222.00
347.71, 199.00
348.06, 207.00
348.41, 216.00
348.76, 241.00
349.10, 246.00
349.45, 269.00
349.80, 260.00
350.15, 259.00
350.50, 251.00
350.85, 258.00
351.20, 277.00
351.55, 328.00
351.90, 395.00
352.25, 502.00
352.60, 639.00
352.95, 824.00
353.30, 890.00
353.64, 800.00
353.99, 617.00
354.34, 504.00
354.69, 446.00
355.04, 469.00
355.39, 563.00
355.74, 738.00
356.09, 970.00
356.44, 1219.00
356.78, 1718.00
357.13, 1931.00
357.48, 1845.00
357.83, 1404.00
358.18, 889.00
358.53, 579.00
358.88, 368.00
359.22, 273.00
359.57, 218.00
359.92, 214.00
360.27, 211.00
360.62, 210.00
360.97, 211.00
361.32, 212.00
361.66, 203.00
362.01, 207.00
362.36, 210.00
362.71, 211.00
363.06, 219.00
363.40, 232.00
363.75, 225.00
364.10, 231.00
364.45, 225.00
364.80, 223.00
365.14, 227.00
365.49, 239.00
365.84, 235.00
366.19, 250.00
366.54, 268.00
366.88, 281.00
367.23, 250.00
367.58, 279.00
367.93, 224.00
368.28, 213.00
368.62, 217.00
368.97, 249.00
369.32, 276.00
369.67, 298.00
370.01, 357.00
370.36, 375.00
370.71, 398.00
371.06, 346.00
371.40, 311.00
371.75, 255.00
372.10, 247.00
372.45, 239.00
372.79, 271.00
373.14, 308.00
373.49, 370.00
373.83, 432.00
374.18, 554.00
374.53, 691.00
374.88, 772.00
375.22, 765.00
375.57, 619.00
375.92, 464.00
376.26, 361.00
376.61, 289.00
376.96, 254.00
377.30, 263.00
377.65, 291.00
378.00, 329.00
378.35, 411.00
378.69, 509.00
379.04, 632.00
379.39, 845.00
379.73, 997.00
380.08, 988.00
380.43, 757.00
380.77, 548.00
381.12, 456.00
381.47, 353.00
381.81, 281.00
382.16, 243.00
382.50, 229.00
382.85, 295.00
383.20, 227.00
383.54, 229.00
383.89, 236.00
384.24, 247.00
384.58, 263.00
384.93, 294.00
385.27, 277.00
385.62, 279.00
385.97, 285.00
386.31, 260.00
386.66, 303.00
387.00, 281.00
387.35, 288.00
387.70, 317.00
388.04, 410.00
388.39, 418.00
388.73, 494.00
389.08, 570.00
389.43, 631.00
389.77, 710.00
390.12, 820.00
390.46, 1088.00
390.81, 1215.00
391.15, 1168.00
391.50, 914.00
391.85, 636.00
392.19, 495.00
392.54, 371.00
392.88, 329.00
393.23, 365.00
393.57, 365.00
393.92, 362.00
394.26, 307.00
394.61, 275.00
394.95, 250.00
395.30, 216.00
395.64, 217.00
395.99, 262.00
396.33, 223.00
396.68, 239.00
397.02, 254.00
397.37, 279.00
397.71, 310.00
398.06, 344.00
398.40, 391.00
398.75, 465.00
399.09, 510.00
399.44, 525.00
399.78, 430.00
400.13, 358.00
400.47, 284.00
400.82, 238.00
401.16, 227.00
401.51, 221.00
401.85, 219.00
402.20, 221.00
402.54, 237.00
402.88, 246.00
403.23, 261.00
403.57, 285.00
403.92, 333.00
404.26, 435.00
404.61, 412.00
404.95, 502.00
405.30, 473.00
405.64, 432.00
405.98, 386.00
406.33, 318.00
406.67, 267.00
407.02, 244.00
407.36, 240.00
407.70, 240.00
408.05, 239.00
408.39, 253.00
408.74, 266.00
409.08, 279.00
409.42, 255.00
409.77, 247.00
410.11, 259.00
410.46, 234.00
410.80, 238.00
411.14, 241.00
411.49, 257.00
411.83, 265.00
412.17, 260.00
412.52, 271.00
412.86, 297.00
413.20, 295.00
413.55, 310.00
413.89, 286.00
414.23, 275.00
414.58, 289.00
414.92, 234.00
415.26, 235.00
415.61, 233.00
415.95, 236.00
416.29, 239.00
416.64, 236.00
416.98, 250.00
417.32, 254.00
417.67, 284.00
418.01, 292.00
418.35, 304.00
418.70, 340.00
419.04, 387.00
419.38, 375.00
419.72, 360.00
420.07, 324.00
420.41, 268.00
420.75, 261.00
421.10, 243.00
421.44, 231.00
421.78, 237.00
422.12, 232.00
422.47, 245.00
422.81, 264.00
423.15, 274.00
423.49, 269.00
423.84, 251.00
424.18, 276.00
424.52, 290.00
424.86, 327.00
425.21, 384.00
425.55, 405.00
425.89, 469.00
426.23, 536.00
426.57, 624.00
426.92, 632.00
427.26, 651.00
427.60, 551.00
427.94, 419.00
428.28, 337.00
428.63, 294.00
428.97, 250.00
429.31, 235.00
429.65, 220.00
429.99, 229.00
430.34, 228.00
430.68, 225.00
431.02, 238.00
431.36, 228.00
431.70, 240.00
432.04, 241.00
432.39, 253.00
432.73, 276.00
433.07, 267.00
433.41, 304.00
433.75, 305.00
434.09, 303.00
434.43, 293.00
434.78, 345.00
435.12, 387.00
435.46, 416.00
435.80, 379.00
436.14, 345.00
436.48, 305.00
436.82, 295.00
437.16, 271.00
437.51, 259.00
437.85, 249.00
438.19, 289.00
438.53, 252.00
438.87, 265.00
439.21, 259.00
439.55, 275.00
439.89, 276.00
440.23, 273.00
440.57, 289.00
440.91, 294.00
441.26, 281.00
441.60, 262.00
441.94, 263.00
442.28, 247.00
442.62, 251.00
442.96, 248.00
443.30, 247.00
443.64, 244.00
443.98, 246.00
444.32, 242.00
444.66, 231.00
445.00, 241.00
445.34, 247.00
445.68, 250.00
446.02, 251.00
446.36, 241.00
446.70, 246.00
447.04, 250.00
447.38, 276.00
447.72, 262.00
448.06, 278.00
448.40, 266.00
448.74, 258.00
449.08, 256.00
449.42, 251.00
449.76, 244.00
450.10, 238.00
450.44, 226.00
450.78, 235.00
451.12, 244.00
451.46, 244.00
451.80, 245.00
452.14, 223.00
452.48, 236.00
452.82, 236.00
453.16, 239.00
453.50, 244.00
453.84, 233.00
454.18, 270.00
454.52, 251.00
454.86, 258.00
455.19, 268.00
455.53, 258.00
455.87, 269.00
456.21, 281.00
456.55, 270.00
456.89, 264.00
457.23, 261.00
457.57, 251.00
457.91, 260.00
458.25, 252.00
458.59, 269.00
458.92, 279.00
459.26, 271.00
459.60, 274.00
459.94, 263.00
460.28, 243.00
460.62, 254.00
460.96, 235.00
461.30, 235.00
461.63, 235.00
461.97, 241.00
462.31, 240.00
462.65, 246.00
462.99, 259.00
463.33, 253.00
463.67, 262.00
464.00, 264.00
464.34, 270.00
464.68, 261.00
465.02, 288.00
465.36, 279.00
465.70, 264.00
466.03, 267.00
466.37, 257.00
466.71, 263.00
467.05, 270.00
467.39, 272.00
467.72, 286.00
468.06, 291.00
468.40, 306.00
468.74, 304.00
469.08, 312.00
469.41, 344.00
469.75, 342.00
470.09, 360.00
470.43, 359.00
470.76, 337.00
471.10, 329.00
471.44, 319.00
471.78, 310.00
472.11, 291.00
472.45, 286.00
472.79, 279.00
473.13, 280.00
473.46, 280.00
473.80, 278.00
474.14, 273.00
474.48, 281.00
474.81, 269.00
475.15, 274.00
475.49, 280.00
475.82, 272.00
476.16, 273.00
476.50, 271.00
476.84, 272.00
477.17, 271.00
477.51, 271.00
477.85, 278.00
478.18, 282.00
478.52, 266.00
478.86, 320.00
479.19, 291.00
479.53, 279.00
479.87, 319.00
480.20, 296.00
480.54, 289.00
480.88, 285.00
481.21, 281.00
481.55, 282.00
481.89, 287.00
482.22, 290.00
482.56, 299.00
482.90, 294.00
483.23, 294.00
483.57, 308.00
483.90, 311.00
484.24, 314.00
484.58, 315.00
484.91, 328.00
485.25, 338.00
485.58, 339.00
485.92, 352.00
486.26, 352.00
486.59, 350.00
486.93, 340.00
487.26, 352.00
487.60, 355.00
487.94, 346.00
488.27, 348.00
488.61, 339.00
488.94, 349.00
489.28, 342.00
489.61, 341.00
489.95, 339.00
490.29, 356.00
490.62, 364.00
490.96, 350.00
491.29, 352.00
491.63, 333.00
491.96, 332.00
492.30, 324.00
492.63, 329.00
492.97, 328.00
493.30, 330.00
493.64, 322.00
493.97, 317.00
494.31, 324.00
494.64, 318.00
494.98, 323.00
495.31, 321.00
495.65, 319.00
495.98, 311.00
496.32, 320.00
496.65, 339.00
496.99, 315.00
497.32, 297.00
497.66, 301.00
497.99, 293.00
498.33, 289.00
498.66, 285.00
499.00, 293.00
499.33, 289.00
499.67, 293.00
500.00, 288.00
500.34, 292.00
500.67, 301.00
501.00, 282.00
501.34, 292.00
501.67, 284.00
502.01, 285.00
502.34, 281.00
502.68, 286.00
503.01, 302.00
503.34, 301.00
503.68, 297.00
504.01, 296.00
504.35, 295.00
504.68, 292.00
505.01, 297.00
505.35, 291.00
505.68, 294.00
506.02, 299.00
506.35, 300.00
506.68, 304.00
507.02, 293.00
507.35, 296.00
507.68, 292.00
508.02, 291.00
508.35, 298.00
508.69, 292.00
509.02, 288.00
509.35, 288.00
509.69, 288.00
510.02, 292.00
510.35, 280.00
510.69, 279.00
511.02, 279.00
511.35, 274.00
511.69, 285.00
512.02, 284.00
512.35, 276.00
512.68, 271.00
513.02, 279.00
513.35, 281.00
513.68, 275.00
514.02, 280.00
514.35, 266.00
514.68, 278.00
515.01, 269.00
515.35, 273.00
515.68, 257.00
516.01, 270.00
516.35, 273.00
516.68, 271.00
517.01, 265.00
517.34, 278.00
517.68, 263.00
518.01, 277.00
518.34, 270.00
518.67, 269.00
519.01, 275.00
519.34, 274.00
519.67, 284.00
520.00, 265.00
520.33, 276.00
520.67, 272.00
521.00, 278.00
521.33, 276.00
521.66, 291.00
522.00, 276.00
522.33, 273.00
522.66, 270.00
522.99, 277.00
523.32, 279.00
523.65, 267.00
523.99, 272.00
524.32, 273.00
524.65, 269.00
524.98, 271.00
525.31, 265.00
525.65, 301.00
525.98, 271.00
526.31, 268.00
526.64, 271.00
526.97, 272.00
527.30, 263.00
527.63, 264.00
527.97, 261.00
528.30, 263.00
528.63, 273.00
528.96, 291.00
529.29, 263.00
529.62, 272.00
529.95, 262.00
530.28, 261.00
530.61, 261.00
530.95, 257.00
531.28, 261.00
531.61, 270.00
531.94, 271.00
532.27, 271.00
532.60, 281.00
532.93, 272.00
533.26, 267.00
533.59, 261.00
533.92, 260.00
534.25, 262.00
534.58, 302.00
534.91, 259.00
535.25, 255.00
535.58, 259.00
535.91, 262.00
536.24, 266.00
536.57, 268.00
536.90, 267.00
537.23, 286.00
537.56, 303.00
537.89, 288.00
538.22, 285.00
538.55, 289.00
538.88, 302.00
539.21, 417.00
539.54, 313.00
539.87, 325.00
540.20, 355.00
540.53, 384.00
540.86, 459.00
541.19, 449.00
541.52, 486.00
541.85, 506.00
542.18, 536.00
542.51, 539.00
542.84, 544.00
543.17, 539.00
543.50, 537.00
543.82, 539.00
544.15, 514.00
544.48, 523.00
544.81, 542.00
545.14, 589.00
545.47, 552.00
545.80, 544.00
546.13, 461.00
546.46, 442.00
546.79, 415.00
547.12, 376.00
547.45, 354.00
547.78, 352.00
548.10, 340.00
548.43, 339.00
548.76, 327.00
549.09, 318.00
549.42, 315.00
549.75, 306.00
550.08, 303.00
550.41, 302.00
550.74, 318.00
551.06, 305.00
551.39, 309.00
551.72, 301.00
552.05, 298.00
552.38, 293.00
552.71, 283.00
553.03, 291.00
553.36, 280.00
553.69, 286.00
554.02, 268.00
554.35, 272.00
554.68, 259.00
555.00, 269.00
555.33, 262.00
555.66, 257.00
555.99, 276.00
556.32, 263.00
556.64, 262.00
556.97, 277.00
557.30, 267.00
557.63, 269.00
557.96, 268.00
558.28, 258.00
558.61, 276.00
558.94, 272.00
559.27, 256.00
559.59, 265.00
559.92, 259.00
560.25, 266.00
560.58, 259.00
560.90, 259.00
561.23, 250.00
561.56, 255.00
561.89, 248.00
562.21, 246.00
562.54, 245.00
562.87, 241.00
563.20, 243.00
563.52, 241.00
563.85, 237.00
564.18, 250.00
564.50, 241.00
564.83, 267.00
565.16, 303.00
565.48, 233.00
565.81, 242.00
566.14, 227.00
566.47, 225.00
566.79, 238.00
567.12, 227.00
567.45, 252.00
567.77, 226.00
568.10, 232.00
568.43, 233.00
568.75, 229.00
569.08, 234.00
569.40, 267.00
569.73, 229.00
570.06, 234.00
570.38, 234.00
570.71, 231.00
571.04, 229.00
571.36, 229.00
571.69, 229.00
572.01, 229.00
572.34, 228.00
572.67, 235.00
572.99, 234.00
573.32, 249.00
573.64, 232.00
573.97, 233.00
574.30, 231.00
574.62, 231.00
574.95, 230.00
575.27, 235.00
575.60, 242.00
575.92, 246.00
576.25, 256.00
576.58, 254.00
576.90, 250.00
577.23, 278.00
577.55, 253.00
577.88, 256.00
578.20, 252.00
578.53, 259.00
578.85, 279.00
579.18, 268.00
579.50, 266.00
579.83, 263.00
580.15, 264.00
580.48, 263.00
580.80, 264.00
581.13, 263.00
581.45, 264.00
581.78, 270.00
582.10, 278.00
582.43, 278.00
582.75, 287.00
583.08, 276.00
583.40, 280.00
583.73, 336.00
584.05, 282.00
584.38, 281.00
584.70, 313.00
585.03, 267.00
585.35, 275.00
585.67, 268.00
586.00, 290.00
586.32, 314.00
586.65, 320.00
586.97, 324.00
587.30, 315.00
587.62, 299.00
587.94, 302.00
588.27, 281.00
588.59, 278.00
588.92, 276.00
589.24, 269.00
589.56, 274.00
589.89, 274.00
590.21, 271.00
590.54, 263.00
590.86, 263.00
591.18, 261.00
591.51, 265.00
591.83, 284.00
592.15, 292.00
592.48, 284.00
592.80, 286.00
593.13, 276.00
593.45, 279.00
593.77, 275.00
594.10, 277.00
594.42, 281.00
594.74, 272.00
595.07, 267.00
595.39, 272.00
595.71, 269.00
596.03, 268.00
596.36, 277.00
596.68, 273.00
597.00, 276.00
597.33, 278.00
597.65, 288.00
597.97, 289.00
598.30, 287.00
598.62, 293.00
598.94, 295.00
599.26, 296.00
599.59, 295.00
599.91, 288.00
600.23, 277.00
600.55, 273.00
600.88, 270.00
601.20, 256.00
601.52, 259.00
601.84, 250.00
602.17, 249.00
602.49, 243.00
602.81, 233.00
603.13, 238.00
603.45, 244.00
603.78, 233.00
604.10, 225.00
604.42, 230.00
604.74, 233.00
605.07, 226.00
605.39, 237.00
605.71, 236.00
606.03, 239.00
606.35, 228.00
606.67, 239.00
607.00, 243.00
607.32, 229.00
607.64, 237.00
607.96, 234.00
608.28, 245.00
608.60, 248.00
608.93, 263.00
609.25, 296.00
609.57, 344.00
609.89, 432.00
610.21, 497.00
610.53, 546.00
610.85, 535.00
611.17, 499.00
611.50, 466.00
611.82, 437.00
612.14, 408.00
612.46, 385.00
612.78, 352.00
613.10, 348.00
613.42, 332.00
613.74, 331.00
614.06, 341.00
614.38, 322.00
614.70, 314.00
615.03, 309.00
615.35, 298.00
615.67, 363.00
615.99, 270.00
616.31, 255.00
616.63, 260.00
616.95, 247.00
617.27, 243.00
617.59, 232.00
617.91, 238.00
618.23, 234.00
618.55, 234.00
618.87, 232.00
619.19, 229.00
619.51, 237.00
619.83, 230.00
620.15, 233.00
620.47, 230.00
620.79, 232.00
621.11, 232.00
621.43, 233.00
621.75, 245.00
622.07, 236.00
622.39, 230.00
622.71, 236.00
623.03, 228.00
623.35, 267.00
623.67, 230.00
623.99, 230.00
624.31, 228.00
624.63, 234.00
624.95, 217.00
625.26, 216.00
625.58, 225.00
625.90, 253.00
626.22, 226.00
626.54, 231.00
626.86, 234.00
627.18, 221.00
627.50, 230.00
627.82, 226.00
628.14, 233.00
628.46, 238.00
628.77, 233.00
629.09, 242.00
629.41, 253.00
629.73, 251.00
630.05, 269.00
630.37, 261.00
630.69, 264.00
631.00, 262.00
631.32, 256.00
631.64, 240.00
631.96, 232.00
632.28, 234.00
632.60, 234.00
632.92, 227.00
633.23, 226.00
633.55, 233.00
633.87, 232.00
634.19, 239.00
634.51, 233.00
634.82, 250.00
635.14, 248.00
635.46, 239.00
635.78, 243.00
636.10, 234.00
636.41, 241.00
636.73, 240.00
637.05, 245.00
637.37, 241.00
637.68, 250.00
638.00, 241.00
638.32, 233.00
638.64, 237.00
638.95, 252.00
639.27, 239.00
639.59, 242.00
639.91, 236.00
640.22, 231.00
640.54, 234.00
640.86, 232.00
641.18, 237.00
641.49, 246.00
641.81, 246.00
642.13, 247.00
642.44, 237.00
642.76, 235.00
643.08, 236.00
643.40, 229.00
643.71, 247.00
644.03, 252.00
644.35, 255.00
644.66, 257.00
644.98, 251.00
645.30, 246.00
645.61, 255.00
645.93, 240.00
646.25, 237.00
646.56, 236.00
646.88, 256.00
647.19, 225.00
647.51, 234.00
647.83, 221.00
648.14, 215.00
648.46, 224.00
648.78, 232.00
649.09, 244.00
649.41, 284.00
649.72, 248.00
650.04, 259.00
650.36, 256.00
650.67, 258.00
650.99, 259.00
651.30, 260.00
651.62, 264.00
651.93, 268.00
652.25, 272.00
652.57, 294.00
652.88, 259.00
653.20, 264.00
653.51, 256.00
653.83, 249.00
654.14, 237.00
654.46, 243.00
654.77, 240.00
655.09, 244.00
655.40, 267.00
655.72, 251.00
656.04, 240.00
656.35, 235.00
656.67, 227.00
656.98, 231.00
657.30, 225.00
657.61, 236.00
657.93, 233.00
658.24, 232.00
658.55, 274.00
658.87, 232.00
659.18, 242.00
659.50, 240.00
659.81, 249.00
660.13, 243.00
660.44, 239.00
660.76, 248.00
661.07, 255.00
661.39, 232.00
661.70, 228.00
662.01, 220.00
662.33, 222.00
662.64, 220.00
662.96, 211.00
663.27, 218.00
663.59, 209.00
663.90, 199.00
664.21, 206.00
664.53, 229.00
664.84, 217.00
665.16, 236.00
665.47, 220.00
665.78, 216.00
666.10, 221.00
666.41, 222.00
666.72, 223.00
667.04, 233.00
667.35, 225.00
667.67, 217.00
667.98, 223.00
668.29, 225.00
668.61, 219.00
668.92, 228.00
669.23, 216.00
669.55, 224.00
669.86, 243.00
670.17, 211.00
670.48, 215.00
670.80, 208.00
671.11, 204.00
671.42, 203.00
671.74, 203.00
672.05, 202.00
672.36, 211.00
672.68, 210.00
672.99, 219.00
673.30, 219.00
673.61, 228.00
673.93, 236.00
674.24, 234.00
674.55, 240.00
674.86, 251.00
675.18, 252.00
675.49, 243.00
675.80, 248.00
676.11, 262.00
676.43, 257.00
676.74, 250.00
677.05, 252.00
677.36, 258.00
677.67, 247.00
677.99, 245.00
678.30, 233.00
678.61, 227.00
678.92, 219.00
679.23, 224.00
679.55, 212.00
679.86, 206.00
680.17, 205.00
680.48, 205.00
680.79, 201.00
681.10, 188.00
681.42, 202.00
681.73, 193.00
682.04, 189.00
682.35, 192.00
682.66, 192.00
682.97, 193.00
683.28, 196.00
683.60, 197.00
683.91, 189.00
684.22, 202.00
684.53, 196.00
684.84, 193.00
685.15, 194.00
685.46, 216.00
685.77, 186.00
686.08, 197.00
686.40, 226.00
686.71, 197.00
687.02, 191.00
687.33, 191.00
687.64, 183.00
687.95, 184.00
688.26, 180.00
688.57, 177.00
688.88, 179.00
689.19, 179.00
689.50, 176.00
689.81, 187.00
690.12, 179.00
690.43, 191.00
690.74, 174.00
691.05, 173.00
691.36, 199.00
691.67, 172.00
691.98, 171.00
692.29, 171.00
692.60, 180.00
692.91, 172.00
693.22, 172.00
693.53, 177.00
693.84, 176.00
694.15, 179.00
694.46, 170.00
694.77, 176.00
695.08, 179.00
695.39, 182.00
695.70, 173.00
696.01, 182.00
696.32, 166.00
696.63, 166.00
696.94, 176.00
697.25, 174.00
697.56, 179.00
697.87, 179.00
698.17, 210.00
698.48, 175.00
698.79, 172.00
699.10, 169.00
699.41, 179.00
699.72, 175.00
700.03, 174.00
700.34, 173.00
700.65, 171.00
700.95, 174.00
701.26, 165.00
701.57, 171.00
701.88, 175.00
702.19, 179.00
702.50, 175.00
702.81, 174.00
703.11, 193.00
703.42, 176.00
703.73, 174.00
704.04, 184.00
704.35, 175.00
704.66, 180.00
704.96, 207.00
705.27, 231.00
705.58, 250.00
705.89, 243.00
706.20, 225.00
706.50, 217.00
706.81, 214.00
707.12, 207.00
707.43, 205.00
707.73, 202.00
708.04, 183.00
708.35, 190.00
708.66, 180.00
708.97, 184.00
709.27, 179.00
709.58, 180.00
709.89, 178.00
710.19, 177.00
710.50, 177.00
710.81, 183.00
711.12, 186.00
711.42, 181.00
711.73, 189.00
712.04, 178.00
712.35, 183.00
712.65, 177.00
712.96, 170.00
713.27, 174.00
713.57, 204.00
713.88, 192.00
714.19, 173.00
714.49, 173.00
714.80, 175.00
715.11, 169.00
715.41, 172.00
715.72, 169.00
716.03, 168.00
716.33, 174.00
716.64, 168.00
716.94, 167.00
717.25, 171.00
717.56, 174.00
717.86, 171.00
718.17, 167.00
718.48, 174.00
718.78, 169.00
719.09, 169.00
719.39, 163.00
719.70, 169.00
720.01, 171.00
720.31, 166.00
720.62, 171.00
720.92, 168.00
721.23, 173.00
721.53, 169.00
721.84, 174.00
722.15, 177.00
722.45, 175.00
722.76, 174.00
723.06, 172.00
723.37, 175.00
723.67, 173.00
723.98, 167.00
724.28, 176.00
724.59, 175.00
724.89, 180.00
725.20, 174.00
725.50, 180.00
725.81, 172.00
726.11, 173.00
726.42, 174.00
726.72, 174.00
727.03, 206.00
727.33, 168.00
727.64, 173.00
727.94, 171.00
728.25, 172.00
728.55, 167.00
728.86, 192.00
729.16, 165.00
729.46, 170.00
729.77, 168.00
730.07, 160.00
730.38, 170.00
730.68, 161.00
730.99, 179.00
731.29, 171.00
731.59, 170.00
731.90, 171.00
732.20, 172.00
732.51, 177.00
732.81, 168.00
733.11, 175.00
733.42, 173.00
733.72, 175.00
734.02, 177.00
734.33, 169.00
734.63, 170.00
734.94, 175.00
735.24, 171.00
735.54, 173.00
735.85, 170.00
736.15, 174.00
736.45, 172.00
736.76, 168.00
737.06, 170.00
737.36, 174.00
737.67, 180.00
737.97, 174.00
738.27, 173.00
738.57, 157.00
738.88, 169.00
739.18, 204.00
739.48, 167.00
739.79, 166.00
740.09, 168.00
740.39, 172.00
740.69, 178.00
741.00, 165.00
741.30, 169.00
741.60, 168.00
741.90, 170.00
742.21, 173.00
742.51, 221.00
742.81, 179.00
743.11, 178.00
743.42, 211.00
743.72, 186.00
744.02, 198.00
744.32, 199.00
744.63, 201.00
744.93, 199.00
745.23, 204.00
745.53, 207.00
745.83, 196.00
746.13, 201.00
746.44, 194.00
746.74, 204.00
747.04, 206.00
747.34, 212.00
747.64, 207.00
747.94, 210.00
748.25, 207.00
748.55, 209.00
748.85, 210.00
749.15, 214.00
749.45, 234.00
749.75, 203.00
750.05, 201.00
750.35, 195.00
750.66, 192.00
750.96, 178.00
751.26, 185.00
751.56, 176.00
751.86, 180.00
752.16, 167.00
752.46, 166.00
752.76, 165.00
753.06, 164.00
753.36, 203.00
753.66, 163.00
753.96, 176.00
754.27, 165.00
754.57, 174.00
754.87, 167.00
755.17, 173.00
755.47, 171.00
755.77, 172.00
756.07, 176.00
756.37, 183.00
756.67, 182.00
756.97, 184.00
757.27, 189.00
757.57, 188.00
757.87, 185.00
758.17, 189.00
758.47, 179.00
758.77, 191.00
759.07, 185.00
759.37, 188.00
759.67, 189.00
759.97, 189.00
760.27, 184.00
760.57, 178.00
760.86, 181.00
761.16, 183.00
761.46, 181.00
761.76, 211.00
762.06, 179.00
762.36, 184.00
762.66, 174.00
762.96, 173.00
763.26, 168.00
763.56, 191.00
763.86, 174.00
764.16, 163.00
764.45, 176.00
764.75, 168.00
765.05, 164.00
765.35, 166.00
765.65, 170.00
765.95, 170.00
766.25, 167.00
766.55, 170.00
766.84, 170.00
767.14, 174.00
767.44, 167.00
767.74, 170.00
768.04, 177.00
768.34, 168.00
768.63, 170.00
768.93, 181.00
769.23, 179.00
769.53, 181.00
769.83, 177.00
770.12, 179.00
770.42, 184.00
770.72, 177.00
771.02, 178.00
771.32, 176.00
771.61, 180.00
771.91, 184.00
772.21, 182.00
772.51, 182.00
772.80, 177.00
773.10, 178.00
773.40, 181.00
773.70, 176.00
773.99, 174.00
774.29, 178.00
774.59, 181.00
774.88, 177.00
775.18, 184.00
775.48, 286.00
775.78, 558.00
776.07, 803.00
776.37, 911.00
776.67, 817.00
776.96, 594.00
777.26, 494.00
777.56, 379.00
777.85, 340.00
778.15, 302.00
778.45, 289.00
778.74, 256.00
779.04, 229.00
779.34, 200.00
779.63, 180.00
779.93, 167.00
780.22, 164.00
780.52, 161.00
780.82, 154.00
781.11, 153.00
781.41, 160.00
781.71, 155.00
782.00, 154.00
782.30, 158.00
782.59, 164.00
782.89, 160.00
783.19, 157.00
783.48, 153.00
783.78, 158.00
784.07, 166.00
784.37, 154.00
784.66, 153.00
784.96, 154.00
785.25, 154.00
785.55, 154.00
785.84, 158.00
786.14, 158.00
786.44, 154.00
786.73, 158.00
787.03, 159.00
787.32, 153.00
787.62, 150.00
787.91, 153.00
788.21, 156.00
788.50, 151.00
788.80, 153.00
789.09, 155.00
789.39, 158.00
789.68, 151.00
789.97, 157.00
790.27, 155.00
790.56, 155.00
790.86, 165.00
791.15, 155.00
791.45, 153.00
791.74, 178.00
792.04, 150.00
792.33, 151.00
792.62, 181.00
792.92, 148.00
793.21, 152.00
793.51, 159.00
793.80, 148.00
794.09, 151.00
794.39, 153.00
794.68, 153.00
794.98, 153.00
795.27, 152.00
795.56, 152.00
795.86, 152.00
796.15, 158.00
796.44, 154.00
796.74, 152.00
797.03, 149.00
797.32, 149.00
797.62, 155.00
797.91, 162.00
798.20, 155.00
798.50, 158.00
798.79, 166.00
799.08, 155.00
799.38, 147.00
799.67, 154.00
799.96, 162.00
800.26, 178.00
800.55, 157.00
800.84, 157.00
801.13, 152.00
801.43, 155.00
801.72, 191.00
802.01, 156.00
802.30, 155.00
802.60, 153.00
802.89, 153.00
803.18, 157.00
803.47, 153.00
803.77, 155.00
804.06, 158.00
804.35, 157.00
804.64, 171.00
804.94, 153.00
805.23, 148.00
805.52, 155.00
805.81, 150.00
806.10, 151.00
806.39, 150.00
806.69, 157.00
806.98, 156.00
807.27, 147.00
807.56, 160.00
807.85, 151.00
808.14, 155.00
808.44, 165.00
808.73, 157.00
809.02, 165.00
809.31, 157.00
809.60, 159.00
809.89, 162.00
810.18, 149.00
810.48, 159.00
810.77, 156.00
811.06, 152.00
811.35, 158.00
811.64, 157.00
811.93, 165.00
812.22, 148.00
812.51, 153.00
812.80, 152.00
813.09, 149.00
813.38, 152.00
813.67, 170.00
813.96, 152.00
814.26, 149.00
814.55, 150.00
814.84, 153.00
815.13, 149.00
815.42, 153.00
815.71, 152.00
816.00, 151.00
816.29, 159.00
816.58, 160.00
816.87, 148.00
817.16, 149.00
817.45, 158.00
817.74, 154.00
818.03, 148.00
818.32, 149.00
818.61, 154.00
818.90, 157.00
819.19, 149.00
819.48, 148.00
819.76, 150.00
820.05, 152.00
820.34, 154.00
820.63, 150.00
820.92, 153.00
821.21, 147.00
821.50, 147.00
821.79, 149.00
822.08, 145.00
822.37, 158.00
822.66, 149.00
822.95, 148.00
823.23, 149.00
823.52, 169.00
823.81, 154.00
824.10, 142.00
824.39, 150.00
824.68, 147.00
824.97, 162.00
825.26, 145.00
825.54, 196.00
825.83, 145.00
826.12, 144.00
826.41, 146.00
826.70, 157.00
826.99, 159.00
827.27, 147.00
827.56, 170.00
827.85, 149.00
828.14, 148.00
828.43, 157.00
828.71, 154.00
829.00, 148.00
829.29, 143.00
829.58, 154.00
829.86, 146.00
830.15, 151.00
830.44, 153.00
830.73, 157.00
831.01, 149.00
831.30, 150.00
831.59, 154.00
831.88, 149.00
832.16, 146.00
832.45, 157.00
832.74, 148.00
833.03, 150.00
833.31, 154.00
833.60, 148.00
833.89, 148.00
834.17, 150.00
834.46, 147.00
834.75, 148.00
835.03, 147.00
835.32, 147.00
835.61, 152.00
835.89, 158.00
836.18, 149.00
836.47, 145.00
836.75, 145.00
837.04, 160.00
837.33, 148.00
837.61, 147.00
837.90, 149.00
838.19, 151.00
838.47, 143.00
838.76, 148.00
839.04, 145.00
839.33, 148.00
839.62, 145.00
839.90, 145.00
840.19, 146.00
840.47, 146.00
840.76, 171.00
841.04, 146.00
841.33, 156.00
841.62, 148.00
841.90, 144.00
842.19, 154.00
842.47, 302.00
842.76, 150.00
843.04, 158.00
843.33, 178.00
843.61, 167.00
843.90, 171.00
844.18, 169.00
844.47, 170.00
844.75, 168.00
845.04, 158.00
845.32, 164.00
845.61, 157.00
845.89, 157.00
846.18, 159.00
846.46, 154.00
846.75, 160.00
847.03, 164.00
847.32, 150.00
847.60, 148.00
847.88, 149.00
848.17, 152.00
848.45, 169.00
848.74, 153.00
849.02, 151.00
849.31, 147.00
849.59, 145.00
849.87, 150.00
850.16, 152.00
850.44, 153.00
850.73, 180.00
851.01, 154.00
851.29, 149.00
851.58, 151.00
851.86, 150.00
852.14, 149.00
852.43, 153.00
852.71, 152.00
853.00, 151.00
853.28, 154.00
853.56, 149.00
853.85, 148.00
854.13, 144.00
854.41, 149.00
854.69, 147.00
854.98, 152.00
855.26, 198.00
855.54, 152.00
855.83, 148.00
856.11, 150.00
856.39, 151.00
856.68, 150.00
856.96, 147.00
857.24, 152.00
857.52, 150.00
857.81, 150.00
858.09, 147.00
858.37, 149.00
858.65, 152.00
858.94, 146.00
859.22, 152.00
