190.05, 0.00
190.41, 133.00
190.77, 135.00
191.14, 135.00
191.50, 132.00
191.86, 159.00
192.22, 150.00
192.58, 149.00
192.94, 143.00
193.31, 144.00
193.67, 145.00
194.03, 154.00
194.39, 144.00
194.75, 146.00
195.11, 153.00
195.47, 160.00
195.84, 143.00
196.20, 148.00
196.56, 166.00
196.92, 145.00
197.28, 147.00
197.64, 146.00
198.00, 147.00
198.37, 149.00
198.73, 147.00
199.09, 146.00
199.45, 148.00
199.81, 146.00
200.17, 152.00
200.53, 146.00
200.89, 157.00
201.25, 181.00
201.62, 147.00
201.98, 145.00
202.34, 144.00
202.70, 155.00
203.06, 147.00
203.42, 146.00
203.78, 148.00
204.14, 147.00
204.50, 172.00
204.86, 154.00
205.22, 156.00
205.58, 152.00
205.95, 146.00
206.31, 150.00
206.67, 147.00
207.03, 151.00
207.39, 157.00
207.75, 158.00
208.11, 145.00
208.47, 146.00
208.83, 150.00
209.19, 148.00
209.55, 146.00
209.91, 150.00
210.27, 151.00
210.63, 152.00
210.99, 155.00
211.35, 147.00
211.71, 154.00
212.07, 150.00
212.43, 151.00
212.79, 150.00
213.15, 147.00
213.51, 153.00
213.87, 150.00
214.23, 150.00
214.59, 151.00
214.95, 148.00
215.31, 145.00
215.67, 151.00
216.03, 176.00
216.39, 146.00
216.75, 147.00
217.11, 153.00
217.47, 147.00
217.83, 148.00
218.19, 152.00
218.55, 148.00
218.91, 150.00
219.27, 152.00
219.63, 147.00
219.99, 149.00
220.35, 143.00
220.71, 156.00
221.07, 149.00
221.43, 149.00
221.79, 148.00
222.15, 148.00
222.51, 149.00
222.87, 147.00
223.23, 144.00
223.59, 143.00
223.95, 151.00
224.31, 145.00
224.67, 150.00
225.03, 152.00
225.39, 157.00
225.74, 156.00
226.10, 145.00
226.46, 146.00
226.82, 153.00
227.18, 149.00
227.54, 148.00
227.90, 153.00
228.26, 149.00
228.62, 158.00
228.98, 145.00
229.34, 144.00
229.69, 147.00
230.05, 148.00
230.41, 145.00
230.77, 152.00
231.13, 158.00
231.49, 151.00
231.85, 143.00
232.21, 147.00
232.57, 150.00
232.92, 143.00
233.28, 145.00
233.64, 148.00
234.00, 144.00
234.36, 149.00
234.72, 146.00
235.08, 150.00
235.44, 151.00
235.79, 143.00
236.15, 148.00
236.51, 149.00
236.87, 149.00
237.23, 149.00
237.59, 148.00
237.94, 158.00
238.30, 147.00
238.66, 143.00
239.02, 146.00
239.38, 143.00
239.74, 145.00
240.09, 155.00
240.45, 144.00
240.81, 146.00
241.17, 152.00
241.53, 143.00
241.89, 146.00
242.24, 148.00
242.60, 146.00
242.96, 152.00
243.32, 152.00
243.68, 140.00
244.03, 148.00
244.39, 148.00
244.75, 165.00
245.11, 149.00
245.46, 149.00
245.82, 171.00
246.18, 145.00
246.54, 150.00
246.90, 144.00
247.25, 146.00
247.61, 146.00
247.97, 187.00
248.33, 144.00
248.68, 145.00
249.04, 142.00
249.40, 148.00
249.76, 152.00
250.11, 146.00
250.47, 153.00
250.83, 143.00
251.19, 154.00
251.54, 155.00
251.90, 148.00
252.26, 150.00
252.62, 143.00
252.97, 148.00
253.33, 147.00
253.69, 145.00
254.05, 152.00
254.40, 147.00
254.76, 147.00
255.12, 174.00
255.47, 149.00
255.83, 151.00
256.19, 152.00
256.54, 148.00
256.90, 138.00
257.26, 132.00
257.62, 144.00
257.97, 148.00
258.33, 154.00
258.69, 148.00
259.04, 148.00
259.40, 144.00
259.76, 149.00
260.11, 143.00
260.47, 141.00
260.83, 154.00
261.18, 150.00
261.54, 155.00
261.90, 152.00
262.25, 149.00
262.61, 150.00
262.97, 141.00
263.32, 143.00
263.68, 146.00
264.04, 148.00
264.39, 147.00
264.75, 143.00
265.10, 146.00
265.46, 189.00
265.82, 157.00
266.17, 142.00
266.53, 142.00
266.89, 151.00
267.24, 150.00
267.60, 145.00
267.95, 146.00
268.31, 146.00
268.67, 146.00
269.02, 141.00
269.38, 147.00
269.74, 150.00
270.09, 144.00
270.45, 146.00
270.80, 166.00
271.16, 143.00
271.51, 149.00
271.87, 154.00
272.23, 153.00
272.58, 155.00
272.94, 143.00
273.29, 148.00
273.65, 194.00
274.00, 146.00
274.36, 152.00
274.72, 141.00
275.07, 147.00
275.43, 148.00
275.78, 150.00
276.14, 143.00
276.49, 154.00
276.85, 158.00
277.20, 160.00
277.56, 148.00
277.92, 147.00
278.27, 152.00
278.63, 152.00
278.98, 148.00
279.34, 143.00
279.69, 148.00
280.05, 162.00
280.40, 151.00
280.76, 161.00
281.11, 149.00
281.47, 150.00
281.82, 148.00
282.18, 148.00
282.53, 155.00
282.89, 163.00
283.24, 158.00
283.60, 156.00
283.95, 157.00
284.31, 153.00
284.66, 155.00
285.02, 156.00
285.37, 155.00
285.73, 159.00
286.08, 160.00
286.44, 153.00
286.79, 162.00
287.14, 155.00
287.50, 157.00
287.85, 152.00
288.21, 155.00
288.56, 151.00
288.92, 151.00
289.27, 149.00
289.63, 149.00
289.98, 158.00
290.34, 144.00
290.69, 156.00
291.04, 148.00
291.40, 143.00
291.75, 146.00
292.11, 149.00
292.46, 148.00
292.81, 155.00
293.17, 150.00
293.52, 148.00
293.88, 156.00
294.23, 156.00
294.59, 154.00
294.94, 155.00
295.29, 164.00
295.65, 164.00
296.00, 181.00
296.36, 163.00
296.71, 159.00
297.06, 164.00
297.42, 161.00
297.77, 172.00
298.12, 165.00
298.48, 170.00
298.83, 162.00
299.19, 160.00
299.54, 162.00
299.89, 161.00
300.25, 155.00
300.60, 163.00
300.95, 160.00
301.31, 158.00
301.66, 150.00
302.01, 153.00
302.37, 150.00
302.72, 152.00
303.07, 153.00
303.43, 161.00
303.78, 154.00
304.13, 161.00
304.49, 163.00
304.84, 168.00
305.19, 195.00
305.55, 160.00
305.90, 170.00
306.25, 188.00
306.61, 240.00
306.96, 277.00
307.31, 359.00
307.66, 492.00
308.02, 617.00
308.37, 730.00
308.72, 787.00
309.08, 776.00
309.43, 739.00
309.78, 654.00
310.13, 556.00
310.49, 488.00
310.84, 377.00
311.19, 332.00
311.54, 288.00
311.90, 255.00
312.25, 248.00
312.60, 241.00
312.95, 266.00
313.31, 284.00
313.66, 283.00
314.01, 301.00
314.36, 301.00
314.72, 310.00
315.07, 364.00
315.42, 394.00
315.77, 432.00
316.13, 353.00
316.48, 277.00
316.83, 223.00
317.18, 197.00
317.54, 173.00
317.89, 167.00
318.24, 166.00
318.59, 161.00
318.94, 157.00
319.30, 159.00
319.65, 161.00
320.00, 162.00
320.35, 165.00
320.70, 165.00
321.05, 161.00
321.41, 160.00
321.76, 168.00
322.11, 159.00
322.46, 160.00
322.81, 196.00
323.17, 164.00
323.52, 161.00
323.87, 161.00
324.22, 156.00
324.57, 162.00
324.92, 161.00
325.27, 164.00
325.63, 171.00
325.98, 164.00
326.33, 165.00
326.68, 164.00
327.03, 164.00
327.38, 166.00
327.73, 169.00
328.09, 182.00
328.44, 213.00
328.79, 187.00
329.14, 211.00
329.49, 191.00
329.84, 185.00
330.19, 189.00
330.54, 178.00
330.89, 183.00
331.25, 173.00
331.60, 171.00
331.95, 167.00
332.30, 162.00
332.65, 164.00
333.00, 175.00
333.35, 220.00
333.70, 229.00
334.05, 193.00
334.40, 202.00
334.75, 199.00
335.10, 240.00
335.45, 292.00
335.81, 386.00
336.16, 520.00
336.51, 689.00
336.86, 730.00
337.21, 645.00
337.56, 452.00
337.91, 320.00
338.26, 229.00
338.61, 188.00
338.96, 178.00
339.31, 167.00
339.66, 162.00
340.01, 165.00
340.36, 158.00
340.71, 155.00
341.06, 157.00
341.41, 167.00
341.76, 156.00
342.11, 159.00
342.46, 157.00
342.81, 163.00
343.16, 155.00
343.51, 153.00
343.86, 161.00
344.21, 158.00
344.56, 162.00
344.91, 155.00
345.26, 165.00
345.61, 158.00
345.96, 160.00
346.31, 153.00
346.66, 184.00
347.01, 159.00
347.36, 181.00
347.71, 156.00
348.06, 157.00
348.41, 173.00
348.76, 176.00
349.10, 172.00
349.45, 184.00
349.80, 183.00
350.15, 179.00
350.50, 182.00
350.85, 183.00
351.20, 173.00
351.55, 199.00
351.90, 208.00
352.25, 241.00
352.60, 283.00
352.95, 346.00
353.30, 380.00
353.64, 353.00
353.99, 300.00
354.34, 276.00
354.69, 262.00
355.04, 293.00
355.39, 315.00
355.74, 376.00
356.09, 432.00
356.44, 485.00
356.78, 574.00
357.13, 627.00
357.48, 604.00
357.83, 492.00
358.18, 363.00
358.53, 281.00
358.88, 207.00
359.22, 190.00
359.57, 168.00
359.92, 165.00
360.27, 164.00
360.62, 162.00
360.97, 166.00
361.32, 162.00
361.66, 166.00
362.01, 162.00
362.36, 163.00
362.71, 168.00
363.06, 168.00
363.40, 166.00
363.75, 169.00
364.10, 173.00
364.45, 165.00
364.80, 167.00
365.14, 171.00
365.49, 169.00
365.84, 167.00
366.19, 170.00
366.54, 174.00
366.88, 179.00
367.23, 168.00
367.58, 214.00
367.93, 161.00
368.28, 161.00
368.62, 162.00
368.97, 174.00
369.32, 178.00
369.67, 180.00
370.01, 203.00
370.36, 201.00
370.71, 225.00
371.06, 197.00
371.40, 189.00
371.75, 172.00
372.10, 168.00
372.45, 165.00
372.79, 165.00
373.14, 171.00
373.49, 187.00
373.83, 209.00
374.18, 233.00
374.53, 268.00
374.88, 286.00
375.22, 289.00
375.57, 261.00
375.92, 228.00
376.26, 195.00
376.61, 175.00
376.96, 168.00
377.30, 177.00
377.65, 177.00
378.00, 175.00
378.35, 207.00
378.69, 230.00
379.04, 253.00
379.39, 311.00
379.73, 352.00
380.08, 360.00
380.43, 302.00
380.77, 247.00
381.12, 231.00
381.47, 201.00
381.81, 175.00
382.16, 166.00
382.50, 170.00
382.85, 236.00
383.20, 168.00
383.54, 176.00
383.89, 182.00
384.24, 175.00
384.58, 193.00
384.93, 209.00
385.27, 205.00
385.62, 212.00
385.97, 203.00
386.31, 195.00
386.66, 227.00
387.00, 201.00
387.35, 216.00
387.70, 222.00
388.04, 315.00
388.39, 302.00
388.73, 386.00
389.08, 486.00
389.43, 645.00
389.77, 809.00
390.12, 1028.00
390.46, 1449.00
390.81, 1578.00
391.15, 1540.00
391.50, 1185.00
391.85, 744.00
392.19, 513.00
392.54, 330.00
392.88, 228.00
393.23, 209.00
393.57, 210.00
393.92, 207.00
394.26, 190.00
394.61, 181.00
394.95, 172.00
395.30, 164.00
395.64, 164.00
395.99, 192.00
396.33, 171.00
396.68, 163.00
397.02, 169.00
397.37, 171.00
397.71, 189.00
398.06, 189.00
398.40, 199.00
398.75, 220.00
399.09, 235.00
399.44, 236.00
399.78, 208.00
400.13, 190.00
400.47, 177.00
400.82, 168.00
401.16, 164.00
401.51, 172.00
401.85, 162.00
402.20, 165.00
402.54, 160.00
402.88, 167.00
403.23, 162.00
403.57, 177.00
403.92, 198.00
404.26, 262.00
404.61, 221.00
404.95, 260.00
405.30, 230.00
405.64, 226.00
405.98, 229.00
406.33, 195.00
406.67, 180.00
407.02, 166.00
407.36, 173.00
407.70, 169.00
408.05, 173.00
408.39, 176.00
408.74, 181.00
409.08, 185.00
409.42, 175.00
409.77, 175.00
410.11, 180.00
410.46, 171.00
410.80, 175.00
411.14, 176.00
411.49, 189.00
411.83, 187.00
412.17, 188.00
412.52, 188.00
412.86, 192.00
413.20, 201.00
413.55, 183.00
413.89, 185.00
414.23, 185.00
414.58, 223.00
414.92, 166.00
415.26, 172.00
415.61, 166.00
415.95, 177.00
416.29, 177.00
416.64, 174.00
416.98, 186.00
417.32, 183.00
417.67, 208.00
418.01, 213.00
418.35, 216.00
418.70, 239.00
419.04, 274.00
419.38, 265.00
419.72, 252.00
420.07, 236.00
420.41, 197.00
420.75, 189.00
421.10, 178.00
421.44, 182.00
421.78, 177.00
422.12, 175.00
422.47, 187.00
422.81, 194.00
423.15, 207.00
423.49, 197.00
423.84, 192.00
424.18, 210.00
424.52, 221.00
424.86, 256.00
425.21, 301.00
425.55, 343.00
425.89, 396.00
426.23, 475.00
426.57, 611.00
426.92, 660.00
427.26, 727.00
427.60, 600.00
427.94, 438.00
428.28, 334.00
428.63, 269.00
428.97, 217.00
429.31, 187.00
429.65, 175.00
429.99, 173.00
430.34, 168.00
430.68, 166.00
431.02, 176.00
431.36, 162.00
431.70, 172.00
432.04, 172.00
432.39, 173.00
432.73, 178.00
433.07, 185.00
433.41, 186.00
433.75, 190.00
434.09, 187.00
434.43, 192.00
434.78, 262.00
435.12, 307.00
435.46, 333.00
435.80, 314.00
436.14, 276.00
436.48, 240.00
436.82, 226.00
437.16, 205.00
437.51, 189.00
437.85, 189.00
438.19, 222.00
438.53, 185.00
438.87, 194.00
439.21, 177.00
439.55, 192.00
439.89, 186.00
440.23, 184.00
440.57, 193.00
440.91, 187.00
441.26, 188.00
441.60, 186.00
441.94, 179.00
442.28, 187.00
442.62, 187.00
442.96, 181.00
443.30, 181.00
443.64, 174.00
443.98, 175.00
444.32, 184.00
444.66, 170.00
445.00, 174.00
445.34, 185.00
445.68, 177.00
446.02, 182.00
446.36, 175.00
446.70, 183.00
447.04, 182.00
447.38, 202.00
447.72, 185.00
448.06, 183.00
448.40, 184.00
448.74, 181.00
449.08, 178.00
449.42, 179.00
449.76, 180.00
450.10, 175.00
450.44, 169.00
450.78, 181.00
451.12, 185.00
451.46, 178.00
451.80, 182.00
452.14, 170.00
452.48, 172.00
452.82, 172.00
453.16, 171.00
453.50, 182.00
453.84, 173.00
454.18, 212.00
454.52, 184.00
454.86, 185.00
455.19, 188.00
455.53, 179.00
455.87, 183.00
456.21, 192.00
456.55, 182.00
456.89, 183.00
457.23, 188.00
457.57, 193.00
457.91, 196.00
458.25, 190.00
458.59, 209.00
458.92, 214.00
459.26, 213.00
459.60, 219.00
459.94, 203.00
460.28, 190.00
460.62, 185.00
460.96, 175.00
461.30, 176.00
461.63, 182.00
461.97, 173.00
462.31, 172.00
462.65, 180.00
462.99, 175.00
463.33, 182.00
463.67, 181.00
464.00, 185.00
464.34, 188.00
464.68, 189.00
465.02, 194.00
465.36, 191.00
465.70, 180.00
466.03, 188.00
466.37, 184.00
466.71, 189.00
467.05, 189.00
467.39, 200.00
467.72, 212.00
468.06, 225.00
468.40, 233.00
468.74, 232.00
469.08, 252.00
469.41, 268.00
469.75, 297.00
470.09, 308.00
470.43, 317.00
470.76, 279.00
471.10, 253.00
471.44, 236.00
471.78, 214.00
472.11, 205.00
472.45, 204.00
472.79, 197.00
473.13, 192.00
473.46, 191.00
473.80, 182.00
474.14, 178.00
474.48, 182.00
474.81, 179.00
475.15, 182.00
475.49, 189.00
475.82, 185.00
476.16, 180.00
476.50, 178.00
476.84, 187.00
477.17, 171.00
477.51, 177.00
477.85, 179.00
478.18, 201.00
478.52, 177.00
478.86, 232.00
479.19, 188.00
479.53, 182.00
479.87, 223.00
480.20, 191.00
480.54, 186.00
480.88, 181.00
481.21, 186.00
481.55, 184.00
481.89, 188.00
482.22, 194.00
482.56, 198.00
482.90, 207.00
483.23, 201.00
483.57, 206.00
483.90, 208.00
484.24, 215.00
484.58, 221.00
484.91, 225.00
485.25, 229.00
485.58, 241.00
485.92, 241.00
486.26, 242.00
486.59, 247.00
486.93, 252.00
487.26, 249.00
487.60, 252.00
487.94, 250.00
488.27, 248.00
488.61, 246.00
488.94, 243.00
489.28, 240.00
489.61, 243.00
489.95, 235.00
490.29, 240.00
490.62, 248.00
490.96, 237.00
491.29, 236.00
491.63, 233.00
491.96, 225.00
492.30, 225.00
492.63, 230.00
492.97, 229.00
493.30, 219.00
493.64, 219.00
493.97, 222.00
494.31, 225.00
494.64, 226.00
494.98, 230.00
495.31, 217.00
495.65, 216.00
495.98, 210.00
496.32, 208.00
496.65, 240.00
496.99, 214.00
497.32, 207.00
497.66, 199.00
497.99, 197.00
498.33, 195.00
498.66, 197.00
499.00, 195.00
499.33, 188.00
499.67, 189.00
500.00, 194.00
500.34, 207.00
500.67, 211.00
501.00, 206.00
501.34, 196.00
501.67, 193.00
502.01, 188.00
502.34, 186.00
502.68, 195.00
503.01, 191.00
503.34, 195.00
503.68, 190.00
504.01, 190.00
504.35, 195.00
504.68, 197.00
505.01, 192.00
505.35, 193.00
505.68, 201.00
506.02, 196.00
506.35, 202.00
506.68, 210.00
507.02, 206.00
507.35, 202.00
507.68, 188.00
508.02, 194.00
508.35, 199.00
508.69, 187.00
509.02, 189.00
509.35, 185.00
509.69, 181.00
510.02, 193.00
510.35, 182.00
510.69, 183.00
511.02, 181.00
511.35, 179.00
511.69, 186.00
512.02, 191.00
512.35, 182.00
512.68, 186.00
513.02, 190.00
513.35, 186.00
513.68, 188.00
514.02, 194.00
514.35, 181.00
514.68, 187.00
515.01, 179.00
515.35, 182.00
515.68, 175.00
516.01, 177.00
516.35, 175.00
516.68, 176.00
517.01, 177.00
517.34, 175.00
517.68, 178.00
518.01, 186.00
518.34, 179.00
518.67, 178.00
519.01, 177.00
519.34, 183.00
519.67, 190.00
520.00, 183.00
520.33, 189.00
520.67, 188.00
521.00, 187.00
521.33, 192.00
521.66, 199.00
522.00, 200.00
522.33, 194.00
522.66, 190.00
522.99, 186.00
523.32, 193.00
523.65, 190.00
523.99, 190.00
524.32, 186.00
524.65, 182.00
524.98, 180.00
525.31, 186.00
525.65, 210.00
525.98, 181.00
526.31, 181.00
526.64, 188.00
526.97, 185.00
527.30, 175.00
527.63, 180.00
527.97, 183.00
528.30, 181.00
528.63, 185.00
528.96, 208.00
529.29, 177.00
529.62, 185.00
529.95, 175.00
530.28, 176.00
530.61, 170.00
530.95, 176.00
531.28, 176.00
531.61, 183.00
531.94, 193.00
532.27, 198.00
532.60, 189.00
532.93, 193.00
533.26, 186.00
533.59, 180.00
533.92, 181.00
534.25, 181.00
534.58, 217.00
534.91, 183.00
535.25, 177.00
535.58, 179.00
535.91, 179.00
536.24, 185.00
536.57, 189.00
536.90, 191.00
537.23, 194.00
537.56, 239.00
537.89, 205.00
538.22, 211.00
538.55, 210.00
538.88, 219.00
539.21, 343.00
539.54, 240.00
539.87, 255.00
540.20, 279.00
540.53, 299.00
540.86, 366.00
541.19, 389.00
541.52, 416.00
541.85, 423.00
542.18, 456.00
542.51, 458.00
542.84, 462.00
543.17, 475.00
543.50, 453.00
543.82, 456.00
544.15, 434.00
544.48, 437.00
544.81, 473.00
545.14, 502.00
545.47, 488.00
545.80, 448.00
546.13, 396.00
546.46, 391.00
546.79, 349.00
547.12, 302.00
547.45, 286.00
547.78, 283.00
548.10, 269.00
548.43, 263.00
548.76, 261.00
549.09, 252.00
549.42, 249.00
549.75, 245.00
550.08, 237.00
550.41, 238.00
550.74, 238.00
551.06, 234.00
551.39, 233.00
551.72, 227.00
552.05, 219.00
552.38, 219.00
552.71, 204.00
553.03, 215.00
553.36, 206.00
553.69, 209.00
554.02, 193.00
554.35, 200.00
554.68, 190.00
555.00, 193.00
555.33, 188.00
555.66, 185.00
555.99, 198.00
556.32, 193.00
556.64, 190.00
556.97, 198.00
557.30, 199.00
557.63, 197.00
557.96, 198.00
558.28, 195.00
558.61, 197.00
558.94, 198.00
559.27, 199.00
559.59, 191.00
559.92, 187.00
560.25, 188.00
560.58, 191.00
560.90, 198.00
561.23, 196.00
561.56, 192.00
561.89, 188.00
562.21, 187.00
562.54, 181.00
562.87, 182.00
563.20, 185.00
563.52, 175.00
563.85, 174.00
564.18, 183.00
564.50, 175.00
564.83, 207.00
565.16, 223.00
565.48, 169.00
565.81, 177.00
566.14, 168.00
566.47, 166.00
566.79, 166.00
567.12, 164.00
567.45, 196.00
567.77, 166.00
568.10, 174.00
568.43, 167.00
568.75, 168.00
569.08, 171.00
569.40, 204.00
569.73, 174.00
570.06, 166.00
570.38, 162.00
570.71, 165.00
571.04, 164.00
571.36, 178.00
571.69, 174.00
572.01, 171.00
572.34, 171.00
572.67, 172.00
572.99, 174.00
573.32, 188.00
573.64, 167.00
573.97, 167.00
574.30, 170.00
574.62, 164.00
574.95, 170.00
575.27, 174.00
575.60, 175.00
575.92, 177.00
576.25, 189.00
576.58, 191.00
576.90, 182.00
577.23, 217.00
577.55, 190.00
577.88, 185.00
578.20, 191.00
578.53, 193.00
578.85, 215.00
579.18, 205.00
579.50, 194.00
579.83, 197.00
580.15, 203.00
580.48, 201.00
580.80, 205.00
581.13, 201.00
581.45, 201.00
581.78, 208.00
582.10, 209.00
582.43, 215.00
582.75, 220.00
583.08, 218.00
583.40, 216.00
583.73, 284.00
584.05, 221.00
584.38, 209.00
584.70, 262.00
585.03, 216.00
585.35, 210.00
585.67, 217.00
586.00, 236.00
586.32, 264.00
586.65, 280.00
586.97, 264.00
587.30, 263.00
587.62, 244.00
587.94, 252.00
588.27, 223.00
588.59, 215.00
588.92, 210.00
589.24, 207.00
589.56, 215.00
589.89, 212.00
590.21, 201.00
590.54, 202.00
590.86, 202.00
591.18, 198.00
591.51, 204.00
591.83, 221.00
592.15, 222.00
592.48, 220.00
592.80, 219.00
593.13, 211.00
593.45, 213.00
593.77, 209.00
594.10, 201.00
594.42, 198.00
594.74, 195.00
595.07, 202.00
595.39, 202.00
595.71, 201.00
596.03, 207.00
596.36, 211.00
596.68, 204.00
597.00, 208.00
597.33, 212.00
597.65, 205.00
597.97, 216.00
598.30, 217.00
598.62, 209.00
598.94, 218.00
599.26, 219.00
599.59, 215.00
599.91, 217.00
600.23, 211.00
600.55, 201.00
600.88, 207.00
601.20, 198.00
601.52, 188.00
601.84, 186.00
602.17, 189.00
602.49, 176.00
602.81, 180.00
603.13, 173.00
603.45, 186.00
603.78, 183.00
604.10, 177.00
604.42, 177.00
604.74, 172.00
605.07, 178.00
605.39, 178.00
605.71, 179.00
606.03, 181.00
606.35, 175.00
606.67, 186.00
607.00, 189.00
607.32, 189.00
607.64, 194.00
607.96, 187.00
608.28, 196.00
608.60, 209.00
608.93, 217.00
609.25, 237.00
609.57, 297.00
609.89, 392.00
610.21, 455.00
610.53, 511.00
610.85, 496.00
611.17, 462.00
611.50, 437.00
611.82, 396.00
612.14, 375.00
612.46, 340.00
612.78, 324.00
613.10, 317.00
613.42, 284.00
613.74, 290.00
614.06, 309.00
614.38, 273.00
614.70, 268.00
615.03, 263.00
615.35, 250.00
615.67, 337.00
615.99, 227.00
616.31, 214.00
616.63, 209.00
616.95, 198.00
617.27, 193.00
617.59, 189.00
617.91, 193.00
618.23, 203.00
618.55, 192.00
618.87, 193.00
619.19, 201.00
619.51, 190.00
619.83, 190.00
620.15, 194.00
620.47, 196.00
620.79, 197.00
621.11, 198.00
621.43, 191.00
621.75, 200.00
622.07, 193.00
622.39, 191.00
622.71, 186.00
623.03, 193.00
623.35, 233.00
623.67, 190.00
623.99, 191.00
624.31, 187.00
624.63, 185.00
624.95, 191.00
625.26, 183.00
625.58, 182.00
625.90, 209.00
626.22, 186.00
626.54, 183.00
626.86, 190.00
627.18, 183.00
627.50, 194.00
627.82, 179.00
628.14, 185.00
628.46, 190.00
628.77, 190.00
629.09, 193.00
629.41, 196.00
629.73, 205.00
630.05, 219.00
630.37, 213.00
630.69, 219.00
631.00, 221.00
631.32, 212.00
631.64, 195.00
631.96, 191.00
632.28, 182.00
632.60, 196.00
632.92, 180.00
633.23, 182.00
633.55, 183.00
633.87, 174.00
634.19, 183.00
634.51, 182.00
634.82, 197.00
635.14, 192.00
635.46, 188.00
635.78, 190.00
636.10, 192.00
636.41, 188.00
636.73, 189.00
637.05, 190.00
637.37, 183.00
637.68, 188.00
638.00, 180.00
638.32, 191.00
638.64, 200.00
638.95, 223.00
639.27, 217.00
639.59, 207.00
639.91, 199.00
640.22, 199.00
640.54, 192.00
640.86, 188.00
641.18, 196.00
641.49, 199.00
641.81, 191.00
642.13, 191.00
642.44, 176.00
642.76, 180.00
643.08, 185.00
643.40, 172.00
643.71, 182.00
644.03, 178.00
644.35, 186.00
644.66, 192.00
644.98, 179.00
645.30, 175.00
645.61, 197.00
645.93, 171.00
646.25, 166.00
646.56, 177.00
646.88, 200.00
647.19, 168.00
647.51, 173.00
647.83, 166.00
648.14, 164.00
648.46, 171.00
648.78, 170.00
649.09, 174.00
649.41, 214.00
649.72, 185.00
650.04, 187.00
650.36, 179.00
650.67, 177.00
650.99, 181.00
651.30, 182.00
651.62, 175.00
651.93, 178.00
652.25, 194.00
652.57, 211.00
652.88, 179.00
653.20, 179.00
653.51, 187.00
653.83, 173.00
654.14, 171.00
654.46, 173.00
654.77, 173.00
655.09, 180.00
655.40, 179.00
655.72, 170.00
656.04, 166.00
656.35, 176.00
656.67, 169.00
656.98, 162.00
657.30, 173.00
657.61, 168.00
657.93, 174.00
658.24, 175.00
658.55, 221.00
658.87, 177.00
659.18, 182.00
659.50, 179.00
659.81, 180.00
660.13, 176.00
660.44, 181.00
660.76, 178.00
661.07, 196.00
661.39, 177.00
661.70, 176.00
662.01, 173.00
662.33, 168.00
662.64, 169.00
662.96, 168.00
663.27, 166.00
663.59, 168.00
663.90, 165.00
664.21, 162.00
664.53, 172.00
664.84, 161.00
665.16, 194.00
665.47, 166.00
665.78, 165.00
666.10, 178.00
666.41, 182.00
666.72, 190.00
667.04, 198.00
667.35, 191.00
667.67, 183.00
667.98, 178.00
668.29, 172.00
668.61, 175.00
668.92, 176.00
669.23, 170.00
669.55, 175.00
669.86, 196.00
670.17, 170.00
670.48, 168.00
670.80, 156.00
671.11, 161.00
671.42, 164.00
671.74, 168.00
672.05, 161.00
672.36, 165.00
672.68, 160.00
672.99, 159.00
673.30, 166.00
673.61, 162.00
673.93, 164.00
674.24, 163.00
674.55, 161.00
674.86, 168.00
675.18, 170.00
675.49, 170.00
675.80, 169.00
676.11, 176.00
676.43, 174.00
676.74, 169.00
677.05, 173.00
677.36, 179.00
677.67, 172.00
677.99, 171.00
678.30, 166.00
678.61, 168.00
678.92, 169.00
679.23, 173.00
679.55, 167.00
679.86, 168.00
680.17, 170.00
680.48, 174.00
680.79, 169.00
681.10, 160.00
681.42, 166.00
681.73, 159.00
682.04, 159.00
682.35, 166.00
682.66, 162.00
682.97, 165.00
683.28, 167.00
683.60, 160.00
683.91, 161.00
684.22, 186.00
684.53, 165.00
684.84, 161.00
685.15, 165.00
685.46, 189.00
685.77, 158.00
686.08, 156.00
686.40, 199.00
686.71, 171.00
687.02, 158.00
687.33, 160.00
687.64, 156.00
687.95, 160.00
688.26, 153.00
688.57, 160.00
688.88, 164.00
689.19, 153.00
689.50, 154.00
689.81, 158.00
690.12, 150.00
690.43, 168.00
690.74, 149.00
691.05, 155.00
691.36, 171.00
691.67, 153.00
691.98, 152.00
692.29, 158.00
692.60, 162.00
692.91, 156.00
693.22, 156.00
693.53, 150.00
693.84, 161.00
694.15, 154.00
694.46, 154.00
694.77, 153.00
695.08, 157.00
695.39, 155.00
695.70, 154.00
696.01, 153.00
696.32, 149.00
696.63, 150.00
696.94, 157.00
697.25, 147.00
697.56, 156.00
697.87, 157.00
698.17, 195.00
698.48, 161.00
698.79, 151.00
699.10, 156.00
699.41, 157.00
699.72, 151.00
700.03, 149.00
700.34, 153.00
700.65, 157.00
700.95, 150.00
701.26, 157.00
701.57, 151.00
701.88, 149.00
702.19, 168.00
702.50, 158.00
702.81, 159.00
703.11, 183.00
703.42, 156.00
703.73, 165.00
704.04, 161.00
704.35, 170.00
704.66, 184.00
704.96, 259.00
705.27, 333.00
705.58, 382.00
705.89, 386.00
706.20, 320.00
706.50, 282.00
706.81, 266.00
707.12, 242.00
707.43, 219.00
707.73, 203.00
708.04, 182.00
708.35, 177.00
708.66, 159.00
708.97, 162.00
709.27, 169.00
709.58, 159.00
709.89, 158.00
710.19, 159.00
710.50, 162.00
710.81, 159.00
711.12, 171.00
711.42, 163.00
711.73, 168.00
712.04, 159.00
712.35, 158.00
712.65, 159.00
712.96, 157.00
713.27, 160.00
713.57, 183.00
713.88, 177.00
714.19, 148.00
714.49, 157.00
714.80, 157.00
715.11, 153.00
715.41, 150.00
715.72, 148.00
716.03, 154.00
716.33, 161.00
716.64, 146.00
716.94, 155.00
717.25, 157.00
717.56, 164.00
717.86, 151.00
718.17, 149.00
718.48, 151.00
718.78, 156.00
719.09, 148.00
719.39, 148.00
719.70, 150.00
720.01, 153.00
720.31, 155.00
720.62, 152.00
720.92, 157.00
721.23, 154.00
721.53, 156.00
721.84, 155.00
722.15, 157.00
722.45, 152.00
722.76, 155.00
723.06, 154.00
723.37, 151.00
723.67, 149.00
723.98, 154.00
724.28, 152.00
724.59, 158.00
724.89, 157.00
725.20, 157.00
725.50, 161.00
725.81, 158.00
726.11, 154.00
726.42, 162.00
726.72, 160.00
727.03, 201.00
727.33, 165.00
727.64, 171.00
727.94, 161.00
728.25, 153.00
728.55, 156.00
728.86, 178.00
729.16, 155.00
729.46, 153.00
729.77, 158.00
730.07, 146.00
730.38, 146.00
730.68, 147.00
730.99, 155.00
731.29, 146.00
731.59, 156.00
731.90, 147.00
732.20, 150.00
732.51, 150.00
732.81, 153.00
733.11, 157.00
733.42, 152.00
733.72, 156.00
734.02, 153.00
734.33, 151.00
734.63, 156.00
734.94, 154.00
735.24, 153.00
735.54, 151.00
735.85, 145.00
736.15, 148.00
736.45, 147.00
736.76, 150.00
737.06, 153.00
737.36, 148.00
737.67, 150.00
737.97, 152.00
738.27, 152.00
738.57, 155.00
738.88, 148.00
739.18, 189.00
739.48, 156.00
739.79, 144.00
740.09, 149.00
740.39, 150.00
740.69, 154.00
741.00, 148.00
741.30, 153.00
741.60, 150.00
741.90, 147.00
742.21, 151.00
742.51, 196.00
742.81, 149.00
743.11, 153.00
743.42, 170.00
743.72, 151.00
744.02, 158.00
744.32, 151.00
744.63, 157.00
744.93, 159.00
745.23, 157.00
745.53, 164.00
745.83, 156.00
746.13, 159.00
746.44, 155.00
746.74, 152.00
747.04, 153.00
747.34, 159.00
747.64, 158.00
747.94, 154.00
748.25, 159.00
748.55, 164.00
748.85, 150.00
749.15, 159.00
749.45, 185.00
749.75, 155.00
750.05, 163.00
750.35, 157.00
750.66, 167.00
750.96, 156.00
751.26, 153.00
751.56, 151.00
751.86, 158.00
752.16, 147.00
752.46, 148.00
752.76, 150.00
753.06, 151.00
753.36, 192.00
753.66, 146.00
753.96, 155.00
754.27, 151.00
754.57, 153.00
754.87, 149.00
755.17, 151.00
755.47, 154.00
755.77, 151.00
756.07, 149.00
756.37, 149.00
756.67, 155.00
756.97, 151.00
757.27, 152.00
757.57, 152.00
757.87, 155.00
758.17, 158.00
758.47, 159.00
758.77, 159.00
759.07, 153.00
759.37, 159.00
759.67, 155.00
759.97, 157.00
760.27, 153.00
760.57, 152.00
760.86, 147.00
761.16, 153.00
761.46, 152.00
761.76, 184.00
762.06, 152.00
762.36, 158.00
762.66, 152.00
762.96, 149.00
763.26, 153.00
763.56, 176.00
763.86, 158.00
764.16, 151.00
764.45, 164.00
764.75, 155.00
765.05, 145.00
765.35, 147.00
765.65, 147.00
765.95, 152.00
766.25, 153.00
766.55, 159.00
766.84, 154.00
767.14, 155.00
767.44, 149.00
767.74, 157.00
768.04, 158.00
768.34, 154.00
768.63, 153.00
768.93, 147.00
769.23, 158.00
769.53, 152.00
769.83, 152.00
770.12, 151.00
770.42, 159.00
770.72, 154.00
771.02, 156.00
771.32, 153.00
771.61, 151.00
771.91, 159.00
772.21, 151.00
772.51, 155.00
772.80, 157.00
773.10, 153.00
773.40, 159.00
773.70, 153.00
773.99, 154.00
774.29, 159.00
774.59, 161.00
774.88, 156.00
775.18, 165.00
775.48, 231.00
775.78, 381.00
776.07, 508.00
776.37, 575.00
776.67, 520.00
776.96, 388.00
777.26, 368.00
777.56, 278.00
777.85, 250.00
778.15, 231.00
778.45, 224.00
778.74, 205.00
779.04, 185.00
779.34, 173.00
779.63, 163.00
779.93, 156.00
780.22, 151.00
780.52, 143.00
780.82, 156.00
781.11, 145.00
781.41, 143.00
781.71, 148.00
782.00, 150.00
782.30, 147.00
782.59, 155.00
782.89, 152.00
783.19, 147.00
783.48, 150.00
783.78, 146.00
784.07, 154.00
784.37, 148.00
784.66, 151.00
784.96, 149.00
785.25, 145.00
785.55, 148.00
785.84, 150.00
786.14, 152.00
786.44, 147.00
786.73, 150.00
787.03, 146.00
787.32, 152.00
787.62, 141.00
787.91, 146.00
788.21, 152.00
788.50, 151.00
788.80, 142.00
789.09, 153.00
789.39, 149.00
789.68, 144.00
789.97, 154.00
790.27, 156.00
790.56, 149.00
790.86, 155.00
791.15, 145.00
791.45, 143.00
791.74, 175.00
792.04, 145.00
792.33, 149.00
792.62, 168.00
792.92, 147.00
793.21, 140.00
793.51, 152.00
793.80, 143.00
794.09, 146.00
794.39, 148.00
794.68, 147.00
794.98, 143.00
795.27, 145.00
795.56, 149.00
795.86, 153.00
796.15, 148.00
796.44, 151.00
796.74, 146.00
797.03, 149.00
797.32, 145.00
797.62, 144.00
797.91, 160.00
798.20, 149.00
798.50, 152.00
798.79, 157.00
799.08, 149.00
799.38, 145.00
799.67, 146.00
799.96, 157.00
800.26, 166.00
800.55, 145.00
800.84, 150.00
801.13, 146.00
801.43, 148.00
801.72, 180.00
802.01, 145.00
802.30, 147.00
802.60, 148.00
802.89, 146.00
803.18, 142.00
803.47, 147.00
803.77, 149.00
804.06, 151.00
804.35, 150.00
804.64, 173.00
804.94, 148.00
805.23, 147.00
805.52, 143.00
805.81, 142.00
806.10, 152.00
806.39, 145.00
806.69, 144.00
806.98, 144.00
807.27, 149.00
807.56, 155.00
807.85, 151.00
808.14, 146.00
808.44, 159.00
808.73, 148.00
809.02, 165.00
809.31, 147.00
809.60, 150.00
809.89, 156.00
810.18, 153.00
810.48, 159.00
810.77, 149.00
811.06, 147.00
811.35, 144.00
811.64, 150.00
811.93, 162.00
812.22, 144.00
812.51, 147.00
812.80, 146.00
813.09, 149.00
813.38, 142.00
813.67, 164.00
813.96, 145.00
814.26, 145.00
814.55, 149.00
814.84, 146.00
815.13, 155.00
815.42, 146.00
815.71, 145.00
816.00, 144.00
816.29, 153.00
816.58, 151.00
816.87, 145.00
817.16, 146.00
817.45, 151.00
817.74, 147.00
818.03, 146.00
818.32, 145.00
818.61, 147.00
818.90, 147.00
819.19, 150.00
819.48, 147.00
819.76, 143.00
820.05, 149.00
820.34, 143.00
820.63, 146.00
820.92, 149.00
821.21, 146.00
821.50, 143.00
821.79, 141.00
822.08, 149.00
822.37, 148.00
822.66, 146.00
822.95, 151.00
823.23, 145.00
823.52, 168.00
823.81, 151.00
824.10, 145.00
824.39, 147.00
824.68, 145.00
824.97, 155.00
825.26, 147.00
825.54, 198.00
825.83, 148.00
826.12, 146.00
826.41, 139.00
826.70, 145.00
826.99, 154.00
827.27, 144.00
827.56, 165.00
827.85, 148.00
828.14, 145.00
828.43, 153.00
828.71, 148.00
829.00, 144.00
829.29, 142.00
829.58, 149.00
829.86, 145.00
830.15, 147.00
830.44, 148.00
830.73, 146.00
831.01, 139.00
831.30, 143.00
831.59, 144.00
831.88, 136.00
832.16, 142.00
832.45, 150.00
832.74, 143.00
833.03, 146.00
833.31, 147.00
833.60, 149.00
833.89, 141.00
834.17, 151.00
834.46, 143.00
834.75, 149.00
835.03, 145.00
835.32, 143.00
835.61, 147.00
835.89, 161.00
836.18, 144.00
836.47, 145.00
836.75, 143.00
837.04, 153.00
837.33, 151.00
837.61, 148.00
837.90, 140.00
838.19, 149.00
838.47, 146.00
838.76, 149.00
839.04, 146.00
839.33, 146.00
839.62, 143.00
839.90, 146.00
840.19, 141.00
840.47, 145.00
840.76, 171.00
841.04, 145.00
841.33, 146.00
841.62, 144.00
841.90, 139.00
842.19, 150.00
842.47, 296.00
842.76, 143.00
843.04, 151.00
843.33, 170.00
843.61, 150.00
843.90, 157.00
844.18, 153.00
844.47, 155.00
844.75, 156.00
845.04, 156.00
845.32, 153.00
845.61, 150.00
845.89, 153.00
846.18, 153.00
846.46, 154.00
846.75, 149.00
847.03, 161.00
847.32, 145.00
847.60, 145.00
847.88, 146.00
848.17, 147.00
848.45, 166.00
848.74, 151.00
849.02, 146.00
849.31, 150.00
849.59, 146.00
849.87, 146.00
850.16, 141.00
850.44, 152.00
850.73, 174.00
851.01, 149.00
851.29, 143.00
851.58, 143.00
851.86, 144.00
852.14, 143.00
852.43, 148.00
852.71, 145.00
853.00, 146.00
853.28, 151.00
853.56, 146.00
853.85, 151.00
854.13, 140.00
854.41, 144.00
854.69, 144.00
854.98, 143.00
855.26, 203.00
855.54, 147.00
855.83, 144.00
856.11, 150.00
856.39, 148.00
856.68, 143.00
856.96, 147.00
857.24, 149.00
857.52, 147.00
857.81, 147.00
858.09, 146.00
858.37, 145.00
858.65, 145.00
858.94, 145.00
859.22, 150.00
