190.05, 0.00
190.41, 132.00
190.77, 136.00
191.14, 139.00
191.50, 140.00
191.86, 162.00
192.22, 146.00
192.58, 151.00
192.94, 148.00
193.31, 142.00
193.67, 145.00
194.03, 147.00
194.39, 148.00
194.75, 142.00
195.11, 155.00
195.47, 160.00
195.84, 146.00
196.20, 145.00
196.56, 172.00
196.92, 145.00
197.28, 147.00
197.64, 142.00
198.00, 148.00
198.37, 148.00
198.73, 148.00
199.09, 145.00
199.45, 150.00
199.81, 148.00
200.17, 157.00
200.53, 147.00
200.89, 157.00
201.25, 182.00
201.62, 145.00
201.98, 149.00
202.34, 143.00
202.70, 155.00
203.06, 145.00
203.42, 143.00
203.78, 146.00
204.14, 150.00
204.50, 178.00
204.86, 155.00
205.22, 152.00
205.58, 152.00
205.95, 148.00
206.31, 148.00
206.67, 155.00
207.03, 157.00
207.39, 152.00
207.75, 143.00
208.11, 138.00
208.47, 146.00
208.83, 151.00
209.19, 145.00
209.55, 146.00
209.91, 149.00
210.27, 153.00
210.63, 149.00
210.99, 158.00
211.35, 146.00
211.71, 156.00
212.07, 150.00
212.43, 156.00
212.79, 149.00
213.15, 147.00
213.51, 148.00
213.87, 152.00
214.23, 147.00
214.59, 150.00
214.95, 149.00
215.31, 145.00
215.67, 146.00
216.03, 185.00
216.39, 146.00
216.75, 150.00
217.11, 153.00
217.47, 147.00
217.83, 152.00
218.19, 146.00
218.55, 147.00
218.91, 154.00
219.27, 144.00
219.63, 147.00
219.99, 149.00
220.35, 150.00
220.71, 152.00
221.07, 143.00
221.43, 146.00
221.79, 147.00
222.15, 150.00
222.51, 150.00
222.87, 152.00
223.23, 148.00
223.59, 144.00
223.95, 146.00
224.31, 145.00
224.67, 143.00
225.03, 160.00
225.39, 157.00
225.74, 149.00
226.10, 150.00
226.46, 144.00
226.82, 149.00
227.18, 152.00
227.54, 146.00
227.90, 149.00
228.26, 150.00
228.62, 156.00
228.98, 143.00
229.34, 143.00
229.69, 149.00
230.05, 148.00
230.41, 148.00
230.77, 153.00
231.13, 152.00
231.49, 148.00
231.85, 143.00
232.21, 155.00
232.57, 146.00
232.92, 146.00
233.28, 152.00
233.64, 149.00
234.00, 147.00
234.36, 139.00
234.72, 142.00
235.08, 145.00
235.44, 151.00
235.79, 145.00
236.15, 152.00
236.51, 148.00
236.87, 141.00
237.23, 151.00
237.59, 143.00
237.94, 155.00
238.30, 146.00
238.66, 149.00
239.02, 145.00
239.38, 146.00
239.74, 145.00
240.09, 156.00
240.45, 145.00
240.81, 142.00
241.17, 154.00
241.53, 147.00
241.89, 143.00
242.24, 143.00
242.60, 148.00
242.96, 151.00
243.32, 144.00
243.68, 140.00
244.03, 149.00
244.39, 153.00
244.75, 163.00
245.11, 144.00
245.46, 154.00
245.82, 174.00
246.18, 143.00
246.54, 154.00
246.90, 139.00
247.25, 142.00
247.61, 143.00
247.97, 179.00
248.33, 148.00
248.68, 148.00
249.04, 142.00
249.40, 147.00
249.76, 151.00
250.11, 149.00
250.47, 151.00
250.83, 151.00
251.19, 153.00
251.54, 154.00
251.90, 148.00
252.26, 153.00
252.62, 147.00
252.97, 145.00
253.33, 147.00
253.69, 147.00
254.05, 150.00
254.40, 145.00
254.76, 147.00
255.12, 170.00
255.47, 154.00
255.83, 150.00
256.19, 147.00
256.54, 145.00
256.90, 144.00
257.26, 141.00
257.62, 147.00
257.97, 141.00
258.33, 146.00
258.69, 146.00
259.04, 143.00
259.40, 145.00
259.76, 147.00
260.11, 148.00
260.47, 145.00
260.83, 152.00
261.18, 143.00
261.54, 156.00
261.90, 153.00
262.25, 147.00
262.61, 148.00
262.97, 147.00
263.32, 145.00
263.68, 144.00
264.04, 150.00
264.39, 148.00
264.75, 147.00
265.10, 144.00
265.46, 191.00
265.82, 161.00
266.17, 147.00
266.53, 146.00
266.89, 149.00
267.24, 156.00
267.60, 146.00
267.95, 143.00
268.31, 145.00
268.67, 145.00
269.02, 147.00
269.38, 140.00
269.74, 154.00
270.09, 152.00
270.45, 146.00
270.80, 173.00
271.16, 156.00
271.51, 159.00
271.87, 156.00
272.23, 151.00
272.58, 161.00
272.94, 152.00
273.29, 148.00
273.65, 196.00
274.00, 146.00
274.36, 155.00
274.72, 152.00
275.07, 145.00
275.43, 151.00
275.78, 157.00
276.14, 147.00
276.49, 155.00
276.85, 161.00
277.20, 174.00
277.56, 148.00
277.92, 145.00
278.27, 151.00
278.63, 161.00
278.98, 151.00
279.34, 153.00
279.69, 155.00
280.05, 172.00
280.40, 163.00
280.76, 181.00
281.11, 163.00
281.47, 163.00
281.82, 159.00
282.18, 159.00
282.53, 170.00
282.89, 180.00
283.24, 182.00
283.60, 172.00
283.95, 184.00
284.31, 183.00
284.66, 184.00
285.02, 195.00
285.37, 193.00
285.73, 193.00
286.08, 192.00
286.44, 167.00
286.79, 167.00
287.14, 165.00
287.50, 160.00
287.85, 156.00
288.21, 169.00
288.56, 163.00
288.92, 169.00
289.27, 171.00
289.63, 168.00
289.98, 174.00
290.34, 158.00
290.69, 171.00
291.04, 159.00
291.40, 155.00
291.75, 159.00
292.11, 167.00
292.46, 155.00
292.81, 165.00
293.17, 167.00
293.52, 181.00
293.88, 188.00
294.23, 202.00
294.59, 216.00
294.94, 235.00
295.29, 253.00
295.65, 264.00
296.00, 274.00
296.36, 244.00
296.71, 236.00
297.06, 239.00
297.42, 242.00
297.77, 237.00
298.12, 218.00
298.48, 210.00
298.83, 208.00
299.19, 212.00
299.54, 221.00
299.89, 226.00
300.25, 219.00
300.60, 215.00
300.95, 199.00
301.31, 185.00
301.66, 174.00
302.01, 173.00
302.37, 178.00
302.72, 176.00
303.07, 186.00
303.43, 195.00
303.78, 198.00
304.13, 206.00
304.49, 208.00
304.84, 215.00
305.19, 252.00
305.55, 214.00
305.90, 254.00
306.25, 360.00
306.61, 521.00
306.96, 653.00
307.31, 865.00
307.66, 1252.00
308.02, 1676.00
308.37, 2021.00
308.72, 2279.00
309.08, 2306.00
309.43, 2132.00
309.78, 1839.00
310.13, 1576.00
310.49, 1335.00
310.84, 1059.00
311.19, 914.00
311.54, 775.00
311.90, 652.00
312.25, 588.00
312.60, 584.00
312.95, 667.00
313.31, 747.00
313.66, 754.00
314.01, 742.00
314.36, 784.00
314.72, 890.00
315.07, 1142.00
315.42, 1358.00
315.77, 1404.00
316.13, 1141.00
316.48, 752.00
316.83, 513.00
317.18, 374.00
317.54, 281.00
317.89, 240.00
318.24, 230.00
318.59, 211.00
318.94, 208.00
319.30, 206.00
319.65, 218.00
320.00, 214.00
320.35, 226.00
320.70, 222.00
321.05, 216.00
321.41, 217.00
321.76, 216.00
322.11, 201.00
322.46, 205.00
322.81, 234.00
323.17, 203.00
323.52, 190.00
323.87, 191.00
324.22, 188.00
324.57, 198.00
324.92, 209.00
325.27, 215.00
325.63, 235.00
325.98, 241.00
326.33, 258.00
326.68, 262.00
327.03, 256.00
327.38, 252.00
327.73, 263.00
328.09, 283.00
328.44, 302.00
328.79, 260.00
329.14, 279.00
329.49, 230.00
329.84, 225.00
330.19, 235.00
330.54, 232.00
330.89, 245.00
331.25, 218.00
331.60, 216.00
331.95, 215.00
332.30, 220.00
332.65, 243.00
333.00, 266.00
333.35, 342.00
333.70, 358.00
334.05, 344.00
334.40, 379.00
334.75, 471.00
335.10, 653.00
335.45, 949.00
335.81, 1356.00
336.16, 1982.00
336.51, 2695.00
336.86, 2765.00
337.21, 2433.00
337.56, 1487.00
337.91, 881.00
338.26, 533.00
338.61, 356.00
338.96, 284.00
339.31, 244.00
339.66, 223.00
340.01, 219.00
340.36, 208.00
340.71, 205.00
341.06, 192.00
341.41, 203.00
341.76, 189.00
342.11, 203.00
342.46, 198.00
342.81, 194.00
343.16, 198.00
343.51, 198.00
343.86, 213.00
344.21, 196.00
344.56, 211.00
344.91, 209.00
345.26, 217.00
345.61, 212.00
345.96, 210.00
346.31, 207.00
346.66, 227.00
347.01, 205.00
347.36, 228.00
347.71, 212.00
348.06, 211.00
348.41, 227.00
348.76, 252.00
349.10, 261.00
349.45, 290.00
349.80, 285.00
350.15, 272.00
350.50, 268.00
350.85, 276.00
351.20, 284.00
351.55, 343.00
351.90, 421.00
352.25, 548.00
352.60, 710.00
352.95, 936.00
353.30, 1009.00
353.64, 884.00
353.99, 668.00
354.34, 527.00
354.69, 464.00
355.04, 473.00
355.39, 583.00
355.74, 785.00
356.09, 1050.00
356.44, 1356.00
356.78, 1912.00
357.13, 2204.00
357.48, 2117.00
357.83, 1607.00
358.18, 1014.00
358.53, 635.00
358.88, 390.00
359.22, 293.00
359.57, 222.00
359.92, 215.00
360.27, 203.00
360.62, 211.00
360.97, 207.00
361.32, 208.00
361.66, 209.00
362.01, 203.00
362.36, 210.00
362.71, 215.00
363.06, 221.00
363.40, 224.00
363.75, 226.00
364.10, 231.00
364.45, 224.00
364.80, 220.00
365.14, 226.00
365.49, 236.00
365.84, 248.00
366.19, 261.00
366.54, 279.00
366.88, 294.00
367.23, 255.00
367.58, 282.00
367.93, 228.00
368.28, 227.00
368.62, 227.00
368.97, 253.00
369.32, 291.00
369.67, 308.00
370.01, 399.00
370.36, 425.00
370.71, 442.00
371.06, 375.00
371.40, 327.00
371.75, 270.00
372.10, 250.00
372.45, 252.00
372.79, 277.00
373.14, 330.00
373.49, 383.00
373.83, 497.00
374.18, 618.00
374.53, 788.00
374.88, 889.00
375.22, 909.00
375.57, 711.00
375.92, 513.00
376.26, 387.00
376.61, 306.00
376.96, 266.00
377.30, 268.00
377.65, 306.00
378.00, 363.00
378.35, 433.00
378.69, 554.00
379.04, 695.00
379.39, 941.00
379.73, 1111.00
380.08, 1122.00
380.43, 866.00
380.77, 608.00
381.12, 486.00
381.47, 370.00
381.81, 295.00
382.16, 245.00
382.50, 230.00
382.85, 291.00
383.20, 220.00
383.54, 225.00
383.89, 232.00
384.24, 235.00
384.58, 259.00
384.93, 295.00
385.27, 280.00
385.62, 282.00
385.97, 270.00
386.31, 256.00
386.66, 292.00
387.00, 266.00
387.35, 279.00
387.70, 296.00
388.04, 411.00
388.39, 410.00
388.73, 472.00
389.08, 528.00
389.43, 571.00
389.77, 615.00
390.12, 700.00
390.46, 904.00
390.81, 1004.00
391.15, 982.00
391.50, 791.00
391.85, 561.00
392.19, 446.00
392.54, 369.00
392.88, 353.00
393.23, 389.00
393.57, 403.00
393.92, 406.00
394.26, 339.00
394.61, 287.00
394.95, 253.00
395.30, 228.00
395.64, 228.00
395.99, 252.00
396.33, 239.00
396.68, 247.00
397.02, 261.00
397.37, 294.00
397.71, 322.00
398.06, 380.00
398.40, 425.00
398.75, 526.00
399.09, 591.00
399.44, 581.00
399.78, 470.00
400.13, 376.00
400.47, 287.00
400.82, 253.00
401.16, 220.00
401.51, 219.00
401.85, 211.00
402.20, 232.00
402.54, 238.00
402.88, 252.00
403.23, 267.00
403.57, 292.00
403.92, 351.00
404.26, 449.00
404.61, 443.00
404.95, 558.00
405.30, 513.00
405.64, 472.00
405.98, 408.00
406.33, 331.00
406.67, 262.00
407.02, 248.00
407.36, 241.00
407.70, 234.00
408.05, 235.00
408.39, 249.00
408.74, 259.00
409.08, 273.00
409.42, 243.00
409.77, 238.00
410.11, 246.00
410.46, 218.00
410.80, 236.00
411.14, 232.00
411.49, 257.00
411.83, 263.00
412.17, 260.00
412.52, 270.00
412.86, 300.00
413.20, 307.00
413.55, 312.00
413.89, 294.00
414.23, 273.00
414.58, 283.00
414.92, 242.00
415.26, 234.00
415.61, 227.00
415.95, 232.00
416.29, 230.00
416.64, 243.00
416.98, 248.00
417.32, 259.00
417.67, 281.00
418.01, 298.00
418.35, 305.00
418.70, 351.00
419.04, 396.00
419.38, 376.00
419.72, 365.00
420.07, 338.00
420.41, 272.00
420.75, 252.00
421.10, 242.00
421.44, 235.00
421.78, 241.00
422.12, 226.00
422.47, 248.00
422.81, 252.00
423.15, 282.00
423.49, 271.00
423.84, 256.00
424.18, 276.00
424.52, 287.00
424.86, 321.00
425.21, 373.00
425.55, 396.00
425.89, 472.00
426.23, 523.00
426.57, 577.00
426.92, 577.00
427.26, 571.00
427.60, 492.00
427.94, 381.00
428.28, 308.00
428.63, 265.00
428.97, 249.00
429.31, 238.00
429.65, 226.00
429.99, 230.00
430.34, 228.00
430.68, 235.00
431.02, 246.00
431.36, 234.00
431.70, 239.00
432.04, 256.00
432.39, 262.00
432.73, 277.00
433.07, 282.00
433.41, 317.00
433.75, 316.00
434.09, 315.00
434.43, 313.00
434.78, 353.00
435.12, 380.00
435.46, 427.00
435.80, 380.00
436.14, 344.00
436.48, 295.00
436.82, 285.00
437.16, 262.00
437.51, 242.00
437.85, 242.00
438.19, 273.00
438.53, 251.00
438.87, 262.00
439.21, 256.00
439.55, 265.00
439.89, 271.00
440.23, 272.00
440.57, 282.00
440.91, 301.00
441.26, 283.00
441.60, 263.00
441.94, 255.00
442.28, 254.00
442.62, 259.00
442.96, 246.00
443.30, 242.00
443.64, 236.00
443.98, 235.00
444.32, 251.00
444.66, 237.00
445.00, 237.00
445.34, 257.00
445.68, 252.00
446.02, 244.00
446.36, 238.00
446.70, 252.00
447.04, 240.00
447.38, 273.00
447.72, 270.00
448.06, 277.00
448.40, 277.00
448.74, 271.00
449.08, 265.00
449.42, 250.00
449.76, 246.00
450.10, 236.00
450.44, 227.00
450.78, 235.00
451.12, 244.00
451.46, 237.00
451.80, 239.00
452.14, 227.00
452.48, 228.00
452.82, 234.00
453.16, 236.00
453.50, 242.00
453.84, 237.00
454.18, 282.00
454.52, 253.00
454.86, 257.00
455.19, 269.00
455.53, 265.00
455.87, 271.00
456.21, 287.00
456.55, 278.00
456.89, 274.00
457.23, 265.00
457.57, 252.00
457.91, 257.00
458.25, 261.00
458.59, 261.00
458.92, 276.00
459.26, 254.00
459.60, 269.00
459.94, 260.00
460.28, 240.00
460.62, 245.00
460.96, 230.00
461.30, 231.00
461.63, 232.00
461.97, 247.00
462.31, 241.00
462.65, 246.00
462.99, 258.00
463.33, 256.00
463.67, 264.00
464.00, 267.00
464.34, 271.00
464.68, 266.00
465.02, 283.00
465.36, 289.00
465.70, 274.00
466.03, 266.00
466.37, 256.00
466.71, 259.00
467.05, 259.00
467.39, 273.00
467.72, 275.00
468.06, 284.00
468.40, 286.00
468.74, 294.00
469.08, 305.00
469.41, 319.00
469.75, 317.00
470.09, 337.00
470.43, 340.00
470.76, 322.00
471.10, 310.00
471.44, 320.00
471.78, 293.00
472.11, 285.00
472.45, 282.00
472.79, 277.00
473.13, 278.00
473.46, 278.00
473.80, 265.00
474.14, 261.00
474.48, 264.00
474.81, 259.00
475.15, 265.00
475.49, 278.00
475.82, 272.00
476.16, 267.00
476.50, 262.00
476.84, 268.00
477.17, 257.00
477.51, 273.00
477.85, 270.00
478.18, 283.00
478.52, 259.00
478.86, 322.00
479.19, 287.00
479.53, 283.00
479.87, 330.00
480.20, 291.00
480.54, 295.00
480.88, 290.00
481.21, 280.00
481.55, 273.00
481.89, 287.00
482.22, 286.00
482.56, 285.00
482.90, 296.00
483.23, 298.00
483.57, 308.00
483.90, 307.00
484.24, 318.00
484.58, 311.00
484.91, 338.00
485.25, 342.00
485.58, 338.00
485.92, 344.00
486.26, 349.00
486.59, 362.00
486.93, 361.00
487.26, 357.00
487.60, 357.00
487.94, 353.00
488.27, 353.00
488.61, 349.00
488.94, 352.00
489.28, 355.00
489.61, 349.00
489.95, 351.00
490.29, 369.00
490.62, 370.00
490.96, 365.00
491.29, 354.00
491.63, 344.00
491.96, 342.00
492.30, 330.00
492.63, 335.00
492.97, 320.00
493.30, 324.00
493.64, 320.00
493.97, 322.00
494.31, 315.00
494.64, 332.00
494.98, 328.00
495.31, 327.00
495.65, 317.00
495.98, 324.00
496.32, 313.00
496.65, 355.00
496.99, 311.00
497.32, 297.00
497.66, 300.00
497.99, 298.00
498.33, 298.00
498.66, 287.00
499.00, 304.00
499.33, 290.00
499.67, 294.00
500.00, 288.00
500.34, 298.00
500.67, 298.00
501.00, 294.00
501.34, 287.00
501.67, 284.00
502.01, 283.00
502.34, 283.00
502.68, 283.00
503.01, 302.00
503.34, 286.00
503.68, 291.00
504.01, 290.00
504.35, 285.00
504.68, 299.00
505.01, 289.00
505.35, 291.00
505.68, 294.00
506.02, 290.00
506.35, 290.00
506.68, 305.00
507.02, 297.00
507.35, 289.00
507.68, 292.00
508.02, 283.00
508.35, 284.00
508.69, 281.00
509.02, 272.00
509.35, 286.00
509.69, 285.00
510.02, 277.00
510.35, 277.00
510.69, 274.00
511.02, 284.00
511.35, 268.00
511.69, 278.00
512.02, 277.00
512.35, 281.00
512.68, 282.00
513.02, 288.00
513.35, 270.00
513.68, 276.00
514.02, 275.00
514.35, 275.00
514.68, 277.00
515.01, 270.00
515.35, 278.00
515.68, 268.00
516.01, 276.00
516.35, 275.00
516.68, 264.00
517.01, 268.00
517.34, 274.00
517.68, 272.00
518.01, 273.00
518.34, 263.00
518.67, 273.00
519.01, 270.00
519.34, 279.00
519.67, 285.00
520.00, 275.00
520.33, 271.00
520.67, 276.00
521.00, 270.00
521.33, 271.00
521.66, 282.00
522.00, 281.00
522.33, 272.00
522.66, 266.00
522.99, 280.00
523.32, 280.00
523.65, 274.00
523.99, 266.00
524.32, 277.00
524.65, 273.00
524.98, 278.00
525.31, 269.00
525.65, 296.00
525.98, 270.00
526.31, 270.00
526.64, 273.00
526.97, 271.00
527.30, 266.00
527.63, 266.00
527.97, 263.00
528.30, 264.00
528.63, 271.00
528.96, 292.00
529.29, 254.00
529.62, 269.00
529.95, 257.00
530.28, 263.00
530.61, 254.00
530.95, 256.00
531.28, 253.00
531.61, 269.00
531.94, 267.00
532.27, 271.00
532.60, 273.00
532.93, 282.00
533.26, 277.00
533.59, 270.00
533.92, 273.00
534.25, 264.00
534.58, 291.00
534.91, 261.00
535.25, 258.00
535.58, 267.00
535.91, 263.00
536.24, 273.00
536.57, 271.00
536.90, 277.00
537.23, 286.00
537.56, 314.00
537.89, 292.00
538.22, 288.00
538.55, 299.00
538.88, 314.00
539.21, 428.00
539.54, 318.00
539.87, 334.00
540.20, 358.00
540.53, 385.00
540.86, 456.00
541.19, 467.00
541.52, 510.00
541.85, 521.00
542.18, 534.00
542.51, 551.00
542.84, 560.00
543.17, 574.00
543.50, 539.00
543.82, 542.00
544.15, 520.00
544.48, 518.00
544.81, 561.00
545.14, 607.00
545.47, 564.00
545.80, 551.00
546.13, 467.00
546.46, 462.00
546.79, 417.00
547.12, 373.00
547.45, 363.00
547.78, 363.00
548.10, 342.00
548.43, 347.00
548.76, 331.00
549.09, 326.00
549.42, 331.00
549.75, 322.00
550.08, 314.00
550.41, 307.00
550.74, 318.00
551.06, 301.00
551.39, 318.00
551.72, 300.00
552.05, 297.00
552.38, 281.00
552.71, 277.00
553.03, 279.00
553.36, 280.00
553.69, 274.00
554.02, 266.00
554.35, 265.00
554.68, 257.00
555.00, 268.00
555.33, 259.00
555.66, 260.00
555.99, 271.00
556.32, 261.00
556.64, 267.00
556.97, 272.00
557.30, 266.00
557.63, 266.00
557.96, 268.00
558.28, 263.00
558.61, 254.00
558.94, 265.00
559.27, 260.00
559.59, 261.00
559.92, 258.00
560.25, 248.00
560.58, 252.00
560.90, 262.00
561.23, 248.00
561.56, 246.00
561.89, 248.00
562.21, 244.00
562.54, 239.00
562.87, 230.00
563.20, 247.00
563.52, 236.00
563.85, 242.00
564.18, 249.00
564.50, 237.00
564.83, 264.00
565.16, 288.00
565.48, 231.00
565.81, 235.00
566.14, 227.00
566.47, 219.00
566.79, 232.00
567.12, 229.00
567.45, 256.00
567.77, 232.00
568.10, 234.00
568.43, 232.00
568.75, 237.00
569.08, 241.00
569.40, 263.00
569.73, 232.00
570.06, 225.00
570.38, 230.00
570.71, 227.00
571.04, 225.00
571.36, 239.00
571.69, 231.00
572.01, 234.00
572.34, 234.00
572.67, 237.00
572.99, 228.00
573.32, 247.00
573.64, 239.00
573.97, 240.00
574.30, 241.00
574.62, 242.00
574.95, 228.00
575.27, 248.00
575.60, 243.00
575.92, 249.00
576.25, 253.00
576.58, 264.00
576.90, 251.00
577.23, 279.00
577.55, 253.00
577.88, 262.00
578.20, 261.00
578.53, 259.00
578.85, 284.00
579.18, 281.00
579.50, 272.00
579.83, 264.00
580.15, 275.00
580.48, 265.00
580.80, 273.00
581.13, 264.00
581.45, 266.00
581.78, 278.00
582.10, 278.00
582.43, 284.00
582.75, 284.00
583.08, 286.00
583.40, 286.00
583.73, 354.00
584.05, 292.00
584.38, 276.00
584.70, 329.00
585.03, 277.00
585.35, 271.00
585.67, 279.00
586.00, 297.00
586.32, 312.00
586.65, 326.00
586.97, 329.00
587.30, 325.00
587.62, 291.00
587.94, 307.00
588.27, 287.00
588.59, 282.00
588.92, 276.00
589.24, 275.00
589.56, 284.00
589.89, 274.00
590.21, 263.00
590.54, 273.00
590.86, 266.00
591.18, 269.00
591.51, 275.00
591.83, 289.00
592.15, 291.00
592.48, 290.00
592.80, 300.00
593.13, 289.00
593.45, 281.00
593.77, 279.00
594.10, 279.00
594.42, 286.00
594.74, 273.00
595.07, 278.00
595.39, 274.00
595.71, 274.00
596.03, 274.00
596.36, 272.00
596.68, 272.00
597.00, 277.00
597.33, 273.00
597.65, 284.00
597.97, 288.00
598.30, 300.00
598.62, 285.00
598.94, 296.00
599.26, 296.00
599.59, 298.00
599.91, 291.00
600.23, 286.00
600.55, 276.00
600.88, 274.00
601.20, 257.00
601.52, 255.00
601.84, 252.00
602.17, 243.00
602.49, 249.00
602.81, 234.00
603.13, 240.00
603.45, 249.00
603.78, 246.00
604.10, 241.00
604.42, 241.00
604.74, 237.00
605.07, 234.00
605.39, 239.00
605.71, 235.00
606.03, 237.00
606.35, 237.00
606.67, 241.00
607.00, 245.00
607.32, 241.00
607.64, 237.00
607.96, 234.00
608.28, 247.00
608.60, 250.00
608.93, 267.00
609.25, 306.00
609.57, 354.00
609.89, 445.00
610.21, 519.00
610.53, 568.00
610.85, 544.00
611.17, 528.00
611.50, 487.00
611.82, 448.00
612.14, 426.00
612.46, 389.00
612.78, 374.00
613.10, 353.00
613.42, 327.00
613.74, 335.00
614.06, 351.00
614.38, 319.00
614.70, 320.00
615.03, 311.00
615.35, 297.00
615.67, 385.00
615.99, 264.00
616.31, 263.00
616.63, 262.00
616.95, 249.00
617.27, 243.00
617.59, 242.00
617.91, 228.00
618.23, 248.00
618.55, 228.00
618.87, 231.00
619.19, 230.00
619.51, 230.00
619.83, 232.00
620.15, 236.00
620.47, 230.00
620.79, 235.00
621.11, 238.00
621.43, 231.00
621.75, 238.00
622.07, 235.00
622.39, 234.00
622.71, 232.00
623.03, 237.00
623.35, 274.00
623.67, 228.00
623.99, 232.00
624.31, 231.00
624.63, 239.00
624.95, 219.00
625.26, 223.00
625.58, 229.00
625.90, 249.00
626.22, 224.00
626.54, 230.00
626.86, 231.00
627.18, 225.00
627.50, 231.00
627.82, 226.00
628.14, 228.00
628.46, 239.00
628.77, 235.00
629.09, 244.00
629.41, 255.00
629.73, 248.00
630.05, 278.00
630.37, 266.00
630.69, 268.00
631.00, 258.00
631.32, 257.00
631.64, 244.00
631.96, 237.00
632.28, 234.00
632.60, 227.00
632.92, 226.00
633.23, 231.00
633.55, 225.00
633.87, 233.00
634.19, 233.00
634.51, 226.00
634.82, 247.00
635.14, 243.00
635.46, 236.00
635.78, 249.00
636.10, 237.00
636.41, 245.00
636.73, 236.00
637.05, 239.00
637.37, 241.00
637.68, 238.00
638.00, 232.00
638.32, 235.00
638.64, 232.00
638.95, 247.00
639.27, 231.00
639.59, 237.00
639.91, 232.00
640.22, 233.00
640.54, 238.00
640.86, 219.00
641.18, 241.00
641.49, 253.00
641.81, 249.00
642.13, 257.00
642.44, 238.00
642.76, 248.00
643.08, 251.00
643.40, 250.00
643.71, 257.00
644.03, 264.00
644.35, 257.00
644.66, 269.00
644.98, 255.00
645.30, 256.00
645.61, 273.00
645.93, 247.00
646.25, 237.00
646.56, 245.00
646.88, 271.00
647.19, 233.00
647.51, 241.00
647.83, 226.00
648.14, 230.00
648.46, 230.00
648.78, 243.00
649.09, 251.00
649.41, 293.00
649.72, 266.00
650.04, 273.00
650.36, 280.00
650.67, 284.00
650.99, 275.00
651.30, 279.00
651.62, 282.00
651.93, 284.00
652.25, 294.00
652.57, 314.00
652.88, 274.00
653.20, 271.00
653.51, 281.00
653.83, 264.00
654.14, 242.00
654.46, 251.00
654.77, 250.00
655.09, 261.00
655.40, 272.00
655.72, 259.00
656.04, 247.00
656.35, 243.00
656.67, 239.00
656.98, 250.00
657.30, 242.00
657.61, 242.00
657.93, 253.00
658.24, 255.00
658.55, 298.00
658.87, 258.00
659.18, 262.00
659.50, 264.00
659.81, 269.00
660.13, 258.00
660.44, 266.00
660.76, 262.00
661.07, 276.00
661.39, 257.00
661.70, 247.00
662.01, 230.00
662.33, 227.00
662.64, 239.00
662.96, 222.00
663.27, 217.00
663.59, 216.00
663.90, 210.00
664.21, 210.00
664.53, 237.00
664.84, 218.00
665.16, 243.00
665.47, 221.00
665.78, 234.00
666.10, 236.00
666.41, 235.00
666.72, 236.00
667.04, 244.00
667.35, 240.00
667.67, 241.00
667.98, 241.00
668.29, 234.00
668.61, 229.00
668.92, 237.00
669.23, 237.00
669.55, 233.00
669.86, 256.00
670.17, 220.00
670.48, 220.00
670.80, 211.00
671.11, 215.00
671.42, 209.00
671.74, 212.00
672.05, 216.00
672.36, 225.00
672.68, 218.00
672.99, 225.00
673.30, 234.00
673.61, 243.00
673.93, 245.00
674.24, 256.00
674.55, 261.00
674.86, 264.00
675.18, 265.00
675.49, 262.00
675.80, 264.00
676.11, 269.00
676.43, 276.00
676.74, 270.00
677.05, 268.00
677.36, 273.00
677.67, 259.00
677.99, 256.00
678.30, 236.00
678.61, 237.00
678.92, 229.00
679.23, 227.00
679.55, 207.00
679.86, 207.00
680.17, 199.00
680.48, 207.00
680.79, 201.00
681.10, 196.00
681.42, 197.00
681.73, 190.00
682.04, 196.00
682.35, 188.00
682.66, 194.00
682.97, 194.00
683.28, 202.00
683.60, 204.00
683.91, 194.00
684.22, 210.00
684.53, 197.00
684.84, 189.00
685.15, 196.00
685.46, 221.00
685.77, 192.00
686.08, 195.00
686.40, 231.00
686.71, 199.00
687.02, 186.00
687.33, 194.00
687.64, 188.00
687.95, 184.00
688.26, 182.00
688.57, 178.00
688.88, 178.00
689.19, 176.00
689.50, 176.00
689.81, 184.00
690.12, 172.00
690.43, 198.00
690.74, 175.00
691.05, 175.00
691.36, 182.00
691.67, 175.00
691.98, 179.00
692.29, 179.00
692.60, 181.00
692.91, 177.00
693.22, 171.00
693.53, 169.00
693.84, 182.00
694.15, 175.00
694.46, 176.00
694.77, 171.00
695.08, 175.00
695.39, 177.00
695.70, 170.00
696.01, 175.00
696.32, 176.00
696.63, 173.00
696.94, 174.00
697.25, 170.00
697.56, 181.00
697.87, 178.00
698.17, 211.00
698.48, 177.00
698.79, 173.00
699.10, 170.00
699.41, 177.00
699.72, 167.00
700.03, 167.00
700.34, 175.00
700.65, 174.00
700.95, 170.00
701.26, 174.00
701.57, 172.00
701.88, 170.00
702.19, 186.00
702.50, 172.00
702.81, 171.00
703.11, 194.00
703.42, 177.00
703.73, 178.00
704.04, 177.00
704.35, 176.00
704.66, 179.00
704.96, 199.00
705.27, 225.00
705.58, 222.00
705.89, 227.00
706.20, 215.00
706.50, 207.00
706.81, 203.00
707.12, 187.00
707.43, 195.00
707.73, 190.00
708.04, 191.00
708.35, 184.00
708.66, 181.00
708.97, 180.00
709.27, 185.00
709.58, 181.00
709.89, 169.00
710.19, 174.00
710.50, 187.00
710.81, 181.00
711.12, 184.00
711.42, 189.00
711.73, 188.00
712.04, 182.00
712.35, 183.00
712.65, 183.00
712.96, 178.00
713.27, 177.00
713.57, 202.00
713.88, 193.00
714.19, 170.00
714.49, 173.00
714.80, 178.00
715.11, 172.00
715.41, 170.00
715.72, 171.00
716.03, 175.00
716.33, 178.00
716.64, 160.00
716.94, 163.00
717.25, 172.00
717.56, 178.00
717.86, 171.00
718.17, 165.00
718.48, 165.00
718.78, 166.00
719.09, 161.00
719.39, 170.00
719.70, 164.00
720.01, 171.00
720.31, 172.00
720.62, 155.00
720.92, 174.00
721.23, 176.00
721.53, 178.00
721.84, 175.00
722.15, 187.00
722.45, 176.00
722.76, 176.00
723.06, 179.00
723.37, 180.00
723.67, 171.00
723.98, 178.00
724.28, 175.00
724.59, 179.00
724.89, 183.00
725.20, 175.00
725.50, 186.00
725.81, 171.00
726.11, 172.00
726.42, 171.00
726.72, 173.00
727.03, 210.00
727.33, 166.00
727.64, 166.00
727.94, 168.00
728.25, 170.00
728.55, 163.00
728.86, 191.00
729.16, 163.00
729.46, 170.00
729.77, 170.00
730.07, 160.00
730.38, 165.00
730.68, 161.00
730.99, 180.00
731.29, 170.00
731.59, 174.00
731.90, 170.00
732.20, 169.00
732.51, 173.00
732.81, 178.00
733.11, 177.00
733.42, 177.00
733.72, 180.00
734.02, 174.00
734.33, 173.00
734.63, 182.00
734.94, 171.00
735.24, 177.00
735.54, 171.00
735.85, 174.00
736.15, 177.00
736.45, 174.00
736.76, 171.00
737.06, 172.00
737.36, 183.00
737.67, 169.00
737.97, 165.00
738.27, 165.00
738.57, 169.00
738.88, 169.00
739.18, 203.00
739.48, 174.00
739.79, 173.00
740.09, 172.00
740.39, 170.00
740.69, 175.00
741.00, 170.00
741.30, 179.00
741.60, 174.00
741.90, 177.00
742.21, 180.00
742.51, 229.00
742.81, 183.00
743.11, 191.00
743.42, 217.00
743.72, 196.00
744.02, 202.00
744.32, 207.00
744.63, 208.00
744.93, 211.00
745.23, 222.00
745.53, 222.00
745.83, 218.00
746.13, 214.00
746.44, 216.00
746.74, 210.00
747.04, 221.00
747.34, 224.00
747.64, 220.00
747.94, 220.00
748.25, 219.00
748.55, 219.00
748.85, 224.00
749.15, 223.00
749.45, 240.00
749.75, 216.00
750.05, 196.00
750.35, 195.00
750.66, 204.00
750.96, 189.00
751.26, 182.00
751.56, 178.00
751.86, 189.00
752.16, 168.00
752.46, 168.00
752.76, 171.00
753.06, 167.00
753.36, 207.00
753.66, 168.00
753.96, 172.00
754.27, 171.00
754.57, 167.00
754.87, 172.00
755.17, 170.00
755.47, 173.00
755.77, 181.00
756.07, 178.00
756.37, 183.00
756.67, 191.00
756.97, 183.00
757.27, 193.00
757.57, 189.00
757.87, 191.00
758.17, 193.00
758.47, 188.00
758.77, 200.00
759.07, 185.00
759.37, 195.00
759.67, 188.00
759.97, 198.00
760.27, 189.00
760.57, 187.00
760.86, 188.00
761.16, 189.00
761.46, 188.00
761.76, 210.00
762.06, 178.00
762.36, 182.00
762.66, 179.00
762.96, 172.00
763.26, 175.00
763.56, 195.00
763.86, 177.00
764.16, 165.00
764.45, 177.00
764.75, 164.00
765.05, 168.00
765.35, 163.00
765.65, 161.00
765.95, 160.00
766.25, 167.00
766.55, 170.00
766.84, 174.00
767.14, 172.00
767.44, 168.00
767.74, 172.00
768.04, 182.00
768.34, 171.00
768.63, 173.00
768.93, 178.00
769.23, 183.00
769.53, 184.00
769.83, 183.00
770.12, 184.00
770.42, 183.00
770.72, 185.00
771.02, 185.00
771.32, 182.00
771.61, 184.00
771.91, 193.00
772.21, 184.00
772.51, 185.00
772.80, 185.00
773.10, 183.00
773.40, 188.00
773.70, 185.00
773.99, 185.00
774.29, 183.00
774.59, 189.00
774.88, 177.00
775.18, 183.00
775.48, 284.00
775.78, 508.00
776.07, 664.00
776.37, 754.00
776.67, 659.00
776.96, 475.00
777.26, 412.00
777.56, 325.00
777.85, 287.00
778.15, 263.00
778.45, 251.00
778.74, 228.00
779.04, 195.00
779.34, 185.00
779.63, 173.00
779.93, 157.00
780.22, 158.00
780.52, 150.00
780.82, 160.00
781.11, 156.00
781.41, 153.00
781.71, 153.00
782.00, 161.00
782.30, 159.00
782.59, 162.00
782.89, 159.00
783.19, 157.00
783.48, 155.00
783.78, 153.00
784.07, 172.00
784.37, 163.00
784.66, 156.00
784.96, 157.00
785.25, 161.00
785.55, 156.00
785.84, 159.00
786.14, 156.00
786.44, 154.00
786.73, 155.00
787.03, 152.00
787.32, 153.00
787.62, 154.00
787.91, 155.00
788.21, 162.00
788.50, 155.00
788.80, 150.00
789.09, 154.00
789.39, 158.00
789.68, 157.00
789.97, 154.00
790.27, 149.00
790.56, 153.00
790.86, 158.00
791.15, 152.00
791.45, 148.00
791.74, 172.00
792.04, 151.00
792.33, 151.00
792.62, 178.00
792.92, 153.00
793.21, 155.00
793.51, 155.00
793.80, 154.00
794.09, 154.00
794.39, 153.00
794.68, 151.00
794.98, 155.00
795.27, 153.00
795.56, 151.00
795.86, 153.00
796.15, 153.00
796.44, 157.00
796.74, 152.00
797.03, 153.00
797.32, 150.00
797.62, 148.00
797.91, 163.00
798.20, 150.00
798.50, 165.00
798.79, 164.00
799.08, 156.00
799.38, 157.00
799.67, 153.00
799.96, 163.00
800.26, 174.00
800.55, 151.00
800.84, 156.00
801.13, 155.00
801.43, 155.00
801.72, 194.00
802.01, 154.00
802.30, 149.00
802.60, 149.00
802.89, 153.00
803.18, 151.00
803.47, 152.00
803.77, 155.00
804.06, 160.00
804.35, 156.00
804.64, 169.00
804.94, 158.00
805.23, 155.00
805.52, 153.00
805.81, 152.00
806.10, 154.00
806.39, 154.00
806.69, 149.00
806.98, 154.00
807.27, 152.00
807.56, 158.00
807.85, 153.00
808.14, 150.00
808.44, 159.00
808.73, 150.00
809.02, 165.00
809.31, 150.00
809.60, 150.00
809.89, 152.00
810.18, 152.00
810.48, 162.00
810.77, 154.00
811.06, 149.00
811.35, 148.00
811.64, 152.00
811.93, 168.00
812.22, 146.00
812.51, 143.00
812.80, 144.00
813.09, 147.00
813.38, 151.00
813.67, 166.00
813.96, 151.00
814.26, 145.00
814.55, 148.00
814.84, 143.00
815.13, 152.00
815.42, 149.00
815.71, 156.00
816.00, 145.00
816.29, 153.00
816.58, 153.00
816.87, 148.00
817.16, 151.00
817.45, 154.00
817.74, 150.00
818.03, 148.00
818.32, 149.00
818.61, 150.00
818.90, 152.00
819.19, 145.00
819.48, 154.00
819.76, 143.00
820.05, 151.00
820.34, 147.00
820.63, 143.00
820.92, 146.00
821.21, 147.00
821.50, 149.00
821.79, 148.00
822.08, 146.00
822.37, 151.00
822.66, 150.00
822.95, 149.00
823.23, 145.00
823.52, 168.00
823.81, 149.00
824.10, 152.00
824.39, 146.00
824.68, 144.00
824.97, 164.00
825.26, 149.00
825.54, 191.00
825.83, 148.00
826.12, 141.00
826.41, 145.00
826.70, 149.00
826.99, 157.00
827.27, 148.00
827.56, 171.00
827.85, 145.00
828.14, 145.00
828.43, 151.00
828.71, 150.00
829.00, 145.00
829.29, 147.00
829.58, 149.00
829.86, 148.00
830.15, 151.00
830.44, 151.00
830.73, 151.00
831.01, 146.00
831.30, 149.00
831.59, 150.00
831.88, 144.00
832.16, 148.00
832.45, 150.00
832.74, 148.00
833.03, 145.00
833.31, 150.00
833.60, 146.00
833.89, 145.00
834.17, 151.00
834.46, 148.00
834.75, 147.00
835.03, 145.00
835.32, 146.00
835.61, 144.00
835.89, 162.00
836.18, 145.00
836.47, 144.00
836.75, 150.00
837.04, 154.00
837.33, 149.00
837.61, 145.00
837.90, 146.00
838.19, 146.00
838.47, 145.00
838.76, 146.00
839.04, 142.00
839.33, 142.00
839.62, 144.00
839.90, 141.00
840.19, 144.00
840.47, 143.00
840.76, 173.00
841.04, 150.00
841.33, 146.00
841.62, 148.00
841.90, 142.00
842.19, 144.00
842.47, 298.00
842.76, 142.00
843.04, 150.00
843.33, 176.00
843.61, 167.00
843.90, 165.00
844.18, 165.00
844.47, 161.00
844.75, 168.00
845.04, 163.00
845.32, 154.00
845.61, 153.00
845.89, 154.00
846.18, 153.00
846.46, 154.00
846.75, 153.00
847.03, 162.00
847.32, 149.00
847.60, 146.00
847.88, 147.00
848.17, 147.00
848.45, 170.00
848.74, 147.00
849.02, 150.00
849.31, 147.00
849.59, 146.00
849.87, 146.00
850.16, 144.00
850.44, 147.00
850.73, 177.00
851.01, 155.00
851.29, 146.00
851.58, 154.00
851.86, 146.00
852.14, 149.00
852.43, 148.00
852.71, 146.00
853.00, 149.00
853.28, 152.00
853.56, 150.00
853.85, 149.00
854.13, 147.00
854.41, 149.00
854.69, 148.00
854.98, 148.00
855.26, 204.00
855.54, 148.00
855.83, 146.00
856.11, 153.00
856.39, 151.00
856.68, 144.00
856.96, 148.00
857.24, 149.00
857.52, 148.00
857.81, 148.00
858.09, 144.00
858.37, 147.00
858.65, 149.00
858.94, 146.00
859.22, 154.00
