190.05, 0.00
190.41, 134.00
190.77, 130.00
191.14, 138.00
191.50, 144.00
191.86, 165.00
192.22, 145.00
192.58, 150.00
192.94, 145.00
193.31, 143.00
193.67, 140.00
194.03, 155.00
194.39, 149.00
194.75, 142.00
195.11, 157.00
195.47, 164.00
195.84, 145.00
196.20, 146.00
196.56, 163.00
196.92, 144.00
197.28, 143.00
197.64, 148.00
198.00, 145.00
198.37, 150.00
198.73, 145.00
199.09, 140.00
199.45, 142.00
199.81, 148.00
200.17, 153.00
200.53, 144.00
200.89, 151.00
201.25, 180.00
201.62, 148.00
201.98, 145.00
202.34, 147.00
202.70, 148.00
203.06, 146.00
203.42, 145.00
203.78, 143.00
204.14, 146.00
204.50, 171.00
204.86, 154.00
205.22, 152.00
205.58, 152.00
205.95, 144.00
206.31, 143.00
206.67, 144.00
207.03, 153.00
207.39, 152.00
207.75, 141.00
208.11, 146.00
208.47, 145.00
208.83, 148.00
209.19, 153.00
209.55, 148.00
209.91, 144.00
210.27, 148.00
210.63, 143.00
210.99, 150.00
211.35, 141.00
211.71, 146.00
212.07, 146.00
212.43, 151.00
212.79, 148.00
213.15, 145.00
213.51, 152.00
213.87, 146.00
214.23, 145.00
214.59, 145.00
214.95, 148.00
215.31, 144.00
215.67, 150.00
216.03, 177.00
216.39, 147.00
216.75, 146.00
217.11, 145.00
217.47, 147.00
217.83, 147.00
218.19, 146.00
218.55, 145.00
218.91, 150.00
219.27, 148.00
219.63, 148.00
219.99, 142.00
220.35, 146.00
220.71, 155.00
221.07, 145.00
221.43, 147.00
221.79, 141.00
222.15, 150.00
222.51, 150.00
222.87, 142.00
223.23, 146.00
223.59, 146.00
223.95, 144.00
224.31, 147.00
224.67, 143.00
225.03, 147.00
225.39, 151.00
225.74, 152.00
226.10, 148.00
226.46, 147.00
226.82, 158.00
227.18, 151.00
227.54, 152.00
227.90, 149.00
228.26, 147.00
228.62, 152.00
228.98, 144.00
229.34, 146.00
229.69, 148.00
230.05, 147.00
230.41, 146.00
230.77, 153.00
231.13, 154.00
231.49, 149.00
231.85, 144.00
232.21, 156.00
232.57, 153.00
232.92, 146.00
233.28, 149.00
233.64, 154.00
234.00, 141.00
234.36, 146.00
234.72, 136.00
235.08, 145.00
235.44, 149.00
235.79, 145.00
236.15, 146.00
236.51, 145.00
236.87, 143.00
237.23, 147.00
237.59, 147.00
237.94, 156.00
238.30, 150.00
238.66, 146.00
239.02, 146.00
239.38, 145.00
239.74, 144.00
240.09, 157.00
240.45, 148.00
240.81, 143.00
241.17, 154.00
241.53, 147.00
241.89, 144.00
242.24, 151.00
242.60, 141.00
242.96, 153.00
243.32, 150.00
243.68, 141.00
244.03, 147.00
244.39, 144.00
244.75, 162.00
245.11, 147.00
245.46, 149.00
245.82, 165.00
246.18, 143.00
246.54, 153.00
246.90, 145.00
247.25, 148.00
247.61, 139.00
247.97, 176.00
248.33, 142.00
248.68, 142.00
249.04, 144.00
249.40, 145.00
249.76, 148.00
250.11, 144.00
250.47, 149.00
250.83, 148.00
251.19, 149.00
251.54, 152.00
251.90, 142.00
252.26, 146.00
252.62, 145.00
252.97, 145.00
253.33, 143.00
253.69, 145.00
254.05, 151.00
254.40, 144.00
254.76, 141.00
255.12, 169.00
255.47, 148.00
255.83, 146.00
256.19, 148.00
256.54, 144.00
256.90, 147.00
257.26, 145.00
257.62, 145.00
257.97, 144.00
258.33, 147.00
258.69, 136.00
259.04, 141.00
259.40, 145.00
259.76, 145.00
260.11, 140.00
260.47, 147.00
260.83, 155.00
261.18, 144.00
261.54, 155.00
261.90, 147.00
262.25, 145.00
262.61, 141.00
262.97, 143.00
263.32, 141.00
263.68, 142.00
264.04, 152.00
264.39, 143.00
264.75, 143.00
265.10, 147.00
265.46, 188.00
265.82, 157.00
266.17, 145.00
266.53, 141.00
266.89, 143.00
267.24, 151.00
267.60, 146.00
267.95, 145.00
268.31, 142.00
268.67, 138.00
269.02, 139.00
269.38, 144.00
269.74, 150.00
270.09, 146.00
270.45, 145.00
270.80, 166.00
271.16, 142.00
271.51, 152.00
271.87, 146.00
272.23, 149.00
272.58, 148.00
272.94, 142.00
273.29, 145.00
273.65, 198.00
274.00, 142.00
274.36, 152.00
274.72, 147.00
275.07, 140.00
275.43, 147.00
275.78, 147.00
276.14, 143.00
276.49, 149.00
276.85, 158.00
277.20, 169.00
277.56, 147.00
277.92, 143.00
278.27, 148.00
278.63, 154.00
278.98, 143.00
279.34, 142.00
279.69, 140.00
280.05, 161.00
280.40, 149.00
280.76, 155.00
281.11, 144.00
281.47, 142.00
281.82, 146.00
282.18, 144.00
282.53, 155.00
282.89, 143.00
283.24, 152.00
283.60, 145.00
283.95, 150.00
284.31, 141.00
284.66, 140.00
285.02, 143.00
285.37, 143.00
285.73, 141.00
286.08, 149.00
286.44, 143.00
286.79, 153.00
287.14, 153.00
287.50, 160.00
287.85, 140.00
288.21, 147.00
288.56, 141.00
288.92, 147.00
289.27, 142.00
289.63, 144.00
289.98, 150.00
290.34, 142.00
290.69, 155.00
291.04, 145.00
291.40, 144.00
291.75, 145.00
292.11, 153.00
292.46, 141.00
292.81, 153.00
293.17, 143.00
293.52, 140.00
293.88, 142.00
294.23, 146.00
294.59, 142.00
294.94, 144.00
295.29, 145.00
295.65, 138.00
296.00, 164.00
296.36, 145.00
296.71, 142.00
297.06, 147.00
297.42, 142.00
297.77, 148.00
298.12, 150.00
298.48, 148.00
298.83, 147.00
299.19, 150.00
299.54, 146.00
299.89, 140.00
300.25, 145.00
300.60, 148.00
300.95, 147.00
301.31, 141.00
301.66, 144.00
302.01, 144.00
302.37, 141.00
302.72, 148.00
303.07, 141.00
303.43, 144.00
303.78, 145.00
304.13, 147.00
304.49, 146.00
304.84, 153.00
305.19, 181.00
305.55, 144.00
305.90, 148.00
306.25, 143.00
306.61, 146.00
306.96, 145.00
307.31, 146.00
307.66, 140.00
308.02, 147.00
308.37, 149.00
308.72, 150.00
309.08, 145.00
309.43, 151.00
309.78, 145.00
310.13, 143.00
310.49, 153.00
310.84, 145.00
311.19, 143.00
311.54, 153.00
311.90, 149.00
312.25, 153.00
312.60, 146.00
312.95, 150.00
313.31, 149.00
313.66, 144.00
314.01, 163.00
314.36, 164.00
314.72, 144.00
315.07, 145.00
315.42, 143.00
315.77, 173.00
316.13, 146.00
316.48, 147.00
316.83, 144.00
317.18, 142.00
317.54, 144.00
317.89, 141.00
318.24, 148.00
318.59, 141.00
318.94, 140.00
319.30, 154.00
319.65, 146.00
320.00, 143.00
320.35, 140.00
320.70, 144.00
321.05, 143.00
321.41, 144.00
321.76, 145.00
322.11, 141.00
322.46, 145.00
322.81, 179.00
323.17, 147.00
323.52, 141.00
323.87, 142.00
324.22, 145.00
324.57, 146.00
324.92, 149.00
325.27, 146.00
325.63, 150.00
325.98, 142.00
326.33, 150.00
326.68, 145.00
327.03, 146.00
327.38, 144.00
327.73, 145.00
328.09, 149.00
328.44, 174.00
328.79, 148.00
329.14, 179.00
329.49, 146.00
329.84, 143.00
330.19, 151.00
330.54, 137.00
330.89, 148.00
331.25, 146.00
331.60, 149.00
331.95, 145.00
332.30, 143.00
332.65, 141.00
333.00, 152.00
333.35, 185.00
333.70, 188.00
334.05, 150.00
334.40, 157.00
334.75, 136.00
335.10, 148.00
335.45, 142.00
335.81, 144.00
336.16, 141.00
336.51, 145.00
336.86, 145.00
337.21, 145.00
337.56, 156.00
337.91, 145.00
338.26, 145.00
338.61, 144.00
338.96, 144.00
339.31, 147.00
339.66, 143.00
340.01, 148.00
340.36, 148.00
340.71, 142.00
341.06, 147.00
341.41, 147.00
341.76, 145.00
342.11, 146.00
342.46, 142.00
342.81, 149.00
343.16, 139.00
343.51, 136.00
343.86, 147.00
344.21, 140.00
344.56, 143.00
344.91, 143.00
345.26, 150.00
345.61, 146.00
345.96, 142.00
346.31, 144.00
346.66, 168.00
347.01, 146.00
347.36, 169.00
347.71, 146.00
348.06, 141.00
348.41, 158.00
348.76, 158.00
349.10, 143.00
349.45, 157.00
349.80, 142.00
350.15, 147.00
350.50, 150.00
350.85, 156.00
351.20, 143.00
351.55, 151.00
351.90, 151.00
352.25, 142.00
352.60, 146.00
352.95, 150.00
353.30, 162.00
353.64, 150.00
353.99, 148.00
354.34, 145.00
354.69, 137.00
355.04, 140.00
355.39, 150.00
355.74, 146.00
356.09, 140.00
356.44, 140.00
356.78, 144.00
357.13, 141.00
357.48, 144.00
357.83, 141.00
358.18, 145.00
358.53, 150.00
358.88, 147.00
359.22, 160.00
359.57, 142.00
359.92, 146.00
360.27, 143.00
360.62, 141.00
360.97, 144.00
361.32, 142.00
361.66, 142.00
362.01, 143.00
362.36, 148.00
362.71, 144.00
363.06, 143.00
363.40, 146.00
363.75, 149.00
364.10, 147.00
364.45, 148.00
364.80, 145.00
365.14, 153.00
365.49, 145.00
365.84, 148.00
366.19, 146.00
366.54, 148.00
366.88, 165.00
367.23, 145.00
367.58, 191.00
367.93, 147.00
368.28, 147.00
368.62, 143.00
368.97, 152.00
369.32, 152.00
369.67, 143.00
370.01, 149.00
370.36, 142.00
370.71, 161.00
371.06, 146.00
371.40, 150.00
371.75, 142.00
372.10, 142.00
372.45, 143.00
372.79, 145.00
373.14, 143.00
373.49, 142.00
373.83, 149.00
374.18, 143.00
374.53, 144.00
374.88, 147.00
375.22, 148.00
375.57, 150.00
375.92, 147.00
376.26, 151.00
376.61, 149.00
376.96, 145.00
377.30, 150.00
377.65, 147.00
378.00, 145.00
378.35, 148.00
378.69, 152.00
379.04, 143.00
379.39, 147.00
379.73, 148.00
380.08, 146.00
380.43, 144.00
380.77, 144.00
381.12, 146.00
381.47, 146.00
381.81, 144.00
382.16, 146.00
382.50, 146.00
382.85, 213.00
383.20, 144.00
383.54, 148.00
383.89, 145.00
384.24, 144.00
384.58, 151.00
384.93, 160.00
385.27, 148.00
385.62, 148.00
385.97, 149.00
386.31, 142.00
386.66, 175.00
387.00, 150.00
387.35, 143.00
387.70, 142.00
388.04, 207.00
388.39, 150.00
388.73, 143.00
389.08, 150.00
389.43, 142.00
389.77, 143.00
390.12, 143.00
390.46, 135.00
390.81, 141.00
391.15, 144.00
391.50, 141.00
391.85, 141.00
392.19, 141.00
392.54, 145.00
392.88, 139.00
393.23, 143.00
393.57, 153.00
393.92, 144.00
394.26, 143.00
394.61, 139.00
394.95, 146.00
395.30, 145.00
395.64, 143.00
395.99, 182.00
396.33, 153.00
396.68, 146.00
397.02, 145.00
397.37, 145.00
397.71, 144.00
398.06, 148.00
398.40, 142.00
398.75, 149.00
399.09, 143.00
399.44, 139.00
399.78, 142.00
400.13, 145.00
400.47, 141.00
400.82, 144.00
401.16, 144.00
401.51, 149.00
401.85, 149.00
402.20, 152.00
402.54, 142.00
402.88, 144.00
403.23, 145.00
403.57, 162.00
403.92, 167.00
404.26, 221.00
404.61, 175.00
404.95, 187.00
405.30, 154.00
405.64, 147.00
405.98, 176.00
406.33, 155.00
406.67, 148.00
407.02, 145.00
407.36, 154.00
407.70, 150.00
408.05, 147.00
408.39, 145.00
408.74, 146.00
409.08, 149.00
409.42, 146.00
409.77, 144.00
410.11, 152.00
410.46, 149.00
410.80, 147.00
411.14, 145.00
411.49, 144.00
411.83, 152.00
412.17, 145.00
412.52, 148.00
412.86, 152.00
413.20, 148.00
413.55, 146.00
413.89, 148.00
414.23, 147.00
414.58, 183.00
414.92, 140.00
415.26, 144.00
415.61, 145.00
415.95, 145.00
416.29, 148.00
416.64, 144.00
416.98, 141.00
417.32, 144.00
417.67, 153.00
418.01, 156.00
418.35, 143.00
418.70, 144.00
419.04, 160.00
419.38, 146.00
419.72, 145.00
420.07, 150.00
420.41, 144.00
420.75, 142.00
421.10, 145.00
421.44, 149.00
421.78, 148.00
422.12, 150.00
422.47, 145.00
422.81, 147.00
423.15, 148.00
423.49, 147.00
423.84, 148.00
424.18, 151.00
424.52, 149.00
424.86, 150.00
425.21, 150.00
425.55, 145.00
425.89, 149.00
426.23, 156.00
426.57, 147.00
426.92, 152.00
427.26, 144.00
427.60, 146.00
427.94, 149.00
428.28, 144.00
428.63, 140.00
428.97, 143.00
429.31, 149.00
429.65, 152.00
429.99, 153.00
430.34, 148.00
430.68, 152.00
431.02, 158.00
431.36, 142.00
431.70, 150.00
432.04, 149.00
432.39, 146.00
432.73, 157.00
433.07, 150.00
433.41, 147.00
433.75, 159.00
434.09, 154.00
434.43, 163.00
434.78, 239.00
435.12, 288.00
435.46, 311.00
435.80, 290.00
436.14, 241.00
436.48, 209.00
436.82, 199.00
437.16, 165.00
437.51, 157.00
437.85, 156.00
438.19, 191.00
438.53, 153.00
438.87, 162.00
439.21, 153.00
439.55, 160.00
439.89, 156.00
440.23, 149.00
440.57, 146.00
440.91, 152.00
441.26, 151.00
441.60, 152.00
441.94, 148.00
442.28, 155.00
442.62, 155.00
442.96, 151.00
443.30, 154.00
443.64, 156.00
443.98, 153.00
444.32, 158.00
444.66, 151.00
445.00, 154.00
445.34, 160.00
445.68, 153.00
446.02, 163.00
446.36, 150.00
446.70, 150.00
447.04, 148.00
447.38, 179.00
447.72, 155.00
448.06, 150.00
448.40, 152.00
448.74, 156.00
449.08, 149.00
449.42, 152.00
449.76, 152.00
450.10, 145.00
450.44, 150.00
450.78, 158.00
451.12, 151.00
451.46, 151.00
451.80, 156.00
452.14, 151.00
452.48, 154.00
452.82, 152.00
453.16, 153.00
453.50, 153.00
453.84, 150.00
454.18, 184.00
454.52, 150.00
454.86, 149.00
455.19, 165.00
455.53, 155.00
455.87, 156.00
456.21, 157.00
456.55, 149.00
456.89, 146.00
457.23, 149.00
457.57, 151.00
457.91, 155.00
458.25, 150.00
458.59, 147.00
458.92, 152.00
459.26, 150.00
459.60, 155.00
459.94, 149.00
460.28, 150.00
460.62, 149.00
460.96, 150.00
461.30, 147.00
461.63, 143.00
461.97, 149.00
462.31, 148.00
462.65, 149.00
462.99, 159.00
463.33, 149.00
463.67, 149.00
464.00, 149.00
464.34, 153.00
464.68, 144.00
465.02, 162.00
465.36, 154.00
465.70, 149.00
466.03, 155.00
466.37, 150.00
466.71, 154.00
467.05, 155.00
467.39, 152.00
467.72, 152.00
468.06, 151.00
468.40, 152.00
468.74, 158.00
469.08, 152.00
469.41, 148.00
469.75, 150.00
470.09, 152.00
470.43, 153.00
470.76, 151.00
471.10, 150.00
471.44, 149.00
471.78, 150.00
472.11, 145.00
472.45, 150.00
472.79, 146.00
473.13, 155.00
473.46, 153.00
473.80, 151.00
474.14, 149.00
474.48, 156.00
474.81, 145.00
475.15, 150.00
475.49, 158.00
475.82, 151.00
476.16, 153.00
476.50, 152.00
476.84, 158.00
477.17, 146.00
477.51, 157.00
477.85, 146.00
478.18, 168.00
478.52, 153.00
478.86, 206.00
479.19, 162.00
479.53, 149.00
479.87, 202.00
480.20, 159.00
480.54, 163.00
480.88, 156.00
481.21, 154.00
481.55, 153.00
481.89, 160.00
482.22, 162.00
482.56, 174.00
482.90, 172.00
483.23, 178.00
483.57, 178.00
483.90, 180.00
484.24, 186.00
484.58, 191.00
484.91, 201.00
485.25, 203.00
485.58, 210.00
485.92, 212.00
486.26, 216.00
486.59, 222.00
486.93, 222.00
487.26, 214.00
487.60, 216.00
487.94, 213.00
488.27, 214.00
488.61, 212.00
488.94, 216.00
489.28, 210.00
489.61, 210.00
489.95, 210.00
490.29, 207.00
490.62, 211.00
490.96, 199.00
491.29, 215.00
491.63, 197.00
491.96, 196.00
492.30, 199.00
492.63, 203.00
492.97, 188.00
493.30, 191.00
493.64, 190.00
493.97, 185.00
494.31, 187.00
494.64, 184.00
494.98, 181.00
495.31, 185.00
495.65, 181.00
495.98, 180.00
496.32, 180.00
496.65, 211.00
496.99, 189.00
497.32, 173.00
497.66, 168.00
497.99, 174.00
498.33, 170.00
498.66, 164.00
499.00, 174.00
499.33, 161.00
499.67, 160.00
500.00, 159.00
500.34, 165.00
500.67, 157.00
501.00, 154.00
501.34, 154.00
501.67, 154.00
502.01, 154.00
502.34, 150.00
502.68, 150.00
503.01, 153.00
503.34, 152.00
503.68, 148.00
504.01, 149.00
504.35, 149.00
504.68, 153.00
505.01, 146.00
505.35, 148.00
505.68, 146.00
506.02, 151.00
506.35, 145.00
506.68, 159.00
507.02, 145.00
507.35, 148.00
507.68, 144.00
508.02, 151.00
508.35, 148.00
508.69, 148.00
509.02, 146.00
509.35, 145.00
509.69, 150.00
510.02, 157.00
510.35, 146.00
510.69, 143.00
511.02, 145.00
511.35, 148.00
511.69, 149.00
512.02, 148.00
512.35, 147.00
512.68, 146.00
513.02, 152.00
513.35, 149.00
513.68, 144.00
514.02, 146.00
514.35, 143.00
514.68, 147.00
515.01, 147.00
515.35, 155.00
515.68, 145.00
516.01, 145.00
516.35, 150.00
516.68, 145.00
517.01, 144.00
517.34, 152.00
517.68, 146.00
518.01, 151.00
518.34, 147.00
518.67, 145.00
519.01, 141.00
519.34, 149.00
519.67, 149.00
520.00, 145.00
520.33, 142.00
520.67, 144.00
521.00, 147.00
521.33, 137.00
521.66, 148.00
522.00, 142.00
522.33, 144.00
522.66, 142.00
522.99, 146.00
523.32, 151.00
523.65, 146.00
523.99, 147.00
524.32, 143.00
524.65, 142.00
524.98, 148.00
525.31, 148.00
525.65, 174.00
525.98, 152.00
526.31, 152.00
526.64, 155.00
526.97, 152.00
527.30, 147.00
527.63, 146.00
527.97, 142.00
528.30, 146.00
528.63, 154.00
528.96, 172.00
529.29, 147.00
529.62, 149.00
529.95, 145.00
530.28, 149.00
530.61, 146.00
530.95, 143.00
531.28, 143.00
531.61, 143.00
531.94, 158.00
532.27, 153.00
532.60, 152.00
532.93, 160.00
533.26, 156.00
533.59, 153.00
533.92, 153.00
534.25, 152.00
534.58, 188.00
534.91, 158.00
535.25, 151.00
535.58, 152.00
535.91, 156.00
536.24, 162.00
536.57, 163.00
536.90, 167.00
537.23, 175.00
537.56, 214.00
537.89, 183.00
538.22, 183.00
538.55, 191.00
538.88, 201.00
539.21, 331.00
539.54, 212.00
539.87, 233.00
540.20, 261.00
540.53, 297.00
540.86, 359.00
541.19, 369.00
541.52, 404.00
541.85, 427.00
542.18, 438.00
542.51, 444.00
542.84, 445.00
543.17, 462.00
543.50, 447.00
543.82, 431.00
544.15, 431.00
544.48, 425.00
544.81, 467.00
545.14, 503.00
545.47, 471.00
545.80, 451.00
546.13, 373.00
546.46, 373.00
546.79, 326.00
547.12, 287.00
547.45, 264.00
547.78, 258.00
548.10, 248.00
548.43, 251.00
548.76, 241.00
549.09, 227.00
549.42, 223.00
549.75, 220.00
550.08, 218.00
550.41, 209.00
550.74, 212.00
551.06, 206.00
551.39, 206.00
551.72, 202.00
552.05, 196.00
552.38, 190.00
552.71, 181.00
553.03, 189.00
553.36, 181.00
553.69, 176.00
554.02, 167.00
554.35, 167.00
554.68, 155.00
555.00, 161.00
555.33, 155.00
555.66, 155.00
555.99, 170.00
556.32, 148.00
556.64, 149.00
556.97, 160.00
557.30, 148.00
557.63, 149.00
557.96, 149.00
558.28, 149.00
558.61, 146.00
558.94, 151.00
559.27, 148.00
559.59, 146.00
559.92, 146.00
560.25, 148.00
560.58, 152.00
560.90, 154.00
561.23, 151.00
561.56, 143.00
561.89, 148.00
562.21, 149.00
562.54, 149.00
562.87, 147.00
563.20, 148.00
563.52, 148.00
563.85, 148.00
564.18, 162.00
564.50, 151.00
564.83, 180.00
565.16, 205.00
565.48, 151.00
565.81, 155.00
566.14, 150.00
566.47, 144.00
566.79, 150.00
567.12, 143.00
567.45, 173.00
567.77, 146.00
568.10, 149.00
568.43, 153.00
568.75, 142.00
569.08, 150.00
569.40, 187.00
569.73, 149.00
570.06, 146.00
570.38, 145.00
570.71, 145.00
571.04, 143.00
571.36, 154.00
571.69, 151.00
572.01, 151.00
572.34, 142.00
572.67, 151.00
572.99, 151.00
573.32, 167.00
573.64, 148.00
573.97, 150.00
574.30, 149.00
574.62, 146.00
574.95, 151.00
575.27, 154.00
575.60, 162.00
575.92, 161.00
576.25, 163.00
576.58, 171.00
576.90, 168.00
577.23, 199.00
577.55, 166.00
577.88, 166.00
578.20, 173.00
578.53, 175.00
578.85, 190.00
579.18, 186.00
579.50, 176.00
579.83, 188.00
580.15, 189.00
580.48, 183.00
580.80, 190.00
581.13, 186.00
581.45, 177.00
581.78, 179.00
582.10, 192.00
582.43, 202.00
582.75, 201.00
583.08, 202.00
583.40, 199.00
583.73, 265.00
584.05, 197.00
584.38, 192.00
584.70, 244.00
585.03, 191.00
585.35, 191.00
585.67, 196.00
586.00, 204.00
586.32, 222.00
586.65, 226.00
586.97, 214.00
587.30, 214.00
587.62, 196.00
587.94, 212.00
588.27, 196.00
588.59, 187.00
588.92, 178.00
589.24, 177.00
589.56, 177.00
589.89, 186.00
590.21, 176.00
590.54, 175.00
590.86, 179.00
591.18, 178.00
591.51, 180.00
591.83, 192.00
592.15, 188.00
592.48, 190.00
592.80, 192.00
593.13, 182.00
593.45, 186.00
593.77, 181.00
594.10, 170.00
594.42, 172.00
594.74, 162.00
595.07, 163.00
595.39, 162.00
595.71, 167.00
596.03, 159.00
596.36, 156.00
596.68, 160.00
597.00, 162.00
597.33, 162.00
597.65, 161.00
597.97, 163.00
598.30, 164.00
598.62, 159.00
598.94, 164.00
599.26, 166.00
599.59, 169.00
599.91, 164.00
600.23, 167.00
600.55, 161.00
600.88, 158.00
601.20, 155.00
601.52, 159.00
601.84, 157.00
602.17, 156.00
602.49, 154.00
602.81, 158.00
603.13, 157.00
603.45, 162.00
603.78, 151.00
604.10, 153.00
604.42, 155.00
604.74, 151.00
605.07, 156.00
605.39, 156.00
605.71, 158.00
606.03, 163.00
606.35, 158.00
606.67, 169.00
607.00, 175.00
607.32, 170.00
607.64, 177.00
607.96, 176.00
608.28, 185.00
608.60, 189.00
608.93, 201.00
609.25, 241.00
609.57, 281.00
609.89, 388.00
610.21, 454.00
610.53, 505.00
610.85, 498.00
611.17, 455.00
611.50, 425.00
611.82, 396.00
612.14, 360.00
612.46, 332.00
612.78, 313.00
613.10, 300.00
613.42, 277.00
613.74, 278.00
614.06, 295.00
614.38, 251.00
614.70, 224.00
615.03, 225.00
615.35, 226.00
615.67, 309.00
615.99, 197.00
616.31, 193.00
616.63, 192.00
616.95, 184.00
617.27, 174.00
617.59, 180.00
617.91, 186.00
618.23, 183.00
618.55, 179.00
618.87, 174.00
619.19, 183.00
619.51, 180.00
619.83, 177.00
620.15, 180.00
620.47, 183.00
620.79, 181.00
621.11, 186.00
621.43, 177.00
621.75, 186.00
622.07, 176.00
622.39, 175.00
622.71, 182.00
623.03, 171.00
623.35, 220.00
623.67, 173.00
623.99, 174.00
624.31, 170.00
624.63, 178.00
624.95, 174.00
625.26, 171.00
625.58, 178.00
625.90, 205.00
626.22, 167.00
626.54, 174.00
626.86, 176.00
627.18, 169.00
627.50, 169.00
627.82, 171.00
628.14, 170.00
628.46, 176.00
628.77, 169.00
629.09, 178.00
629.41, 190.00
629.73, 189.00
630.05, 203.00
630.37, 196.00
630.69, 195.00
631.00, 195.00
631.32, 188.00
631.64, 172.00
631.96, 163.00
632.28, 162.00
632.60, 162.00
632.92, 155.00
633.23, 151.00
633.55, 153.00
633.87, 153.00
634.19, 150.00
634.51, 151.00
634.82, 153.00
635.14, 150.00
635.46, 149.00
635.78, 153.00
636.10, 146.00
636.41, 146.00
636.73, 149.00
637.05, 146.00
637.37, 149.00
637.68, 145.00
638.00, 144.00
638.32, 148.00
638.64, 148.00
638.95, 164.00
639.27, 149.00
639.59, 154.00
639.91, 149.00
640.22, 152.00
640.54, 153.00
640.86, 145.00
641.18, 155.00
641.49, 175.00
641.81, 159.00
642.13, 159.00
642.44, 148.00
642.76, 148.00
643.08, 144.00
643.40, 147.00
643.71, 153.00
644.03, 151.00
644.35, 150.00
644.66, 150.00
644.98, 152.00
645.30, 150.00
645.61, 171.00
645.93, 146.00
646.25, 149.00
646.56, 158.00
646.88, 176.00
647.19, 148.00
647.51, 153.00
647.83, 150.00
648.14, 148.00
648.46, 144.00
648.78, 159.00
649.09, 158.00
649.41, 199.00
649.72, 155.00
650.04, 163.00
650.36, 153.00
650.67, 157.00
650.99, 156.00
651.30, 154.00
651.62, 154.00
651.93, 148.00
652.25, 166.00
652.57, 189.00
652.88, 146.00
653.20, 151.00
653.51, 150.00
653.83, 148.00
654.14, 149.00
654.46, 156.00
654.77, 146.00
655.09, 154.00
655.40, 156.00
655.72, 151.00
656.04, 151.00
656.35, 147.00
656.67, 147.00
656.98, 153.00
657.30, 150.00
657.61, 143.00
657.93, 147.00
658.24, 148.00
658.55, 185.00
658.87, 147.00
659.18, 147.00
659.50, 143.00
659.81, 147.00
660.13, 150.00
660.44, 149.00
660.76, 152.00
661.07, 157.00
661.39, 153.00
661.70, 153.00
662.01, 151.00
662.33, 153.00
662.64, 154.00
662.96, 148.00
663.27, 149.00
663.59, 151.00
663.90, 151.00
664.21, 145.00
664.53, 170.00
664.84, 148.00
665.16, 173.00
665.47, 153.00
665.78, 149.00
666.10, 155.00
666.41, 149.00
666.72, 145.00
667.04, 148.00
667.35, 147.00
667.67, 147.00
667.98, 148.00
668.29, 146.00
668.61, 142.00
668.92, 142.00
669.23, 145.00
669.55, 148.00
669.86, 170.00
670.17, 152.00
670.48, 150.00
670.80, 146.00
671.11, 148.00
671.42, 142.00
671.74, 153.00
672.05, 148.00
672.36, 154.00
672.68, 146.00
672.99, 149.00
673.30, 147.00
673.61, 145.00
673.93, 143.00
674.24, 144.00
674.55, 147.00
674.86, 147.00
675.18, 143.00
675.49, 148.00
675.80, 143.00
676.11, 147.00
676.43, 147.00
676.74, 135.00
677.05, 143.00
677.36, 149.00
677.67, 142.00
677.99, 147.00
678.30, 145.00
678.61, 146.00
678.92, 147.00
679.23, 150.00
679.55, 144.00
679.86, 150.00
680.17, 150.00
680.48, 155.00
680.79, 159.00
681.10, 147.00
681.42, 154.00
681.73, 145.00
682.04, 149.00
682.35, 143.00
682.66, 152.00
682.97, 147.00
683.28, 148.00
683.60, 151.00
683.91, 150.00
684.22, 167.00
684.53, 150.00
684.84, 141.00
685.15, 148.00
685.46, 171.00
685.77, 148.00
686.08, 149.00
686.40, 191.00
686.71, 150.00
687.02, 156.00
687.33, 152.00
687.64, 151.00
687.95, 145.00
688.26, 147.00
688.57, 148.00
688.88, 146.00
689.19, 144.00
689.50, 142.00
689.81, 148.00
690.12, 143.00
690.43, 158.00
690.74, 145.00
691.05, 142.00
691.36, 156.00
691.67, 148.00
691.98, 147.00
692.29, 149.00
692.60, 149.00
692.91, 149.00
693.22, 142.00
693.53, 149.00
693.84, 149.00
694.15, 149.00
694.46, 146.00
694.77, 146.00
695.08, 151.00
695.39, 151.00
695.70, 145.00
696.01, 150.00
696.32, 147.00
696.63, 143.00
696.94, 150.00
697.25, 139.00
697.56, 146.00
697.87, 148.00
698.17, 175.00
698.48, 146.00
698.79, 142.00
699.10, 143.00
699.41, 148.00
699.72, 145.00
700.03, 144.00
700.34, 146.00
700.65, 145.00
700.95, 145.00
701.26, 141.00
701.57, 138.00
701.88, 138.00
702.19, 157.00
702.50, 146.00
702.81, 147.00
703.11, 162.00
703.42, 151.00
703.73, 148.00
704.04, 151.00
704.35, 152.00
704.66, 154.00
704.96, 148.00
705.27, 150.00
705.58, 150.00
705.89, 154.00
706.20, 158.00
706.50, 151.00
706.81, 163.00
707.12, 157.00
707.43, 161.00
707.73, 163.00
708.04, 157.00
708.35, 161.00
708.66, 155.00
708.97, 141.00
709.27, 155.00
709.58, 149.00
709.89, 147.00
710.19, 146.00
710.50, 151.00
710.81, 152.00
711.12, 158.00
711.42, 155.00
711.73, 161.00
712.04, 152.00
712.35, 151.00
712.65, 146.00
712.96, 152.00
713.27, 153.00
713.57, 175.00
713.88, 161.00
714.19, 143.00
714.49, 141.00
714.80, 150.00
715.11, 147.00
715.41, 144.00
715.72, 145.00
716.03, 147.00
716.33, 151.00
716.64, 141.00
716.94, 147.00
717.25, 142.00
717.56, 153.00
717.86, 147.00
718.17, 147.00
718.48, 140.00
718.78, 146.00
719.09, 145.00
719.39, 148.00
719.70, 144.00
720.01, 142.00
720.31, 143.00
720.62, 141.00
720.92, 144.00
721.23, 147.00
721.53, 148.00
721.84, 141.00
722.15, 148.00
722.45, 143.00
722.76, 143.00
723.06, 143.00
723.37, 146.00
723.67, 141.00
723.98, 141.00
724.28, 144.00
724.59, 145.00
724.89, 147.00
725.20, 146.00
725.50, 158.00
725.81, 145.00
726.11, 142.00
726.42, 143.00
726.72, 141.00
727.03, 177.00
727.33, 144.00
727.64, 151.00
727.94, 142.00
728.25, 143.00
728.55, 145.00
728.86, 168.00
729.16, 145.00
729.46, 140.00
729.77, 147.00
730.07, 139.00
730.38, 145.00
730.68, 141.00
730.99, 152.00
731.29, 147.00
731.59, 145.00
731.90, 145.00
732.20, 144.00
732.51, 146.00
732.81, 143.00
733.11, 146.00
733.42, 149.00
733.72, 147.00
734.02, 146.00
734.33, 144.00
734.63, 145.00
734.94, 142.00
735.24, 148.00
735.54, 143.00
735.85, 149.00
736.15, 141.00
736.45, 143.00
736.76, 143.00
737.06, 140.00
737.36, 148.00
737.67, 145.00
737.97, 144.00
738.27, 146.00
738.57, 145.00
738.88, 144.00
739.18, 178.00
739.48, 150.00
739.79, 142.00
740.09, 146.00
740.39, 146.00
740.69, 147.00
741.00, 143.00
741.30, 153.00
741.60, 148.00
741.90, 143.00
742.21, 143.00
742.51, 190.00
742.81, 146.00
743.11, 146.00
743.42, 168.00
743.72, 141.00
744.02, 147.00
744.32, 139.00
744.63, 146.00
744.93, 148.00
745.23, 143.00
745.53, 144.00
745.83, 143.00
746.13, 142.00
746.44, 142.00
746.74, 146.00
747.04, 142.00
747.34, 145.00
747.64, 143.00
747.94, 140.00
748.25, 142.00
748.55, 143.00
748.85, 144.00
749.15, 151.00
749.45, 170.00
749.75, 152.00
750.05, 146.00
750.35, 144.00
750.66, 157.00
750.96, 141.00
751.26, 141.00
751.56, 142.00
751.86, 151.00
752.16, 140.00
752.46, 145.00
752.76, 140.00
753.06, 145.00
753.36, 186.00
753.66, 148.00
753.96, 144.00
754.27, 147.00
754.57, 145.00
754.87, 144.00
755.17, 142.00
755.47, 145.00
755.77, 143.00
756.07, 143.00
756.37, 148.00
756.67, 148.00
756.97, 139.00
757.27, 146.00
757.57, 143.00
757.87, 148.00
758.17, 144.00
758.47, 150.00
758.77, 152.00
759.07, 149.00
759.37, 148.00
759.67, 145.00
759.97, 150.00
760.27, 142.00
760.57, 144.00
760.86, 143.00
761.16, 152.00
761.46, 142.00
761.76, 171.00
762.06, 140.00
762.36, 142.00
762.66, 148.00
762.96, 141.00
763.26, 148.00
763.56, 175.00
763.86, 145.00
764.16, 148.00
764.45, 155.00
764.75, 147.00
765.05, 149.00
765.35, 148.00
765.65, 143.00
765.95, 144.00
766.25, 151.00
766.55, 153.00
766.84, 147.00
767.14, 145.00
767.44, 141.00
767.74, 149.00
768.04, 147.00
768.34, 145.00
768.63, 142.00
768.93, 146.00
769.23, 146.00
769.53, 143.00
769.83, 143.00
770.12, 142.00
770.42, 144.00
770.72, 144.00
771.02, 138.00
771.32, 142.00
771.61, 143.00
771.91, 143.00
772.21, 144.00
772.51, 145.00
772.80, 141.00
773.10, 146.00
773.40, 142.00
773.70, 143.00
773.99, 141.00
774.29, 145.00
774.59, 151.00
774.88, 145.00
775.18, 140.00
775.48, 147.00
775.78, 145.00
776.07, 146.00
776.37, 141.00
776.67, 144.00
776.96, 144.00
777.26, 192.00
777.56, 146.00
777.85, 144.00
778.15, 143.00
778.45, 145.00
778.74, 141.00
779.04, 141.00
779.34, 141.00
779.63, 143.00
779.93, 146.00
780.22, 145.00
780.52, 141.00
780.82, 139.00
781.11, 143.00
781.41, 139.00
781.71, 139.00
782.00, 138.00
782.30, 145.00
782.59, 152.00
782.89, 143.00
783.19, 145.00
783.48, 138.00
783.78, 143.00
784.07, 151.00
784.37, 150.00
784.66, 145.00
784.96, 144.00
785.25, 138.00
785.55, 144.00
785.84, 148.00
786.14, 142.00
786.44, 146.00
786.73, 145.00
787.03, 149.00
787.32, 142.00
787.62, 144.00
787.91, 142.00
788.21, 149.00
788.50, 139.00
788.80, 142.00
789.09, 154.00
789.39, 149.00
789.68, 144.00
789.97, 149.00
790.27, 146.00
790.56, 150.00
790.86, 151.00
791.15, 144.00
791.45, 150.00
791.74, 168.00
792.04, 144.00
792.33, 145.00
792.62, 166.00
792.92, 145.00
793.21, 140.00
793.51, 148.00
793.80, 143.00
794.09, 150.00
794.39, 141.00
794.68, 145.00
794.98, 145.00
795.27, 143.00
795.56, 143.00
795.86, 143.00
796.15, 148.00
796.44, 155.00
796.74, 143.00
797.03, 145.00
797.32, 142.00
797.62, 143.00
797.91, 156.00
798.20, 147.00
798.50, 152.00
798.79, 151.00
799.08, 141.00
799.38, 145.00
799.67, 146.00
799.96, 152.00
800.26, 168.00
800.55, 142.00
800.84, 142.00
801.13, 146.00
801.43, 142.00
801.72, 179.00
802.01, 135.00
802.30, 137.00
802.60, 139.00
802.89, 151.00
803.18, 140.00
803.47, 146.00
803.77, 149.00
804.06, 144.00
804.35, 144.00
804.64, 160.00
804.94, 148.00
805.23, 146.00
805.52, 143.00
805.81, 139.00
806.10, 140.00
806.39, 144.00
806.69, 139.00
806.98, 146.00
807.27, 142.00
807.56, 148.00
807.85, 149.00
808.14, 146.00
808.44, 152.00
808.73, 143.00
809.02, 161.00
809.31, 151.00
809.60, 149.00
809.89, 155.00
810.18, 146.00
810.48, 153.00
810.77, 150.00
811.06, 143.00
811.35, 143.00
811.64, 146.00
811.93, 162.00
812.22, 139.00
812.51, 145.00
812.80, 143.00
813.09, 141.00
813.38, 143.00
813.67, 162.00
813.96, 149.00
814.26, 149.00
814.55, 147.00
814.84, 139.00
815.13, 150.00
815.42, 145.00
815.71, 148.00
816.00, 144.00
816.29, 152.00
816.58, 148.00
816.87, 143.00
817.16, 143.00
817.45, 149.00
817.74, 145.00
818.03, 145.00
818.32, 147.00
818.61, 148.00
818.90, 152.00
819.19, 148.00
819.48, 147.00
819.76, 145.00
820.05, 142.00
820.34, 141.00
820.63, 145.00
820.92, 145.00
821.21, 140.00
821.50, 145.00
821.79, 141.00
822.08, 145.00
822.37, 153.00
822.66, 146.00
822.95, 150.00
823.23, 148.00
823.52, 167.00
823.81, 144.00
824.10, 143.00
824.39, 145.00
824.68, 142.00
824.97, 153.00
825.26, 144.00
825.54, 191.00
825.83, 145.00
826.12, 136.00
826.41, 142.00
826.70, 145.00
826.99, 152.00
827.27, 145.00
827.56, 161.00
827.85, 149.00
828.14, 141.00
828.43, 149.00
828.71, 144.00
829.00, 142.00
829.29, 141.00
829.58, 144.00
829.86, 143.00
830.15, 144.00
830.44, 149.00
830.73, 147.00
831.01, 143.00
831.30, 142.00
831.59, 142.00
831.88, 146.00
832.16, 143.00
832.45, 147.00
832.74, 150.00
833.03, 149.00
833.31, 145.00
833.60, 148.00
833.89, 143.00
834.17, 149.00
834.46, 143.00
834.75, 143.00
835.03, 147.00
835.32, 144.00
835.61, 141.00
835.89, 161.00
836.18, 144.00
836.47, 146.00
836.75, 144.00
837.04, 147.00
837.33, 148.00
837.61, 145.00
837.90, 145.00
838.19, 144.00
838.47, 146.00
838.76, 145.00
839.04, 144.00
839.33, 146.00
839.62, 143.00
839.90, 144.00
840.19, 143.00
840.47, 146.00
840.76, 170.00
841.04, 143.00
841.33, 154.00
841.62, 141.00
841.90, 143.00
842.19, 145.00
842.47, 297.00
842.76, 137.00
843.04, 144.00
843.33, 160.00
843.61, 148.00
843.90, 145.00
844.18, 143.00
844.47, 144.00
844.75, 152.00
845.04, 146.00
845.32, 147.00
845.61, 140.00
845.89, 143.00
846.18, 148.00
846.46, 141.00
846.75, 143.00
847.03, 158.00
847.32, 142.00
847.60, 149.00
847.88, 141.00
848.17, 147.00
848.45, 162.00
848.74, 149.00
849.02, 148.00
849.31, 145.00
849.59, 144.00
849.87, 144.00
850.16, 143.00
850.44, 148.00
850.73, 174.00
851.01, 146.00
851.29, 142.00
851.58, 145.00
851.86, 142.00
852.14, 140.00
852.43, 142.00
852.71, 142.00
853.00, 147.00
853.28, 154.00
853.56, 143.00
853.85, 144.00
854.13, 142.00
854.41, 140.00
854.69, 140.00
854.98, 139.00
855.26, 197.00
855.54, 144.00
855.83, 148.00
856.11, 152.00
856.39, 143.00
856.68, 144.00
856.96, 145.00
857.24, 147.00
857.52, 148.00
857.81, 145.00
858.09, 143.00
858.37, 148.00
858.65, 146.00
858.94, 143.00
859.22, 142.00
