190.05, 0.00
190.41, 136.00
190.77, 135.00
191.14, 135.00
191.50, 134.00
191.86, 161.00
192.22, 151.00
192.58, 151.00
192.94, 144.00
193.31, 143.00
193.67, 144.00
194.03, 153.00
194.39, 144.00
194.75, 144.00
195.11, 156.00
195.47, 162.00
195.84, 147.00
196.20, 144.00
196.56, 160.00
196.92, 143.00
197.28, 146.00
197.64, 142.00
198.00, 143.00
198.37, 148.00
198.73, 146.00
199.09, 140.00
199.45, 141.00
199.81, 147.00
200.17, 148.00
200.53, 143.00
200.89, 152.00
201.25, 188.00
201.62, 146.00
201.98, 145.00
202.34, 144.00
202.70, 152.00
203.06, 146.00
203.42, 149.00
203.78, 145.00
204.14, 145.00
204.50, 176.00
204.86, 157.00
205.22, 151.00
205.58, 154.00
205.95, 145.00
206.31, 140.00
206.67, 151.00
207.03, 148.00
207.39, 154.00
207.75, 142.00
208.11, 143.00
208.47, 148.00
208.83, 150.00
209.19, 151.00
209.55, 143.00
209.91, 150.00
210.27, 152.00
210.63, 145.00
210.99, 153.00
211.35, 149.00
211.71, 158.00
212.07, 148.00
212.43, 151.00
212.79, 148.00
213.15, 146.00
213.51, 145.00
213.87, 151.00
214.23, 145.00
214.59, 148.00
214.95, 150.00
215.31, 146.00
215.67, 146.00
216.03, 179.00
216.39, 145.00
216.75, 156.00
217.11, 154.00
217.47, 150.00
217.83, 151.00
218.19, 148.00
218.55, 153.00
218.91, 150.00
219.27, 148.00
219.63, 146.00
219.99, 147.00
220.35, 145.00
220.71, 153.00
221.07, 146.00
221.43, 152.00
221.79, 149.00
222.15, 147.00
222.51, 148.00
222.87, 149.00
223.23, 147.00
223.59, 141.00
223.95, 147.00
224.31, 145.00
224.67, 147.00
225.03, 152.00
225.39, 153.00
225.74, 152.00
226.10, 149.00
226.46, 145.00
226.82, 149.00
227.18, 149.00
227.54, 148.00
227.90, 154.00
228.26, 153.00
228.62, 159.00
228.98, 150.00
229.34, 145.00
229.69, 145.00
230.05, 153.00
230.41, 142.00
230.77, 155.00
231.13, 160.00
231.49, 145.00
231.85, 148.00
232.21, 157.00
232.57, 153.00
232.92, 148.00
233.28, 146.00
233.64, 155.00
234.00, 148.00
234.36, 143.00
234.72, 148.00
235.08, 148.00
235.44, 145.00
235.79, 143.00
236.15, 147.00
236.51, 144.00
236.87, 141.00
237.23, 145.00
237.59, 147.00
237.94, 152.00
238.30, 147.00
238.66, 144.00
239.02, 143.00
239.38, 149.00
239.74, 145.00
240.09, 158.00
240.45, 148.00
240.81, 145.00
241.17, 155.00
241.53, 147.00
241.89, 148.00
242.24, 148.00
242.60, 149.00
242.96, 157.00
243.32, 148.00
243.68, 147.00
244.03, 156.00
244.39, 152.00
244.75, 169.00
245.11, 143.00
245.46, 146.00
245.82, 170.00
246.18, 144.00
246.54, 150.00
246.90, 141.00
247.25, 147.00
247.61, 145.00
247.97, 198.00
248.33, 145.00
248.68, 140.00
249.04, 145.00
249.40, 144.00
249.76, 145.00
250.11, 141.00
250.47, 149.00
250.83, 153.00
251.19, 151.00
251.54, 156.00
251.90, 149.00
252.26, 152.00
252.62, 152.00
252.97, 153.00
253.33, 143.00
253.69, 147.00
254.05, 158.00
254.40, 141.00
254.76, 150.00
255.12, 177.00
255.47, 154.00
255.83, 151.00
256.19, 147.00
256.54, 146.00
256.90, 145.00
257.26, 146.00
257.62, 158.00
257.97, 144.00
258.33, 149.00
258.69, 145.00
259.04, 145.00
259.40, 143.00
259.76, 148.00
260.11, 144.00
260.47, 142.00
260.83, 157.00
261.18, 141.00
261.54, 154.00
261.90, 150.00
262.25, 143.00
262.61, 142.00
262.97, 145.00
263.32, 141.00
263.68, 146.00
264.04, 152.00
264.39, 150.00
264.75, 145.00
265.10, 149.00
265.46, 194.00
265.82, 157.00
266.17, 150.00
266.53, 141.00
266.89, 152.00
267.24, 154.00
267.60, 147.00
267.95, 145.00
268.31, 148.00
268.67, 149.00
269.02, 151.00
269.38, 147.00
269.74, 155.00
270.09, 149.00
270.45, 153.00
270.80, 177.00
271.16, 152.00
271.51, 163.00
271.87, 161.00
272.23, 158.00
272.58, 155.00
272.94, 157.00
273.29, 147.00
273.65, 198.00
274.00, 145.00
274.36, 147.00
274.72, 148.00
275.07, 150.00
275.43, 150.00
275.78, 155.00
276.14, 152.00
276.49, 156.00
276.85, 158.00
277.20, 169.00
277.56, 143.00
277.92, 144.00
278.27, 150.00
278.63, 158.00
278.98, 154.00
279.34, 151.00
279.69, 162.00
280.05, 173.00
280.40, 164.00
280.76, 175.00
281.11, 164.00
281.47, 165.00
281.82, 165.00
282.18, 168.00
282.53, 178.00
282.89, 182.00
283.24, 178.00
283.60, 180.00
283.95, 177.00
284.31, 190.00
284.66, 195.00
285.02, 198.00
285.37, 194.00
285.73, 197.00
286.08, 191.00
286.44, 175.00
286.79, 164.00
287.14, 172.00
287.50, 162.00
287.85, 162.00
288.21, 167.00
288.56, 168.00
288.92, 170.00
289.27, 174.00
289.63, 171.00
289.98, 175.00
290.34, 165.00
290.69, 175.00
291.04, 160.00
291.40, 154.00
291.75, 157.00
292.11, 162.00
292.46, 164.00
292.81, 176.00
293.17, 165.00
293.52, 188.00
293.88, 194.00
294.23, 199.00
294.59, 221.00
294.94, 242.00
295.29, 262.00
295.65, 267.00
296.00, 285.00
296.36, 255.00
296.71, 239.00
297.06, 241.00
297.42, 242.00
297.77, 239.00
298.12, 227.00
298.48, 214.00
298.83, 211.00
299.19, 211.00
299.54, 227.00
299.89, 226.00
300.25, 231.00
300.60, 226.00
300.95, 208.00
301.31, 184.00
301.66, 181.00
302.01, 184.00
302.37, 181.00
302.72, 183.00
303.07, 191.00
303.43, 199.00
303.78, 202.00
304.13, 207.00
304.49, 214.00
304.84, 220.00
305.19, 260.00
305.55, 223.00
305.90, 266.00
306.25, 373.00
306.61, 549.00
306.96, 699.00
307.31, 925.00
307.66, 1348.00
308.02, 1795.00
308.37, 2172.00
308.72, 2469.00
309.08, 2478.00
309.43, 2313.00
309.78, 1951.00
310.13, 1685.00
310.49, 1427.00
310.84, 1126.00
311.19, 977.00
311.54, 814.00
311.90, 683.00
312.25, 615.00
312.60, 614.00
312.95, 718.00
313.31, 781.00
313.66, 784.00
314.01, 767.00
314.36, 799.00
314.72, 937.00
315.07, 1189.00
315.42, 1397.00
315.77, 1449.00
316.13, 1165.00
316.48, 778.00
316.83, 510.00
317.18, 371.00
317.54, 290.00
317.89, 249.00
318.24, 229.00
318.59, 221.00
318.94, 215.00
319.30, 215.00
319.65, 224.00
320.00, 221.00
320.35, 234.00
320.70, 234.00
321.05, 222.00
321.41, 223.00
321.76, 207.00
322.11, 202.00
322.46, 206.00
322.81, 239.00
323.17, 201.00
323.52, 192.00
323.87, 192.00
324.22, 197.00
324.57, 205.00
324.92, 213.00
325.27, 225.00
325.63, 237.00
325.98, 251.00
326.33, 261.00
326.68, 256.00
327.03, 261.00
327.38, 258.00
327.73, 271.00
328.09, 297.00
328.44, 314.00
328.79, 262.00
329.14, 285.00
329.49, 238.00
329.84, 238.00
330.19, 237.00
330.54, 245.00
330.89, 243.00
331.25, 220.00
331.60, 212.00
331.95, 215.00
332.30, 218.00
332.65, 233.00
333.00, 272.00
333.35, 348.00
333.70, 361.00
334.05, 349.00
334.40, 379.00
334.75, 473.00
335.10, 646.00
335.45, 949.00
335.81, 1379.00
336.16, 1961.00
336.51, 2696.00
336.86, 2745.00
337.21, 2423.00
337.56, 1472.00
337.91, 868.00
338.26, 538.00
338.61, 355.00
338.96, 292.00
339.31, 245.00
339.66, 233.00
340.01, 226.00
340.36, 207.00
340.71, 200.00
341.06, 196.00
341.41, 207.00
341.76, 198.00
342.11, 197.00
342.46, 204.00
342.81, 205.00
343.16, 200.00
343.51, 206.00
343.86, 206.00
344.21, 204.00
344.56, 209.00
344.91, 209.00
345.26, 212.00
345.61, 211.00
345.96, 202.00
346.31, 209.00
346.66, 233.00
347.01, 209.00
347.36, 232.00
347.71, 208.00
348.06, 216.00
348.41, 230.00
348.76, 250.00
349.10, 264.00
349.45, 295.00
349.80, 290.00
350.15, 271.00
350.50, 269.00
350.85, 271.00
351.20, 287.00
351.55, 348.00
351.90, 432.00
352.25, 560.00
352.60, 736.00
352.95, 965.00
353.30, 1014.00
353.64, 906.00
353.99, 655.00
354.34, 541.00
354.69, 463.00
355.04, 481.00
355.39, 593.00
355.74, 757.00
356.09, 1029.00
356.44, 1352.00
356.78, 1907.00
357.13, 2180.00
357.48, 2084.00
357.83, 1562.00
358.18, 997.00
358.53, 636.00
358.88, 386.00
359.22, 285.00
359.57, 233.00
359.92, 215.00
360.27, 208.00
360.62, 214.00
360.97, 208.00
361.32, 205.00
361.66, 207.00
362.01, 208.00
362.36, 217.00
362.71, 218.00
363.06, 223.00
363.40, 221.00
363.75, 235.00
364.10, 235.00
364.45, 233.00
364.80, 226.00
365.14, 227.00
365.49, 239.00
365.84, 249.00
366.19, 266.00
366.54, 292.00
366.88, 292.00
367.23, 256.00
367.58, 285.00
367.93, 227.00
368.28, 222.00
368.62, 236.00
368.97, 252.00
369.32, 279.00
369.67, 311.00
370.01, 403.00
370.36, 439.00
370.71, 465.00
371.06, 382.00
371.40, 330.00
371.75, 264.00
372.10, 256.00
372.45, 254.00
372.79, 288.00
373.14, 332.00
373.49, 396.00
373.83, 490.00
374.18, 619.00
374.53, 807.00
374.88, 908.00
375.22, 932.00
375.57, 716.00
375.92, 521.00
376.26, 386.00
376.61, 304.00
376.96, 258.00
377.30, 283.00
377.65, 306.00
378.00, 354.00
378.35, 435.00
378.69, 551.00
379.04, 694.00
379.39, 927.00
379.73, 1123.00
380.08, 1131.00
380.43, 843.00
380.77, 601.00
381.12, 481.00
381.47, 370.00
381.81, 294.00
382.16, 239.00
382.50, 233.00
382.85, 292.00
383.20, 226.00
383.54, 229.00
383.89, 232.00
384.24, 250.00
384.58, 263.00
384.93, 294.00
385.27, 292.00
385.62, 284.00
385.97, 272.00
386.31, 262.00
386.66, 302.00
387.00, 271.00
387.35, 288.00
387.70, 309.00
388.04, 419.00
388.39, 409.00
388.73, 466.00
389.08, 533.00
389.43, 557.00
389.77, 590.00
390.12, 678.00
390.46, 858.00
390.81, 934.00
391.15, 929.00
391.50, 736.00
391.85, 544.00
392.19, 435.00
392.54, 358.00
392.88, 349.00
393.23, 397.00
393.57, 404.00
393.92, 413.00
394.26, 346.00
394.61, 290.00
394.95, 265.00
395.30, 233.00
395.64, 223.00
395.99, 259.00
396.33, 234.00
396.68, 258.00
397.02, 269.00
397.37, 288.00
397.71, 332.00
398.06, 376.00
398.40, 442.00
398.75, 553.00
399.09, 585.00
399.44, 597.00
399.78, 478.00
400.13, 376.00
400.47, 305.00
400.82, 254.00
401.16, 229.00
401.51, 227.00
401.85, 223.00
402.20, 230.00
402.54, 247.00
402.88, 256.00
403.23, 271.00
403.57, 303.00
403.92, 352.00
404.26, 454.00
404.61, 450.00
404.95, 550.00
405.30, 502.00
405.64, 477.00
405.98, 412.00
406.33, 335.00
406.67, 276.00
407.02, 245.00
407.36, 244.00
407.70, 241.00
408.05, 244.00
408.39, 254.00
408.74, 275.00
409.08, 272.00
409.42, 251.00
409.77, 241.00
410.11, 255.00
410.46, 232.00
410.80, 240.00
411.14, 243.00
411.49, 257.00
411.83, 264.00
412.17, 269.00
412.52, 278.00
412.86, 303.00
413.20, 310.00
413.55, 323.00
413.89, 302.00
414.23, 279.00
414.58, 296.00
414.92, 242.00
415.26, 231.00
415.61, 228.00
415.95, 223.00
416.29, 239.00
416.64, 247.00
416.98, 253.00
417.32, 254.00
417.67, 280.00
418.01, 299.00
418.35, 317.00
418.70, 340.00
419.04, 397.00
419.38, 387.00
419.72, 377.00
420.07, 326.00
420.41, 282.00
420.75, 255.00
421.10, 243.00
421.44, 235.00
421.78, 242.00
422.12, 231.00
422.47, 237.00
422.81, 260.00
423.15, 269.00
423.49, 270.00
423.84, 258.00
424.18, 283.00
424.52, 285.00
424.86, 319.00
425.21, 393.00
425.55, 406.00
425.89, 469.00
426.23, 524.00
426.57, 583.00
426.92, 564.00
427.26, 564.00
427.60, 479.00
427.94, 365.00
428.28, 306.00
428.63, 255.00
428.97, 245.00
429.31, 239.00
429.65, 226.00
429.99, 242.00
430.34, 234.00
430.68, 234.00
431.02, 257.00
431.36, 234.00
431.70, 249.00
432.04, 255.00
432.39, 268.00
432.73, 280.00
433.07, 291.00
433.41, 315.00
433.75, 320.00
434.09, 315.00
434.43, 318.00
434.78, 357.00
435.12, 404.00
435.46, 428.00
435.80, 391.00
436.14, 348.00
436.48, 301.00
436.82, 291.00
437.16, 273.00
437.51, 247.00
437.85, 248.00
438.19, 287.00
438.53, 243.00
438.87, 262.00
439.21, 263.00
439.55, 267.00
439.89, 264.00
440.23, 280.00
440.57, 287.00
440.91, 298.00
441.26, 281.00
441.60, 263.00
441.94, 254.00
442.28, 245.00
442.62, 248.00
442.96, 242.00
443.30, 242.00
443.64, 240.00
443.98, 237.00
444.32, 247.00
444.66, 245.00
445.00, 246.00
445.34, 262.00
445.68, 256.00
446.02, 252.00
446.36, 245.00
446.70, 248.00
447.04, 254.00
447.38, 283.00
447.72, 279.00
448.06, 290.00
448.40, 289.00
448.74, 276.00
449.08, 270.00
449.42, 252.00
449.76, 259.00
450.10, 235.00
450.44, 230.00
450.78, 235.00
451.12, 244.00
451.46, 244.00
451.80, 248.00
452.14, 229.00
452.48, 234.00
452.82, 237.00
453.16, 237.00
453.50, 241.00
453.84, 231.00
454.18, 272.00
454.52, 259.00
454.86, 261.00
455.19, 277.00
455.53, 265.00
455.87, 264.00
456.21, 290.00
456.55, 288.00
456.89, 270.00
457.23, 279.00
457.57, 254.00
457.91, 265.00
458.25, 264.00
458.59, 270.00
458.92, 272.00
459.26, 265.00
459.60, 276.00
459.94, 267.00
460.28, 244.00
460.62, 258.00
460.96, 240.00
461.30, 236.00
461.63, 240.00
461.97, 241.00
462.31, 243.00
462.65, 257.00
462.99, 256.00
463.33, 259.00
463.67, 268.00
464.00, 267.00
464.34, 277.00
464.68, 271.00
465.02, 279.00
465.36, 297.00
465.70, 273.00
466.03, 281.00
466.37, 256.00
466.71, 265.00
467.05, 266.00
467.39, 277.00
467.72, 276.00
468.06, 284.00
468.40, 291.00
468.74, 294.00
469.08, 296.00
469.41, 320.00
469.75, 322.00
470.09, 341.00
470.43, 347.00
470.76, 321.00
471.10, 312.00
471.44, 315.00
471.78, 294.00
472.11, 291.00
472.45, 287.00
472.79, 282.00
473.13, 279.00
473.46, 274.00
473.80, 276.00
474.14, 281.00
474.48, 277.00
474.81, 271.00
475.15, 267.00
475.49, 278.00
475.82, 276.00
476.16, 286.00
476.50, 276.00
476.84, 268.00
477.17, 267.00
477.51, 275.00
477.85, 279.00
478.18, 294.00
478.52, 287.00
478.86, 336.00
479.19, 297.00
479.53, 287.00
479.87, 336.00
480.20, 303.00
480.54, 301.00
480.88, 301.00
481.21, 292.00
481.55, 294.00
481.89, 296.00
482.22, 300.00
482.56, 303.00
482.90, 303.00
483.23, 306.00
483.57, 310.00
483.90, 321.00
484.24, 325.00
484.58, 333.00
484.91, 326.00
485.25, 351.00
485.58, 347.00
485.92, 360.00
486.26, 362.00
486.59, 366.00
486.93, 351.00
487.26, 370.00
487.60, 360.00
487.94, 366.00
488.27, 361.00
488.61, 359.00
488.94, 351.00
489.28, 363.00
489.61, 360.00
489.95, 358.00
490.29, 371.00
490.62, 370.00
490.96, 358.00
491.29, 360.00
491.63, 357.00
491.96, 337.00
492.30, 339.00
492.63, 340.00
492.97, 339.00
493.30, 339.00
493.64, 318.00
493.97, 326.00
494.31, 332.00
494.64, 336.00
494.98, 337.00
495.31, 345.00
495.65, 319.00
495.98, 325.00
496.32, 335.00
496.65, 374.00
496.99, 327.00
497.32, 323.00
497.66, 307.00
497.99, 301.00
498.33, 307.00
498.66, 301.00
499.00, 308.00
499.33, 299.00
499.67, 303.00
500.00, 298.00
500.34, 302.00
500.67, 305.00
501.00, 297.00
501.34, 292.00
501.67, 288.00
502.01, 293.00
502.34, 285.00
502.68, 301.00
503.01, 302.00
503.34, 295.00
503.68, 300.00
504.01, 285.00
504.35, 305.00
504.68, 304.00
505.01, 302.00
505.35, 301.00
505.68, 302.00
506.02, 308.00
506.35, 310.00
506.68, 317.00
507.02, 304.00
507.35, 296.00
507.68, 293.00
508.02, 297.00
508.35, 290.00
508.69, 288.00
509.02, 290.00
509.35, 284.00
509.69, 281.00
510.02, 282.00
510.35, 283.00
510.69, 285.00
511.02, 288.00
511.35, 275.00
511.69, 287.00
512.02, 285.00
512.35, 285.00
512.68, 279.00
513.02, 285.00
513.35, 281.00
513.68, 286.00
514.02, 289.00
514.35, 285.00
514.68, 290.00
515.01, 281.00
515.35, 288.00
515.68, 285.00
516.01, 285.00
516.35, 284.00
516.68, 281.00
517.01, 275.00
517.34, 284.00
517.68, 282.00
518.01, 283.00
518.34, 275.00
518.67, 275.00
519.01, 272.00
519.34, 274.00
519.67, 290.00
520.00, 283.00
520.33, 277.00
520.67, 283.00
521.00, 281.00
521.33, 278.00
521.66, 287.00
522.00, 280.00
522.33, 286.00
522.66, 282.00
522.99, 279.00
523.32, 275.00
523.65, 277.00
523.99, 276.00
524.32, 282.00
524.65, 274.00
524.98, 280.00
525.31, 277.00
525.65, 307.00
525.98, 280.00
526.31, 267.00
526.64, 284.00
526.97, 279.00
527.30, 273.00
527.63, 270.00
527.97, 275.00
528.30, 275.00
528.63, 285.00
528.96, 306.00
529.29, 274.00
529.62, 278.00
529.95, 261.00
530.28, 269.00
530.61, 268.00
530.95, 270.00
531.28, 271.00
531.61, 270.00
531.94, 285.00
532.27, 282.00
532.60, 276.00
532.93, 286.00
533.26, 280.00
533.59, 270.00
533.92, 285.00
534.25, 264.00
534.58, 300.00
534.91, 273.00
535.25, 266.00
535.58, 270.00
535.91, 271.00
536.24, 279.00
536.57, 283.00
536.90, 279.00
537.23, 293.00
537.56, 338.00
537.89, 295.00
538.22, 297.00
538.55, 301.00
538.88, 318.00
539.21, 435.00
539.54, 334.00
539.87, 335.00
540.20, 366.00
540.53, 391.00
540.86, 460.00
541.19, 481.00
541.52, 502.00
541.85, 540.00
542.18, 555.00
542.51, 567.00
542.84, 568.00
543.17, 571.00
543.50, 559.00
543.82, 541.00
544.15, 527.00
544.48, 541.00
544.81, 571.00
545.14, 610.00
545.47, 571.00
545.80, 548.00
546.13, 469.00
546.46, 481.00
546.79, 421.00
547.12, 384.00
547.45, 377.00
547.78, 364.00
548.10, 353.00
548.43, 342.00
548.76, 342.00
549.09, 334.00
549.42, 332.00
549.75, 327.00
550.08, 333.00
550.41, 315.00
550.74, 321.00
551.06, 310.00
551.39, 315.00
551.72, 311.00
552.05, 305.00
552.38, 303.00
552.71, 295.00
553.03, 299.00
553.36, 285.00
553.69, 293.00
554.02, 272.00
554.35, 285.00
554.68, 272.00
555.00, 275.00
555.33, 266.00
555.66, 264.00
555.99, 274.00
556.32, 265.00
556.64, 266.00
556.97, 275.00
557.30, 267.00
557.63, 272.00
557.96, 271.00
558.28, 261.00
558.61, 269.00
558.94, 261.00
559.27, 269.00
559.59, 262.00
559.92, 254.00
560.25, 261.00
560.58, 255.00
560.90, 263.00
561.23, 253.00
561.56, 252.00
561.89, 260.00
562.21, 253.00
562.54, 249.00
562.87, 247.00
563.20, 251.00
563.52, 244.00
563.85, 239.00
564.18, 260.00
564.50, 246.00
564.83, 277.00
565.16, 290.00
565.48, 241.00
565.81, 245.00
566.14, 236.00
566.47, 235.00
566.79, 235.00
567.12, 237.00
567.45, 264.00
567.77, 230.00
568.10, 236.00
568.43, 242.00
568.75, 235.00
569.08, 230.00
569.40, 275.00
569.73, 231.00
570.06, 238.00
570.38, 233.00
570.71, 230.00
571.04, 236.00
571.36, 245.00
571.69, 246.00
572.01, 238.00
572.34, 237.00
572.67, 248.00
572.99, 241.00
573.32, 258.00
573.64, 235.00
573.97, 241.00
574.30, 243.00
574.62, 244.00
574.95, 243.00
575.27, 243.00
575.60, 247.00
575.92, 253.00
576.25, 261.00
576.58, 264.00
576.90, 260.00
577.23, 286.00
577.55, 257.00
577.88, 260.00
578.20, 270.00
578.53, 269.00
578.85, 286.00
579.18, 284.00
579.50, 277.00
579.83, 274.00
580.15, 275.00
580.48, 277.00
580.80, 283.00
581.13, 268.00
581.45, 280.00
581.78, 278.00
582.10, 283.00
582.43, 290.00
582.75, 297.00
583.08, 296.00
583.40, 286.00
583.73, 365.00
584.05, 293.00
584.38, 282.00
584.70, 341.00
585.03, 283.00
585.35, 281.00
585.67, 289.00
586.00, 306.00
586.32, 325.00
586.65, 329.00
586.97, 328.00
587.30, 325.00
587.62, 303.00
587.94, 314.00
588.27, 295.00
588.59, 284.00
588.92, 283.00
589.24, 284.00
589.56, 278.00
589.89, 280.00
590.21, 276.00
590.54, 271.00
590.86, 272.00
591.18, 279.00
591.51, 280.00
591.83, 293.00
592.15, 292.00
592.48, 295.00
592.80, 297.00
593.13, 300.00
593.45, 293.00
593.77, 285.00
594.10, 290.00
594.42, 292.00
594.74, 287.00
595.07, 280.00
595.39, 282.00
595.71, 275.00
596.03, 272.00
596.36, 267.00
596.68, 277.00
597.00, 275.00
597.33, 288.00
597.65, 291.00
597.97, 288.00
598.30, 297.00
598.62, 295.00
598.94, 304.00
599.26, 296.00
599.59, 302.00
599.91, 300.00
600.23, 288.00
600.55, 287.00
600.88, 281.00
601.20, 262.00
601.52, 254.00
601.84, 256.00
602.17, 256.00
602.49, 246.00
602.81, 238.00
603.13, 256.00
603.45, 248.00
603.78, 246.00
604.10, 247.00
604.42, 248.00
604.74, 246.00
605.07, 241.00
605.39, 237.00
605.71, 251.00
606.03, 250.00
606.35, 244.00
606.67, 250.00
607.00, 249.00
607.32, 249.00
607.64, 248.00
607.96, 247.00
608.28, 255.00
608.60, 259.00
608.93, 271.00
609.25, 314.00
609.57, 361.00
609.89, 447.00
610.21, 538.00
610.53, 578.00
610.85, 544.00
611.17, 522.00
611.50, 493.00
611.82, 449.00
612.14, 412.00
612.46, 396.00
612.78, 376.00
613.10, 362.00
613.42, 338.00
613.74, 337.00
614.06, 353.00
614.38, 327.00
614.70, 320.00
615.03, 314.00
615.35, 297.00
615.67, 373.00
615.99, 276.00
616.31, 256.00
616.63, 256.00
616.95, 248.00
617.27, 247.00
617.59, 243.00
617.91, 245.00
618.23, 242.00
618.55, 237.00
618.87, 237.00
619.19, 234.00
619.51, 240.00
619.83, 236.00
620.15, 242.00
620.47, 239.00
620.79, 227.00
621.11, 246.00
621.43, 236.00
621.75, 249.00
622.07, 246.00
622.39, 236.00
622.71, 238.00
623.03, 226.00
623.35, 280.00
623.67, 234.00
623.99, 236.00
624.31, 232.00
624.63, 233.00
624.95, 228.00
625.26, 228.00
625.58, 230.00
625.90, 259.00
626.22, 228.00
626.54, 226.00
626.86, 237.00
627.18, 233.00
627.50, 232.00
627.82, 232.00
628.14, 237.00
628.46, 242.00
628.77, 247.00
629.09, 255.00
629.41, 248.00
629.73, 261.00
630.05, 274.00
630.37, 269.00
630.69, 269.00
631.00, 269.00
631.32, 266.00
631.64, 250.00
631.96, 247.00
632.28, 237.00
632.60, 241.00
632.92, 227.00
633.23, 231.00
633.55, 235.00
633.87, 226.00
634.19, 243.00
634.51, 233.00
634.82, 250.00
635.14, 242.00
635.46, 234.00
635.78, 235.00
636.10, 228.00
636.41, 241.00
636.73, 239.00
637.05, 237.00
637.37, 240.00
637.68, 240.00
638.00, 243.00
638.32, 238.00
638.64, 252.00
638.95, 260.00
639.27, 244.00
639.59, 245.00
639.91, 240.00
640.22, 235.00
640.54, 238.00
640.86, 236.00
641.18, 238.00
641.49, 254.00
641.81, 249.00
642.13, 254.00
642.44, 250.00
642.76, 247.00
643.08, 251.00
643.40, 251.00
643.71, 256.00
644.03, 263.00
644.35, 274.00
644.66, 278.00
644.98, 264.00
645.30, 261.00
645.61, 279.00
645.93, 256.00
646.25, 247.00
646.56, 261.00
646.88, 270.00
647.19, 243.00
647.51, 250.00
647.83, 235.00
648.14, 233.00
648.46, 236.00
648.78, 241.00
649.09, 251.00
649.41, 307.00
649.72, 272.00
650.04, 286.00
650.36, 291.00
650.67, 291.00
650.99, 283.00
651.30, 291.00
651.62, 288.00
651.93, 290.00
652.25, 308.00
652.57, 334.00
652.88, 291.00
653.20, 290.00
653.51, 278.00
653.83, 268.00
654.14, 256.00
654.46, 251.00
654.77, 262.00
655.09, 267.00
655.40, 272.00
655.72, 267.00
656.04, 244.00
656.35, 248.00
656.67, 243.00
656.98, 241.00
657.30, 248.00
657.61, 261.00
657.93, 257.00
658.24, 266.00
658.55, 304.00
658.87, 269.00
659.18, 257.00
659.50, 267.00
659.81, 275.00
660.13, 271.00
660.44, 273.00
660.76, 267.00
661.07, 288.00
661.39, 262.00
661.70, 257.00
662.01, 250.00
662.33, 238.00
662.64, 239.00
662.96, 226.00
663.27, 217.00
663.59, 219.00
663.90, 216.00
664.21, 220.00
664.53, 238.00
664.84, 223.00
665.16, 249.00
665.47, 222.00
665.78, 235.00
666.10, 236.00
666.41, 233.00
666.72, 235.00
667.04, 240.00
667.35, 245.00
667.67, 245.00
667.98, 242.00
668.29, 249.00
668.61, 248.00
668.92, 235.00
669.23, 238.00
669.55, 240.00
669.86, 267.00
670.17, 222.00
670.48, 223.00
670.80, 221.00
671.11, 216.00
671.42, 217.00
671.74, 216.00
672.05, 214.00
672.36, 219.00
672.68, 225.00
672.99, 229.00
673.30, 237.00
673.61, 251.00
673.93, 254.00
674.24, 257.00
674.55, 257.00
674.86, 271.00
675.18, 272.00
675.49, 275.00
675.80, 274.00
676.11, 277.00
676.43, 284.00
676.74, 269.00
677.05, 274.00
677.36, 280.00
677.67, 269.00
677.99, 259.00
678.30, 257.00
678.61, 239.00
678.92, 242.00
679.23, 225.00
679.55, 218.00
679.86, 211.00
680.17, 206.00
680.48, 208.00
680.79, 205.00
681.10, 186.00
681.42, 197.00
681.73, 199.00
682.04, 196.00
682.35, 202.00
682.66, 207.00
682.97, 196.00
683.28, 208.00
683.60, 204.00
683.91, 203.00
684.22, 219.00
684.53, 206.00
684.84, 199.00
685.15, 200.00
685.46, 226.00
685.77, 195.00
686.08, 204.00
686.40, 235.00
686.71, 206.00
687.02, 194.00
687.33, 193.00
687.64, 190.00
687.95, 180.00
688.26, 182.00
688.57, 178.00
688.88, 185.00
689.19, 176.00
689.50, 177.00
689.81, 199.00
690.12, 178.00
690.43, 200.00
690.74, 173.00
691.05, 174.00
691.36, 186.00
691.67, 177.00
691.98, 182.00
692.29, 175.00
692.60, 181.00
692.91, 174.00
693.22, 178.00
693.53, 173.00
693.84, 182.00
694.15, 174.00
694.46, 178.00
694.77, 171.00
695.08, 181.00
695.39, 188.00
695.70, 175.00
696.01, 170.00
696.32, 176.00
696.63, 175.00
696.94, 175.00
697.25, 175.00
697.56, 179.00
697.87, 181.00
698.17, 212.00
698.48, 175.00
698.79, 172.00
699.10, 172.00
699.41, 175.00
699.72, 173.00
700.03, 171.00
700.34, 175.00
700.65, 175.00
700.95, 167.00
701.26, 176.00
701.57, 171.00
701.88, 171.00
702.19, 188.00
702.50, 177.00
702.81, 167.00
703.11, 192.00
703.42, 171.00
703.73, 181.00
704.04, 185.00
704.35, 183.00
704.66, 187.00
704.96, 201.00
705.27, 219.00
705.58, 230.00
705.89, 232.00
706.20, 218.00
706.50, 206.00
706.81, 207.00
707.12, 197.00
707.43, 201.00
707.73, 194.00
708.04, 185.00
708.35, 193.00
708.66, 184.00
708.97, 178.00
709.27, 189.00
709.58, 182.00
709.89, 180.00
710.19, 182.00
710.50, 182.00
710.81, 176.00
711.12, 182.00
711.42, 182.00
711.73, 193.00
712.04, 181.00
712.35, 178.00
712.65, 184.00
712.96, 179.00
713.27, 178.00
713.57, 207.00
713.88, 200.00
714.19, 171.00
714.49, 172.00
714.80, 179.00
715.11, 173.00
715.41, 172.00
715.72, 174.00
716.03, 172.00
716.33, 185.00
716.64, 169.00
716.94, 171.00
717.25, 169.00
717.56, 182.00
717.86, 170.00
718.17, 170.00
718.48, 164.00
718.78, 171.00
719.09, 170.00
719.39, 164.00
719.70, 166.00
720.01, 167.00
720.31, 171.00
720.62, 165.00
720.92, 167.00
721.23, 177.00
721.53, 176.00
721.84, 175.00
722.15, 183.00
722.45, 177.00
722.76, 177.00
723.06, 179.00
723.37, 175.00
723.67, 175.00
723.98, 178.00
724.28, 177.00
724.59, 186.00
724.89, 182.00
725.20, 182.00
725.50, 186.00
725.81, 175.00
726.11, 176.00
726.42, 173.00
726.72, 175.00
727.03, 202.00
727.33, 172.00
727.64, 174.00
727.94, 171.00
728.25, 166.00
728.55, 168.00
728.86, 191.00
729.16, 160.00
729.46, 162.00
729.77, 173.00
730.07, 166.00
730.38, 169.00
730.68, 167.00
730.99, 172.00
731.29, 167.00
731.59, 170.00
731.90, 167.00
732.20, 180.00
732.51, 173.00
732.81, 176.00
733.11, 179.00
733.42, 175.00
733.72, 178.00
734.02, 177.00
734.33, 177.00
734.63, 171.00
734.94, 174.00
735.24, 182.00
735.54, 178.00
735.85, 178.00
736.15, 179.00
736.45, 167.00
736.76, 181.00
737.06, 180.00
737.36, 179.00
737.67, 178.00
737.97, 178.00
738.27, 167.00
738.57, 168.00
738.88, 168.00
739.18, 206.00
739.48, 175.00
739.79, 170.00
740.09, 172.00
740.39, 173.00
740.69, 176.00
741.00, 169.00
741.30, 176.00
741.60, 179.00
741.90, 172.00
742.21, 175.00
742.51, 226.00
742.81, 183.00
743.11, 189.00
743.42, 214.00
743.72, 188.00
744.02, 203.00
744.32, 210.00
744.63, 224.00
744.93, 227.00
745.23, 218.00
745.53, 230.00
745.83, 219.00
746.13, 219.00
746.44, 220.00
746.74, 225.00
747.04, 228.00
747.34, 227.00
747.64, 226.00
747.94, 219.00
748.25, 223.00
748.55, 229.00
748.85, 216.00
749.15, 227.00
749.45, 243.00
749.75, 221.00
750.05, 209.00
750.35, 196.00
750.66, 211.00
750.96, 189.00
751.26, 183.00
751.56, 178.00
751.86, 182.00
752.16, 168.00
752.46, 170.00
752.76, 168.00
753.06, 173.00
753.36, 213.00
753.66, 167.00
753.96, 178.00
754.27, 168.00
754.57, 172.00
754.87, 176.00
755.17, 180.00
755.47, 182.00
755.77, 181.00
756.07, 184.00
756.37, 188.00
756.67, 193.00
756.97, 191.00
757.27, 197.00
757.57, 198.00
757.87, 193.00
758.17, 197.00
758.47, 201.00
758.77, 204.00
759.07, 194.00
759.37, 204.00
759.67, 200.00
759.97, 203.00
760.27, 194.00
760.57, 191.00
760.86, 186.00
761.16, 191.00
761.46, 187.00
761.76, 212.00
762.06, 176.00
762.36, 178.00
762.66, 177.00
762.96, 170.00
763.26, 164.00
763.56, 202.00
763.86, 177.00
764.16, 162.00
764.45, 177.00
764.75, 178.00
765.05, 169.00
765.35, 164.00
765.65, 170.00
765.95, 163.00
766.25, 169.00
766.55, 175.00
766.84, 178.00
767.14, 180.00
767.44, 170.00
767.74, 180.00
768.04, 180.00
768.34, 180.00
768.63, 185.00
768.93, 184.00
769.23, 184.00
769.53, 189.00
769.83, 187.00
770.12, 190.00
770.42, 188.00
770.72, 187.00
771.02, 187.00
771.32, 189.00
771.61, 187.00
771.91, 192.00
772.21, 191.00
772.51, 176.00
772.80, 188.00
773.10, 187.00
773.40, 194.00
773.70, 185.00
773.99, 184.00
774.29, 184.00
774.59, 185.00
774.88, 171.00
775.18, 179.00
775.48, 286.00
775.78, 491.00
776.07, 671.00
776.37, 732.00
776.67, 645.00
776.96, 470.00
777.26, 411.00
777.56, 313.00
777.85, 289.00
778.15, 267.00
778.45, 248.00
778.74, 226.00
779.04, 208.00
779.34, 185.00
779.63, 173.00
779.93, 162.00
780.22, 156.00
780.52, 158.00
780.82, 153.00
781.11, 157.00
781.41, 158.00
781.71, 154.00
782.00, 152.00
782.30, 160.00
782.59, 163.00
782.89, 154.00
783.19, 154.00
783.48, 153.00
783.78, 160.00
784.07, 167.00
784.37, 162.00
784.66, 155.00
784.96, 155.00
785.25, 154.00
785.55, 155.00
785.84, 157.00
786.14, 156.00
786.44, 155.00
786.73, 161.00
787.03, 152.00
787.32, 153.00
787.62, 156.00
787.91, 157.00
788.21, 159.00
788.50, 156.00
788.80, 152.00
789.09, 156.00
789.39, 161.00
789.68, 153.00
789.97, 157.00
790.27, 153.00
790.56, 158.00
790.86, 158.00
791.15, 150.00
791.45, 155.00
791.74, 175.00
792.04, 152.00
792.33, 151.00
792.62, 185.00
792.92, 150.00
793.21, 147.00
793.51, 163.00
793.80, 150.00
794.09, 150.00
794.39, 151.00
794.68, 154.00
794.98, 151.00
795.27, 154.00
795.56, 152.00
795.86, 153.00
796.15, 151.00
796.44, 160.00
796.74, 153.00
797.03, 149.00
797.32, 153.00
797.62, 150.00
797.91, 160.00
798.20, 155.00
798.50, 161.00
798.79, 167.00
799.08, 152.00
799.38, 151.00
799.67, 153.00
799.96, 161.00
800.26, 177.00
800.55, 155.00
800.84, 161.00
801.13, 155.00
801.43, 150.00
801.72, 189.00
802.01, 152.00
802.30, 154.00
802.60, 153.00
802.89, 159.00
803.18, 151.00
803.47, 148.00
803.77, 158.00
804.06, 157.00
804.35, 153.00
804.64, 174.00
804.94, 149.00
805.23, 153.00
805.52, 155.00
805.81, 150.00
806.10, 156.00
806.39, 152.00
806.69, 153.00
806.98, 151.00
807.27, 152.00
807.56, 158.00
807.85, 155.00
808.14, 149.00
808.44, 160.00
808.73, 154.00
809.02, 169.00
809.31, 150.00
809.60, 153.00
809.89, 156.00
810.18, 149.00
810.48, 162.00
810.77, 156.00
811.06, 154.00
811.35, 144.00
811.64, 159.00
811.93, 166.00
812.22, 150.00
812.51, 150.00
812.80, 150.00
813.09, 150.00
813.38, 149.00
813.67, 174.00
813.96, 150.00
814.26, 151.00
814.55, 151.00
814.84, 145.00
815.13, 153.00
815.42, 150.00
815.71, 154.00
816.00, 146.00
816.29, 158.00
816.58, 155.00
816.87, 152.00
817.16, 149.00
817.45, 157.00
817.74, 156.00
818.03, 154.00
818.32, 149.00
818.61, 147.00
818.90, 152.00
819.19, 146.00
819.48, 147.00
819.76, 151.00
820.05, 150.00
820.34, 148.00
820.63, 147.00
820.92, 148.00
821.21, 146.00
821.50, 146.00
821.79, 150.00
822.08, 148.00
822.37, 150.00
822.66, 142.00
822.95, 154.00
823.23, 147.00
823.52, 168.00
823.81, 149.00
824.10, 146.00
824.39, 148.00
824.68, 143.00
824.97, 164.00
825.26, 147.00
825.54, 194.00
825.83, 146.00
826.12, 148.00
826.41, 150.00
826.70, 150.00
826.99, 148.00
827.27, 147.00
827.56, 166.00
827.85, 146.00
828.14, 146.00
828.43, 149.00
828.71, 152.00
829.00, 148.00
829.29, 147.00
829.58, 148.00
829.86, 146.00
830.15, 147.00
830.44, 148.00
830.73, 155.00
831.01, 149.00
831.30, 147.00
831.59, 146.00
831.88, 145.00
832.16, 144.00
832.45, 152.00
832.74, 144.00
833.03, 143.00
833.31, 150.00
833.60, 142.00
833.89, 146.00
834.17, 154.00
834.46, 138.00
834.75, 144.00
835.03, 151.00
835.32, 149.00
835.61, 149.00
835.89, 159.00
836.18, 148.00
836.47, 143.00
836.75, 151.00
837.04, 150.00
837.33, 155.00
837.61, 146.00
837.90, 150.00
838.19, 146.00
838.47, 148.00
838.76, 151.00
839.04, 146.00
839.33, 148.00
839.62, 145.00
839.90, 144.00
840.19, 144.00
840.47, 147.00
840.76, 178.00
841.04, 142.00
841.33, 153.00
841.62, 150.00
841.90, 147.00
842.19, 146.00
842.47, 296.00
842.76, 146.00
843.04, 154.00
843.33, 176.00
843.61, 168.00
843.90, 169.00
844.18, 163.00
844.47, 163.00
844.75, 163.00
845.04, 159.00
845.32, 153.00
845.61, 150.00
845.89, 150.00
846.18, 152.00
846.46, 149.00
846.75, 153.00
847.03, 167.00
847.32, 150.00
847.60, 148.00
847.88, 149.00
848.17, 152.00
848.45, 166.00
848.74, 151.00
849.02, 145.00
849.31, 146.00
849.59, 151.00
849.87, 147.00
850.16, 146.00
850.44, 149.00
850.73, 177.00
851.01, 151.00
851.29, 150.00
851.58, 152.00
851.86, 146.00
852.14, 149.00
852.43, 150.00
852.71, 146.00
853.00, 146.00
853.28, 154.00
853.56, 143.00
853.85, 150.00
854.13, 148.00
854.41, 149.00
854.69, 141.00
854.98, 146.00
855.26, 200.00
855.54, 153.00
855.83, 146.00
856.11, 153.00
856.39, 148.00
856.68, 145.00
856.96, 146.00
857.24, 149.00
857.52, 150.00
857.81, 148.00
858.09, 142.00
858.37, 148.00
858.65, 151.00
858.94, 147.00
859.22, 149.00
