190.05, 0.00
190.41, 136.00
190.77, 137.00
191.14, 140.00
191.50, 137.00
191.86, 162.00
192.22, 148.00
192.58, 153.00
192.94, 146.00
193.31, 142.00
193.67, 144.00
194.03, 154.00
194.39, 147.00
194.75, 145.00
195.11, 152.00
195.47, 161.00
195.84, 143.00
196.20, 149.00
196.56, 161.00
196.92, 143.00
197.28, 153.00
197.64, 146.00
198.00, 144.00
198.37, 151.00
198.73, 146.00
199.09, 150.00
199.45, 150.00
199.81, 150.00
200.17, 152.00
200.53, 147.00
200.89, 158.00
201.25, 178.00
201.62, 143.00
201.98, 144.00
202.34, 147.00
202.70, 155.00
203.06, 149.00
203.42, 145.00
203.78, 151.00
204.14, 153.00
204.50, 170.00
204.86, 157.00
205.22, 153.00
205.58, 151.00
205.95, 148.00
206.31, 145.00
206.67, 147.00
207.03, 151.00
207.39, 156.00
207.75, 150.00
208.11, 148.00
208.47, 149.00
208.83, 153.00
209.19, 148.00
209.55, 144.00
209.91, 146.00
210.27, 150.00
210.63, 147.00
210.99, 155.00
211.35, 148.00
211.71, 154.00
212.07, 147.00
212.43, 154.00
212.79, 148.00
213.15, 152.00
213.51, 155.00
213.87, 152.00
214.23, 144.00
214.59, 148.00
214.95, 149.00
215.31, 152.00
215.67, 154.00
216.03, 178.00
216.39, 149.00
216.75, 146.00
217.11, 153.00
217.47, 152.00
217.83, 148.00
218.19, 149.00
218.55, 152.00
218.91, 150.00
219.27, 145.00
219.63, 149.00
219.99, 143.00
220.35, 144.00
220.71, 152.00
221.07, 144.00
221.43, 143.00
221.79, 149.00
222.15, 146.00
222.51, 147.00
222.87, 149.00
223.23, 144.00
223.59, 149.00
223.95, 147.00
224.31, 150.00
224.67, 150.00
225.03, 154.00
225.39, 152.00
225.74, 151.00
226.10, 148.00
226.46, 150.00
226.82, 155.00
227.18, 154.00
227.54, 150.00
227.90, 154.00
228.26, 155.00
228.62, 155.00
228.98, 144.00
229.34, 146.00
229.69, 150.00
230.05, 150.00
230.41, 150.00
230.77, 156.00
231.13, 159.00
231.49, 147.00
231.85, 145.00
232.21, 152.00
232.57, 156.00
232.92, 143.00
233.28, 147.00
233.64, 146.00
234.00, 149.00
234.36, 146.00
234.72, 145.00
235.08, 152.00
235.44, 150.00
235.79, 145.00
236.15, 150.00
236.51, 151.00
236.87, 144.00
237.23, 150.00
237.59, 145.00
237.94, 156.00
238.30, 156.00
238.66, 148.00
239.02, 147.00
239.38, 147.00
239.74, 147.00
240.09, 157.00
240.45, 148.00
240.81, 145.00
241.17, 154.00
241.53, 149.00
241.89, 146.00
242.24, 139.00
242.60, 147.00
242.96, 153.00
243.32, 154.00
243.68, 146.00
244.03, 152.00
244.39, 150.00
244.75, 168.00
245.11, 148.00
245.46, 153.00
245.82, 174.00
246.18, 144.00
246.54, 151.00
246.90, 145.00
247.25, 141.00
247.61, 145.00
247.97, 183.00
248.33, 149.00
248.68, 147.00
249.04, 147.00
249.40, 143.00
249.76, 151.00
250.11, 143.00
250.47, 148.00
250.83, 152.00
251.19, 153.00
251.54, 161.00
251.90, 151.00
252.26, 151.00
252.62, 149.00
252.97, 152.00
253.33, 145.00
253.69, 142.00
254.05, 154.00
254.40, 147.00
254.76, 144.00
255.12, 172.00
255.47, 149.00
255.83, 148.00
256.19, 149.00
256.54, 156.00
256.90, 145.00
257.26, 145.00
257.62, 153.00
257.97, 146.00
258.33, 153.00
258.69, 149.00
259.04, 146.00
259.40, 143.00
259.76, 150.00
260.11, 148.00
260.47, 145.00
260.83, 152.00
261.18, 146.00
261.54, 161.00
261.90, 145.00
262.25, 145.00
262.61, 151.00
262.97, 148.00
263.32, 146.00
263.68, 142.00
264.04, 153.00
264.39, 145.00
264.75, 152.00
265.10, 150.00
265.46, 191.00
265.82, 158.00
266.17, 144.00
266.53, 145.00
266.89, 151.00
267.24, 158.00
267.60, 146.00
267.95, 149.00
268.31, 144.00
268.67, 144.00
269.02, 148.00
269.38, 149.00
269.74, 152.00
270.09, 148.00
270.45, 145.00
270.80, 170.00
271.16, 151.00
271.51, 165.00
271.87, 163.00
272.23, 155.00
272.58, 156.00
272.94, 150.00
273.29, 154.00
273.65, 196.00
274.00, 145.00
274.36, 152.00
274.72, 154.00
275.07, 152.00
275.43, 155.00
275.78, 158.00
276.14, 150.00
276.49, 159.00
276.85, 166.00
277.20, 171.00
277.56, 152.00
277.92, 146.00
278.27, 155.00
278.63, 156.00
278.98, 151.00
279.34, 157.00
279.69, 157.00
280.05, 173.00
280.40, 161.00
280.76, 176.00
281.11, 162.00
281.47, 159.00
281.82, 157.00
282.18, 166.00
282.53, 165.00
282.89, 168.00
283.24, 171.00
283.60, 169.00
283.95, 179.00
284.31, 180.00
284.66, 188.00
285.02, 190.00
285.37, 187.00
285.73, 184.00
286.08, 189.00
286.44, 168.00
286.79, 171.00
287.14, 167.00
287.50, 165.00
287.85, 160.00
288.21, 162.00
288.56, 163.00
288.92, 162.00
289.27, 170.00
289.63, 168.00
289.98, 173.00
290.34, 165.00
290.69, 166.00
291.04, 159.00
291.40, 160.00
291.75, 159.00
292.11, 166.00
292.46, 159.00
292.81, 170.00
293.17, 169.00
293.52, 186.00
293.88, 182.00
294.23, 194.00
294.59, 212.00
294.94, 225.00
295.29, 242.00
295.65, 251.00
296.00, 265.00
296.36, 234.00
296.71, 225.00
297.06, 230.00
297.42, 233.00
297.77, 235.00
298.12, 215.00
298.48, 202.00
298.83, 208.00
299.19, 208.00
299.54, 215.00
299.89, 219.00
300.25, 213.00
300.60, 214.00
300.95, 200.00
301.31, 178.00
301.66, 179.00
302.01, 177.00
302.37, 172.00
302.72, 180.00
303.07, 183.00
303.43, 193.00
303.78, 185.00
304.13, 202.00
304.49, 206.00
304.84, 206.00
305.19, 237.00
305.55, 206.00
305.90, 237.00
306.25, 315.00
306.61, 436.00
306.96, 531.00
307.31, 700.00
307.66, 979.00
308.02, 1298.00
308.37, 1558.00
308.72, 1781.00
309.08, 1801.00
309.43, 1651.00
309.78, 1408.00
310.13, 1232.00
310.49, 1054.00
310.84, 847.00
311.19, 727.00
311.54, 637.00
311.90, 551.00
312.25, 502.00
312.60, 505.00
312.95, 594.00
313.31, 661.00
313.66, 662.00
314.01, 652.00
314.36, 681.00
314.72, 782.00
315.07, 1016.00
315.42, 1192.00
315.77, 1230.00
316.13, 1009.00
316.48, 677.00
316.83, 453.00
317.18, 333.00
317.54, 264.00
317.89, 218.00
318.24, 217.00
318.59, 208.00
318.94, 203.00
319.30, 200.00
319.65, 215.00
320.00, 205.00
320.35, 212.00
320.70, 218.00
321.05, 214.00
321.41, 211.00
321.76, 204.00
322.11, 206.00
322.46, 198.00
322.81, 230.00
323.17, 199.00
323.52, 192.00
323.87, 191.00
324.22, 186.00
324.57, 199.00
324.92, 205.00
325.27, 210.00
325.63, 223.00
325.98, 235.00
326.33, 248.00
326.68, 250.00
327.03, 243.00
327.38, 245.00
327.73, 254.00
328.09, 278.00
328.44, 300.00
328.79, 253.00
329.14, 277.00
329.49, 236.00
329.84, 235.00
330.19, 233.00
330.54, 245.00
330.89, 238.00
331.25, 223.00
331.60, 222.00
331.95, 218.00
332.30, 221.00
332.65, 235.00
333.00, 256.00
333.35, 325.00
333.70, 336.00
334.05, 324.00
334.40, 363.00
334.75, 432.00
335.10, 605.00
335.45, 885.00
335.81, 1270.00
336.16, 1831.00
336.51, 2460.00
336.86, 2517.00
337.21, 2199.00
337.56, 1325.00
337.91, 816.00
338.26, 488.00
338.61, 328.00
338.96, 265.00
339.31, 237.00
339.66, 224.00
340.01, 216.00
340.36, 213.00
340.71, 207.00
341.06, 193.00
341.41, 204.00
341.76, 198.00
342.11, 198.00
342.46, 198.00
342.81, 217.00
343.16, 201.00
343.51, 202.00
343.86, 210.00
344.21, 197.00
344.56, 205.00
344.91, 205.00
345.26, 220.00
345.61, 209.00
345.96, 201.00
346.31, 205.00
346.66, 229.00
347.01, 206.00
347.36, 227.00
347.71, 201.00
348.06, 207.00
348.41, 235.00
348.76, 245.00
349.10, 259.00
349.45, 275.00
349.80, 277.00
350.15, 271.00
350.50, 263.00
350.85, 266.00
351.20, 280.00
351.55, 338.00
351.90, 407.00
352.25, 510.00
352.60, 675.00
352.95, 894.00
353.30, 917.00
353.64, 820.00
353.99, 625.00
354.34, 511.00
354.69, 457.00
355.04, 480.00
355.39, 569.00
355.74, 749.00
356.09, 993.00
356.44, 1286.00
356.78, 1749.00
357.13, 2026.00
357.48, 1925.00
357.83, 1439.00
358.18, 929.00
358.53, 598.00
358.88, 372.00
359.22, 285.00
359.57, 226.00
359.92, 214.00
360.27, 218.00
360.62, 214.00
360.97, 211.00
361.32, 210.00
361.66, 209.00
362.01, 212.00
362.36, 217.00
362.71, 216.00
363.06, 219.00
363.40, 220.00
363.75, 234.00
364.10, 233.00
364.45, 233.00
364.80, 226.00
365.14, 228.00
365.49, 239.00
365.84, 241.00
366.19, 266.00
366.54, 271.00
366.88, 294.00
367.23, 250.00
367.58, 284.00
367.93, 220.00
368.28, 220.00
368.62, 228.00
368.97, 249.00
369.32, 280.00
369.67, 310.00
370.01, 376.00
370.36, 392.00
370.71, 414.00
371.06, 360.00
371.40, 317.00
371.75, 270.00
372.10, 249.00
372.45, 256.00
372.79, 283.00
373.14, 315.00
373.49, 371.00
373.83, 452.00
374.18, 576.00
374.53, 731.00
374.88, 820.00
375.22, 826.00
375.57, 651.00
375.92, 484.00
376.26, 368.00
376.61, 289.00
376.96, 255.00
377.30, 272.00
377.65, 295.00
378.00, 341.00
378.35, 426.00
378.69, 522.00
379.04, 657.00
379.39, 860.00
379.73, 1020.00
380.08, 1024.00
380.43, 796.00
380.77, 567.00
381.12, 449.00
381.47, 354.00
381.81, 286.00
382.16, 243.00
382.50, 231.00
382.85, 298.00
383.20, 227.00
383.54, 241.00
383.89, 242.00
384.24, 249.00
384.58, 262.00
384.93, 296.00
385.27, 292.00
385.62, 285.00
385.97, 279.00
386.31, 270.00
386.66, 301.00
387.00, 278.00
387.35, 290.00
387.70, 316.00
388.04, 417.00
388.39, 418.00
388.73, 483.00
389.08, 566.00
389.43, 612.00
389.77, 676.00
390.12, 781.00
390.46, 1055.00
390.81, 1107.00
391.15, 1091.00
391.50, 869.00
391.85, 590.00
392.19, 470.00
392.54, 373.00
392.88, 338.00
393.23, 368.00
393.57, 383.00
393.92, 378.00
394.26, 333.00
394.61, 283.00
394.95, 255.00
395.30, 230.00
395.64, 214.00
395.99, 260.00
396.33, 231.00
396.68, 245.00
397.02, 254.00
397.37, 291.00
397.71, 319.00
398.06, 373.00
398.40, 405.00
398.75, 502.00
399.09, 536.00
399.44, 544.00
399.78, 441.00
400.13, 360.00
400.47, 291.00
400.82, 248.00
401.16, 234.00
401.51, 230.00
401.85, 226.00
402.20, 226.00
402.54, 241.00
402.88, 247.00
403.23, 264.00
403.57, 297.00
403.92, 343.00
404.26, 446.00
404.61, 434.00
404.95, 523.00
405.30, 493.00
405.64, 442.00
405.98, 391.00
406.33, 334.00
406.67, 276.00
407.02, 246.00
407.36, 240.00
407.70, 253.00
408.05, 251.00
408.39, 264.00
408.74, 275.00
409.08, 287.00
409.42, 259.00
409.77, 249.00
410.11, 249.00
410.46, 238.00
410.80, 249.00
411.14, 246.00
411.49, 271.00
411.83, 274.00
412.17, 266.00
412.52, 281.00
412.86, 302.00
413.20, 314.00
413.55, 310.00
413.89, 280.00
414.23, 271.00
414.58, 287.00
414.92, 241.00
415.26, 241.00
415.61, 236.00
415.95, 230.00
416.29, 236.00
416.64, 247.00
416.98, 254.00
417.32, 260.00
417.67, 295.00
418.01, 292.00
418.35, 320.00
418.70, 342.00
419.04, 395.00
419.38, 382.00
419.72, 369.00
420.07, 330.00
420.41, 280.00
420.75, 256.00
421.10, 240.00
421.44, 243.00
421.78, 248.00
422.12, 243.00
422.47, 246.00
422.81, 264.00
423.15, 274.00
423.49, 278.00
423.84, 262.00
424.18, 287.00
424.52, 289.00
424.86, 323.00
425.21, 384.00
425.55, 419.00
425.89, 488.00
426.23, 533.00
426.57, 603.00
426.92, 603.00
427.26, 605.00
427.60, 541.00
427.94, 405.00
428.28, 325.00
428.63, 284.00
428.97, 258.00
429.31, 239.00
429.65, 233.00
429.99, 230.00
430.34, 232.00
430.68, 232.00
431.02, 244.00
431.36, 231.00
431.70, 241.00
432.04, 250.00
432.39, 270.00
432.73, 277.00
433.07, 292.00
433.41, 309.00
433.75, 316.00
434.09, 315.00
434.43, 306.00
434.78, 346.00
435.12, 396.00
435.46, 413.00
435.80, 380.00
436.14, 357.00
436.48, 305.00
436.82, 297.00
437.16, 277.00
437.51, 258.00
437.85, 256.00
438.19, 296.00
438.53, 259.00
438.87, 270.00
439.21, 266.00
439.55, 269.00
439.89, 274.00
440.23, 286.00
440.57, 293.00
440.91, 300.00
441.26, 296.00
441.60, 275.00
441.94, 261.00
442.28, 256.00
442.62, 257.00
442.96, 245.00
443.30, 253.00
443.64, 257.00
443.98, 245.00
444.32, 249.00
444.66, 234.00
445.00, 243.00
445.34, 262.00
445.68, 251.00
446.02, 261.00
446.36, 246.00
446.70, 246.00
447.04, 256.00
447.38, 283.00
447.72, 269.00
448.06, 286.00
448.40, 271.00
448.74, 259.00
449.08, 270.00
449.42, 253.00
449.76, 244.00
450.10, 242.00
450.44, 232.00
450.78, 231.00
451.12, 248.00
451.46, 241.00
451.80, 247.00
452.14, 238.00
452.48, 239.00
452.82, 234.00
453.16, 238.00
453.50, 250.00
453.84, 239.00
454.18, 281.00
454.52, 264.00
454.86, 260.00
455.19, 271.00
455.53, 267.00
455.87, 270.00
456.21, 279.00
456.55, 275.00
456.89, 273.00
457.23, 270.00
457.57, 255.00
457.91, 269.00
458.25, 267.00
458.59, 271.00
458.92, 279.00
459.26, 264.00
459.60, 280.00
459.94, 269.00
460.28, 252.00
460.62, 250.00
460.96, 239.00
461.30, 232.00
461.63, 245.00
461.97, 243.00
462.31, 250.00
462.65, 259.00
462.99, 261.00
463.33, 259.00
463.67, 270.00
464.00, 274.00
464.34, 265.00
464.68, 273.00
465.02, 293.00
465.36, 290.00
465.70, 282.00
466.03, 278.00
466.37, 262.00
466.71, 270.00
467.05, 276.00
467.39, 276.00
467.72, 288.00
468.06, 290.00
468.40, 315.00
468.74, 308.00
469.08, 310.00
469.41, 330.00
469.75, 344.00
470.09, 361.00
470.43, 364.00
470.76, 338.00
471.10, 326.00
471.44, 320.00
471.78, 309.00
472.11, 297.00
472.45, 300.00
472.79, 288.00
473.13, 295.00
473.46, 295.00
473.80, 281.00
474.14, 287.00
474.48, 283.00
474.81, 275.00
475.15, 269.00
475.49, 282.00
475.82, 285.00
476.16, 285.00
476.50, 279.00
476.84, 281.00
477.17, 274.00
477.51, 279.00
477.85, 282.00
478.18, 290.00
478.52, 272.00
478.86, 337.00
479.19, 294.00
479.53, 278.00
479.87, 327.00
480.20, 312.00
480.54, 299.00
480.88, 291.00
481.21, 300.00
481.55, 289.00
481.89, 289.00
482.22, 296.00
482.56, 302.00
482.90, 300.00
483.23, 304.00
483.57, 308.00
483.90, 317.00
484.24, 322.00
484.58, 331.00
484.91, 333.00
485.25, 346.00
485.58, 349.00
485.92, 351.00
486.26, 357.00
486.59, 366.00
486.93, 363.00
487.26, 372.00
487.60, 370.00
487.94, 358.00
488.27, 360.00
488.61, 364.00
488.94, 362.00
489.28, 362.00
489.61, 363.00
489.95, 356.00
490.29, 361.00
490.62, 375.00
490.96, 366.00
491.29, 367.00
491.63, 350.00
491.96, 350.00
492.30, 344.00
492.63, 345.00
492.97, 329.00
493.30, 330.00
493.64, 333.00
493.97, 326.00
494.31, 332.00
494.64, 333.00
494.98, 333.00
495.31, 330.00
495.65, 318.00
495.98, 314.00
496.32, 327.00
496.65, 351.00
496.99, 320.00
497.32, 314.00
497.66, 312.00
497.99, 307.00
498.33, 309.00
498.66, 309.00
499.00, 310.00
499.33, 296.00
499.67, 296.00
500.00, 300.00
500.34, 317.00
500.67, 306.00
501.00, 301.00
501.34, 289.00
501.67, 295.00
502.01, 286.00
502.34, 292.00
502.68, 305.00
503.01, 310.00
503.34, 302.00
503.68, 301.00
504.01, 308.00
504.35, 308.00
504.68, 304.00
505.01, 306.00
505.35, 312.00
505.68, 303.00
506.02, 308.00
506.35, 311.00
506.68, 308.00
507.02, 308.00
507.35, 307.00
507.68, 304.00
508.02, 301.00
508.35, 304.00
508.69, 296.00
509.02, 299.00
509.35, 290.00
509.69, 300.00
510.02, 304.00
510.35, 287.00
510.69, 290.00
511.02, 284.00
511.35, 297.00
511.69, 299.00
512.02, 291.00
512.35, 291.00
512.68, 290.00
513.02, 289.00
513.35, 283.00
513.68, 290.00
514.02, 293.00
514.35, 283.00
514.68, 286.00
515.01, 289.00
515.35, 281.00
515.68, 281.00
516.01, 274.00
516.35, 269.00
516.68, 280.00
517.01, 275.00
517.34, 280.00
517.68, 278.00
518.01, 277.00
518.34, 279.00
518.67, 276.00
519.01, 270.00
519.34, 284.00
519.67, 288.00
520.00, 283.00
520.33, 284.00
520.67, 284.00
521.00, 278.00
521.33, 286.00
521.66, 294.00
522.00, 293.00
522.33, 289.00
522.66, 282.00
522.99, 277.00
523.32, 283.00
523.65, 280.00
523.99, 283.00
524.32, 282.00
524.65, 281.00
524.98, 289.00
525.31, 274.00
525.65, 307.00
525.98, 286.00
526.31, 278.00
526.64, 286.00
526.97, 275.00
527.30, 268.00
527.63, 271.00
527.97, 272.00
528.30, 268.00
528.63, 282.00
528.96, 296.00
529.29, 265.00
529.62, 274.00
529.95, 258.00
530.28, 268.00
530.61, 262.00
530.95, 264.00
531.28, 267.00
531.61, 274.00
531.94, 281.00
532.27, 281.00
532.60, 281.00
532.93, 282.00
533.26, 275.00
533.59, 262.00
533.92, 278.00
534.25, 270.00
534.58, 308.00
534.91, 280.00
535.25, 271.00
535.58, 266.00
535.91, 268.00
536.24, 269.00
536.57, 285.00
536.90, 279.00
537.23, 282.00
537.56, 322.00
537.89, 297.00
538.22, 293.00
538.55, 299.00
538.88, 311.00
539.21, 430.00
539.54, 319.00
539.87, 339.00
540.20, 377.00
540.53, 387.00
540.86, 469.00
541.19, 469.00
541.52, 509.00
541.85, 525.00
542.18, 540.00
542.51, 547.00
542.84, 546.00
543.17, 561.00
543.50, 551.00
543.82, 539.00
544.15, 526.00
544.48, 526.00
544.81, 559.00
545.14, 598.00
545.47, 568.00
545.80, 547.00
546.13, 476.00
546.46, 471.00
546.79, 435.00
547.12, 393.00
547.45, 367.00
547.78, 361.00
548.10, 358.00
548.43, 346.00
548.76, 345.00
549.09, 340.00
549.42, 325.00
549.75, 318.00
550.08, 327.00
550.41, 324.00
550.74, 319.00
551.06, 315.00
551.39, 314.00
551.72, 305.00
552.05, 295.00
552.38, 297.00
552.71, 295.00
553.03, 295.00
553.36, 287.00
553.69, 281.00
554.02, 275.00
554.35, 286.00
554.68, 270.00
555.00, 274.00
555.33, 269.00
555.66, 266.00
555.99, 282.00
556.32, 265.00
556.64, 267.00
556.97, 283.00
557.30, 269.00
557.63, 274.00
557.96, 278.00
558.28, 272.00
558.61, 276.00
558.94, 275.00
559.27, 271.00
559.59, 268.00
559.92, 265.00
560.25, 261.00
560.58, 260.00
560.90, 265.00
561.23, 260.00
561.56, 265.00
561.89, 259.00
562.21, 253.00
562.54, 254.00
562.87, 233.00
563.20, 259.00
563.52, 242.00
563.85, 239.00
564.18, 261.00
564.50, 249.00
564.83, 270.00
565.16, 297.00
565.48, 238.00
565.81, 244.00
566.14, 231.00
566.47, 241.00
566.79, 243.00
567.12, 237.00
567.45, 261.00
567.77, 245.00
568.10, 240.00
568.43, 238.00
568.75, 238.00
569.08, 238.00
569.40, 271.00
569.73, 242.00
570.06, 234.00
570.38, 235.00
570.71, 237.00
571.04, 239.00
571.36, 242.00
571.69, 239.00
572.01, 244.00
572.34, 245.00
572.67, 244.00
572.99, 239.00
573.32, 249.00
573.64, 244.00
573.97, 234.00
574.30, 246.00
574.62, 244.00
574.95, 242.00
575.27, 246.00
575.60, 243.00
575.92, 245.00
576.25, 258.00
576.58, 257.00
576.90, 258.00
577.23, 289.00
577.55, 260.00
577.88, 255.00
578.20, 263.00
578.53, 265.00
578.85, 288.00
579.18, 279.00
579.50, 269.00
579.83, 273.00
580.15, 274.00
580.48, 266.00
580.80, 278.00
581.13, 276.00
581.45, 273.00
581.78, 274.00
582.10, 284.00
582.43, 283.00
582.75, 291.00
583.08, 279.00
583.40, 290.00
583.73, 352.00
584.05, 288.00
584.38, 279.00
584.70, 333.00
585.03, 281.00
585.35, 280.00
585.67, 285.00
586.00, 294.00
586.32, 325.00
586.65, 327.00
586.97, 328.00
587.30, 323.00
587.62, 301.00
587.94, 307.00
588.27, 293.00
588.59, 289.00
588.92, 282.00
589.24, 276.00
589.56, 285.00
589.89, 281.00
590.21, 268.00
590.54, 264.00
590.86, 270.00
591.18, 272.00
591.51, 281.00
591.83, 290.00
592.15, 291.00
592.48, 291.00
592.80, 301.00
593.13, 290.00
593.45, 292.00
593.77, 280.00
594.10, 283.00
594.42, 292.00
594.74, 283.00
595.07, 280.00
595.39, 276.00
595.71, 278.00
596.03, 276.00
596.36, 284.00
596.68, 272.00
597.00, 283.00
597.33, 289.00
597.65, 288.00
597.97, 293.00
598.30, 301.00
598.62, 287.00
598.94, 292.00
599.26, 300.00
599.59, 289.00
599.91, 294.00
600.23, 289.00
600.55, 277.00
600.88, 272.00
601.20, 262.00
601.52, 254.00
601.84, 253.00
602.17, 251.00
602.49, 252.00
602.81, 244.00
603.13, 242.00
603.45, 250.00
603.78, 241.00
604.10, 241.00
604.42, 244.00
604.74, 240.00
605.07, 244.00
605.39, 236.00
605.71, 241.00
606.03, 244.00
606.35, 234.00
606.67, 243.00
607.00, 241.00
607.32, 240.00
607.64, 242.00
607.96, 241.00
608.28, 262.00
608.60, 253.00
608.93, 272.00
609.25, 315.00
609.57, 345.00
609.89, 441.00
610.21, 504.00
610.53, 560.00
610.85, 543.00
611.17, 517.00
611.50, 479.00
611.82, 456.00
612.14, 424.00
612.46, 392.00
612.78, 375.00
613.10, 350.00
613.42, 339.00
613.74, 342.00
614.06, 358.00
614.38, 321.00
614.70, 318.00
615.03, 316.00
615.35, 304.00
615.67, 397.00
615.99, 276.00
616.31, 261.00
616.63, 260.00
616.95, 252.00
617.27, 239.00
617.59, 236.00
617.91, 251.00
618.23, 246.00
618.55, 234.00
618.87, 231.00
619.19, 241.00
619.51, 239.00
619.83, 239.00
620.15, 241.00
620.47, 237.00
620.79, 238.00
621.11, 245.00
621.43, 237.00
621.75, 247.00
622.07, 242.00
622.39, 232.00
622.71, 235.00
623.03, 236.00
623.35, 274.00
623.67, 237.00
623.99, 231.00
624.31, 231.00
624.63, 238.00
624.95, 231.00
625.26, 226.00
625.58, 233.00
625.90, 259.00
626.22, 227.00
626.54, 233.00
626.86, 231.00
627.18, 238.00
627.50, 239.00
627.82, 233.00
628.14, 233.00
628.46, 237.00
628.77, 249.00
629.09, 248.00
629.41, 251.00
629.73, 257.00
630.05, 275.00
630.37, 262.00
630.69, 267.00
631.00, 263.00
631.32, 254.00
631.64, 247.00
631.96, 242.00
632.28, 240.00
632.60, 230.00
632.92, 229.00
633.23, 231.00
633.55, 238.00
633.87, 229.00
634.19, 244.00
634.51, 238.00
634.82, 247.00
635.14, 249.00
635.46, 248.00
635.78, 243.00
636.10, 241.00
636.41, 243.00
636.73, 240.00
637.05, 248.00
637.37, 242.00
637.68, 247.00
638.00, 240.00
638.32, 251.00
638.64, 249.00
638.95, 255.00
639.27, 246.00
639.59, 240.00
639.91, 240.00
640.22, 231.00
640.54, 239.00
640.86, 235.00
641.18, 233.00
641.49, 252.00
641.81, 248.00
642.13, 253.00
642.44, 235.00
642.76, 240.00
643.08, 241.00
643.40, 245.00
643.71, 246.00
644.03, 253.00
644.35, 257.00
644.66, 265.00
644.98, 257.00
645.30, 257.00
645.61, 268.00
645.93, 244.00
646.25, 240.00
646.56, 241.00
646.88, 267.00
647.19, 232.00
647.51, 236.00
647.83, 221.00
648.14, 225.00
648.46, 227.00
648.78, 242.00
649.09, 246.00
649.41, 285.00
649.72, 253.00
650.04, 271.00
650.36, 262.00
650.67, 263.00
650.99, 270.00
651.30, 271.00
651.62, 268.00
651.93, 283.00
652.25, 293.00
652.57, 305.00
652.88, 274.00
653.20, 269.00
653.51, 267.00
653.83, 257.00
654.14, 240.00
654.46, 245.00
654.77, 244.00
655.09, 256.00
655.40, 268.00
655.72, 253.00
656.04, 240.00
656.35, 234.00
656.67, 228.00
656.98, 244.00
657.30, 245.00
657.61, 248.00
657.93, 241.00
658.24, 255.00
658.55, 286.00
658.87, 249.00
659.18, 255.00
659.50, 253.00
659.81, 253.00
660.13, 250.00
660.44, 258.00
660.76, 255.00
661.07, 270.00
661.39, 246.00
661.70, 234.00
662.01, 235.00
662.33, 223.00
662.64, 232.00
662.96, 224.00
663.27, 216.00
663.59, 209.00
663.90, 207.00
664.21, 211.00
664.53, 232.00
664.84, 214.00
665.16, 242.00
665.47, 220.00
665.78, 218.00
666.10, 233.00
666.41, 223.00
666.72, 233.00
667.04, 231.00
667.35, 237.00
667.67, 229.00
667.98, 233.00
668.29, 230.00
668.61, 230.00
668.92, 231.00
669.23, 230.00
669.55, 225.00
669.86, 249.00
670.17, 223.00
670.48, 215.00
670.80, 212.00
671.11, 220.00
671.42, 211.00
671.74, 212.00
672.05, 207.00
672.36, 219.00
672.68, 216.00
672.99, 222.00
673.30, 232.00
673.61, 237.00
673.93, 235.00
674.24, 246.00
674.55, 246.00
674.86, 255.00
675.18, 262.00
675.49, 259.00
675.80, 248.00
676.11, 260.00
676.43, 262.00
676.74, 258.00
677.05, 251.00
677.36, 269.00
677.67, 258.00
677.99, 254.00
678.30, 241.00
678.61, 234.00
678.92, 225.00
679.23, 223.00
679.55, 215.00
679.86, 216.00
680.17, 204.00
680.48, 209.00
680.79, 205.00
681.10, 197.00
681.42, 200.00
681.73, 200.00
682.04, 196.00
682.35, 195.00
682.66, 203.00
682.97, 193.00
683.28, 200.00
683.60, 199.00
683.91, 199.00
684.22, 217.00
684.53, 192.00
684.84, 188.00
685.15, 201.00
685.46, 220.00
685.77, 197.00
686.08, 195.00
686.40, 236.00
686.71, 196.00
687.02, 194.00
687.33, 189.00
687.64, 190.00
687.95, 183.00
688.26, 186.00
688.57, 182.00
688.88, 183.00
689.19, 175.00
689.50, 179.00
689.81, 182.00
690.12, 180.00
690.43, 197.00
690.74, 179.00
691.05, 174.00
691.36, 194.00
691.67, 175.00
691.98, 183.00
692.29, 179.00
692.60, 182.00
692.91, 181.00
693.22, 178.00
693.53, 177.00
693.84, 184.00
694.15, 181.00
694.46, 174.00
694.77, 168.00
695.08, 175.00
695.39, 179.00
695.70, 175.00
696.01, 177.00
696.32, 174.00
696.63, 175.00
696.94, 179.00
697.25, 170.00
697.56, 184.00
697.87, 175.00
698.17, 212.00
698.48, 176.00
698.79, 176.00
699.10, 172.00
699.41, 179.00
699.72, 180.00
700.03, 174.00
700.34, 175.00
700.65, 168.00
700.95, 173.00
701.26, 179.00
701.57, 172.00
701.88, 180.00
702.19, 187.00
702.50, 184.00
702.81, 169.00
703.11, 199.00
703.42, 182.00
703.73, 177.00
704.04, 182.00
704.35, 178.00
704.66, 184.00
704.96, 202.00
705.27, 222.00
705.58, 244.00
705.89, 238.00
706.20, 220.00
706.50, 210.00
706.81, 213.00
707.12, 204.00
707.43, 199.00
707.73, 199.00
708.04, 191.00
708.35, 199.00
708.66, 187.00
708.97, 174.00
709.27, 183.00
709.58, 177.00
709.89, 178.00
710.19, 176.00
710.50, 184.00
710.81, 176.00
711.12, 187.00
711.42, 183.00
711.73, 192.00
712.04, 179.00
712.35, 185.00
712.65, 177.00
712.96, 182.00
713.27, 182.00
713.57, 200.00
713.88, 198.00
714.19, 169.00
714.49, 173.00
714.80, 179.00
715.11, 181.00
715.41, 173.00
715.72, 173.00
716.03, 177.00
716.33, 178.00
716.64, 168.00
716.94, 175.00
717.25, 165.00
717.56, 180.00
717.86, 171.00
718.17, 172.00
718.48, 170.00
718.78, 167.00
719.09, 171.00
719.39, 174.00
719.70, 173.00
720.01, 169.00
720.31, 172.00
720.62, 166.00
720.92, 175.00
721.23, 175.00
721.53, 180.00
721.84, 177.00
722.15, 183.00
722.45, 173.00
722.76, 173.00
723.06, 177.00
723.37, 178.00
723.67, 174.00
723.98, 172.00
724.28, 178.00
724.59, 179.00
724.89, 183.00
725.20, 181.00
725.50, 184.00
725.81, 171.00
726.11, 173.00
726.42, 176.00
726.72, 174.00
727.03, 204.00
727.33, 171.00
727.64, 169.00
727.94, 163.00
728.25, 168.00
728.55, 168.00
728.86, 186.00
729.16, 170.00
729.46, 169.00
729.77, 171.00
730.07, 164.00
730.38, 168.00
730.68, 170.00
730.99, 176.00
731.29, 165.00
731.59, 171.00
731.90, 175.00
732.20, 170.00
732.51, 177.00
732.81, 177.00
733.11, 179.00
733.42, 174.00
733.72, 179.00
734.02, 176.00
734.33, 175.00
734.63, 170.00
734.94, 171.00
735.24, 173.00
735.54, 171.00
735.85, 172.00
736.15, 167.00
736.45, 166.00
736.76, 174.00
737.06, 178.00
737.36, 169.00
737.67, 173.00
737.97, 176.00
738.27, 165.00
738.57, 169.00
738.88, 171.00
739.18, 203.00
739.48, 164.00
739.79, 169.00
740.09, 172.00
740.39, 170.00
740.69, 176.00
741.00, 168.00
741.30, 178.00
741.60, 168.00
741.90, 179.00
742.21, 177.00
742.51, 214.00
742.81, 182.00
743.11, 185.00
743.42, 209.00
743.72, 191.00
744.02, 196.00
744.32, 203.00
744.63, 208.00
744.93, 208.00
745.23, 204.00
745.53, 211.00
745.83, 210.00
746.13, 202.00
746.44, 207.00
746.74, 208.00
747.04, 210.00
747.34, 213.00
747.64, 205.00
747.94, 218.00
748.25, 217.00
748.55, 210.00
748.85, 213.00
749.15, 224.00
749.45, 235.00
749.75, 206.00
750.05, 198.00
750.35, 188.00
750.66, 201.00
750.96, 182.00
751.26, 174.00
751.56, 182.00
751.86, 182.00
752.16, 171.00
752.46, 169.00
752.76, 169.00
753.06, 165.00
753.36, 216.00
753.66, 169.00
753.96, 176.00
754.27, 173.00
754.57, 171.00
754.87, 178.00
755.17, 178.00
755.47, 183.00
755.77, 179.00
756.07, 174.00
756.37, 180.00
756.67, 187.00
756.97, 183.00
757.27, 203.00
757.57, 191.00
757.87, 185.00
758.17, 187.00
758.47, 194.00
758.77, 198.00
759.07, 188.00
759.37, 192.00
759.67, 189.00
759.97, 198.00
760.27, 189.00
760.57, 186.00
760.86, 187.00
761.16, 190.00
761.46, 184.00
761.76, 211.00
762.06, 181.00
762.36, 189.00
762.66, 176.00
762.96, 174.00
763.26, 169.00
763.56, 197.00
763.86, 181.00
764.16, 163.00
764.45, 185.00
764.75, 169.00
765.05, 167.00
765.35, 165.00
765.65, 163.00
765.95, 162.00
766.25, 167.00
766.55, 173.00
766.84, 170.00
767.14, 173.00
767.44, 169.00
767.74, 178.00
768.04, 179.00
768.34, 171.00
768.63, 177.00
768.93, 177.00
769.23, 178.00
769.53, 180.00
769.83, 184.00
770.12, 177.00
770.42, 179.00
770.72, 177.00
771.02, 178.00
771.32, 178.00
771.61, 184.00
771.91, 187.00
772.21, 181.00
772.51, 181.00
772.80, 181.00
773.10, 180.00
773.40, 185.00
773.70, 184.00
773.99, 182.00
774.29, 183.00
774.59, 186.00
774.88, 180.00
775.18, 182.00
775.48, 294.00
775.78, 566.00
776.07, 799.00
776.37, 902.00
776.67, 816.00
776.96, 572.00
777.26, 490.00
777.56, 354.00
777.85, 335.00
778.15, 303.00
778.45, 285.00
778.74, 244.00
779.04, 223.00
779.34, 191.00
779.63, 180.00
779.93, 165.00
780.22, 164.00
780.52, 161.00
780.82, 158.00
781.11, 155.00
781.41, 161.00
781.71, 153.00
782.00, 157.00
782.30, 156.00
782.59, 171.00
782.89, 158.00
783.19, 159.00
783.48, 158.00
783.78, 163.00
784.07, 169.00
784.37, 164.00
784.66, 160.00
784.96, 154.00
785.25, 153.00
785.55, 155.00
785.84, 161.00
786.14, 157.00
786.44, 156.00
786.73, 158.00
787.03, 157.00
787.32, 154.00
787.62, 162.00
787.91, 152.00
788.21, 158.00
788.50, 156.00
788.80, 155.00
789.09, 157.00
789.39, 157.00
789.68, 154.00
789.97, 158.00
790.27, 156.00
790.56, 155.00
790.86, 162.00
791.15, 154.00
791.45, 154.00
791.74, 176.00
792.04, 155.00
792.33, 154.00
792.62, 185.00
792.92, 152.00
793.21, 159.00
793.51, 158.00
793.80, 153.00
794.09, 153.00
794.39, 149.00
794.68, 153.00
794.98, 150.00
795.27, 150.00
795.56, 152.00
795.86, 154.00
796.15, 150.00
796.44, 158.00
796.74, 154.00
797.03, 151.00
797.32, 152.00
797.62, 156.00
797.91, 165.00
798.20, 151.00
798.50, 158.00
798.79, 161.00
799.08, 153.00
799.38, 154.00
799.67, 151.00
799.96, 162.00
800.26, 179.00
800.55, 154.00
800.84, 160.00
801.13, 156.00
801.43, 156.00
801.72, 187.00
802.01, 151.00
802.30, 151.00
802.60, 154.00
802.89, 159.00
803.18, 155.00
803.47, 148.00
803.77, 157.00
804.06, 160.00
804.35, 155.00
804.64, 173.00
804.94, 158.00
805.23, 154.00
805.52, 160.00
805.81, 154.00
806.10, 159.00
806.39, 149.00
806.69, 155.00
806.98, 148.00
807.27, 156.00
807.56, 156.00
807.85, 155.00
808.14, 150.00
808.44, 161.00
808.73, 157.00
809.02, 173.00
809.31, 153.00
809.60, 162.00
809.89, 157.00
810.18, 150.00
810.48, 165.00
810.77, 160.00
811.06, 150.00
811.35, 151.00
811.64, 155.00
811.93, 171.00
812.22, 153.00
812.51, 152.00
812.80, 152.00
813.09, 146.00
813.38, 151.00
813.67, 173.00
813.96, 151.00
814.26, 149.00
814.55, 144.00
814.84, 150.00
815.13, 157.00
815.42, 156.00
815.71, 147.00
816.00, 146.00
816.29, 153.00
816.58, 153.00
816.87, 149.00
817.16, 149.00
817.45, 158.00
817.74, 156.00
818.03, 150.00
818.32, 151.00
818.61, 148.00
818.90, 152.00
819.19, 143.00
819.48, 152.00
819.76, 152.00
820.05, 150.00
820.34, 149.00
820.63, 148.00
820.92, 152.00
821.21, 152.00
821.50, 148.00
821.79, 151.00
822.08, 153.00
822.37, 156.00
822.66, 151.00
822.95, 150.00
823.23, 146.00
823.52, 167.00
823.81, 155.00
824.10, 153.00
824.39, 151.00
824.68, 149.00
824.97, 162.00
825.26, 150.00
825.54, 197.00
825.83, 147.00
826.12, 142.00
826.41, 149.00
826.70, 145.00
826.99, 154.00
827.27, 148.00
827.56, 166.00
827.85, 147.00
828.14, 149.00
828.43, 148.00
828.71, 152.00
829.00, 147.00
829.29, 152.00
829.58, 161.00
829.86, 150.00
830.15, 154.00
830.44, 150.00
830.73, 153.00
831.01, 149.00
831.30, 145.00
831.59, 149.00
831.88, 148.00
832.16, 149.00
832.45, 149.00
832.74, 152.00
833.03, 151.00
833.31, 154.00
833.60, 148.00
833.89, 151.00
834.17, 151.00
834.46, 149.00
834.75, 151.00
835.03, 149.00
835.32, 144.00
835.61, 146.00
835.89, 165.00
836.18, 149.00
836.47, 149.00
836.75, 150.00
837.04, 151.00
837.33, 148.00
837.61, 145.00
837.90, 149.00
838.19, 148.00
838.47, 147.00
838.76, 150.00
839.04, 152.00
839.33, 147.00
839.62, 150.00
839.90, 147.00
840.19, 151.00
840.47, 143.00
840.76, 178.00
841.04, 153.00
841.33, 152.00
841.62, 149.00
841.90, 152.00
842.19, 154.00
842.47, 298.00
842.76, 146.00
843.04, 152.00
843.33, 174.00
843.61, 165.00
843.90, 171.00
844.18, 170.00
844.47, 167.00
844.75, 172.00
845.04, 160.00
845.32, 163.00
845.61, 161.00
845.89, 155.00
846.18, 156.00
846.46, 156.00
846.75, 155.00
847.03, 163.00
847.32, 152.00
847.60, 152.00
847.88, 151.00
848.17, 150.00
848.45, 165.00
848.74, 151.00
849.02, 147.00
849.31, 142.00
849.59, 157.00
849.87, 151.00
850.16, 148.00
850.44, 148.00
850.73, 176.00
851.01, 155.00
851.29, 149.00
851.58, 147.00
851.86, 151.00
852.14, 148.00
852.43, 149.00
852.71, 152.00
853.00, 149.00
853.28, 156.00
853.56, 148.00
853.85, 148.00
854.13, 148.00
854.41, 153.00
854.69, 153.00
854.98, 147.00
855.26, 193.00
855.54, 150.00
855.83, 150.00
856.11, 152.00
856.39, 150.00
856.68, 145.00
856.96, 149.00
857.24, 149.00
857.52, 152.00
857.81, 151.00
858.09, 141.00
858.37, 145.00
858.65, 154.00
858.94, 145.00
859.22, 147.00
