190.05, 0.00
190.41, 131.00
190.77, 131.00
191.14, 137.00
191.50, 136.00
191.86, 167.00
192.22, 152.00
192.58, 149.00
192.94, 144.00
193.31, 143.00
193.67, 149.00
194.03, 155.00
194.39, 146.00
194.75, 142.00
195.11, 152.00
195.47, 161.00
195.84, 148.00
196.20, 144.00
196.56, 165.00
196.92, 144.00
197.28, 150.00
197.64, 150.00
198.00, 144.00
198.37, 151.00
198.73, 146.00
199.09, 149.00
199.45, 142.00
199.81, 147.00
200.17, 151.00
200.53, 147.00
200.89, 151.00
201.25, 180.00
201.62, 141.00
201.98, 144.00
202.34, 150.00
202.70, 150.00
203.06, 151.00
203.42, 143.00
203.78, 146.00
204.14, 147.00
204.50, 168.00
204.86, 152.00
205.22, 154.00
205.58, 146.00
205.95, 144.00
206.31, 144.00
206.67, 144.00
207.03, 149.00
207.39, 155.00
207.75, 147.00
208.11, 150.00
208.47, 149.00
208.83, 147.00
209.19, 150.00
209.55, 143.00
209.91, 145.00
210.27, 150.00
210.63, 147.00
210.99, 148.00
211.35, 147.00
211.71, 151.00
212.07, 151.00
212.43, 152.00
212.79, 147.00
213.15, 144.00
213.51, 143.00
213.87, 148.00
214.23, 142.00
214.59, 146.00
214.95, 149.00
215.31, 142.00
215.67, 150.00
216.03, 173.00
216.39, 144.00
216.75, 145.00
217.11, 149.00
217.47, 144.00
217.83, 143.00
218.19, 144.00
218.55, 150.00
218.91, 147.00
219.27, 147.00
219.63, 141.00
219.99, 150.00
220.35, 146.00
220.71, 155.00
221.07, 150.00
221.43, 143.00
221.79, 150.00
222.15, 150.00
222.51, 146.00
222.87, 141.00
223.23, 146.00
223.59, 152.00
223.95, 148.00
224.31, 146.00
224.67, 147.00
225.03, 152.00
225.39, 149.00
225.74, 149.00
226.10, 148.00
226.46, 147.00
226.82, 152.00
227.18, 151.00
227.54, 142.00
227.90, 152.00
228.26, 153.00
228.62, 149.00
228.98, 145.00
229.34, 143.00
229.69, 140.00
230.05, 149.00
230.41, 144.00
230.77, 154.00
231.13, 150.00
231.49, 147.00
231.85, 149.00
232.21, 154.00
232.57, 149.00
232.92, 146.00
233.28, 147.00
233.64, 144.00
234.00, 143.00
234.36, 146.00
234.72, 149.00
235.08, 157.00
235.44, 148.00
235.79, 145.00
236.15, 153.00
236.51, 145.00
236.87, 148.00
237.23, 147.00
237.59, 147.00
237.94, 152.00
238.30, 147.00
238.66, 144.00
239.02, 144.00
239.38, 140.00
239.74, 140.00
240.09, 156.00
240.45, 151.00
240.81, 136.00
241.17, 151.00
241.53, 146.00
241.89, 143.00
242.24, 142.00
242.60, 146.00
242.96, 144.00
243.32, 148.00
243.68, 143.00
244.03, 148.00
244.39, 149.00
244.75, 171.00
245.11, 150.00
245.46, 151.00
245.82, 176.00
246.18, 148.00
246.54, 153.00
246.90, 142.00
247.25, 148.00
247.61, 144.00
247.97, 187.00
248.33, 149.00
248.68, 146.00
249.04, 145.00
249.40, 149.00
249.76, 147.00
250.11, 141.00
250.47, 149.00
250.83, 152.00
251.19, 148.00
251.54, 153.00
251.90, 146.00
252.26, 151.00
252.62, 142.00
252.97, 146.00
253.33, 144.00
253.69, 145.00
254.05, 151.00
254.40, 140.00
254.76, 147.00
255.12, 170.00
255.47, 152.00
255.83, 149.00
256.19, 146.00
256.54, 144.00
256.90, 146.00
257.26, 146.00
257.62, 151.00
257.97, 145.00
258.33, 145.00
258.69, 148.00
259.04, 149.00
259.40, 147.00
259.76, 150.00
260.11, 145.00
260.47, 148.00
260.83, 145.00
261.18, 144.00
261.54, 151.00
261.90, 144.00
262.25, 137.00
262.61, 142.00
262.97, 143.00
263.32, 143.00
263.68, 142.00
264.04, 145.00
264.39, 146.00
264.75, 145.00
265.10, 147.00
265.46, 182.00
265.82, 164.00
266.17, 146.00
266.53, 144.00
266.89, 146.00
267.24, 151.00
267.60, 149.00
267.95, 149.00
268.31, 145.00
268.67, 144.00
269.02, 146.00
269.38, 146.00
269.74, 156.00
270.09, 145.00
270.45, 145.00
270.80, 172.00
271.16, 150.00
271.51, 150.00
271.87, 153.00
272.23, 148.00
272.58, 153.00
272.94, 148.00
273.29, 144.00
273.65, 192.00
274.00, 146.00
274.36, 150.00
274.72, 145.00
275.07, 144.00
275.43, 145.00
275.78, 152.00
276.14, 137.00
276.49, 156.00
276.85, 153.00
277.20, 164.00
277.56, 142.00
277.92, 149.00
278.27, 150.00
278.63, 152.00
278.98, 142.00
279.34, 145.00
279.69, 150.00
280.05, 167.00
280.40, 154.00
280.76, 153.00
281.11, 148.00
281.47, 146.00
281.82, 150.00
282.18, 149.00
282.53, 155.00
282.89, 161.00
283.24, 159.00
283.60, 150.00
283.95, 160.00
284.31, 152.00
284.66, 155.00
285.02, 155.00
285.37, 158.00
285.73, 153.00
286.08, 161.00
286.44, 155.00
286.79, 157.00
287.14, 159.00
287.50, 158.00
287.85, 152.00
288.21, 147.00
288.56, 158.00
288.92, 147.00
289.27, 149.00
289.63, 151.00
289.98, 154.00
290.34, 149.00
290.69, 157.00
291.04, 146.00
291.40, 142.00
291.75, 146.00
292.11, 152.00
292.46, 145.00
292.81, 158.00
293.17, 150.00
293.52, 154.00
293.88, 152.00
294.23, 153.00
294.59, 154.00
294.94, 164.00
295.29, 160.00
295.65, 171.00
296.00, 183.00
296.36, 160.00
296.71, 159.00
297.06, 165.00
297.42, 165.00
297.77, 167.00
298.12, 166.00
298.48, 161.00
298.83, 162.00
299.19, 160.00
299.54, 163.00
299.89, 166.00
300.25, 160.00
300.60, 163.00
300.95, 161.00
301.31, 156.00
301.66, 152.00
302.01, 149.00
302.37, 147.00
302.72, 155.00
303.07, 151.00
303.43, 159.00
303.78, 151.00
304.13, 159.00
304.49, 165.00
304.84, 165.00
305.19, 191.00
305.55, 163.00
305.90, 171.00
306.25, 193.00
306.61, 237.00
306.96, 272.00
307.31, 356.00
307.66, 469.00
308.02, 590.00
308.37, 690.00
308.72, 750.00
309.08, 741.00
309.43, 713.00
309.78, 614.00
310.13, 527.00
310.49, 464.00
310.84, 368.00
311.19, 320.00
311.54, 293.00
311.90, 250.00
312.25, 244.00
312.60, 237.00
312.95, 262.00
313.31, 268.00
313.66, 279.00
314.01, 296.00
314.36, 291.00
314.72, 297.00
315.07, 347.00
315.42, 388.00
315.77, 410.00
316.13, 333.00
316.48, 264.00
316.83, 225.00
317.18, 199.00
317.54, 180.00
317.89, 163.00
318.24, 160.00
318.59, 158.00
318.94, 155.00
319.30, 163.00
319.65, 167.00
320.00, 162.00
320.35, 160.00
320.70, 160.00
321.05, 158.00
321.41, 160.00
321.76, 161.00
322.11, 164.00
322.46, 160.00
322.81, 195.00
323.17, 162.00
323.52, 157.00
323.87, 153.00
324.22, 152.00
324.57, 157.00
324.92, 163.00
325.27, 159.00
325.63, 169.00
325.98, 162.00
326.33, 165.00
326.68, 169.00
327.03, 162.00
327.38, 170.00
327.73, 166.00
328.09, 183.00
328.44, 211.00
328.79, 180.00
329.14, 221.00
329.49, 189.00
329.84, 180.00
330.19, 182.00
330.54, 183.00
330.89, 177.00
331.25, 170.00
331.60, 172.00
331.95, 166.00
332.30, 166.00
332.65, 170.00
333.00, 179.00
333.35, 215.00
333.70, 219.00
334.05, 190.00
334.40, 189.00
334.75, 199.00
335.10, 228.00
335.45, 278.00
335.81, 367.00
336.16, 508.00
336.51, 647.00
336.86, 678.00
337.21, 616.00
337.56, 434.00
337.91, 310.00
338.26, 224.00
338.61, 188.00
338.96, 172.00
339.31, 163.00
339.66, 161.00
340.01, 162.00
340.36, 155.00
340.71, 162.00
341.06, 154.00
341.41, 158.00
341.76, 157.00
342.11, 163.00
342.46, 167.00
342.81, 166.00
343.16, 159.00
343.51, 158.00
343.86, 163.00
344.21, 155.00
344.56, 161.00
344.91, 162.00
345.26, 164.00
345.61, 156.00
345.96, 158.00
346.31, 153.00
346.66, 184.00
347.01, 156.00
347.36, 175.00
347.71, 158.00
348.06, 156.00
348.41, 170.00
348.76, 176.00
349.10, 167.00
349.45, 181.00
349.80, 178.00
350.15, 170.00
350.50, 172.00
350.85, 170.00
351.20, 175.00
351.55, 202.00
351.90, 209.00
352.25, 240.00
352.60, 282.00
352.95, 342.00
353.30, 376.00
353.64, 340.00
353.99, 296.00
354.34, 271.00
354.69, 255.00
355.04, 277.00
355.39, 312.00
355.74, 365.00
356.09, 418.00
356.44, 463.00
356.78, 566.00
357.13, 598.00
357.48, 590.00
357.83, 481.00
358.18, 350.00
358.53, 278.00
358.88, 216.00
359.22, 193.00
359.57, 170.00
359.92, 161.00
360.27, 161.00
360.62, 169.00
360.97, 160.00
361.32, 161.00
361.66, 162.00
362.01, 163.00
362.36, 156.00
362.71, 162.00
363.06, 164.00
363.40, 165.00
363.75, 167.00
364.10, 169.00
364.45, 167.00
364.80, 164.00
365.14, 166.00
365.49, 173.00
365.84, 164.00
366.19, 171.00
366.54, 171.00
366.88, 189.00
367.23, 166.00
367.58, 216.00
367.93, 169.00
368.28, 158.00
368.62, 161.00
368.97, 172.00
369.32, 178.00
369.67, 175.00
370.01, 197.00
370.36, 197.00
370.71, 220.00
371.06, 196.00
371.40, 188.00
371.75, 171.00
372.10, 168.00
372.45, 161.00
372.79, 166.00
373.14, 176.00
373.49, 182.00
373.83, 196.00
374.18, 229.00
374.53, 264.00
374.88, 284.00
375.22, 284.00
375.57, 249.00
375.92, 221.00
376.26, 199.00
376.61, 179.00
376.96, 166.00
377.30, 173.00
377.65, 178.00
378.00, 177.00
378.35, 198.00
378.69, 225.00
379.04, 246.00
379.39, 299.00
379.73, 343.00
380.08, 354.00
380.43, 296.00
380.77, 247.00
381.12, 223.00
381.47, 204.00
381.81, 178.00
382.16, 169.00
382.50, 169.00
382.85, 232.00
383.20, 165.00
383.54, 169.00
383.89, 178.00
384.24, 182.00
384.58, 184.00
384.93, 206.00
385.27, 198.00
385.62, 206.00
385.97, 202.00
386.31, 194.00
386.66, 228.00
387.00, 201.00
387.35, 208.00
387.70, 217.00
388.04, 309.00
388.39, 299.00
388.73, 372.00
389.08, 486.00
389.43, 644.00
389.77, 793.00
390.12, 1018.00
390.46, 1406.00
390.81, 1565.00
391.15, 1503.00
391.50, 1158.00
391.85, 753.00
392.19, 507.00
392.54, 321.00
392.88, 233.00
393.23, 215.00
393.57, 212.00
393.92, 200.00
394.26, 183.00
394.61, 178.00
394.95, 171.00
395.30, 160.00
395.64, 161.00
395.99, 197.00
396.33, 166.00
396.68, 165.00
397.02, 165.00
397.37, 181.00
397.71, 182.00
398.06, 191.00
398.40, 194.00
398.75, 217.00
399.09, 224.00
399.44, 229.00
399.78, 208.00
400.13, 188.00
400.47, 178.00
400.82, 169.00
401.16, 162.00
401.51, 169.00
401.85, 165.00
402.20, 162.00
402.54, 163.00
402.88, 166.00
403.23, 173.00
403.57, 181.00
403.92, 201.00
404.26, 272.00
404.61, 222.00
404.95, 257.00
405.30, 236.00
405.64, 217.00
405.98, 228.00
406.33, 194.00
406.67, 170.00
407.02, 167.00
407.36, 174.00
407.70, 178.00
408.05, 173.00
408.39, 176.00
408.74, 175.00
409.08, 181.00
409.42, 181.00
409.77, 167.00
410.11, 176.00
410.46, 166.00
410.80, 177.00
411.14, 180.00
411.49, 184.00
411.83, 192.00
412.17, 176.00
412.52, 181.00
412.86, 191.00
413.20, 187.00
413.55, 193.00
413.89, 192.00
414.23, 188.00
414.58, 211.00
414.92, 167.00
415.26, 174.00
415.61, 171.00
415.95, 178.00
416.29, 180.00
416.64, 172.00
416.98, 178.00
417.32, 179.00
417.67, 206.00
418.01, 213.00
418.35, 209.00
418.70, 231.00
419.04, 270.00
419.38, 251.00
419.72, 252.00
420.07, 225.00
420.41, 194.00
420.75, 186.00
421.10, 181.00
421.44, 178.00
421.78, 180.00
422.12, 176.00
422.47, 179.00
422.81, 193.00
423.15, 199.00
423.49, 198.00
423.84, 189.00
424.18, 203.00
424.52, 212.00
424.86, 242.00
425.21, 292.00
425.55, 339.00
425.89, 401.00
426.23, 467.00
426.57, 590.00
426.92, 655.00
427.26, 698.00
427.60, 605.00
427.94, 439.00
428.28, 328.00
428.63, 262.00
428.97, 220.00
429.31, 187.00
429.65, 176.00
429.99, 170.00
430.34, 169.00
430.68, 168.00
431.02, 174.00
431.36, 161.00
431.70, 168.00
432.04, 165.00
432.39, 172.00
432.73, 186.00
433.07, 177.00
433.41, 177.00
433.75, 190.00
434.09, 178.00
434.43, 193.00
434.78, 253.00
435.12, 305.00
435.46, 331.00
435.80, 305.00
436.14, 278.00
436.48, 239.00
436.82, 221.00
437.16, 200.00
437.51, 187.00
437.85, 185.00
438.19, 222.00
438.53, 175.00
438.87, 194.00
439.21, 185.00
439.55, 184.00
439.89, 195.00
440.23, 189.00
440.57, 189.00
440.91, 191.00
441.26, 185.00
441.60, 185.00
441.94, 181.00
442.28, 184.00
442.62, 178.00
442.96, 171.00
443.30, 178.00
443.64, 171.00
443.98, 180.00
444.32, 183.00
444.66, 171.00
445.00, 175.00
445.34, 181.00
445.68, 177.00
446.02, 171.00
446.36, 173.00
446.70, 178.00
447.04, 182.00
447.38, 200.00
447.72, 179.00
448.06, 180.00
448.40, 190.00
448.74, 183.00
449.08, 179.00
449.42, 180.00
449.76, 177.00
450.10, 174.00
450.44, 172.00
450.78, 179.00
451.12, 190.00
451.46, 178.00
451.80, 184.00
452.14, 172.00
452.48, 179.00
452.82, 171.00
453.16, 170.00
453.50, 177.00
453.84, 165.00
454.18, 217.00
454.52, 183.00
454.86, 178.00
455.19, 191.00
455.53, 179.00
455.87, 176.00
456.21, 182.00
456.55, 180.00
456.89, 182.00
457.23, 184.00
457.57, 183.00
457.91, 193.00
458.25, 190.00
458.59, 198.00
458.92, 218.00
459.26, 212.00
459.60, 217.00
459.94, 203.00
460.28, 185.00
460.62, 188.00
460.96, 175.00
461.30, 175.00
461.63, 173.00
461.97, 167.00
462.31, 169.00
462.65, 175.00
462.99, 180.00
463.33, 176.00
463.67, 187.00
464.00, 183.00
464.34, 187.00
464.68, 188.00
465.02, 196.00
465.36, 190.00
465.70, 184.00
466.03, 189.00
466.37, 178.00
466.71, 185.00
467.05, 190.00
467.39, 194.00
467.72, 209.00
468.06, 223.00
468.40, 236.00
468.74, 239.00
469.08, 247.00
469.41, 264.00
469.75, 287.00
470.09, 300.00
470.43, 320.00
470.76, 268.00
471.10, 253.00
471.44, 233.00
471.78, 217.00
472.11, 208.00
472.45, 198.00
472.79, 187.00
473.13, 192.00
473.46, 191.00
473.80, 183.00
474.14, 181.00
474.48, 187.00
474.81, 182.00
475.15, 180.00
475.49, 187.00
475.82, 186.00
476.16, 186.00
476.50, 178.00
476.84, 177.00
477.17, 175.00
477.51, 173.00
477.85, 168.00
478.18, 194.00
478.52, 173.00
478.86, 230.00
479.19, 183.00
479.53, 185.00
479.87, 215.00
480.20, 185.00
480.54, 190.00
480.88, 173.00
481.21, 183.00
481.55, 172.00
481.89, 190.00
482.22, 187.00
482.56, 201.00
482.90, 196.00
483.23, 196.00
483.57, 198.00
483.90, 211.00
484.24, 209.00
484.58, 222.00
484.91, 232.00
485.25, 232.00
485.58, 242.00
485.92, 244.00
486.26, 241.00
486.59, 250.00
486.93, 252.00
487.26, 250.00
487.60, 254.00
487.94, 244.00
488.27, 245.00
488.61, 239.00
488.94, 245.00
489.28, 234.00
489.61, 236.00
489.95, 231.00
490.29, 236.00
490.62, 239.00
490.96, 226.00
491.29, 246.00
491.63, 236.00
491.96, 222.00
492.30, 222.00
492.63, 222.00
492.97, 218.00
493.30, 222.00
493.64, 215.00
493.97, 211.00
494.31, 227.00
494.64, 226.00
494.98, 223.00
495.31, 223.00
495.65, 206.00
495.98, 222.00
496.32, 213.00
496.65, 244.00
496.99, 206.00
497.32, 197.00
497.66, 202.00
497.99, 196.00
498.33, 198.00
498.66, 191.00
499.00, 198.00
499.33, 192.00
499.67, 189.00
500.00, 190.00
500.34, 196.00
500.67, 203.00
501.00, 195.00
501.34, 188.00
501.67, 191.00
502.01, 187.00
502.34, 188.00
502.68, 187.00
503.01, 188.00
503.34, 193.00
503.68, 192.00
504.01, 191.00
504.35, 200.00
504.68, 198.00
505.01, 189.00
505.35, 192.00
505.68, 187.00
506.02, 192.00
506.35, 197.00
506.68, 209.00
507.02, 199.00
507.35, 192.00
507.68, 194.00
508.02, 201.00
508.35, 191.00
508.69, 184.00
509.02, 186.00
509.35, 183.00
509.69, 185.00
510.02, 192.00
510.35, 182.00
510.69, 180.00
511.02, 184.00
511.35, 181.00
511.69, 182.00
512.02, 184.00
512.35, 187.00
512.68, 182.00
513.02, 181.00
513.35, 178.00
513.68, 183.00
514.02, 187.00
514.35, 171.00
514.68, 183.00
515.01, 174.00
515.35, 181.00
515.68, 175.00
516.01, 170.00
516.35, 170.00
516.68, 172.00
517.01, 173.00
517.34, 179.00
517.68, 175.00
518.01, 186.00
518.34, 169.00
518.67, 175.00
519.01, 178.00
519.34, 182.00
519.67, 196.00
520.00, 184.00
520.33, 190.00
520.67, 183.00
521.00, 187.00
521.33, 193.00
521.66, 199.00
522.00, 199.00
522.33, 201.00
522.66, 189.00
522.99, 190.00
523.32, 192.00
523.65, 179.00
523.99, 183.00
524.32, 186.00
524.65, 189.00
524.98, 179.00
525.31, 182.00
525.65, 217.00
525.98, 182.00
526.31, 174.00
526.64, 188.00
526.97, 182.00
527.30, 178.00
527.63, 173.00
527.97, 182.00
528.30, 176.00
528.63, 186.00
528.96, 200.00
529.29, 178.00
529.62, 186.00
529.95, 173.00
530.28, 171.00
530.61, 178.00
530.95, 174.00
531.28, 176.00
531.61, 183.00
531.94, 182.00
532.27, 192.00
532.60, 186.00
532.93, 192.00
533.26, 183.00
533.59, 181.00
533.92, 186.00
534.25, 176.00
534.58, 214.00
534.91, 182.00
535.25, 172.00
535.58, 175.00
535.91, 176.00
536.24, 185.00
536.57, 191.00
536.90, 187.00
537.23, 195.00
537.56, 234.00
537.89, 201.00
538.22, 209.00
538.55, 211.00
538.88, 219.00
539.21, 340.00
539.54, 243.00
539.87, 250.00
540.20, 278.00
540.53, 311.00
540.86, 368.00
541.19, 388.00
541.52, 404.00
541.85, 426.00
542.18, 466.00
542.51, 462.00
542.84, 467.00
543.17, 473.00
543.50, 469.00
543.82, 452.00
544.15, 435.00
544.48, 446.00
544.81, 469.00
545.14, 500.00
545.47, 475.00
545.80, 462.00
546.13, 392.00
546.46, 388.00
546.79, 340.00
547.12, 296.00
547.45, 286.00
547.78, 271.00
548.10, 259.00
548.43, 258.00
548.76, 254.00
549.09, 250.00
549.42, 250.00
549.75, 245.00
550.08, 231.00
550.41, 230.00
550.74, 240.00
551.06, 229.00
551.39, 235.00
551.72, 226.00
552.05, 219.00
552.38, 213.00
552.71, 209.00
553.03, 210.00
553.36, 206.00
553.69, 215.00
554.02, 191.00
554.35, 199.00
554.68, 197.00
555.00, 191.00
555.33, 186.00
555.66, 184.00
555.99, 206.00
556.32, 188.00
556.64, 186.00
556.97, 200.00
557.30, 195.00
557.63, 195.00
557.96, 193.00
558.28, 200.00
558.61, 201.00
558.94, 195.00
559.27, 194.00
559.59, 188.00
559.92, 195.00
560.25, 190.00
560.58, 188.00
560.90, 192.00
561.23, 185.00
561.56, 181.00
561.89, 184.00
562.21, 190.00
562.54, 183.00
562.87, 179.00
563.20, 185.00
563.52, 174.00
563.85, 178.00
564.18, 191.00
564.50, 174.00
564.83, 204.00
565.16, 229.00
565.48, 169.00
565.81, 174.00
566.14, 169.00
566.47, 167.00
566.79, 170.00
567.12, 170.00
567.45, 192.00
567.77, 172.00
568.10, 166.00
568.43, 163.00
568.75, 162.00
569.08, 167.00
569.40, 199.00
569.73, 169.00
570.06, 166.00
570.38, 167.00
570.71, 170.00
571.04, 163.00
571.36, 165.00
571.69, 156.00
572.01, 167.00
572.34, 168.00
572.67, 171.00
572.99, 167.00
573.32, 181.00
573.64, 171.00
573.97, 170.00
574.30, 172.00
574.62, 166.00
574.95, 164.00
575.27, 170.00
575.60, 175.00
575.92, 186.00
576.25, 188.00
576.58, 190.00
576.90, 184.00
577.23, 217.00
577.55, 184.00
577.88, 187.00
578.20, 191.00
578.53, 194.00
578.85, 213.00
579.18, 209.00
579.50, 198.00
579.83, 194.00
580.15, 208.00
580.48, 204.00
580.80, 200.00
581.13, 209.00
581.45, 206.00
581.78, 197.00
582.10, 210.00
582.43, 215.00
582.75, 215.00
583.08, 221.00
583.40, 212.00
583.73, 278.00
584.05, 220.00
584.38, 212.00
584.70, 251.00
585.03, 211.00
585.35, 210.00
585.67, 216.00
586.00, 234.00
586.32, 263.00
586.65, 275.00
586.97, 269.00
587.30, 262.00
587.62, 247.00
587.94, 255.00
588.27, 227.00
588.59, 215.00
588.92, 211.00
589.24, 204.00
589.56, 209.00
589.89, 212.00
590.21, 192.00
590.54, 196.00
590.86, 197.00
591.18, 203.00
591.51, 203.00
591.83, 222.00
592.15, 212.00
592.48, 216.00
592.80, 217.00
593.13, 206.00
593.45, 207.00
593.77, 203.00
594.10, 205.00
594.42, 197.00
594.74, 197.00
595.07, 193.00
595.39, 195.00
595.71, 201.00
596.03, 202.00
596.36, 203.00
596.68, 205.00
597.00, 204.00
597.33, 200.00
597.65, 208.00
597.97, 213.00
598.30, 208.00
598.62, 215.00
598.94, 215.00
599.26, 214.00
599.59, 220.00
599.91, 215.00
600.23, 209.00
600.55, 197.00
600.88, 203.00
601.20, 191.00
601.52, 183.00
601.84, 190.00
602.17, 184.00
602.49, 185.00
602.81, 172.00
603.13, 182.00
603.45, 187.00
603.78, 174.00
604.10, 174.00
604.42, 168.00
604.74, 174.00
605.07, 174.00
605.39, 171.00
605.71, 161.00
606.03, 177.00
606.35, 173.00
606.67, 188.00
607.00, 186.00
607.32, 181.00
607.64, 189.00
607.96, 186.00
608.28, 194.00
608.60, 203.00
608.93, 216.00
609.25, 250.00
609.57, 296.00
609.89, 389.00
610.21, 462.00
610.53, 497.00
610.85, 493.00
611.17, 472.00
611.50, 439.00
611.82, 398.00
612.14, 372.00
612.46, 341.00
612.78, 327.00
613.10, 307.00
613.42, 287.00
613.74, 291.00
614.06, 306.00
614.38, 276.00
614.70, 262.00
615.03, 268.00
615.35, 258.00
615.67, 325.00
615.99, 218.00
616.31, 214.00
616.63, 204.00
616.95, 198.00
617.27, 197.00
617.59, 192.00
617.91, 197.00
618.23, 189.00
618.55, 193.00
618.87, 192.00
619.19, 186.00
619.51, 197.00
619.83, 196.00
620.15, 191.00
620.47, 196.00
620.79, 188.00
621.11, 194.00
621.43, 190.00
621.75, 204.00
622.07, 196.00
622.39, 187.00
622.71, 191.00
623.03, 188.00
623.35, 228.00
623.67, 190.00
623.99, 185.00
624.31, 183.00
624.63, 189.00
624.95, 186.00
625.26, 187.00
625.58, 185.00
625.90, 211.00
626.22, 182.00
626.54, 185.00
626.86, 181.00
627.18, 178.00
627.50, 183.00
627.82, 178.00
628.14, 183.00
628.46, 189.00
628.77, 184.00
629.09, 195.00
629.41, 197.00
629.73, 201.00
630.05, 214.00
630.37, 210.00
630.69, 222.00
631.00, 210.00
631.32, 211.00
631.64, 197.00
631.96, 188.00
632.28, 188.00
632.60, 186.00
632.92, 180.00
633.23, 182.00
633.55, 181.00
633.87, 183.00
634.19, 179.00
634.51, 182.00
634.82, 195.00
635.14, 200.00
635.46, 191.00
635.78, 187.00
636.10, 186.00
636.41, 188.00
636.73, 189.00
637.05, 186.00
637.37, 186.00
637.68, 183.00
638.00, 183.00
638.32, 193.00
638.64, 197.00
638.95, 217.00
639.27, 207.00
639.59, 199.00
639.91, 194.00
640.22, 194.00
640.54, 190.00
640.86, 187.00
641.18, 190.00
641.49, 200.00
641.81, 190.00
642.13, 191.00
642.44, 176.00
642.76, 181.00
643.08, 179.00
643.40, 172.00
643.71, 179.00
644.03, 179.00
644.35, 178.00
644.66, 184.00
644.98, 177.00
645.30, 176.00
645.61, 196.00
645.93, 171.00
646.25, 174.00
646.56, 177.00
646.88, 202.00
647.19, 164.00
647.51, 177.00
647.83, 166.00
648.14, 165.00
648.46, 164.00
648.78, 167.00
649.09, 171.00
649.41, 218.00
649.72, 175.00
650.04, 179.00
650.36, 180.00
650.67, 179.00
650.99, 176.00
651.30, 172.00
651.62, 178.00
651.93, 168.00
652.25, 193.00
652.57, 212.00
652.88, 171.00
653.20, 176.00
653.51, 175.00
653.83, 178.00
654.14, 173.00
654.46, 172.00
654.77, 175.00
655.09, 171.00
655.40, 184.00
655.72, 176.00
656.04, 168.00
656.35, 173.00
656.67, 162.00
656.98, 165.00
657.30, 166.00
657.61, 168.00
657.93, 173.00
658.24, 177.00
658.55, 212.00
658.87, 169.00
659.18, 174.00
659.50, 176.00
659.81, 184.00
660.13, 173.00
660.44, 174.00
660.76, 179.00
661.07, 190.00
661.39, 174.00
661.70, 174.00
662.01, 170.00
662.33, 170.00
662.64, 170.00
662.96, 168.00
663.27, 164.00
663.59, 157.00
663.90, 157.00
664.21, 169.00
664.53, 185.00
664.84, 166.00
665.16, 192.00
665.47, 163.00
665.78, 162.00
666.10, 172.00
666.41, 177.00
666.72, 187.00
667.04, 199.00
667.35, 190.00
667.67, 179.00
667.98, 175.00
668.29, 177.00
668.61, 178.00
668.92, 172.00
669.23, 173.00
669.55, 167.00
669.86, 193.00
670.17, 169.00
670.48, 158.00
670.80, 158.00
671.11, 150.00
671.42, 155.00
671.74, 166.00
672.05, 156.00
672.36, 157.00
672.68, 157.00
672.99, 163.00
673.30, 164.00
673.61, 159.00
673.93, 164.00
674.24, 161.00
674.55, 167.00
674.86, 169.00
675.18, 170.00
675.49, 176.00
675.80, 168.00
676.11, 168.00
676.43, 175.00
676.74, 170.00
677.05, 172.00
677.36, 179.00
677.67, 167.00
677.99, 175.00
678.30, 168.00
678.61, 167.00
678.92, 167.00
679.23, 165.00
679.55, 165.00
679.86, 167.00
680.17, 164.00
680.48, 170.00
680.79, 171.00
681.10, 160.00
681.42, 168.00
681.73, 153.00
682.04, 158.00
682.35, 158.00
682.66, 163.00
682.97, 162.00
683.28, 163.00
683.60, 160.00
683.91, 168.00
684.22, 176.00
684.53, 161.00
684.84, 156.00
685.15, 159.00
685.46, 185.00
685.77, 159.00
686.08, 158.00
686.40, 201.00
686.71, 165.00
687.02, 163.00
687.33, 168.00
687.64, 155.00
687.95, 159.00
688.26, 157.00
688.57, 159.00
688.88, 160.00
689.19, 156.00
689.50, 151.00
689.81, 156.00
690.12, 155.00
690.43, 168.00
690.74, 153.00
691.05, 154.00
691.36, 166.00
691.67, 152.00
691.98, 156.00
692.29, 151.00
692.60, 158.00
692.91, 154.00
693.22, 151.00
693.53, 155.00
693.84, 158.00
694.15, 150.00
694.46, 150.00
694.77, 159.00
695.08, 154.00
695.39, 160.00
695.70, 152.00
696.01, 153.00
696.32, 149.00
696.63, 155.00
696.94, 157.00
697.25, 151.00
697.56, 165.00
697.87, 158.00
698.17, 197.00
698.48, 151.00
698.79, 145.00
699.10, 147.00
699.41, 159.00
699.72, 155.00
700.03, 153.00
700.34, 155.00
700.65, 151.00
700.95, 149.00
701.26, 152.00
701.57, 154.00
701.88, 157.00
702.19, 170.00
702.50, 158.00
702.81, 162.00
703.11, 180.00
703.42, 157.00
703.73, 165.00
704.04, 157.00
704.35, 167.00
704.66, 178.00
704.96, 248.00
705.27, 328.00
705.58, 371.00
705.89, 380.00
706.20, 317.00
706.50, 281.00
706.81, 266.00
707.12, 238.00
707.43, 222.00
707.73, 207.00
708.04, 175.00
708.35, 175.00
708.66, 167.00
708.97, 155.00
709.27, 162.00
709.58, 154.00
709.89, 155.00
710.19, 159.00
710.50, 166.00
710.81, 158.00
711.12, 163.00
711.42, 164.00
711.73, 164.00
712.04, 155.00
712.35, 158.00
712.65, 153.00
712.96, 166.00
713.27, 157.00
713.57, 182.00
713.88, 174.00
714.19, 152.00
714.49, 150.00
714.80, 152.00
715.11, 151.00
715.41, 155.00
715.72, 152.00
716.03, 150.00
716.33, 163.00
716.64, 153.00
716.94, 149.00
717.25, 151.00
717.56, 167.00
717.86, 159.00
718.17, 153.00
718.48, 150.00
718.78, 153.00
719.09, 152.00
719.39, 147.00
719.70, 150.00
720.01, 148.00
720.31, 147.00
720.62, 151.00
720.92, 149.00
721.23, 157.00
721.53, 160.00
721.84, 150.00
722.15, 153.00
722.45, 157.00
722.76, 154.00
723.06, 148.00
723.37, 156.00
723.67, 152.00
723.98, 148.00
724.28, 154.00
724.59, 160.00
724.89, 152.00
725.20, 159.00
725.50, 160.00
725.81, 156.00
726.11, 153.00
726.42, 157.00
726.72, 163.00
727.03, 197.00
727.33, 165.00
727.64, 167.00
727.94, 156.00
728.25, 159.00
728.55, 157.00
728.86, 177.00
729.16, 151.00
729.46, 148.00
729.77, 157.00
730.07, 153.00
730.38, 149.00
730.68, 149.00
730.99, 163.00
731.29, 151.00
731.59, 151.00
731.90, 148.00
732.20, 146.00
732.51, 158.00
732.81, 152.00
733.11, 153.00
733.42, 154.00
733.72, 156.00
734.02, 151.00
734.33, 151.00
734.63, 150.00
734.94, 152.00
735.24, 150.00
735.54, 149.00
735.85, 150.00
736.15, 148.00
736.45, 153.00
736.76, 151.00
737.06, 151.00
737.36, 154.00
737.67, 152.00
737.97, 149.00
738.27, 150.00
738.57, 150.00
738.88, 150.00
739.18, 187.00
739.48, 149.00
739.79, 149.00
740.09, 155.00
740.39, 150.00
740.69, 162.00
741.00, 153.00
741.30, 160.00
741.60, 155.00
741.90, 146.00
742.21, 145.00
742.51, 192.00
742.81, 151.00
743.11, 154.00
743.42, 173.00
743.72, 153.00
744.02, 160.00
744.32, 151.00
744.63, 154.00
744.93, 164.00
745.23, 157.00
745.53, 157.00
745.83, 158.00
746.13, 154.00
746.44, 152.00
746.74, 153.00
747.04, 155.00
747.34, 158.00
747.64, 155.00
747.94, 157.00
748.25, 157.00
748.55, 162.00
748.85, 160.00
749.15, 160.00
749.45, 187.00
749.75, 167.00
750.05, 159.00
750.35, 153.00
750.66, 169.00
750.96, 159.00
751.26, 154.00
751.56, 150.00
751.86, 157.00
752.16, 155.00
752.46, 147.00
752.76, 153.00
753.06, 152.00
753.36, 190.00
753.66, 148.00
753.96, 156.00
754.27, 147.00
754.57, 147.00
754.87, 148.00
755.17, 151.00
755.47, 147.00
755.77, 149.00
756.07, 145.00
756.37, 145.00
756.67, 151.00
756.97, 149.00
757.27, 152.00
757.57, 149.00
757.87, 157.00
758.17, 157.00
758.47, 154.00
758.77, 152.00
759.07, 155.00
759.37, 150.00
759.67, 152.00
759.97, 157.00
760.27, 156.00
760.57, 157.00
760.86, 150.00
761.16, 148.00
761.46, 155.00
761.76, 182.00
762.06, 152.00
762.36, 162.00
762.66, 152.00
762.96, 147.00
763.26, 152.00
763.56, 180.00
763.86, 158.00
764.16, 149.00
764.45, 166.00
764.75, 159.00
765.05, 149.00
765.35, 146.00
765.65, 155.00
765.95, 151.00
766.25, 144.00
766.55, 152.00
766.84, 160.00
767.14, 148.00
767.44, 150.00
767.74, 154.00
768.04, 156.00
768.34, 150.00
768.63, 150.00
768.93, 153.00
769.23, 151.00
769.53, 156.00
769.83, 154.00
770.12, 154.00
770.42, 155.00
770.72, 152.00
771.02, 154.00
771.32, 149.00
771.61, 152.00
771.91, 162.00
772.21, 149.00
772.51, 152.00
772.80, 154.00
773.10, 151.00
773.40, 159.00
773.70, 154.00
773.99, 154.00
774.29, 161.00
774.59, 164.00
774.88, 156.00
775.18, 161.00
775.48, 225.00
775.78, 367.00
776.07, 492.00
776.37, 557.00
776.67, 496.00
776.96, 378.00
777.26, 350.00
777.56, 260.00
777.85, 252.00
778.15, 234.00
778.45, 228.00
778.74, 204.00
779.04, 186.00
779.34, 175.00
779.63, 164.00
779.93, 147.00
780.22, 148.00
780.52, 147.00
780.82, 144.00
781.11, 146.00
781.41, 149.00
781.71, 146.00
782.00, 145.00
782.30, 154.00
782.59, 150.00
782.89, 144.00
783.19, 145.00
783.48, 148.00
783.78, 147.00
784.07, 156.00
784.37, 151.00
784.66, 153.00
784.96, 150.00
785.25, 147.00
785.55, 146.00
785.84, 147.00
786.14, 146.00
786.44, 147.00
786.73, 148.00
787.03, 146.00
787.32, 150.00
787.62, 145.00
787.91, 149.00
788.21, 149.00
788.50, 147.00
788.80, 149.00
789.09, 149.00
789.39, 150.00
789.68, 152.00
789.97, 152.00
790.27, 152.00
790.56, 158.00
790.86, 155.00
791.15, 148.00
791.45, 145.00
791.74, 166.00
792.04, 146.00
792.33, 148.00
792.62, 177.00
792.92, 145.00
793.21, 148.00
793.51, 152.00
793.80, 147.00
794.09, 147.00
794.39, 150.00
794.68, 148.00
794.98, 150.00
795.27, 144.00
795.56, 146.00
795.86, 152.00
796.15, 138.00
796.44, 151.00
796.74, 145.00
797.03, 144.00
797.32, 143.00
797.62, 144.00
797.91, 154.00
798.20, 146.00
798.50, 154.00
798.79, 160.00
799.08, 145.00
799.38, 144.00
799.67, 142.00
799.96, 158.00
800.26, 174.00
800.55, 148.00
800.84, 151.00
801.13, 148.00
801.43, 147.00
801.72, 189.00
802.01, 147.00
802.30, 146.00
802.60, 146.00
802.89, 149.00
803.18, 149.00
803.47, 149.00
803.77, 151.00
804.06, 151.00
804.35, 146.00
804.64, 161.00
804.94, 142.00
805.23, 145.00
805.52, 146.00
805.81, 149.00
806.10, 146.00
806.39, 143.00
806.69, 149.00
806.98, 147.00
807.27, 147.00
807.56, 156.00
807.85, 153.00
808.14, 146.00
808.44, 156.00
808.73, 149.00
809.02, 165.00
809.31, 157.00
809.60, 150.00
809.89, 160.00
810.18, 146.00
810.48, 153.00
810.77, 151.00
811.06, 146.00
811.35, 148.00
811.64, 151.00
811.93, 166.00
812.22, 142.00
812.51, 148.00
812.80, 148.00
813.09, 142.00
813.38, 149.00
813.67, 171.00
813.96, 144.00
814.26, 141.00
814.55, 143.00
814.84, 144.00
815.13, 153.00
815.42, 150.00
815.71, 150.00
816.00, 144.00
816.29, 156.00
816.58, 149.00
816.87, 145.00
817.16, 146.00
817.45, 157.00
817.74, 150.00
818.03, 144.00
818.32, 144.00
818.61, 147.00
818.90, 149.00
819.19, 147.00
819.48, 147.00
819.76, 148.00
820.05, 149.00
820.34, 146.00
820.63, 147.00
820.92, 145.00
821.21, 149.00
821.50, 147.00
821.79, 146.00
822.08, 147.00
822.37, 152.00
822.66, 153.00
822.95, 150.00
823.23, 150.00
823.52, 169.00
823.81, 153.00
824.10, 144.00
824.39, 145.00
824.68, 149.00
824.97, 165.00
825.26, 142.00
825.54, 189.00
825.83, 149.00
826.12, 147.00
826.41, 144.00
826.70, 142.00
826.99, 152.00
827.27, 140.00
827.56, 158.00
827.85, 146.00
828.14, 143.00
828.43, 151.00
828.71, 148.00
829.00, 144.00
829.29, 143.00
829.58, 148.00
829.86, 152.00
830.15, 149.00
830.44, 149.00
830.73, 147.00
831.01, 145.00
831.30, 144.00
831.59, 147.00
831.88, 143.00
832.16, 148.00
832.45, 151.00
832.74, 146.00
833.03, 144.00
833.31, 148.00
833.60, 145.00
833.89, 139.00
834.17, 150.00
834.46, 143.00
834.75, 143.00
835.03, 144.00
835.32, 142.00
835.61, 145.00
835.89, 159.00
836.18, 145.00
836.47, 147.00
836.75, 145.00
837.04, 147.00
837.33, 151.00
837.61, 143.00
837.90, 139.00
838.19, 141.00
838.47, 146.00
838.76, 146.00
839.04, 142.00
839.33, 140.00
839.62, 141.00
839.90, 145.00
840.19, 141.00
840.47, 145.00
840.76, 171.00
841.04, 149.00
841.33, 147.00
841.62, 144.00
841.90, 148.00
842.19, 141.00
842.47, 302.00
842.76, 141.00
843.04, 150.00
843.33, 172.00
843.61, 160.00
843.90, 156.00
844.18, 156.00
844.47, 157.00
844.75, 159.00
845.04, 150.00
845.32, 149.00
845.61, 152.00
845.89, 153.00
846.18, 149.00
846.46, 146.00
846.75, 147.00
847.03, 150.00
847.32, 147.00
847.60, 144.00
847.88, 144.00
848.17, 147.00
848.45, 160.00
848.74, 148.00
849.02, 145.00
849.31, 145.00
849.59, 143.00
849.87, 142.00
850.16, 149.00
850.44, 151.00
850.73, 169.00
851.01, 157.00
851.29, 143.00
851.58, 148.00
851.86, 145.00
852.14, 145.00
852.43, 145.00
852.71, 149.00
853.00, 144.00
853.28, 149.00
853.56, 146.00
853.85, 146.00
854.13, 145.00
854.41, 141.00
854.69, 148.00
854.98, 148.00
855.26, 198.00
855.54, 151.00
855.83, 145.00
856.11, 145.00
856.39, 142.00
856.68, 149.00
856.96, 150.00
857.24, 149.00
857.52, 155.00
857.81, 146.00
858.09, 144.00
858.37, 146.00
858.65, 146.00
858.94, 145.00
859.22, 147.00
