190.05, 0.00
190.41, 138.00
190.77, 141.00
191.14, 140.00
191.50, 139.00
191.86, 158.00
192.22, 151.00
192.58, 146.00
192.94, 144.00
193.31, 152.00
193.67, 146.00
194.03, 161.00
194.39, 149.00
194.75, 149.00
195.11, 155.00
195.47, 163.00
195.84, 148.00
196.20, 151.00
196.56, 164.00
196.92, 145.00
197.28, 151.00
197.64, 149.00
198.00, 147.00
198.37, 154.00
198.73, 149.00
199.09, 151.00
199.45, 147.00
199.81, 149.00
200.17, 162.00
200.53, 146.00
200.89, 158.00
201.25, 184.00
201.62, 151.00
201.98, 149.00
202.34, 143.00
202.70, 156.00
203.06, 148.00
203.42, 146.00
203.78, 147.00
204.14, 147.00
204.50, 175.00
204.86, 166.00
205.22, 164.00
205.58, 154.00
205.95, 151.00
206.31, 145.00
206.67, 146.00
207.03, 152.00
207.39, 157.00
207.75, 150.00
208.11, 149.00
208.47, 146.00
208.83, 154.00
209.19, 154.00
209.55, 149.00
209.91, 153.00
210.27, 157.00
210.63, 152.00
210.99, 158.00
211.35, 150.00
211.71, 157.00
212.07, 150.00
212.43, 153.00
212.79, 150.00
213.15, 150.00
213.51, 154.00
213.87, 152.00
214.23, 148.00
214.59, 150.00
214.95, 151.00
215.31, 144.00
215.67, 146.00
216.03, 171.00
216.39, 147.00
216.75, 149.00
217.11, 153.00
217.47, 145.00
217.83, 150.00
218.19, 151.00
218.55, 154.00
218.91, 150.00
219.27, 151.00
219.63, 147.00
219.99, 148.00
220.35, 152.00
220.71, 159.00
221.07, 153.00
221.43, 153.00
221.79, 149.00
222.15, 151.00
222.51, 154.00
222.87, 148.00
223.23, 147.00
223.59, 151.00
223.95, 149.00
224.31, 145.00
224.67, 146.00
225.03, 153.00
225.39, 155.00
225.74, 150.00
226.10, 145.00
226.46, 143.00
226.82, 156.00
227.18, 155.00
227.54, 150.00
227.90, 153.00
228.26, 152.00
228.62, 154.00
228.98, 147.00
229.34, 145.00
229.69, 147.00
230.05, 152.00
230.41, 147.00
230.77, 152.00
231.13, 159.00
231.49, 153.00
231.85, 151.00
232.21, 152.00
232.57, 150.00
232.92, 153.00
233.28, 152.00
233.64, 152.00
234.00, 146.00
234.36, 145.00
234.72, 142.00
235.08, 149.00
235.44, 157.00
235.79, 148.00
236.15, 151.00
236.51, 148.00
236.87, 150.00
237.23, 153.00
237.59, 147.00
237.94, 155.00
238.30, 152.00
238.66, 149.00
239.02, 152.00
239.38, 142.00
239.74, 146.00
240.09, 157.00
240.45, 144.00
240.81, 149.00
241.17, 151.00
241.53, 146.00
241.89, 144.00
242.24, 149.00
242.60, 152.00
242.96, 154.00
243.32, 151.00
243.68, 152.00
244.03, 151.00
244.39, 154.00
244.75, 170.00
245.11, 152.00
245.46, 155.00
245.82, 170.00
246.18, 146.00
246.54, 153.00
246.90, 151.00
247.25, 147.00
247.61, 141.00
247.97, 185.00
248.33, 153.00
248.68, 149.00
249.04, 151.00
249.40, 146.00
249.76, 151.00
250.11, 149.00
250.47, 155.00
250.83, 151.00
251.19, 152.00
251.54, 154.00
251.90, 154.00
252.26, 149.00
252.62, 152.00
252.97, 156.00
253.33, 146.00
253.69, 143.00
254.05, 156.00
254.40, 144.00
254.76, 156.00
255.12, 179.00
255.47, 153.00
255.83, 150.00
256.19, 149.00
256.54, 143.00
256.90, 154.00
257.26, 145.00
257.62, 149.00
257.97, 145.00
258.33, 150.00
258.69, 144.00
259.04, 148.00
259.40, 142.00
259.76, 149.00
260.11, 148.00
260.47, 153.00
260.83, 155.00
261.18, 150.00
261.54, 153.00
261.90, 154.00
262.25, 151.00
262.61, 145.00
262.97, 148.00
263.32, 150.00
263.68, 150.00
264.04, 154.00
264.39, 147.00
264.75, 143.00
265.10, 152.00
265.46, 196.00
265.82, 160.00
266.17, 145.00
266.53, 153.00
266.89, 155.00
267.24, 154.00
267.60, 146.00
267.95, 150.00
268.31, 141.00
268.67, 142.00
269.02, 146.00
269.38, 144.00
269.74, 154.00
270.09, 148.00
270.45, 146.00
270.80, 169.00
271.16, 153.00
271.51, 158.00
271.87, 163.00
272.23, 160.00
272.58, 157.00
272.94, 147.00
273.29, 148.00
273.65, 198.00
274.00, 150.00
274.36, 153.00
274.72, 144.00
275.07, 149.00
275.43, 149.00
275.78, 150.00
276.14, 149.00
276.49, 158.00
276.85, 163.00
277.20, 168.00
277.56, 148.00
277.92, 148.00
278.27, 155.00
278.63, 156.00
278.98, 155.00
279.34, 159.00
279.69, 153.00
280.05, 173.00
280.40, 158.00
280.76, 164.00
281.11, 161.00
281.47, 159.00
281.82, 163.00
282.18, 158.00
282.53, 168.00
282.89, 167.00
283.24, 177.00
283.60, 173.00
283.95, 183.00
284.31, 182.00
284.66, 189.00
285.02, 183.00
285.37, 192.00
285.73, 182.00
286.08, 186.00
286.44, 173.00
286.79, 175.00
287.14, 172.00
287.50, 162.00
287.85, 167.00
288.21, 167.00
288.56, 161.00
288.92, 172.00
289.27, 171.00
289.63, 166.00
289.98, 170.00
290.34, 164.00
290.69, 175.00
291.04, 158.00
291.40, 159.00
291.75, 163.00
292.11, 164.00
292.46, 159.00
292.81, 169.00
293.17, 167.00
293.52, 179.00
293.88, 185.00
294.23, 194.00
294.59, 209.00
294.94, 230.00
295.29, 242.00
295.65, 257.00
296.00, 259.00
296.36, 234.00
296.71, 225.00
297.06, 225.00
297.42, 232.00
297.77, 236.00
298.12, 219.00
298.48, 203.00
298.83, 200.00
299.19, 213.00
299.54, 211.00
299.89, 214.00
300.25, 211.00
300.60, 215.00
300.95, 202.00
301.31, 185.00
301.66, 175.00
302.01, 177.00
302.37, 177.00
302.72, 171.00
303.07, 180.00
303.43, 188.00
303.78, 188.00
304.13, 201.00
304.49, 207.00
304.84, 212.00
305.19, 231.00
305.55, 201.00
305.90, 233.00
306.25, 311.00
306.61, 429.00
306.96, 530.00
307.31, 677.00
307.66, 947.00
308.02, 1272.00
308.37, 1508.00
308.72, 1687.00
309.08, 1705.00
309.43, 1584.00
309.78, 1373.00
310.13, 1177.00
310.49, 1005.00
310.84, 818.00
311.19, 725.00
311.54, 624.00
311.90, 539.00
312.25, 517.00
312.60, 508.00
312.95, 609.00
313.31, 661.00
313.66, 667.00
314.01, 658.00
314.36, 691.00
314.72, 797.00
315.07, 1029.00
315.42, 1220.00
315.77, 1276.00
316.13, 1040.00
316.48, 671.00
316.83, 470.00
317.18, 338.00
317.54, 275.00
317.89, 222.00
318.24, 209.00
318.59, 211.00
318.94, 207.00
319.30, 203.00
319.65, 216.00
320.00, 210.00
320.35, 212.00
320.70, 215.00
321.05, 212.00
321.41, 218.00
321.76, 209.00
322.11, 202.00
322.46, 197.00
322.81, 233.00
323.17, 193.00
323.52, 187.00
323.87, 190.00
324.22, 191.00
324.57, 202.00
324.92, 207.00
325.27, 211.00
325.63, 234.00
325.98, 227.00
326.33, 251.00
326.68, 250.00
327.03, 254.00
327.38, 247.00
327.73, 261.00
328.09, 271.00
328.44, 305.00
328.79, 263.00
329.14, 286.00
329.49, 240.00
329.84, 241.00
330.19, 248.00
330.54, 243.00
330.89, 245.00
331.25, 228.00
331.60, 220.00
331.95, 223.00
332.30, 221.00
332.65, 235.00
333.00, 271.00
333.35, 327.00
333.70, 348.00
334.05, 334.00
334.40, 377.00
334.75, 449.00
335.10, 637.00
335.45, 935.00
335.81, 1318.00
336.16, 1955.00
336.51, 2613.00
336.86, 2640.00
337.21, 2318.00
337.56, 1419.00
337.91, 855.00
338.26, 515.00
338.61, 338.00
338.96, 268.00
339.31, 235.00
339.66, 234.00
340.01, 220.00
340.36, 215.00
340.71, 210.00
341.06, 205.00
341.41, 189.00
341.76, 199.00
342.11, 203.00
342.46, 207.00
342.81, 207.00
343.16, 201.00
343.51, 201.00
343.86, 210.00
344.21, 207.00
344.56, 206.00
344.91, 206.00
345.26, 215.00
345.61, 212.00
345.96, 202.00
346.31, 204.00
346.66, 231.00
347.01, 211.00
347.36, 231.00
347.71, 199.00
348.06, 207.00
348.41, 227.00
348.76, 244.00
349.10, 250.00
349.45, 284.00
349.80, 283.00
350.15, 273.00
350.50, 264.00
350.85, 270.00
351.20, 296.00
351.55, 356.00
351.90, 431.00
352.25, 549.00
352.60, 686.00
352.95, 914.00
353.30, 987.00
353.64, 871.00
353.99, 666.00
354.34, 541.00
354.69, 491.00
355.04, 509.00
355.39, 632.00
355.74, 818.00
356.09, 1083.00
356.44, 1367.00
356.78, 1886.00
357.13, 2132.00
357.48, 2049.00
357.83, 1527.00
358.18, 991.00
358.53, 624.00
358.88, 377.00
359.22, 285.00
359.57, 228.00
359.92, 218.00
360.27, 213.00
360.62, 222.00
360.97, 223.00
361.32, 216.00
361.66, 218.00
362.01, 212.00
362.36, 218.00
362.71, 218.00
363.06, 231.00
363.40, 233.00
363.75, 238.00
364.10, 240.00
364.45, 233.00
364.80, 228.00
365.14, 226.00
365.49, 241.00
365.84, 244.00
366.19, 258.00
366.54, 275.00
366.88, 294.00
367.23, 255.00
367.58, 290.00
367.93, 229.00
368.28, 222.00
368.62, 240.00
368.97, 262.00
369.32, 280.00
369.67, 305.00
370.01, 383.00
370.36, 406.00
370.71, 433.00
371.06, 375.00
371.40, 322.00
371.75, 269.00
372.10, 255.00
372.45, 258.00
372.79, 278.00
373.14, 325.00
373.49, 391.00
373.83, 469.00
374.18, 594.00
374.53, 746.00
374.88, 836.00
375.22, 843.00
375.57, 672.00
375.92, 495.00
376.26, 365.00
376.61, 299.00
376.96, 263.00
377.30, 272.00
377.65, 307.00
378.00, 351.00
378.35, 437.00
378.69, 559.00
379.04, 685.00
379.39, 913.00
379.73, 1084.00
380.08, 1080.00
380.43, 839.00
380.77, 586.00
381.12, 472.00
381.47, 362.00
381.81, 297.00
382.16, 246.00
382.50, 240.00
382.85, 305.00
383.20, 233.00
383.54, 247.00
383.89, 256.00
384.24, 259.00
384.58, 266.00
384.93, 311.00
385.27, 297.00
385.62, 301.00
385.97, 302.00
386.31, 287.00
386.66, 313.00
387.00, 297.00
387.35, 318.00
387.70, 342.00
388.04, 439.00
388.39, 454.00
388.73, 554.00
389.08, 645.00
389.43, 730.00
389.77, 800.00
390.12, 952.00
390.46, 1285.00
390.81, 1410.00
391.15, 1370.00
391.50, 1071.00
391.85, 724.00
392.19, 538.00
392.54, 416.00
392.88, 357.00
393.23, 380.00
393.57, 387.00
393.92, 390.00
394.26, 336.00
394.61, 283.00
394.95, 261.00
395.30, 227.00
395.64, 223.00
395.99, 262.00
396.33, 239.00
396.68, 243.00
397.02, 264.00
397.37, 290.00
397.71, 328.00
398.06, 372.00
398.40, 431.00
398.75, 504.00
399.09, 550.00
399.44, 557.00
399.78, 462.00
400.13, 370.00
400.47, 300.00
400.82, 247.00
401.16, 227.00
401.51, 229.00
401.85, 226.00
402.20, 230.00
402.54, 248.00
402.88, 258.00
403.23, 271.00
403.57, 300.00
403.92, 338.00
404.26, 446.00
404.61, 442.00
404.95, 532.00
405.30, 493.00
405.64, 461.00
405.98, 407.00
406.33, 329.00
406.67, 275.00
407.02, 255.00
407.36, 248.00
407.70, 258.00
408.05, 252.00
408.39, 261.00
408.74, 279.00
409.08, 292.00
409.42, 257.00
409.77, 251.00
410.11, 256.00
410.46, 242.00
410.80, 257.00
411.14, 252.00
411.49, 269.00
411.83, 282.00
412.17, 283.00
412.52, 298.00
412.86, 316.00
413.20, 322.00
413.55, 332.00
413.89, 300.00
414.23, 281.00
414.58, 299.00
414.92, 248.00
415.26, 244.00
415.61, 242.00
415.95, 245.00
416.29, 242.00
416.64, 251.00
416.98, 264.00
417.32, 272.00
417.67, 293.00
418.01, 307.00
418.35, 338.00
418.70, 367.00
419.04, 413.00
419.38, 391.00
419.72, 392.00
420.07, 339.00
420.41, 282.00
420.75, 263.00
421.10, 244.00
421.44, 253.00
421.78, 247.00
422.12, 248.00
422.47, 257.00
422.81, 276.00
423.15, 292.00
423.49, 281.00
423.84, 271.00
424.18, 295.00
424.52, 306.00
424.86, 359.00
425.21, 420.00
425.55, 454.00
425.89, 518.00
426.23, 586.00
426.57, 682.00
426.92, 691.00
427.26, 706.00
427.60, 627.00
427.94, 450.00
428.28, 358.00
428.63, 303.00
428.97, 268.00
429.31, 251.00
429.65, 239.00
429.99, 239.00
430.34, 227.00
430.68, 232.00
431.02, 240.00
431.36, 235.00
431.70, 245.00
432.04, 255.00
432.39, 265.00
432.73, 278.00
433.07, 293.00
433.41, 310.00
433.75, 313.00
434.09, 318.00
434.43, 301.00
434.78, 354.00
435.12, 389.00
435.46, 423.00
435.80, 405.00
436.14, 359.00
436.48, 307.00
436.82, 315.00
437.16, 289.00
437.51, 271.00
437.85, 258.00
438.19, 302.00
438.53, 264.00
438.87, 270.00
439.21, 276.00
439.55, 274.00
439.89, 288.00
440.23, 289.00
440.57, 304.00
440.91, 311.00
441.26, 300.00
441.60, 282.00
441.94, 275.00
442.28, 262.00
442.62, 271.00
442.96, 253.00
443.30, 255.00
443.64, 249.00
443.98, 251.00
444.32, 262.00
444.66, 238.00
445.00, 248.00
445.34, 264.00
445.68, 254.00
446.02, 257.00
446.36, 254.00
446.70, 258.00
447.04, 258.00
447.38, 279.00
447.72, 281.00
448.06, 286.00
448.40, 283.00
448.74, 268.00
449.08, 270.00
449.42, 254.00
449.76, 250.00
450.10, 245.00
450.44, 232.00
450.78, 243.00
451.12, 252.00
451.46, 245.00
451.80, 249.00
452.14, 235.00
452.48, 236.00
452.82, 246.00
453.16, 239.00
453.50, 247.00
453.84, 242.00
454.18, 280.00
454.52, 265.00
454.86, 265.00
455.19, 283.00
455.53, 268.00
455.87, 275.00
456.21, 294.00
456.55, 288.00
456.89, 268.00
457.23, 271.00
457.57, 270.00
457.91, 276.00
458.25, 273.00
458.59, 279.00
458.92, 294.00
459.26, 276.00
459.60, 281.00
459.94, 270.00
460.28, 251.00
460.62, 250.00
460.96, 246.00
461.30, 239.00
461.63, 242.00
461.97, 249.00
462.31, 245.00
462.65, 251.00
462.99, 267.00
463.33, 267.00
463.67, 276.00
464.00, 273.00
464.34, 267.00
464.68, 280.00
465.02, 300.00
465.36, 296.00
465.70, 276.00
466.03, 285.00
466.37, 256.00
466.71, 270.00
467.05, 288.00
467.39, 287.00
467.72, 300.00
468.06, 304.00
468.40, 319.00
468.74, 328.00
469.08, 329.00
469.41, 360.00
469.75, 373.00
470.09, 385.00
470.43, 385.00
470.76, 353.00
471.10, 334.00
471.44, 341.00
471.78, 318.00
472.11, 311.00
472.45, 304.00
472.79, 290.00
473.13, 301.00
473.46, 293.00
473.80, 293.00
474.14, 283.00
474.48, 294.00
474.81, 280.00
475.15, 278.00
475.49, 289.00
475.82, 290.00
476.16, 286.00
476.50, 279.00
476.84, 279.00
477.17, 279.00
477.51, 279.00
477.85, 282.00
478.18, 294.00
478.52, 286.00
478.86, 338.00
479.19, 287.00
479.53, 293.00
479.87, 342.00
480.20, 307.00
480.54, 301.00
480.88, 302.00
481.21, 300.00
481.55, 286.00
481.89, 291.00
482.22, 292.00
482.56, 302.00
482.90, 300.00
483.23, 308.00
483.57, 322.00
483.90, 313.00
484.24, 326.00
484.58, 322.00
484.91, 334.00
485.25, 339.00
485.58, 350.00
485.92, 356.00
486.26, 357.00
486.59, 365.00
486.93, 361.00
487.26, 371.00
487.60, 364.00
487.94, 368.00
488.27, 366.00
488.61, 352.00
488.94, 368.00
489.28, 353.00
489.61, 349.00
489.95, 358.00
490.29, 361.00
490.62, 362.00
490.96, 358.00
491.29, 359.00
491.63, 349.00
491.96, 345.00
492.30, 344.00
492.63, 332.00
492.97, 339.00
493.30, 328.00
493.64, 331.00
493.97, 326.00
494.31, 334.00
494.64, 337.00
494.98, 334.00
495.31, 329.00
495.65, 329.00
495.98, 328.00
496.32, 330.00
496.65, 350.00
496.99, 326.00
497.32, 314.00
497.66, 312.00
497.99, 300.00
498.33, 305.00
498.66, 295.00
499.00, 310.00
499.33, 298.00
499.67, 295.00
500.00, 302.00
500.34, 305.00
500.67, 304.00
501.00, 301.00
501.34, 296.00
501.67, 299.00
502.01, 293.00
502.34, 300.00
502.68, 305.00
503.01, 302.00
503.34, 305.00
503.68, 304.00
504.01, 305.00
504.35, 312.00
504.68, 309.00
505.01, 303.00
505.35, 313.00
505.68, 319.00
506.02, 318.00
506.35, 313.00
506.68, 313.00
507.02, 313.00
507.35, 306.00
507.68, 303.00
508.02, 302.00
508.35, 312.00
508.69, 300.00
509.02, 300.00
509.35, 299.00
509.69, 294.00
510.02, 299.00
510.35, 292.00
510.69, 291.00
511.02, 297.00
511.35, 282.00
511.69, 297.00
512.02, 289.00
512.35, 287.00
512.68, 285.00
513.02, 296.00
513.35, 287.00
513.68, 284.00
514.02, 293.00
514.35, 288.00
514.68, 289.00
515.01, 278.00
515.35, 300.00
515.68, 280.00
516.01, 278.00
516.35, 282.00
516.68, 278.00
517.01, 280.00
517.34, 282.00
517.68, 273.00
518.01, 289.00
518.34, 278.00
518.67, 283.00
519.01, 279.00
519.34, 284.00
519.67, 288.00
520.00, 281.00
520.33, 290.00
520.67, 289.00
521.00, 280.00
521.33, 288.00
521.66, 302.00
522.00, 291.00
522.33, 290.00
522.66, 289.00
522.99, 283.00
523.32, 296.00
523.65, 277.00
523.99, 287.00
524.32, 289.00
524.65, 287.00
524.98, 281.00
525.31, 284.00
525.65, 309.00
525.98, 283.00
526.31, 278.00
526.64, 284.00
526.97, 288.00
527.30, 275.00
527.63, 279.00
527.97, 279.00
528.30, 274.00
528.63, 273.00
528.96, 301.00
529.29, 273.00
529.62, 276.00
529.95, 265.00
530.28, 269.00
530.61, 268.00
530.95, 266.00
531.28, 267.00
531.61, 280.00
531.94, 281.00
532.27, 290.00
532.60, 290.00
532.93, 294.00
533.26, 276.00
533.59, 270.00
533.92, 271.00
534.25, 271.00
534.58, 309.00
534.91, 272.00
535.25, 263.00
535.58, 270.00
535.91, 269.00
536.24, 275.00
536.57, 284.00
536.90, 277.00
537.23, 286.00
537.56, 317.00
537.89, 298.00
538.22, 291.00
538.55, 293.00
538.88, 311.00
539.21, 423.00
539.54, 319.00
539.87, 332.00
540.20, 361.00
540.53, 378.00
540.86, 458.00
541.19, 458.00
541.52, 497.00
541.85, 520.00
542.18, 525.00
542.51, 548.00
542.84, 549.00
543.17, 555.00
543.50, 548.00
543.82, 543.00
544.15, 531.00
544.48, 522.00
544.81, 551.00
545.14, 585.00
545.47, 560.00
545.80, 549.00
546.13, 458.00
546.46, 472.00
546.79, 426.00
547.12, 380.00
547.45, 366.00
547.78, 352.00
548.10, 341.00
548.43, 344.00
548.76, 343.00
549.09, 332.00
549.42, 327.00
549.75, 324.00
550.08, 328.00
550.41, 322.00
550.74, 320.00
551.06, 307.00
551.39, 326.00
551.72, 299.00
552.05, 292.00
552.38, 296.00
552.71, 289.00
553.03, 298.00
553.36, 282.00
553.69, 282.00
554.02, 282.00
554.35, 287.00
554.68, 273.00
555.00, 269.00
555.33, 265.00
555.66, 267.00
555.99, 284.00
556.32, 272.00
556.64, 272.00
556.97, 285.00
557.30, 282.00
557.63, 278.00
557.96, 287.00
558.28, 285.00
558.61, 284.00
558.94, 277.00
559.27, 279.00
559.59, 268.00
559.92, 273.00
560.25, 266.00
560.58, 264.00
560.90, 266.00
561.23, 265.00
561.56, 259.00
561.89, 262.00
562.21, 260.00
562.54, 256.00
562.87, 247.00
563.20, 250.00
563.52, 246.00
563.85, 243.00
564.18, 259.00
564.50, 245.00
564.83, 273.00
565.16, 295.00
565.48, 234.00
565.81, 245.00
566.14, 236.00
566.47, 240.00
566.79, 236.00
567.12, 238.00
567.45, 252.00
567.77, 242.00
568.10, 245.00
568.43, 241.00
568.75, 233.00
569.08, 245.00
569.40, 275.00
569.73, 238.00
570.06, 236.00
570.38, 237.00
570.71, 238.00
571.04, 236.00
571.36, 245.00
571.69, 238.00
572.01, 238.00
572.34, 242.00
572.67, 240.00
572.99, 235.00
573.32, 249.00
573.64, 239.00
573.97, 233.00
574.30, 241.00
574.62, 245.00
574.95, 239.00
575.27, 243.00
575.60, 242.00
575.92, 251.00
576.25, 261.00
576.58, 264.00
576.90, 251.00
577.23, 286.00
577.55, 253.00
577.88, 261.00
578.20, 263.00
578.53, 262.00
578.85, 283.00
579.18, 283.00
579.50, 269.00
579.83, 272.00
580.15, 272.00
580.48, 271.00
580.80, 271.00
581.13, 273.00
581.45, 279.00
581.78, 275.00
582.10, 280.00
582.43, 289.00
582.75, 291.00
583.08, 286.00
583.40, 287.00
583.73, 360.00
584.05, 284.00
584.38, 282.00
584.70, 330.00
585.03, 284.00
585.35, 274.00
585.67, 281.00
586.00, 299.00
586.32, 331.00
586.65, 334.00
586.97, 335.00
587.30, 328.00
587.62, 304.00
587.94, 316.00
588.27, 292.00
588.59, 284.00
588.92, 288.00
589.24, 276.00
589.56, 290.00
589.89, 276.00
590.21, 276.00
590.54, 274.00
590.86, 271.00
591.18, 273.00
591.51, 274.00
591.83, 293.00
592.15, 291.00
592.48, 286.00
592.80, 293.00
593.13, 290.00
593.45, 291.00
593.77, 287.00
594.10, 290.00
594.42, 284.00
594.74, 279.00
595.07, 282.00
595.39, 280.00
595.71, 279.00
596.03, 280.00
596.36, 285.00
596.68, 293.00
597.00, 290.00
597.33, 297.00
597.65, 298.00
597.97, 301.00
598.30, 297.00
598.62, 294.00
598.94, 301.00
599.26, 304.00
599.59, 302.00
599.91, 309.00
600.23, 282.00
600.55, 285.00
600.88, 283.00
601.20, 271.00
601.52, 265.00
601.84, 256.00
602.17, 254.00
602.49, 241.00
602.81, 238.00
603.13, 243.00
603.45, 247.00
603.78, 242.00
604.10, 237.00
604.42, 235.00
604.74, 247.00
605.07, 241.00
605.39, 240.00
605.71, 233.00
606.03, 243.00
606.35, 237.00
606.67, 244.00
607.00, 246.00
607.32, 245.00
607.64, 236.00
607.96, 237.00
608.28, 250.00
608.60, 255.00
608.93, 271.00
609.25, 298.00
609.57, 345.00
609.89, 433.00
610.21, 501.00
610.53, 552.00
610.85, 542.00
611.17, 503.00
611.50, 465.00
611.82, 446.00
612.14, 418.00
612.46, 379.00
612.78, 366.00
613.10, 346.00
613.42, 336.00
613.74, 342.00
614.06, 365.00
614.38, 330.00
614.70, 326.00
615.03, 330.00
615.35, 314.00
615.67, 385.00
615.99, 289.00
616.31, 262.00
616.63, 265.00
616.95, 251.00
617.27, 252.00
617.59, 244.00
617.91, 243.00
618.23, 246.00
618.55, 235.00
618.87, 233.00
619.19, 236.00
619.51, 234.00
619.83, 232.00
620.15, 238.00
620.47, 243.00
620.79, 238.00
621.11, 254.00
621.43, 236.00
621.75, 236.00
622.07, 241.00
622.39, 242.00
622.71, 229.00
623.03, 234.00
623.35, 277.00
623.67, 230.00
623.99, 235.00
624.31, 235.00
624.63, 236.00
624.95, 229.00
625.26, 236.00
625.58, 237.00
625.90, 252.00
626.22, 229.00
626.54, 226.00
626.86, 234.00
627.18, 227.00
627.50, 233.00
627.82, 233.00
628.14, 233.00
628.46, 241.00
628.77, 240.00
629.09, 246.00
629.41, 252.00
629.73, 257.00
630.05, 277.00
630.37, 258.00
630.69, 275.00
631.00, 270.00
631.32, 267.00
631.64, 246.00
631.96, 247.00
632.28, 248.00
632.60, 235.00
632.92, 236.00
633.23, 236.00
633.55, 240.00
633.87, 238.00
634.19, 238.00
634.51, 249.00
634.82, 257.00
635.14, 252.00
635.46, 252.00
635.78, 253.00
636.10, 248.00
636.41, 247.00
636.73, 243.00
637.05, 259.00
637.37, 254.00
637.68, 256.00
638.00, 243.00
638.32, 248.00
638.64, 257.00
638.95, 271.00
639.27, 256.00
639.59, 245.00
639.91, 255.00
640.22, 243.00
640.54, 244.00
640.86, 243.00
641.18, 239.00
641.49, 254.00
641.81, 251.00
642.13, 260.00
642.44, 240.00
642.76, 245.00
643.08, 246.00
643.40, 244.00
643.71, 257.00
644.03, 255.00
644.35, 262.00
644.66, 259.00
644.98, 256.00
645.30, 261.00
645.61, 276.00
645.93, 251.00
646.25, 244.00
646.56, 245.00
646.88, 266.00
647.19, 237.00
647.51, 237.00
647.83, 224.00
648.14, 230.00
648.46, 230.00
648.78, 240.00
649.09, 242.00
649.41, 292.00
649.72, 259.00
650.04, 262.00
650.36, 265.00
650.67, 262.00
650.99, 272.00
651.30, 273.00
651.62, 260.00
651.93, 270.00
652.25, 281.00
652.57, 302.00
652.88, 273.00
653.20, 273.00
653.51, 263.00
653.83, 250.00
654.14, 245.00
654.46, 240.00
654.77, 243.00
655.09, 259.00
655.40, 263.00
655.72, 258.00
656.04, 244.00
656.35, 249.00
656.67, 235.00
656.98, 242.00
657.30, 242.00
657.61, 240.00
657.93, 245.00
658.24, 247.00
658.55, 281.00
658.87, 248.00
659.18, 252.00
659.50, 248.00
659.81, 257.00
660.13, 253.00
660.44, 251.00
660.76, 248.00
661.07, 261.00
661.39, 249.00
661.70, 247.00
662.01, 226.00
662.33, 229.00
662.64, 235.00
662.96, 217.00
663.27, 211.00
663.59, 207.00
663.90, 212.00
664.21, 209.00
664.53, 238.00
664.84, 212.00
665.16, 242.00
665.47, 224.00
665.78, 223.00
666.10, 233.00
666.41, 223.00
666.72, 233.00
667.04, 240.00
667.35, 234.00
667.67, 237.00
667.98, 233.00
668.29, 232.00
668.61, 231.00
668.92, 228.00
669.23, 228.00
669.55, 227.00
669.86, 251.00
670.17, 218.00
670.48, 216.00
670.80, 215.00
671.11, 208.00
671.42, 215.00
671.74, 213.00
672.05, 209.00
672.36, 218.00
672.68, 217.00
672.99, 225.00
673.30, 225.00
673.61, 238.00
673.93, 238.00
674.24, 244.00
674.55, 248.00
674.86, 253.00
675.18, 258.00
675.49, 262.00
675.80, 251.00
676.11, 261.00
676.43, 263.00
676.74, 247.00
677.05, 265.00
677.36, 269.00
677.67, 254.00
677.99, 253.00
678.30, 236.00
678.61, 238.00
678.92, 222.00
679.23, 223.00
679.55, 222.00
679.86, 214.00
680.17, 206.00
680.48, 211.00
680.79, 205.00
681.10, 200.00
681.42, 200.00
681.73, 204.00
682.04, 199.00
682.35, 202.00
682.66, 205.00
682.97, 205.00
683.28, 203.00
683.60, 192.00
683.91, 203.00
684.22, 216.00
684.53, 205.00
684.84, 193.00
685.15, 204.00
685.46, 218.00
685.77, 194.00
686.08, 200.00
686.40, 227.00
686.71, 190.00
687.02, 188.00
687.33, 192.00
687.64, 185.00
687.95, 179.00
688.26, 178.00
688.57, 186.00
688.88, 181.00
689.19, 183.00
689.50, 181.00
689.81, 183.00
690.12, 177.00
690.43, 192.00
690.74, 173.00
691.05, 174.00
691.36, 190.00
691.67, 173.00
691.98, 177.00
692.29, 180.00
692.60, 184.00
692.91, 182.00
693.22, 178.00
693.53, 179.00
693.84, 176.00
694.15, 176.00
694.46, 176.00
694.77, 173.00
695.08, 181.00
695.39, 175.00
695.70, 178.00
696.01, 179.00
696.32, 175.00
696.63, 172.00
696.94, 176.00
697.25, 173.00
697.56, 181.00
697.87, 181.00
698.17, 209.00
698.48, 179.00
698.79, 174.00
699.10, 172.00
699.41, 176.00
699.72, 171.00
700.03, 174.00
700.34, 179.00
700.65, 178.00
700.95, 176.00
701.26, 180.00
701.57, 173.00
701.88, 181.00
702.19, 184.00
702.50, 185.00
702.81, 173.00
703.11, 198.00
703.42, 180.00
703.73, 179.00
704.04, 181.00
704.35, 183.00
704.66, 185.00
704.96, 214.00
705.27, 238.00
705.58, 263.00
705.89, 265.00
706.20, 241.00
706.50, 228.00
706.81, 225.00
707.12, 211.00
707.43, 200.00
707.73, 203.00
708.04, 187.00
708.35, 186.00
708.66, 185.00
708.97, 183.00
709.27, 187.00
709.58, 179.00
709.89, 174.00
710.19, 180.00
710.50, 186.00
710.81, 187.00
711.12, 186.00
711.42, 181.00
711.73, 189.00
712.04, 181.00
712.35, 186.00
712.65, 183.00
712.96, 177.00
713.27, 181.00
713.57, 206.00
713.88, 197.00
714.19, 175.00
714.49, 176.00
714.80, 177.00
715.11, 176.00
715.41, 171.00
715.72, 166.00
716.03, 169.00
716.33, 178.00
716.64, 170.00
716.94, 176.00
717.25, 168.00
717.56, 176.00
717.86, 171.00
718.17, 169.00
718.48, 170.00
718.78, 167.00
719.09, 166.00
719.39, 168.00
719.70, 173.00
720.01, 173.00
720.31, 169.00
720.62, 170.00
720.92, 169.00
721.23, 172.00
721.53, 178.00
721.84, 180.00
722.15, 176.00
722.45, 177.00
722.76, 177.00
723.06, 178.00
723.37, 176.00
723.67, 177.00
723.98, 181.00
724.28, 179.00
724.59, 180.00
724.89, 182.00
725.20, 177.00
725.50, 188.00
725.81, 167.00
726.11, 172.00
726.42, 172.00
726.72, 177.00
727.03, 205.00
727.33, 172.00
727.64, 175.00
727.94, 171.00
728.25, 169.00
728.55, 168.00
728.86, 188.00
729.16, 167.00
729.46, 161.00
729.77, 172.00
730.07, 171.00
730.38, 163.00
730.68, 164.00
730.99, 178.00
731.29, 164.00
731.59, 176.00
731.90, 171.00
732.20, 173.00
732.51, 173.00
732.81, 174.00
733.11, 179.00
733.42, 176.00
733.72, 177.00
734.02, 181.00
734.33, 178.00
734.63, 175.00
734.94, 177.00
735.24, 176.00
735.54, 171.00
735.85, 171.00
736.15, 171.00
736.45, 182.00
736.76, 175.00
737.06, 171.00
737.36, 174.00
737.67, 175.00
737.97, 175.00
738.27, 172.00
738.57, 172.00
738.88, 171.00
739.18, 206.00
739.48, 176.00
739.79, 168.00
740.09, 173.00
740.39, 174.00
740.69, 175.00
741.00, 170.00
741.30, 177.00
741.60, 176.00
741.90, 169.00
742.21, 174.00
742.51, 220.00
742.81, 176.00
743.11, 180.00
743.42, 207.00
743.72, 190.00
744.02, 197.00
744.32, 199.00
744.63, 202.00
744.93, 209.00
745.23, 208.00
745.53, 219.00
745.83, 213.00
746.13, 206.00
746.44, 202.00
746.74, 205.00
747.04, 205.00
747.34, 208.00
747.64, 207.00
747.94, 209.00
748.25, 210.00
748.55, 214.00
748.85, 208.00
749.15, 218.00
749.45, 230.00
749.75, 215.00
750.05, 197.00
750.35, 188.00
750.66, 199.00
750.96, 191.00
751.26, 184.00
751.56, 179.00
751.86, 180.00
752.16, 173.00
752.46, 166.00
752.76, 172.00
753.06, 172.00
753.36, 210.00
753.66, 167.00
753.96, 178.00
754.27, 170.00
754.57, 170.00
754.87, 168.00
755.17, 176.00
755.47, 175.00
755.77, 179.00
756.07, 179.00
756.37, 179.00
756.67, 190.00
756.97, 189.00
757.27, 193.00
757.57, 189.00
757.87, 196.00
758.17, 184.00
758.47, 189.00
758.77, 191.00
759.07, 191.00
759.37, 196.00
759.67, 188.00
759.97, 194.00
760.27, 184.00
760.57, 186.00
760.86, 182.00
761.16, 181.00
761.46, 184.00
761.76, 215.00
762.06, 176.00
762.36, 186.00
762.66, 170.00
762.96, 169.00
763.26, 172.00
763.56, 192.00
763.86, 177.00
764.16, 166.00
764.45, 179.00
764.75, 173.00
765.05, 169.00
765.35, 168.00
765.65, 164.00
765.95, 166.00
766.25, 173.00
766.55, 170.00
766.84, 169.00
767.14, 173.00
767.44, 172.00
767.74, 171.00
768.04, 175.00
768.34, 171.00
768.63, 172.00
768.93, 175.00
769.23, 183.00
769.53, 182.00
769.83, 176.00
770.12, 179.00
770.42, 182.00
770.72, 180.00
771.02, 185.00
771.32, 180.00
771.61, 185.00
771.91, 186.00
772.21, 180.00
772.51, 183.00
772.80, 186.00
773.10, 178.00
773.40, 186.00
773.70, 181.00
773.99, 183.00
774.29, 187.00
774.59, 188.00
774.88, 179.00
775.18, 194.00
775.48, 321.00
775.78, 646.00
776.07, 937.00
776.37, 1060.00
776.67, 930.00
776.96, 666.00
777.26, 539.00
777.56, 403.00
777.85, 356.00
778.15, 327.00
778.45, 306.00
778.74, 269.00
779.04, 233.00
779.34, 202.00
779.63, 185.00
779.93, 169.00
780.22, 160.00
780.52, 161.00
780.82, 162.00
781.11, 156.00
781.41, 158.00
781.71, 162.00
782.00, 156.00
782.30, 163.00
782.59, 167.00
782.89, 165.00
783.19, 161.00
783.48, 158.00
783.78, 163.00
784.07, 168.00
784.37, 161.00
784.66, 161.00
784.96, 156.00
785.25, 163.00
785.55, 162.00
785.84, 162.00
786.14, 154.00
786.44, 156.00
786.73, 156.00
787.03, 159.00
787.32, 158.00
787.62, 157.00
787.91, 152.00
788.21, 160.00
788.50, 157.00
788.80, 157.00
789.09, 159.00
789.39, 155.00
789.68, 160.00
789.97, 158.00
790.27, 157.00
790.56, 158.00
790.86, 161.00
791.15, 157.00
791.45, 155.00
791.74, 178.00
792.04, 152.00
792.33, 156.00
792.62, 178.00
792.92, 152.00
793.21, 156.00
793.51, 158.00
793.80, 151.00
794.09, 155.00
794.39, 151.00
794.68, 155.00
794.98, 152.00
795.27, 159.00
795.56, 153.00
795.86, 158.00
796.15, 157.00
796.44, 164.00
796.74, 148.00
797.03, 155.00
797.32, 148.00
797.62, 156.00
797.91, 154.00
798.20, 155.00
798.50, 157.00
798.79, 163.00
799.08, 148.00
799.38, 150.00
799.67, 150.00
799.96, 167.00
800.26, 179.00
800.55, 157.00
800.84, 158.00
801.13, 152.00
801.43, 154.00
801.72, 188.00
802.01, 154.00
802.30, 160.00
802.60, 155.00
802.89, 158.00
803.18, 156.00
803.47, 156.00
803.77, 161.00
804.06, 160.00
804.35, 161.00
804.64, 175.00
804.94, 157.00
805.23, 155.00
805.52, 153.00
805.81, 152.00
806.10, 158.00
806.39, 155.00
806.69, 149.00
806.98, 155.00
807.27, 153.00
807.56, 159.00
807.85, 155.00
808.14, 149.00
808.44, 157.00
808.73, 150.00
809.02, 171.00
809.31, 156.00
809.60, 159.00
809.89, 159.00
810.18, 155.00
810.48, 158.00
810.77, 159.00
811.06, 151.00
811.35, 153.00
811.64, 157.00
811.93, 171.00
812.22, 151.00
812.51, 149.00
812.80, 151.00
813.09, 151.00
813.38, 149.00
813.67, 168.00
813.96, 151.00
814.26, 148.00
814.55, 146.00
814.84, 149.00
815.13, 156.00
815.42, 152.00
815.71, 155.00
816.00, 150.00
816.29, 159.00
816.58, 156.00
816.87, 148.00
817.16, 150.00
817.45, 158.00
817.74, 153.00
818.03, 147.00
818.32, 143.00
818.61, 149.00
818.90, 147.00
819.19, 147.00
819.48, 153.00
819.76, 151.00
820.05, 152.00
820.34, 155.00
820.63, 146.00
820.92, 150.00
821.21, 151.00
821.50, 149.00
821.79, 145.00
822.08, 150.00
822.37, 153.00
822.66, 147.00
822.95, 157.00
823.23, 154.00
823.52, 169.00
823.81, 157.00
824.10, 148.00
824.39, 150.00
824.68, 150.00
824.97, 167.00
825.26, 151.00
825.54, 190.00
825.83, 152.00
826.12, 148.00
826.41, 142.00
826.70, 147.00
826.99, 159.00
827.27, 147.00
827.56, 166.00
827.85, 148.00
828.14, 146.00
828.43, 159.00
828.71, 152.00
829.00, 142.00
829.29, 153.00
829.58, 149.00
829.86, 147.00
830.15, 149.00
830.44, 149.00
830.73, 155.00
831.01, 147.00
831.30, 147.00
831.59, 148.00
831.88, 149.00
832.16, 148.00
832.45, 155.00
832.74, 151.00
833.03, 147.00
833.31, 149.00
833.60, 147.00
833.89, 152.00
834.17, 154.00
834.46, 146.00
834.75, 146.00
835.03, 147.00
835.32, 149.00
835.61, 149.00
835.89, 161.00
836.18, 151.00
836.47, 150.00
836.75, 150.00
837.04, 153.00
837.33, 149.00
837.61, 146.00
837.90, 142.00
838.19, 147.00
838.47, 145.00
838.76, 149.00
839.04, 148.00
839.33, 146.00
839.62, 143.00
839.90, 148.00
840.19, 146.00
840.47, 147.00
840.76, 176.00
841.04, 152.00
841.33, 156.00
841.62, 148.00
841.90, 149.00
842.19, 154.00
842.47, 178.00
842.76, 146.00
843.04, 159.00
843.33, 181.00
843.61, 175.00
843.90, 174.00
844.18, 174.00
844.47, 178.00
844.75, 176.00
845.04, 168.00
845.32, 165.00
845.61, 162.00
845.89, 159.00
846.18, 158.00
846.46, 153.00
846.75, 155.00
847.03, 164.00
847.32, 151.00
847.60, 151.00
847.88, 152.00
848.17, 152.00
848.45, 173.00
848.74, 156.00
849.02, 149.00
849.31, 142.00
849.59, 148.00
849.87, 149.00
850.16, 148.00
850.44, 150.00
850.73, 174.00
851.01, 152.00
851.29, 149.00
851.58, 154.00
851.86, 146.00
852.14, 150.00
852.43, 155.00
852.71, 149.00
853.00, 153.00
853.28, 153.00
853.56, 152.00
853.85, 148.00
854.13, 144.00
854.41, 149.00
854.69, 148.00
854.98, 151.00
855.26, 197.00
855.54, 148.00
855.83, 153.00
856.11, 152.00
856.39, 152.00
856.68, 148.00
856.96, 149.00
857.24, 146.00
857.52, 150.00
857.81, 149.00
858.09, 143.00
858.37, 148.00
858.65, 149.00
858.94, 146.00
859.22, 151.00
