190.05, 0.00
190.41, 132.00
190.77, 135.00
191.14, 134.00
191.50, 133.00
191.86, 160.00
192.22, 143.00
192.58, 157.00
192.94, 137.00
193.31, 147.00
193.67, 144.00
194.03, 151.00
194.39, 147.00
194.75, 142.00
195.11, 148.00
195.47, 159.00
195.84, 142.00
196.20, 145.00
196.56, 160.00
196.92, 144.00
197.28, 149.00
197.64, 142.00
198.00, 145.00
198.37, 148.00
198.73, 143.00
199.09, 142.00
199.45, 144.00
199.81, 146.00
200.17, 152.00
200.53, 146.00
200.89, 155.00
201.25, 181.00
201.62, 146.00
201.98, 144.00
202.34, 149.00
202.70, 154.00
203.06, 145.00
203.42, 141.00
203.78, 144.00
204.14, 146.00
204.50, 173.00
204.86, 153.00
205.22, 148.00
205.58, 148.00
205.95, 144.00
206.31, 142.00
206.67, 151.00
207.03, 149.00
207.39, 157.00
207.75, 145.00
208.11, 146.00
208.47, 147.00
208.83, 145.00
209.19, 146.00
209.55, 146.00
209.91, 149.00
210.27, 153.00
210.63, 149.00
210.99, 161.00
211.35, 148.00
211.71, 153.00
212.07, 145.00
212.43, 149.00
212.79, 149.00
213.15, 151.00
213.51, 148.00
213.87, 152.00
214.23, 149.00
214.59, 147.00
214.95, 144.00
215.31, 146.00
215.67, 154.00
216.03, 176.00
216.39, 146.00
216.75, 140.00
217.11, 155.00
217.47, 148.00
217.83, 147.00
218.19, 149.00
218.55, 146.00
218.91, 146.00
219.27, 152.00
219.63, 144.00
219.99, 144.00
220.35, 152.00
220.71, 157.00
221.07, 146.00
221.43, 148.00
221.79, 148.00
222.15, 151.00
222.51, 147.00
222.87, 143.00
223.23, 145.00
223.59, 146.00
223.95, 145.00
224.31, 148.00
224.67, 149.00
225.03, 147.00
225.39, 154.00
225.74, 149.00
226.10, 147.00
226.46, 151.00
226.82, 147.00
227.18, 151.00
227.54, 150.00
227.90, 151.00
228.26, 149.00
228.62, 160.00
228.98, 153.00
229.34, 148.00
229.69, 146.00
230.05, 151.00
230.41, 141.00
230.77, 151.00
231.13, 154.00
231.49, 150.00
231.85, 145.00
232.21, 150.00
232.57, 153.00
232.92, 149.00
233.28, 144.00
233.64, 143.00
234.00, 143.00
234.36, 146.00
234.72, 149.00
235.08, 155.00
235.44, 152.00
235.79, 143.00
236.15, 151.00
236.51, 146.00
236.87, 144.00
237.23, 147.00
237.59, 149.00
237.94, 153.00
238.30, 147.00
238.66, 145.00
239.02, 143.00
239.38, 140.00
239.74, 146.00
240.09, 158.00
240.45, 144.00
240.81, 143.00
241.17, 158.00
241.53, 146.00
241.89, 150.00
242.24, 149.00
242.60, 147.00
242.96, 151.00
243.32, 151.00
243.68, 144.00
244.03, 148.00
244.39, 146.00
244.75, 167.00
245.11, 150.00
245.46, 151.00
245.82, 176.00
246.18, 146.00
246.54, 150.00
246.90, 144.00
247.25, 151.00
247.61, 152.00
247.97, 186.00
248.33, 153.00
248.68, 148.00
249.04, 147.00
249.40, 144.00
249.76, 148.00
250.11, 148.00
250.47, 152.00
250.83, 147.00
251.19, 148.00
251.54, 156.00
251.90, 150.00
252.26, 149.00
252.62, 146.00
252.97, 148.00
253.33, 146.00
253.69, 139.00
254.05, 148.00
254.40, 142.00
254.76, 147.00
255.12, 171.00
255.47, 147.00
255.83, 152.00
256.19, 149.00
256.54, 147.00
256.90, 145.00
257.26, 147.00
257.62, 150.00
257.97, 151.00
258.33, 153.00
258.69, 147.00
259.04, 149.00
259.40, 148.00
259.76, 147.00
260.11, 146.00
260.47, 147.00
260.83, 153.00
261.18, 142.00
261.54, 158.00
261.90, 147.00
262.25, 147.00
262.61, 143.00
262.97, 145.00
263.32, 141.00
263.68, 143.00
264.04, 158.00
264.39, 145.00
264.75, 147.00
265.10, 146.00
265.46, 195.00
265.82, 156.00
266.17, 148.00
266.53, 148.00
266.89, 147.00
267.24, 153.00
267.60, 146.00
267.95, 142.00
268.31, 147.00
268.67, 143.00
269.02, 147.00
269.38, 147.00
269.74, 153.00
270.09, 150.00
270.45, 145.00
270.80, 170.00
271.16, 152.00
271.51, 153.00
271.87, 160.00
272.23, 153.00
272.58, 155.00
272.94, 148.00
273.29, 150.00
273.65, 196.00
274.00, 146.00
274.36, 151.00
274.72, 148.00
275.07, 143.00
275.43, 145.00
275.78, 151.00
276.14, 148.00
276.49, 152.00
276.85, 157.00
277.20, 165.00
277.56, 149.00
277.92, 145.00
278.27, 149.00
278.63, 154.00
278.98, 144.00
279.34, 150.00
279.69, 155.00
280.05, 176.00
280.40, 162.00
280.76, 166.00
281.11, 160.00
281.47, 162.00
281.82, 159.00
282.18, 168.00
282.53, 174.00
282.89, 176.00
283.24, 172.00
283.60, 174.00
283.95, 182.00
284.31, 182.00
284.66, 194.00
285.02, 190.00
285.37, 194.00
285.73, 186.00
286.08, 190.00
286.44, 167.00
286.79, 168.00
287.14, 166.00
287.50, 162.00
287.85, 152.00
288.21, 163.00
288.56, 166.00
288.92, 171.00
289.27, 168.00
289.63, 172.00
289.98, 171.00
290.34, 164.00
290.69, 172.00
291.04, 165.00
291.40, 161.00
291.75, 154.00
292.11, 164.00
292.46, 159.00
292.81, 167.00
293.17, 166.00
293.52, 179.00
293.88, 193.00
294.23, 207.00
294.59, 217.00
294.94, 242.00
295.29, 243.00
295.65, 276.00
296.00, 281.00
296.36, 246.00
296.71, 249.00
297.06, 233.00
297.42, 246.00
297.77, 245.00
298.12, 226.00
298.48, 212.00
298.83, 204.00
299.19, 220.00
299.54, 222.00
299.89, 219.00
300.25, 213.00
300.60, 215.00
300.95, 207.00
301.31, 184.00
301.66, 179.00
302.01, 180.00
302.37, 177.00
302.72, 175.00
303.07, 189.00
303.43, 196.00
303.78, 188.00
304.13, 207.00
304.49, 216.00
304.84, 220.00
305.19, 234.00
305.55, 208.00
305.90, 253.00
306.25, 352.00
306.61, 518.00
306.96, 654.00
307.31, 849.00
307.66, 1242.00
308.02, 1673.00
308.37, 1997.00
308.72, 2278.00
309.08, 2283.00
309.43, 2152.00
309.78, 1816.00
310.13, 1573.00
310.49, 1310.00
310.84, 1035.00
311.19, 906.00
311.54, 790.00
311.90, 652.00
312.25, 603.00
312.60, 596.00
312.95, 697.00
313.31, 772.00
313.66, 778.00
314.01, 785.00
314.36, 799.00
314.72, 921.00
315.07, 1184.00
315.42, 1429.00
315.77, 1478.00
316.13, 1180.00
316.48, 782.00
316.83, 519.00
317.18, 386.00
317.54, 290.00
317.89, 243.00
318.24, 233.00
318.59, 215.00
318.94, 208.00
319.30, 214.00
319.65, 217.00
320.00, 216.00
320.35, 225.00
320.70, 230.00
321.05, 218.00
321.41, 212.00
321.76, 217.00
322.11, 206.00
322.46, 203.00
322.81, 239.00
323.17, 196.00
323.52, 196.00
323.87, 194.00
324.22, 195.00
324.57, 202.00
324.92, 203.00
325.27, 220.00
325.63, 237.00
325.98, 244.00
326.33, 261.00
326.68, 258.00
327.03, 254.00
327.38, 261.00
327.73, 270.00
328.09, 293.00
328.44, 317.00
328.79, 262.00
329.14, 286.00
329.49, 245.00
329.84, 240.00
330.19, 251.00
330.54, 250.00
330.89, 251.00
331.25, 228.00
331.60, 218.00
331.95, 215.00
332.30, 233.00
332.65, 248.00
333.00, 279.00
333.35, 345.00
333.70, 364.00
334.05, 351.00
334.40, 398.00
334.75, 485.00
335.10, 698.00
335.45, 1019.00
335.81, 1484.00
336.16, 2156.00
336.51, 2918.00
336.86, 3017.00
337.21, 2603.00
337.56, 1598.00
337.91, 947.00
338.26, 568.00
338.61, 364.00
338.96, 281.00
339.31, 249.00
339.66, 222.00
340.01, 217.00
340.36, 204.00
340.71, 200.00
341.06, 192.00
341.41, 204.00
341.76, 199.00
342.11, 194.00
342.46, 190.00
342.81, 201.00
343.16, 204.00
343.51, 203.00
343.86, 207.00
344.21, 204.00
344.56, 213.00
344.91, 206.00
345.26, 209.00
345.61, 201.00
345.96, 205.00
346.31, 206.00
346.66, 234.00
347.01, 204.00
347.36, 227.00
347.71, 210.00
348.06, 217.00
348.41, 236.00
348.76, 250.00
349.10, 263.00
349.45, 301.00
349.80, 290.00
350.15, 285.00
350.50, 268.00
350.85, 278.00
351.20, 296.00
351.55, 361.00
351.90, 457.00
352.25, 591.00
352.60, 773.00
352.95, 1012.00
353.30, 1096.00
353.64, 955.00
353.99, 720.00
354.34, 559.00
354.69, 502.00
355.04, 527.00
355.39, 637.00
355.74, 855.00
356.09, 1147.00
356.44, 1487.00
356.78, 2063.00
357.13, 2386.00
357.48, 2304.00
357.83, 1736.00
358.18, 1086.00
358.53, 681.00
358.88, 406.00
359.22, 299.00
359.57, 236.00
359.92, 216.00
360.27, 211.00
360.62, 211.00
360.97, 204.00
361.32, 211.00
361.66, 211.00
362.01, 208.00
362.36, 211.00
362.71, 215.00
363.06, 222.00
363.40, 225.00
363.75, 229.00
364.10, 230.00
364.45, 226.00
364.80, 228.00
365.14, 226.00
365.49, 242.00
365.84, 247.00
366.19, 272.00
366.54, 285.00
366.88, 300.00
367.23, 262.00
367.58, 293.00
367.93, 224.00
368.28, 223.00
368.62, 231.00
368.97, 260.00
369.32, 290.00
369.67, 326.00
370.01, 410.00
370.36, 447.00
370.71, 465.00
371.06, 383.00
371.40, 335.00
371.75, 282.00
372.10, 267.00
372.45, 258.00
372.79, 292.00
373.14, 342.00
373.49, 402.00
373.83, 518.00
374.18, 652.00
374.53, 842.00
374.88, 958.00
375.22, 983.00
375.57, 729.00
375.92, 537.00
376.26, 400.00
376.61, 303.00
376.96, 269.00
377.30, 271.00
377.65, 318.00
378.00, 372.00
378.35, 468.00
378.69, 592.00
379.04, 745.00
379.39, 1007.00
379.73, 1212.00
380.08, 1221.00
380.43, 917.00
380.77, 642.00
381.12, 522.00
381.47, 384.00
381.81, 299.00
382.16, 239.00
382.50, 232.00
382.85, 296.00
383.20, 226.00
383.54, 231.00
383.89, 243.00
384.24, 243.00
384.58, 264.00
384.93, 305.00
385.27, 299.00
385.62, 292.00
385.97, 282.00
386.31, 265.00
386.66, 303.00
387.00, 285.00
387.35, 304.00
387.70, 316.00
388.04, 449.00
388.39, 447.00
388.73, 527.00
389.08, 606.00
389.43, 668.00
389.77, 743.00
390.12, 838.00
390.46, 1128.00
390.81, 1232.00
391.15, 1199.00
391.50, 963.00
391.85, 648.00
392.19, 502.00
392.54, 391.00
392.88, 362.00
393.23, 408.00
393.57, 413.00
393.92, 410.00
394.26, 342.00
394.61, 294.00
394.95, 264.00
395.30, 230.00
395.64, 229.00
395.99, 275.00
396.33, 231.00
396.68, 256.00
397.02, 270.00
397.37, 298.00
397.71, 345.00
398.06, 396.00
398.40, 450.00
398.75, 563.00
399.09, 616.00
399.44, 602.00
399.78, 492.00
400.13, 386.00
400.47, 302.00
400.82, 257.00
401.16, 228.00
401.51, 233.00
401.85, 216.00
402.20, 230.00
402.54, 250.00
402.88, 265.00
403.23, 280.00
403.57, 307.00
403.92, 358.00
404.26, 465.00
404.61, 476.00
404.95, 591.00
405.30, 541.00
405.64, 495.00
405.98, 422.00
406.33, 341.00
406.67, 280.00
407.02, 254.00
407.36, 247.00
407.70, 247.00
408.05, 246.00
408.39, 264.00
408.74, 274.00
409.08, 276.00
409.42, 250.00
409.77, 251.00
410.11, 242.00
410.46, 231.00
410.80, 231.00
411.14, 251.00
411.49, 256.00
411.83, 267.00
412.17, 264.00
412.52, 275.00
412.86, 312.00
413.20, 316.00
413.55, 328.00
413.89, 313.00
414.23, 288.00
414.58, 293.00
414.92, 235.00
415.26, 233.00
415.61, 227.00
415.95, 236.00
416.29, 247.00
416.64, 248.00
416.98, 251.00
417.32, 262.00
417.67, 282.00
418.01, 309.00
418.35, 319.00
418.70, 369.00
419.04, 411.00
419.38, 409.00
419.72, 400.00
420.07, 346.00
420.41, 289.00
420.75, 261.00
421.10, 249.00
421.44, 239.00
421.78, 242.00
422.12, 229.00
422.47, 253.00
422.81, 264.00
423.15, 281.00
423.49, 277.00
423.84, 269.00
424.18, 288.00
424.52, 295.00
424.86, 351.00
425.21, 429.00
425.55, 433.00
425.89, 515.00
426.23, 576.00
426.57, 670.00
426.92, 660.00
427.26, 662.00
427.60, 566.00
427.94, 425.00
428.28, 326.00
428.63, 288.00
428.97, 257.00
429.31, 240.00
429.65, 227.00
429.99, 238.00
430.34, 223.00
430.68, 232.00
431.02, 250.00
431.36, 231.00
431.70, 246.00
432.04, 259.00
432.39, 267.00
432.73, 285.00
433.07, 289.00
433.41, 313.00
433.75, 330.00
434.09, 333.00
434.43, 305.00
434.78, 356.00
435.12, 413.00
435.46, 431.00
435.80, 393.00
436.14, 353.00
436.48, 308.00
436.82, 295.00
437.16, 268.00
437.51, 254.00
437.85, 251.00
438.19, 287.00
438.53, 256.00
438.87, 272.00
439.21, 262.00
439.55, 270.00
439.89, 275.00
440.23, 282.00
440.57, 294.00
440.91, 305.00
441.26, 293.00
441.60, 272.00
441.94, 266.00
442.28, 255.00
442.62, 249.00
442.96, 244.00
443.30, 246.00
443.64, 243.00
443.98, 237.00
444.32, 253.00
444.66, 234.00
445.00, 249.00
445.34, 256.00
445.68, 258.00
446.02, 250.00
446.36, 246.00
446.70, 249.00
447.04, 254.00
447.38, 282.00
447.72, 278.00
448.06, 293.00
448.40, 286.00
448.74, 272.00
449.08, 268.00
449.42, 248.00
449.76, 244.00
450.10, 242.00
450.44, 230.00
450.78, 234.00
451.12, 248.00
451.46, 233.00
451.80, 246.00
452.14, 229.00
452.48, 235.00
452.82, 245.00
453.16, 237.00
453.50, 249.00
453.84, 234.00
454.18, 285.00
454.52, 260.00
454.86, 261.00
455.19, 278.00
455.53, 267.00
455.87, 263.00
456.21, 293.00
456.55, 289.00
456.89, 288.00
457.23, 271.00
457.57, 259.00
457.91, 267.00
458.25, 257.00
458.59, 274.00
458.92, 281.00
459.26, 271.00
459.60, 275.00
459.94, 263.00
460.28, 243.00
460.62, 249.00
460.96, 236.00
461.30, 228.00
461.63, 237.00
461.97, 247.00
462.31, 238.00
462.65, 252.00
462.99, 266.00
463.33, 263.00
463.67, 264.00
464.00, 270.00
464.34, 264.00
464.68, 282.00
465.02, 292.00
465.36, 287.00
465.70, 273.00
466.03, 274.00
466.37, 263.00
466.71, 272.00
467.05, 273.00
467.39, 274.00
467.72, 295.00
468.06, 298.00
468.40, 308.00
468.74, 306.00
469.08, 306.00
469.41, 337.00
469.75, 340.00
470.09, 366.00
470.43, 369.00
470.76, 336.00
471.10, 324.00
471.44, 322.00
471.78, 310.00
472.11, 294.00
472.45, 299.00
472.79, 285.00
473.13, 281.00
473.46, 292.00
473.80, 279.00
474.14, 267.00
474.48, 269.00
474.81, 273.00
475.15, 272.00
475.49, 269.00
475.82, 277.00
476.16, 274.00
476.50, 275.00
476.84, 271.00
477.17, 270.00
477.51, 276.00
477.85, 269.00
478.18, 293.00
478.52, 273.00
478.86, 331.00
479.19, 297.00
479.53, 283.00
479.87, 329.00
480.20, 311.00
480.54, 295.00
480.88, 295.00
481.21, 289.00
481.55, 284.00
481.89, 293.00
482.22, 292.00
482.56, 308.00
482.90, 300.00
483.23, 300.00
483.57, 305.00
483.90, 319.00
484.24, 317.00
484.58, 331.00
484.91, 331.00
485.25, 336.00
485.58, 356.00
485.92, 369.00
486.26, 352.00
486.59, 361.00
486.93, 363.00
487.26, 366.00
487.60, 375.00
487.94, 362.00
488.27, 359.00
488.61, 364.00
488.94, 365.00
489.28, 362.00
489.61, 355.00
489.95, 359.00
490.29, 365.00
490.62, 370.00
490.96, 361.00
491.29, 366.00
491.63, 352.00
491.96, 342.00
492.30, 346.00
492.63, 344.00
492.97, 338.00
493.30, 326.00
493.64, 324.00
493.97, 324.00
494.31, 334.00
494.64, 326.00
494.98, 332.00
495.31, 329.00
495.65, 331.00
495.98, 328.00
496.32, 319.00
496.65, 350.00
496.99, 328.00
497.32, 313.00
497.66, 303.00
497.99, 306.00
498.33, 305.00
498.66, 301.00
499.00, 299.00
499.33, 300.00
499.67, 296.00
500.00, 299.00
500.34, 294.00
500.67, 302.00
501.00, 297.00
501.34, 291.00
501.67, 300.00
502.01, 288.00
502.34, 294.00
502.68, 293.00
503.01, 297.00
503.34, 302.00
503.68, 298.00
504.01, 292.00
504.35, 291.00
504.68, 305.00
505.01, 302.00
505.35, 300.00
505.68, 306.00
506.02, 311.00
506.35, 310.00
506.68, 314.00
507.02, 312.00
507.35, 292.00
507.68, 296.00
508.02, 299.00
508.35, 298.00
508.69, 300.00
509.02, 293.00
509.35, 293.00
509.69, 272.00
510.02, 289.00
510.35, 290.00
510.69, 282.00
511.02, 282.00
511.35, 282.00
511.69, 284.00
512.02, 280.00
512.35, 283.00
512.68, 272.00
513.02, 285.00
513.35, 279.00
513.68, 285.00
514.02, 282.00
514.35, 287.00
514.68, 280.00
515.01, 272.00
515.35, 283.00
515.68, 271.00
516.01, 276.00
516.35, 281.00
516.68, 281.00
517.01, 279.00
517.34, 279.00
517.68, 270.00
518.01, 284.00
518.34, 266.00
518.67, 275.00
519.01, 278.00
519.34, 279.00
519.67, 291.00
520.00, 283.00
520.33, 284.00
520.67, 285.00
521.00, 272.00
521.33, 286.00
521.66, 282.00
522.00, 292.00
522.33, 289.00
522.66, 278.00
522.99, 281.00
523.32, 284.00
523.65, 275.00
523.99, 282.00
524.32, 281.00
524.65, 272.00
524.98, 283.00
525.31, 273.00
525.65, 311.00
525.98, 276.00
526.31, 269.00
526.64, 275.00
526.97, 277.00
527.30, 269.00
527.63, 271.00
527.97, 261.00
528.30, 262.00
528.63, 271.00
528.96, 296.00
529.29, 258.00
529.62, 279.00
529.95, 263.00
530.28, 267.00
530.61, 261.00
530.95, 260.00
531.28, 261.00
531.61, 269.00
531.94, 272.00
532.27, 281.00
532.60, 276.00
532.93, 279.00
533.26, 280.00
533.59, 270.00
533.92, 271.00
534.25, 268.00
534.58, 311.00
534.91, 271.00
535.25, 258.00
535.58, 261.00
535.91, 271.00
536.24, 272.00
536.57, 277.00
536.90, 284.00
537.23, 281.00
537.56, 328.00
537.89, 288.00
538.22, 289.00
538.55, 297.00
538.88, 315.00
539.21, 433.00
539.54, 326.00
539.87, 343.00
540.20, 363.00
540.53, 403.00
540.86, 456.00
541.19, 473.00
541.52, 499.00
541.85, 532.00
542.18, 552.00
542.51, 563.00
542.84, 558.00
543.17, 572.00
543.50, 561.00
543.82, 546.00
544.15, 528.00
544.48, 527.00
544.81, 571.00
545.14, 613.00
545.47, 577.00
545.80, 554.00
546.13, 477.00
546.46, 477.00
546.79, 425.00
547.12, 380.00
547.45, 369.00
547.78, 366.00
548.10, 354.00
548.43, 354.00
548.76, 340.00
549.09, 329.00
549.42, 330.00
549.75, 329.00
550.08, 317.00
550.41, 320.00
550.74, 323.00
551.06, 305.00
551.39, 317.00
551.72, 310.00
552.05, 306.00
552.38, 297.00
552.71, 295.00
553.03, 288.00
553.36, 291.00
553.69, 282.00
554.02, 274.00
554.35, 277.00
554.68, 267.00
555.00, 270.00
555.33, 262.00
555.66, 261.00
555.99, 281.00
556.32, 274.00
556.64, 268.00
556.97, 277.00
557.30, 266.00
557.63, 269.00
557.96, 278.00
558.28, 272.00
558.61, 268.00
558.94, 262.00
559.27, 270.00
559.59, 269.00
559.92, 267.00
560.25, 257.00
560.58, 260.00
560.90, 264.00
561.23, 259.00
561.56, 253.00
561.89, 264.00
562.21, 248.00
562.54, 244.00
562.87, 246.00
563.20, 252.00
563.52, 241.00
563.85, 240.00
564.18, 256.00
564.50, 244.00
564.83, 268.00
565.16, 291.00
565.48, 237.00
565.81, 237.00
566.14, 238.00
566.47, 231.00
566.79, 234.00
567.12, 233.00
567.45, 255.00
567.77, 235.00
568.10, 230.00
568.43, 235.00
568.75, 232.00
569.08, 234.00
569.40, 275.00
569.73, 236.00
570.06, 229.00
570.38, 232.00
570.71, 233.00
571.04, 233.00
571.36, 236.00
571.69, 241.00
572.01, 237.00
572.34, 236.00
572.67, 237.00
572.99, 226.00
573.32, 248.00
573.64, 238.00
573.97, 234.00
574.30, 235.00
574.62, 236.00
574.95, 234.00
575.27, 242.00
575.60, 243.00
575.92, 247.00
576.25, 255.00
576.58, 258.00
576.90, 254.00
577.23, 291.00
577.55, 261.00
577.88, 260.00
578.20, 260.00
578.53, 265.00
578.85, 284.00
579.18, 284.00
579.50, 270.00
579.83, 270.00
580.15, 273.00
580.48, 269.00
580.80, 271.00
581.13, 274.00
581.45, 273.00
581.78, 271.00
582.10, 290.00
582.43, 293.00
582.75, 301.00
583.08, 292.00
583.40, 290.00
583.73, 355.00
584.05, 290.00
584.38, 286.00
584.70, 325.00
585.03, 280.00
585.35, 280.00
585.67, 284.00
586.00, 299.00
586.32, 326.00
586.65, 334.00
586.97, 329.00
587.30, 323.00
587.62, 306.00
587.94, 317.00
588.27, 291.00
588.59, 284.00
588.92, 284.00
589.24, 283.00
589.56, 284.00
589.89, 285.00
590.21, 268.00
590.54, 266.00
590.86, 263.00
591.18, 274.00
591.51, 274.00
591.83, 298.00
592.15, 294.00
592.48, 297.00
592.80, 307.00
593.13, 289.00
593.45, 293.00
593.77, 290.00
594.10, 291.00
594.42, 286.00
594.74, 279.00
595.07, 284.00
595.39, 272.00
595.71, 283.00
596.03, 277.00
596.36, 281.00
596.68, 273.00
597.00, 286.00
597.33, 289.00
597.65, 293.00
597.97, 300.00
598.30, 300.00
598.62, 297.00
598.94, 297.00
599.26, 300.00
599.59, 307.00
599.91, 297.00
600.23, 289.00
600.55, 283.00
600.88, 274.00
601.20, 264.00
601.52, 252.00
601.84, 250.00
602.17, 253.00
602.49, 249.00
602.81, 243.00
603.13, 248.00
603.45, 257.00
603.78, 249.00
604.10, 240.00
604.42, 235.00
604.74, 240.00
605.07, 240.00
605.39, 246.00
605.71, 241.00
606.03, 242.00
606.35, 230.00
606.67, 253.00
607.00, 245.00
607.32, 241.00
607.64, 244.00
607.96, 238.00
608.28, 250.00
608.60, 256.00
608.93, 267.00
609.25, 311.00
609.57, 369.00
609.89, 447.00
610.21, 524.00
610.53, 569.00
610.85, 571.00
611.17, 521.00
611.50, 487.00
611.82, 448.00
612.14, 425.00
612.46, 394.00
612.78, 376.00
613.10, 352.00
613.42, 343.00
613.74, 330.00
614.06, 354.00
614.38, 331.00
614.70, 323.00
615.03, 324.00
615.35, 313.00
615.67, 390.00
615.99, 271.00
616.31, 261.00
616.63, 256.00
616.95, 249.00
617.27, 247.00
617.59, 241.00
617.91, 242.00
618.23, 244.00
618.55, 237.00
618.87, 231.00
619.19, 238.00
619.51, 249.00
619.83, 241.00
620.15, 233.00
620.47, 239.00
620.79, 232.00
621.11, 237.00
621.43, 235.00
621.75, 247.00
622.07, 239.00
622.39, 239.00
622.71, 231.00
623.03, 235.00
623.35, 276.00
623.67, 234.00
623.99, 229.00
624.31, 227.00
624.63, 227.00
624.95, 229.00
625.26, 226.00
625.58, 224.00
625.90, 258.00
626.22, 226.00
626.54, 229.00
626.86, 233.00
627.18, 229.00
627.50, 235.00
627.82, 237.00
628.14, 232.00
628.46, 240.00
628.77, 232.00
629.09, 253.00
629.41, 253.00
629.73, 262.00
630.05, 271.00
630.37, 262.00
630.69, 268.00
631.00, 265.00
631.32, 259.00
631.64, 252.00
631.96, 245.00
632.28, 234.00
632.60, 237.00
632.92, 230.00
633.23, 231.00
633.55, 230.00
633.87, 235.00
634.19, 233.00
634.51, 237.00
634.82, 248.00
635.14, 245.00
635.46, 244.00
635.78, 247.00
636.10, 245.00
636.41, 251.00
636.73, 249.00
637.05, 246.00
637.37, 237.00
637.68, 246.00
638.00, 240.00
638.32, 249.00
638.64, 245.00
638.95, 260.00
639.27, 249.00
639.59, 246.00
639.91, 235.00
640.22, 236.00
640.54, 247.00
640.86, 235.00
641.18, 241.00
641.49, 264.00
641.81, 253.00
642.13, 251.00
642.44, 238.00
642.76, 252.00
643.08, 245.00
643.40, 251.00
643.71, 252.00
644.03, 257.00
644.35, 262.00
644.66, 269.00
644.98, 266.00
645.30, 261.00
645.61, 271.00
645.93, 253.00
646.25, 242.00
646.56, 246.00
646.88, 273.00
647.19, 242.00
647.51, 243.00
647.83, 229.00
648.14, 234.00
648.46, 238.00
648.78, 245.00
649.09, 249.00
649.41, 301.00
649.72, 269.00
650.04, 283.00
650.36, 278.00
650.67, 288.00
650.99, 282.00
651.30, 282.00
651.62, 287.00
651.93, 277.00
652.25, 299.00
652.57, 325.00
652.88, 282.00
653.20, 282.00
653.51, 276.00
653.83, 260.00
654.14, 248.00
654.46, 253.00
654.77, 255.00
655.09, 265.00
655.40, 272.00
655.72, 259.00
656.04, 245.00
656.35, 242.00
656.67, 242.00
656.98, 250.00
657.30, 245.00
657.61, 254.00
657.93, 263.00
658.24, 257.00
658.55, 290.00
658.87, 257.00
659.18, 256.00
659.50, 264.00
659.81, 267.00
660.13, 257.00
660.44, 262.00
660.76, 259.00
661.07, 270.00
661.39, 268.00
661.70, 255.00
662.01, 235.00
662.33, 231.00
662.64, 232.00
662.96, 220.00
663.27, 208.00
663.59, 210.00
663.90, 206.00
664.21, 211.00
664.53, 231.00
664.84, 217.00
665.16, 243.00
665.47, 222.00
665.78, 225.00
666.10, 230.00
666.41, 236.00
666.72, 233.00
667.04, 239.00
667.35, 238.00
667.67, 234.00
667.98, 238.00
668.29, 235.00
668.61, 243.00
668.92, 238.00
669.23, 237.00
669.55, 230.00
669.86, 253.00
670.17, 224.00
670.48, 218.00
670.80, 210.00
671.11, 214.00
671.42, 215.00
671.74, 220.00
672.05, 214.00
672.36, 224.00
672.68, 211.00
672.99, 220.00
673.30, 226.00
673.61, 247.00
673.93, 243.00
674.24, 248.00
674.55, 258.00
674.86, 257.00
675.18, 263.00
675.49, 267.00
675.80, 263.00
676.11, 276.00
676.43, 273.00
676.74, 274.00
677.05, 268.00
677.36, 269.00
677.67, 265.00
677.99, 265.00
678.30, 251.00
678.61, 229.00
678.92, 232.00
679.23, 227.00
679.55, 214.00
679.86, 216.00
680.17, 204.00
680.48, 210.00
680.79, 211.00
681.10, 194.00
681.42, 192.00
681.73, 190.00
682.04, 196.00
682.35, 194.00
682.66, 209.00
682.97, 195.00
683.28, 197.00
683.60, 195.00
683.91, 202.00
684.22, 228.00
684.53, 201.00
684.84, 201.00
685.15, 195.00
685.46, 220.00
685.77, 199.00
686.08, 197.00
686.40, 231.00
686.71, 199.00
687.02, 190.00
687.33, 195.00
687.64, 185.00
687.95, 187.00
688.26, 183.00
688.57, 180.00
688.88, 188.00
689.19, 181.00
689.50, 177.00
689.81, 185.00
690.12, 175.00
690.43, 191.00
690.74, 174.00
691.05, 175.00
691.36, 191.00
691.67, 179.00
691.98, 176.00
692.29, 178.00
692.60, 183.00
692.91, 180.00
693.22, 171.00
693.53, 178.00
693.84, 180.00
694.15, 171.00
694.46, 167.00
694.77, 167.00
695.08, 177.00
695.39, 185.00
695.70, 170.00
696.01, 170.00
696.32, 167.00
696.63, 171.00
696.94, 180.00
697.25, 167.00
697.56, 176.00
697.87, 183.00
698.17, 211.00
698.48, 172.00
698.79, 171.00
699.10, 172.00
699.41, 177.00
699.72, 176.00
700.03, 170.00
700.34, 169.00
700.65, 177.00
700.95, 172.00
701.26, 178.00
701.57, 170.00
701.88, 172.00
702.19, 185.00
702.50, 172.00
702.81, 167.00
703.11, 198.00
703.42, 173.00
703.73, 177.00
704.04, 182.00
704.35, 178.00
704.66, 187.00
704.96, 209.00
705.27, 226.00
705.58, 244.00
705.89, 245.00
706.20, 235.00
706.50, 223.00
706.81, 207.00
707.12, 199.00
707.43, 198.00
707.73, 198.00
708.04, 186.00
708.35, 187.00
708.66, 179.00
708.97, 177.00
709.27, 184.00
709.58, 178.00
709.89, 176.00
710.19, 174.00
710.50, 178.00
710.81, 184.00
711.12, 184.00
711.42, 185.00
711.73, 191.00
712.04, 186.00
712.35, 187.00
712.65, 175.00
712.96, 185.00
713.27, 178.00
713.57, 201.00
713.88, 201.00
714.19, 175.00
714.49, 168.00
714.80, 181.00
715.11, 173.00
715.41, 167.00
715.72, 170.00
716.03, 172.00
716.33, 176.00
716.64, 169.00
716.94, 175.00
717.25, 159.00
717.56, 179.00
717.86, 166.00
718.17, 163.00
718.48, 168.00
718.78, 165.00
719.09, 167.00
719.39, 170.00
719.70, 164.00
720.01, 170.00
720.31, 169.00
720.62, 170.00
720.92, 168.00
721.23, 176.00
721.53, 176.00
721.84, 179.00
722.15, 180.00
722.45, 175.00
722.76, 178.00
723.06, 174.00
723.37, 177.00
723.67, 172.00
723.98, 177.00
724.28, 177.00
724.59, 182.00
724.89, 181.00
725.20, 181.00
725.50, 181.00
725.81, 178.00
726.11, 178.00
726.42, 171.00
726.72, 171.00
727.03, 209.00
727.33, 172.00
727.64, 172.00
727.94, 171.00
728.25, 170.00
728.55, 167.00
728.86, 188.00
729.16, 167.00
729.46, 162.00
729.77, 169.00
730.07, 165.00
730.38, 167.00
730.68, 166.00
730.99, 171.00
731.29, 166.00
731.59, 170.00
731.90, 169.00
732.20, 172.00
732.51, 179.00
732.81, 172.00
733.11, 175.00
733.42, 175.00
733.72, 175.00
734.02, 184.00
734.33, 176.00
734.63, 176.00
734.94, 174.00
735.24, 175.00
735.54, 176.00
735.85, 171.00
736.15, 178.00
736.45, 174.00
736.76, 173.00
737.06, 172.00
737.36, 179.00
737.67, 172.00
737.97, 168.00
738.27, 170.00
738.57, 174.00
738.88, 163.00
739.18, 207.00
739.48, 168.00
739.79, 169.00
740.09, 169.00
740.39, 177.00
740.69, 177.00
741.00, 168.00
741.30, 178.00
741.60, 178.00
741.90, 175.00
742.21, 172.00
742.51, 227.00
742.81, 181.00
743.11, 183.00
743.42, 209.00
743.72, 192.00
744.02, 202.00
744.32, 202.00
744.63, 209.00
744.93, 219.00
745.23, 223.00
745.53, 221.00
745.83, 215.00
746.13, 212.00
746.44, 218.00
746.74, 212.00
747.04, 215.00
747.34, 214.00
747.64, 223.00
747.94, 222.00
748.25, 224.00
748.55, 221.00
748.85, 223.00
749.15, 225.00
749.45, 241.00
749.75, 214.00
750.05, 207.00
750.35, 187.00
750.66, 200.00
750.96, 189.00
751.26, 177.00
751.56, 181.00
751.86, 184.00
752.16, 168.00
752.46, 173.00
752.76, 173.00
753.06, 174.00
753.36, 215.00
753.66, 168.00
753.96, 167.00
754.27, 168.00
754.57, 175.00
754.87, 172.00
755.17, 174.00
755.47, 173.00
755.77, 179.00
756.07, 186.00
756.37, 186.00
756.67, 200.00
756.97, 191.00
757.27, 198.00
757.57, 192.00
757.87, 196.00
758.17, 189.00
758.47, 196.00
758.77, 192.00
759.07, 192.00
759.37, 192.00
759.67, 194.00
759.97, 196.00
760.27, 189.00
760.57, 190.00
760.86, 189.00
761.16, 185.00
761.46, 186.00
761.76, 217.00
762.06, 178.00
762.36, 185.00
762.66, 176.00
762.96, 173.00
763.26, 176.00
763.56, 200.00
763.86, 177.00
764.16, 165.00
764.45, 179.00
764.75, 166.00
765.05, 163.00
765.35, 163.00
765.65, 160.00
765.95, 164.00
766.25, 172.00
766.55, 168.00
766.84, 174.00
767.14, 175.00
767.44, 168.00
767.74, 179.00
768.04, 175.00
768.34, 174.00
768.63, 167.00
768.93, 180.00
769.23, 183.00
769.53, 184.00
769.83, 181.00
770.12, 183.00
770.42, 191.00
770.72, 185.00
771.02, 187.00
771.32, 183.00
771.61, 188.00
771.91, 188.00
772.21, 186.00
772.51, 189.00
772.80, 187.00
773.10, 185.00
773.40, 184.00
773.70, 184.00
773.99, 185.00
774.29, 182.00
774.59, 192.00
774.88, 181.00
775.18, 193.00
775.48, 313.00
775.78, 603.00
776.07, 812.00
776.37, 911.00
776.67, 778.00
776.96, 570.00
777.26, 457.00
777.56, 352.00
777.85, 324.00
778.15, 288.00
778.45, 276.00
778.74, 239.00
779.04, 219.00
779.34, 189.00
779.63, 175.00
779.93, 164.00
780.22, 157.00
780.52, 154.00
780.82, 154.00
781.11, 159.00
781.41, 155.00
781.71, 156.00
782.00, 155.00
782.30, 158.00
782.59, 169.00
782.89, 163.00
783.19, 158.00
783.48, 156.00
783.78, 156.00
784.07, 166.00
784.37, 156.00
784.66, 161.00
784.96, 150.00
785.25, 154.00
785.55, 155.00
785.84, 157.00
786.14, 155.00
786.44, 154.00
786.73, 153.00
787.03, 152.00
787.32, 154.00
787.62, 150.00
787.91, 153.00
788.21, 158.00
788.50, 160.00
788.80, 156.00
789.09, 151.00
789.39, 150.00
789.68, 148.00
789.97, 152.00
790.27, 152.00
790.56, 158.00
790.86, 159.00
791.15, 156.00
791.45, 147.00
791.74, 172.00
792.04, 152.00
792.33, 143.00
792.62, 174.00
792.92, 152.00
793.21, 157.00
793.51, 162.00
793.80, 148.00
794.09, 151.00
794.39, 149.00
794.68, 147.00
794.98, 149.00
795.27, 153.00
795.56, 152.00
795.86, 156.00
796.15, 148.00
796.44, 161.00
796.74, 148.00
797.03, 146.00
797.32, 148.00
797.62, 150.00
797.91, 155.00
798.20, 156.00
798.50, 150.00
798.79, 164.00
799.08, 155.00
799.38, 154.00
799.67, 151.00
799.96, 159.00
800.26, 177.00
800.55, 149.00
800.84, 161.00
801.13, 150.00
801.43, 150.00
801.72, 190.00
802.01, 153.00
802.30, 153.00
802.60, 153.00
802.89, 155.00
803.18, 156.00
803.47, 155.00
803.77, 160.00
804.06, 157.00
804.35, 152.00
804.64, 170.00
804.94, 158.00
805.23, 155.00
805.52, 154.00
805.81, 155.00
806.10, 154.00
806.39, 149.00
806.69, 148.00
806.98, 148.00
807.27, 152.00
807.56, 157.00
807.85, 162.00
808.14, 151.00
808.44, 157.00
808.73, 144.00
809.02, 166.00
809.31, 153.00
809.60, 153.00
809.89, 158.00
810.18, 149.00
810.48, 156.00
810.77, 150.00
811.06, 152.00
811.35, 147.00
811.64, 152.00
811.93, 166.00
812.22, 146.00
812.51, 148.00
812.80, 147.00
813.09, 147.00
813.38, 150.00
813.67, 171.00
813.96, 155.00
814.26, 148.00
814.55, 148.00
814.84, 146.00
815.13, 152.00
815.42, 147.00
815.71, 153.00
816.00, 147.00
816.29, 157.00
816.58, 153.00
816.87, 149.00
817.16, 148.00
817.45, 156.00
817.74, 154.00
818.03, 146.00
818.32, 152.00
818.61, 145.00
818.90, 147.00
819.19, 146.00
819.48, 149.00
819.76, 144.00
820.05, 146.00
820.34, 144.00
820.63, 145.00
820.92, 146.00
821.21, 144.00
821.50, 147.00
821.79, 147.00
822.08, 146.00
822.37, 152.00
822.66, 141.00
822.95, 150.00
823.23, 146.00
823.52, 163.00
823.81, 144.00
824.10, 146.00
824.39, 151.00
824.68, 146.00
824.97, 162.00
825.26, 149.00
825.54, 186.00
825.83, 153.00
826.12, 146.00
826.41, 146.00
826.70, 146.00
826.99, 152.00
827.27, 148.00
827.56, 167.00
827.85, 149.00
828.14, 144.00
828.43, 157.00
828.71, 143.00
829.00, 143.00
829.29, 144.00
829.58, 146.00
829.86, 140.00
830.15, 148.00
830.44, 144.00
830.73, 142.00
831.01, 143.00
831.30, 150.00
831.59, 146.00
831.88, 147.00
832.16, 146.00
832.45, 154.00
832.74, 145.00
833.03, 148.00
833.31, 153.00
833.60, 150.00
833.89, 148.00
834.17, 155.00
834.46, 148.00
834.75, 143.00
835.03, 145.00
835.32, 142.00
835.61, 146.00
835.89, 161.00
836.18, 148.00
836.47, 151.00
836.75, 143.00
837.04, 149.00
837.33, 153.00
837.61, 148.00
837.90, 146.00
838.19, 149.00
838.47, 143.00
838.76, 143.00
839.04, 140.00
839.33, 145.00
839.62, 139.00
839.90, 142.00
840.19, 145.00
840.47, 147.00
840.76, 171.00
841.04, 146.00
841.33, 151.00
841.62, 142.00
841.90, 144.00
842.19, 147.00
842.47, 181.00
842.76, 149.00
843.04, 151.00
843.33, 177.00
843.61, 167.00
843.90, 170.00
844.18, 173.00
844.47, 168.00
844.75, 169.00
845.04, 158.00
845.32, 166.00
845.61, 160.00
845.89, 148.00
846.18, 160.00
846.46, 153.00
846.75, 150.00
847.03, 156.00
847.32, 146.00
847.60, 147.00
847.88, 149.00
848.17, 146.00
848.45, 161.00
848.74, 148.00
849.02, 151.00
849.31, 143.00
849.59, 143.00
849.87, 144.00
850.16, 146.00
850.44, 147.00
850.73, 177.00
851.01, 151.00
851.29, 149.00
851.58, 154.00
851.86, 152.00
852.14, 154.00
852.43, 148.00
852.71, 148.00
853.00, 146.00
853.28, 149.00
853.56, 144.00
853.85, 146.00
854.13, 152.00
854.41, 145.00
854.69, 148.00
854.98, 149.00
855.26, 208.00
855.54, 150.00
855.83, 143.00
856.11, 147.00
856.39, 147.00
856.68, 150.00
856.96, 144.00
857.24, 148.00
857.52, 149.00
857.81, 146.00
858.09, 144.00
858.37, 140.00
858.65, 149.00
858.94, 143.00
859.22, 148.00
