190.05, 0.00
190.41, 137.00
190.77, 140.00
191.14, 143.00
191.50, 140.00
191.86, 161.00
192.22, 154.00
192.58, 147.00
192.94, 145.00
193.31, 149.00
193.67, 148.00
194.03, 156.00
194.39, 149.00
194.75, 145.00
195.11, 156.00
195.47, 168.00
195.84, 147.00
196.20, 142.00
196.56, 167.00
196.92, 148.00
197.28, 151.00
197.64, 148.00
198.00, 150.00
198.37, 150.00
198.73, 147.00
199.09, 146.00
199.45, 151.00
199.81, 146.00
200.17, 152.00
200.53, 149.00
200.89, 159.00
201.25, 184.00
201.62, 152.00
201.98, 145.00
202.34, 153.00
202.70, 157.00
203.06, 149.00
203.42, 150.00
203.78, 151.00
204.14, 148.00
204.50, 174.00
204.86, 160.00
205.22, 156.00
205.58, 154.00
205.95, 150.00
206.31, 145.00
206.67, 157.00
207.03, 151.00
207.39, 156.00
207.75, 149.00
208.11, 151.00
208.47, 147.00
208.83, 150.00
209.19, 150.00
209.55, 151.00
209.91, 150.00
210.27, 151.00
210.63, 150.00
210.99, 157.00
211.35, 153.00
211.71, 151.00
212.07, 148.00
212.43, 152.00
212.79, 151.00
213.15, 150.00
213.51, 153.00
213.87, 158.00
214.23, 151.00
214.59, 152.00
214.95, 154.00
215.31, 151.00
215.67, 149.00
216.03, 182.00
216.39, 153.00
216.75, 151.00
217.11, 152.00
217.47, 152.00
217.83, 152.00
218.19, 155.00
218.55, 152.00
218.91, 157.00
219.27, 147.00
219.63, 156.00
219.99, 154.00
220.35, 143.00
220.71, 155.00
221.07, 144.00
221.43, 151.00
221.79, 155.00
222.15, 152.00
222.51, 148.00
222.87, 147.00
223.23, 144.00
223.59, 153.00
223.95, 148.00
224.31, 146.00
224.67, 148.00
225.03, 155.00
225.39, 157.00
225.74, 152.00
226.10, 144.00
226.46, 151.00
226.82, 150.00
227.18, 153.00
227.54, 154.00
227.90, 153.00
228.26, 147.00
228.62, 159.00
228.98, 147.00
229.34, 148.00
229.69, 146.00
230.05, 150.00
230.41, 150.00
230.77, 161.00
231.13, 152.00
231.49, 151.00
231.85, 143.00
232.21, 157.00
232.57, 151.00
232.92, 146.00
233.28, 148.00
233.64, 152.00
234.00, 149.00
234.36, 149.00
234.72, 146.00
235.08, 150.00
235.44, 154.00
235.79, 147.00
236.15, 157.00
236.51, 147.00
236.87, 147.00
237.23, 150.00
237.59, 149.00
237.94, 155.00
238.30, 155.00
238.66, 150.00
239.02, 144.00
239.38, 147.00
239.74, 146.00
240.09, 158.00
240.45, 150.00
240.81, 146.00
241.17, 157.00
241.53, 148.00
241.89, 148.00
242.24, 142.00
242.60, 146.00
242.96, 152.00
243.32, 154.00
243.68, 150.00
244.03, 154.00
244.39, 153.00
244.75, 167.00
245.11, 156.00
245.46, 152.00
245.82, 180.00
246.18, 148.00
246.54, 159.00
246.90, 147.00
247.25, 146.00
247.61, 146.00
247.97, 186.00
248.33, 152.00
248.68, 146.00
249.04, 149.00
249.40, 151.00
249.76, 150.00
250.11, 152.00
250.47, 157.00
250.83, 151.00
251.19, 157.00
251.54, 160.00
251.90, 156.00
252.26, 149.00
252.62, 147.00
252.97, 154.00
253.33, 141.00
253.69, 148.00
254.05, 155.00
254.40, 148.00
254.76, 149.00
255.12, 186.00
255.47, 147.00
255.83, 162.00
256.19, 147.00
256.54, 150.00
256.90, 149.00
257.26, 148.00
257.62, 153.00
257.97, 144.00
258.33, 153.00
258.69, 148.00
259.04, 146.00
259.40, 150.00
259.76, 150.00
260.11, 147.00
260.47, 152.00
260.83, 153.00
261.18, 148.00
261.54, 157.00
261.90, 158.00
262.25, 149.00
262.61, 149.00
262.97, 146.00
263.32, 148.00
263.68, 150.00
264.04, 153.00
264.39, 150.00
264.75, 148.00
265.10, 155.00
265.46, 190.00
265.82, 163.00
266.17, 154.00
266.53, 149.00
266.89, 155.00
267.24, 159.00
267.60, 146.00
267.95, 144.00
268.31, 144.00
268.67, 144.00
269.02, 151.00
269.38, 154.00
269.74, 156.00
270.09, 147.00
270.45, 146.00
270.80, 172.00
271.16, 152.00
271.51, 150.00
271.87, 154.00
272.23, 156.00
272.58, 148.00
272.94, 150.00
273.29, 148.00
273.65, 195.00
274.00, 148.00
274.36, 153.00
274.72, 152.00
275.07, 143.00
275.43, 148.00
275.78, 152.00
276.14, 149.00
276.49, 155.00
276.85, 161.00
277.20, 168.00
277.56, 147.00
277.92, 144.00
278.27, 152.00
278.63, 157.00
278.98, 145.00
279.34, 150.00
279.69, 154.00
280.05, 166.00
280.40, 154.00
280.76, 160.00
281.11, 153.00
281.47, 154.00
281.82, 152.00
282.18, 151.00
282.53, 157.00
282.89, 160.00
283.24, 160.00
283.60, 157.00
283.95, 158.00
284.31, 160.00
284.66, 157.00
285.02, 154.00
285.37, 154.00
285.73, 157.00
286.08, 159.00
286.44, 154.00
286.79, 161.00
287.14, 161.00
287.50, 156.00
287.85, 156.00
288.21, 153.00
288.56, 152.00
288.92, 151.00
289.27, 153.00
289.63, 150.00
289.98, 160.00
290.34, 151.00
290.69, 158.00
291.04, 150.00
291.40, 149.00
291.75, 151.00
292.11, 154.00
292.46, 148.00
292.81, 155.00
293.17, 148.00
293.52, 152.00
293.88, 151.00
294.23, 152.00
294.59, 153.00
294.94, 154.00
295.29, 163.00
295.65, 166.00
296.00, 177.00
296.36, 154.00
296.71, 155.00
297.06, 156.00
297.42, 164.00
297.77, 165.00
298.12, 167.00
298.48, 160.00
298.83, 164.00
299.19, 155.00
299.54, 158.00
299.89, 164.00
300.25, 154.00
300.60, 159.00
300.95, 157.00
301.31, 151.00
301.66, 156.00
302.01, 150.00
302.37, 153.00
302.72, 153.00
303.07, 154.00
303.43, 160.00
303.78, 156.00
304.13, 151.00
304.49, 159.00
304.84, 167.00
305.19, 198.00
305.55, 161.00
305.90, 169.00
306.25, 187.00
306.61, 216.00
306.96, 251.00
307.31, 313.00
307.66, 400.00
308.02, 512.00
308.37, 590.00
308.72, 621.00
309.08, 615.00
309.43, 585.00
309.78, 499.00
310.13, 444.00
310.49, 396.00
310.84, 320.00
311.19, 284.00
311.54, 259.00
311.90, 226.00
312.25, 217.00
312.60, 217.00
312.95, 244.00
313.31, 256.00
313.66, 256.00
314.01, 266.00
314.36, 269.00
314.72, 278.00
315.07, 309.00
315.42, 344.00
315.77, 368.00
316.13, 306.00
316.48, 253.00
316.83, 208.00
317.18, 177.00
317.54, 173.00
317.89, 163.00
318.24, 165.00
318.59, 156.00
318.94, 157.00
319.30, 158.00
319.65, 166.00
320.00, 157.00
320.35, 164.00
320.70, 165.00
321.05, 162.00
321.41, 160.00
321.76, 167.00
322.11, 159.00
322.46, 165.00
322.81, 198.00
323.17, 162.00
323.52, 157.00
323.87, 160.00
324.22, 155.00
324.57, 159.00
324.92, 160.00
325.27, 155.00
325.63, 163.00
325.98, 159.00
326.33, 161.00
326.68, 158.00
327.03, 159.00
327.38, 158.00
327.73, 164.00
328.09, 169.00
328.44, 199.00
328.79, 176.00
329.14, 210.00
329.49, 178.00
329.84, 183.00
330.19, 194.00
330.54, 171.00
330.89, 177.00
331.25, 164.00
331.60, 171.00
331.95, 162.00
332.30, 162.00
332.65, 168.00
333.00, 174.00
333.35, 212.00
333.70, 213.00
334.05, 177.00
334.40, 184.00
334.75, 182.00
335.10, 211.00
335.45, 255.00
335.81, 342.00
336.16, 469.00
336.51, 604.00
336.86, 645.00
337.21, 566.00
337.56, 406.00
337.91, 287.00
338.26, 220.00
338.61, 184.00
338.96, 169.00
339.31, 164.00
339.66, 161.00
340.01, 163.00
340.36, 159.00
340.71, 163.00
341.06, 157.00
341.41, 166.00
341.76, 157.00
342.11, 163.00
342.46, 158.00
342.81, 161.00
343.16, 156.00
343.51, 160.00
343.86, 159.00
344.21, 159.00
344.56, 157.00
344.91, 153.00
345.26, 161.00
345.61, 153.00
345.96, 159.00
346.31, 154.00
346.66, 176.00
347.01, 160.00
347.36, 175.00
347.71, 158.00
348.06, 157.00
348.41, 169.00
348.76, 175.00
349.10, 172.00
349.45, 175.00
349.80, 166.00
350.15, 177.00
350.50, 180.00
350.85, 181.00
351.20, 174.00
351.55, 192.00
351.90, 201.00
352.25, 223.00
352.60, 247.00
352.95, 302.00
353.30, 329.00
353.64, 302.00
353.99, 264.00
354.34, 244.00
354.69, 243.00
355.04, 263.00
355.39, 301.00
355.74, 346.00
356.09, 398.00
356.44, 454.00
356.78, 527.00
357.13, 577.00
357.48, 555.00
357.83, 449.00
358.18, 334.00
358.53, 268.00
358.88, 206.00
359.22, 188.00
359.57, 161.00
359.92, 158.00
360.27, 162.00
360.62, 167.00
360.97, 165.00
361.32, 168.00
361.66, 165.00
362.01, 162.00
362.36, 165.00
362.71, 169.00
363.06, 169.00
363.40, 169.00
363.75, 163.00
364.10, 163.00
364.45, 169.00
364.80, 168.00
365.14, 168.00
365.49, 173.00
365.84, 163.00
366.19, 157.00
366.54, 165.00
366.88, 180.00
367.23, 161.00
367.58, 205.00
367.93, 161.00
368.28, 158.00
368.62, 160.00
368.97, 170.00
369.32, 172.00
369.67, 174.00
370.01, 196.00
370.36, 189.00
370.71, 209.00
371.06, 189.00
371.40, 185.00
371.75, 168.00
372.10, 162.00
372.45, 164.00
372.79, 171.00
373.14, 171.00
373.49, 186.00
373.83, 200.00
374.18, 217.00
374.53, 244.00
374.88, 266.00
375.22, 264.00
375.57, 240.00
375.92, 210.00
376.26, 185.00
376.61, 174.00
376.96, 160.00
377.30, 170.00
377.65, 169.00
378.00, 174.00
378.35, 191.00
378.69, 209.00
379.04, 238.00
379.39, 288.00
379.73, 324.00
380.08, 327.00
380.43, 276.00
380.77, 240.00
381.12, 214.00
381.47, 197.00
381.81, 175.00
382.16, 164.00
382.50, 173.00
382.85, 238.00
383.20, 173.00
383.54, 177.00
383.89, 185.00
384.24, 177.00
384.58, 185.00
384.93, 212.00
385.27, 203.00
385.62, 206.00
385.97, 204.00
386.31, 199.00
386.66, 232.00
387.00, 206.00
387.35, 218.00
387.70, 233.00
388.04, 332.00
388.39, 342.00
388.73, 459.00
389.08, 642.00
389.43, 900.00
389.77, 1172.00
390.12, 1559.00
390.46, 2204.00
390.81, 2432.00
391.15, 2350.00
391.50, 1762.00
391.85, 1105.00
392.19, 719.00
392.54, 412.00
392.88, 260.00
393.23, 208.00
393.57, 202.00
393.92, 187.00
394.26, 179.00
394.61, 175.00
394.95, 169.00
395.30, 159.00
395.64, 160.00
395.99, 192.00
396.33, 164.00
396.68, 162.00
397.02, 165.00
397.37, 171.00
397.71, 177.00
398.06, 180.00
398.40, 188.00
398.75, 197.00
399.09, 208.00
399.44, 212.00
399.78, 200.00
400.13, 181.00
400.47, 169.00
400.82, 158.00
401.16, 156.00
401.51, 158.00
401.85, 160.00
402.20, 162.00
402.54, 156.00
402.88, 161.00
403.23, 164.00
403.57, 173.00
403.92, 188.00
404.26, 256.00
404.61, 214.00
404.95, 256.00
405.30, 219.00
405.64, 210.00
405.98, 228.00
406.33, 188.00
406.67, 172.00
407.02, 164.00
407.36, 171.00
407.70, 175.00
408.05, 171.00
408.39, 176.00
408.74, 183.00
409.08, 188.00
409.42, 173.00
409.77, 172.00
410.11, 179.00
410.46, 170.00
410.80, 173.00
411.14, 178.00
411.49, 185.00
411.83, 193.00
412.17, 185.00
412.52, 186.00
412.86, 187.00
413.20, 192.00
413.55, 187.00
413.89, 182.00
414.23, 172.00
414.58, 210.00
414.92, 167.00
415.26, 166.00
415.61, 168.00
415.95, 164.00
416.29, 174.00
416.64, 168.00
416.98, 171.00
417.32, 180.00
417.67, 194.00
418.01, 206.00
418.35, 200.00
418.70, 220.00
419.04, 261.00
419.38, 244.00
419.72, 232.00
420.07, 217.00
420.41, 188.00
420.75, 182.00
421.10, 178.00
421.44, 169.00
421.78, 172.00
422.12, 176.00
422.47, 185.00
422.81, 191.00
423.15, 199.00
423.49, 204.00
423.84, 197.00
424.18, 207.00
424.52, 230.00
424.86, 274.00
425.21, 347.00
425.55, 411.00
425.89, 505.00
426.23, 621.00
426.57, 842.00
426.92, 946.00
427.26, 1019.00
427.60, 877.00
427.94, 584.00
428.28, 441.00
428.63, 331.00
428.97, 246.00
429.31, 199.00
429.65, 178.00
429.99, 173.00
430.34, 161.00
430.68, 162.00
431.02, 165.00
431.36, 162.00
431.70, 163.00
432.04, 163.00
432.39, 167.00
432.73, 175.00
433.07, 175.00
433.41, 181.00
433.75, 187.00
434.09, 182.00
434.43, 188.00
434.78, 250.00
435.12, 292.00
435.46, 330.00
435.80, 299.00
436.14, 269.00
436.48, 237.00
436.82, 227.00
437.16, 203.00
437.51, 193.00
437.85, 182.00
438.19, 213.00
438.53, 175.00
438.87, 192.00
439.21, 178.00
439.55, 185.00
439.89, 192.00
440.23, 190.00
440.57, 186.00
440.91, 188.00
441.26, 187.00
441.60, 190.00
441.94, 182.00
442.28, 186.00
442.62, 183.00
442.96, 172.00
443.30, 173.00
443.64, 172.00
443.98, 166.00
444.32, 174.00
444.66, 169.00
445.00, 166.00
445.34, 174.00
445.68, 171.00
446.02, 172.00
446.36, 165.00
446.70, 170.00
447.04, 168.00
447.38, 196.00
447.72, 172.00
448.06, 167.00
448.40, 172.00
448.74, 178.00
449.08, 173.00
449.42, 166.00
449.76, 172.00
450.10, 168.00
450.44, 169.00
450.78, 171.00
451.12, 173.00
451.46, 175.00
451.80, 183.00
452.14, 163.00
452.48, 168.00
452.82, 171.00
453.16, 166.00
453.50, 171.00
453.84, 164.00
454.18, 208.00
454.52, 175.00
454.86, 176.00
455.19, 185.00
455.53, 177.00
455.87, 171.00
456.21, 176.00
456.55, 176.00
456.89, 175.00
457.23, 179.00
457.57, 176.00
457.91, 185.00
458.25, 185.00
458.59, 199.00
458.92, 205.00
459.26, 196.00
459.60, 208.00
459.94, 192.00
460.28, 178.00
460.62, 172.00
460.96, 171.00
461.30, 159.00
461.63, 162.00
461.97, 164.00
462.31, 164.00
462.65, 161.00
462.99, 175.00
463.33, 175.00
463.67, 177.00
464.00, 175.00
464.34, 182.00
464.68, 182.00
465.02, 188.00
465.36, 188.00
465.70, 180.00
466.03, 187.00
466.37, 173.00
466.71, 180.00
467.05, 189.00
467.39, 200.00
467.72, 220.00
468.06, 236.00
468.40, 252.00
468.74, 271.00
469.08, 281.00
469.41, 314.00
469.75, 352.00
470.09, 385.00
470.43, 388.00
470.76, 329.00
471.10, 284.00
471.44, 256.00
471.78, 245.00
472.11, 214.00
472.45, 203.00
472.79, 187.00
473.13, 189.00
473.46, 185.00
473.80, 186.00
474.14, 171.00
474.48, 186.00
474.81, 168.00
475.15, 176.00
475.49, 174.00
475.82, 176.00
476.16, 176.00
476.50, 164.00
476.84, 171.00
477.17, 170.00
477.51, 167.00
477.85, 169.00
478.18, 183.00
478.52, 165.00
478.86, 219.00
479.19, 175.00
479.53, 173.00
479.87, 209.00
480.20, 179.00
480.54, 179.00
480.88, 168.00
481.21, 169.00
481.55, 171.00
481.89, 176.00
482.22, 182.00
482.56, 183.00
482.90, 184.00
483.23, 185.00
483.57, 186.00
483.90, 200.00
484.24, 197.00
484.58, 209.00
484.91, 214.00
485.25, 220.00
485.58, 218.00
485.92, 226.00
486.26, 227.00
486.59, 237.00
486.93, 231.00
487.26, 239.00
487.60, 237.00
487.94, 237.00
488.27, 235.00
488.61, 230.00
488.94, 229.00
489.28, 226.00
489.61, 226.00
489.95, 232.00
490.29, 223.00
490.62, 225.00
490.96, 216.00
491.29, 232.00
491.63, 220.00
491.96, 214.00
492.30, 211.00
492.63, 213.00
492.97, 204.00
493.30, 206.00
493.64, 199.00
493.97, 205.00
494.31, 203.00
494.64, 209.00
494.98, 208.00
495.31, 200.00
495.65, 203.00
495.98, 194.00
496.32, 197.00
496.65, 221.00
496.99, 205.00
497.32, 181.00
497.66, 186.00
497.99, 178.00
498.33, 179.00
498.66, 181.00
499.00, 179.00
499.33, 173.00
499.67, 177.00
500.00, 176.00
500.34, 189.00
500.67, 191.00
501.00, 193.00
501.34, 185.00
501.67, 179.00
502.01, 185.00
502.34, 175.00
502.68, 183.00
503.01, 186.00
503.34, 194.00
503.68, 183.00
504.01, 184.00
504.35, 180.00
504.68, 189.00
505.01, 186.00
505.35, 188.00
505.68, 184.00
506.02, 191.00
506.35, 185.00
506.68, 195.00
507.02, 192.00
507.35, 181.00
507.68, 181.00
508.02, 194.00
508.35, 192.00
508.69, 184.00
509.02, 180.00
509.35, 178.00
509.69, 180.00
510.02, 177.00
510.35, 176.00
510.69, 165.00
511.02, 173.00
511.35, 176.00
511.69, 174.00
512.02, 169.00
512.35, 177.00
512.68, 176.00
513.02, 177.00
513.35, 169.00
513.68, 171.00
514.02, 173.00
514.35, 170.00
514.68, 172.00
515.01, 169.00
515.35, 172.00
515.68, 161.00
516.01, 164.00
516.35, 167.00
516.68, 163.00
517.01, 166.00
517.34, 167.00
517.68, 162.00
518.01, 168.00
518.34, 163.00
518.67, 169.00
519.01, 169.00
519.34, 172.00
519.67, 184.00
520.00, 175.00
520.33, 181.00
520.67, 183.00
521.00, 181.00
521.33, 190.00
521.66, 212.00
522.00, 198.00
522.33, 197.00
522.66, 190.00
522.99, 184.00
523.32, 186.00
523.65, 181.00
523.99, 178.00
524.32, 175.00
524.65, 177.00
524.98, 178.00
525.31, 175.00
525.65, 204.00
525.98, 184.00
526.31, 179.00
526.64, 186.00
526.97, 180.00
527.30, 176.00
527.63, 174.00
527.97, 171.00
528.30, 170.00
528.63, 176.00
528.96, 190.00
529.29, 168.00
529.62, 170.00
529.95, 158.00
530.28, 161.00
530.61, 159.00
530.95, 156.00
531.28, 165.00
531.61, 174.00
531.94, 177.00
532.27, 191.00
532.60, 185.00
532.93, 185.00
533.26, 178.00
533.59, 176.00
533.92, 179.00
534.25, 169.00
534.58, 205.00
534.91, 167.00
535.25, 165.00
535.58, 166.00
535.91, 167.00
536.24, 178.00
536.57, 181.00
536.90, 176.00
537.23, 186.00
537.56, 226.00
537.89, 191.00
538.22, 197.00
538.55, 195.00
538.88, 209.00
539.21, 325.00
539.54, 223.00
539.87, 232.00
540.20, 260.00
540.53, 283.00
540.86, 360.00
541.19, 360.00
541.52, 385.00
541.85, 420.00
542.18, 441.00
542.51, 463.00
542.84, 461.00
543.17, 461.00
543.50, 453.00
543.82, 443.00
544.15, 425.00
544.48, 419.00
544.81, 458.00
545.14, 494.00
545.47, 463.00
545.80, 439.00
546.13, 369.00
546.46, 372.00
546.79, 326.00
547.12, 286.00
547.45, 274.00
547.78, 261.00
548.10, 260.00
548.43, 251.00
548.76, 247.00
549.09, 239.00
549.42, 232.00
549.75, 234.00
550.08, 229.00
550.41, 228.00
550.74, 231.00
551.06, 222.00
551.39, 226.00
551.72, 210.00
552.05, 208.00
552.38, 206.00
552.71, 205.00
553.03, 205.00
553.36, 199.00
553.69, 201.00
554.02, 181.00
554.35, 186.00
554.68, 180.00
555.00, 183.00
555.33, 179.00
555.66, 180.00
555.99, 198.00
556.32, 183.00
556.64, 182.00
556.97, 197.00
557.30, 200.00
557.63, 195.00
557.96, 200.00
558.28, 204.00
558.61, 202.00
558.94, 202.00
559.27, 198.00
559.59, 200.00
559.92, 193.00
560.25, 194.00
560.58, 200.00
560.90, 200.00
561.23, 184.00
561.56, 189.00
561.89, 185.00
562.21, 183.00
562.54, 176.00
562.87, 181.00
563.20, 179.00
563.52, 174.00
563.85, 165.00
564.18, 188.00
564.50, 172.00
564.83, 199.00
565.16, 225.00
565.48, 160.00
565.81, 168.00
566.14, 155.00
566.47, 149.00
566.79, 157.00
567.12, 163.00
567.45, 187.00
567.77, 162.00
568.10, 165.00
568.43, 165.00
568.75, 159.00
569.08, 166.00
569.40, 198.00
569.73, 163.00
570.06, 161.00
570.38, 157.00
570.71, 156.00
571.04, 156.00
571.36, 171.00
571.69, 162.00
572.01, 158.00
572.34, 160.00
572.67, 164.00
572.99, 162.00
573.32, 177.00
573.64, 164.00
573.97, 156.00
574.30, 162.00
574.62, 160.00
574.95, 156.00
575.27, 163.00
575.60, 171.00
575.92, 177.00
576.25, 181.00
576.58, 185.00
576.90, 180.00
577.23, 203.00
577.55, 181.00
577.88, 174.00
578.20, 187.00
578.53, 187.00
578.85, 200.00
579.18, 193.00
579.50, 192.00
579.83, 189.00
580.15, 197.00
580.48, 193.00
580.80, 202.00
581.13, 198.00
581.45, 197.00
581.78, 191.00
582.10, 200.00
582.43, 207.00
582.75, 211.00
583.08, 211.00
583.40, 202.00
583.73, 268.00
584.05, 210.00
584.38, 199.00
584.70, 249.00
585.03, 212.00
585.35, 206.00
585.67, 213.00
586.00, 227.00
586.32, 253.00
586.65, 273.00
586.97, 273.00
587.30, 254.00
587.62, 230.00
587.94, 236.00
588.27, 214.00
588.59, 206.00
588.92, 207.00
589.24, 200.00
589.56, 200.00
589.89, 198.00
590.21, 193.00
590.54, 191.00
590.86, 196.00
591.18, 192.00
591.51, 196.00
591.83, 205.00
592.15, 201.00
592.48, 203.00
592.80, 211.00
593.13, 203.00
593.45, 199.00
593.77, 200.00
594.10, 193.00
594.42, 193.00
594.74, 187.00
595.07, 194.00
595.39, 194.00
595.71, 190.00
596.03, 204.00
596.36, 203.00
596.68, 205.00
597.00, 209.00
597.33, 211.00
597.65, 210.00
597.97, 216.00
598.30, 211.00
598.62, 210.00
598.94, 215.00
599.26, 216.00
599.59, 214.00
599.91, 208.00
600.23, 208.00
600.55, 201.00
600.88, 201.00
601.20, 196.00
601.52, 188.00
601.84, 186.00
602.17, 187.00
602.49, 179.00
602.81, 172.00
603.13, 179.00
603.45, 180.00
603.78, 167.00
604.10, 172.00
604.42, 174.00
604.74, 167.00
605.07, 171.00
605.39, 167.00
605.71, 168.00
606.03, 172.00
606.35, 167.00
606.67, 178.00
607.00, 177.00
607.32, 177.00
607.64, 181.00
607.96, 180.00
608.28, 184.00
608.60, 196.00
608.93, 204.00
609.25, 248.00
609.57, 291.00
609.89, 368.00
610.21, 440.00
610.53, 479.00
610.85, 481.00
611.17, 448.00
611.50, 416.00
611.82, 392.00
612.14, 357.00
612.46, 335.00
612.78, 323.00
613.10, 297.00
613.42, 283.00
613.74, 283.00
614.06, 298.00
614.38, 280.00
614.70, 278.00
615.03, 271.00
615.35, 254.00
615.67, 335.00
615.99, 219.00
616.31, 210.00
616.63, 216.00
616.95, 199.00
617.27, 188.00
617.59, 187.00
617.91, 191.00
618.23, 193.00
618.55, 186.00
618.87, 188.00
619.19, 185.00
619.51, 187.00
619.83, 187.00
620.15, 181.00
620.47, 187.00
620.79, 183.00
621.11, 193.00
621.43, 181.00
621.75, 193.00
622.07, 185.00
622.39, 187.00
622.71, 179.00
623.03, 185.00
623.35, 226.00
623.67, 181.00
623.99, 182.00
624.31, 186.00
624.63, 193.00
624.95, 177.00
625.26, 181.00
625.58, 173.00
625.90, 206.00
626.22, 180.00
626.54, 185.00
626.86, 181.00
627.18, 173.00
627.50, 181.00
627.82, 175.00
628.14, 178.00
628.46, 186.00
628.77, 176.00
629.09, 192.00
629.41, 192.00
629.73, 187.00
630.05, 209.00
630.37, 207.00
630.69, 207.00
631.00, 206.00
631.32, 206.00
631.64, 194.00
631.96, 182.00
632.28, 184.00
632.60, 183.00
632.92, 182.00
633.23, 185.00
633.55, 184.00
633.87, 175.00
634.19, 180.00
634.51, 188.00
634.82, 200.00
635.14, 197.00
635.46, 187.00
635.78, 192.00
636.10, 197.00
636.41, 188.00
636.73, 191.00
637.05, 188.00
637.37, 187.00
637.68, 187.00
638.00, 176.00
638.32, 194.00
638.64, 197.00
638.95, 214.00
639.27, 202.00
639.59, 206.00
639.91, 196.00
640.22, 194.00
640.54, 194.00
640.86, 192.00
641.18, 191.00
641.49, 203.00
641.81, 187.00
642.13, 192.00
642.44, 173.00
642.76, 170.00
643.08, 166.00
643.40, 169.00
643.71, 175.00
644.03, 179.00
644.35, 182.00
644.66, 187.00
644.98, 182.00
645.30, 176.00
645.61, 187.00
645.93, 172.00
646.25, 165.00
646.56, 174.00
646.88, 192.00
647.19, 163.00
647.51, 168.00
647.83, 164.00
648.14, 160.00
648.46, 162.00
648.78, 164.00
649.09, 164.00
649.41, 207.00
649.72, 174.00
650.04, 175.00
650.36, 166.00
650.67, 166.00
650.99, 165.00
651.30, 167.00
651.62, 166.00
651.93, 167.00
652.25, 182.00
652.57, 212.00
652.88, 169.00
653.20, 172.00
653.51, 163.00
653.83, 166.00
654.14, 162.00
654.46, 163.00
654.77, 166.00
655.09, 167.00
655.40, 180.00
655.72, 167.00
656.04, 164.00
656.35, 167.00
656.67, 164.00
656.98, 162.00
657.30, 159.00
657.61, 157.00
657.93, 164.00
658.24, 170.00
658.55, 201.00
658.87, 171.00
659.18, 170.00
659.50, 164.00
659.81, 178.00
660.13, 170.00
660.44, 163.00
660.76, 165.00
661.07, 189.00
661.39, 169.00
661.70, 172.00
662.01, 164.00
662.33, 159.00
662.64, 164.00
662.96, 172.00
663.27, 159.00
663.59, 157.00
663.90, 162.00
664.21, 161.00
664.53, 179.00
664.84, 158.00
665.16, 186.00
665.47, 157.00
665.78, 158.00
666.10, 165.00
666.41, 179.00
666.72, 197.00
667.04, 200.00
667.35, 194.00
667.67, 180.00
667.98, 176.00
668.29, 175.00
668.61, 173.00
668.92, 171.00
669.23, 166.00
669.55, 171.00
669.86, 186.00
670.17, 164.00
670.48, 162.00
670.80, 159.00
671.11, 154.00
671.42, 161.00
671.74, 162.00
672.05, 162.00
672.36, 170.00
672.68, 159.00
672.99, 155.00
673.30, 154.00
673.61, 161.00
673.93, 163.00
674.24, 163.00
674.55, 163.00
674.86, 164.00
675.18, 163.00
675.49, 165.00
675.80, 164.00
676.11, 168.00
676.43, 169.00
676.74, 165.00
677.05, 170.00
677.36, 183.00
677.67, 170.00
677.99, 166.00
678.30, 169.00
678.61, 167.00
678.92, 157.00
679.23, 169.00
679.55, 169.00
679.86, 166.00
680.17, 168.00
680.48, 174.00
680.79, 165.00
681.10, 165.00
681.42, 164.00
681.73, 164.00
682.04, 156.00
682.35, 159.00
682.66, 165.00
682.97, 160.00
683.28, 160.00
683.60, 165.00
683.91, 165.00
684.22, 173.00
684.53, 156.00
684.84, 153.00
685.15, 161.00
685.46, 185.00
685.77, 155.00
686.08, 156.00
686.40, 195.00
686.71, 161.00
687.02, 160.00
687.33, 158.00
687.64, 165.00
687.95, 151.00
688.26, 150.00
688.57, 154.00
688.88, 153.00
689.19, 151.00
689.50, 154.00
689.81, 157.00
690.12, 152.00
690.43, 175.00
690.74, 157.00
691.05, 151.00
691.36, 162.00
691.67, 153.00
691.98, 155.00
692.29, 153.00
692.60, 161.00
692.91, 154.00
693.22, 154.00
693.53, 150.00
693.84, 158.00
694.15, 152.00
694.46, 149.00
694.77, 152.00
695.08, 144.00
695.39, 159.00
695.70, 151.00
696.01, 154.00
696.32, 152.00
696.63, 150.00
696.94, 151.00
697.25, 148.00
697.56, 158.00
697.87, 155.00
698.17, 181.00
698.48, 154.00
698.79, 149.00
699.10, 153.00
699.41, 161.00
699.72, 155.00
700.03, 152.00
700.34, 152.00
700.65, 158.00
700.95, 149.00
701.26, 155.00
701.57, 153.00
701.88, 157.00
702.19, 163.00
702.50, 162.00
702.81, 157.00
703.11, 174.00
703.42, 157.00
703.73, 162.00
704.04, 167.00
704.35, 165.00
704.66, 185.00
704.96, 270.00
705.27, 389.00
705.58, 437.00
705.89, 447.00
706.20, 370.00
706.50, 321.00
706.81, 288.00
707.12, 260.00
707.43, 230.00
707.73, 212.00
708.04, 187.00
708.35, 178.00
708.66, 167.00
708.97, 161.00
709.27, 168.00
709.58, 160.00
709.89, 156.00
710.19, 153.00
710.50, 161.00
710.81, 164.00
711.12, 164.00
711.42, 164.00
711.73, 166.00
712.04, 159.00
712.35, 164.00
712.65, 161.00
712.96, 163.00
713.27, 162.00
713.57, 177.00
713.88, 171.00
714.19, 151.00
714.49, 154.00
714.80, 154.00
715.11, 155.00
715.41, 153.00
715.72, 149.00
716.03, 148.00
716.33, 159.00
716.64, 150.00
716.94, 154.00
717.25, 151.00
717.56, 160.00
717.86, 151.00
718.17, 151.00
718.48, 148.00
718.78, 153.00
719.09, 149.00
719.39, 147.00
719.70, 149.00
720.01, 152.00
720.31, 150.00
720.62, 155.00
720.92, 148.00
721.23, 157.00
721.53, 160.00
721.84, 148.00
722.15, 158.00
722.45, 150.00
722.76, 154.00
723.06, 151.00
723.37, 156.00
723.67, 152.00
723.98, 153.00
724.28, 155.00
724.59, 154.00
724.89, 157.00
725.20, 154.00
725.50, 160.00
725.81, 153.00
726.11, 155.00
726.42, 156.00
726.72, 164.00
727.03, 200.00
727.33, 169.00
727.64, 179.00
727.94, 162.00
728.25, 156.00
728.55, 156.00
728.86, 177.00
729.16, 154.00
729.46, 152.00
729.77, 154.00
730.07, 150.00
730.38, 152.00
730.68, 152.00
730.99, 163.00
731.29, 152.00
731.59, 151.00
731.90, 145.00
732.20, 152.00
732.51, 151.00
732.81, 149.00
733.11, 155.00
733.42, 147.00
733.72, 147.00
734.02, 152.00
734.33, 147.00
734.63, 149.00
734.94, 153.00
735.24, 149.00
735.54, 151.00
735.85, 144.00
736.15, 150.00
736.45, 149.00
736.76, 151.00
737.06, 153.00
737.36, 147.00
737.67, 150.00
737.97, 158.00
738.27, 149.00
738.57, 154.00
738.88, 150.00
739.18, 181.00
739.48, 161.00
739.79, 150.00
740.09, 151.00
740.39, 151.00
740.69, 158.00
741.00, 149.00
741.30, 155.00
741.60, 153.00
741.90, 147.00
742.21, 151.00
742.51, 189.00
742.81, 153.00
743.11, 155.00
743.42, 174.00
743.72, 152.00
744.02, 156.00
744.32, 149.00
744.63, 154.00
744.93, 160.00
745.23, 153.00
745.53, 155.00
745.83, 154.00
746.13, 152.00
746.44, 149.00
746.74, 154.00
747.04, 154.00
747.34, 141.00
747.64, 151.00
747.94, 151.00
748.25, 152.00
748.55, 158.00
748.85, 158.00
749.15, 157.00
749.45, 184.00
749.75, 163.00
750.05, 158.00
750.35, 154.00
750.66, 164.00
750.96, 158.00
751.26, 153.00
751.56, 147.00
751.86, 157.00
752.16, 149.00
752.46, 153.00
752.76, 145.00
753.06, 153.00
753.36, 190.00
753.66, 152.00
753.96, 156.00
754.27, 148.00
754.57, 148.00
754.87, 148.00
755.17, 153.00
755.47, 148.00
755.77, 151.00
756.07, 153.00
756.37, 152.00
756.67, 155.00
756.97, 151.00
757.27, 152.00
757.57, 153.00
757.87, 153.00
758.17, 154.00
758.47, 157.00
758.77, 158.00
759.07, 148.00
759.37, 157.00
759.67, 150.00
759.97, 152.00
760.27, 150.00
760.57, 152.00
760.86, 149.00
761.16, 150.00
761.46, 151.00
761.76, 175.00
762.06, 156.00
762.36, 158.00
762.66, 155.00
762.96, 149.00
763.26, 159.00
763.56, 180.00
763.86, 155.00
764.16, 149.00
764.45, 167.00
764.75, 153.00
765.05, 149.00
765.35, 148.00
765.65, 146.00
765.95, 151.00
766.25, 151.00
766.55, 157.00
766.84, 155.00
767.14, 150.00
767.44, 150.00
767.74, 155.00
768.04, 151.00
768.34, 147.00
768.63, 158.00
768.93, 154.00
769.23, 152.00
769.53, 150.00
769.83, 151.00
770.12, 145.00
770.42, 152.00
770.72, 153.00
771.02, 151.00
771.32, 151.00
771.61, 151.00
771.91, 159.00
772.21, 160.00
772.51, 152.00
772.80, 150.00
773.10, 157.00
773.40, 167.00
773.70, 154.00
773.99, 152.00
774.29, 157.00
774.59, 162.00
774.88, 159.00
775.18, 162.00
775.48, 225.00
775.78, 400.00
776.07, 567.00
776.37, 653.00
776.67, 598.00
776.96, 441.00
777.26, 395.00
777.56, 308.00
777.85, 268.00
778.15, 256.00
778.45, 242.00
778.74, 217.00
779.04, 196.00
779.34, 187.00
779.63, 168.00
779.93, 162.00
780.22, 153.00
780.52, 148.00
780.82, 146.00
781.11, 150.00
781.41, 147.00
781.71, 146.00
782.00, 153.00
782.30, 154.00
782.59, 156.00
782.89, 158.00
783.19, 151.00
783.48, 147.00
783.78, 152.00
784.07, 161.00
784.37, 155.00
784.66, 146.00
784.96, 149.00
785.25, 152.00
785.55, 148.00
785.84, 156.00
786.14, 153.00
786.44, 151.00
786.73, 150.00
787.03, 145.00
787.32, 146.00
787.62, 152.00
787.91, 154.00
788.21, 154.00
788.50, 146.00
788.80, 148.00
789.09, 147.00
789.39, 155.00
789.68, 155.00
789.97, 150.00
790.27, 151.00
790.56, 152.00
790.86, 157.00
791.15, 152.00
791.45, 150.00
791.74, 175.00
792.04, 152.00
792.33, 145.00
792.62, 178.00
792.92, 151.00
793.21, 147.00
793.51, 153.00
793.80, 150.00
794.09, 147.00
794.39, 150.00
794.68, 150.00
794.98, 149.00
795.27, 152.00
795.56, 148.00
795.86, 155.00
796.15, 147.00
796.44, 155.00
796.74, 150.00
797.03, 146.00
797.32, 148.00
797.62, 145.00
797.91, 157.00
798.20, 150.00
798.50, 157.00
798.79, 157.00
799.08, 143.00
799.38, 149.00
799.67, 149.00
799.96, 158.00
800.26, 178.00
800.55, 146.00
800.84, 152.00
801.13, 146.00
801.43, 147.00
801.72, 182.00
802.01, 150.00
802.30, 152.00
802.60, 147.00
802.89, 151.00
803.18, 144.00
803.47, 150.00
803.77, 152.00
804.06, 151.00
804.35, 147.00
804.64, 163.00
804.94, 151.00
805.23, 145.00
805.52, 150.00
805.81, 152.00
806.10, 152.00
806.39, 148.00
806.69, 154.00
806.98, 150.00
807.27, 146.00
807.56, 155.00
807.85, 149.00
808.14, 149.00
808.44, 159.00
808.73, 150.00
809.02, 163.00
809.31, 152.00
809.60, 154.00
809.89, 156.00
810.18, 151.00
810.48, 155.00
810.77, 150.00
811.06, 149.00
811.35, 149.00
811.64, 154.00
811.93, 172.00
812.22, 152.00
812.51, 151.00
812.80, 153.00
813.09, 154.00
813.38, 151.00
813.67, 170.00
813.96, 149.00
814.26, 150.00
814.55, 146.00
814.84, 148.00
815.13, 151.00
815.42, 148.00
815.71, 148.00
816.00, 143.00
816.29, 159.00
816.58, 153.00
816.87, 146.00
817.16, 150.00
817.45, 151.00
817.74, 151.00
818.03, 149.00
818.32, 148.00
818.61, 149.00
818.90, 141.00
819.19, 143.00
819.48, 146.00
819.76, 146.00
820.05, 148.00
820.34, 151.00
820.63, 142.00
820.92, 148.00
821.21, 148.00
821.50, 150.00
821.79, 150.00
822.08, 151.00
822.37, 153.00
822.66, 149.00
822.95, 152.00
823.23, 150.00
823.52, 165.00
823.81, 154.00
824.10, 145.00
824.39, 154.00
824.68, 150.00
824.97, 166.00
825.26, 145.00
825.54, 188.00
825.83, 149.00
826.12, 147.00
826.41, 149.00
826.70, 145.00
826.99, 160.00
827.27, 145.00
827.56, 164.00
827.85, 152.00
828.14, 146.00
828.43, 153.00
828.71, 153.00
829.00, 150.00
829.29, 136.00
829.58, 154.00
829.86, 146.00
830.15, 147.00
830.44, 155.00
830.73, 153.00
831.01, 152.00
831.30, 148.00
831.59, 152.00
831.88, 150.00
832.16, 145.00
832.45, 153.00
832.74, 155.00
833.03, 151.00
833.31, 157.00
833.60, 149.00
833.89, 146.00
834.17, 153.00
834.46, 148.00
834.75, 143.00
835.03, 146.00
835.32, 149.00
835.61, 151.00
835.89, 157.00
836.18, 149.00
836.47, 149.00
836.75, 148.00
837.04, 152.00
837.33, 157.00
837.61, 148.00
837.90, 143.00
838.19, 145.00
838.47, 142.00
838.76, 146.00
839.04, 149.00
839.33, 146.00
839.62, 148.00
839.90, 148.00
840.19, 149.00
840.47, 146.00
840.76, 173.00
841.04, 148.00
841.33, 148.00
841.62, 143.00
841.90, 147.00
842.19, 151.00
842.47, 176.00
842.76, 148.00
843.04, 157.00
843.33, 179.00
843.61, 163.00
843.90, 165.00
844.18, 161.00
844.47, 161.00
844.75, 162.00
845.04, 158.00
845.32, 160.00
845.61, 155.00
845.89, 152.00
846.18, 154.00
846.46, 154.00
846.75, 154.00
847.03, 171.00
847.32, 151.00
847.60, 146.00
847.88, 148.00
848.17, 153.00
848.45, 168.00
848.74, 148.00
849.02, 150.00
849.31, 147.00
849.59, 144.00
849.87, 152.00
850.16, 146.00
850.44, 152.00
850.73, 176.00
851.01, 150.00
851.29, 152.00
851.58, 151.00
851.86, 145.00
852.14, 148.00
852.43, 150.00
852.71, 149.00
853.00, 153.00
853.28, 152.00
853.56, 151.00
853.85, 149.00
854.13, 151.00
854.41, 148.00
854.69, 148.00
854.98, 144.00
855.26, 199.00
855.54, 148.00
855.83, 151.00
856.11, 157.00
856.39, 153.00
856.68, 146.00
856.96, 149.00
857.24, 152.00
857.52, 153.00
857.81, 152.00
858.09, 144.00
858.37, 147.00
858.65, 146.00
858.94, 146.00
859.22, 153.00
