190.05, 0.00
190.41, 138.00
190.77, 135.00
191.14, 136.00
191.50, 142.00
191.86, 156.00
192.22, 151.00
192.58, 145.00
192.94, 146.00
193.31, 145.00
193.67, 143.00
194.03, 149.00
194.39, 140.00
194.75, 142.00
195.11, 148.00
195.47, 161.00
195.84, 146.00
196.20, 143.00
196.56, 159.00
196.92, 144.00
197.28, 149.00
197.64, 144.00
198.00, 141.00
198.37, 148.00
198.73, 145.00
199.09, 144.00
199.45, 146.00
199.81, 146.00
200.17, 149.00
200.53, 140.00
200.89, 147.00
201.25, 182.00
201.62, 141.00
201.98, 143.00
202.34, 144.00
202.70, 155.00
203.06, 140.00
203.42, 144.00
203.78, 143.00
204.14, 148.00
204.50, 170.00
204.86, 161.00
205.22, 156.00
205.58, 148.00
205.95, 146.00
206.31, 145.00
206.67, 152.00
207.03, 152.00
207.39, 153.00
207.75, 146.00
208.11, 141.00
208.47, 140.00
208.83, 149.00
209.19, 141.00
209.55, 142.00
209.91, 149.00
210.27, 151.00
210.63, 145.00
210.99, 147.00
211.35, 142.00
211.71, 148.00
212.07, 153.00
212.43, 151.00
212.79, 150.00
213.15, 146.00
213.51, 146.00
213.87, 148.00
214.23, 145.00
214.59, 141.00
214.95, 144.00
215.31, 146.00
215.67, 141.00
216.03, 171.00
216.39, 146.00
216.75, 148.00
217.11, 148.00
217.47, 147.00
217.83, 149.00
218.19, 146.00
218.55, 150.00
218.91, 150.00
219.27, 142.00
219.63, 144.00
219.99, 144.00
220.35, 143.00
220.71, 148.00
221.07, 146.00
221.43, 146.00
221.79, 144.00
222.15, 145.00
222.51, 145.00
222.87, 148.00
223.23, 146.00
223.59, 146.00
223.95, 145.00
224.31, 145.00
224.67, 142.00
225.03, 148.00
225.39, 146.00
225.74, 151.00
226.10, 143.00
226.46, 144.00
226.82, 147.00
227.18, 148.00
227.54, 149.00
227.90, 150.00
228.26, 148.00
228.62, 156.00
228.98, 144.00
229.34, 142.00
229.69, 141.00
230.05, 146.00
230.41, 145.00
230.77, 154.00
231.13, 159.00
231.49, 142.00
231.85, 145.00
232.21, 151.00
232.57, 151.00
232.92, 144.00
233.28, 147.00
233.64, 145.00
234.00, 146.00
234.36, 141.00
234.72, 142.00
235.08, 148.00
235.44, 150.00
235.79, 142.00
236.15, 147.00
236.51, 148.00
236.87, 146.00
237.23, 147.00
237.59, 145.00
237.94, 155.00
238.30, 152.00
238.66, 145.00
239.02, 139.00
239.38, 143.00
239.74, 142.00
240.09, 151.00
240.45, 147.00
240.81, 145.00
241.17, 151.00
241.53, 147.00
241.89, 148.00
242.24, 141.00
242.60, 148.00
242.96, 154.00
243.32, 149.00
243.68, 144.00
244.03, 149.00
244.39, 154.00
244.75, 164.00
245.11, 148.00
245.46, 152.00
245.82, 177.00
246.18, 144.00
246.54, 146.00
246.90, 141.00
247.25, 145.00
247.61, 146.00
247.97, 183.00
248.33, 146.00
248.68, 146.00
249.04, 143.00
249.40, 143.00
249.76, 147.00
250.11, 142.00
250.47, 144.00
250.83, 146.00
251.19, 149.00
251.54, 156.00
251.90, 149.00
252.26, 146.00
252.62, 143.00
252.97, 151.00
253.33, 145.00
253.69, 148.00
254.05, 149.00
254.40, 140.00
254.76, 140.00
255.12, 172.00
255.47, 152.00
255.83, 151.00
256.19, 147.00
256.54, 146.00
256.90, 147.00
257.26, 150.00
257.62, 146.00
257.97, 152.00
258.33, 153.00
258.69, 145.00
259.04, 144.00
259.40, 145.00
259.76, 154.00
260.11, 149.00
260.47, 142.00
260.83, 149.00
261.18, 145.00
261.54, 153.00
261.90, 149.00
262.25, 141.00
262.61, 145.00
262.97, 144.00
263.32, 141.00
263.68, 138.00
264.04, 150.00
264.39, 143.00
264.75, 145.00
265.10, 149.00
265.46, 196.00
265.82, 157.00
266.17, 144.00
266.53, 143.00
266.89, 151.00
267.24, 153.00
267.60, 149.00
267.95, 147.00
268.31, 143.00
268.67, 146.00
269.02, 149.00
269.38, 146.00
269.74, 155.00
270.09, 152.00
270.45, 149.00
270.80, 167.00
271.16, 153.00
271.51, 153.00
271.87, 157.00
272.23, 160.00
272.58, 158.00
272.94, 145.00
273.29, 145.00
273.65, 191.00
274.00, 146.00
274.36, 151.00
274.72, 145.00
275.07, 145.00
275.43, 146.00
275.78, 153.00
276.14, 147.00
276.49, 151.00
276.85, 161.00
277.20, 168.00
277.56, 149.00
277.92, 146.00
278.27, 150.00
278.63, 149.00
278.98, 151.00
279.34, 152.00
279.69, 151.00
280.05, 176.00
280.40, 160.00
280.76, 169.00
281.11, 161.00
281.47, 159.00
281.82, 162.00
282.18, 163.00
282.53, 170.00
282.89, 179.00
283.24, 185.00
283.60, 175.00
283.95, 177.00
284.31, 182.00
284.66, 195.00
285.02, 187.00
285.37, 188.00
285.73, 186.00
286.08, 190.00
286.44, 167.00
286.79, 170.00
287.14, 160.00
287.50, 164.00
287.85, 155.00
288.21, 164.00
288.56, 164.00
288.92, 163.00
289.27, 167.00
289.63, 166.00
289.98, 170.00
290.34, 163.00
290.69, 170.00
291.04, 166.00
291.40, 159.00
291.75, 158.00
292.11, 164.00
292.46, 160.00
292.81, 168.00
293.17, 165.00
293.52, 184.00
293.88, 186.00
294.23, 199.00
294.59, 221.00
294.94, 241.00
295.29, 253.00
295.65, 268.00
296.00, 279.00
296.36, 252.00
296.71, 244.00
297.06, 236.00
297.42, 246.00
297.77, 237.00
298.12, 225.00
298.48, 207.00
298.83, 205.00
299.19, 206.00
299.54, 214.00
299.89, 215.00
300.25, 212.00
300.60, 211.00
300.95, 190.00
301.31, 179.00
301.66, 174.00
302.01, 173.00
302.37, 176.00
302.72, 179.00
303.07, 178.00
303.43, 191.00
303.78, 196.00
304.13, 208.00
304.49, 214.00
304.84, 208.00
305.19, 245.00
305.55, 206.00
305.90, 244.00
306.25, 342.00
306.61, 490.00
306.96, 620.00
307.31, 818.00
307.66, 1148.00
308.02, 1530.00
308.37, 1863.00
308.72, 2088.00
309.08, 2150.00
309.43, 1999.00
309.78, 1686.00
310.13, 1446.00
310.49, 1243.00
310.84, 987.00
311.19, 883.00
311.54, 741.00
311.90, 634.00
312.25, 574.00
312.60, 579.00
312.95, 679.00
313.31, 760.00
313.66, 764.00
314.01, 750.00
314.36, 773.00
314.72, 906.00
315.07, 1187.00
315.42, 1403.00
315.77, 1466.00
316.13, 1190.00
316.48, 770.00
316.83, 514.00
317.18, 366.00
317.54, 286.00
317.89, 239.00
318.24, 233.00
318.59, 219.00
318.94, 206.00
319.30, 210.00
319.65, 216.00
320.00, 220.00
320.35, 220.00
320.70, 216.00
321.05, 214.00
321.41, 219.00
321.76, 216.00
322.11, 206.00
322.46, 204.00
322.81, 237.00
323.17, 192.00
323.52, 187.00
323.87, 190.00
324.22, 191.00
324.57, 195.00
324.92, 209.00
325.27, 221.00
325.63, 234.00
325.98, 239.00
326.33, 265.00
326.68, 265.00
327.03, 253.00
327.38, 253.00
327.73, 272.00
328.09, 288.00
328.44, 318.00
328.79, 273.00
329.14, 290.00
329.49, 241.00
329.84, 241.00
330.19, 254.00
330.54, 249.00
330.89, 253.00
331.25, 231.00
331.60, 227.00
331.95, 226.00
332.30, 228.00
332.65, 244.00
333.00, 266.00
333.35, 340.00
333.70, 363.00
334.05, 349.00
334.40, 397.00
334.75, 469.00
335.10, 685.00
335.45, 1024.00
335.81, 1481.00
336.16, 2128.00
336.51, 2936.00
336.86, 2986.00
337.21, 2619.00
337.56, 1596.00
337.91, 945.00
338.26, 563.00
338.61, 364.00
338.96, 282.00
339.31, 242.00
339.66, 227.00
340.01, 232.00
340.36, 212.00
340.71, 203.00
341.06, 194.00
341.41, 205.00
341.76, 203.00
342.11, 197.00
342.46, 203.00
342.81, 205.00
343.16, 203.00
343.51, 212.00
343.86, 209.00
344.21, 211.00
344.56, 210.00
344.91, 207.00
345.26, 215.00
345.61, 208.00
345.96, 210.00
346.31, 209.00
346.66, 226.00
347.01, 208.00
347.36, 230.00
347.71, 207.00
348.06, 210.00
348.41, 233.00
348.76, 254.00
349.10, 268.00
349.45, 293.00
349.80, 287.00
350.15, 284.00
350.50, 269.00
350.85, 281.00
351.20, 297.00
351.55, 365.00
351.90, 460.00
352.25, 582.00
352.60, 769.00
352.95, 1027.00
353.30, 1085.00
353.64, 975.00
353.99, 721.00
354.34, 580.00
354.69, 509.00
355.04, 537.00
355.39, 655.00
355.74, 873.00
356.09, 1166.00
356.44, 1509.00
356.78, 2073.00
357.13, 2408.00
357.48, 2297.00
357.83, 1763.00
358.18, 1093.00
358.53, 690.00
358.88, 404.00
359.22, 288.00
359.57, 233.00
359.92, 215.00
360.27, 216.00
360.62, 211.00
360.97, 212.00
361.32, 208.00
361.66, 211.00
362.01, 210.00
362.36, 216.00
362.71, 223.00
363.06, 224.00
363.40, 232.00
363.75, 235.00
364.10, 241.00
364.45, 227.00
364.80, 233.00
365.14, 230.00
365.49, 244.00
365.84, 248.00
366.19, 272.00
366.54, 285.00
366.88, 297.00
367.23, 261.00
367.58, 289.00
367.93, 231.00
368.28, 223.00
368.62, 236.00
368.97, 260.00
369.32, 290.00
369.67, 312.00
370.01, 411.00
370.36, 433.00
370.71, 461.00
371.06, 386.00
371.40, 331.00
371.75, 278.00
372.10, 260.00
372.45, 258.00
372.79, 291.00
373.14, 340.00
373.49, 398.00
373.83, 501.00
374.18, 647.00
374.53, 831.00
374.88, 941.00
375.22, 951.00
375.57, 739.00
375.92, 539.00
376.26, 397.00
376.61, 313.00
376.96, 272.00
377.30, 285.00
377.65, 325.00
378.00, 381.00
378.35, 467.00
378.69, 591.00
379.04, 747.00
379.39, 1001.00
379.73, 1219.00
380.08, 1219.00
380.43, 927.00
380.77, 639.00
381.12, 512.00
381.47, 384.00
381.81, 293.00
382.16, 246.00
382.50, 234.00
382.85, 300.00
383.20, 227.00
383.54, 226.00
383.89, 240.00
384.24, 245.00
384.58, 269.00
384.93, 312.00
385.27, 304.00
385.62, 301.00
385.97, 300.00
386.31, 282.00
386.66, 301.00
387.00, 290.00
387.35, 308.00
387.70, 334.00
388.04, 445.00
388.39, 463.00
388.73, 571.00
389.08, 631.00
389.43, 729.00
389.77, 800.00
390.12, 950.00
390.46, 1290.00
390.81, 1434.00
391.15, 1367.00
391.50, 1072.00
391.85, 713.00
392.19, 544.00
392.54, 427.00
392.88, 364.00
393.23, 408.00
393.57, 407.00
393.92, 410.00
394.26, 350.00
394.61, 289.00
394.95, 258.00
395.30, 232.00
395.64, 221.00
395.99, 258.00
396.33, 236.00
396.68, 246.00
397.02, 265.00
397.37, 303.00
397.71, 332.00
398.06, 399.00
398.40, 455.00
398.75, 558.00
399.09, 607.00
399.44, 605.00
399.78, 491.00
400.13, 390.00
400.47, 302.00
400.82, 248.00
401.16, 227.00
401.51, 232.00
401.85, 226.00
402.20, 227.00
402.54, 244.00
402.88, 267.00
403.23, 282.00
403.57, 308.00
403.92, 355.00
404.26, 463.00
404.61, 469.00
404.95, 579.00
405.30, 535.00
405.64, 490.00
405.98, 421.00
406.33, 343.00
406.67, 273.00
407.02, 247.00
407.36, 254.00
407.70, 246.00
408.05, 253.00
408.39, 264.00
408.74, 278.00
409.08, 286.00
409.42, 250.00
409.77, 251.00
410.11, 249.00
410.46, 236.00
410.80, 246.00
411.14, 244.00
411.49, 269.00
411.83, 272.00
412.17, 274.00
412.52, 296.00
412.86, 305.00
413.20, 330.00
413.55, 334.00
413.89, 301.00
414.23, 288.00
414.58, 298.00
414.92, 245.00
415.26, 243.00
415.61, 234.00
415.95, 242.00
416.29, 244.00
416.64, 250.00
416.98, 263.00
417.32, 267.00
417.67, 297.00
418.01, 313.00
418.35, 326.00
418.70, 375.00
419.04, 430.00
419.38, 406.00
419.72, 402.00
420.07, 348.00
420.41, 286.00
420.75, 261.00
421.10, 246.00
421.44, 238.00
421.78, 241.00
422.12, 242.00
422.47, 257.00
422.81, 274.00
423.15, 282.00
423.49, 285.00
423.84, 268.00
424.18, 296.00
424.52, 303.00
424.86, 358.00
425.21, 433.00
425.55, 469.00
425.89, 541.00
426.23, 611.00
426.57, 702.00
426.92, 703.00
427.26, 732.00
427.60, 626.00
427.94, 462.00
428.28, 361.00
428.63, 299.00
428.97, 259.00
429.31, 242.00
429.65, 232.00
429.99, 235.00
430.34, 233.00
430.68, 231.00
431.02, 244.00
431.36, 234.00
431.70, 241.00
432.04, 255.00
432.39, 265.00
432.73, 285.00
433.07, 292.00
433.41, 323.00
433.75, 332.00
434.09, 332.00
434.43, 316.00
434.78, 363.00
435.12, 395.00
435.46, 429.00
435.80, 399.00
436.14, 358.00
436.48, 308.00
436.82, 299.00
437.16, 279.00
437.51, 268.00
437.85, 258.00
438.19, 293.00
438.53, 257.00
438.87, 267.00
439.21, 264.00
439.55, 274.00
439.89, 280.00
440.23, 287.00
440.57, 304.00
440.91, 312.00
441.26, 286.00
441.60, 271.00
441.94, 265.00
442.28, 256.00
442.62, 257.00
442.96, 240.00
443.30, 247.00
443.64, 248.00
443.98, 235.00
444.32, 251.00
444.66, 235.00
445.00, 247.00
445.34, 252.00
445.68, 254.00
446.02, 255.00
446.36, 254.00
446.70, 253.00
447.04, 252.00
447.38, 279.00
447.72, 277.00
448.06, 293.00
448.40, 279.00
448.74, 271.00
449.08, 264.00
449.42, 245.00
449.76, 247.00
450.10, 244.00
450.44, 240.00
450.78, 241.00
451.12, 252.00
451.46, 250.00
451.80, 249.00
452.14, 230.00
452.48, 229.00
452.82, 236.00
453.16, 239.00
453.50, 249.00
453.84, 235.00
454.18, 279.00
454.52, 261.00
454.86, 266.00
455.19, 279.00
455.53, 263.00
455.87, 268.00
456.21, 288.00
456.55, 285.00
456.89, 284.00
457.23, 273.00
457.57, 269.00
457.91, 266.00
458.25, 265.00
458.59, 272.00
458.92, 290.00
459.26, 276.00
459.60, 289.00
459.94, 277.00
460.28, 254.00
460.62, 256.00
460.96, 247.00
461.30, 233.00
461.63, 245.00
461.97, 248.00
462.31, 242.00
462.65, 255.00
462.99, 267.00
463.33, 261.00
463.67, 274.00
464.00, 272.00
464.34, 275.00
464.68, 272.00
465.02, 293.00
465.36, 296.00
465.70, 274.00
466.03, 284.00
466.37, 265.00
466.71, 263.00
467.05, 281.00
467.39, 279.00
467.72, 289.00
468.06, 300.00
468.40, 320.00
468.74, 317.00
469.08, 315.00
469.41, 341.00
469.75, 363.00
470.09, 381.00
470.43, 392.00
470.76, 348.00
471.10, 347.00
471.44, 329.00
471.78, 320.00
472.11, 309.00
472.45, 307.00
472.79, 292.00
473.13, 291.00
473.46, 290.00
473.80, 286.00
474.14, 271.00
474.48, 276.00
474.81, 276.00
475.15, 263.00
475.49, 279.00
475.82, 281.00
476.16, 278.00
476.50, 271.00
476.84, 273.00
477.17, 274.00
477.51, 275.00
477.85, 268.00
478.18, 289.00
478.52, 268.00
478.86, 331.00
479.19, 291.00
479.53, 283.00
479.87, 335.00
480.20, 299.00
480.54, 298.00
480.88, 290.00
481.21, 293.00
481.55, 299.00
481.89, 294.00
482.22, 289.00
482.56, 295.00
482.90, 306.00
483.23, 301.00
483.57, 308.00
483.90, 314.00
484.24, 320.00
484.58, 321.00
484.91, 332.00
485.25, 349.00
485.58, 356.00
485.92, 349.00
486.26, 360.00
486.59, 365.00
486.93, 362.00
487.26, 372.00
487.60, 370.00
487.94, 369.00
488.27, 361.00
488.61, 353.00
488.94, 353.00
489.28, 349.00
489.61, 357.00
489.95, 358.00
490.29, 349.00
490.62, 367.00
490.96, 360.00
491.29, 364.00
491.63, 352.00
491.96, 340.00
492.30, 340.00
492.63, 339.00
492.97, 328.00
493.30, 342.00
493.64, 333.00
493.97, 332.00
494.31, 321.00
494.64, 343.00
494.98, 339.00
495.31, 329.00
495.65, 323.00
495.98, 329.00
496.32, 325.00
496.65, 350.00
496.99, 316.00
497.32, 308.00
497.66, 301.00
497.99, 302.00
498.33, 300.00
498.66, 299.00
499.00, 306.00
499.33, 297.00
499.67, 291.00
500.00, 297.00
500.34, 299.00
500.67, 306.00
501.00, 290.00
501.34, 295.00
501.67, 286.00
502.01, 297.00
502.34, 286.00
502.68, 308.00
503.01, 299.00
503.34, 303.00
503.68, 295.00
504.01, 299.00
504.35, 305.00
504.68, 310.00
505.01, 306.00
505.35, 303.00
505.68, 307.00
506.02, 312.00
506.35, 310.00
506.68, 322.00
507.02, 310.00
507.35, 304.00
507.68, 298.00
508.02, 302.00
508.35, 313.00
508.69, 295.00
509.02, 287.00
509.35, 289.00
509.69, 286.00
510.02, 294.00
510.35, 295.00
510.69, 286.00
511.02, 287.00
511.35, 284.00
511.69, 280.00
512.02, 285.00
512.35, 281.00
512.68, 286.00
513.02, 288.00
513.35, 276.00
513.68, 279.00
514.02, 292.00
514.35, 285.00
514.68, 280.00
515.01, 285.00
515.35, 286.00
515.68, 279.00
516.01, 270.00
516.35, 274.00
516.68, 268.00
517.01, 269.00
517.34, 276.00
517.68, 273.00
518.01, 283.00
518.34, 270.00
518.67, 271.00
519.01, 277.00
519.34, 281.00
519.67, 289.00
520.00, 276.00
520.33, 283.00
520.67, 280.00
521.00, 282.00
521.33, 282.00
521.66, 300.00
522.00, 290.00
522.33, 292.00
522.66, 281.00
522.99, 277.00
523.32, 287.00
523.65, 282.00
523.99, 280.00
524.32, 281.00
524.65, 273.00
524.98, 281.00
525.31, 270.00
525.65, 314.00
525.98, 277.00
526.31, 279.00
526.64, 285.00
526.97, 276.00
527.30, 269.00
527.63, 267.00
527.97, 270.00
528.30, 260.00
528.63, 274.00
528.96, 294.00
529.29, 266.00
529.62, 275.00
529.95, 270.00
530.28, 266.00
530.61, 272.00
530.95, 260.00
531.28, 269.00
531.61, 272.00
531.94, 279.00
532.27, 286.00
532.60, 283.00
532.93, 285.00
533.26, 280.00
533.59, 273.00
533.92, 275.00
534.25, 256.00
534.58, 306.00
534.91, 263.00
535.25, 267.00
535.58, 266.00
535.91, 258.00
536.24, 273.00
536.57, 281.00
536.90, 280.00
537.23, 276.00
537.56, 320.00
537.89, 299.00
538.22, 288.00
538.55, 293.00
538.88, 308.00
539.21, 431.00
539.54, 326.00
539.87, 337.00
540.20, 358.00
540.53, 389.00
540.86, 461.00
541.19, 468.00
541.52, 510.00
541.85, 528.00
542.18, 540.00
542.51, 560.00
542.84, 563.00
543.17, 576.00
543.50, 549.00
543.82, 531.00
544.15, 539.00
544.48, 538.00
544.81, 560.00
545.14, 601.00
545.47, 568.00
545.80, 546.00
546.13, 463.00
546.46, 463.00
546.79, 423.00
547.12, 383.00
547.45, 360.00
547.78, 368.00
548.10, 342.00
548.43, 346.00
548.76, 334.00
549.09, 334.00
549.42, 325.00
549.75, 333.00
550.08, 322.00
550.41, 318.00
550.74, 322.00
551.06, 310.00
551.39, 324.00
551.72, 310.00
552.05, 291.00
552.38, 294.00
552.71, 301.00
553.03, 294.00
553.36, 290.00
553.69, 280.00
554.02, 271.00
554.35, 285.00
554.68, 274.00
555.00, 276.00
555.33, 269.00
555.66, 265.00
555.99, 280.00
556.32, 271.00
556.64, 270.00
556.97, 276.00
557.30, 272.00
557.63, 280.00
557.96, 272.00
558.28, 275.00
558.61, 276.00
558.94, 276.00
559.27, 264.00
559.59, 265.00
559.92, 263.00
560.25, 262.00
560.58, 264.00
560.90, 265.00
561.23, 249.00
561.56, 256.00
561.89, 259.00
562.21, 253.00
562.54, 248.00
562.87, 251.00
563.20, 248.00
563.52, 245.00
563.85, 241.00
564.18, 253.00
564.50, 246.00
564.83, 268.00
565.16, 289.00
565.48, 236.00
565.81, 241.00
566.14, 231.00
566.47, 230.00
566.79, 238.00
567.12, 231.00
567.45, 260.00
567.77, 232.00
568.10, 232.00
568.43, 234.00
568.75, 231.00
569.08, 231.00
569.40, 260.00
569.73, 233.00
570.06, 237.00
570.38, 232.00
570.71, 229.00
571.04, 232.00
571.36, 234.00
571.69, 238.00
572.01, 242.00
572.34, 236.00
572.67, 244.00
572.99, 237.00
573.32, 254.00
573.64, 235.00
573.97, 237.00
574.30, 235.00
574.62, 240.00
574.95, 235.00
575.27, 246.00
575.60, 249.00
575.92, 247.00
576.25, 258.00
576.58, 261.00
576.90, 252.00
577.23, 293.00
577.55, 253.00
577.88, 254.00
578.20, 261.00
578.53, 271.00
578.85, 282.00
579.18, 277.00
579.50, 273.00
579.83, 272.00
580.15, 274.00
580.48, 270.00
580.80, 268.00
581.13, 270.00
581.45, 269.00
581.78, 272.00
582.10, 280.00
582.43, 284.00
582.75, 299.00
583.08, 290.00
583.40, 284.00
583.73, 356.00
584.05, 291.00
584.38, 279.00
584.70, 329.00
585.03, 275.00
585.35, 283.00
585.67, 292.00
586.00, 295.00
586.32, 329.00
586.65, 340.00
586.97, 335.00
587.30, 334.00
587.62, 313.00
587.94, 323.00
588.27, 293.00
588.59, 287.00
588.92, 282.00
589.24, 278.00
589.56, 283.00
589.89, 283.00
590.21, 273.00
590.54, 269.00
590.86, 273.00
591.18, 266.00
591.51, 278.00
591.83, 290.00
592.15, 287.00
592.48, 290.00
592.80, 299.00
593.13, 289.00
593.45, 294.00
593.77, 288.00
594.10, 288.00
594.42, 286.00
594.74, 283.00
595.07, 287.00
595.39, 277.00
595.71, 276.00
596.03, 285.00
596.36, 284.00
596.68, 284.00
597.00, 281.00
597.33, 298.00
597.65, 297.00
597.97, 301.00
598.30, 298.00
598.62, 303.00
598.94, 293.00
599.26, 298.00
599.59, 293.00
599.91, 304.00
600.23, 283.00
600.55, 279.00
600.88, 287.00
601.20, 261.00
601.52, 266.00
601.84, 251.00
602.17, 257.00
602.49, 249.00
602.81, 242.00
603.13, 240.00
603.45, 240.00
603.78, 248.00
604.10, 238.00
604.42, 238.00
604.74, 235.00
605.07, 239.00
605.39, 234.00
605.71, 244.00
606.03, 241.00
606.35, 236.00
606.67, 245.00
607.00, 241.00
607.32, 239.00
607.64, 246.00
607.96, 240.00
608.28, 250.00
608.60, 262.00
608.93, 265.00
609.25, 304.00
609.57, 363.00
609.89, 448.00
610.21, 522.00
610.53, 568.00
610.85, 553.00
611.17, 524.00
611.50, 476.00
611.82, 452.00
612.14, 434.00
612.46, 385.00
612.78, 378.00
613.10, 354.00
613.42, 331.00
613.74, 332.00
614.06, 354.00
614.38, 324.00
614.70, 328.00
615.03, 334.00
615.35, 302.00
615.67, 388.00
615.99, 273.00
616.31, 261.00
616.63, 259.00
616.95, 252.00
617.27, 247.00
617.59, 253.00
617.91, 237.00
618.23, 242.00
618.55, 235.00
618.87, 234.00
619.19, 240.00
619.51, 231.00
619.83, 243.00
620.15, 234.00
620.47, 234.00
620.79, 239.00
621.11, 246.00
621.43, 235.00
621.75, 239.00
622.07, 243.00
622.39, 235.00
622.71, 233.00
623.03, 236.00
623.35, 282.00
623.67, 240.00
623.99, 230.00
624.31, 229.00
624.63, 237.00
624.95, 233.00
625.26, 227.00
625.58, 227.00
625.90, 247.00
626.22, 228.00
626.54, 235.00
626.86, 238.00
627.18, 230.00
627.50, 227.00
627.82, 230.00
628.14, 235.00
628.46, 238.00
628.77, 234.00
629.09, 249.00
629.41, 251.00
629.73, 262.00
630.05, 275.00
630.37, 259.00
630.69, 266.00
631.00, 268.00
631.32, 256.00
631.64, 244.00
631.96, 245.00
632.28, 236.00
632.60, 243.00
632.92, 233.00
633.23, 236.00
633.55, 232.00
633.87, 234.00
634.19, 234.00
634.51, 238.00
634.82, 249.00
635.14, 252.00
635.46, 253.00
635.78, 252.00
636.10, 248.00
636.41, 251.00
636.73, 256.00
637.05, 243.00
637.37, 248.00
637.68, 246.00
638.00, 246.00
638.32, 245.00
638.64, 254.00
638.95, 267.00
639.27, 253.00
639.59, 254.00
639.91, 242.00
640.22, 238.00
640.54, 240.00
640.86, 238.00
641.18, 245.00
641.49, 266.00
641.81, 259.00
642.13, 254.00
642.44, 249.00
642.76, 247.00
643.08, 255.00
643.40, 248.00
643.71, 260.00
644.03, 267.00
644.35, 261.00
644.66, 266.00
644.98, 265.00
645.30, 257.00
645.61, 277.00
645.93, 256.00
646.25, 243.00
646.56, 241.00
646.88, 269.00
647.19, 230.00
647.51, 237.00
647.83, 233.00
648.14, 232.00
648.46, 233.00
648.78, 240.00
649.09, 250.00
649.41, 286.00
649.72, 266.00
650.04, 279.00
650.36, 273.00
650.67, 281.00
650.99, 278.00
651.30, 279.00
651.62, 278.00
651.93, 283.00
652.25, 300.00
652.57, 320.00
652.88, 276.00
653.20, 276.00
653.51, 278.00
653.83, 265.00
654.14, 248.00
654.46, 247.00
654.77, 257.00
655.09, 267.00
655.40, 266.00
655.72, 259.00
656.04, 249.00
656.35, 252.00
656.67, 244.00
656.98, 246.00
657.30, 244.00
657.61, 264.00
657.93, 254.00
658.24, 250.00
658.55, 293.00
658.87, 253.00
659.18, 258.00
659.50, 251.00
659.81, 264.00
660.13, 263.00
660.44, 268.00
660.76, 260.00
661.07, 274.00
661.39, 255.00
661.70, 249.00
662.01, 239.00
662.33, 238.00
662.64, 230.00
662.96, 228.00
663.27, 220.00
663.59, 214.00
663.90, 213.00
664.21, 214.00
664.53, 235.00
664.84, 219.00
665.16, 243.00
665.47, 224.00
665.78, 229.00
666.10, 238.00
666.41, 240.00
666.72, 239.00
667.04, 241.00
667.35, 241.00
667.67, 235.00
667.98, 241.00
668.29, 237.00
668.61, 235.00
668.92, 232.00
669.23, 235.00
669.55, 239.00
669.86, 251.00
670.17, 218.00
670.48, 214.00
670.80, 215.00
671.11, 218.00
671.42, 214.00
671.74, 218.00
672.05, 210.00
672.36, 223.00
672.68, 221.00
672.99, 224.00
673.30, 230.00
673.61, 246.00
673.93, 241.00
674.24, 249.00
674.55, 252.00
674.86, 264.00
675.18, 266.00
675.49, 264.00
675.80, 261.00
676.11, 268.00
676.43, 271.00
676.74, 267.00
677.05, 271.00
677.36, 277.00
677.67, 259.00
677.99, 258.00
678.30, 238.00
678.61, 241.00
678.92, 230.00
679.23, 223.00
679.55, 216.00
679.86, 212.00
680.17, 204.00
680.48, 210.00
680.79, 207.00
681.10, 192.00
681.42, 202.00
681.73, 195.00
682.04, 193.00
682.35, 193.00
682.66, 199.00
682.97, 193.00
683.28, 204.00
683.60, 205.00
683.91, 200.00
684.22, 223.00
684.53, 199.00
684.84, 197.00
685.15, 200.00
685.46, 219.00
685.77, 195.00
686.08, 195.00
686.40, 235.00
686.71, 201.00
687.02, 193.00
687.33, 190.00
687.64, 188.00
687.95, 183.00
688.26, 183.00
688.57, 187.00
688.88, 182.00
689.19, 176.00
689.50, 182.00
689.81, 180.00
690.12, 172.00
690.43, 187.00
690.74, 174.00
691.05, 175.00
691.36, 194.00
691.67, 171.00
691.98, 179.00
692.29, 172.00
692.60, 179.00
692.91, 178.00
693.22, 169.00
693.53, 174.00
693.84, 179.00
694.15, 171.00
694.46, 171.00
694.77, 175.00
695.08, 181.00
695.39, 184.00
695.70, 177.00
696.01, 176.00
696.32, 178.00
696.63, 174.00
696.94, 176.00
697.25, 167.00
697.56, 177.00
697.87, 179.00
698.17, 215.00
698.48, 176.00
698.79, 174.00
699.10, 173.00
699.41, 176.00
699.72, 176.00
700.03, 172.00
700.34, 176.00
700.65, 177.00
700.95, 168.00
701.26, 180.00
701.57, 173.00
701.88, 170.00
702.19, 184.00
702.50, 176.00
702.81, 170.00
703.11, 193.00
703.42, 170.00
703.73, 179.00
704.04, 182.00
704.35, 176.00
704.66, 189.00
704.96, 220.00
705.27, 247.00
705.58, 269.00
705.89, 257.00
706.20, 246.00
706.50, 226.00
706.81, 221.00
707.12, 208.00
707.43, 207.00
707.73, 206.00
708.04, 189.00
708.35, 183.00
708.66, 184.00
708.97, 174.00
709.27, 182.00
709.58, 175.00
709.89, 178.00
710.19, 174.00
710.50, 183.00
710.81, 180.00
711.12, 184.00
711.42, 184.00
711.73, 194.00
712.04, 178.00
712.35, 179.00
712.65, 182.00
712.96, 180.00
713.27, 180.00
713.57, 196.00
713.88, 192.00
714.19, 172.00
714.49, 173.00
714.80, 177.00
715.11, 175.00
715.41, 173.00
715.72, 171.00
716.03, 168.00
716.33, 178.00
716.64, 168.00
716.94, 179.00
717.25, 166.00
717.56, 177.00
717.86, 170.00
718.17, 172.00
718.48, 167.00
718.78, 170.00
719.09, 168.00
719.39, 169.00
719.70, 171.00
720.01, 169.00
720.31, 166.00
720.62, 170.00
720.92, 168.00
721.23, 177.00
721.53, 174.00
721.84, 175.00
722.15, 180.00
722.45, 174.00
722.76, 178.00
723.06, 180.00
723.37, 176.00
723.67, 170.00
723.98, 175.00
724.28, 176.00
724.59, 180.00
724.89, 178.00
725.20, 175.00
725.50, 189.00
725.81, 172.00
726.11, 175.00
726.42, 176.00
726.72, 173.00
727.03, 206.00
727.33, 172.00
727.64, 175.00
727.94, 164.00
728.25, 173.00
728.55, 167.00
728.86, 187.00
729.16, 161.00
729.46, 162.00
729.77, 163.00
730.07, 164.00
730.38, 165.00
730.68, 164.00
730.99, 182.00
731.29, 168.00
731.59, 173.00
731.90, 166.00
732.20, 166.00
732.51, 174.00
732.81, 166.00
733.11, 180.00
733.42, 181.00
733.72, 180.00
734.02, 179.00
734.33, 171.00
734.63, 170.00
734.94, 173.00
735.24, 173.00
735.54, 173.00
735.85, 177.00
736.15, 172.00
736.45, 172.00
736.76, 175.00
737.06, 170.00
737.36, 175.00
737.67, 170.00
737.97, 172.00
738.27, 169.00
738.57, 164.00
738.88, 170.00
739.18, 210.00
739.48, 167.00
739.79, 170.00
740.09, 170.00
740.39, 172.00
740.69, 177.00
741.00, 171.00
741.30, 178.00
741.60, 171.00
741.90, 173.00
742.21, 176.00
742.51, 223.00
742.81, 180.00
743.11, 183.00
743.42, 205.00
743.72, 192.00
744.02, 201.00
744.32, 202.00
744.63, 207.00
744.93, 209.00
745.23, 222.00
745.53, 217.00
745.83, 218.00
746.13, 213.00
746.44, 209.00
746.74, 215.00
747.04, 214.00
747.34, 221.00
747.64, 221.00
747.94, 218.00
748.25, 217.00
748.55, 218.00
748.85, 216.00
749.15, 219.00
749.45, 242.00
749.75, 215.00
750.05, 200.00
750.35, 189.00
750.66, 197.00
750.96, 196.00
751.26, 180.00
751.56, 175.00
751.86, 183.00
752.16, 167.00
752.46, 169.00
752.76, 172.00
753.06, 162.00
753.36, 209.00
753.66, 167.00
753.96, 170.00
754.27, 176.00
754.57, 162.00
754.87, 175.00
755.17, 176.00
755.47, 176.00
755.77, 174.00
756.07, 184.00
756.37, 190.00
756.67, 187.00
756.97, 188.00
757.27, 194.00
757.57, 192.00
757.87, 188.00
758.17, 195.00
758.47, 198.00
758.77, 199.00
759.07, 192.00
759.37, 193.00
759.67, 195.00
759.97, 195.00
760.27, 192.00
760.57, 188.00
760.86, 189.00
761.16, 186.00
761.46, 182.00
761.76, 213.00
762.06, 176.00
762.36, 187.00
762.66, 176.00
762.96, 172.00
763.26, 177.00
763.56, 194.00
763.86, 171.00
764.16, 165.00
764.45, 172.00
764.75, 168.00
765.05, 170.00
765.35, 161.00
765.65, 162.00
765.95, 166.00
766.25, 169.00
766.55, 167.00
766.84, 168.00
767.14, 169.00
767.44, 171.00
767.74, 177.00
768.04, 174.00
768.34, 171.00
768.63, 176.00
768.93, 181.00
769.23, 190.00
769.53, 184.00
769.83, 186.00
770.12, 177.00
770.42, 180.00
770.72, 180.00
771.02, 180.00
771.32, 185.00
771.61, 180.00
771.91, 187.00
772.21, 183.00
772.51, 185.00
772.80, 186.00
773.10, 178.00
773.40, 182.00
773.70, 180.00
773.99, 184.00
774.29, 183.00
774.59, 186.00
774.88, 186.00
775.18, 193.00
775.48, 335.00
775.78, 654.00
776.07, 922.00
776.37, 1008.00
776.67, 867.00
776.96, 612.00
777.26, 507.00
777.56, 386.00
777.85, 340.00
778.15, 309.00
778.45, 296.00
778.74, 250.00
779.04, 226.00
779.34, 196.00
779.63, 179.00
779.93, 160.00
780.22, 157.00
780.52, 156.00
780.82, 154.00
781.11, 155.00
781.41, 161.00
781.71, 153.00
782.00, 154.00
782.30, 160.00
782.59, 168.00
782.89, 160.00
783.19, 160.00
783.48, 154.00
783.78, 153.00
784.07, 162.00
784.37, 157.00
784.66, 151.00
784.96, 144.00
785.25, 155.00
785.55, 154.00
785.84, 149.00
786.14, 154.00
786.44, 151.00
786.73, 152.00
787.03, 153.00
787.32, 150.00
787.62, 158.00
787.91, 155.00
788.21, 149.00
788.50, 160.00
788.80, 153.00
789.09, 154.00
789.39, 158.00
789.68, 152.00
789.97, 157.00
790.27, 154.00
790.56, 153.00
790.86, 162.00
791.15, 155.00
791.45, 152.00
791.74, 173.00
792.04, 149.00
792.33, 147.00
792.62, 182.00
792.92, 148.00
793.21, 149.00
793.51, 156.00
793.80, 150.00
794.09, 148.00
794.39, 149.00
794.68, 157.00
794.98, 153.00
795.27, 151.00
795.56, 149.00
795.86, 159.00
796.15, 151.00
796.44, 155.00
796.74, 146.00
797.03, 145.00
797.32, 148.00
797.62, 149.00
797.91, 164.00
798.20, 149.00
798.50, 157.00
798.79, 161.00
799.08, 152.00
799.38, 151.00
799.67, 152.00
799.96, 158.00
800.26, 177.00
800.55, 150.00
800.84, 153.00
801.13, 147.00
801.43, 145.00
801.72, 190.00
802.01, 145.00
802.30, 151.00
802.60, 153.00
802.89, 157.00
803.18, 153.00
803.47, 150.00
803.77, 152.00
804.06, 153.00
804.35, 157.00
804.64, 169.00
804.94, 152.00
805.23, 147.00
805.52, 158.00
805.81, 149.00
806.10, 151.00
806.39, 158.00
806.69, 150.00
806.98, 150.00
807.27, 148.00
807.56, 156.00
807.85, 154.00
808.14, 150.00
808.44, 159.00
808.73, 154.00
809.02, 166.00
809.31, 148.00
809.60, 156.00
809.89, 158.00
810.18, 148.00
810.48, 160.00
810.77, 151.00
811.06, 149.00
811.35, 151.00
811.64, 157.00
811.93, 173.00
812.22, 151.00
812.51, 150.00
812.80, 144.00
813.09, 148.00
813.38, 144.00
813.67, 171.00
813.96, 151.00
814.26, 144.00
814.55, 147.00
814.84, 146.00
815.13, 152.00
815.42, 155.00
815.71, 154.00
816.00, 143.00
816.29, 157.00
816.58, 155.00
816.87, 152.00
817.16, 145.00
817.45, 149.00
817.74, 149.00
818.03, 146.00
818.32, 147.00
818.61, 155.00
818.90, 151.00
819.19, 151.00
819.48, 150.00
819.76, 153.00
820.05, 151.00
820.34, 150.00
820.63, 146.00
820.92, 152.00
821.21, 145.00
821.50, 148.00
821.79, 144.00
822.08, 147.00
822.37, 148.00
822.66, 145.00
822.95, 151.00
823.23, 146.00
823.52, 165.00
823.81, 148.00
824.10, 144.00
824.39, 154.00
824.68, 146.00
824.97, 166.00
825.26, 141.00
825.54, 191.00
825.83, 147.00
826.12, 148.00
826.41, 146.00
826.70, 143.00
826.99, 154.00
827.27, 145.00
827.56, 167.00
827.85, 143.00
828.14, 148.00
828.43, 153.00
828.71, 151.00
829.00, 147.00
829.29, 147.00
829.58, 148.00
829.86, 146.00
830.15, 144.00
830.44, 150.00
830.73, 147.00
831.01, 145.00
831.30, 150.00
831.59, 147.00
831.88, 150.00
832.16, 146.00
832.45, 151.00
832.74, 146.00
833.03, 146.00
833.31, 150.00
833.60, 149.00
833.89, 145.00
834.17, 149.00
834.46, 142.00
834.75, 149.00
835.03, 147.00
835.32, 146.00
835.61, 149.00
835.89, 159.00
836.18, 152.00
836.47, 153.00
836.75, 141.00
837.04, 151.00
837.33, 150.00
837.61, 151.00
837.90, 146.00
838.19, 146.00
838.47, 142.00
838.76, 143.00
839.04, 144.00
839.33, 148.00
839.62, 147.00
839.90, 144.00
840.19, 144.00
840.47, 147.00
840.76, 173.00
841.04, 148.00
841.33, 154.00
841.62, 152.00
841.90, 146.00
842.19, 146.00
842.47, 179.00
842.76, 145.00
843.04, 156.00
843.33, 179.00
843.61, 169.00
843.90, 165.00
844.18, 170.00
844.47, 171.00
844.75, 169.00
845.04, 166.00
845.32, 159.00
845.61, 156.00
845.89, 159.00
846.18, 155.00
846.46, 155.00
846.75, 152.00
847.03, 161.00
847.32, 152.00
847.60, 146.00
847.88, 151.00
848.17, 148.00
848.45, 168.00
848.74, 151.00
849.02, 146.00
849.31, 145.00
849.59, 144.00
849.87, 144.00
850.16, 149.00
850.44, 153.00
850.73, 179.00
851.01, 154.00
851.29, 145.00
851.58, 152.00
851.86, 149.00
852.14, 147.00
852.43, 152.00
852.71, 145.00
853.00, 145.00
853.28, 153.00
853.56, 145.00
853.85, 149.00
854.13, 143.00
854.41, 148.00
854.69, 143.00
854.98, 147.00
855.26, 205.00
855.54, 147.00
855.83, 146.00
856.11, 151.00
856.39, 146.00
856.68, 142.00
856.96, 146.00
857.24, 145.00
857.52, 153.00
857.81, 150.00
858.09, 148.00
858.37, 150.00
858.65, 148.00
858.94, 145.00
859.22, 149.00
