190.05, 0.00
190.41, 137.00
190.77, 134.00
191.14, 139.00
191.50, 137.00
191.86, 155.00
192.22, 147.00
192.58, 147.00
192.94, 148.00
193.31, 143.00
193.67, 146.00
194.03, 149.00
194.39, 145.00
194.75, 142.00
195.11, 155.00
195.47, 161.00
195.84, 146.00
196.20, 141.00
196.56, 160.00
196.92, 143.00
197.28, 149.00
197.64, 144.00
198.00, 142.00
198.37, 146.00
198.73, 140.00
199.09, 144.00
199.45, 144.00
199.81, 149.00
200.17, 152.00
200.53, 144.00
200.89, 151.00
201.25, 180.00
201.62, 144.00
201.98, 149.00
202.34, 144.00
202.70, 151.00
203.06, 148.00
203.42, 147.00
203.78, 144.00
204.14, 143.00
204.50, 168.00
204.86, 154.00
205.22, 157.00
205.58, 144.00
205.95, 141.00
206.31, 142.00
206.67, 147.00
207.03, 152.00
207.39, 152.00
207.75, 144.00
208.11, 148.00
208.47, 146.00
208.83, 148.00
209.19, 152.00
209.55, 146.00
209.91, 155.00
210.27, 148.00
210.63, 144.00
210.99, 157.00
211.35, 144.00
211.71, 149.00
212.07, 148.00
212.43, 148.00
212.79, 145.00
213.15, 146.00
213.51, 143.00
213.87, 147.00
214.23, 148.00
214.59, 143.00
214.95, 149.00
215.31, 148.00
215.67, 150.00
216.03, 171.00
216.39, 153.00
216.75, 145.00
217.11, 145.00
217.47, 148.00
217.83, 147.00
218.19, 149.00
218.55, 149.00
218.91, 149.00
219.27, 145.00
219.63, 143.00
219.99, 147.00
220.35, 146.00
220.71, 151.00
221.07, 144.00
221.43, 145.00
221.79, 144.00
222.15, 148.00
222.51, 147.00
222.87, 147.00
223.23, 141.00
223.59, 140.00
223.95, 144.00
224.31, 146.00
224.67, 152.00
225.03, 151.00
225.39, 156.00
225.74, 152.00
226.10, 147.00
226.46, 147.00
226.82, 147.00
227.18, 146.00
227.54, 147.00
227.90, 142.00
228.26, 152.00
228.62, 153.00
228.98, 140.00
229.34, 140.00
229.69, 148.00
230.05, 146.00
230.41, 144.00
230.77, 147.00
231.13, 150.00
231.49, 145.00
231.85, 139.00
232.21, 151.00
232.57, 148.00
232.92, 140.00
233.28, 143.00
233.64, 143.00
234.00, 146.00
234.36, 147.00
234.72, 141.00
235.08, 151.00
235.44, 155.00
235.79, 145.00
236.15, 148.00
236.51, 145.00
236.87, 143.00
237.23, 145.00
237.59, 145.00
237.94, 151.00
238.30, 143.00
238.66, 146.00
239.02, 147.00
239.38, 143.00
239.74, 145.00
240.09, 158.00
240.45, 145.00
240.81, 145.00
241.17, 150.00
241.53, 143.00
241.89, 134.00
242.24, 142.00
242.60, 142.00
242.96, 149.00
243.32, 147.00
243.68, 143.00
244.03, 150.00
244.39, 148.00
244.75, 167.00
245.11, 144.00
245.46, 151.00
245.82, 175.00
246.18, 144.00
246.54, 145.00
246.90, 148.00
247.25, 146.00
247.61, 145.00
247.97, 191.00
248.33, 147.00
248.68, 145.00
249.04, 150.00
249.40, 142.00
249.76, 146.00
250.11, 143.00
250.47, 146.00
250.83, 145.00
251.19, 150.00
251.54, 159.00
251.90, 152.00
252.26, 150.00
252.62, 146.00
252.97, 150.00
253.33, 151.00
253.69, 142.00
254.05, 147.00
254.40, 146.00
254.76, 142.00
255.12, 172.00
255.47, 149.00
255.83, 151.00
256.19, 147.00
256.54, 145.00
256.90, 146.00
257.26, 145.00
257.62, 147.00
257.97, 145.00
258.33, 146.00
258.69, 142.00
259.04, 142.00
259.40, 144.00
259.76, 150.00
260.11, 146.00
260.47, 150.00
260.83, 152.00
261.18, 145.00
261.54, 151.00
261.90, 150.00
262.25, 146.00
262.61, 144.00
262.97, 140.00
263.32, 144.00
263.68, 144.00
264.04, 148.00
264.39, 143.00
264.75, 144.00
265.10, 151.00
265.46, 190.00
265.82, 155.00
266.17, 139.00
266.53, 143.00
266.89, 147.00
267.24, 149.00
267.60, 143.00
267.95, 141.00
268.31, 144.00
268.67, 142.00
269.02, 142.00
269.38, 140.00
269.74, 156.00
270.09, 151.00
270.45, 144.00
270.80, 161.00
271.16, 151.00
271.51, 157.00
271.87, 154.00
272.23, 149.00
272.58, 153.00
272.94, 144.00
273.29, 145.00
273.65, 200.00
274.00, 147.00
274.36, 148.00
274.72, 143.00
275.07, 144.00
275.43, 146.00
275.78, 151.00
276.14, 145.00
276.49, 150.00
276.85, 157.00
277.20, 172.00
277.56, 149.00
277.92, 145.00
278.27, 151.00
278.63, 156.00
278.98, 144.00
279.34, 145.00
279.69, 147.00
280.05, 159.00
280.40, 149.00
280.76, 156.00
281.11, 149.00
281.47, 140.00
281.82, 150.00
282.18, 151.00
282.53, 157.00
282.89, 160.00
283.24, 155.00
283.60, 155.00
283.95, 158.00
284.31, 158.00
284.66, 152.00
285.02, 154.00
285.37, 152.00
285.73, 162.00
286.08, 161.00
286.44, 150.00
286.79, 154.00
287.14, 157.00
287.50, 149.00
287.85, 151.00
288.21, 153.00
288.56, 150.00
288.92, 145.00
289.27, 153.00
289.63, 151.00
289.98, 155.00
290.34, 145.00
290.69, 156.00
291.04, 149.00
291.40, 144.00
291.75, 149.00
292.11, 151.00
292.46, 146.00
292.81, 151.00
293.17, 146.00
293.52, 147.00
293.88, 155.00
294.23, 153.00
294.59, 153.00
294.94, 159.00
295.29, 156.00
295.65, 162.00
296.00, 179.00
296.36, 163.00
296.71, 161.00
297.06, 161.00
297.42, 164.00
297.77, 158.00
298.12, 165.00
298.48, 161.00
298.83, 156.00
299.19, 159.00
299.54, 164.00
299.89, 161.00
300.25, 158.00
300.60, 159.00
300.95, 157.00
301.31, 147.00
301.66, 147.00
302.01, 144.00
302.37, 147.00
302.72, 148.00
303.07, 152.00
303.43, 160.00
303.78, 150.00
304.13, 154.00
304.49, 164.00
304.84, 159.00
305.19, 197.00
305.55, 160.00
305.90, 167.00
306.25, 188.00
306.61, 225.00
306.96, 253.00
307.31, 331.00
307.66, 430.00
308.02, 553.00
308.37, 636.00
308.72, 694.00
309.08, 680.00
309.43, 641.00
309.78, 557.00
310.13, 493.00
310.49, 432.00
310.84, 339.00
311.19, 302.00
311.54, 265.00
311.90, 242.00
312.25, 230.00
312.60, 224.00
312.95, 250.00
313.31, 263.00
313.66, 255.00
314.01, 267.00
314.36, 278.00
314.72, 274.00
315.07, 313.00
315.42, 353.00
315.77, 389.00
316.13, 318.00
316.48, 257.00
316.83, 213.00
317.18, 189.00
317.54, 176.00
317.89, 164.00
318.24, 162.00
318.59, 160.00
318.94, 158.00
319.30, 153.00
319.65, 161.00
320.00, 160.00
320.35, 161.00
320.70, 161.00
321.05, 159.00
321.41, 156.00
321.76, 168.00
322.11, 157.00
322.46, 161.00
322.81, 196.00
323.17, 159.00
323.52, 155.00
323.87, 156.00
324.22, 152.00
324.57, 154.00
324.92, 160.00
325.27, 153.00
325.63, 161.00
325.98, 158.00
326.33, 167.00
326.68, 155.00
327.03, 156.00
327.38, 155.00
327.73, 173.00
328.09, 177.00
328.44, 203.00
328.79, 179.00
329.14, 218.00
329.49, 176.00
329.84, 178.00
330.19, 178.00
330.54, 170.00
330.89, 175.00
331.25, 166.00
331.60, 165.00
331.95, 163.00
332.30, 161.00
332.65, 158.00
333.00, 171.00
333.35, 209.00
333.70, 213.00
334.05, 184.00
334.40, 185.00
334.75, 184.00
335.10, 220.00
335.45, 267.00
335.81, 346.00
336.16, 454.00
336.51, 618.00
336.86, 644.00
337.21, 586.00
337.56, 412.00
337.91, 295.00
338.26, 210.00
338.61, 182.00
338.96, 166.00
339.31, 165.00
339.66, 154.00
340.01, 166.00
340.36, 159.00
340.71, 153.00
341.06, 150.00
341.41, 158.00
341.76, 154.00
342.11, 160.00
342.46, 166.00
342.81, 160.00
343.16, 158.00
343.51, 155.00
343.86, 158.00
344.21, 158.00
344.56, 156.00
344.91, 154.00
345.26, 163.00
345.61, 156.00
345.96, 153.00
346.31, 151.00
346.66, 181.00
347.01, 156.00
347.36, 181.00
347.71, 155.00
348.06, 153.00
348.41, 166.00
348.76, 169.00
349.10, 163.00
349.45, 180.00
349.80, 168.00
350.15, 173.00
350.50, 170.00
350.85, 182.00
351.20, 164.00
351.55, 194.00
351.90, 205.00
352.25, 232.00
352.60, 264.00
352.95, 313.00
353.30, 354.00
353.64, 320.00
353.99, 278.00
354.34, 261.00
354.69, 256.00
355.04, 264.00
355.39, 303.00
355.74, 347.00
356.09, 394.00
356.44, 459.00
356.78, 528.00
357.13, 570.00
357.48, 549.00
357.83, 455.00
358.18, 340.00
358.53, 267.00
358.88, 201.00
359.22, 193.00
359.57, 162.00
359.92, 159.00
360.27, 156.00
360.62, 158.00
360.97, 158.00
361.32, 157.00
361.66, 158.00
362.01, 163.00
362.36, 163.00
362.71, 155.00
363.06, 163.00
363.40, 161.00
363.75, 164.00
364.10, 163.00
364.45, 164.00
364.80, 165.00
365.14, 159.00
365.49, 161.00
365.84, 167.00
366.19, 162.00
366.54, 167.00
366.88, 187.00
367.23, 162.00
367.58, 208.00
367.93, 158.00
368.28, 156.00
368.62, 157.00
368.97, 168.00
369.32, 175.00
369.67, 171.00
370.01, 192.00
370.36, 190.00
370.71, 214.00
371.06, 192.00
371.40, 187.00
371.75, 165.00
372.10, 163.00
372.45, 161.00
372.79, 166.00
373.14, 166.00
373.49, 183.00
373.83, 200.00
374.18, 214.00
374.53, 242.00
374.88, 271.00
375.22, 272.00
375.57, 239.00
375.92, 209.00
376.26, 184.00
376.61, 177.00
376.96, 161.00
377.30, 169.00
377.65, 177.00
378.00, 174.00
378.35, 188.00
378.69, 217.00
379.04, 242.00
379.39, 292.00
379.73, 329.00
380.08, 335.00
380.43, 289.00
380.77, 244.00
381.12, 220.00
381.47, 194.00
381.81, 172.00
382.16, 164.00
382.50, 168.00
382.85, 234.00
383.20, 164.00
383.54, 175.00
383.89, 176.00
384.24, 177.00
384.58, 178.00
384.93, 203.00
385.27, 200.00
385.62, 198.00
385.97, 199.00
386.31, 189.00
386.66, 221.00
387.00, 198.00
387.35, 202.00
387.70, 216.00
388.04, 315.00
388.39, 299.00
388.73, 383.00
389.08, 493.00
389.43, 657.00
389.77, 840.00
390.12, 1078.00
390.46, 1496.00
390.81, 1676.00
391.15, 1621.00
391.50, 1250.00
391.85, 799.00
392.19, 530.00
392.54, 334.00
392.88, 232.00
393.23, 208.00
393.57, 201.00
393.92, 192.00
394.26, 180.00
394.61, 176.00
394.95, 164.00
395.30, 160.00
395.64, 160.00
395.99, 199.00
396.33, 164.00
396.68, 166.00
397.02, 159.00
397.37, 168.00
397.71, 172.00
398.06, 178.00
398.40, 181.00
398.75, 210.00
399.09, 215.00
399.44, 217.00
399.78, 199.00
400.13, 183.00
400.47, 170.00
400.82, 160.00
401.16, 158.00
401.51, 167.00
401.85, 160.00
402.20, 158.00
402.54, 159.00
402.88, 168.00
403.23, 165.00
403.57, 173.00
403.92, 196.00
404.26, 261.00
404.61, 215.00
404.95, 264.00
405.30, 222.00
405.64, 210.00
405.98, 221.00
406.33, 188.00
406.67, 172.00
407.02, 165.00
407.36, 172.00
407.70, 176.00
408.05, 167.00
408.39, 172.00
408.74, 174.00
409.08, 179.00
409.42, 171.00
409.77, 166.00
410.11, 183.00
410.46, 163.00
410.80, 166.00
411.14, 172.00
411.49, 183.00
411.83, 178.00
412.17, 175.00
412.52, 183.00
412.86, 191.00
413.20, 190.00
413.55, 185.00
413.89, 178.00
414.23, 180.00
414.58, 213.00
414.92, 164.00
415.26, 160.00
415.61, 165.00
415.95, 173.00
416.29, 173.00
416.64, 167.00
416.98, 175.00
417.32, 182.00
417.67, 197.00
418.01, 212.00
418.35, 209.00
418.70, 229.00
419.04, 262.00
419.38, 250.00
419.72, 238.00
420.07, 223.00
420.41, 192.00
420.75, 187.00
421.10, 175.00
421.44, 173.00
421.78, 174.00
422.12, 169.00
422.47, 176.00
422.81, 192.00
423.15, 197.00
423.49, 194.00
423.84, 183.00
424.18, 203.00
424.52, 212.00
424.86, 247.00
425.21, 306.00
425.55, 345.00
425.89, 412.00
426.23, 476.00
426.57, 616.00
426.92, 700.00
427.26, 739.00
427.60, 637.00
427.94, 456.00
428.28, 344.00
428.63, 261.00
428.97, 224.00
429.31, 188.00
429.65, 172.00
429.99, 174.00
430.34, 160.00
430.68, 164.00
431.02, 172.00
431.36, 161.00
431.70, 162.00
432.04, 164.00
432.39, 170.00
432.73, 179.00
433.07, 173.00
433.41, 175.00
433.75, 179.00
434.09, 179.00
434.43, 189.00
434.78, 248.00
435.12, 308.00
435.46, 325.00
435.80, 302.00
436.14, 274.00
436.48, 233.00
436.82, 224.00
437.16, 205.00
437.51, 182.00
437.85, 182.00
438.19, 214.00
438.53, 176.00
438.87, 194.00
439.21, 178.00
439.55, 186.00
439.89, 187.00
440.23, 191.00
440.57, 193.00
440.91, 194.00
441.26, 186.00
441.60, 185.00
441.94, 176.00
442.28, 176.00
442.62, 183.00
442.96, 174.00
443.30, 172.00
443.64, 172.00
443.98, 177.00
444.32, 183.00
444.66, 171.00
445.00, 168.00
445.34, 176.00
445.68, 171.00
446.02, 174.00
446.36, 176.00
446.70, 169.00
447.04, 174.00
447.38, 199.00
447.72, 170.00
448.06, 177.00
448.40, 181.00
448.74, 176.00
449.08, 174.00
449.42, 175.00
449.76, 174.00
450.10, 169.00
450.44, 174.00
450.78, 170.00
451.12, 179.00
451.46, 184.00
451.80, 175.00
452.14, 165.00
452.48, 170.00
452.82, 177.00
453.16, 168.00
453.50, 180.00
453.84, 166.00
454.18, 207.00
454.52, 176.00
454.86, 173.00
455.19, 190.00
455.53, 173.00
455.87, 174.00
456.21, 182.00
456.55, 184.00
456.89, 177.00
457.23, 182.00
457.57, 186.00
457.91, 187.00
458.25, 188.00
458.59, 198.00
458.92, 209.00
459.26, 201.00
459.60, 207.00
459.94, 197.00
460.28, 188.00
460.62, 181.00
460.96, 171.00
461.30, 172.00
461.63, 166.00
461.97, 167.00
462.31, 166.00
462.65, 175.00
462.99, 181.00
463.33, 176.00
463.67, 181.00
464.00, 180.00
464.34, 184.00
464.68, 178.00
465.02, 196.00
465.36, 183.00
465.70, 175.00
466.03, 184.00
466.37, 172.00
466.71, 181.00
467.05, 183.00
467.39, 192.00
467.72, 207.00
468.06, 217.00
468.40, 225.00
468.74, 236.00
469.08, 252.00
469.41, 269.00
469.75, 288.00
470.09, 319.00
470.43, 314.00
470.76, 273.00
471.10, 250.00
471.44, 232.00
471.78, 207.00
472.11, 208.00
472.45, 192.00
472.79, 188.00
473.13, 182.00
473.46, 184.00
473.80, 185.00
474.14, 186.00
474.48, 184.00
474.81, 172.00
475.15, 177.00
475.49, 176.00
475.82, 180.00
476.16, 178.00
476.50, 172.00
476.84, 178.00
477.17, 168.00
477.51, 174.00
477.85, 171.00
478.18, 197.00
478.52, 169.00
478.86, 219.00
479.19, 184.00
479.53, 182.00
479.87, 211.00
480.20, 180.00
480.54, 179.00
480.88, 174.00
481.21, 172.00
481.55, 177.00
481.89, 180.00
482.22, 181.00
482.56, 190.00
482.90, 191.00
483.23, 191.00
483.57, 197.00
483.90, 202.00
484.24, 213.00
484.58, 217.00
484.91, 216.00
485.25, 230.00
485.58, 224.00
485.92, 235.00
486.26, 240.00
486.59, 238.00
486.93, 237.00
487.26, 240.00
487.60, 245.00
487.94, 245.00
488.27, 241.00
488.61, 233.00
488.94, 236.00
489.28, 228.00
489.61, 229.00
489.95, 233.00
490.29, 234.00
490.62, 232.00
490.96, 232.00
491.29, 238.00
491.63, 225.00
491.96, 221.00
492.30, 216.00
492.63, 226.00
492.97, 215.00
493.30, 212.00
493.64, 202.00
493.97, 208.00
494.31, 215.00
494.64, 211.00
494.98, 213.00
495.31, 218.00
495.65, 211.00
495.98, 205.00
496.32, 204.00
496.65, 232.00
496.99, 204.00
497.32, 199.00
497.66, 195.00
497.99, 194.00
498.33, 189.00
498.66, 187.00
499.00, 192.00
499.33, 183.00
499.67, 178.00
500.00, 183.00
500.34, 193.00
500.67, 203.00
501.00, 193.00
501.34, 185.00
501.67, 186.00
502.01, 182.00
502.34, 176.00
502.68, 185.00
503.01, 188.00
503.34, 186.00
503.68, 185.00
504.01, 180.00
504.35, 183.00
504.68, 189.00
505.01, 187.00
505.35, 186.00
505.68, 188.00
506.02, 185.00
506.35, 184.00
506.68, 211.00
507.02, 198.00
507.35, 182.00
507.68, 189.00
508.02, 182.00
508.35, 185.00
508.69, 184.00
509.02, 179.00
509.35, 182.00
509.69, 182.00
510.02, 183.00
510.35, 178.00
510.69, 179.00
511.02, 177.00
511.35, 175.00
511.69, 174.00
512.02, 178.00
512.35, 179.00
512.68, 178.00
513.02, 180.00
513.35, 178.00
513.68, 175.00
514.02, 180.00
514.35, 169.00
514.68, 176.00
515.01, 164.00
515.35, 175.00
515.68, 166.00
516.01, 165.00
516.35, 168.00
516.68, 171.00
517.01, 171.00
517.34, 172.00
517.68, 162.00
518.01, 179.00
518.34, 169.00
518.67, 172.00
519.01, 175.00
519.34, 177.00
519.67, 183.00
520.00, 178.00
520.33, 186.00
520.67, 180.00
521.00, 182.00
521.33, 188.00
521.66, 194.00
522.00, 193.00
522.33, 188.00
522.66, 185.00
522.99, 180.00
523.32, 187.00
523.65, 180.00
523.99, 177.00
524.32, 181.00
524.65, 179.00
524.98, 181.00
525.31, 177.00
525.65, 207.00
525.98, 178.00
526.31, 169.00
526.64, 186.00
526.97, 178.00
527.30, 177.00
527.63, 172.00
527.97, 174.00
528.30, 166.00
528.63, 175.00
528.96, 191.00
529.29, 175.00
529.62, 175.00
529.95, 168.00
530.28, 166.00
530.61, 168.00
530.95, 166.00
531.28, 169.00
531.61, 178.00
531.94, 180.00
532.27, 187.00
532.60, 186.00
532.93, 187.00
533.26, 181.00
533.59, 176.00
533.92, 180.00
534.25, 173.00
534.58, 204.00
534.91, 180.00
535.25, 171.00
535.58, 171.00
535.91, 178.00
536.24, 172.00
536.57, 189.00
536.90, 187.00
537.23, 192.00
537.56, 230.00
537.89, 202.00
538.22, 202.00
538.55, 198.00
538.88, 215.00
539.21, 333.00
539.54, 234.00
539.87, 245.00
540.20, 274.00
540.53, 301.00
540.86, 372.00
541.19, 377.00
541.52, 408.00
541.85, 436.00
542.18, 463.00
542.51, 459.00
542.84, 473.00
543.17, 472.00
543.50, 459.00
543.82, 450.00
544.15, 445.00
544.48, 435.00
544.81, 464.00
545.14, 521.00
545.47, 470.00
545.80, 458.00
546.13, 378.00
546.46, 381.00
546.79, 339.00
547.12, 296.00
547.45, 286.00
547.78, 277.00
548.10, 262.00
548.43, 262.00
548.76, 251.00
549.09, 245.00
549.42, 241.00
549.75, 241.00
550.08, 233.00
550.41, 228.00
550.74, 248.00
551.06, 222.00
551.39, 230.00
551.72, 221.00
552.05, 218.00
552.38, 209.00
552.71, 205.00
553.03, 206.00
553.36, 198.00
553.69, 201.00
554.02, 193.00
554.35, 196.00
554.68, 186.00
555.00, 188.00
555.33, 188.00
555.66, 184.00
555.99, 196.00
556.32, 185.00
556.64, 180.00
556.97, 194.00
557.30, 191.00
557.63, 194.00
557.96, 194.00
558.28, 198.00
558.61, 201.00
558.94, 191.00
559.27, 194.00
559.59, 189.00
559.92, 187.00
560.25, 189.00
560.58, 197.00
560.90, 196.00
561.23, 187.00
561.56, 183.00
561.89, 187.00
562.21, 187.00
562.54, 177.00
562.87, 175.00
563.20, 186.00
563.52, 172.00
563.85, 174.00
564.18, 184.00
564.50, 168.00
564.83, 195.00
565.16, 230.00
565.48, 161.00
565.81, 176.00
566.14, 165.00
566.47, 162.00
566.79, 164.00
567.12, 166.00
567.45, 191.00
567.77, 169.00
568.10, 162.00
568.43, 163.00
568.75, 166.00
569.08, 166.00
569.40, 200.00
569.73, 168.00
570.06, 164.00
570.38, 159.00
570.71, 159.00
571.04, 164.00
571.36, 169.00
571.69, 163.00
572.01, 164.00
572.34, 161.00
572.67, 169.00
572.99, 172.00
573.32, 184.00
573.64, 164.00
573.97, 159.00
574.30, 161.00
574.62, 165.00
574.95, 167.00
575.27, 165.00
575.60, 173.00
575.92, 174.00
576.25, 185.00
576.58, 180.00
576.90, 180.00
577.23, 210.00
577.55, 191.00
577.88, 184.00
578.20, 188.00
578.53, 191.00
578.85, 207.00
579.18, 202.00
579.50, 193.00
579.83, 205.00
580.15, 198.00
580.48, 198.00
580.80, 203.00
581.13, 203.00
581.45, 200.00
581.78, 200.00
582.10, 208.00
582.43, 217.00
582.75, 212.00
583.08, 209.00
583.40, 213.00
583.73, 283.00
584.05, 222.00
584.38, 207.00
584.70, 258.00
585.03, 210.00
585.35, 211.00
585.67, 216.00
586.00, 239.00
586.32, 256.00
586.65, 276.00
586.97, 264.00
587.30, 262.00
587.62, 233.00
587.94, 242.00
588.27, 228.00
588.59, 208.00
588.92, 203.00
589.24, 204.00
589.56, 202.00
589.89, 209.00
590.21, 194.00
590.54, 189.00
590.86, 195.00
591.18, 190.00
591.51, 195.00
591.83, 217.00
592.15, 213.00
592.48, 206.00
592.80, 209.00
593.13, 204.00
593.45, 203.00
593.77, 201.00
594.10, 194.00
594.42, 192.00
594.74, 204.00
595.07, 194.00
595.39, 191.00
595.71, 196.00
596.03, 196.00
596.36, 199.00
596.68, 203.00
597.00, 197.00
597.33, 201.00
597.65, 209.00
597.97, 205.00
598.30, 210.00
598.62, 215.00
598.94, 213.00
599.26, 216.00
599.59, 209.00
599.91, 207.00
600.23, 193.00
600.55, 206.00
600.88, 199.00
601.20, 190.00
601.52, 183.00
601.84, 175.00
602.17, 178.00
602.49, 178.00
602.81, 175.00
603.13, 179.00
603.45, 181.00
603.78, 172.00
604.10, 176.00
604.42, 168.00
604.74, 169.00
605.07, 169.00
605.39, 170.00
605.71, 173.00
606.03, 172.00
606.35, 168.00
606.67, 183.00
607.00, 186.00
607.32, 171.00
607.64, 189.00
607.96, 182.00
608.28, 200.00
608.60, 198.00
608.93, 214.00
609.25, 245.00
609.57, 297.00
609.89, 388.00
610.21, 456.00
610.53, 504.00
610.85, 498.00
611.17, 466.00
611.50, 434.00
611.82, 396.00
612.14, 365.00
612.46, 342.00
612.78, 325.00
613.10, 306.00
613.42, 286.00
613.74, 285.00
614.06, 304.00
614.38, 271.00
614.70, 258.00
615.03, 255.00
615.35, 248.00
615.67, 339.00
615.99, 216.00
616.31, 211.00
616.63, 206.00
616.95, 200.00
617.27, 191.00
617.59, 189.00
617.91, 193.00
618.23, 199.00
618.55, 180.00
618.87, 189.00
619.19, 182.00
619.51, 184.00
619.83, 191.00
620.15, 190.00
620.47, 188.00
620.79, 188.00
621.11, 194.00
621.43, 193.00
621.75, 199.00
622.07, 196.00
622.39, 187.00
622.71, 193.00
623.03, 190.00
623.35, 232.00
623.67, 187.00
623.99, 192.00
624.31, 191.00
624.63, 187.00
624.95, 179.00
625.26, 180.00
625.58, 178.00
625.90, 214.00
626.22, 175.00
626.54, 179.00
626.86, 190.00
627.18, 175.00
627.50, 183.00
627.82, 178.00
628.14, 183.00
628.46, 172.00
628.77, 184.00
629.09, 184.00
629.41, 191.00
629.73, 203.00
630.05, 209.00
630.37, 211.00
630.69, 218.00
631.00, 219.00
631.32, 201.00
631.64, 198.00
631.96, 185.00
632.28, 183.00
632.60, 186.00
632.92, 181.00
633.23, 178.00
633.55, 181.00
633.87, 172.00
634.19, 184.00
634.51, 185.00
634.82, 193.00
635.14, 186.00
635.46, 183.00
635.78, 188.00
636.10, 184.00
636.41, 184.00
636.73, 182.00
637.05, 183.00
637.37, 179.00
637.68, 180.00
638.00, 181.00
638.32, 182.00
638.64, 190.00
638.95, 216.00
639.27, 203.00
639.59, 200.00
639.91, 190.00
640.22, 183.00
640.54, 187.00
640.86, 179.00
641.18, 193.00
641.49, 199.00
641.81, 184.00
642.13, 193.00
642.44, 170.00
642.76, 174.00
643.08, 169.00
643.40, 173.00
643.71, 175.00
644.03, 177.00
644.35, 183.00
644.66, 188.00
644.98, 184.00
645.30, 179.00
645.61, 185.00
645.93, 170.00
646.25, 168.00
646.56, 177.00
646.88, 193.00
647.19, 161.00
647.51, 174.00
647.83, 165.00
648.14, 159.00
648.46, 163.00
648.78, 168.00
649.09, 173.00
649.41, 211.00
649.72, 173.00
650.04, 179.00
650.36, 167.00
650.67, 164.00
650.99, 176.00
651.30, 174.00
651.62, 173.00
651.93, 175.00
652.25, 185.00
652.57, 206.00
652.88, 164.00
653.20, 177.00
653.51, 177.00
653.83, 173.00
654.14, 167.00
654.46, 165.00
654.77, 165.00
655.09, 173.00
655.40, 182.00
655.72, 169.00
656.04, 160.00
656.35, 172.00
656.67, 165.00
656.98, 160.00
657.30, 167.00
657.61, 163.00
657.93, 168.00
658.24, 169.00
658.55, 208.00
658.87, 171.00
659.18, 173.00
659.50, 168.00
659.81, 178.00
660.13, 171.00
660.44, 165.00
660.76, 168.00
661.07, 179.00
661.39, 172.00
661.70, 164.00
662.01, 173.00
662.33, 164.00
662.64, 167.00
662.96, 165.00
663.27, 158.00
663.59, 160.00
663.90, 157.00
664.21, 157.00
664.53, 181.00
664.84, 163.00
665.16, 182.00
665.47, 158.00
665.78, 161.00
666.10, 171.00
666.41, 177.00
666.72, 186.00
667.04, 189.00
667.35, 182.00
667.67, 181.00
667.98, 181.00
668.29, 171.00
668.61, 175.00
668.92, 171.00
669.23, 172.00
669.55, 170.00
669.86, 184.00
670.17, 163.00
670.48, 163.00
670.80, 154.00
671.11, 151.00
671.42, 162.00
671.74, 157.00
672.05, 161.00
672.36, 162.00
672.68, 157.00
672.99, 159.00
673.30, 157.00
673.61, 155.00
673.93, 165.00
674.24, 156.00
674.55, 158.00
674.86, 165.00
675.18, 166.00
675.49, 169.00
675.80, 167.00
676.11, 170.00
676.43, 171.00
676.74, 165.00
677.05, 165.00
677.36, 178.00
677.67, 171.00
677.99, 165.00
678.30, 165.00
678.61, 166.00
678.92, 168.00
679.23, 165.00
679.55, 164.00
679.86, 167.00
680.17, 165.00
680.48, 172.00
680.79, 171.00
681.10, 161.00
681.42, 161.00
681.73, 153.00
682.04, 157.00
682.35, 162.00
682.66, 155.00
682.97, 159.00
683.28, 163.00
683.60, 157.00
683.91, 158.00
684.22, 168.00
684.53, 158.00
684.84, 155.00
685.15, 156.00
685.46, 180.00
685.77, 157.00
686.08, 155.00
686.40, 199.00
686.71, 161.00
687.02, 161.00
687.33, 161.00
687.64, 156.00
687.95, 159.00
688.26, 151.00
688.57, 155.00
688.88, 154.00
689.19, 155.00
689.50, 150.00
689.81, 154.00
690.12, 151.00
690.43, 171.00
690.74, 151.00
691.05, 146.00
691.36, 155.00
691.67, 151.00
691.98, 148.00
692.29, 150.00
692.60, 156.00
692.91, 153.00
693.22, 158.00
693.53, 151.00
693.84, 157.00
694.15, 149.00
694.46, 153.00
694.77, 151.00
695.08, 156.00
695.39, 159.00
695.70, 150.00
696.01, 152.00
696.32, 147.00
696.63, 150.00
696.94, 156.00
697.25, 148.00
697.56, 157.00
697.87, 157.00
698.17, 189.00
698.48, 152.00
698.79, 152.00
699.10, 149.00
699.41, 157.00
699.72, 150.00
700.03, 149.00
700.34, 149.00
700.65, 151.00
700.95, 152.00
701.26, 147.00
701.57, 149.00
701.88, 152.00
702.19, 168.00
702.50, 164.00
702.81, 155.00
703.11, 172.00
703.42, 161.00
703.73, 153.00
704.04, 158.00
704.35, 162.00
704.66, 175.00
704.96, 254.00
705.27, 338.00
705.58, 387.00
705.89, 385.00
706.20, 326.00
706.50, 292.00
706.81, 270.00
707.12, 239.00
707.43, 224.00
707.73, 200.00
708.04, 178.00
708.35, 180.00
708.66, 165.00
708.97, 158.00
709.27, 164.00
709.58, 157.00
709.89, 156.00
710.19, 155.00
710.50, 168.00
710.81, 155.00
711.12, 169.00
711.42, 158.00
711.73, 163.00
712.04, 162.00
712.35, 159.00
712.65, 154.00
712.96, 159.00
713.27, 156.00
713.57, 172.00
713.88, 169.00
714.19, 149.00
714.49, 147.00
714.80, 144.00
715.11, 147.00
715.41, 147.00
715.72, 145.00
716.03, 148.00
716.33, 156.00
716.64, 149.00
716.94, 152.00
717.25, 150.00
717.56, 159.00
717.86, 152.00
718.17, 149.00
718.48, 144.00
718.78, 146.00
719.09, 148.00
719.39, 145.00
719.70, 148.00
720.01, 153.00
720.31, 150.00
720.62, 144.00
720.92, 150.00
721.23, 158.00
721.53, 153.00
721.84, 153.00
722.15, 156.00
722.45, 154.00
722.76, 154.00
723.06, 148.00
723.37, 152.00
723.67, 151.00
723.98, 146.00
724.28, 149.00
724.59, 155.00
724.89, 159.00
725.20, 154.00
725.50, 164.00
725.81, 152.00
726.11, 149.00
726.42, 158.00
726.72, 163.00
727.03, 197.00
727.33, 166.00
727.64, 169.00
727.94, 163.00
728.25, 153.00
728.55, 155.00
728.86, 173.00
729.16, 150.00
729.46, 152.00
729.77, 158.00
730.07, 156.00
730.38, 149.00
730.68, 151.00
730.99, 158.00
731.29, 149.00
731.59, 151.00
731.90, 147.00
732.20, 146.00
732.51, 151.00
732.81, 148.00
733.11, 154.00
733.42, 148.00
733.72, 152.00
734.02, 152.00
734.33, 143.00
734.63, 151.00
734.94, 150.00
735.24, 152.00
735.54, 148.00
735.85, 150.00
736.15, 149.00
736.45, 150.00
736.76, 150.00
737.06, 146.00
737.36, 149.00
737.67, 145.00
737.97, 151.00
738.27, 151.00
738.57, 151.00
738.88, 152.00
739.18, 190.00
739.48, 153.00
739.79, 145.00
740.09, 154.00
740.39, 153.00
740.69, 158.00
741.00, 144.00
741.30, 151.00
741.60, 146.00
741.90, 149.00
742.21, 154.00
742.51, 193.00
742.81, 146.00
743.11, 149.00
743.42, 178.00
743.72, 147.00
744.02, 152.00
744.32, 151.00
744.63, 154.00
744.93, 153.00
745.23, 154.00
745.53, 158.00
745.83, 155.00
746.13, 156.00
746.44, 150.00
746.74, 149.00
747.04, 154.00
747.34, 151.00
747.64, 149.00
747.94, 153.00
748.25, 157.00
748.55, 157.00
748.85, 152.00
749.15, 162.00
749.45, 179.00
749.75, 166.00
750.05, 163.00
750.35, 149.00
750.66, 166.00
750.96, 157.00
751.26, 148.00
751.56, 155.00
751.86, 153.00
752.16, 150.00
752.46, 145.00
752.76, 148.00
753.06, 146.00
753.36, 182.00
753.66, 147.00
753.96, 150.00
754.27, 146.00
754.57, 148.00
754.87, 147.00
755.17, 144.00
755.47, 146.00
755.77, 146.00
756.07, 150.00
756.37, 155.00
756.67, 155.00
756.97, 151.00
757.27, 152.00
757.57, 148.00
757.87, 156.00
758.17, 149.00
758.47, 152.00
758.77, 154.00
759.07, 153.00
759.37, 150.00
759.67, 148.00
759.97, 154.00
760.27, 153.00
760.57, 147.00
760.86, 153.00
761.16, 154.00
761.46, 152.00
761.76, 182.00
762.06, 149.00
762.36, 159.00
762.66, 154.00
762.96, 148.00
763.26, 154.00
763.56, 180.00
763.86, 153.00
764.16, 147.00
764.45, 160.00
764.75, 152.00
765.05, 147.00
765.35, 147.00
765.65, 152.00
765.95, 145.00
766.25, 153.00
766.55, 155.00
766.84, 148.00
767.14, 154.00
767.44, 145.00
767.74, 152.00
768.04, 159.00
768.34, 146.00
768.63, 151.00
768.93, 149.00
769.23, 160.00
769.53, 149.00
769.83, 149.00
770.12, 149.00
770.42, 149.00
770.72, 153.00
771.02, 156.00
771.32, 154.00
771.61, 158.00
771.91, 157.00
772.21, 151.00
772.51, 153.00
772.80, 151.00
773.10, 150.00
773.40, 159.00
773.70, 151.00
773.99, 152.00
774.29, 159.00
774.59, 164.00
774.88, 158.00
775.18, 160.00
775.48, 220.00
775.78, 366.00
776.07, 476.00
776.37, 543.00
776.67, 493.00
776.96, 368.00
777.26, 344.00
777.56, 258.00
777.85, 252.00
778.15, 234.00
778.45, 221.00
778.74, 197.00
779.04, 184.00
779.34, 168.00
779.63, 165.00
779.93, 157.00
780.22, 148.00
780.52, 148.00
780.82, 152.00
781.11, 144.00
781.41, 143.00
781.71, 145.00
782.00, 147.00
782.30, 148.00
782.59, 154.00
782.89, 147.00
783.19, 151.00
783.48, 146.00
783.78, 150.00
784.07, 157.00
784.37, 149.00
784.66, 149.00
784.96, 148.00
785.25, 146.00
785.55, 147.00
785.84, 147.00
786.14, 146.00
786.44, 149.00
786.73, 145.00
787.03, 142.00
787.32, 145.00
787.62, 143.00
787.91, 141.00
788.21, 146.00
788.50, 149.00
788.80, 142.00
789.09, 151.00
789.39, 152.00
789.68, 147.00
789.97, 151.00
790.27, 145.00
790.56, 155.00
790.86, 154.00
791.15, 150.00
791.45, 145.00
791.74, 171.00
792.04, 144.00
792.33, 146.00
792.62, 173.00
792.92, 146.00
793.21, 144.00
793.51, 148.00
793.80, 148.00
794.09, 148.00
794.39, 146.00
794.68, 145.00
794.98, 143.00
795.27, 147.00
795.56, 145.00
795.86, 147.00
796.15, 140.00
796.44, 152.00
796.74, 145.00
797.03, 148.00
797.32, 146.00
797.62, 139.00
797.91, 155.00
798.20, 149.00
798.50, 152.00
798.79, 150.00
799.08, 147.00
799.38, 143.00
799.67, 146.00
799.96, 150.00
800.26, 169.00
800.55, 146.00
800.84, 149.00
801.13, 149.00
801.43, 143.00
801.72, 174.00
802.01, 143.00
802.30, 145.00
802.60, 147.00
802.89, 155.00
803.18, 149.00
803.47, 144.00
803.77, 150.00
804.06, 149.00
804.35, 145.00
804.64, 165.00
804.94, 146.00
805.23, 149.00
805.52, 147.00
805.81, 146.00
806.10, 141.00
806.39, 144.00
806.69, 145.00
806.98, 146.00
807.27, 150.00
807.56, 151.00
807.85, 145.00
808.14, 141.00
808.44, 150.00
808.73, 146.00
809.02, 159.00
809.31, 147.00
809.60, 155.00
809.89, 156.00
810.18, 149.00
810.48, 158.00
810.77, 145.00
811.06, 147.00
811.35, 153.00
811.64, 150.00
811.93, 165.00
812.22, 145.00
812.51, 149.00
812.80, 143.00
813.09, 143.00
813.38, 145.00
813.67, 166.00
813.96, 149.00
814.26, 144.00
814.55, 148.00
814.84, 146.00
815.13, 154.00
815.42, 147.00
815.71, 148.00
816.00, 142.00
816.29, 153.00
816.58, 147.00
816.87, 144.00
817.16, 142.00
817.45, 147.00
817.74, 151.00
818.03, 139.00
818.32, 143.00
818.61, 144.00
818.90, 154.00
819.19, 143.00
819.48, 147.00
819.76, 145.00
820.05, 144.00
820.34, 147.00
820.63, 144.00
820.92, 143.00
821.21, 144.00
821.50, 144.00
821.79, 145.00
822.08, 144.00
822.37, 149.00
822.66, 150.00
822.95, 147.00
823.23, 146.00
823.52, 166.00
823.81, 150.00
824.10, 150.00
824.39, 144.00
824.68, 147.00
824.97, 167.00
825.26, 145.00
825.54, 191.00
825.83, 144.00
826.12, 143.00
826.41, 145.00
826.70, 143.00
826.99, 145.00
827.27, 148.00
827.56, 169.00
827.85, 144.00
828.14, 149.00
828.43, 157.00
828.71, 149.00
829.00, 141.00
829.29, 143.00
829.58, 150.00
829.86, 144.00
830.15, 144.00
830.44, 146.00
830.73, 152.00
831.01, 142.00
831.30, 142.00
831.59, 146.00
831.88, 145.00
832.16, 148.00
832.45, 150.00
832.74, 144.00
833.03, 147.00
833.31, 151.00
833.60, 143.00
833.89, 144.00
834.17, 146.00
834.46, 144.00
834.75, 149.00
835.03, 140.00
835.32, 141.00
835.61, 150.00
835.89, 156.00
836.18, 147.00
836.47, 143.00
836.75, 143.00
837.04, 144.00
837.33, 150.00
837.61, 145.00
837.90, 143.00
838.19, 133.00
838.47, 145.00
838.76, 144.00
839.04, 142.00
839.33, 142.00
839.62, 142.00
839.90, 143.00
840.19, 147.00
840.47, 144.00
840.76, 175.00
841.04, 142.00
841.33, 155.00
841.62, 148.00
841.90, 146.00
842.19, 148.00
842.47, 183.00
842.76, 143.00
843.04, 156.00
843.33, 173.00
843.61, 155.00
843.90, 156.00
844.18, 159.00
844.47, 159.00
844.75, 162.00
845.04, 149.00
845.32, 151.00
845.61, 151.00
845.89, 153.00
846.18, 149.00
846.46, 147.00
846.75, 146.00
847.03, 154.00
847.32, 147.00
847.60, 144.00
847.88, 144.00
848.17, 148.00
848.45, 161.00
848.74, 148.00
849.02, 142.00
849.31, 144.00
849.59, 147.00
849.87, 146.00
850.16, 141.00
850.44, 145.00
850.73, 177.00
851.01, 152.00
851.29, 148.00
851.58, 148.00
851.86, 141.00
852.14, 145.00
852.43, 147.00
852.71, 146.00
853.00, 149.00
853.28, 151.00
853.56, 148.00
853.85, 149.00
854.13, 150.00
854.41, 145.00
854.69, 140.00
854.98, 144.00
855.26, 200.00
855.54, 146.00
855.83, 144.00
856.11, 151.00
856.39, 148.00
856.68, 143.00
856.96, 145.00
857.24, 146.00
857.52, 146.00
857.81, 140.00
858.09, 139.00
858.37, 149.00
858.65, 145.00
858.94, 146.00
859.22, 150.00
