190.05, 0.00
190.41, 131.00
190.77, 135.00
191.14, 136.00
191.50, 135.00
191.86, 156.00
192.22, 146.00
192.58, 148.00
192.94, 144.00
193.31, 143.00
193.67, 148.00
194.03, 152.00
194.39, 148.00
194.75, 141.00
195.11, 152.00
195.47, 158.00
195.84, 146.00
196.20, 139.00
196.56, 157.00
196.92, 139.00
197.28, 149.00
197.64, 138.00
198.00, 141.00
198.37, 140.00
198.73, 145.00
199.09, 145.00
199.45, 145.00
199.81, 145.00
200.17, 152.00
200.53, 143.00
200.89, 153.00
201.25, 181.00
201.62, 145.00
201.98, 143.00
202.34, 146.00
202.70, 150.00
203.06, 143.00
203.42, 144.00
203.78, 142.00
204.14, 143.00
204.50, 167.00
204.86, 154.00
205.22, 153.00
205.58, 148.00
205.95, 145.00
206.31, 142.00
206.67, 149.00
207.03, 145.00
207.39, 153.00
207.75, 145.00
208.11, 149.00
208.47, 149.00
208.83, 151.00
209.19, 147.00
209.55, 145.00
209.91, 146.00
210.27, 147.00
210.63, 145.00
210.99, 162.00
211.35, 145.00
211.71, 151.00
212.07, 145.00
212.43, 152.00
212.79, 146.00
213.15, 148.00
213.51, 150.00
213.87, 150.00
214.23, 152.00
214.59, 147.00
214.95, 154.00
215.31, 145.00
215.67, 145.00
216.03, 175.00
216.39, 147.00
216.75, 145.00
217.11, 153.00
217.47, 148.00
217.83, 151.00
218.19, 148.00
218.55, 145.00
218.91, 149.00
219.27, 149.00
219.63, 149.00
219.99, 146.00
220.35, 146.00
220.71, 158.00
221.07, 145.00
221.43, 148.00
221.79, 152.00
222.15, 150.00
222.51, 151.00
222.87, 150.00
223.23, 147.00
223.59, 148.00
223.95, 145.00
224.31, 147.00
224.67, 148.00
225.03, 152.00
225.39, 155.00
225.74, 154.00
226.10, 148.00
226.46, 141.00
226.82, 149.00
227.18, 150.00
227.54, 149.00
227.90, 152.00
228.26, 150.00
228.62, 155.00
228.98, 147.00
229.34, 141.00
229.69, 147.00
230.05, 150.00
230.41, 144.00
230.77, 153.00
231.13, 150.00
231.49, 149.00
231.85, 147.00
232.21, 156.00
232.57, 150.00
232.92, 145.00
233.28, 143.00
233.64, 150.00
234.00, 145.00
234.36, 143.00
234.72, 142.00
235.08, 145.00
235.44, 150.00
235.79, 145.00
236.15, 153.00
236.51, 150.00
236.87, 147.00
237.23, 141.00
237.59, 146.00
237.94, 153.00
238.30, 147.00
238.66, 146.00
239.02, 143.00
239.38, 147.00
239.74, 144.00
240.09, 154.00
240.45, 148.00
240.81, 146.00
241.17, 152.00
241.53, 150.00
241.89, 146.00
242.24, 149.00
242.60, 147.00
242.96, 154.00
243.32, 150.00
243.68, 146.00
244.03, 149.00
244.39, 149.00
244.75, 166.00
245.11, 150.00
245.46, 150.00
245.82, 174.00
246.18, 148.00
246.54, 150.00
246.90, 151.00
247.25, 142.00
247.61, 142.00
247.97, 180.00
248.33, 149.00
248.68, 145.00
249.04, 145.00
249.40, 140.00
249.76, 150.00
250.11, 143.00
250.47, 146.00
250.83, 150.00
251.19, 151.00
251.54, 158.00
251.90, 145.00
252.26, 146.00
252.62, 144.00
252.97, 148.00
253.33, 141.00
253.69, 148.00
254.05, 151.00
254.40, 146.00
254.76, 148.00
255.12, 172.00
255.47, 150.00
255.83, 143.00
256.19, 147.00
256.54, 143.00
256.90, 143.00
257.26, 148.00
257.62, 145.00
257.97, 145.00
258.33, 151.00
258.69, 145.00
259.04, 142.00
259.40, 143.00
259.76, 149.00
260.11, 149.00
260.47, 146.00
260.83, 152.00
261.18, 143.00
261.54, 159.00
261.90, 150.00
262.25, 138.00
262.61, 146.00
262.97, 145.00
263.32, 149.00
263.68, 145.00
264.04, 152.00
264.39, 145.00
264.75, 148.00
265.10, 148.00
265.46, 194.00
265.82, 152.00
266.17, 142.00
266.53, 144.00
266.89, 148.00
267.24, 151.00
267.60, 143.00
267.95, 145.00
268.31, 139.00
268.67, 144.00
269.02, 141.00
269.38, 146.00
269.74, 145.00
270.09, 152.00
270.45, 142.00
270.80, 163.00
271.16, 142.00
271.51, 147.00
271.87, 143.00
272.23, 145.00
272.58, 149.00
272.94, 148.00
273.29, 146.00
273.65, 194.00
274.00, 146.00
274.36, 149.00
274.72, 143.00
275.07, 144.00
275.43, 149.00
275.78, 148.00
276.14, 147.00
276.49, 153.00
276.85, 159.00
277.20, 167.00
277.56, 144.00
277.92, 141.00
278.27, 146.00
278.63, 156.00
278.98, 148.00
279.34, 145.00
279.69, 146.00
280.05, 164.00
280.40, 148.00
280.76, 162.00
281.11, 147.00
281.47, 142.00
281.82, 144.00
282.18, 152.00
282.53, 155.00
282.89, 156.00
283.24, 153.00
283.60, 148.00
283.95, 154.00
284.31, 146.00
284.66, 150.00
285.02, 153.00
285.37, 147.00
285.73, 148.00
286.08, 161.00
286.44, 151.00
286.79, 154.00
287.14, 156.00
287.50, 152.00
287.85, 150.00
288.21, 154.00
288.56, 147.00
288.92, 149.00
289.27, 149.00
289.63, 149.00
289.98, 157.00
290.34, 146.00
290.69, 160.00
291.04, 156.00
291.40, 145.00
291.75, 144.00
292.11, 153.00
292.46, 145.00
292.81, 155.00
293.17, 143.00
293.52, 143.00
293.88, 145.00
294.23, 152.00
294.59, 152.00
294.94, 154.00
295.29, 159.00
295.65, 163.00
296.00, 178.00
296.36, 162.00
296.71, 159.00
297.06, 161.00
297.42, 173.00
297.77, 167.00
298.12, 163.00
298.48, 162.00
298.83, 159.00
299.19, 157.00
299.54, 154.00
299.89, 153.00
300.25, 154.00
300.60, 160.00
300.95, 158.00
301.31, 153.00
301.66, 150.00
302.01, 147.00
302.37, 147.00
302.72, 153.00
303.07, 146.00
303.43, 153.00
303.78, 146.00
304.13, 159.00
304.49, 154.00
304.84, 160.00
305.19, 189.00
305.55, 157.00
305.90, 165.00
306.25, 188.00
306.61, 215.00
306.96, 245.00
307.31, 306.00
307.66, 398.00
308.02, 503.00
308.37, 588.00
308.72, 626.00
309.08, 623.00
309.43, 612.00
309.78, 515.00
310.13, 465.00
310.49, 403.00
310.84, 325.00
311.19, 289.00
311.54, 255.00
311.90, 233.00
312.25, 225.00
312.60, 211.00
312.95, 244.00
313.31, 263.00
313.66, 262.00
314.01, 271.00
314.36, 270.00
314.72, 284.00
315.07, 342.00
315.42, 391.00
315.77, 436.00
316.13, 358.00
316.48, 278.00
316.83, 222.00
317.18, 188.00
317.54, 169.00
317.89, 167.00
318.24, 156.00
318.59, 149.00
318.94, 151.00
319.30, 153.00
319.65, 158.00
320.00, 158.00
320.35, 153.00
320.70, 157.00
321.05, 154.00
321.41, 151.00
321.76, 155.00
322.11, 152.00
322.46, 150.00
322.81, 197.00
323.17, 155.00
323.52, 150.00
323.87, 151.00
324.22, 149.00
324.57, 150.00
324.92, 157.00
325.27, 152.00
325.63, 158.00
325.98, 155.00
326.33, 162.00
326.68, 159.00
327.03, 161.00
327.38, 155.00
327.73, 163.00
328.09, 169.00
328.44, 196.00
328.79, 169.00
329.14, 207.00
329.49, 169.00
329.84, 172.00
330.19, 180.00
330.54, 170.00
330.89, 169.00
331.25, 157.00
331.60, 156.00
331.95, 157.00
332.30, 153.00
332.65, 162.00
333.00, 167.00
333.35, 211.00
333.70, 221.00
334.05, 182.00
334.40, 186.00
334.75, 190.00
335.10, 231.00
335.45, 289.00
335.81, 411.00
336.16, 601.00
336.51, 826.00
336.86, 870.00
337.21, 787.00
337.56, 528.00
337.91, 360.00
338.26, 247.00
338.61, 187.00
338.96, 173.00
339.31, 158.00
339.66, 159.00
340.01, 154.00
340.36, 150.00
340.71, 151.00
341.06, 153.00
341.41, 154.00
341.76, 151.00
342.11, 151.00
342.46, 152.00
342.81, 153.00
343.16, 149.00
343.51, 152.00
343.86, 151.00
344.21, 158.00
344.56, 156.00
344.91, 153.00
345.26, 161.00
345.61, 154.00
345.96, 155.00
346.31, 153.00
346.66, 175.00
347.01, 150.00
347.36, 177.00
347.71, 154.00
348.06, 152.00
348.41, 169.00
348.76, 172.00
349.10, 163.00
349.45, 172.00
349.80, 174.00
350.15, 175.00
350.50, 168.00
350.85, 177.00
351.20, 162.00
351.55, 190.00
351.90, 197.00
352.25, 229.00
352.60, 273.00
352.95, 328.00
353.30, 371.00
353.64, 327.00
353.99, 285.00
354.34, 254.00
354.69, 247.00
355.04, 246.00
355.39, 291.00
355.74, 352.00
356.09, 443.00
356.44, 512.00
356.78, 665.00
357.13, 745.00
357.48, 725.00
357.83, 579.00
358.18, 414.00
358.53, 306.00
358.88, 217.00
359.22, 193.00
359.57, 154.00
359.92, 153.00
360.27, 156.00
360.62, 156.00
360.97, 152.00
361.32, 155.00
361.66, 157.00
362.01, 155.00
362.36, 159.00
362.71, 159.00
363.06, 156.00
363.40, 161.00
363.75, 157.00
364.10, 161.00
364.45, 159.00
364.80, 159.00
365.14, 158.00
365.49, 163.00
365.84, 154.00
366.19, 158.00
366.54, 165.00
366.88, 192.00
367.23, 161.00
367.58, 209.00
367.93, 159.00
368.28, 156.00
368.62, 156.00
368.97, 170.00
369.32, 171.00
369.67, 174.00
370.01, 202.00
370.36, 203.00
370.71, 223.00
371.06, 192.00
371.40, 185.00
371.75, 165.00
372.10, 158.00
372.45, 159.00
372.79, 166.00
373.14, 167.00
373.49, 186.00
373.83, 211.00
374.18, 237.00
374.53, 275.00
374.88, 301.00
375.22, 301.00
375.57, 267.00
375.92, 229.00
376.26, 193.00
376.61, 173.00
376.96, 160.00
377.30, 170.00
377.65, 180.00
378.00, 173.00
378.35, 203.00
378.69, 241.00
379.04, 269.00
379.39, 348.00
379.73, 408.00
380.08, 414.00
380.43, 345.00
380.77, 275.00
381.12, 245.00
381.47, 205.00
381.81, 179.00
382.16, 167.00
382.50, 167.00
382.85, 235.00
383.20, 157.00
383.54, 165.00
383.89, 173.00
384.24, 162.00
384.58, 173.00
384.93, 196.00
385.27, 188.00
385.62, 188.00
385.97, 184.00
386.31, 186.00
386.66, 211.00
387.00, 190.00
387.35, 198.00
387.70, 211.00
388.04, 310.00
388.39, 306.00
388.73, 399.00
389.08, 544.00
389.43, 761.00
389.77, 961.00
390.12, 1234.00
390.46, 1775.00
390.81, 1956.00
391.15, 1901.00
391.50, 1453.00
391.85, 891.00
392.19, 589.00
392.54, 363.00
392.88, 240.00
393.23, 213.00
393.57, 208.00
393.92, 200.00
394.26, 187.00
394.61, 168.00
394.95, 170.00
395.30, 158.00
395.64, 157.00
395.99, 195.00
396.33, 161.00
396.68, 152.00
397.02, 153.00
397.37, 163.00
397.71, 182.00
398.06, 183.00
398.40, 201.00
398.75, 220.00
399.09, 232.00
399.44, 233.00
399.78, 215.00
400.13, 195.00
400.47, 166.00
400.82, 159.00
401.16, 160.00
401.51, 153.00
401.85, 153.00
402.20, 159.00
402.54, 155.00
402.88, 153.00
403.23, 165.00
403.57, 172.00
403.92, 201.00
404.26, 263.00
404.61, 235.00
404.95, 277.00
405.30, 241.00
405.64, 236.00
405.98, 239.00
406.33, 199.00
406.67, 175.00
407.02, 161.00
407.36, 162.00
407.70, 166.00
408.05, 159.00
408.39, 162.00
408.74, 168.00
409.08, 178.00
409.42, 171.00
409.77, 164.00
410.11, 168.00
410.46, 158.00
410.80, 162.00
411.14, 161.00
411.49, 160.00
411.83, 166.00
412.17, 172.00
412.52, 167.00
412.86, 176.00
413.20, 170.00
413.55, 173.00
413.89, 174.00
414.23, 168.00
414.58, 207.00
414.92, 166.00
415.26, 157.00
415.61, 159.00
415.95, 159.00
416.29, 167.00
416.64, 160.00
416.98, 170.00
417.32, 170.00
417.67, 193.00
418.01, 197.00
418.35, 198.00
418.70, 222.00
419.04, 253.00
419.38, 239.00
419.72, 234.00
420.07, 218.00
420.41, 187.00
420.75, 179.00
421.10, 168.00
421.44, 171.00
421.78, 168.00
422.12, 172.00
422.47, 176.00
422.81, 187.00
423.15, 191.00
423.49, 186.00
423.84, 185.00
424.18, 192.00
424.52, 219.00
424.86, 254.00
425.21, 332.00
425.55, 368.00
425.89, 449.00
426.23, 536.00
426.57, 704.00
426.92, 781.00
427.26, 845.00
427.60, 710.00
427.94, 499.00
428.28, 365.00
428.63, 287.00
428.97, 224.00
429.31, 191.00
429.65, 168.00
429.99, 170.00
430.34, 160.00
430.68, 160.00
431.02, 173.00
431.36, 158.00
431.70, 164.00
432.04, 164.00
432.39, 162.00
432.73, 170.00
433.07, 175.00
433.41, 184.00
433.75, 188.00
434.09, 185.00
434.43, 197.00
434.78, 250.00
435.12, 302.00
435.46, 344.00
435.80, 308.00
436.14, 270.00
436.48, 225.00
436.82, 214.00
437.16, 180.00
437.51, 166.00
437.85, 169.00
438.19, 204.00
438.53, 164.00
438.87, 180.00
439.21, 164.00
439.55, 173.00
439.89, 169.00
440.23, 173.00
440.57, 177.00
440.91, 173.00
441.26, 172.00
441.60, 167.00
441.94, 167.00
442.28, 168.00
442.62, 167.00
442.96, 162.00
443.30, 171.00
443.64, 164.00
443.98, 165.00
444.32, 170.00
444.66, 161.00
445.00, 170.00
445.34, 171.00
445.68, 172.00
446.02, 166.00
446.36, 166.00
446.70, 164.00
447.04, 171.00
447.38, 194.00
447.72, 173.00
448.06, 168.00
448.40, 161.00
448.74, 163.00
449.08, 162.00
449.42, 171.00
449.76, 169.00
450.10, 168.00
450.44, 163.00
450.78, 166.00
451.12, 165.00
451.46, 173.00
451.80, 168.00
452.14, 159.00
452.48, 163.00
452.82, 165.00
453.16, 163.00
453.50, 170.00
453.84, 158.00
454.18, 206.00
454.52, 170.00
454.86, 166.00
455.19, 180.00
455.53, 167.00
455.87, 171.00
456.21, 177.00
456.55, 176.00
456.89, 168.00
457.23, 176.00
457.57, 175.00
457.91, 184.00
458.25, 177.00
458.59, 183.00
458.92, 198.00
459.26, 194.00
459.60, 201.00
459.94, 182.00
460.28, 170.00
460.62, 174.00
460.96, 162.00
461.30, 162.00
461.63, 162.00
461.97, 162.00
462.31, 157.00
462.65, 160.00
462.99, 169.00
463.33, 170.00
463.67, 168.00
464.00, 176.00
464.34, 174.00
464.68, 181.00
465.02, 189.00
465.36, 184.00
465.70, 177.00
466.03, 176.00
466.37, 165.00
466.71, 173.00
467.05, 184.00
467.39, 185.00
467.72, 202.00
468.06, 216.00
468.40, 229.00
468.74, 238.00
469.08, 239.00
469.41, 265.00
469.75, 296.00
470.09, 336.00
470.43, 342.00
470.76, 282.00
471.10, 258.00
471.44, 237.00
471.78, 203.00
472.11, 194.00
472.45, 187.00
472.79, 175.00
473.13, 163.00
473.46, 170.00
473.80, 167.00
474.14, 167.00
474.48, 167.00
474.81, 163.00
475.15, 161.00
475.49, 172.00
475.82, 172.00
476.16, 164.00
476.50, 158.00
476.84, 168.00
477.17, 162.00
477.51, 160.00
477.85, 163.00
478.18, 180.00
478.52, 157.00
478.86, 215.00
479.19, 173.00
479.53, 168.00
479.87, 212.00
480.20, 177.00
480.54, 170.00
480.88, 164.00
481.21, 171.00
481.55, 171.00
481.89, 169.00
482.22, 177.00
482.56, 185.00
482.90, 179.00
483.23, 186.00
483.57, 190.00
483.90, 199.00
484.24, 200.00
484.58, 206.00
484.91, 211.00
485.25, 218.00
485.58, 227.00
485.92, 226.00
486.26, 229.00
486.59, 231.00
486.93, 235.00
487.26, 234.00
487.60, 232.00
487.94, 235.00
488.27, 234.00
488.61, 224.00
488.94, 227.00
489.28, 229.00
489.61, 227.00
489.95, 223.00
490.29, 234.00
490.62, 224.00
490.96, 222.00
491.29, 226.00
491.63, 224.00
491.96, 213.00
492.30, 218.00
492.63, 209.00
492.97, 208.00
493.30, 207.00
493.64, 208.00
493.97, 205.00
494.31, 205.00
494.64, 205.00
494.98, 201.00
495.31, 205.00
495.65, 194.00
495.98, 201.00
496.32, 191.00
496.65, 230.00
496.99, 197.00
497.32, 186.00
497.66, 182.00
497.99, 182.00
498.33, 180.00
498.66, 173.00
499.00, 183.00
499.33, 175.00
499.67, 171.00
500.00, 177.00
500.34, 180.00
500.67, 188.00
501.00, 183.00
501.34, 179.00
501.67, 182.00
502.01, 173.00
502.34, 174.00
502.68, 180.00
503.01, 173.00
503.34, 173.00
503.68, 172.00
504.01, 172.00
504.35, 176.00
504.68, 174.00
505.01, 169.00
505.35, 169.00
505.68, 175.00
506.02, 172.00
506.35, 178.00
506.68, 184.00
507.02, 179.00
507.35, 179.00
507.68, 167.00
508.02, 170.00
508.35, 172.00
508.69, 165.00
509.02, 171.00
509.35, 165.00
509.69, 162.00
510.02, 172.00
510.35, 165.00
510.69, 160.00
511.02, 166.00
511.35, 167.00
511.69, 166.00
512.02, 161.00
512.35, 165.00
512.68, 167.00
513.02, 167.00
513.35, 166.00
513.68, 170.00
514.02, 166.00
514.35, 165.00
514.68, 168.00
515.01, 157.00
515.35, 167.00
515.68, 162.00
516.01, 156.00
516.35, 161.00
516.68, 160.00
517.01, 158.00
517.34, 165.00
517.68, 162.00
518.01, 168.00
518.34, 159.00
518.67, 161.00
519.01, 165.00
519.34, 167.00
519.67, 172.00
520.00, 169.00
520.33, 168.00
520.67, 171.00
521.00, 175.00
521.33, 176.00
521.66, 190.00
522.00, 188.00
522.33, 185.00
522.66, 181.00
522.99, 178.00
523.32, 179.00
523.65, 169.00
523.99, 172.00
524.32, 170.00
524.65, 161.00
524.98, 173.00
525.31, 171.00
525.65, 202.00
525.98, 169.00
526.31, 162.00
526.64, 170.00
526.97, 165.00
527.30, 162.00
527.63, 165.00
527.97, 158.00
528.30, 161.00
528.63, 172.00
528.96, 191.00
529.29, 158.00
529.62, 164.00
529.95, 163.00
530.28, 157.00
530.61, 156.00
530.95, 152.00
531.28, 157.00
531.61, 162.00
531.94, 169.00
532.27, 171.00
532.60, 177.00
532.93, 172.00
533.26, 171.00
533.59, 163.00
533.92, 170.00
534.25, 169.00
534.58, 201.00
534.91, 168.00
535.25, 163.00
535.58, 165.00
535.91, 166.00
536.24, 171.00
536.57, 179.00
536.90, 173.00
537.23, 184.00
537.56, 224.00
537.89, 191.00
538.22, 198.00
538.55, 202.00
538.88, 215.00
539.21, 337.00
539.54, 228.00
539.87, 252.00
540.20, 266.00
540.53, 295.00
540.86, 366.00
541.19, 384.00
541.52, 405.00
541.85, 445.00
542.18, 460.00
542.51, 460.00
542.84, 479.00
543.17, 473.00
543.50, 461.00
543.82, 454.00
544.15, 444.00
544.48, 437.00
544.81, 469.00
545.14, 512.00
545.47, 480.00
545.80, 466.00
546.13, 372.00
546.46, 375.00
546.79, 336.00
547.12, 286.00
547.45, 276.00
547.78, 273.00
548.10, 262.00
548.43, 250.00
548.76, 250.00
549.09, 242.00
549.42, 243.00
549.75, 232.00
550.08, 226.00
550.41, 219.00
550.74, 228.00
551.06, 217.00
551.39, 223.00
551.72, 215.00
552.05, 200.00
552.38, 207.00
552.71, 197.00
553.03, 200.00
553.36, 194.00
553.69, 191.00
554.02, 182.00
554.35, 180.00
554.68, 173.00
555.00, 178.00
555.33, 171.00
555.66, 166.00
555.99, 191.00
556.32, 174.00
556.64, 170.00
556.97, 185.00
557.30, 172.00
557.63, 182.00
557.96, 182.00
558.28, 175.00
558.61, 181.00
558.94, 182.00
559.27, 176.00
559.59, 176.00
559.92, 174.00
560.25, 180.00
560.58, 173.00
560.90, 180.00
561.23, 172.00
561.56, 176.00
561.89, 172.00
562.21, 164.00
562.54, 171.00
562.87, 164.00
563.20, 171.00
563.52, 164.00
563.85, 156.00
564.18, 184.00
564.50, 164.00
564.83, 194.00
565.16, 212.00
565.48, 157.00
565.81, 159.00
566.14, 154.00
566.47, 151.00
566.79, 160.00
567.12, 160.00
567.45, 180.00
567.77, 158.00
568.10, 158.00
568.43, 156.00
568.75, 153.00
569.08, 162.00
569.40, 198.00
569.73, 163.00
570.06, 156.00
570.38, 156.00
570.71, 153.00
571.04, 156.00
571.36, 168.00
571.69, 161.00
572.01, 154.00
572.34, 157.00
572.67, 158.00
572.99, 158.00
573.32, 177.00
573.64, 150.00
573.97, 153.00
574.30, 157.00
574.62, 160.00
574.95, 158.00
575.27, 165.00
575.60, 163.00
575.92, 172.00
576.25, 186.00
576.58, 182.00
576.90, 177.00
577.23, 207.00
577.55, 173.00
577.88, 172.00
578.20, 178.00
578.53, 184.00
578.85, 199.00
579.18, 195.00
579.50, 191.00
579.83, 196.00
580.15, 196.00
580.48, 189.00
580.80, 193.00
581.13, 197.00
581.45, 196.00
581.78, 196.00
582.10, 207.00
582.43, 211.00
582.75, 209.00
583.08, 207.00
583.40, 207.00
583.73, 266.00
584.05, 215.00
584.38, 205.00
584.70, 253.00
585.03, 204.00
585.35, 199.00
585.67, 212.00
586.00, 230.00
586.32, 244.00
586.65, 263.00
586.97, 257.00
587.30, 258.00
587.62, 232.00
587.94, 239.00
588.27, 216.00
588.59, 209.00
588.92, 198.00
589.24, 199.00
589.56, 200.00
589.89, 203.00
590.21, 189.00
590.54, 187.00
590.86, 189.00
591.18, 193.00
591.51, 194.00
591.83, 207.00
592.15, 204.00
592.48, 208.00
592.80, 207.00
593.13, 199.00
593.45, 196.00
593.77, 194.00
594.10, 186.00
594.42, 182.00
594.74, 185.00
595.07, 189.00
595.39, 185.00
595.71, 186.00
596.03, 185.00
596.36, 188.00
596.68, 185.00
597.00, 189.00
597.33, 193.00
597.65, 193.00
597.97, 199.00
598.30, 194.00
598.62, 198.00
598.94, 200.00
599.26, 197.00
599.59, 193.00
599.91, 202.00
600.23, 187.00
600.55, 191.00
600.88, 183.00
601.20, 178.00
601.52, 176.00
601.84, 175.00
602.17, 179.00
602.49, 166.00
602.81, 165.00
603.13, 172.00
603.45, 173.00
603.78, 170.00
604.10, 167.00
604.42, 166.00
604.74, 165.00
605.07, 163.00
605.39, 165.00
605.71, 166.00
606.03, 169.00
606.35, 165.00
606.67, 179.00
607.00, 176.00
607.32, 173.00
607.64, 180.00
607.96, 181.00
608.28, 193.00
608.60, 201.00
608.93, 214.00
609.25, 249.00
609.57, 304.00
609.89, 394.00
610.21, 479.00
610.53, 510.00
610.85, 494.00
611.17, 467.00
611.50, 430.00
611.82, 405.00
612.14, 363.00
612.46, 338.00
612.78, 316.00
613.10, 301.00
613.42, 284.00
613.74, 292.00
614.06, 297.00
614.38, 267.00
614.70, 263.00
615.03, 261.00
615.35, 251.00
615.67, 330.00
615.99, 217.00
616.31, 202.00
616.63, 206.00
616.95, 193.00
617.27, 192.00
617.59, 181.00
617.91, 189.00
618.23, 190.00
618.55, 189.00
618.87, 186.00
619.19, 185.00
619.51, 187.00
619.83, 182.00
620.15, 186.00
620.47, 192.00
620.79, 191.00
621.11, 185.00
621.43, 180.00
621.75, 190.00
622.07, 188.00
622.39, 185.00
622.71, 183.00
623.03, 183.00
623.35, 220.00
623.67, 181.00
623.99, 179.00
624.31, 187.00
624.63, 181.00
624.95, 181.00
625.26, 182.00
625.58, 175.00
625.90, 205.00
626.22, 176.00
626.54, 177.00
626.86, 178.00
627.18, 176.00
627.50, 180.00
627.82, 176.00
628.14, 173.00
628.46, 187.00
628.77, 175.00
629.09, 193.00
629.41, 189.00
629.73, 198.00
630.05, 214.00
630.37, 201.00
630.69, 202.00
631.00, 211.00
631.32, 201.00
631.64, 187.00
631.96, 180.00
632.28, 176.00
632.60, 182.00
632.92, 169.00
633.23, 167.00
633.55, 175.00
633.87, 174.00
634.19, 167.00
634.51, 172.00
634.82, 184.00
635.14, 179.00
635.46, 172.00
635.78, 174.00
636.10, 170.00
636.41, 170.00
636.73, 174.00
637.05, 176.00
637.37, 177.00
637.68, 167.00
638.00, 168.00
638.32, 171.00
638.64, 182.00
638.95, 203.00
639.27, 183.00
639.59, 187.00
639.91, 176.00
640.22, 177.00
640.54, 180.00
640.86, 167.00
641.18, 182.00
641.49, 193.00
641.81, 173.00
642.13, 184.00
642.44, 161.00
642.76, 164.00
643.08, 154.00
643.40, 159.00
643.71, 175.00
644.03, 170.00
644.35, 175.00
644.66, 170.00
644.98, 171.00
645.30, 168.00
645.61, 186.00
645.93, 164.00
646.25, 164.00
646.56, 171.00
646.88, 194.00
647.19, 163.00
647.51, 166.00
647.83, 162.00
648.14, 154.00
648.46, 156.00
648.78, 174.00
649.09, 162.00
649.41, 210.00
649.72, 170.00
650.04, 178.00
650.36, 168.00
650.67, 170.00
650.99, 170.00
651.30, 166.00
651.62, 167.00
651.93, 167.00
652.25, 182.00
652.57, 209.00
652.88, 161.00
653.20, 170.00
653.51, 166.00
653.83, 161.00
654.14, 163.00
654.46, 157.00
654.77, 165.00
655.09, 172.00
655.40, 177.00
655.72, 171.00
656.04, 162.00
656.35, 164.00
656.67, 168.00
656.98, 160.00
657.30, 163.00
657.61, 157.00
657.93, 162.00
658.24, 166.00
658.55, 210.00
658.87, 166.00
659.18, 170.00
659.50, 167.00
659.81, 169.00
660.13, 162.00
660.44, 166.00
660.76, 167.00
661.07, 185.00
661.39, 166.00
661.70, 164.00
662.01, 160.00
662.33, 155.00
662.64, 163.00
662.96, 165.00
663.27, 155.00
663.59, 158.00
663.90, 151.00
664.21, 152.00
664.53, 180.00
664.84, 155.00
665.16, 184.00
665.47, 160.00
665.78, 158.00
666.10, 164.00
666.41, 181.00
666.72, 181.00
667.04, 189.00
667.35, 187.00
667.67, 178.00
667.98, 171.00
668.29, 175.00
668.61, 163.00
668.92, 164.00
669.23, 163.00
669.55, 160.00
669.86, 190.00
670.17, 161.00
670.48, 158.00
670.80, 153.00
671.11, 155.00
671.42, 157.00
671.74, 156.00
672.05, 156.00
672.36, 162.00
672.68, 155.00
672.99, 156.00
673.30, 153.00
673.61, 157.00
673.93, 154.00
674.24, 153.00
674.55, 150.00
674.86, 159.00
675.18, 162.00
675.49, 160.00
675.80, 157.00
676.11, 168.00
676.43, 158.00
676.74, 162.00
677.05, 161.00
677.36, 165.00
677.67, 162.00
677.99, 162.00
678.30, 157.00
678.61, 161.00
678.92, 159.00
679.23, 160.00
679.55, 161.00
679.86, 160.00
680.17, 161.00
680.48, 167.00
680.79, 159.00
681.10, 160.00
681.42, 160.00
681.73, 150.00
682.04, 156.00
682.35, 153.00
682.66, 158.00
682.97, 154.00
683.28, 156.00
683.60, 161.00
683.91, 154.00
684.22, 166.00
684.53, 156.00
684.84, 148.00
685.15, 154.00
685.46, 180.00
685.77, 157.00
686.08, 161.00
686.40, 193.00
686.71, 161.00
687.02, 162.00
687.33, 160.00
687.64, 151.00
687.95, 151.00
688.26, 149.00
688.57, 150.00
688.88, 152.00
689.19, 151.00
689.50, 153.00
689.81, 154.00
690.12, 150.00
690.43, 165.00
690.74, 148.00
691.05, 150.00
691.36, 166.00
691.67, 155.00
691.98, 151.00
692.29, 149.00
692.60, 154.00
692.91, 155.00
693.22, 148.00
693.53, 146.00
693.84, 154.00
694.15, 150.00
694.46, 148.00
694.77, 151.00
695.08, 149.00
695.39, 158.00
695.70, 149.00
696.01, 150.00
696.32, 148.00
696.63, 145.00
696.94, 149.00
697.25, 143.00
697.56, 152.00
697.87, 157.00
698.17, 190.00
698.48, 151.00
698.79, 146.00
699.10, 148.00
699.41, 154.00
699.72, 147.00
700.03, 149.00
700.34, 154.00
700.65, 150.00
700.95, 148.00
701.26, 154.00
701.57, 148.00
701.88, 153.00
702.19, 163.00
702.50, 155.00
702.81, 146.00
703.11, 174.00
703.42, 152.00
703.73, 156.00
704.04, 159.00
704.35, 162.00
704.66, 178.00
704.96, 271.00
705.27, 352.00
705.58, 395.00
705.89, 391.00
706.20, 330.00
706.50, 291.00
706.81, 270.00
707.12, 240.00
707.43, 213.00
707.73, 201.00
708.04, 178.00
708.35, 172.00
708.66, 163.00
708.97, 152.00
709.27, 161.00
709.58, 156.00
709.89, 149.00
710.19, 153.00
710.50, 156.00
710.81, 152.00
711.12, 157.00
711.42, 154.00
711.73, 169.00
712.04, 159.00
712.35, 153.00
712.65, 155.00
712.96, 159.00
713.27, 155.00
713.57, 184.00
713.88, 170.00
714.19, 149.00
714.49, 149.00
714.80, 151.00
715.11, 147.00
715.41, 147.00
715.72, 150.00
716.03, 146.00
716.33, 155.00
716.64, 150.00
716.94, 147.00
717.25, 146.00
717.56, 156.00
717.86, 154.00
718.17, 149.00
718.48, 145.00
718.78, 144.00
719.09, 143.00
719.39, 149.00
719.70, 147.00
720.01, 143.00
720.31, 147.00
720.62, 148.00
720.92, 150.00
721.23, 151.00
721.53, 152.00
721.84, 148.00
722.15, 152.00
722.45, 144.00
722.76, 149.00
723.06, 148.00
723.37, 144.00
723.67, 148.00
723.98, 147.00
724.28, 150.00
724.59, 152.00
724.89, 154.00
725.20, 153.00
725.50, 160.00
725.81, 150.00
726.11, 149.00
726.42, 156.00
726.72, 159.00
727.03, 199.00
727.33, 166.00
727.64, 164.00
727.94, 159.00
728.25, 156.00
728.55, 152.00
728.86, 173.00
729.16, 149.00
729.46, 145.00
729.77, 148.00
730.07, 149.00
730.38, 143.00
730.68, 145.00
730.99, 157.00
731.29, 145.00
731.59, 151.00
731.90, 150.00
732.20, 144.00
732.51, 152.00
732.81, 146.00
733.11, 150.00
733.42, 143.00
733.72, 153.00
734.02, 151.00
734.33, 147.00
734.63, 150.00
734.94, 150.00
735.24, 154.00
735.54, 146.00
735.85, 150.00
736.15, 150.00
736.45, 146.00
736.76, 145.00
737.06, 141.00
737.36, 151.00
737.67, 150.00
737.97, 150.00
738.27, 147.00
738.57, 147.00
738.88, 143.00
739.18, 183.00
739.48, 151.00
739.79, 145.00
740.09, 145.00
740.39, 147.00
740.69, 149.00
741.00, 146.00
741.30, 152.00
741.60, 145.00
741.90, 146.00
742.21, 152.00
742.51, 186.00
742.81, 145.00
743.11, 148.00
743.42, 173.00
743.72, 142.00
744.02, 151.00
744.32, 152.00
744.63, 156.00
744.93, 159.00
745.23, 152.00
745.53, 156.00
745.83, 154.00
746.13, 155.00
746.44, 154.00
746.74, 147.00
747.04, 152.00
747.34, 151.00
747.64, 151.00
747.94, 149.00
748.25, 153.00
748.55, 156.00
748.85, 153.00
749.15, 152.00
749.45, 182.00
749.75, 162.00
750.05, 158.00
750.35, 146.00
750.66, 156.00
750.96, 154.00
751.26, 150.00
751.56, 154.00
751.86, 156.00
752.16, 147.00
752.46, 145.00
752.76, 144.00
753.06, 145.00
753.36, 185.00
753.66, 148.00
753.96, 151.00
754.27, 146.00
754.57, 143.00
754.87, 148.00
755.17, 142.00
755.47, 147.00
755.77, 147.00
756.07, 145.00
756.37, 151.00
756.67, 149.00
756.97, 149.00
757.27, 154.00
757.57, 150.00
757.87, 154.00
758.17, 150.00
758.47, 154.00
758.77, 159.00
759.07, 150.00
759.37, 153.00
759.67, 149.00
759.97, 151.00
760.27, 143.00
760.57, 152.00
760.86, 147.00
761.16, 148.00
761.46, 148.00
761.76, 182.00
762.06, 146.00
762.36, 153.00
762.66, 151.00
762.96, 150.00
763.26, 153.00
763.56, 176.00
763.86, 159.00
764.16, 149.00
764.45, 163.00
764.75, 152.00
765.05, 149.00
765.35, 147.00
765.65, 148.00
765.95, 146.00
766.25, 153.00
766.55, 155.00
766.84, 151.00
767.14, 150.00
767.44, 142.00
767.74, 147.00
768.04, 156.00
768.34, 148.00
768.63, 148.00
768.93, 149.00
769.23, 156.00
769.53, 144.00
769.83, 152.00
770.12, 151.00
770.42, 148.00
770.72, 148.00
771.02, 157.00
771.32, 149.00
771.61, 150.00
771.91, 152.00
772.21, 144.00
772.51, 148.00
772.80, 152.00
773.10, 148.00
773.40, 151.00
773.70, 149.00
773.99, 153.00
774.29, 160.00
774.59, 157.00
774.88, 151.00
775.18, 162.00
775.48, 215.00
775.78, 329.00
776.07, 433.00
776.37, 480.00
776.67, 435.00
776.96, 330.00
777.26, 322.00
777.56, 236.00
777.85, 218.00
778.15, 208.00
778.45, 204.00
778.74, 191.00
779.04, 176.00
779.34, 163.00
779.63, 161.00
779.93, 143.00
780.22, 142.00
780.52, 144.00
780.82, 144.00
781.11, 144.00
781.41, 146.00
781.71, 147.00
782.00, 145.00
782.30, 150.00
782.59, 148.00
782.89, 145.00
783.19, 146.00
783.48, 145.00
783.78, 149.00
784.07, 159.00
784.37, 150.00
784.66, 148.00
784.96, 146.00
785.25, 148.00
785.55, 144.00
785.84, 149.00
786.14, 149.00
786.44, 146.00
786.73, 146.00
787.03, 149.00
787.32, 147.00
787.62, 149.00
787.91, 148.00
788.21, 152.00
788.50, 149.00
788.80, 149.00
789.09, 148.00
789.39, 148.00
789.68, 144.00
789.97, 145.00
790.27, 151.00
790.56, 147.00
790.86, 149.00
791.15, 141.00
791.45, 141.00
791.74, 167.00
792.04, 142.00
792.33, 143.00
792.62, 173.00
792.92, 145.00
793.21, 143.00
793.51, 151.00
793.80, 141.00
794.09, 146.00
794.39, 145.00
794.68, 138.00
794.98, 143.00
795.27, 145.00
795.56, 146.00
795.86, 145.00
796.15, 144.00
796.44, 153.00
796.74, 144.00
797.03, 143.00
797.32, 146.00
797.62, 146.00
797.91, 158.00
798.20, 145.00
798.50, 151.00
798.79, 164.00
799.08, 143.00
799.38, 145.00
799.67, 145.00
799.96, 157.00
800.26, 169.00
800.55, 143.00
800.84, 148.00
801.13, 142.00
801.43, 139.00
801.72, 180.00
802.01, 149.00
802.30, 147.00
802.60, 137.00
802.89, 147.00
803.18, 146.00
803.47, 145.00
803.77, 149.00
804.06, 146.00
804.35, 145.00
804.64, 160.00
804.94, 149.00
805.23, 143.00
805.52, 147.00
805.81, 147.00
806.10, 145.00
806.39, 143.00
806.69, 148.00
806.98, 147.00
807.27, 148.00
807.56, 152.00
807.85, 145.00
808.14, 146.00
808.44, 155.00
808.73, 145.00
809.02, 160.00
809.31, 147.00
809.60, 145.00
809.89, 152.00
810.18, 147.00
810.48, 152.00
810.77, 141.00
811.06, 142.00
811.35, 143.00
811.64, 147.00
811.93, 159.00
812.22, 145.00
812.51, 145.00
812.80, 143.00
813.09, 139.00
813.38, 141.00
813.67, 165.00
813.96, 147.00
814.26, 141.00
814.55, 142.00
814.84, 140.00
815.13, 149.00
815.42, 149.00
815.71, 146.00
816.00, 147.00
816.29, 153.00
816.58, 151.00
816.87, 140.00
817.16, 142.00
817.45, 151.00
817.74, 148.00
818.03, 144.00
818.32, 143.00
818.61, 145.00
818.90, 147.00
819.19, 141.00
819.48, 146.00
819.76, 143.00
820.05, 144.00
820.34, 145.00
820.63, 146.00
820.92, 138.00
821.21, 141.00
821.50, 149.00
821.79, 138.00
822.08, 141.00
822.37, 143.00
822.66, 142.00
822.95, 149.00
823.23, 145.00
823.52, 164.00
823.81, 148.00
824.10, 147.00
824.39, 146.00
824.68, 145.00
824.97, 155.00
825.26, 144.00
825.54, 194.00
825.83, 148.00
826.12, 143.00
826.41, 147.00
826.70, 144.00
826.99, 150.00
827.27, 143.00
827.56, 165.00
827.85, 150.00
828.14, 146.00
828.43, 144.00
828.71, 150.00
829.00, 145.00
829.29, 147.00
829.58, 141.00
829.86, 142.00
830.15, 151.00
830.44, 144.00
830.73, 149.00
831.01, 140.00
831.30, 145.00
831.59, 150.00
831.88, 143.00
832.16, 143.00
832.45, 150.00
832.74, 143.00
833.03, 142.00
833.31, 147.00
833.60, 144.00
833.89, 135.00
834.17, 150.00
834.46, 142.00
834.75, 142.00
835.03, 142.00
835.32, 145.00
835.61, 152.00
835.89, 161.00
836.18, 143.00
836.47, 142.00
836.75, 143.00
837.04, 149.00
837.33, 148.00
837.61, 143.00
837.90, 142.00
838.19, 144.00
838.47, 141.00
838.76, 143.00
839.04, 139.00
839.33, 139.00
839.62, 142.00
839.90, 140.00
840.19, 143.00
840.47, 138.00
840.76, 165.00
841.04, 143.00
841.33, 149.00
841.62, 147.00
841.90, 145.00
842.19, 142.00
842.47, 177.00
842.76, 147.00
843.04, 152.00
843.33, 170.00
843.61, 154.00
843.90, 155.00
844.18, 158.00
844.47, 157.00
844.75, 158.00
845.04, 152.00
845.32, 149.00
845.61, 154.00
845.89, 148.00
846.18, 150.00
846.46, 149.00
846.75, 151.00
847.03, 156.00
847.32, 145.00
847.60, 143.00
847.88, 146.00
848.17, 146.00
848.45, 155.00
848.74, 146.00
849.02, 137.00
849.31, 143.00
849.59, 140.00
849.87, 140.00
850.16, 145.00
850.44, 146.00
850.73, 173.00
851.01, 147.00
851.29, 142.00
851.58, 148.00
851.86, 142.00
852.14, 140.00
852.43, 143.00
852.71, 143.00
853.00, 143.00
853.28, 145.00
853.56, 147.00
853.85, 145.00
854.13, 141.00
854.41, 142.00
854.69, 145.00
854.98, 144.00
855.26, 198.00
855.54, 146.00
855.83, 142.00
856.11, 148.00
856.39, 143.00
856.68, 143.00
856.96, 145.00
857.24, 141.00
857.52, 143.00
857.81, 142.00
858.09, 139.00
858.37, 142.00
858.65, 145.00
858.94, 144.00
859.22, 144.00
