190.05, 0.00
190.41, 134.00
190.77, 136.00
191.14, 143.00
191.50, 136.00
191.86, 158.00
192.22, 144.00
192.58, 143.00
192.94, 143.00
193.31, 149.00
193.67, 139.00
194.03, 152.00
194.39, 144.00
194.75, 147.00
195.11, 156.00
195.47, 160.00
195.84, 143.00
196.20, 145.00
196.56, 160.00
196.92, 147.00
197.28, 150.00
197.64, 145.00
198.00, 149.00
198.37, 148.00
198.73, 149.00
199.09, 144.00
199.45, 152.00
199.81, 151.00
200.17, 158.00
200.53, 147.00
200.89, 153.00
201.25, 184.00
201.62, 145.00
201.98, 148.00
202.34, 146.00
202.70, 151.00
203.06, 140.00
203.42, 147.00
203.78, 145.00
204.14, 149.00
204.50, 178.00
204.86, 161.00
205.22, 158.00
205.58, 154.00
205.95, 147.00
206.31, 149.00
206.67, 152.00
207.03, 150.00
207.39, 155.00
207.75, 150.00
208.11, 150.00
208.47, 148.00
208.83, 149.00
209.19, 149.00
209.55, 154.00
209.91, 150.00
210.27, 148.00
210.63, 148.00
210.99, 157.00
211.35, 148.00
211.71, 156.00
212.07, 152.00
212.43, 155.00
212.79, 153.00
213.15, 147.00
213.51, 147.00
213.87, 153.00
214.23, 152.00
214.59, 149.00
214.95, 149.00
215.31, 150.00
215.67, 148.00
216.03, 180.00
216.39, 150.00
216.75, 150.00
217.11, 154.00
217.47, 150.00
217.83, 148.00
218.19, 147.00
218.55, 150.00
218.91, 148.00
219.27, 150.00
219.63, 150.00
219.99, 147.00
220.35, 151.00
220.71, 160.00
221.07, 150.00
221.43, 156.00
221.79, 146.00
222.15, 153.00
222.51, 151.00
222.87, 148.00
223.23, 151.00
223.59, 147.00
223.95, 146.00
224.31, 151.00
224.67, 145.00
225.03, 156.00
225.39, 158.00
225.74, 159.00
226.10, 151.00
226.46, 148.00
226.82, 147.00
227.18, 151.00
227.54, 146.00
227.90, 148.00
228.26, 152.00
228.62, 152.00
228.98, 148.00
229.34, 148.00
229.69, 151.00
230.05, 152.00
230.41, 146.00
230.77, 148.00
231.13, 152.00
231.49, 149.00
231.85, 151.00
232.21, 152.00
232.57, 149.00
232.92, 150.00
233.28, 149.00
233.64, 152.00
234.00, 145.00
234.36, 151.00
234.72, 153.00
235.08, 151.00
235.44, 155.00
235.79, 147.00
236.15, 152.00
236.51, 148.00
236.87, 146.00
237.23, 151.00
237.59, 147.00
237.94, 156.00
238.30, 145.00
238.66, 150.00
239.02, 146.00
239.38, 147.00
239.74, 150.00
240.09, 154.00
240.45, 147.00
240.81, 145.00
241.17, 157.00
241.53, 144.00
241.89, 148.00
242.24, 145.00
242.60, 149.00
242.96, 156.00
243.32, 148.00
243.68, 144.00
244.03, 152.00
244.39, 151.00
244.75, 170.00
245.11, 151.00
245.46, 155.00
245.82, 172.00
246.18, 151.00
246.54, 151.00
246.90, 147.00
247.25, 156.00
247.61, 148.00
247.97, 190.00
248.33, 146.00
248.68, 146.00
249.04, 149.00
249.40, 146.00
249.76, 151.00
250.11, 148.00
250.47, 153.00
250.83, 151.00
251.19, 150.00
251.54, 155.00
251.90, 153.00
252.26, 155.00
252.62, 148.00
252.97, 155.00
253.33, 144.00
253.69, 148.00
254.05, 159.00
254.40, 148.00
254.76, 147.00
255.12, 174.00
255.47, 150.00
255.83, 152.00
256.19, 145.00
256.54, 150.00
256.90, 153.00
257.26, 148.00
257.62, 149.00
257.97, 150.00
258.33, 151.00
258.69, 150.00
259.04, 149.00
259.40, 149.00
259.76, 151.00
260.11, 151.00
260.47, 145.00
260.83, 154.00
261.18, 149.00
261.54, 153.00
261.90, 156.00
262.25, 145.00
262.61, 148.00
262.97, 143.00
263.32, 142.00
263.68, 145.00
264.04, 158.00
264.39, 147.00
264.75, 146.00
265.10, 140.00
265.46, 191.00
265.82, 156.00
266.17, 147.00
266.53, 149.00
266.89, 152.00
267.24, 154.00
267.60, 152.00
267.95, 146.00
268.31, 150.00
268.67, 150.00
269.02, 147.00
269.38, 149.00
269.74, 156.00
270.09, 146.00
270.45, 147.00
270.80, 174.00
271.16, 152.00
271.51, 161.00
271.87, 157.00
272.23, 163.00
272.58, 157.00
272.94, 151.00
273.29, 152.00
273.65, 196.00
274.00, 149.00
274.36, 155.00
274.72, 154.00
275.07, 147.00
275.43, 154.00
275.78, 155.00
276.14, 152.00
276.49, 155.00
276.85, 163.00
277.20, 173.00
277.56, 151.00
277.92, 143.00
278.27, 147.00
278.63, 159.00
278.98, 153.00
279.34, 155.00
279.69, 156.00
280.05, 174.00
280.40, 167.00
280.76, 173.00
281.11, 163.00
281.47, 156.00
281.82, 160.00
282.18, 164.00
282.53, 172.00
282.89, 175.00
283.24, 176.00
283.60, 177.00
283.95, 181.00
284.31, 178.00
284.66, 194.00
285.02, 190.00
285.37, 191.00
285.73, 191.00
286.08, 183.00
286.44, 167.00
286.79, 168.00
287.14, 165.00
287.50, 164.00
287.85, 159.00
288.21, 165.00
288.56, 165.00
288.92, 169.00
289.27, 170.00
289.63, 163.00
289.98, 173.00
290.34, 160.00
290.69, 169.00
291.04, 163.00
291.40, 157.00
291.75, 155.00
292.11, 166.00
292.46, 160.00
292.81, 171.00
293.17, 172.00
293.52, 177.00
293.88, 193.00
294.23, 198.00
294.59, 220.00
294.94, 237.00
295.29, 245.00
295.65, 257.00
296.00, 272.00
296.36, 245.00
296.71, 233.00
297.06, 232.00
297.42, 235.00
297.77, 235.00
298.12, 216.00
298.48, 209.00
298.83, 216.00
299.19, 205.00
299.54, 212.00
299.89, 213.00
300.25, 212.00
300.60, 207.00
300.95, 200.00
301.31, 186.00
301.66, 175.00
302.01, 177.00
302.37, 175.00
302.72, 177.00
303.07, 185.00
303.43, 194.00
303.78, 192.00
304.13, 199.00
304.49, 205.00
304.84, 212.00
305.19, 246.00
305.55, 207.00
305.90, 240.00
306.25, 322.00
306.61, 436.00
306.96, 546.00
307.31, 703.00
307.66, 978.00
308.02, 1303.00
308.37, 1567.00
308.72, 1755.00
309.08, 1779.00
309.43, 1663.00
309.78, 1424.00
310.13, 1238.00
310.49, 1037.00
310.84, 844.00
311.19, 753.00
311.54, 659.00
311.90, 567.00
312.25, 521.00
312.60, 523.00
312.95, 620.00
313.31, 691.00
313.66, 696.00
314.01, 676.00
314.36, 709.00
314.72, 824.00
315.07, 1076.00
315.42, 1287.00
315.77, 1326.00
316.13, 1064.00
316.48, 693.00
316.83, 468.00
317.18, 347.00
317.54, 261.00
317.89, 235.00
318.24, 225.00
318.59, 216.00
318.94, 212.00
319.30, 209.00
319.65, 214.00
320.00, 205.00
320.35, 214.00
320.70, 218.00
321.05, 217.00
321.41, 217.00
321.76, 212.00
322.11, 206.00
322.46, 205.00
322.81, 237.00
323.17, 198.00
323.52, 189.00
323.87, 197.00
324.22, 193.00
324.57, 205.00
324.92, 204.00
325.27, 220.00
325.63, 230.00
325.98, 243.00
326.33, 259.00
326.68, 260.00
327.03, 250.00
327.38, 252.00
327.73, 261.00
328.09, 284.00
328.44, 310.00
328.79, 270.00
329.14, 289.00
329.49, 249.00
329.84, 240.00
330.19, 253.00
330.54, 251.00
330.89, 247.00
331.25, 235.00
331.60, 221.00
331.95, 227.00
332.30, 223.00
332.65, 239.00
333.00, 261.00
333.35, 340.00
333.70, 359.00
334.05, 342.00
334.40, 381.00
334.75, 463.00
335.10, 651.00
335.45, 969.00
335.81, 1382.00
336.16, 2007.00
336.51, 2683.00
336.86, 2751.00
337.21, 2376.00
337.56, 1414.00
337.91, 868.00
338.26, 510.00
338.61, 347.00
338.96, 277.00
339.31, 241.00
339.66, 229.00
340.01, 221.00
340.36, 209.00
340.71, 210.00
341.06, 203.00
341.41, 208.00
341.76, 205.00
342.11, 202.00
342.46, 205.00
342.81, 216.00
343.16, 205.00
343.51, 203.00
343.86, 210.00
344.21, 212.00
344.56, 216.00
344.91, 207.00
345.26, 215.00
345.61, 206.00
345.96, 204.00
346.31, 207.00
346.66, 232.00
347.01, 211.00
347.36, 228.00
347.71, 201.00
348.06, 208.00
348.41, 226.00
348.76, 246.00
349.10, 259.00
349.45, 289.00
349.80, 287.00
350.15, 275.00
350.50, 265.00
350.85, 276.00
351.20, 299.00
351.55, 357.00
351.90, 440.00
352.25, 562.00
352.60, 728.00
352.95, 937.00
353.30, 1023.00
353.64, 903.00
353.99, 683.00
354.34, 564.00
354.69, 496.00
355.04, 531.00
355.39, 644.00
355.74, 844.00
356.09, 1103.00
356.44, 1432.00
356.78, 1973.00
357.13, 2226.00
357.48, 2109.00
357.83, 1601.00
358.18, 1010.00
358.53, 633.00
358.88, 376.00
359.22, 290.00
359.57, 233.00
359.92, 229.00
360.27, 219.00
360.62, 213.00
360.97, 217.00
361.32, 222.00
361.66, 212.00
362.01, 214.00
362.36, 216.00
362.71, 232.00
363.06, 235.00
363.40, 230.00
363.75, 240.00
364.10, 240.00
364.45, 230.00
364.80, 230.00
365.14, 236.00
365.49, 242.00
365.84, 252.00
366.19, 267.00
366.54, 281.00
366.88, 295.00
367.23, 255.00
367.58, 284.00
367.93, 231.00
368.28, 226.00
368.62, 233.00
368.97, 260.00
369.32, 289.00
369.67, 315.00
370.01, 386.00
370.36, 420.00
370.71, 436.00
371.06, 369.00
371.40, 325.00
371.75, 277.00
372.10, 264.00
372.45, 253.00
372.79, 288.00
373.14, 328.00
373.49, 398.00
373.83, 482.00
374.18, 610.00
374.53, 763.00
374.88, 882.00
375.22, 880.00
375.57, 692.00
375.92, 494.00
376.26, 375.00
376.61, 296.00
376.96, 261.00
377.30, 273.00
377.65, 310.00
378.00, 366.00
378.35, 451.00
378.69, 553.00
379.04, 700.00
379.39, 940.00
379.73, 1121.00
380.08, 1120.00
380.43, 845.00
380.77, 594.00
381.12, 469.00
381.47, 371.00
381.81, 288.00
382.16, 257.00
382.50, 242.00
382.85, 300.00
383.20, 241.00
383.54, 246.00
383.89, 260.00
384.24, 258.00
384.58, 281.00
384.93, 315.00
385.27, 304.00
385.62, 305.00
385.97, 304.00
386.31, 284.00
386.66, 320.00
387.00, 297.00
387.35, 304.00
387.70, 346.00
388.04, 451.00
388.39, 469.00
388.73, 565.00
389.08, 674.00
389.43, 761.00
389.77, 834.00
390.12, 983.00
390.46, 1323.00
390.81, 1443.00
391.15, 1394.00
391.50, 1102.00
391.85, 728.00
392.19, 554.00
392.54, 417.00
392.88, 366.00
393.23, 392.00
393.57, 387.00
393.92, 390.00
394.26, 330.00
394.61, 284.00
394.95, 262.00
395.30, 233.00
395.64, 231.00
395.99, 265.00
396.33, 241.00
396.68, 247.00
397.02, 266.00
397.37, 300.00
397.71, 333.00
398.06, 386.00
398.40, 423.00
398.75, 532.00
399.09, 570.00
399.44, 568.00
399.78, 457.00
400.13, 375.00
400.47, 303.00
400.82, 253.00
401.16, 225.00
401.51, 223.00
401.85, 220.00
402.20, 230.00
402.54, 251.00
402.88, 259.00
403.23, 271.00
403.57, 302.00
403.92, 364.00
404.26, 459.00
404.61, 446.00
404.95, 547.00
405.30, 523.00
405.64, 462.00
405.98, 406.00
406.33, 339.00
406.67, 267.00
407.02, 253.00
407.36, 248.00
407.70, 253.00
408.05, 254.00
408.39, 265.00
408.74, 285.00
409.08, 284.00
409.42, 260.00
409.77, 253.00
410.11, 255.00
410.46, 245.00
410.80, 248.00
411.14, 269.00
411.49, 279.00
411.83, 290.00
412.17, 287.00
412.52, 302.00
412.86, 321.00
413.20, 322.00
413.55, 331.00
413.89, 303.00
414.23, 288.00
414.58, 299.00
414.92, 252.00
415.26, 247.00
415.61, 243.00
415.95, 247.00
416.29, 256.00
416.64, 257.00
416.98, 265.00
417.32, 270.00
417.67, 300.00
418.01, 310.00
418.35, 332.00
418.70, 369.00
419.04, 417.00
419.38, 399.00
419.72, 395.00
420.07, 343.00
420.41, 287.00
420.75, 268.00
421.10, 256.00
421.44, 249.00
421.78, 251.00
422.12, 256.00
422.47, 262.00
422.81, 275.00
423.15, 286.00
423.49, 287.00
423.84, 285.00
424.18, 297.00
424.52, 311.00
424.86, 368.00
425.21, 430.00
425.55, 456.00
425.89, 538.00
426.23, 605.00
426.57, 717.00
426.92, 728.00
427.26, 750.00
427.60, 623.00
427.94, 469.00
428.28, 365.00
428.63, 299.00
428.97, 266.00
429.31, 244.00
429.65, 231.00
429.99, 236.00
430.34, 234.00
430.68, 235.00
431.02, 242.00
431.36, 238.00
431.70, 248.00
432.04, 261.00
432.39, 264.00
432.73, 276.00
433.07, 295.00
433.41, 321.00
433.75, 326.00
434.09, 313.00
434.43, 317.00
434.78, 341.00
435.12, 395.00
435.46, 419.00
435.80, 396.00
436.14, 360.00
436.48, 314.00
436.82, 309.00
437.16, 288.00
437.51, 269.00
437.85, 267.00
438.19, 307.00
438.53, 274.00
438.87, 277.00
439.21, 273.00
439.55, 285.00
439.89, 295.00
440.23, 300.00
440.57, 311.00
440.91, 317.00
441.26, 293.00
441.60, 288.00
441.94, 282.00
442.28, 267.00
442.62, 261.00
442.96, 259.00
443.30, 259.00
443.64, 255.00
443.98, 252.00
444.32, 262.00
444.66, 242.00
445.00, 251.00
445.34, 261.00
445.68, 253.00
446.02, 257.00
446.36, 258.00
446.70, 249.00
447.04, 261.00
447.38, 289.00
447.72, 282.00
448.06, 291.00
448.40, 279.00
448.74, 274.00
449.08, 282.00
449.42, 257.00
449.76, 251.00
450.10, 243.00
450.44, 247.00
450.78, 240.00
451.12, 255.00
451.46, 249.00
451.80, 255.00
452.14, 236.00
452.48, 233.00
452.82, 248.00
453.16, 243.00
453.50, 253.00
453.84, 237.00
454.18, 283.00
454.52, 268.00
454.86, 271.00
455.19, 282.00
455.53, 273.00
455.87, 276.00
456.21, 286.00
456.55, 290.00
456.89, 281.00
457.23, 267.00
457.57, 270.00
457.91, 267.00
458.25, 271.00
458.59, 279.00
458.92, 303.00
459.26, 288.00
459.60, 298.00
459.94, 282.00
460.28, 254.00
460.62, 264.00
460.96, 251.00
461.30, 230.00
461.63, 240.00
461.97, 243.00
462.31, 245.00
462.65, 262.00
462.99, 275.00
463.33, 267.00
463.67, 269.00
464.00, 283.00
464.34, 283.00
464.68, 285.00
465.02, 296.00
465.36, 296.00
465.70, 287.00
466.03, 280.00
466.37, 262.00
466.71, 277.00
467.05, 278.00
467.39, 288.00
467.72, 309.00
468.06, 322.00
468.40, 338.00
468.74, 324.00
469.08, 331.00
469.41, 353.00
469.75, 375.00
470.09, 397.00
470.43, 390.00
470.76, 359.00
471.10, 346.00
471.44, 347.00
471.78, 321.00
472.11, 317.00
472.45, 315.00
472.79, 303.00
473.13, 297.00
473.46, 300.00
473.80, 292.00
474.14, 281.00
474.48, 299.00
474.81, 290.00
475.15, 279.00
475.49, 291.00
475.82, 292.00
476.16, 283.00
476.50, 281.00
476.84, 285.00
477.17, 281.00
477.51, 276.00
477.85, 283.00
478.18, 297.00
478.52, 284.00
478.86, 334.00
479.19, 296.00
479.53, 294.00
479.87, 334.00
480.20, 313.00
480.54, 301.00
480.88, 301.00
481.21, 307.00
481.55, 300.00
481.89, 297.00
482.22, 303.00
482.56, 308.00
482.90, 306.00
483.23, 310.00
483.57, 310.00
483.90, 320.00
484.24, 330.00
484.58, 331.00
484.91, 341.00
485.25, 352.00
485.58, 354.00
485.92, 368.00
486.26, 361.00
486.59, 368.00
486.93, 368.00
487.26, 370.00
487.60, 374.00
487.94, 366.00
488.27, 376.00
488.61, 377.00
488.94, 360.00
489.28, 363.00
489.61, 364.00
489.95, 360.00
490.29, 355.00
490.62, 369.00
490.96, 364.00
491.29, 373.00
491.63, 355.00
491.96, 336.00
492.30, 329.00
492.63, 344.00
492.97, 337.00
493.30, 336.00
493.64, 333.00
493.97, 335.00
494.31, 345.00
494.64, 346.00
494.98, 331.00
495.31, 347.00
495.65, 333.00
495.98, 328.00
496.32, 335.00
496.65, 359.00
496.99, 327.00
497.32, 315.00
497.66, 313.00
497.99, 312.00
498.33, 301.00
498.66, 303.00
499.00, 305.00
499.33, 301.00
499.67, 303.00
500.00, 298.00
500.34, 303.00
500.67, 309.00
501.00, 303.00
501.34, 304.00
501.67, 301.00
502.01, 294.00
502.34, 300.00
502.68, 307.00
503.01, 309.00
503.34, 314.00
503.68, 315.00
504.01, 309.00
504.35, 310.00
504.68, 319.00
505.01, 315.00
505.35, 313.00
505.68, 327.00
506.02, 322.00
506.35, 318.00
506.68, 332.00
507.02, 318.00
507.35, 312.00
507.68, 309.00
508.02, 315.00
508.35, 314.00
508.69, 305.00
509.02, 304.00
509.35, 307.00
509.69, 303.00
510.02, 303.00
510.35, 300.00
510.69, 298.00
511.02, 302.00
511.35, 294.00
511.69, 300.00
512.02, 292.00
512.35, 303.00
512.68, 295.00
513.02, 293.00
513.35, 296.00
513.68, 285.00
514.02, 286.00
514.35, 291.00
514.68, 289.00
515.01, 289.00
515.35, 289.00
515.68, 283.00
516.01, 278.00
516.35, 287.00
516.68, 276.00
517.01, 276.00
517.34, 288.00
517.68, 282.00
518.01, 287.00
518.34, 276.00
518.67, 283.00
519.01, 282.00
519.34, 288.00
519.67, 294.00
520.00, 284.00
520.33, 291.00
520.67, 293.00
521.00, 296.00
521.33, 296.00
521.66, 303.00
522.00, 299.00
522.33, 294.00
522.66, 285.00
522.99, 287.00
523.32, 293.00
523.65, 282.00
523.99, 286.00
524.32, 287.00
524.65, 281.00
524.98, 289.00
525.31, 282.00
525.65, 320.00
525.98, 296.00
526.31, 278.00
526.64, 290.00
526.97, 282.00
527.30, 281.00
527.63, 270.00
527.97, 275.00
528.30, 270.00
528.63, 288.00
528.96, 304.00
529.29, 273.00
529.62, 283.00
529.95, 266.00
530.28, 269.00
530.61, 268.00
530.95, 265.00
531.28, 274.00
531.61, 277.00
531.94, 286.00
532.27, 285.00
532.60, 290.00
532.93, 288.00
533.26, 281.00
533.59, 273.00
533.92, 278.00
534.25, 275.00
534.58, 304.00
534.91, 278.00
535.25, 265.00
535.58, 273.00
535.91, 265.00
536.24, 276.00
536.57, 287.00
536.90, 285.00
537.23, 285.00
537.56, 329.00
537.89, 298.00
538.22, 295.00
538.55, 299.00
538.88, 310.00
539.21, 426.00
539.54, 331.00
539.87, 330.00
540.20, 365.00
540.53, 382.00
540.86, 454.00
541.19, 474.00
541.52, 504.00
541.85, 523.00
542.18, 543.00
542.51, 553.00
542.84, 565.00
543.17, 552.00
543.50, 550.00
543.82, 533.00
544.15, 537.00
544.48, 527.00
544.81, 562.00
545.14, 597.00
545.47, 569.00
545.80, 535.00
546.13, 467.00
546.46, 470.00
546.79, 426.00
547.12, 380.00
547.45, 377.00
547.78, 365.00
548.10, 354.00
548.43, 345.00
548.76, 347.00
549.09, 338.00
549.42, 332.00
549.75, 335.00
550.08, 323.00
550.41, 325.00
550.74, 326.00
551.06, 314.00
551.39, 319.00
551.72, 304.00
552.05, 307.00
552.38, 304.00
552.71, 296.00
553.03, 303.00
553.36, 292.00
553.69, 289.00
554.02, 281.00
554.35, 280.00
554.68, 278.00
555.00, 279.00
555.33, 275.00
555.66, 269.00
555.99, 292.00
556.32, 279.00
556.64, 275.00
556.97, 290.00
557.30, 285.00
557.63, 280.00
557.96, 279.00
558.28, 283.00
558.61, 287.00
558.94, 281.00
559.27, 280.00
559.59, 280.00
559.92, 275.00
560.25, 267.00
560.58, 269.00
560.90, 276.00
561.23, 273.00
561.56, 260.00
561.89, 264.00
562.21, 262.00
562.54, 260.00
562.87, 255.00
563.20, 250.00
563.52, 249.00
563.85, 242.00
564.18, 262.00
564.50, 255.00
564.83, 279.00
565.16, 302.00
565.48, 239.00
565.81, 250.00
566.14, 231.00
566.47, 235.00
566.79, 240.00
567.12, 232.00
567.45, 262.00
567.77, 236.00
568.10, 236.00
568.43, 252.00
568.75, 241.00
569.08, 235.00
569.40, 277.00
569.73, 239.00
570.06, 237.00
570.38, 235.00
570.71, 236.00
571.04, 233.00
571.36, 258.00
571.69, 241.00
572.01, 245.00
572.34, 233.00
572.67, 241.00
572.99, 238.00
573.32, 254.00
573.64, 236.00
573.97, 236.00
574.30, 236.00
574.62, 241.00
574.95, 241.00
575.27, 241.00
575.60, 251.00
575.92, 251.00
576.25, 257.00
576.58, 261.00
576.90, 257.00
577.23, 287.00
577.55, 263.00
577.88, 262.00
578.20, 262.00
578.53, 264.00
578.85, 277.00
579.18, 278.00
579.50, 272.00
579.83, 275.00
580.15, 272.00
580.48, 276.00
580.80, 286.00
581.13, 272.00
581.45, 280.00
581.78, 277.00
582.10, 287.00
582.43, 286.00
582.75, 285.00
583.08, 296.00
583.40, 285.00
583.73, 355.00
584.05, 299.00
584.38, 279.00
584.70, 324.00
585.03, 283.00
585.35, 274.00
585.67, 281.00
586.00, 302.00
586.32, 335.00
586.65, 333.00
586.97, 343.00
587.30, 333.00
587.62, 308.00
587.94, 322.00
588.27, 291.00
588.59, 286.00
588.92, 279.00
589.24, 281.00
589.56, 283.00
589.89, 282.00
590.21, 276.00
590.54, 271.00
590.86, 275.00
591.18, 269.00
591.51, 280.00
591.83, 296.00
592.15, 297.00
592.48, 288.00
592.80, 298.00
593.13, 288.00
593.45, 294.00
593.77, 288.00
594.10, 287.00
594.42, 295.00
594.74, 290.00
595.07, 290.00
595.39, 285.00
595.71, 290.00
596.03, 282.00
596.36, 285.00
596.68, 291.00
597.00, 296.00
597.33, 297.00
597.65, 310.00
597.97, 303.00
598.30, 309.00
598.62, 307.00
598.94, 307.00
599.26, 304.00
599.59, 309.00
599.91, 310.00
600.23, 304.00
600.55, 287.00
600.88, 287.00
601.20, 273.00
601.52, 261.00
601.84, 256.00
602.17, 258.00
602.49, 249.00
602.81, 247.00
603.13, 254.00
603.45, 252.00
603.78, 249.00
604.10, 240.00
604.42, 247.00
604.74, 239.00
605.07, 249.00
605.39, 239.00
605.71, 242.00
606.03, 243.00
606.35, 242.00
606.67, 240.00
607.00, 241.00
607.32, 237.00
607.64, 246.00
607.96, 243.00
608.28, 250.00
608.60, 258.00
608.93, 269.00
609.25, 303.00
609.57, 344.00
609.89, 441.00
610.21, 510.00
610.53, 547.00
610.85, 546.00
611.17, 513.00
611.50, 478.00
611.82, 444.00
612.14, 419.00
612.46, 401.00
612.78, 372.00
613.10, 355.00
613.42, 329.00
613.74, 325.00
614.06, 359.00
614.38, 328.00
614.70, 325.00
615.03, 330.00
615.35, 310.00
615.67, 392.00
615.99, 277.00
616.31, 270.00
616.63, 267.00
616.95, 255.00
617.27, 247.00
617.59, 245.00
617.91, 242.00
618.23, 248.00
618.55, 236.00
618.87, 235.00
619.19, 241.00
619.51, 243.00
619.83, 233.00
620.15, 236.00
620.47, 240.00
620.79, 242.00
621.11, 244.00
621.43, 238.00
621.75, 245.00
622.07, 239.00
622.39, 240.00
622.71, 238.00
623.03, 232.00
623.35, 282.00
623.67, 241.00
623.99, 236.00
624.31, 233.00
624.63, 238.00
624.95, 233.00
625.26, 228.00
625.58, 232.00
625.90, 256.00
626.22, 234.00
626.54, 225.00
626.86, 238.00
627.18, 237.00
627.50, 236.00
627.82, 235.00
628.14, 234.00
628.46, 242.00
628.77, 240.00
629.09, 253.00
629.41, 255.00
629.73, 258.00
630.05, 269.00
630.37, 269.00
630.69, 270.00
631.00, 269.00
631.32, 259.00
631.64, 254.00
631.96, 245.00
632.28, 243.00
632.60, 237.00
632.92, 240.00
633.23, 242.00
633.55, 245.00
633.87, 241.00
634.19, 250.00
634.51, 253.00
634.82, 256.00
635.14, 253.00
635.46, 261.00
635.78, 252.00
636.10, 253.00
636.41, 256.00
636.73, 252.00
637.05, 258.00
637.37, 249.00
637.68, 245.00
638.00, 251.00
638.32, 247.00
638.64, 249.00
638.95, 264.00
639.27, 260.00
639.59, 259.00
639.91, 246.00
640.22, 241.00
640.54, 249.00
640.86, 243.00
641.18, 248.00
641.49, 261.00
641.81, 250.00
642.13, 252.00
642.44, 242.00
642.76, 243.00
643.08, 249.00
643.40, 250.00
643.71, 257.00
644.03, 255.00
644.35, 257.00
644.66, 269.00
644.98, 259.00
645.30, 259.00
645.61, 270.00
645.93, 250.00
646.25, 244.00
646.56, 250.00
646.88, 261.00
647.19, 233.00
647.51, 233.00
647.83, 223.00
648.14, 235.00
648.46, 235.00
648.78, 239.00
649.09, 240.00
649.41, 285.00
649.72, 252.00
650.04, 274.00
650.36, 277.00
650.67, 270.00
650.99, 269.00
651.30, 270.00
651.62, 274.00
651.93, 276.00
652.25, 293.00
652.57, 311.00
652.88, 274.00
653.20, 270.00
653.51, 264.00
653.83, 261.00
654.14, 247.00
654.46, 246.00
654.77, 252.00
655.09, 261.00
655.40, 274.00
655.72, 256.00
656.04, 246.00
656.35, 245.00
656.67, 239.00
656.98, 243.00
657.30, 245.00
657.61, 246.00
657.93, 252.00
658.24, 259.00
658.55, 290.00
658.87, 248.00
659.18, 250.00
659.50, 252.00
659.81, 253.00
660.13, 248.00
660.44, 254.00
660.76, 252.00
661.07, 270.00
661.39, 249.00
661.70, 238.00
662.01, 238.00
662.33, 233.00
662.64, 231.00
662.96, 227.00
663.27, 224.00
663.59, 220.00
663.90, 211.00
664.21, 211.00
664.53, 232.00
664.84, 217.00
665.16, 239.00
665.47, 222.00
665.78, 227.00
666.10, 235.00
666.41, 232.00
666.72, 238.00
667.04, 246.00
667.35, 236.00
667.67, 228.00
667.98, 244.00
668.29, 235.00
668.61, 241.00
668.92, 234.00
669.23, 225.00
669.55, 229.00
669.86, 257.00
670.17, 223.00
670.48, 216.00
670.80, 207.00
671.11, 216.00
671.42, 207.00
671.74, 219.00
672.05, 211.00
672.36, 217.00
672.68, 220.00
672.99, 227.00
673.30, 234.00
673.61, 232.00
673.93, 242.00
674.24, 249.00
674.55, 260.00
674.86, 257.00
675.18, 261.00
675.49, 261.00
675.80, 261.00
676.11, 268.00
676.43, 269.00
676.74, 258.00
677.05, 269.00
677.36, 266.00
677.67, 256.00
677.99, 255.00
678.30, 240.00
678.61, 238.00
678.92, 233.00
679.23, 224.00
679.55, 213.00
679.86, 210.00
680.17, 211.00
680.48, 207.00
680.79, 203.00
681.10, 191.00
681.42, 205.00
681.73, 197.00
682.04, 197.00
682.35, 200.00
682.66, 203.00
682.97, 196.00
683.28, 209.00
683.60, 197.00
683.91, 201.00
684.22, 215.00
684.53, 204.00
684.84, 197.00
685.15, 203.00
685.46, 223.00
685.77, 197.00
686.08, 200.00
686.40, 233.00
686.71, 195.00
687.02, 198.00
687.33, 196.00
687.64, 191.00
687.95, 187.00
688.26, 187.00
688.57, 184.00
688.88, 182.00
689.19, 176.00
689.50, 179.00
689.81, 181.00
690.12, 175.00
690.43, 195.00
690.74, 174.00
691.05, 177.00
691.36, 194.00
691.67, 173.00
691.98, 176.00
692.29, 178.00
692.60, 184.00
692.91, 179.00
693.22, 179.00
693.53, 173.00
693.84, 178.00
694.15, 174.00
694.46, 177.00
694.77, 179.00
695.08, 175.00
695.39, 179.00
695.70, 174.00
696.01, 178.00
696.32, 175.00
696.63, 176.00
696.94, 182.00
697.25, 178.00
697.56, 174.00
697.87, 175.00
698.17, 214.00
698.48, 181.00
698.79, 179.00
699.10, 177.00
699.41, 179.00
699.72, 176.00
700.03, 170.00
700.34, 173.00
700.65, 178.00
700.95, 179.00
701.26, 170.00
701.57, 170.00
701.88, 174.00
702.19, 188.00
702.50, 171.00
702.81, 172.00
703.11, 197.00
703.42, 171.00
703.73, 177.00
704.04, 180.00
704.35, 183.00
704.66, 185.00
704.96, 214.00
705.27, 252.00
705.58, 267.00
705.89, 267.00
706.20, 249.00
706.50, 230.00
706.81, 225.00
707.12, 211.00
707.43, 202.00
707.73, 210.00
708.04, 190.00
708.35, 192.00
708.66, 188.00
708.97, 180.00
709.27, 183.00
709.58, 184.00
709.89, 179.00
710.19, 178.00
710.50, 182.00
710.81, 184.00
711.12, 180.00
711.42, 186.00
711.73, 191.00
712.04, 182.00
712.35, 184.00
712.65, 179.00
712.96, 190.00
713.27, 178.00
713.57, 202.00
713.88, 190.00
714.19, 178.00
714.49, 171.00
714.80, 177.00
715.11, 175.00
715.41, 175.00
715.72, 171.00
716.03, 172.00
716.33, 182.00
716.64, 170.00
716.94, 172.00
717.25, 175.00
717.56, 176.00
717.86, 171.00
718.17, 173.00
718.48, 172.00
718.78, 174.00
719.09, 171.00
719.39, 166.00
719.70, 172.00
720.01, 169.00
720.31, 169.00
720.62, 174.00
720.92, 166.00
721.23, 175.00
721.53, 179.00
721.84, 177.00
722.15, 182.00
722.45, 178.00
722.76, 179.00
723.06, 176.00
723.37, 171.00
723.67, 176.00
723.98, 173.00
724.28, 174.00
724.59, 183.00
724.89, 182.00
725.20, 169.00
725.50, 183.00
725.81, 177.00
726.11, 174.00
726.42, 179.00
726.72, 176.00
727.03, 208.00
727.33, 178.00
727.64, 181.00
727.94, 173.00
728.25, 176.00
728.55, 168.00
728.86, 188.00
729.16, 169.00
729.46, 169.00
729.77, 175.00
730.07, 168.00
730.38, 172.00
730.68, 169.00
730.99, 171.00
731.29, 171.00
731.59, 176.00
731.90, 167.00
732.20, 173.00
732.51, 170.00
732.81, 173.00
733.11, 175.00
733.42, 181.00
733.72, 178.00
734.02, 175.00
734.33, 168.00
734.63, 173.00
734.94, 174.00
735.24, 174.00
735.54, 176.00
735.85, 167.00
736.15, 174.00
736.45, 180.00
736.76, 175.00
737.06, 172.00
737.36, 174.00
737.67, 174.00
737.97, 171.00
738.27, 175.00
738.57, 164.00
738.88, 173.00
739.18, 209.00
739.48, 172.00
739.79, 172.00
740.09, 171.00
740.39, 179.00
740.69, 181.00
741.00, 170.00
741.30, 180.00
741.60, 171.00
741.90, 173.00
742.21, 182.00
742.51, 220.00
742.81, 176.00
743.11, 186.00
743.42, 207.00
743.72, 189.00
744.02, 198.00
744.32, 206.00
744.63, 206.00
744.93, 211.00
745.23, 207.00
745.53, 213.00
745.83, 211.00
746.13, 205.00
746.44, 208.00
746.74, 207.00
747.04, 210.00
747.34, 213.00
747.64, 218.00
747.94, 210.00
748.25, 213.00
748.55, 213.00
748.85, 217.00
749.15, 224.00
749.45, 246.00
749.75, 213.00
750.05, 206.00
750.35, 197.00
750.66, 200.00
750.96, 189.00
751.26, 180.00
751.56, 175.00
751.86, 189.00
752.16, 170.00
752.46, 176.00
752.76, 170.00
753.06, 169.00
753.36, 209.00
753.66, 168.00
753.96, 175.00
754.27, 171.00
754.57, 173.00
754.87, 168.00
755.17, 170.00
755.47, 179.00
755.77, 180.00
756.07, 174.00
756.37, 188.00
756.67, 186.00
756.97, 183.00
757.27, 190.00
757.57, 186.00
757.87, 193.00
758.17, 186.00
758.47, 199.00
758.77, 201.00
759.07, 193.00
759.37, 190.00
759.67, 183.00
759.97, 193.00
760.27, 188.00
760.57, 184.00
760.86, 185.00
761.16, 187.00
761.46, 189.00
761.76, 210.00
762.06, 181.00
762.36, 185.00
762.66, 177.00
762.96, 177.00
763.26, 178.00
763.56, 198.00
763.86, 179.00
764.16, 165.00
764.45, 178.00
764.75, 178.00
765.05, 171.00
765.35, 166.00
765.65, 171.00
765.95, 164.00
766.25, 173.00
766.55, 175.00
766.84, 166.00
767.14, 176.00
767.44, 168.00
767.74, 172.00
768.04, 175.00
768.34, 174.00
768.63, 175.00
768.93, 177.00
769.23, 183.00
769.53, 189.00
769.83, 183.00
770.12, 182.00
770.42, 186.00
770.72, 185.00
771.02, 181.00
771.32, 179.00
771.61, 181.00
771.91, 189.00
772.21, 183.00
772.51, 181.00
772.80, 183.00
773.10, 184.00
773.40, 186.00
773.70, 182.00
773.99, 186.00
774.29, 184.00
774.59, 189.00
774.88, 182.00
775.18, 191.00
775.48, 321.00
775.78, 669.00
776.07, 965.00
776.37, 1105.00
776.67, 987.00
776.96, 697.00
777.26, 541.00
777.56, 414.00
777.85, 368.00
778.15, 333.00
778.45, 306.00
778.74, 273.00
779.04, 234.00
779.34, 202.00
779.63, 186.00
779.93, 164.00
780.22, 162.00
780.52, 163.00
780.82, 159.00
781.11, 158.00
781.41, 157.00
781.71, 158.00
782.00, 155.00
782.30, 160.00
782.59, 169.00
782.89, 160.00
783.19, 157.00
783.48, 157.00
783.78, 152.00
784.07, 168.00
784.37, 164.00
784.66, 156.00
784.96, 153.00
785.25, 158.00
785.55, 153.00
785.84, 160.00
786.14, 156.00
786.44, 160.00
786.73, 161.00
787.03, 160.00
787.32, 163.00
787.62, 159.00
787.91, 161.00
788.21, 158.00
788.50, 156.00
788.80, 155.00
789.09, 160.00
789.39, 162.00
789.68, 148.00
789.97, 160.00
790.27, 156.00
790.56, 156.00
790.86, 167.00
791.15, 157.00
791.45, 155.00
791.74, 179.00
792.04, 153.00
792.33, 155.00
792.62, 183.00
792.92, 149.00
793.21, 153.00
793.51, 156.00
793.80, 151.00
794.09, 158.00
794.39, 150.00
794.68, 150.00
794.98, 155.00
795.27, 155.00
795.56, 153.00
795.86, 156.00
796.15, 152.00
796.44, 157.00
796.74, 153.00
797.03, 149.00
797.32, 151.00
797.62, 154.00
797.91, 165.00
798.20, 154.00
798.50, 157.00
798.79, 164.00
799.08, 156.00
799.38, 156.00
799.67, 150.00
799.96, 166.00
800.26, 179.00
800.55, 159.00
800.84, 159.00
801.13, 153.00
801.43, 157.00
801.72, 190.00
802.01, 160.00
802.30, 157.00
802.60, 154.00
802.89, 160.00
803.18, 159.00
803.47, 154.00
803.77, 153.00
804.06, 160.00
804.35, 159.00
804.64, 168.00
804.94, 157.00
805.23, 159.00
805.52, 152.00
805.81, 152.00
806.10, 155.00
806.39, 158.00
806.69, 148.00
806.98, 152.00
807.27, 152.00
807.56, 161.00
807.85, 160.00
808.14, 155.00
808.44, 155.00
808.73, 157.00
809.02, 171.00
809.31, 159.00
809.60, 157.00
809.89, 161.00
810.18, 152.00
810.48, 164.00
810.77, 156.00
811.06, 156.00
811.35, 153.00
811.64, 157.00
811.93, 171.00
812.22, 154.00
812.51, 154.00
812.80, 149.00
813.09, 149.00
813.38, 154.00
813.67, 178.00
813.96, 153.00
814.26, 151.00
814.55, 150.00
814.84, 151.00
815.13, 154.00
815.42, 154.00
815.71, 155.00
816.00, 150.00
816.29, 160.00
816.58, 152.00
816.87, 148.00
817.16, 147.00
817.45, 156.00
817.74, 156.00
818.03, 148.00
818.32, 148.00
818.61, 148.00
818.90, 151.00
819.19, 148.00
819.48, 150.00
819.76, 149.00
820.05, 150.00
820.34, 152.00
820.63, 150.00
820.92, 152.00
821.21, 152.00
821.50, 152.00
821.79, 152.00
822.08, 151.00
822.37, 153.00
822.66, 153.00
822.95, 157.00
823.23, 151.00
823.52, 171.00
823.81, 156.00
824.10, 146.00
824.39, 152.00
824.68, 149.00
824.97, 163.00
825.26, 151.00
825.54, 191.00
825.83, 149.00
826.12, 149.00
826.41, 151.00
826.70, 151.00
826.99, 161.00
827.27, 150.00
827.56, 167.00
827.85, 144.00
828.14, 151.00
828.43, 159.00
828.71, 157.00
829.00, 148.00
829.29, 151.00
829.58, 153.00
829.86, 149.00
830.15, 152.00
830.44, 150.00
830.73, 156.00
831.01, 146.00
831.30, 149.00
831.59, 150.00
831.88, 150.00
832.16, 146.00
832.45, 151.00
832.74, 148.00
833.03, 146.00
833.31, 154.00
833.60, 149.00
833.89, 149.00
834.17, 152.00
834.46, 149.00
834.75, 148.00
835.03, 147.00
835.32, 146.00
835.61, 148.00
835.89, 165.00
836.18, 147.00
836.47, 150.00
836.75, 147.00
837.04, 150.00
837.33, 152.00
837.61, 148.00
837.90, 149.00
838.19, 145.00
838.47, 145.00
838.76, 150.00
839.04, 152.00
839.33, 149.00
839.62, 150.00
839.90, 150.00
840.19, 150.00
840.47, 147.00
840.76, 173.00
841.04, 152.00
841.33, 155.00
841.62, 154.00
841.90, 154.00
842.19, 148.00
842.47, 182.00
842.76, 151.00
843.04, 158.00
843.33, 179.00
843.61, 175.00
843.90, 181.00
844.18, 180.00
844.47, 174.00
844.75, 170.00
845.04, 164.00
845.32, 161.00
845.61, 163.00
845.89, 158.00
846.18, 155.00
846.46, 159.00
846.75, 157.00
847.03, 164.00
847.32, 150.00
847.60, 151.00
847.88, 147.00
848.17, 154.00
848.45, 162.00
848.74, 154.00
849.02, 149.00
849.31, 149.00
849.59, 146.00
849.87, 153.00
850.16, 149.00
850.44, 154.00
850.73, 181.00
851.01, 153.00
851.29, 149.00
851.58, 155.00
851.86, 146.00
852.14, 152.00
852.43, 155.00
852.71, 150.00
853.00, 156.00
853.28, 154.00
853.56, 153.00
853.85, 151.00
854.13, 149.00
854.41, 148.00
854.69, 147.00
854.98, 150.00
855.26, 213.00
855.54, 146.00
855.83, 150.00
856.11, 157.00
856.39, 152.00
856.68, 152.00
856.96, 143.00
857.24, 151.00
857.52, 151.00
857.81, 147.00
858.09, 149.00
858.37, 148.00
858.65, 150.00
858.94, 149.00
859.22, 151.00
