190.05, 0.00
190.41, 137.00
190.77, 138.00
191.14, 134.00
191.50, 137.00
191.86, 163.00
192.22, 146.00
192.58, 147.00
192.94, 144.00
193.31, 146.00
193.67, 140.00
194.03, 153.00
194.39, 146.00
194.75, 146.00
195.11, 152.00
195.47, 163.00
195.84, 143.00
196.20, 140.00
196.56, 163.00
196.92, 147.00
197.28, 148.00
197.64, 144.00
198.00, 142.00
198.37, 146.00
198.73, 144.00
199.09, 144.00
199.45, 148.00
199.81, 151.00
200.17, 153.00
200.53, 146.00
200.89, 153.00
201.25, 180.00
201.62, 148.00
201.98, 143.00
202.34, 148.00
202.70, 158.00
203.06, 143.00
203.42, 146.00
203.78, 149.00
204.14, 146.00
204.50, 171.00
204.86, 163.00
205.22, 151.00
205.58, 146.00
205.95, 146.00
206.31, 142.00
206.67, 147.00
207.03, 147.00
207.39, 155.00
207.75, 143.00
208.11, 147.00
208.47, 141.00
208.83, 151.00
209.19, 148.00
209.55, 147.00
209.91, 152.00
210.27, 150.00
210.63, 146.00
210.99, 157.00
211.35, 144.00
211.71, 151.00
212.07, 147.00
212.43, 153.00
212.79, 151.00
213.15, 144.00
213.51, 146.00
213.87, 152.00
214.23, 144.00
214.59, 149.00
214.95, 149.00
215.31, 146.00
215.67, 145.00
216.03, 179.00
216.39, 148.00
216.75, 145.00
217.11, 151.00
217.47, 147.00
217.83, 147.00
218.19, 154.00
218.55, 151.00
218.91, 147.00
219.27, 147.00
219.63, 150.00
219.99, 144.00
220.35, 146.00
220.71, 152.00
221.07, 147.00
221.43, 145.00
221.79, 143.00
222.15, 148.00
222.51, 151.00
222.87, 146.00
223.23, 145.00
223.59, 148.00
223.95, 148.00
224.31, 148.00
224.67, 145.00
225.03, 151.00
225.39, 155.00
225.74, 152.00
226.10, 150.00
226.46, 149.00
226.82, 155.00
227.18, 150.00
227.54, 150.00
227.90, 152.00
228.26, 150.00
228.62, 155.00
228.98, 145.00
229.34, 152.00
229.69, 146.00
230.05, 148.00
230.41, 142.00
230.77, 152.00
231.13, 154.00
231.49, 148.00
231.85, 143.00
232.21, 153.00
232.57, 149.00
232.92, 141.00
233.28, 142.00
233.64, 148.00
234.00, 145.00
234.36, 149.00
234.72, 143.00
235.08, 152.00
235.44, 146.00
235.79, 143.00
236.15, 149.00
236.51, 146.00
236.87, 141.00
237.23, 150.00
237.59, 145.00
237.94, 155.00
238.30, 145.00
238.66, 151.00
239.02, 147.00
239.38, 147.00
239.74, 146.00
240.09, 157.00
240.45, 146.00
240.81, 149.00
241.17, 151.00
241.53, 149.00
241.89, 149.00
242.24, 149.00
242.60, 144.00
242.96, 151.00
243.32, 152.00
243.68, 154.00
244.03, 147.00
244.39, 148.00
244.75, 163.00
245.11, 151.00
245.46, 149.00
245.82, 175.00
246.18, 144.00
246.54, 151.00
246.90, 143.00
247.25, 144.00
247.61, 143.00
247.97, 185.00
248.33, 148.00
248.68, 148.00
249.04, 146.00
249.40, 142.00
249.76, 146.00
250.11, 145.00
250.47, 150.00
250.83, 151.00
251.19, 152.00
251.54, 157.00
251.90, 152.00
252.26, 150.00
252.62, 142.00
252.97, 148.00
253.33, 143.00
253.69, 145.00
254.05, 151.00
254.40, 143.00
254.76, 144.00
255.12, 174.00
255.47, 148.00
255.83, 142.00
256.19, 144.00
256.54, 140.00
256.90, 143.00
257.26, 147.00
257.62, 146.00
257.97, 147.00
258.33, 145.00
258.69, 140.00
259.04, 143.00
259.40, 145.00
259.76, 148.00
260.11, 149.00
260.47, 141.00
260.83, 149.00
261.18, 147.00
261.54, 153.00
261.90, 145.00
262.25, 145.00
262.61, 143.00
262.97, 147.00
263.32, 140.00
263.68, 144.00
264.04, 153.00
264.39, 149.00
264.75, 143.00
265.10, 147.00
265.46, 187.00
265.82, 159.00
266.17, 148.00
266.53, 143.00
266.89, 146.00
267.24, 150.00
267.60, 146.00
267.95, 142.00
268.31, 140.00
268.67, 149.00
269.02, 142.00
269.38, 142.00
269.74, 151.00
270.09, 147.00
270.45, 143.00
270.80, 165.00
271.16, 145.00
271.51, 150.00
271.87, 147.00
272.23, 156.00
272.58, 149.00
272.94, 142.00
273.29, 144.00
273.65, 195.00
274.00, 148.00
274.36, 148.00
274.72, 146.00
275.07, 147.00
275.43, 149.00
275.78, 150.00
276.14, 145.00
276.49, 141.00
276.85, 153.00
277.20, 161.00
277.56, 148.00
277.92, 141.00
278.27, 143.00
278.63, 148.00
278.98, 142.00
279.34, 147.00
279.69, 144.00
280.05, 167.00
280.40, 154.00
280.76, 149.00
281.11, 150.00
281.47, 146.00
281.82, 142.00
282.18, 149.00
282.53, 148.00
282.89, 155.00
283.24, 157.00
283.60, 150.00
283.95, 153.00
284.31, 151.00
284.66, 152.00
285.02, 155.00
285.37, 152.00
285.73, 153.00
286.08, 153.00
286.44, 148.00
286.79, 153.00
287.14, 150.00
287.50, 155.00
287.85, 146.00
288.21, 148.00
288.56, 146.00
288.92, 150.00
289.27, 150.00
289.63, 150.00
289.98, 158.00
290.34, 147.00
290.69, 158.00
291.04, 146.00
291.40, 147.00
291.75, 148.00
292.11, 150.00
292.46, 144.00
292.81, 154.00
293.17, 140.00
293.52, 144.00
293.88, 144.00
294.23, 150.00
294.59, 149.00
294.94, 152.00
295.29, 161.00
295.65, 164.00
296.00, 182.00
296.36, 159.00
296.71, 158.00
297.06, 161.00
297.42, 170.00
297.77, 165.00
298.12, 164.00
298.48, 164.00
298.83, 154.00
299.19, 155.00
299.54, 152.00
299.89, 155.00
300.25, 155.00
300.60, 161.00
300.95, 160.00
301.31, 152.00
301.66, 149.00
302.01, 148.00
302.37, 152.00
302.72, 151.00
303.07, 147.00
303.43, 152.00
303.78, 154.00
304.13, 154.00
304.49, 160.00
304.84, 162.00
305.19, 198.00
305.55, 155.00
305.90, 166.00
306.25, 175.00
306.61, 217.00
306.96, 245.00
307.31, 312.00
307.66, 401.00
308.02, 508.00
308.37, 590.00
308.72, 640.00
309.08, 636.00
309.43, 616.00
309.78, 518.00
310.13, 454.00
310.49, 405.00
310.84, 319.00
311.19, 299.00
311.54, 252.00
311.90, 234.00
312.25, 226.00
312.60, 226.00
312.95, 248.00
313.31, 267.00
313.66, 268.00
314.01, 267.00
314.36, 278.00
314.72, 289.00
315.07, 347.00
315.42, 406.00
315.77, 432.00
316.13, 352.00
316.48, 275.00
316.83, 225.00
317.18, 191.00
317.54, 164.00
317.89, 161.00
318.24, 161.00
318.59, 154.00
318.94, 155.00
319.30, 153.00
319.65, 158.00
320.00, 157.00
320.35, 154.00
320.70, 158.00
321.05, 156.00
321.41, 157.00
321.76, 157.00
322.11, 152.00
322.46, 152.00
322.81, 198.00
323.17, 159.00
323.52, 153.00
323.87, 152.00
324.22, 153.00
324.57, 154.00
324.92, 157.00
325.27, 155.00
325.63, 164.00
325.98, 158.00
326.33, 160.00
326.68, 153.00
327.03, 156.00
327.38, 156.00
327.73, 160.00
328.09, 175.00
328.44, 201.00
328.79, 173.00
329.14, 207.00
329.49, 178.00
329.84, 172.00
330.19, 178.00
330.54, 164.00
330.89, 171.00
331.25, 167.00
331.60, 165.00
331.95, 160.00
332.30, 156.00
332.65, 157.00
333.00, 169.00
333.35, 216.00
333.70, 216.00
334.05, 183.00
334.40, 190.00
334.75, 184.00
335.10, 232.00
335.45, 287.00
335.81, 409.00
336.16, 600.00
336.51, 825.00
336.86, 879.00
337.21, 773.00
337.56, 524.00
337.91, 355.00
338.26, 242.00
338.61, 190.00
338.96, 171.00
339.31, 157.00
339.66, 158.00
340.01, 157.00
340.36, 153.00
340.71, 153.00
341.06, 146.00
341.41, 157.00
341.76, 154.00
342.11, 159.00
342.46, 149.00
342.81, 155.00
343.16, 154.00
343.51, 147.00
343.86, 155.00
344.21, 154.00
344.56, 152.00
344.91, 151.00
345.26, 159.00
345.61, 151.00
345.96, 149.00
346.31, 153.00
346.66, 176.00
347.01, 152.00
347.36, 177.00
347.71, 153.00
348.06, 149.00
348.41, 168.00
348.76, 176.00
349.10, 166.00
349.45, 180.00
349.80, 170.00
350.15, 173.00
350.50, 169.00
350.85, 177.00
351.20, 165.00
351.55, 188.00
351.90, 200.00
352.25, 234.00
352.60, 276.00
352.95, 338.00
353.30, 362.00
353.64, 341.00
353.99, 288.00
354.34, 251.00
354.69, 246.00
355.04, 253.00
355.39, 297.00
355.74, 361.00
356.09, 437.00
356.44, 521.00
356.78, 663.00
357.13, 754.00
357.48, 717.00
357.83, 576.00
358.18, 415.00
358.53, 306.00
358.88, 217.00
359.22, 195.00
359.57, 158.00
359.92, 154.00
360.27, 155.00
360.62, 159.00
360.97, 151.00
361.32, 159.00
361.66, 158.00
362.01, 154.00
362.36, 153.00
362.71, 160.00
363.06, 155.00
363.40, 158.00
363.75, 156.00
364.10, 162.00
364.45, 160.00
364.80, 157.00
365.14, 158.00
365.49, 160.00
365.84, 154.00
366.19, 161.00
366.54, 163.00
366.88, 181.00
367.23, 162.00
367.58, 217.00
367.93, 157.00
368.28, 153.00
368.62, 159.00
368.97, 167.00
369.32, 172.00
369.67, 172.00
370.01, 196.00
370.36, 200.00
370.71, 223.00
371.06, 191.00
371.40, 182.00
371.75, 165.00
372.10, 162.00
372.45, 155.00
372.79, 167.00
373.14, 167.00
373.49, 182.00
373.83, 206.00
374.18, 241.00
374.53, 284.00
374.88, 307.00
375.22, 318.00
375.57, 276.00
375.92, 233.00
376.26, 194.00
376.61, 180.00
376.96, 160.00
377.30, 163.00
377.65, 177.00
378.00, 181.00
378.35, 199.00
378.69, 240.00
379.04, 269.00
379.39, 346.00
379.73, 407.00
380.08, 419.00
380.43, 343.00
380.77, 268.00
381.12, 237.00
381.47, 210.00
381.81, 178.00
382.16, 161.00
382.50, 166.00
382.85, 227.00
383.20, 166.00
383.54, 160.00
383.89, 160.00
384.24, 172.00
384.58, 176.00
384.93, 205.00
385.27, 199.00
385.62, 190.00
385.97, 189.00
386.31, 187.00
386.66, 216.00
387.00, 193.00
387.35, 204.00
387.70, 211.00
388.04, 311.00
388.39, 297.00
388.73, 400.00
389.08, 545.00
389.43, 734.00
389.77, 963.00
390.12, 1241.00
390.46, 1771.00
390.81, 1948.00
391.15, 1885.00
391.50, 1418.00
391.85, 877.00
392.19, 584.00
392.54, 347.00
392.88, 242.00
393.23, 213.00
393.57, 210.00
393.92, 196.00
394.26, 183.00
394.61, 174.00
394.95, 163.00
395.30, 158.00
395.64, 160.00
395.99, 196.00
396.33, 157.00
396.68, 160.00
397.02, 166.00
397.37, 172.00
397.71, 181.00
398.06, 196.00
398.40, 202.00
398.75, 220.00
399.09, 236.00
399.44, 239.00
399.78, 216.00
400.13, 194.00
400.47, 176.00
400.82, 162.00
401.16, 154.00
401.51, 163.00
401.85, 156.00
402.20, 153.00
402.54, 157.00
402.88, 165.00
403.23, 162.00
403.57, 181.00
403.92, 199.00
404.26, 274.00
404.61, 237.00
404.95, 286.00
405.30, 251.00
405.64, 235.00
405.98, 238.00
406.33, 197.00
406.67, 175.00
407.02, 171.00
407.36, 166.00
407.70, 166.00
408.05, 164.00
408.39, 170.00
408.74, 168.00
409.08, 170.00
409.42, 169.00
409.77, 165.00
410.11, 167.00
410.46, 157.00
410.80, 164.00
411.14, 154.00
411.49, 166.00
411.83, 168.00
412.17, 173.00
412.52, 169.00
412.86, 176.00
413.20, 179.00
413.55, 176.00
413.89, 172.00
414.23, 178.00
414.58, 201.00
414.92, 150.00
415.26, 159.00
415.61, 161.00
415.95, 159.00
416.29, 170.00
416.64, 166.00
416.98, 167.00
417.32, 174.00
417.67, 194.00
418.01, 197.00
418.35, 199.00
418.70, 220.00
419.04, 264.00
419.38, 238.00
419.72, 230.00
420.07, 212.00
420.41, 184.00
420.75, 180.00
421.10, 165.00
421.44, 171.00
421.78, 171.00
422.12, 174.00
422.47, 177.00
422.81, 182.00
423.15, 195.00
423.49, 194.00
423.84, 187.00
424.18, 198.00
424.52, 214.00
424.86, 256.00
425.21, 307.00
425.55, 362.00
425.89, 445.00
426.23, 548.00
426.57, 694.00
426.92, 778.00
427.26, 854.00
427.60, 721.00
427.94, 497.00
428.28, 359.00
428.63, 290.00
428.97, 222.00
429.31, 192.00
429.65, 165.00
429.99, 165.00
430.34, 167.00
430.68, 164.00
431.02, 168.00
431.36, 158.00
431.70, 165.00
432.04, 161.00
432.39, 169.00
432.73, 174.00
433.07, 182.00
433.41, 190.00
433.75, 189.00
434.09, 183.00
434.43, 190.00
434.78, 251.00
435.12, 304.00
435.46, 335.00
435.80, 306.00
436.14, 276.00
436.48, 228.00
436.82, 214.00
437.16, 187.00
437.51, 173.00
437.85, 175.00
438.19, 204.00
438.53, 158.00
438.87, 183.00
439.21, 168.00
439.55, 169.00
439.89, 178.00
440.23, 163.00
440.57, 169.00
440.91, 180.00
441.26, 171.00
441.60, 167.00
441.94, 172.00
442.28, 171.00
442.62, 166.00
442.96, 169.00
443.30, 170.00
443.64, 168.00
443.98, 166.00
444.32, 170.00
444.66, 164.00
445.00, 165.00
445.34, 176.00
445.68, 172.00
446.02, 173.00
446.36, 162.00
446.70, 172.00
447.04, 167.00
447.38, 195.00
447.72, 174.00
448.06, 175.00
448.40, 175.00
448.74, 169.00
449.08, 167.00
449.42, 167.00
449.76, 172.00
450.10, 166.00
450.44, 165.00
450.78, 163.00
451.12, 168.00
451.46, 167.00
451.80, 167.00
452.14, 157.00
452.48, 158.00
452.82, 165.00
453.16, 161.00
453.50, 168.00
453.84, 161.00
454.18, 199.00
454.52, 172.00
454.86, 168.00
455.19, 182.00
455.53, 171.00
455.87, 174.00
456.21, 175.00
456.55, 180.00
456.89, 174.00
457.23, 175.00
457.57, 172.00
457.91, 184.00
458.25, 181.00
458.59, 183.00
458.92, 197.00
459.26, 191.00
459.60, 203.00
459.94, 184.00
460.28, 175.00
460.62, 177.00
460.96, 163.00
461.30, 161.00
461.63, 168.00
461.97, 158.00
462.31, 159.00
462.65, 167.00
462.99, 172.00
463.33, 171.00
463.67, 163.00
464.00, 172.00
464.34, 173.00
464.68, 181.00
465.02, 188.00
465.36, 180.00
465.70, 173.00
466.03, 185.00
466.37, 165.00
466.71, 174.00
467.05, 180.00
467.39, 187.00
467.72, 194.00
468.06, 215.00
468.40, 221.00
468.74, 241.00
469.08, 249.00
469.41, 275.00
469.75, 312.00
470.09, 337.00
470.43, 334.00
470.76, 282.00
471.10, 253.00
471.44, 230.00
471.78, 204.00
472.11, 186.00
472.45, 182.00
472.79, 171.00
473.13, 170.00
473.46, 174.00
473.80, 163.00
474.14, 161.00
474.48, 166.00
474.81, 160.00
475.15, 165.00
475.49, 171.00
475.82, 169.00
476.16, 172.00
476.50, 160.00
476.84, 170.00
477.17, 157.00
477.51, 163.00
477.85, 159.00
478.18, 180.00
478.52, 167.00
478.86, 208.00
479.19, 173.00
479.53, 164.00
479.87, 210.00
480.20, 175.00
480.54, 172.00
480.88, 167.00
481.21, 171.00
481.55, 171.00
481.89, 170.00
482.22, 179.00
482.56, 187.00
482.90, 185.00
483.23, 188.00
483.57, 189.00
483.90, 199.00
484.24, 200.00
484.58, 206.00
484.91, 218.00
485.25, 222.00
485.58, 227.00
485.92, 228.00
486.26, 223.00
486.59, 226.00
486.93, 232.00
487.26, 232.00
487.60, 237.00
487.94, 234.00
488.27, 240.00
488.61, 229.00
488.94, 228.00
489.28, 227.00
489.61, 224.00
489.95, 226.00
490.29, 226.00
490.62, 223.00
490.96, 219.00
491.29, 231.00
491.63, 226.00
491.96, 208.00
492.30, 216.00
492.63, 208.00
492.97, 203.00
493.30, 205.00
493.64, 202.00
493.97, 200.00
494.31, 204.00
494.64, 211.00
494.98, 209.00
495.31, 201.00
495.65, 202.00
495.98, 194.00
496.32, 198.00
496.65, 223.00
496.99, 194.00
497.32, 187.00
497.66, 184.00
497.99, 180.00
498.33, 180.00
498.66, 177.00
499.00, 185.00
499.33, 182.00
499.67, 171.00
500.00, 172.00
500.34, 183.00
500.67, 187.00
501.00, 183.00
501.34, 184.00
501.67, 173.00
502.01, 173.00
502.34, 175.00
502.68, 174.00
503.01, 175.00
503.34, 173.00
503.68, 174.00
504.01, 170.00
504.35, 170.00
504.68, 179.00
505.01, 168.00
505.35, 176.00
505.68, 176.00
506.02, 176.00
506.35, 179.00
506.68, 184.00
507.02, 184.00
507.35, 170.00
507.68, 169.00
508.02, 176.00
508.35, 178.00
508.69, 171.00
509.02, 168.00
509.35, 158.00
509.69, 164.00
510.02, 175.00
510.35, 163.00
510.69, 164.00
511.02, 165.00
511.35, 167.00
511.69, 170.00
512.02, 166.00
512.35, 164.00
512.68, 165.00
513.02, 165.00
513.35, 166.00
513.68, 162.00
514.02, 171.00
514.35, 165.00
514.68, 170.00
515.01, 165.00
515.35, 175.00
515.68, 164.00
516.01, 158.00
516.35, 159.00
516.68, 159.00
517.01, 161.00
517.34, 164.00
517.68, 156.00
518.01, 173.00
518.34, 162.00
518.67, 162.00
519.01, 160.00
519.34, 170.00
519.67, 177.00
520.00, 170.00
520.33, 170.00
520.67, 175.00
521.00, 170.00
521.33, 182.00
521.66, 193.00
522.00, 191.00
522.33, 186.00
522.66, 177.00
522.99, 176.00
523.32, 177.00
523.65, 167.00
523.99, 177.00
524.32, 170.00
524.65, 171.00
524.98, 165.00
525.31, 172.00
525.65, 201.00
525.98, 171.00
526.31, 173.00
526.64, 174.00
526.97, 173.00
527.30, 165.00
527.63, 171.00
527.97, 162.00
528.30, 164.00
528.63, 166.00
528.96, 184.00
529.29, 161.00
529.62, 165.00
529.95, 156.00
530.28, 160.00
530.61, 158.00
530.95, 157.00
531.28, 160.00
531.61, 169.00
531.94, 173.00
532.27, 177.00
532.60, 177.00
532.93, 168.00
533.26, 172.00
533.59, 166.00
533.92, 167.00
534.25, 163.00
534.58, 204.00
534.91, 166.00
535.25, 163.00
535.58, 162.00
535.91, 162.00
536.24, 168.00
536.57, 177.00
536.90, 169.00
537.23, 182.00
537.56, 234.00
537.89, 196.00
538.22, 189.00
538.55, 197.00
538.88, 209.00
539.21, 332.00
539.54, 230.00
539.87, 247.00
540.20, 267.00
540.53, 296.00
540.86, 370.00
541.19, 372.00
541.52, 402.00
541.85, 425.00
542.18, 460.00
542.51, 456.00
542.84, 468.00
543.17, 479.00
543.50, 461.00
543.82, 447.00
544.15, 448.00
544.48, 433.00
544.81, 474.00
545.14, 515.00
545.47, 483.00
545.80, 455.00
546.13, 379.00
546.46, 385.00
546.79, 340.00
547.12, 291.00
547.45, 277.00
547.78, 279.00
548.10, 255.00
548.43, 255.00
548.76, 243.00
549.09, 243.00
549.42, 241.00
549.75, 228.00
550.08, 227.00
550.41, 223.00
550.74, 225.00
551.06, 219.00
551.39, 224.00
551.72, 212.00
552.05, 209.00
552.38, 201.00
552.71, 192.00
553.03, 188.00
553.36, 189.00
553.69, 192.00
554.02, 178.00
554.35, 176.00
554.68, 172.00
555.00, 175.00
555.33, 174.00
555.66, 174.00
555.99, 190.00
556.32, 172.00
556.64, 174.00
556.97, 185.00
557.30, 180.00
557.63, 177.00
557.96, 177.00
558.28, 183.00
558.61, 175.00
558.94, 176.00
559.27, 178.00
559.59, 182.00
559.92, 175.00
560.25, 178.00
560.58, 180.00
560.90, 175.00
561.23, 176.00
561.56, 175.00
561.89, 175.00
562.21, 169.00
562.54, 170.00
562.87, 168.00
563.20, 170.00
563.52, 165.00
563.85, 161.00
564.18, 175.00
564.50, 161.00
564.83, 197.00
565.16, 210.00
565.48, 157.00
565.81, 160.00
566.14, 146.00
566.47, 157.00
566.79, 161.00
567.12, 153.00
567.45, 182.00
567.77, 160.00
568.10, 160.00
568.43, 158.00
568.75, 157.00
569.08, 159.00
569.40, 194.00
569.73, 164.00
570.06, 156.00
570.38, 154.00
570.71, 156.00
571.04, 152.00
571.36, 163.00
571.69, 162.00
572.01, 157.00
572.34, 160.00
572.67, 165.00
572.99, 155.00
573.32, 172.00
573.64, 155.00
573.97, 157.00
574.30, 158.00
574.62, 163.00
574.95, 161.00
575.27, 163.00
575.60, 165.00
575.92, 174.00
576.25, 176.00
576.58, 172.00
576.90, 173.00
577.23, 208.00
577.55, 171.00
577.88, 176.00
578.20, 182.00
578.53, 182.00
578.85, 197.00
579.18, 192.00
579.50, 192.00
579.83, 193.00
580.15, 196.00
580.48, 187.00
580.80, 192.00
581.13, 196.00
581.45, 192.00
581.78, 196.00
582.10, 196.00
582.43, 205.00
582.75, 208.00
583.08, 210.00
583.40, 205.00
583.73, 269.00
584.05, 205.00
584.38, 192.00
584.70, 248.00
585.03, 201.00
585.35, 206.00
585.67, 213.00
586.00, 224.00
586.32, 252.00
586.65, 259.00
586.97, 264.00
587.30, 255.00
587.62, 235.00
587.94, 237.00
588.27, 216.00
588.59, 207.00
588.92, 201.00
589.24, 192.00
589.56, 202.00
589.89, 199.00
590.21, 186.00
590.54, 186.00
590.86, 181.00
591.18, 189.00
591.51, 192.00
591.83, 199.00
592.15, 208.00
592.48, 199.00
592.80, 208.00
593.13, 193.00
593.45, 196.00
593.77, 189.00
594.10, 190.00
594.42, 192.00
594.74, 186.00
595.07, 186.00
595.39, 184.00
595.71, 183.00
596.03, 183.00
596.36, 181.00
596.68, 184.00
597.00, 193.00
597.33, 184.00
597.65, 195.00
597.97, 190.00
598.30, 189.00
598.62, 201.00
598.94, 194.00
599.26, 199.00
599.59, 192.00
599.91, 194.00
600.23, 188.00
600.55, 182.00
600.88, 186.00
601.20, 176.00
601.52, 174.00
601.84, 168.00
602.17, 174.00
602.49, 168.00
602.81, 164.00
603.13, 169.00
603.45, 177.00
603.78, 172.00
604.10, 166.00
604.42, 171.00
604.74, 167.00
605.07, 168.00
605.39, 161.00
605.71, 167.00
606.03, 173.00
606.35, 169.00
606.67, 177.00
607.00, 181.00
607.32, 178.00
607.64, 183.00
607.96, 187.00
608.28, 188.00
608.60, 195.00
608.93, 213.00
609.25, 247.00
609.57, 299.00
609.89, 390.00
610.21, 468.00
610.53, 517.00
610.85, 495.00
611.17, 462.00
611.50, 438.00
611.82, 405.00
612.14, 368.00
612.46, 343.00
612.78, 320.00
613.10, 301.00
613.42, 284.00
613.74, 288.00
614.06, 297.00
614.38, 273.00
614.70, 259.00
615.03, 253.00
615.35, 249.00
615.67, 340.00
615.99, 218.00
616.31, 204.00
616.63, 208.00
616.95, 193.00
617.27, 191.00
617.59, 188.00
617.91, 191.00
618.23, 194.00
618.55, 181.00
618.87, 183.00
619.19, 184.00
619.51, 181.00
619.83, 186.00
620.15, 188.00
620.47, 191.00
620.79, 182.00
621.11, 194.00
621.43, 188.00
621.75, 195.00
622.07, 191.00
622.39, 182.00
622.71, 181.00
623.03, 178.00
623.35, 228.00
623.67, 180.00
623.99, 179.00
624.31, 181.00
624.63, 186.00
624.95, 182.00
625.26, 171.00
625.58, 174.00
625.90, 203.00
626.22, 172.00
626.54, 174.00
626.86, 178.00
627.18, 176.00
627.50, 185.00
627.82, 180.00
628.14, 176.00
628.46, 185.00
628.77, 173.00
629.09, 192.00
629.41, 196.00
629.73, 200.00
630.05, 214.00
630.37, 207.00
630.69, 216.00
631.00, 204.00
631.32, 202.00
631.64, 190.00
631.96, 183.00
632.28, 174.00
632.60, 177.00
632.92, 170.00
633.23, 167.00
633.55, 174.00
633.87, 170.00
634.19, 169.00
634.51, 170.00
634.82, 185.00
635.14, 175.00
635.46, 174.00
635.78, 171.00
636.10, 176.00
636.41, 174.00
636.73, 170.00
637.05, 174.00
637.37, 170.00
637.68, 167.00
638.00, 166.00
638.32, 174.00
638.64, 183.00
638.95, 193.00
639.27, 189.00
639.59, 207.00
639.91, 185.00
640.22, 180.00
640.54, 178.00
640.86, 174.00
641.18, 177.00
641.49, 191.00
641.81, 181.00
642.13, 175.00
642.44, 165.00
642.76, 165.00
643.08, 169.00
643.40, 161.00
643.71, 165.00
644.03, 175.00
644.35, 174.00
644.66, 179.00
644.98, 171.00
645.30, 165.00
645.61, 190.00
645.93, 166.00
646.25, 160.00
646.56, 171.00
646.88, 191.00
647.19, 160.00
647.51, 173.00
647.83, 160.00
648.14, 160.00
648.46, 155.00
648.78, 168.00
649.09, 167.00
649.41, 215.00
649.72, 171.00
650.04, 176.00
650.36, 177.00
650.67, 169.00
650.99, 170.00
651.30, 166.00
651.62, 174.00
651.93, 172.00
652.25, 184.00
652.57, 208.00
652.88, 165.00
653.20, 169.00
653.51, 168.00
653.83, 173.00
654.14, 162.00
654.46, 167.00
654.77, 159.00
655.09, 166.00
655.40, 181.00
655.72, 173.00
656.04, 165.00
656.35, 170.00
656.67, 164.00
656.98, 166.00
657.30, 164.00
657.61, 161.00
657.93, 163.00
658.24, 163.00
658.55, 209.00
658.87, 170.00
659.18, 166.00
659.50, 162.00
659.81, 171.00
660.13, 170.00
660.44, 166.00
660.76, 168.00
661.07, 184.00
661.39, 173.00
661.70, 162.00
662.01, 169.00
662.33, 157.00
662.64, 168.00
662.96, 163.00
663.27, 163.00
663.59, 154.00
663.90, 157.00
664.21, 152.00
664.53, 181.00
664.84, 164.00
665.16, 175.00
665.47, 158.00
665.78, 154.00
666.10, 173.00
666.41, 171.00
666.72, 185.00
667.04, 188.00
667.35, 184.00
667.67, 173.00
667.98, 173.00
668.29, 171.00
668.61, 172.00
668.92, 171.00
669.23, 166.00
669.55, 166.00
669.86, 184.00
670.17, 158.00
670.48, 159.00
670.80, 152.00
671.11, 153.00
671.42, 156.00
671.74, 157.00
672.05, 152.00
672.36, 156.00
672.68, 150.00
672.99, 151.00
673.30, 153.00
673.61, 158.00
673.93, 155.00
674.24, 156.00
674.55, 156.00
674.86, 156.00
675.18, 159.00
675.49, 158.00
675.80, 161.00
676.11, 162.00
676.43, 161.00
676.74, 160.00
677.05, 160.00
677.36, 165.00
677.67, 160.00
677.99, 157.00
678.30, 159.00
678.61, 162.00
678.92, 158.00
679.23, 160.00
679.55, 162.00
679.86, 158.00
680.17, 159.00
680.48, 161.00
680.79, 161.00
681.10, 156.00
681.42, 156.00
681.73, 154.00
682.04, 156.00
682.35, 153.00
682.66, 159.00
682.97, 154.00
683.28, 162.00
683.60, 158.00
683.91, 157.00
684.22, 172.00
684.53, 153.00
684.84, 146.00
685.15, 159.00
685.46, 176.00
685.77, 153.00
686.08, 157.00
686.40, 184.00
686.71, 156.00
687.02, 163.00
687.33, 157.00
687.64, 157.00
687.95, 156.00
688.26, 147.00
688.57, 148.00
688.88, 150.00
689.19, 155.00
689.50, 146.00
689.81, 154.00
690.12, 150.00
690.43, 163.00
690.74, 149.00
691.05, 147.00
691.36, 156.00
691.67, 152.00
691.98, 144.00
692.29, 151.00
692.60, 152.00
692.91, 152.00
693.22, 154.00
693.53, 153.00
693.84, 157.00
694.15, 147.00
694.46, 147.00
694.77, 153.00
695.08, 154.00
695.39, 158.00
695.70, 149.00
696.01, 152.00
696.32, 146.00
696.63, 153.00
696.94, 155.00
697.25, 149.00
697.56, 154.00
697.87, 159.00
698.17, 187.00
698.48, 152.00
698.79, 148.00
699.10, 146.00
699.41, 152.00
699.72, 148.00
700.03, 153.00
700.34, 149.00
700.65, 153.00
700.95, 154.00
701.26, 150.00
701.57, 143.00
701.88, 148.00
702.19, 162.00
702.50, 156.00
702.81, 152.00
703.11, 176.00
703.42, 152.00
703.73, 157.00
704.04, 162.00
704.35, 164.00
704.66, 182.00
704.96, 271.00
705.27, 358.00
705.58, 405.00
705.89, 400.00
706.20, 338.00
706.50, 282.00
706.81, 266.00
707.12, 235.00
707.43, 217.00
707.73, 197.00
708.04, 180.00
708.35, 168.00
708.66, 161.00
708.97, 158.00
709.27, 159.00
709.58, 159.00
709.89, 152.00
710.19, 153.00
710.50, 159.00
710.81, 157.00
711.12, 162.00
711.42, 156.00
711.73, 161.00
712.04, 161.00
712.35, 154.00
712.65, 152.00
712.96, 154.00
713.27, 163.00
713.57, 176.00
713.88, 167.00
714.19, 147.00
714.49, 148.00
714.80, 151.00
715.11, 152.00
715.41, 148.00
715.72, 151.00
716.03, 146.00
716.33, 157.00
716.64, 145.00
716.94, 152.00
717.25, 149.00
717.56, 156.00
717.86, 146.00
718.17, 147.00
718.48, 144.00
718.78, 145.00
719.09, 144.00
719.39, 149.00
719.70, 148.00
720.01, 148.00
720.31, 148.00
720.62, 145.00
720.92, 148.00
721.23, 149.00
721.53, 154.00
721.84, 148.00
722.15, 157.00
722.45, 151.00
722.76, 149.00
723.06, 150.00
723.37, 147.00
723.67, 145.00
723.98, 147.00
724.28, 152.00
724.59, 151.00
724.89, 153.00
725.20, 156.00
725.50, 157.00
725.81, 153.00
726.11, 151.00
726.42, 151.00
726.72, 158.00
727.03, 202.00
727.33, 166.00
727.64, 164.00
727.94, 162.00
728.25, 155.00
728.55, 147.00
728.86, 171.00
729.16, 147.00
729.46, 151.00
729.77, 156.00
730.07, 146.00
730.38, 141.00
730.68, 147.00
730.99, 153.00
731.29, 150.00
731.59, 150.00
731.90, 149.00
732.20, 145.00
732.51, 153.00
732.81, 146.00
733.11, 150.00
733.42, 149.00
733.72, 152.00
734.02, 152.00
734.33, 148.00
734.63, 149.00
734.94, 148.00
735.24, 150.00
735.54, 147.00
735.85, 144.00
736.15, 145.00
736.45, 144.00
736.76, 151.00
737.06, 150.00
737.36, 145.00
737.67, 150.00
737.97, 146.00
738.27, 148.00
738.57, 148.00
738.88, 144.00
739.18, 185.00
739.48, 148.00
739.79, 146.00
740.09, 151.00
740.39, 149.00
740.69, 161.00
741.00, 145.00
741.30, 147.00
741.60, 149.00
741.90, 148.00
742.21, 146.00
742.51, 193.00
742.81, 146.00
743.11, 148.00
743.42, 171.00
743.72, 148.00
744.02, 152.00
744.32, 151.00
744.63, 156.00
744.93, 152.00
745.23, 151.00
745.53, 154.00
745.83, 160.00
746.13, 151.00
746.44, 150.00
746.74, 152.00
747.04, 153.00
747.34, 150.00
747.64, 149.00
747.94, 153.00
748.25, 154.00
748.55, 150.00
748.85, 158.00
749.15, 153.00
749.45, 178.00
749.75, 162.00
750.05, 156.00
750.35, 142.00
750.66, 162.00
750.96, 153.00
751.26, 149.00
751.56, 149.00
751.86, 158.00
752.16, 143.00
752.46, 143.00
752.76, 146.00
753.06, 144.00
753.36, 181.00
753.66, 144.00
753.96, 151.00
754.27, 147.00
754.57, 149.00
754.87, 147.00
755.17, 147.00
755.47, 150.00
755.77, 146.00
756.07, 149.00
756.37, 151.00
756.67, 152.00
756.97, 147.00
757.27, 152.00
757.57, 154.00
757.87, 152.00
758.17, 152.00
758.47, 154.00
758.77, 151.00
759.07, 148.00
759.37, 152.00
759.67, 147.00
759.97, 155.00
760.27, 148.00
760.57, 153.00
760.86, 149.00
761.16, 148.00
761.46, 143.00
761.76, 179.00
762.06, 148.00
762.36, 153.00
762.66, 150.00
762.96, 141.00
763.26, 150.00
763.56, 180.00
763.86, 158.00
764.16, 147.00
764.45, 162.00
764.75, 152.00
765.05, 152.00
765.35, 145.00
765.65, 141.00
765.95, 145.00
766.25, 154.00
766.55, 153.00
766.84, 154.00
767.14, 153.00
767.44, 146.00
767.74, 149.00
768.04, 159.00
768.34, 154.00
768.63, 147.00
768.93, 154.00
769.23, 153.00
769.53, 153.00
769.83, 149.00
770.12, 147.00
770.42, 149.00
770.72, 149.00
771.02, 146.00
771.32, 150.00
771.61, 150.00
771.91, 158.00
772.21, 148.00
772.51, 151.00
772.80, 147.00
773.10, 144.00
773.40, 152.00
773.70, 149.00
773.99, 150.00
774.29, 158.00
774.59, 160.00
774.88, 152.00
775.18, 153.00
775.48, 220.00
775.78, 328.00
776.07, 436.00
776.37, 475.00
776.67, 440.00
776.96, 333.00
777.26, 321.00
777.56, 238.00
777.85, 223.00
778.15, 216.00
778.45, 205.00
778.74, 194.00
779.04, 177.00
779.34, 166.00
779.63, 161.00
779.93, 148.00
780.22, 144.00
780.52, 150.00
780.82, 145.00
781.11, 148.00
781.41, 145.00
781.71, 143.00
782.00, 143.00
782.30, 151.00
782.59, 155.00
782.89, 149.00
783.19, 143.00
783.48, 142.00
783.78, 146.00
784.07, 156.00
784.37, 152.00
784.66, 149.00
784.96, 148.00
785.25, 147.00
785.55, 146.00
785.84, 148.00
786.14, 150.00
786.44, 148.00
786.73, 143.00
787.03, 145.00
787.32, 143.00
787.62, 142.00
787.91, 142.00
788.21, 153.00
788.50, 148.00
788.80, 146.00
789.09, 148.00
789.39, 150.00
789.68, 144.00
789.97, 149.00
790.27, 148.00
790.56, 143.00
790.86, 153.00
791.15, 149.00
791.45, 140.00
791.74, 164.00
792.04, 144.00
792.33, 146.00
792.62, 173.00
792.92, 143.00
793.21, 145.00
793.51, 146.00
793.80, 144.00
794.09, 145.00
794.39, 147.00
794.68, 144.00
794.98, 151.00
795.27, 145.00
795.56, 144.00
795.86, 144.00
796.15, 145.00
796.44, 153.00
796.74, 147.00
797.03, 148.00
797.32, 145.00
797.62, 142.00
797.91, 156.00
798.20, 153.00
798.50, 154.00
798.79, 149.00
799.08, 144.00
799.38, 143.00
799.67, 139.00
799.96, 152.00
800.26, 172.00
800.55, 140.00
800.84, 149.00
801.13, 142.00
801.43, 143.00
801.72, 180.00
802.01, 141.00
802.30, 149.00
802.60, 144.00
802.89, 149.00
803.18, 143.00
803.47, 144.00
803.77, 146.00
804.06, 150.00
804.35, 148.00
804.64, 162.00
804.94, 151.00
805.23, 147.00
805.52, 152.00
805.81, 144.00
806.10, 149.00
806.39, 146.00
806.69, 143.00
806.98, 144.00
807.27, 144.00
807.56, 152.00
807.85, 150.00
808.14, 144.00
808.44, 155.00
808.73, 149.00
809.02, 164.00
809.31, 146.00
809.60, 147.00
809.89, 153.00
810.18, 143.00
810.48, 152.00
810.77, 149.00
811.06, 146.00
811.35, 145.00
811.64, 149.00
811.93, 174.00
812.22, 146.00
812.51, 141.00
812.80, 145.00
813.09, 142.00
813.38, 150.00
813.67, 166.00
813.96, 147.00
814.26, 143.00
814.55, 145.00
814.84, 141.00
815.13, 148.00
815.42, 145.00
815.71, 145.00
816.00, 140.00
816.29, 153.00
816.58, 149.00
816.87, 151.00
817.16, 148.00
817.45, 149.00
817.74, 148.00
818.03, 148.00
818.32, 145.00
818.61, 148.00
818.90, 149.00
819.19, 141.00
819.48, 150.00
819.76, 139.00
820.05, 141.00
820.34, 141.00
820.63, 145.00
820.92, 146.00
821.21, 143.00
821.50, 142.00
821.79, 136.00
822.08, 146.00
822.37, 149.00
822.66, 147.00
822.95, 146.00
823.23, 144.00
823.52, 167.00
823.81, 148.00
824.10, 145.00
824.39, 148.00
824.68, 146.00
824.97, 164.00
825.26, 146.00
825.54, 194.00
825.83, 146.00
826.12, 141.00
826.41, 141.00
826.70, 147.00
826.99, 152.00
827.27, 142.00
827.56, 166.00
827.85, 147.00
828.14, 146.00
828.43, 153.00
828.71, 151.00
829.00, 141.00
829.29, 143.00
829.58, 148.00
829.86, 144.00
830.15, 146.00
830.44, 143.00
830.73, 142.00
831.01, 141.00
831.30, 146.00
831.59, 149.00
831.88, 142.00
832.16, 145.00
832.45, 154.00
832.74, 147.00
833.03, 142.00
833.31, 150.00
833.60, 143.00
833.89, 144.00
834.17, 146.00
834.46, 143.00
834.75, 142.00
835.03, 149.00
835.32, 147.00
835.61, 143.00
835.89, 157.00
836.18, 146.00
836.47, 141.00
836.75, 143.00
837.04, 152.00
837.33, 151.00
837.61, 144.00
837.90, 143.00
838.19, 142.00
838.47, 147.00
838.76, 142.00
839.04, 143.00
839.33, 146.00
839.62, 143.00
839.90, 145.00
840.19, 144.00
840.47, 143.00
840.76, 166.00
841.04, 142.00
841.33, 148.00
841.62, 144.00
841.90, 153.00
842.19, 144.00
842.47, 290.00
842.76, 140.00
843.04, 147.00
843.33, 170.00
843.61, 157.00
843.90, 155.00
844.18, 158.00
844.47, 151.00
844.75, 163.00
845.04, 150.00
845.32, 153.00
845.61, 153.00
845.89, 150.00
846.18, 152.00
846.46, 155.00
846.75, 151.00
847.03, 161.00
847.32, 148.00
847.60, 146.00
847.88, 150.00
848.17, 149.00
848.45, 163.00
848.74, 147.00
849.02, 143.00
849.31, 142.00
849.59, 145.00
849.87, 143.00
850.16, 149.00
850.44, 149.00
850.73, 175.00
851.01, 147.00
851.29, 139.00
851.58, 146.00
851.86, 145.00
852.14, 142.00
852.43, 142.00
852.71, 150.00
853.00, 143.00
853.28, 146.00
853.56, 145.00
853.85, 145.00
854.13, 147.00
854.41, 145.00
854.69, 145.00
854.98, 146.00
855.26, 196.00
855.54, 146.00
855.83, 142.00
856.11, 154.00
856.39, 152.00
856.68, 148.00
856.96, 143.00
857.24, 149.00
857.52, 149.00
857.81, 148.00
858.09, 145.00
858.37, 146.00
858.65, 144.00
858.94, 146.00
859.22, 146.00
