190.05, 0.00
190.41, 135.00
190.77, 135.00
191.14, 134.00
191.50, 140.00
191.86, 164.00
192.22, 147.00
192.58, 144.00
192.94, 144.00
193.31, 139.00
193.67, 142.00
194.03, 153.00
194.39, 141.00
194.75, 146.00
195.11, 149.00
195.47, 168.00
195.84, 148.00
196.20, 141.00
196.56, 160.00
196.92, 144.00
197.28, 146.00
197.64, 143.00
198.00, 141.00
198.37, 147.00
198.73, 142.00
199.09, 146.00
199.45, 142.00
199.81, 145.00
200.17, 150.00
200.53, 143.00
200.89, 150.00
201.25, 179.00
201.62, 142.00
201.98, 144.00
202.34, 146.00
202.70, 150.00
203.06, 145.00
203.42, 147.00
203.78, 139.00
204.14, 145.00
204.50, 163.00
204.86, 158.00
205.22, 150.00
205.58, 150.00
205.95, 146.00
206.31, 143.00
206.67, 145.00
207.03, 148.00
207.39, 152.00
207.75, 148.00
208.11, 143.00
208.47, 146.00
208.83, 145.00
209.19, 148.00
209.55, 146.00
209.91, 150.00
210.27, 150.00
210.63, 147.00
210.99, 155.00
211.35, 148.00
211.71, 156.00
212.07, 149.00
212.43, 147.00
212.79, 144.00
213.15, 146.00
213.51, 149.00
213.87, 150.00
214.23, 147.00
214.59, 146.00
214.95, 148.00
215.31, 145.00
215.67, 147.00
216.03, 177.00
216.39, 143.00
216.75, 143.00
217.11, 159.00
217.47, 147.00
217.83, 146.00
218.19, 143.00
218.55, 147.00
218.91, 147.00
219.27, 146.00
219.63, 148.00
219.99, 143.00
220.35, 142.00
220.71, 157.00
221.07, 146.00
221.43, 148.00
221.79, 143.00
222.15, 147.00
222.51, 144.00
222.87, 148.00
223.23, 144.00
223.59, 144.00
223.95, 148.00
224.31, 147.00
224.67, 143.00
225.03, 150.00
225.39, 152.00
225.74, 151.00
226.10, 145.00
226.46, 143.00
226.82, 150.00
227.18, 151.00
227.54, 145.00
227.90, 152.00
228.26, 151.00
228.62, 158.00
228.98, 143.00
229.34, 145.00
229.69, 137.00
230.05, 148.00
230.41, 144.00
230.77, 157.00
231.13, 150.00
231.49, 145.00
231.85, 141.00
232.21, 144.00
232.57, 153.00
232.92, 145.00
233.28, 147.00
233.64, 145.00
234.00, 144.00
234.36, 147.00
234.72, 148.00
235.08, 154.00
235.44, 152.00
235.79, 145.00
236.15, 147.00
236.51, 145.00
236.87, 141.00
237.23, 147.00
237.59, 144.00
237.94, 154.00
238.30, 149.00
238.66, 147.00
239.02, 145.00
239.38, 142.00
239.74, 139.00
240.09, 154.00
240.45, 145.00
240.81, 146.00
241.17, 150.00
241.53, 148.00
241.89, 143.00
242.24, 139.00
242.60, 141.00
242.96, 150.00
243.32, 151.00
243.68, 143.00
244.03, 145.00
244.39, 151.00
244.75, 164.00
245.11, 144.00
245.46, 145.00
245.82, 173.00
246.18, 145.00
246.54, 152.00
246.90, 142.00
247.25, 137.00
247.61, 144.00
247.97, 183.00
248.33, 142.00
248.68, 146.00
249.04, 141.00
249.40, 143.00
249.76, 155.00
250.11, 147.00
250.47, 147.00
250.83, 146.00
251.19, 146.00
251.54, 155.00
251.90, 149.00
252.26, 148.00
252.62, 146.00
252.97, 146.00
253.33, 140.00
253.69, 145.00
254.05, 148.00
254.40, 144.00
254.76, 142.00
255.12, 174.00
255.47, 149.00
255.83, 145.00
256.19, 149.00
256.54, 149.00
256.90, 146.00
257.26, 143.00
257.62, 147.00
257.97, 140.00
258.33, 147.00
258.69, 140.00
259.04, 138.00
259.40, 143.00
259.76, 146.00
260.11, 145.00
260.47, 143.00
260.83, 146.00
261.18, 149.00
261.54, 156.00
261.90, 151.00
262.25, 143.00
262.61, 144.00
262.97, 143.00
263.32, 140.00
263.68, 144.00
264.04, 146.00
264.39, 146.00
264.75, 140.00
265.10, 148.00
265.46, 192.00
265.82, 156.00
266.17, 145.00
266.53, 141.00
266.89, 149.00
267.24, 143.00
267.60, 143.00
267.95, 143.00
268.31, 143.00
268.67, 146.00
269.02, 144.00
269.38, 147.00
269.74, 150.00
270.09, 144.00
270.45, 145.00
270.80, 167.00
271.16, 147.00
271.51, 145.00
271.87, 153.00
272.23, 148.00
272.58, 153.00
272.94, 146.00
273.29, 143.00
273.65, 193.00
274.00, 144.00
274.36, 152.00
274.72, 144.00
275.07, 144.00
275.43, 148.00
275.78, 149.00
276.14, 142.00
276.49, 148.00
276.85, 154.00
277.20, 164.00
277.56, 145.00
277.92, 141.00
278.27, 152.00
278.63, 164.00
278.98, 145.00
279.34, 140.00
279.69, 141.00
280.05, 156.00
280.40, 145.00
280.76, 157.00
281.11, 145.00
281.47, 147.00
281.82, 142.00
282.18, 143.00
282.53, 149.00
282.89, 151.00
283.24, 151.00
283.60, 152.00
283.95, 146.00
284.31, 141.00
284.66, 142.00
285.02, 141.00
285.37, 141.00
285.73, 145.00
286.08, 153.00
286.44, 142.00
286.79, 152.00
287.14, 151.00
287.50, 157.00
287.85, 145.00
288.21, 152.00
288.56, 143.00
288.92, 145.00
289.27, 148.00
289.63, 143.00
289.98, 148.00
290.34, 145.00
290.69, 149.00
291.04, 144.00
291.40, 142.00
291.75, 147.00
292.11, 145.00
292.46, 142.00
292.81, 147.00
293.17, 138.00
293.52, 140.00
293.88, 142.00
294.23, 141.00
294.59, 143.00
294.94, 143.00
295.29, 147.00
295.65, 148.00
296.00, 162.00
296.36, 148.00
296.71, 150.00
297.06, 142.00
297.42, 142.00
297.77, 148.00
298.12, 147.00
298.48, 151.00
298.83, 152.00
299.19, 144.00
299.54, 141.00
299.89, 144.00
300.25, 137.00
300.60, 147.00
300.95, 146.00
301.31, 144.00
301.66, 143.00
302.01, 143.00
302.37, 142.00
302.72, 146.00
303.07, 143.00
303.43, 150.00
303.78, 142.00
304.13, 150.00
304.49, 147.00
304.84, 151.00
305.19, 184.00
305.55, 148.00
305.90, 144.00
306.25, 144.00
306.61, 145.00
306.96, 142.00
307.31, 146.00
307.66, 144.00
308.02, 150.00
308.37, 148.00
308.72, 145.00
309.08, 146.00
309.43, 154.00
309.78, 145.00
310.13, 148.00
310.49, 154.00
310.84, 144.00
311.19, 150.00
311.54, 152.00
311.90, 147.00
312.25, 148.00
312.60, 144.00
312.95, 149.00
313.31, 144.00
313.66, 143.00
314.01, 153.00
314.36, 163.00
314.72, 143.00
315.07, 137.00
315.42, 145.00
315.77, 173.00
316.13, 148.00
316.48, 149.00
316.83, 138.00
317.18, 142.00
317.54, 143.00
317.89, 143.00
318.24, 147.00
318.59, 141.00
318.94, 142.00
319.30, 141.00
319.65, 145.00
320.00, 144.00
320.35, 147.00
320.70, 149.00
321.05, 142.00
321.41, 142.00
321.76, 151.00
322.11, 141.00
322.46, 145.00
322.81, 179.00
323.17, 148.00
323.52, 143.00
323.87, 144.00
324.22, 145.00
324.57, 147.00
324.92, 147.00
325.27, 143.00
325.63, 148.00
325.98, 147.00
326.33, 150.00
326.68, 140.00
327.03, 144.00
327.38, 139.00
327.73, 141.00
328.09, 145.00
328.44, 176.00
328.79, 147.00
329.14, 176.00
329.49, 148.00
329.84, 148.00
330.19, 153.00
330.54, 147.00
330.89, 150.00
331.25, 143.00
331.60, 145.00
331.95, 146.00
332.30, 144.00
332.65, 147.00
333.00, 145.00
333.35, 193.00
333.70, 189.00
334.05, 154.00
334.40, 155.00
334.75, 145.00
335.10, 149.00
335.45, 142.00
335.81, 143.00
336.16, 148.00
336.51, 144.00
336.86, 142.00
337.21, 144.00
337.56, 149.00
337.91, 141.00
338.26, 141.00
338.61, 141.00
338.96, 151.00
339.31, 143.00
339.66, 144.00
340.01, 149.00
340.36, 144.00
340.71, 145.00
341.06, 143.00
341.41, 150.00
341.76, 144.00
342.11, 147.00
342.46, 143.00
342.81, 148.00
343.16, 144.00
343.51, 146.00
343.86, 153.00
344.21, 146.00
344.56, 145.00
344.91, 144.00
345.26, 153.00
345.61, 143.00
345.96, 143.00
346.31, 141.00
346.66, 171.00
347.01, 144.00
347.36, 167.00
347.71, 141.00
348.06, 142.00
348.41, 154.00
348.76, 153.00
349.10, 144.00
349.45, 152.00
349.80, 142.00
350.15, 150.00
350.50, 151.00
350.85, 157.00
351.20, 143.00
351.55, 148.00
351.90, 144.00
352.25, 147.00
352.60, 138.00
352.95, 143.00
353.30, 162.00
353.64, 145.00
353.99, 145.00
354.34, 142.00
354.69, 141.00
355.04, 146.00
355.39, 145.00
355.74, 141.00
356.09, 144.00
356.44, 140.00
356.78, 139.00
357.13, 145.00
357.48, 143.00
357.83, 145.00
358.18, 144.00
358.53, 155.00
358.88, 145.00
359.22, 160.00
359.57, 141.00
359.92, 147.00
360.27, 146.00
360.62, 139.00
360.97, 142.00
361.32, 145.00
361.66, 142.00
362.01, 140.00
362.36, 140.00
362.71, 145.00
363.06, 142.00
363.40, 143.00
363.75, 155.00
364.10, 144.00
364.45, 144.00
364.80, 154.00
365.14, 151.00
365.49, 144.00
365.84, 146.00
366.19, 146.00
366.54, 148.00
366.88, 160.00
367.23, 146.00
367.58, 195.00
367.93, 144.00
368.28, 136.00
368.62, 144.00
368.97, 152.00
369.32, 151.00
369.67, 142.00
370.01, 153.00
370.36, 143.00
370.71, 163.00
371.06, 146.00
371.40, 151.00
371.75, 143.00
372.10, 142.00
372.45, 143.00
372.79, 148.00
373.14, 148.00
373.49, 138.00
373.83, 146.00
374.18, 143.00
374.53, 144.00
374.88, 148.00
375.22, 144.00
375.57, 146.00
375.92, 148.00
376.26, 148.00
376.61, 147.00
376.96, 139.00
377.30, 151.00
377.65, 158.00
378.00, 143.00
378.35, 147.00
378.69, 149.00
379.04, 143.00
379.39, 145.00
379.73, 141.00
380.08, 148.00
380.43, 141.00
380.77, 138.00
381.12, 144.00
381.47, 144.00
381.81, 142.00
382.16, 145.00
382.50, 151.00
382.85, 214.00
383.20, 143.00
383.54, 148.00
383.89, 143.00
384.24, 146.00
384.58, 151.00
384.93, 159.00
385.27, 150.00
385.62, 153.00
385.97, 149.00
386.31, 140.00
386.66, 175.00
387.00, 150.00
387.35, 145.00
387.70, 142.00
388.04, 203.00
388.39, 141.00
388.73, 148.00
389.08, 146.00
389.43, 142.00
389.77, 140.00
390.12, 144.00
390.46, 143.00
390.81, 143.00
391.15, 139.00
391.50, 145.00
391.85, 141.00
392.19, 142.00
392.54, 143.00
392.88, 145.00
393.23, 146.00
393.57, 149.00
393.92, 140.00
394.26, 142.00
394.61, 139.00
394.95, 147.00
395.30, 146.00
395.64, 141.00
395.99, 178.00
396.33, 151.00
396.68, 148.00
397.02, 146.00
397.37, 142.00
397.71, 151.00
398.06, 141.00
398.40, 145.00
398.75, 146.00
399.09, 145.00
399.44, 145.00
399.78, 142.00
400.13, 140.00
400.47, 139.00
400.82, 143.00
401.16, 140.00
401.51, 153.00
401.85, 153.00
402.20, 147.00
402.54, 143.00
402.88, 150.00
403.23, 145.00
403.57, 156.00
403.92, 169.00
404.26, 220.00
404.61, 167.00
404.95, 199.00
405.30, 160.00
405.64, 151.00
405.98, 177.00
406.33, 155.00
406.67, 146.00
407.02, 143.00
407.36, 155.00
407.70, 151.00
408.05, 147.00
408.39, 145.00
408.74, 142.00
409.08, 147.00
409.42, 145.00
409.77, 142.00
410.11, 151.00
410.46, 145.00
410.80, 145.00
411.14, 146.00
411.49, 143.00
411.83, 153.00
412.17, 142.00
412.52, 146.00
412.86, 149.00
413.20, 151.00
413.55, 141.00
413.89, 147.00
414.23, 147.00
414.58, 183.00
414.92, 145.00
415.26, 146.00
415.61, 148.00
415.95, 150.00
416.29, 147.00
416.64, 144.00
416.98, 145.00
417.32, 152.00
417.67, 158.00
418.01, 154.00
418.35, 145.00
418.70, 143.00
419.04, 161.00
419.38, 145.00
419.72, 145.00
420.07, 145.00
420.41, 145.00
420.75, 146.00
421.10, 147.00
421.44, 149.00
421.78, 149.00
422.12, 141.00
422.47, 147.00
422.81, 141.00
423.15, 150.00
423.49, 145.00
423.84, 140.00
424.18, 145.00
424.52, 144.00
424.86, 144.00
425.21, 145.00
425.55, 150.00
425.89, 148.00
426.23, 156.00
426.57, 149.00
426.92, 154.00
427.26, 147.00
427.60, 149.00
427.94, 153.00
428.28, 152.00
428.63, 152.00
428.97, 146.00
429.31, 155.00
429.65, 153.00
429.99, 154.00
430.34, 149.00
430.68, 156.00
431.02, 157.00
431.36, 152.00
431.70, 152.00
432.04, 149.00
432.39, 146.00
432.73, 153.00
433.07, 150.00
433.41, 149.00
433.75, 152.00
434.09, 149.00
434.43, 162.00
434.78, 246.00
435.12, 277.00
435.46, 317.00
435.80, 296.00
436.14, 244.00
436.48, 210.00
436.82, 192.00
437.16, 166.00
437.51, 161.00
437.85, 150.00
438.19, 188.00
438.53, 153.00
438.87, 168.00
439.21, 153.00
439.55, 154.00
439.89, 154.00
440.23, 148.00
440.57, 151.00
440.91, 151.00
441.26, 155.00
441.60, 150.00
441.94, 149.00
442.28, 158.00
442.62, 155.00
442.96, 148.00
443.30, 157.00
443.64, 156.00
443.98, 157.00
444.32, 160.00
444.66, 154.00
445.00, 151.00
445.34, 156.00
445.68, 152.00
446.02, 161.00
446.36, 144.00
446.70, 150.00
447.04, 157.00
447.38, 182.00
447.72, 154.00
448.06, 149.00
448.40, 154.00
448.74, 157.00
449.08, 152.00
449.42, 152.00
449.76, 152.00
450.10, 147.00
450.44, 148.00
450.78, 153.00
451.12, 153.00
451.46, 156.00
451.80, 161.00
452.14, 149.00
452.48, 155.00
452.82, 154.00
453.16, 152.00
453.50, 157.00
453.84, 153.00
454.18, 189.00
454.52, 160.00
454.86, 153.00
455.19, 171.00
455.53, 161.00
455.87, 151.00
456.21, 156.00
456.55, 151.00
456.89, 157.00
457.23, 149.00
457.57, 152.00
457.91, 150.00
458.25, 147.00
458.59, 146.00
458.92, 149.00
459.26, 146.00
459.60, 153.00
459.94, 144.00
460.28, 150.00
460.62, 152.00
460.96, 148.00
461.30, 150.00
461.63, 149.00
461.97, 155.00
462.31, 152.00
462.65, 153.00
462.99, 156.00
463.33, 161.00
463.67, 151.00
464.00, 157.00
464.34, 149.00
464.68, 147.00
465.02, 165.00
465.36, 156.00
465.70, 148.00
466.03, 164.00
466.37, 150.00
466.71, 149.00
467.05, 155.00
467.39, 151.00
467.72, 150.00
468.06, 151.00
468.40, 149.00
468.74, 152.00
469.08, 151.00
469.41, 149.00
469.75, 149.00
470.09, 151.00
470.43, 152.00
470.76, 148.00
471.10, 152.00
471.44, 149.00
471.78, 147.00
472.11, 149.00
472.45, 150.00
472.79, 148.00
473.13, 149.00
473.46, 154.00
473.80, 154.00
474.14, 149.00
474.48, 156.00
474.81, 150.00
475.15, 149.00
475.49, 154.00
475.82, 152.00
476.16, 154.00
476.50, 150.00
476.84, 155.00
477.17, 151.00
477.51, 153.00
477.85, 152.00
478.18, 171.00
478.52, 147.00
478.86, 206.00
479.19, 169.00
479.53, 155.00
479.87, 195.00
480.20, 164.00
480.54, 160.00
480.88, 156.00
481.21, 154.00
481.55, 153.00
481.89, 154.00
482.22, 156.00
482.56, 165.00
482.90, 168.00
483.23, 174.00
483.57, 175.00
483.90, 181.00
484.24, 180.00
484.58, 191.00
484.91, 196.00
485.25, 204.00
485.58, 210.00
485.92, 220.00
486.26, 218.00
486.59, 214.00
486.93, 219.00
487.26, 218.00
487.60, 218.00
487.94, 220.00
488.27, 221.00
488.61, 210.00
488.94, 215.00
489.28, 212.00
489.61, 202.00
489.95, 207.00
490.29, 208.00
490.62, 202.00
490.96, 200.00
491.29, 210.00
491.63, 199.00
491.96, 194.00
492.30, 197.00
492.63, 196.00
492.97, 195.00
493.30, 192.00
493.64, 185.00
493.97, 185.00
494.31, 184.00
494.64, 180.00
494.98, 182.00
495.31, 186.00
495.65, 175.00
495.98, 181.00
496.32, 169.00
496.65, 212.00
496.99, 180.00
497.32, 173.00
497.66, 174.00
497.99, 168.00
498.33, 174.00
498.66, 168.00
499.00, 175.00
499.33, 165.00
499.67, 160.00
500.00, 161.00
500.34, 167.00
500.67, 162.00
501.00, 159.00
501.34, 155.00
501.67, 153.00
502.01, 151.00
502.34, 152.00
502.68, 155.00
503.01, 158.00
503.34, 152.00
503.68, 152.00
504.01, 148.00
504.35, 146.00
504.68, 158.00
505.01, 149.00
505.35, 145.00
505.68, 148.00
506.02, 153.00
506.35, 142.00
506.68, 153.00
507.02, 152.00
507.35, 147.00
507.68, 151.00
508.02, 146.00
508.35, 154.00
508.69, 144.00
509.02, 150.00
509.35, 148.00
509.69, 147.00
510.02, 153.00
510.35, 152.00
510.69, 143.00
511.02, 145.00
511.35, 143.00
511.69, 153.00
512.02, 146.00
512.35, 154.00
512.68, 147.00
513.02, 153.00
513.35, 147.00
513.68, 146.00
514.02, 145.00
514.35, 147.00
514.68, 151.00
515.01, 148.00
515.35, 157.00
515.68, 150.00
516.01, 149.00
516.35, 147.00
516.68, 141.00
517.01, 146.00
517.34, 154.00
517.68, 145.00
518.01, 155.00
518.34, 144.00
518.67, 143.00
519.01, 146.00
519.34, 147.00
519.67, 158.00
520.00, 146.00
520.33, 146.00
520.67, 148.00
521.00, 150.00
521.33, 145.00
521.66, 149.00
522.00, 148.00
522.33, 145.00
522.66, 148.00
522.99, 145.00
523.32, 157.00
523.65, 145.00
523.99, 148.00
524.32, 153.00
524.65, 148.00
524.98, 150.00
525.31, 148.00
525.65, 175.00
525.98, 152.00
526.31, 143.00
526.64, 154.00
526.97, 149.00
527.30, 147.00
527.63, 149.00
527.97, 145.00
528.30, 145.00
528.63, 154.00
528.96, 176.00
529.29, 147.00
529.62, 150.00
529.95, 146.00
530.28, 146.00
530.61, 145.00
530.95, 145.00
531.28, 149.00
531.61, 148.00
531.94, 143.00
532.27, 149.00
532.60, 159.00
532.93, 158.00
533.26, 148.00
533.59, 147.00
533.92, 155.00
534.25, 153.00
534.58, 190.00
534.91, 158.00
535.25, 151.00
535.58, 153.00
535.91, 154.00
536.24, 152.00
536.57, 170.00
536.90, 162.00
537.23, 169.00
537.56, 219.00
537.89, 187.00
538.22, 185.00
538.55, 186.00
538.88, 203.00
539.21, 322.00
539.54, 218.00
539.87, 231.00
540.20, 260.00
540.53, 280.00
540.86, 361.00
541.19, 379.00
541.52, 397.00
541.85, 416.00
542.18, 442.00
542.51, 446.00
542.84, 441.00
543.17, 459.00
543.50, 449.00
543.82, 435.00
544.15, 429.00
544.48, 419.00
544.81, 456.00
545.14, 500.00
545.47, 463.00
545.80, 457.00
546.13, 372.00
546.46, 370.00
546.79, 321.00
547.12, 284.00
547.45, 264.00
547.78, 252.00
548.10, 244.00
548.43, 250.00
548.76, 237.00
549.09, 232.00
549.42, 222.00
549.75, 219.00
550.08, 218.00
550.41, 217.00
550.74, 221.00
551.06, 202.00
551.39, 212.00
551.72, 200.00
552.05, 196.00
552.38, 192.00
552.71, 190.00
553.03, 188.00
553.36, 182.00
553.69, 174.00
554.02, 176.00
554.35, 175.00
554.68, 160.00
555.00, 162.00
555.33, 156.00
555.66, 155.00
555.99, 174.00
556.32, 159.00
556.64, 151.00
556.97, 164.00
557.30, 155.00
557.63, 154.00
557.96, 148.00
558.28, 150.00
558.61, 156.00
558.94, 146.00
559.27, 150.00
559.59, 148.00
559.92, 149.00
560.25, 147.00
560.58, 150.00
560.90, 151.00
561.23, 151.00
561.56, 145.00
561.89, 149.00
562.21, 148.00
562.54, 146.00
562.87, 146.00
563.20, 150.00
563.52, 149.00
563.85, 149.00
564.18, 165.00
564.50, 150.00
564.83, 185.00
565.16, 201.00
565.48, 148.00
565.81, 158.00
566.14, 148.00
566.47, 146.00
566.79, 150.00
567.12, 143.00
567.45, 172.00
567.77, 147.00
568.10, 152.00
568.43, 149.00
568.75, 151.00
569.08, 151.00
569.40, 184.00
569.73, 153.00
570.06, 147.00
570.38, 146.00
570.71, 146.00
571.04, 140.00
571.36, 156.00
571.69, 150.00
572.01, 148.00
572.34, 143.00
572.67, 148.00
572.99, 147.00
573.32, 162.00
573.64, 151.00
573.97, 151.00
574.30, 145.00
574.62, 151.00
574.95, 145.00
575.27, 159.00
575.60, 161.00
575.92, 163.00
576.25, 164.00
576.58, 171.00
576.90, 163.00
577.23, 201.00
577.55, 165.00
577.88, 171.00
578.20, 176.00
578.53, 175.00
578.85, 198.00
579.18, 193.00
579.50, 178.00
579.83, 184.00
580.15, 185.00
580.48, 187.00
580.80, 186.00
581.13, 194.00
581.45, 183.00
581.78, 189.00
582.10, 197.00
582.43, 205.00
582.75, 203.00
583.08, 198.00
583.40, 198.00
583.73, 269.00
584.05, 194.00
584.38, 188.00
584.70, 240.00
585.03, 201.00
585.35, 192.00
585.67, 198.00
586.00, 205.00
586.32, 218.00
586.65, 228.00
586.97, 210.00
587.30, 211.00
587.62, 210.00
587.94, 205.00
588.27, 195.00
588.59, 185.00
588.92, 184.00
589.24, 191.00
589.56, 184.00
589.89, 187.00
590.21, 184.00
590.54, 177.00
590.86, 181.00
591.18, 172.00
591.51, 185.00
591.83, 195.00
592.15, 191.00
592.48, 182.00
592.80, 186.00
593.13, 189.00
593.45, 188.00
593.77, 183.00
594.10, 171.00
594.42, 163.00
594.74, 163.00
595.07, 167.00
595.39, 155.00
595.71, 163.00
596.03, 156.00
596.36, 156.00
596.68, 157.00
597.00, 156.00
597.33, 155.00
597.65, 161.00
597.97, 164.00
598.30, 166.00
598.62, 173.00
598.94, 168.00
599.26, 168.00
599.59, 169.00
599.91, 173.00
600.23, 164.00
600.55, 167.00
600.88, 160.00
601.20, 158.00
601.52, 158.00
601.84, 159.00
602.17, 156.00
602.49, 159.00
602.81, 153.00
603.13, 154.00
603.45, 163.00
603.78, 157.00
604.10, 161.00
604.42, 155.00
604.74, 157.00
605.07, 148.00
605.39, 153.00
605.71, 155.00
606.03, 163.00
606.35, 160.00
606.67, 168.00
607.00, 173.00
607.32, 167.00
607.64, 172.00
607.96, 177.00
608.28, 178.00
608.60, 191.00
608.93, 203.00
609.25, 238.00
609.57, 295.00
609.89, 389.00
610.21, 464.00
610.53, 512.00
610.85, 506.00
611.17, 466.00
611.50, 422.00
611.82, 395.00
612.14, 370.00
612.46, 340.00
612.78, 323.00
613.10, 291.00
613.42, 286.00
613.74, 276.00
614.06, 282.00
614.38, 250.00
614.70, 229.00
615.03, 224.00
615.35, 224.00
615.67, 317.00
615.99, 201.00
616.31, 189.00
616.63, 188.00
616.95, 185.00
617.27, 176.00
617.59, 175.00
617.91, 174.00
618.23, 190.00
618.55, 178.00
618.87, 176.00
619.19, 183.00
619.51, 181.00
619.83, 177.00
620.15, 178.00
620.47, 186.00
620.79, 180.00
621.11, 187.00
621.43, 179.00
621.75, 184.00
622.07, 186.00
622.39, 178.00
622.71, 169.00
623.03, 178.00
623.35, 218.00
623.67, 176.00
623.99, 174.00
624.31, 177.00
624.63, 180.00
624.95, 175.00
625.26, 170.00
625.58, 169.00
625.90, 192.00
626.22, 172.00
626.54, 166.00
626.86, 177.00
627.18, 170.00
627.50, 175.00
627.82, 170.00
628.14, 172.00
628.46, 178.00
628.77, 174.00
629.09, 177.00
629.41, 187.00
629.73, 189.00
630.05, 204.00
630.37, 192.00
630.69, 198.00
631.00, 198.00
631.32, 189.00
631.64, 176.00
631.96, 172.00
632.28, 170.00
632.60, 162.00
632.92, 156.00
633.23, 153.00
633.55, 156.00
633.87, 152.00
634.19, 159.00
634.51, 148.00
634.82, 161.00
635.14, 155.00
635.46, 148.00
635.78, 145.00
636.10, 146.00
636.41, 151.00
636.73, 145.00
637.05, 149.00
637.37, 151.00
637.68, 147.00
638.00, 145.00
638.32, 152.00
638.64, 151.00
638.95, 153.00
639.27, 151.00
639.59, 151.00
639.91, 148.00
640.22, 154.00
640.54, 148.00
640.86, 145.00
641.18, 163.00
641.49, 170.00
641.81, 156.00
642.13, 166.00
642.44, 150.00
642.76, 148.00
643.08, 151.00
643.40, 149.00
643.71, 150.00
644.03, 149.00
644.35, 147.00
644.66, 152.00
644.98, 149.00
645.30, 151.00
645.61, 164.00
645.93, 149.00
646.25, 149.00
646.56, 157.00
646.88, 185.00
647.19, 154.00
647.51, 158.00
647.83, 154.00
648.14, 147.00
648.46, 151.00
648.78, 160.00
649.09, 155.00
649.41, 194.00
649.72, 158.00
650.04, 159.00
650.36, 155.00
650.67, 153.00
650.99, 149.00
651.30, 153.00
651.62, 155.00
651.93, 150.00
652.25, 162.00
652.57, 188.00
652.88, 151.00
653.20, 152.00
653.51, 149.00
653.83, 150.00
654.14, 149.00
654.46, 152.00
654.77, 144.00
655.09, 144.00
655.40, 161.00
655.72, 148.00
656.04, 148.00
656.35, 147.00
656.67, 148.00
656.98, 145.00
657.30, 145.00
657.61, 146.00
657.93, 145.00
658.24, 147.00
658.55, 180.00
658.87, 143.00
659.18, 150.00
659.50, 151.00
659.81, 153.00
660.13, 145.00
660.44, 148.00
660.76, 147.00
661.07, 164.00
661.39, 151.00
661.70, 151.00
662.01, 152.00
662.33, 144.00
662.64, 155.00
662.96, 151.00
663.27, 148.00
663.59, 153.00
663.90, 146.00
664.21, 145.00
664.53, 165.00
664.84, 146.00
665.16, 175.00
665.47, 152.00
665.78, 151.00
666.10, 153.00
666.41, 145.00
666.72, 150.00
667.04, 152.00
667.35, 146.00
667.67, 149.00
667.98, 147.00
668.29, 147.00
668.61, 145.00
668.92, 143.00
669.23, 149.00
669.55, 145.00
669.86, 177.00
670.17, 152.00
670.48, 152.00
670.80, 147.00
671.11, 146.00
671.42, 149.00
671.74, 153.00
672.05, 145.00
672.36, 147.00
672.68, 142.00
672.99, 140.00
673.30, 150.00
673.61, 145.00
673.93, 142.00
674.24, 140.00
674.55, 145.00
674.86, 146.00
675.18, 146.00
675.49, 148.00
675.80, 143.00
676.11, 154.00
676.43, 146.00
676.74, 145.00
677.05, 145.00
677.36, 154.00
677.67, 145.00
677.99, 153.00
678.30, 151.00
678.61, 148.00
678.92, 147.00
679.23, 152.00
679.55, 150.00
679.86, 150.00
680.17, 152.00
680.48, 151.00
680.79, 150.00
681.10, 147.00
681.42, 148.00
681.73, 145.00
682.04, 144.00
682.35, 147.00
682.66, 153.00
682.97, 147.00
683.28, 146.00
683.60, 142.00
683.91, 141.00
684.22, 162.00
684.53, 149.00
684.84, 139.00
685.15, 148.00
685.46, 173.00
685.77, 143.00
686.08, 146.00
686.40, 178.00
686.71, 153.00
687.02, 153.00
687.33, 157.00
687.64, 152.00
687.95, 152.00
688.26, 150.00
688.57, 148.00
688.88, 149.00
689.19, 142.00
689.50, 150.00
689.81, 149.00
690.12, 144.00
690.43, 165.00
690.74, 143.00
691.05, 146.00
691.36, 158.00
691.67, 143.00
691.98, 147.00
692.29, 147.00
692.60, 152.00
692.91, 151.00
693.22, 151.00
693.53, 147.00
693.84, 151.00
694.15, 138.00
694.46, 151.00
694.77, 148.00
695.08, 148.00
695.39, 153.00
695.70, 146.00
696.01, 145.00
696.32, 145.00
696.63, 141.00
696.94, 148.00
697.25, 142.00
697.56, 154.00
697.87, 151.00
698.17, 185.00
698.48, 149.00
698.79, 144.00
699.10, 147.00
699.41, 150.00
699.72, 147.00
700.03, 141.00
700.34, 145.00
700.65, 143.00
700.95, 147.00
701.26, 144.00
701.57, 141.00
701.88, 146.00
702.19, 154.00
702.50, 152.00
702.81, 145.00
703.11, 168.00
703.42, 144.00
703.73, 155.00
704.04, 148.00
704.35, 146.00
704.66, 153.00
704.96, 152.00
705.27, 154.00
705.58, 155.00
705.89, 156.00
706.20, 155.00
706.50, 153.00
706.81, 157.00
707.12, 155.00
707.43, 161.00
707.73, 164.00
708.04, 156.00
708.35, 154.00
708.66, 153.00
708.97, 153.00
709.27, 156.00
709.58, 150.00
709.89, 152.00
710.19, 147.00
710.50, 155.00
710.81, 154.00
711.12, 159.00
711.42, 154.00
711.73, 161.00
712.04, 151.00
712.35, 157.00
712.65, 154.00
712.96, 146.00
713.27, 149.00
713.57, 168.00
713.88, 168.00
714.19, 146.00
714.49, 144.00
714.80, 145.00
715.11, 145.00
715.41, 142.00
715.72, 143.00
716.03, 138.00
716.33, 155.00
716.64, 144.00
716.94, 149.00
717.25, 149.00
717.56, 154.00
717.86, 147.00
718.17, 145.00
718.48, 145.00
718.78, 143.00
719.09, 140.00
719.39, 138.00
719.70, 142.00
720.01, 140.00
720.31, 141.00
720.62, 142.00
720.92, 143.00
721.23, 143.00
721.53, 148.00
721.84, 140.00
722.15, 149.00
722.45, 145.00
722.76, 149.00
723.06, 144.00
723.37, 142.00
723.67, 145.00
723.98, 146.00
724.28, 142.00
724.59, 150.00
724.89, 147.00
725.20, 142.00
725.50, 145.00
725.81, 145.00
726.11, 143.00
726.42, 146.00
726.72, 146.00
727.03, 173.00
727.33, 141.00
727.64, 146.00
727.94, 147.00
728.25, 147.00
728.55, 145.00
728.86, 166.00
729.16, 142.00
729.46, 141.00
729.77, 147.00
730.07, 148.00
730.38, 144.00
730.68, 139.00
730.99, 152.00
731.29, 146.00
731.59, 147.00
731.90, 141.00
732.20, 143.00
732.51, 147.00
732.81, 145.00
733.11, 147.00
733.42, 143.00
733.72, 147.00
734.02, 147.00
734.33, 143.00
734.63, 145.00
734.94, 151.00
735.24, 147.00
735.54, 146.00
735.85, 147.00
736.15, 146.00
736.45, 145.00
736.76, 140.00
737.06, 137.00
737.36, 144.00
737.67, 144.00
737.97, 135.00
738.27, 142.00
738.57, 147.00
738.88, 147.00
739.18, 183.00
739.48, 141.00
739.79, 140.00
740.09, 149.00
740.39, 152.00
740.69, 150.00
741.00, 147.00
741.30, 151.00
741.60, 148.00
741.90, 143.00
742.21, 147.00
742.51, 190.00
742.81, 146.00
743.11, 142.00
743.42, 166.00
743.72, 142.00
744.02, 149.00
744.32, 139.00
744.63, 150.00
744.93, 148.00
745.23, 147.00
745.53, 147.00
745.83, 142.00
746.13, 142.00
746.44, 144.00
746.74, 139.00
747.04, 143.00
747.34, 145.00
747.64, 144.00
747.94, 138.00
748.25, 140.00
748.55, 143.00
748.85, 141.00
749.15, 142.00
749.45, 171.00
749.75, 151.00
750.05, 151.00
750.35, 142.00
750.66, 159.00
750.96, 146.00
751.26, 146.00
751.56, 142.00
751.86, 151.00
752.16, 145.00
752.46, 141.00
752.76, 143.00
753.06, 145.00
753.36, 185.00
753.66, 148.00
753.96, 151.00
754.27, 143.00
754.57, 144.00
754.87, 143.00
755.17, 145.00
755.47, 140.00
755.77, 143.00
756.07, 146.00
756.37, 143.00
756.67, 150.00
756.97, 147.00
757.27, 153.00
757.57, 148.00
757.87, 147.00
758.17, 143.00
758.47, 150.00
758.77, 151.00
759.07, 146.00
759.37, 148.00
759.67, 147.00
759.97, 150.00
760.27, 147.00
760.57, 143.00
760.86, 142.00
761.16, 143.00
761.46, 143.00
761.76, 174.00
762.06, 145.00
762.36, 149.00
762.66, 145.00
762.96, 143.00
763.26, 151.00
763.56, 181.00
763.86, 150.00
764.16, 143.00
764.45, 157.00
764.75, 151.00
765.05, 151.00
765.35, 141.00
765.65, 149.00
765.95, 143.00
766.25, 146.00
766.55, 153.00
766.84, 147.00
767.14, 146.00
767.44, 142.00
767.74, 144.00
768.04, 149.00
768.34, 147.00
768.63, 142.00
768.93, 145.00
769.23, 142.00
769.53, 144.00
769.83, 144.00
770.12, 140.00
770.42, 147.00
770.72, 144.00
771.02, 143.00
771.32, 144.00
771.61, 143.00
771.91, 148.00
772.21, 143.00
772.51, 148.00
772.80, 149.00
773.10, 148.00
773.40, 148.00
773.70, 145.00
773.99, 144.00
774.29, 145.00
774.59, 152.00
774.88, 147.00
775.18, 142.00
775.48, 145.00
775.78, 145.00
776.07, 140.00
776.37, 145.00
776.67, 143.00
776.96, 146.00
777.26, 194.00
777.56, 145.00
777.85, 144.00
778.15, 137.00
778.45, 149.00
778.74, 147.00
779.04, 140.00
779.34, 141.00
779.63, 144.00
779.93, 148.00
780.22, 148.00
780.52, 146.00
780.82, 142.00
781.11, 143.00
781.41, 145.00
781.71, 144.00
782.00, 145.00
782.30, 147.00
782.59, 154.00
782.89, 147.00
783.19, 144.00
783.48, 141.00
783.78, 143.00
784.07, 158.00
784.37, 148.00
784.66, 145.00
784.96, 140.00
785.25, 146.00
785.55, 143.00
785.84, 148.00
786.14, 145.00
786.44, 146.00
786.73, 140.00
787.03, 145.00
787.32, 143.00
787.62, 143.00
787.91, 146.00
788.21, 149.00
788.50, 145.00
788.80, 138.00
789.09, 143.00
789.39, 151.00
789.68, 146.00
789.97, 151.00
790.27, 143.00
790.56, 143.00
790.86, 154.00
791.15, 145.00
791.45, 144.00
791.74, 164.00
792.04, 145.00
792.33, 147.00
792.62, 173.00
792.92, 146.00
793.21, 143.00
793.51, 152.00
793.80, 145.00
794.09, 144.00
794.39, 142.00
794.68, 147.00
794.98, 142.00
795.27, 144.00
795.56, 143.00
795.86, 147.00
796.15, 147.00
796.44, 152.00
796.74, 144.00
797.03, 143.00
797.32, 145.00
797.62, 142.00
797.91, 154.00
798.20, 142.00
798.50, 154.00
798.79, 150.00
799.08, 139.00
799.38, 144.00
799.67, 146.00
799.96, 149.00
800.26, 169.00
800.55, 146.00
800.84, 152.00
801.13, 148.00
801.43, 145.00
801.72, 181.00
802.01, 142.00
802.30, 145.00
802.60, 144.00
802.89, 149.00
803.18, 148.00
803.47, 145.00
803.77, 153.00
804.06, 146.00
804.35, 146.00
804.64, 163.00
804.94, 142.00
805.23, 148.00
805.52, 148.00
805.81, 145.00
806.10, 145.00
806.39, 141.00
806.69, 145.00
806.98, 147.00
807.27, 146.00
807.56, 150.00
807.85, 146.00
808.14, 143.00
808.44, 151.00
808.73, 141.00
809.02, 158.00
809.31, 147.00
809.60, 147.00
809.89, 150.00
810.18, 142.00
810.48, 158.00
810.77, 143.00
811.06, 143.00
811.35, 145.00
811.64, 150.00
811.93, 164.00
812.22, 144.00
812.51, 145.00
812.80, 141.00
813.09, 140.00
813.38, 144.00
813.67, 170.00
813.96, 150.00
814.26, 142.00
814.55, 144.00
814.84, 144.00
815.13, 150.00
815.42, 146.00
815.71, 148.00
816.00, 143.00
816.29, 155.00
816.58, 147.00
816.87, 142.00
817.16, 142.00
817.45, 147.00
817.74, 145.00
818.03, 143.00
818.32, 146.00
818.61, 144.00
818.90, 148.00
819.19, 145.00
819.48, 144.00
819.76, 138.00
820.05, 142.00
820.34, 147.00
820.63, 140.00
820.92, 139.00
821.21, 142.00
821.50, 146.00
821.79, 149.00
822.08, 143.00
822.37, 145.00
822.66, 145.00
822.95, 148.00
823.23, 141.00
823.52, 165.00
823.81, 154.00
824.10, 148.00
824.39, 148.00
824.68, 142.00
824.97, 158.00
825.26, 145.00
825.54, 194.00
825.83, 147.00
826.12, 143.00
826.41, 142.00
826.70, 148.00
826.99, 151.00
827.27, 142.00
827.56, 160.00
827.85, 143.00
828.14, 142.00
828.43, 144.00
828.71, 150.00
829.00, 143.00
829.29, 146.00
829.58, 145.00
829.86, 150.00
830.15, 144.00
830.44, 146.00
830.73, 145.00
831.01, 143.00
831.30, 145.00
831.59, 140.00
831.88, 138.00
832.16, 147.00
832.45, 154.00
832.74, 147.00
833.03, 146.00
833.31, 143.00
833.60, 148.00
833.89, 147.00
834.17, 148.00
834.46, 146.00
834.75, 142.00
835.03, 141.00
835.32, 142.00
835.61, 149.00
835.89, 160.00
836.18, 143.00
836.47, 143.00
836.75, 143.00
837.04, 145.00
837.33, 147.00
837.61, 144.00
837.90, 144.00
838.19, 140.00
838.47, 137.00
838.76, 145.00
839.04, 143.00
839.33, 141.00
839.62, 143.00
839.90, 145.00
840.19, 140.00
840.47, 140.00
840.76, 167.00
841.04, 142.00
841.33, 148.00
841.62, 144.00
841.90, 141.00
842.19, 142.00
842.47, 296.00
842.76, 140.00
843.04, 144.00
843.33, 162.00
843.61, 149.00
843.90, 146.00
844.18, 148.00
844.47, 137.00
844.75, 147.00
845.04, 143.00
845.32, 143.00
845.61, 141.00
845.89, 142.00
846.18, 139.00
846.46, 144.00
846.75, 146.00
847.03, 156.00
847.32, 141.00
847.60, 145.00
847.88, 142.00
848.17, 145.00
848.45, 157.00
848.74, 150.00
849.02, 143.00
849.31, 143.00
849.59, 139.00
849.87, 142.00
850.16, 145.00
850.44, 147.00
850.73, 174.00
851.01, 149.00
851.29, 146.00
851.58, 149.00
851.86, 142.00
852.14, 146.00
852.43, 148.00
852.71, 144.00
853.00, 149.00
853.28, 151.00
853.56, 143.00
853.85, 143.00
854.13, 139.00
854.41, 141.00
854.69, 146.00
854.98, 143.00
855.26, 195.00
855.54, 146.00
855.83, 140.00
856.11, 146.00
856.39, 149.00
856.68, 142.00
856.96, 145.00
857.24, 143.00
857.52, 144.00
857.81, 136.00
858.09, 138.00
858.37, 145.00
858.65, 143.00
858.94, 139.00
859.22, 145.00
