190.05, 0.00
190.41, 137.00
190.77, 139.00
191.14, 138.00
191.50, 136.00
191.86, 157.00
192.22, 141.00
192.58, 146.00
192.94, 146.00
193.31, 140.00
193.67, 144.00
194.03, 157.00
194.39, 145.00
194.75, 141.00
195.11, 153.00
195.47, 165.00
195.84, 145.00
196.20, 141.00
196.56, 163.00
196.92, 145.00
197.28, 146.00
197.64, 144.00
198.00, 146.00
198.37, 146.00
198.73, 148.00
199.09, 143.00
199.45, 143.00
199.81, 151.00
200.17, 157.00
200.53, 147.00
200.89, 156.00
201.25, 185.00
201.62, 143.00
201.98, 141.00
202.34, 141.00
202.70, 149.00
203.06, 143.00
203.42, 143.00
203.78, 142.00
204.14, 147.00
204.50, 167.00
204.86, 154.00
205.22, 157.00
205.58, 145.00
205.95, 146.00
206.31, 147.00
206.67, 142.00
207.03, 149.00
207.39, 156.00
207.75, 147.00
208.11, 147.00
208.47, 145.00
208.83, 154.00
209.19, 145.00
209.55, 151.00
209.91, 149.00
210.27, 146.00
210.63, 146.00
210.99, 157.00
211.35, 146.00
211.71, 153.00
212.07, 150.00
212.43, 149.00
212.79, 144.00
213.15, 146.00
213.51, 147.00
213.87, 149.00
214.23, 147.00
214.59, 146.00
214.95, 145.00
215.31, 144.00
215.67, 147.00
216.03, 185.00
216.39, 146.00
216.75, 145.00
217.11, 152.00
217.47, 143.00
217.83, 147.00
218.19, 149.00
218.55, 145.00
218.91, 153.00
219.27, 143.00
219.63, 144.00
219.99, 142.00
220.35, 143.00
220.71, 155.00
221.07, 142.00
221.43, 152.00
221.79, 145.00
222.15, 149.00
222.51, 149.00
222.87, 151.00
223.23, 147.00
223.59, 149.00
223.95, 143.00
224.31, 141.00
224.67, 149.00
225.03, 151.00
225.39, 159.00
225.74, 151.00
226.10, 147.00
226.46, 142.00
226.82, 151.00
227.18, 149.00
227.54, 141.00
227.90, 150.00
228.26, 147.00
228.62, 153.00
228.98, 145.00
229.34, 146.00
229.69, 146.00
230.05, 146.00
230.41, 144.00
230.77, 152.00
231.13, 152.00
231.49, 150.00
231.85, 141.00
232.21, 156.00
232.57, 145.00
232.92, 145.00
233.28, 143.00
233.64, 151.00
234.00, 145.00
234.36, 146.00
234.72, 145.00
235.08, 150.00
235.44, 152.00
235.79, 148.00
236.15, 150.00
236.51, 144.00
236.87, 143.00
237.23, 150.00
237.59, 144.00
237.94, 153.00
238.30, 146.00
238.66, 148.00
239.02, 145.00
239.38, 142.00
239.74, 148.00
240.09, 155.00
240.45, 141.00
240.81, 142.00
241.17, 153.00
241.53, 145.00
241.89, 140.00
242.24, 144.00
242.60, 145.00
242.96, 153.00
243.32, 147.00
243.68, 148.00
244.03, 149.00
244.39, 149.00
244.75, 164.00
245.11, 151.00
245.46, 147.00
245.82, 175.00
246.18, 143.00
246.54, 147.00
246.90, 143.00
247.25, 146.00
247.61, 146.00
247.97, 175.00
248.33, 149.00
248.68, 149.00
249.04, 147.00
249.40, 145.00
249.76, 151.00
250.11, 147.00
250.47, 148.00
250.83, 146.00
251.19, 149.00
251.54, 155.00
251.90, 148.00
252.26, 150.00
252.62, 143.00
252.97, 152.00
253.33, 140.00
253.69, 143.00
254.05, 149.00
254.40, 144.00
254.76, 141.00
255.12, 169.00
255.47, 151.00
255.83, 150.00
256.19, 145.00
256.54, 148.00
256.90, 143.00
257.26, 149.00
257.62, 151.00
257.97, 147.00
258.33, 148.00
258.69, 145.00
259.04, 143.00
259.40, 139.00
259.76, 152.00
260.11, 141.00
260.47, 143.00
260.83, 147.00
261.18, 148.00
261.54, 148.00
261.90, 150.00
262.25, 144.00
262.61, 144.00
262.97, 146.00
263.32, 141.00
263.68, 143.00
264.04, 148.00
264.39, 149.00
264.75, 145.00
265.10, 149.00
265.46, 197.00
265.82, 159.00
266.17, 146.00
266.53, 144.00
266.89, 146.00
267.24, 151.00
267.60, 144.00
267.95, 141.00
268.31, 148.00
268.67, 139.00
269.02, 142.00
269.38, 141.00
269.74, 155.00
270.09, 143.00
270.45, 146.00
270.80, 168.00
271.16, 144.00
271.51, 150.00
271.87, 149.00
272.23, 148.00
272.58, 148.00
272.94, 143.00
273.29, 146.00
273.65, 188.00
274.00, 148.00
274.36, 150.00
274.72, 143.00
275.07, 145.00
275.43, 146.00
275.78, 146.00
276.14, 147.00
276.49, 146.00
276.85, 152.00
277.20, 165.00
277.56, 145.00
277.92, 142.00
278.27, 143.00
278.63, 151.00
278.98, 144.00
279.34, 147.00
279.69, 145.00
280.05, 168.00
280.40, 151.00
280.76, 161.00
281.11, 151.00
281.47, 146.00
281.82, 151.00
282.18, 143.00
282.53, 158.00
282.89, 160.00
283.24, 155.00
283.60, 154.00
283.95, 156.00
284.31, 157.00
284.66, 147.00
285.02, 155.00
285.37, 144.00
285.73, 149.00
286.08, 156.00
286.44, 142.00
286.79, 155.00
287.14, 154.00
287.50, 156.00
287.85, 150.00
288.21, 150.00
288.56, 148.00
288.92, 151.00
289.27, 153.00
289.63, 148.00
289.98, 149.00
290.34, 150.00
290.69, 151.00
291.04, 145.00
291.40, 145.00
291.75, 145.00
292.11, 152.00
292.46, 148.00
292.81, 152.00
293.17, 148.00
293.52, 148.00
293.88, 150.00
294.23, 154.00
294.59, 159.00
294.94, 155.00
295.29, 157.00
295.65, 170.00
296.00, 182.00
296.36, 167.00
296.71, 162.00
297.06, 166.00
297.42, 165.00
297.77, 163.00
298.12, 160.00
298.48, 161.00
298.83, 161.00
299.19, 155.00
299.54, 150.00
299.89, 150.00
300.25, 148.00
300.60, 158.00
300.95, 158.00
301.31, 150.00
301.66, 141.00
302.01, 148.00
302.37, 145.00
302.72, 149.00
303.07, 145.00
303.43, 153.00
303.78, 145.00
304.13, 157.00
304.49, 153.00
304.84, 160.00
305.19, 189.00
305.55, 156.00
305.90, 161.00
306.25, 178.00
306.61, 209.00
306.96, 237.00
307.31, 292.00
307.66, 393.00
308.02, 489.00
308.37, 560.00
308.72, 591.00
309.08, 592.00
309.43, 564.00
309.78, 489.00
310.13, 440.00
310.49, 391.00
310.84, 315.00
311.19, 294.00
311.54, 256.00
311.90, 229.00
312.25, 221.00
312.60, 214.00
312.95, 253.00
313.31, 261.00
313.66, 274.00
314.01, 272.00
314.36, 275.00
314.72, 296.00
315.07, 352.00
315.42, 402.00
315.77, 452.00
316.13, 366.00
316.48, 280.00
316.83, 224.00
317.18, 191.00
317.54, 172.00
317.89, 157.00
318.24, 157.00
318.59, 157.00
318.94, 157.00
319.30, 152.00
319.65, 159.00
320.00, 154.00
320.35, 149.00
320.70, 152.00
321.05, 154.00
321.41, 156.00
321.76, 166.00
322.11, 148.00
322.46, 154.00
322.81, 192.00
323.17, 155.00
323.52, 148.00
323.87, 148.00
324.22, 150.00
324.57, 156.00
324.92, 154.00
325.27, 153.00
325.63, 162.00
325.98, 154.00
326.33, 161.00
326.68, 158.00
327.03, 149.00
327.38, 162.00
327.73, 162.00
328.09, 171.00
328.44, 205.00
328.79, 163.00
329.14, 210.00
329.49, 173.00
329.84, 168.00
330.19, 181.00
330.54, 171.00
330.89, 175.00
331.25, 161.00
331.60, 166.00
331.95, 161.00
332.30, 154.00
332.65, 166.00
333.00, 167.00
333.35, 217.00
333.70, 215.00
334.05, 181.00
334.40, 185.00
334.75, 190.00
335.10, 232.00
335.45, 301.00
335.81, 428.00
336.16, 627.00
336.51, 879.00
336.86, 917.00
337.21, 822.00
337.56, 550.00
337.91, 360.00
338.26, 251.00
338.61, 193.00
338.96, 167.00
339.31, 160.00
339.66, 154.00
340.01, 163.00
340.36, 156.00
340.71, 159.00
341.06, 151.00
341.41, 157.00
341.76, 155.00
342.11, 153.00
342.46, 157.00
342.81, 158.00
343.16, 153.00
343.51, 153.00
343.86, 150.00
344.21, 155.00
344.56, 155.00
344.91, 150.00
345.26, 162.00
345.61, 156.00
345.96, 154.00
346.31, 153.00
346.66, 180.00
347.01, 153.00
347.36, 170.00
347.71, 154.00
348.06, 154.00
348.41, 169.00
348.76, 174.00
349.10, 167.00
349.45, 174.00
349.80, 172.00
350.15, 181.00
350.50, 172.00
350.85, 179.00
351.20, 166.00
351.55, 191.00
351.90, 204.00
352.25, 236.00
352.60, 277.00
352.95, 341.00
353.30, 365.00
353.64, 344.00
353.99, 289.00
354.34, 258.00
354.69, 238.00
355.04, 249.00
355.39, 292.00
355.74, 348.00
356.09, 431.00
356.44, 533.00
356.78, 690.00
357.13, 774.00
357.48, 754.00
357.83, 613.00
358.18, 427.00
358.53, 308.00
358.88, 220.00
359.22, 199.00
359.57, 158.00
359.92, 164.00
360.27, 152.00
360.62, 150.00
360.97, 153.00
361.32, 154.00
361.66, 153.00
362.01, 147.00
362.36, 155.00
362.71, 159.00
363.06, 152.00
363.40, 160.00
363.75, 155.00
364.10, 162.00
364.45, 156.00
364.80, 160.00
365.14, 157.00
365.49, 157.00
365.84, 165.00
366.19, 160.00
366.54, 169.00
366.88, 186.00
367.23, 163.00
367.58, 211.00
367.93, 156.00
368.28, 157.00
368.62, 154.00
368.97, 170.00
369.32, 177.00
369.67, 176.00
370.01, 200.00
370.36, 205.00
370.71, 224.00
371.06, 191.00
371.40, 185.00
371.75, 164.00
372.10, 159.00
372.45, 162.00
372.79, 167.00
373.14, 173.00
373.49, 188.00
373.83, 213.00
374.18, 242.00
374.53, 285.00
374.88, 318.00
375.22, 303.00
375.57, 274.00
375.92, 231.00
376.26, 195.00
376.61, 178.00
376.96, 166.00
377.30, 175.00
377.65, 175.00
378.00, 175.00
378.35, 213.00
378.69, 248.00
379.04, 284.00
379.39, 358.00
379.73, 422.00
380.08, 439.00
380.43, 358.00
380.77, 285.00
381.12, 244.00
381.47, 215.00
381.81, 174.00
382.16, 160.00
382.50, 159.00
382.85, 227.00
383.20, 161.00
383.54, 167.00
383.89, 166.00
384.24, 161.00
384.58, 174.00
384.93, 197.00
385.27, 183.00
385.62, 184.00
385.97, 181.00
386.31, 181.00
386.66, 213.00
387.00, 182.00
387.35, 192.00
387.70, 211.00
388.04, 304.00
388.39, 295.00
388.73, 391.00
389.08, 525.00
389.43, 712.00
389.77, 904.00
390.12, 1178.00
390.46, 1681.00
390.81, 1900.00
391.15, 1821.00
391.50, 1369.00
391.85, 868.00
392.19, 569.00
392.54, 360.00
392.88, 245.00
393.23, 215.00
393.57, 217.00
393.92, 198.00
394.26, 190.00
394.61, 175.00
394.95, 165.00
395.30, 161.00
395.64, 158.00
395.99, 196.00
396.33, 158.00
396.68, 156.00
397.02, 161.00
397.37, 165.00
397.71, 177.00
398.06, 191.00
398.40, 198.00
398.75, 229.00
399.09, 241.00
399.44, 236.00
399.78, 220.00
400.13, 194.00
400.47, 178.00
400.82, 157.00
401.16, 155.00
401.51, 158.00
401.85, 155.00
402.20, 153.00
402.54, 149.00
402.88, 164.00
403.23, 166.00
403.57, 176.00
403.92, 206.00
404.26, 271.00
404.61, 237.00
404.95, 286.00
405.30, 254.00
405.64, 244.00
405.98, 240.00
406.33, 201.00
406.67, 171.00
407.02, 167.00
407.36, 164.00
407.70, 163.00
408.05, 157.00
408.39, 160.00
408.74, 164.00
409.08, 168.00
409.42, 161.00
409.77, 161.00
410.11, 165.00
410.46, 154.00
410.80, 157.00
411.14, 156.00
411.49, 162.00
411.83, 172.00
412.17, 158.00
412.52, 162.00
412.86, 171.00
413.20, 180.00
413.55, 174.00
413.89, 176.00
414.23, 169.00
414.58, 206.00
414.92, 162.00
415.26, 157.00
415.61, 157.00
415.95, 163.00
416.29, 167.00
416.64, 161.00
416.98, 162.00
417.32, 172.00
417.67, 192.00
418.01, 201.00
418.35, 199.00
418.70, 213.00
419.04, 246.00
419.38, 236.00
419.72, 229.00
420.07, 205.00
420.41, 189.00
420.75, 179.00
421.10, 165.00
421.44, 168.00
421.78, 172.00
422.12, 166.00
422.47, 184.00
422.81, 182.00
423.15, 194.00
423.49, 197.00
423.84, 183.00
424.18, 198.00
424.52, 210.00
424.86, 243.00
425.21, 310.00
425.55, 364.00
425.89, 441.00
426.23, 524.00
426.57, 681.00
426.92, 769.00
427.26, 804.00
427.60, 690.00
427.94, 483.00
428.28, 359.00
428.63, 275.00
428.97, 214.00
429.31, 188.00
429.65, 169.00
429.99, 165.00
430.34, 152.00
430.68, 158.00
431.02, 172.00
431.36, 159.00
431.70, 165.00
432.04, 163.00
432.39, 165.00
432.73, 175.00
433.07, 178.00
433.41, 185.00
433.75, 194.00
434.09, 181.00
434.43, 197.00
434.78, 253.00
435.12, 289.00
435.46, 335.00
435.80, 296.00
436.14, 261.00
436.48, 224.00
436.82, 208.00
437.16, 188.00
437.51, 173.00
437.85, 172.00
438.19, 202.00
438.53, 164.00
438.87, 187.00
439.21, 170.00
439.55, 174.00
439.89, 171.00
440.23, 171.00
440.57, 173.00
440.91, 174.00
441.26, 179.00
441.60, 167.00
441.94, 164.00
442.28, 171.00
442.62, 163.00
442.96, 163.00
443.30, 162.00
443.64, 167.00
443.98, 163.00
444.32, 172.00
444.66, 162.00
445.00, 162.00
445.34, 166.00
445.68, 178.00
446.02, 165.00
446.36, 165.00
446.70, 163.00
447.04, 169.00
447.38, 194.00
447.72, 170.00
448.06, 165.00
448.40, 172.00
448.74, 174.00
449.08, 164.00
449.42, 164.00
449.76, 169.00
450.10, 165.00
450.44, 164.00
450.78, 162.00
451.12, 163.00
451.46, 166.00
451.80, 170.00
452.14, 163.00
452.48, 163.00
452.82, 164.00
453.16, 162.00
453.50, 164.00
453.84, 162.00
454.18, 203.00
454.52, 167.00
454.86, 171.00
455.19, 179.00
455.53, 174.00
455.87, 168.00
456.21, 184.00
456.55, 176.00
456.89, 176.00
457.23, 174.00
457.57, 181.00
457.91, 180.00
458.25, 180.00
458.59, 182.00
458.92, 200.00
459.26, 190.00
459.60, 200.00
459.94, 176.00
460.28, 170.00
460.62, 170.00
460.96, 160.00
461.30, 156.00
461.63, 160.00
461.97, 159.00
462.31, 160.00
462.65, 163.00
462.99, 167.00
463.33, 166.00
463.67, 172.00
464.00, 172.00
464.34, 178.00
464.68, 181.00
465.02, 187.00
465.36, 182.00
465.70, 179.00
466.03, 183.00
466.37, 167.00
466.71, 176.00
467.05, 182.00
467.39, 187.00
467.72, 195.00
468.06, 210.00
468.40, 221.00
468.74, 231.00
469.08, 240.00
469.41, 268.00
469.75, 300.00
470.09, 322.00
470.43, 319.00
470.76, 270.00
471.10, 248.00
471.44, 223.00
471.78, 202.00
472.11, 186.00
472.45, 179.00
472.79, 169.00
473.13, 167.00
473.46, 169.00
473.80, 168.00
474.14, 167.00
474.48, 167.00
474.81, 161.00
475.15, 166.00
475.49, 168.00
475.82, 167.00
476.16, 166.00
476.50, 167.00
476.84, 170.00
477.17, 162.00
477.51, 160.00
477.85, 162.00
478.18, 181.00
478.52, 165.00
478.86, 212.00
479.19, 174.00
479.53, 161.00
479.87, 203.00
480.20, 177.00
480.54, 170.00
480.88, 170.00
481.21, 163.00
481.55, 171.00
481.89, 169.00
482.22, 175.00
482.56, 186.00
482.90, 187.00
483.23, 183.00
483.57, 188.00
483.90, 193.00
484.24, 194.00
484.58, 203.00
484.91, 217.00
485.25, 217.00
485.58, 226.00
485.92, 232.00
486.26, 232.00
486.59, 231.00
486.93, 235.00
487.26, 237.00
487.60, 233.00
487.94, 231.00
488.27, 227.00
488.61, 226.00
488.94, 236.00
489.28, 224.00
489.61, 214.00
489.95, 217.00
490.29, 223.00
490.62, 227.00
490.96, 223.00
491.29, 227.00
491.63, 225.00
491.96, 210.00
492.30, 208.00
492.63, 210.00
492.97, 197.00
493.30, 210.00
493.64, 197.00
493.97, 197.00
494.31, 201.00
494.64, 211.00
494.98, 203.00
495.31, 210.00
495.65, 194.00
495.98, 206.00
496.32, 197.00
496.65, 224.00
496.99, 200.00
497.32, 191.00
497.66, 185.00
497.99, 175.00
498.33, 178.00
498.66, 178.00
499.00, 178.00
499.33, 170.00
499.67, 172.00
500.00, 182.00
500.34, 182.00
500.67, 188.00
501.00, 184.00
501.34, 180.00
501.67, 169.00
502.01, 176.00
502.34, 169.00
502.68, 173.00
503.01, 174.00
503.34, 172.00
503.68, 169.00
504.01, 165.00
504.35, 169.00
504.68, 174.00
505.01, 169.00
505.35, 172.00
505.68, 166.00
506.02, 177.00
506.35, 176.00
506.68, 181.00
507.02, 173.00
507.35, 171.00
507.68, 176.00
508.02, 171.00
508.35, 172.00
508.69, 164.00
509.02, 169.00
509.35, 165.00
509.69, 164.00
510.02, 163.00
510.35, 165.00
510.69, 162.00
511.02, 157.00
511.35, 162.00
511.69, 167.00
512.02, 166.00
512.35, 164.00
512.68, 166.00
513.02, 173.00
513.35, 164.00
513.68, 164.00
514.02, 169.00
514.35, 163.00
514.68, 170.00
515.01, 162.00
515.35, 169.00
515.68, 159.00
516.01, 159.00
516.35, 159.00
516.68, 158.00
517.01, 159.00
517.34, 164.00
517.68, 160.00
518.01, 165.00
518.34, 157.00
518.67, 158.00
519.01, 162.00
519.34, 170.00
519.67, 176.00
520.00, 165.00
520.33, 169.00
520.67, 174.00
521.00, 176.00
521.33, 179.00
521.66, 193.00
522.00, 185.00
522.33, 180.00
522.66, 179.00
522.99, 171.00
523.32, 177.00
523.65, 161.00
523.99, 169.00
524.32, 169.00
524.65, 168.00
524.98, 172.00
525.31, 167.00
525.65, 191.00
525.98, 166.00
526.31, 163.00
526.64, 167.00
526.97, 168.00
527.30, 163.00
527.63, 165.00
527.97, 160.00
528.30, 157.00
528.63, 165.00
528.96, 185.00
529.29, 158.00
529.62, 170.00
529.95, 157.00
530.28, 157.00
530.61, 160.00
530.95, 159.00
531.28, 163.00
531.61, 163.00
531.94, 173.00
532.27, 175.00
532.60, 175.00
532.93, 176.00
533.26, 172.00
533.59, 171.00
533.92, 171.00
534.25, 167.00
534.58, 203.00
534.91, 168.00
535.25, 161.00
535.58, 164.00
535.91, 165.00
536.24, 168.00
536.57, 178.00
536.90, 176.00
537.23, 182.00
537.56, 224.00
537.89, 196.00
538.22, 193.00
538.55, 194.00
538.88, 210.00
539.21, 334.00
539.54, 231.00
539.87, 237.00
540.20, 272.00
540.53, 297.00
540.86, 380.00
541.19, 385.00
541.52, 423.00
541.85, 440.00
542.18, 460.00
542.51, 474.00
542.84, 472.00
543.17, 468.00
543.50, 463.00
543.82, 447.00
544.15, 428.00
544.48, 447.00
544.81, 481.00
545.14, 503.00
545.47, 479.00
545.80, 462.00
546.13, 381.00
546.46, 388.00
546.79, 334.00
547.12, 293.00
547.45, 279.00
547.78, 268.00
548.10, 252.00
548.43, 256.00
548.76, 250.00
549.09, 243.00
549.42, 235.00
549.75, 227.00
550.08, 225.00
550.41, 220.00
550.74, 232.00
551.06, 220.00
551.39, 227.00
551.72, 213.00
552.05, 205.00
552.38, 195.00
552.71, 197.00
553.03, 199.00
553.36, 196.00
553.69, 188.00
554.02, 177.00
554.35, 181.00
554.68, 175.00
555.00, 184.00
555.33, 173.00
555.66, 171.00
555.99, 188.00
556.32, 180.00
556.64, 175.00
556.97, 181.00
557.30, 182.00
557.63, 178.00
557.96, 180.00
558.28, 176.00
558.61, 177.00
558.94, 175.00
559.27, 182.00
559.59, 174.00
559.92, 170.00
560.25, 174.00
560.58, 168.00
560.90, 175.00
561.23, 174.00
561.56, 172.00
561.89, 170.00
562.21, 167.00
562.54, 168.00
562.87, 161.00
563.20, 166.00
563.52, 161.00
563.85, 161.00
564.18, 184.00
564.50, 160.00
564.83, 192.00
565.16, 213.00
565.48, 157.00
565.81, 163.00
566.14, 154.00
566.47, 155.00
566.79, 161.00
567.12, 160.00
567.45, 182.00
567.77, 154.00
568.10, 159.00
568.43, 160.00
568.75, 155.00
569.08, 161.00
569.40, 194.00
569.73, 160.00
570.06, 153.00
570.38, 152.00
570.71, 151.00
571.04, 159.00
571.36, 159.00
571.69, 158.00
572.01, 161.00
572.34, 153.00
572.67, 161.00
572.99, 158.00
573.32, 172.00
573.64, 163.00
573.97, 157.00
574.30, 159.00
574.62, 155.00
574.95, 161.00
575.27, 160.00
575.60, 166.00
575.92, 168.00
576.25, 173.00
576.58, 175.00
576.90, 176.00
577.23, 204.00
577.55, 176.00
577.88, 177.00
578.20, 185.00
578.53, 186.00
578.85, 196.00
579.18, 197.00
579.50, 194.00
579.83, 190.00
580.15, 198.00
580.48, 191.00
580.80, 192.00
581.13, 193.00
581.45, 194.00
581.78, 193.00
582.10, 207.00
582.43, 211.00
582.75, 219.00
583.08, 209.00
583.40, 206.00
583.73, 277.00
584.05, 207.00
584.38, 198.00
584.70, 252.00
585.03, 200.00
585.35, 204.00
585.67, 210.00
586.00, 229.00
586.32, 248.00
586.65, 261.00
586.97, 268.00
587.30, 253.00
587.62, 227.00
587.94, 232.00
588.27, 217.00
588.59, 205.00
588.92, 198.00
589.24, 200.00
589.56, 206.00
589.89, 201.00
590.21, 186.00
590.54, 187.00
590.86, 190.00
591.18, 189.00
591.51, 190.00
591.83, 207.00
592.15, 205.00
592.48, 209.00
592.80, 209.00
593.13, 196.00
593.45, 195.00
593.77, 190.00
594.10, 188.00
594.42, 189.00
594.74, 173.00
595.07, 179.00
595.39, 177.00
595.71, 186.00
596.03, 181.00
596.36, 181.00
596.68, 180.00
597.00, 177.00
597.33, 192.00
597.65, 191.00
597.97, 193.00
598.30, 197.00
598.62, 191.00
598.94, 197.00
599.26, 197.00
599.59, 207.00
599.91, 192.00
600.23, 187.00
600.55, 182.00
600.88, 188.00
601.20, 177.00
601.52, 173.00
601.84, 172.00
602.17, 175.00
602.49, 169.00
602.81, 167.00
603.13, 167.00
603.45, 172.00
603.78, 171.00
604.10, 164.00
604.42, 165.00
604.74, 161.00
605.07, 165.00
605.39, 168.00
605.71, 167.00
606.03, 166.00
606.35, 167.00
606.67, 179.00
607.00, 173.00
607.32, 179.00
607.64, 185.00
607.96, 179.00
608.28, 188.00
608.60, 203.00
608.93, 210.00
609.25, 246.00
609.57, 304.00
609.89, 398.00
610.21, 471.00
610.53, 520.00
610.85, 511.00
611.17, 481.00
611.50, 440.00
611.82, 408.00
612.14, 380.00
612.46, 349.00
612.78, 320.00
613.10, 310.00
613.42, 292.00
613.74, 280.00
614.06, 304.00
614.38, 268.00
614.70, 249.00
615.03, 248.00
615.35, 242.00
615.67, 331.00
615.99, 214.00
616.31, 199.00
616.63, 212.00
616.95, 193.00
617.27, 189.00
617.59, 186.00
617.91, 184.00
618.23, 194.00
618.55, 186.00
618.87, 180.00
619.19, 193.00
619.51, 185.00
619.83, 193.00
620.15, 192.00
620.47, 191.00
620.79, 181.00
621.11, 196.00
621.43, 186.00
621.75, 192.00
622.07, 189.00
622.39, 182.00
622.71, 183.00
623.03, 186.00
623.35, 232.00
623.67, 180.00
623.99, 181.00
624.31, 180.00
624.63, 188.00
624.95, 181.00
625.26, 182.00
625.58, 175.00
625.90, 201.00
626.22, 178.00
626.54, 177.00
626.86, 180.00
627.18, 177.00
627.50, 178.00
627.82, 177.00
628.14, 176.00
628.46, 180.00
628.77, 168.00
629.09, 193.00
629.41, 199.00
629.73, 199.00
630.05, 220.00
630.37, 204.00
630.69, 208.00
631.00, 210.00
631.32, 202.00
631.64, 181.00
631.96, 185.00
632.28, 174.00
632.60, 174.00
632.92, 176.00
633.23, 162.00
633.55, 170.00
633.87, 171.00
634.19, 169.00
634.51, 168.00
634.82, 176.00
635.14, 174.00
635.46, 167.00
635.78, 176.00
636.10, 171.00
636.41, 171.00
636.73, 168.00
637.05, 171.00
637.37, 168.00
637.68, 166.00
638.00, 168.00
638.32, 168.00
638.64, 176.00
638.95, 196.00
639.27, 186.00
639.59, 188.00
639.91, 177.00
640.22, 173.00
640.54, 171.00
640.86, 170.00
641.18, 180.00
641.49, 189.00
641.81, 174.00
642.13, 182.00
642.44, 162.00
642.76, 162.00
643.08, 164.00
643.40, 165.00
643.71, 161.00
644.03, 166.00
644.35, 171.00
644.66, 171.00
644.98, 168.00
645.30, 171.00
645.61, 186.00
645.93, 166.00
646.25, 167.00
646.56, 171.00
646.88, 192.00
647.19, 159.00
647.51, 169.00
647.83, 156.00
648.14, 155.00
648.46, 155.00
648.78, 163.00
649.09, 165.00
649.41, 207.00
649.72, 166.00
650.04, 169.00
650.36, 173.00
650.67, 170.00
650.99, 166.00
651.30, 171.00
651.62, 158.00
651.93, 168.00
652.25, 181.00
652.57, 205.00
652.88, 168.00
653.20, 175.00
653.51, 171.00
653.83, 167.00
654.14, 162.00
654.46, 170.00
654.77, 166.00
655.09, 177.00
655.40, 182.00
655.72, 167.00
656.04, 172.00
656.35, 173.00
656.67, 159.00
656.98, 161.00
657.30, 169.00
657.61, 167.00
657.93, 165.00
658.24, 167.00
658.55, 203.00
658.87, 163.00
659.18, 169.00
659.50, 170.00
659.81, 176.00
660.13, 169.00
660.44, 168.00
660.76, 170.00
661.07, 184.00
661.39, 164.00
661.70, 171.00
662.01, 168.00
662.33, 165.00
662.64, 162.00
662.96, 159.00
663.27, 159.00
663.59, 149.00
663.90, 153.00
664.21, 157.00
664.53, 177.00
664.84, 162.00
665.16, 189.00
665.47, 156.00
665.78, 157.00
666.10, 169.00
666.41, 180.00
666.72, 178.00
667.04, 197.00
667.35, 184.00
667.67, 180.00
667.98, 180.00
668.29, 168.00
668.61, 166.00
668.92, 169.00
669.23, 162.00
669.55, 166.00
669.86, 186.00
670.17, 161.00
670.48, 159.00
670.80, 153.00
671.11, 159.00
671.42, 153.00
671.74, 160.00
672.05, 157.00
672.36, 158.00
672.68, 148.00
672.99, 144.00
673.30, 154.00
673.61, 153.00
673.93, 152.00
674.24, 151.00
674.55, 153.00
674.86, 158.00
675.18, 161.00
675.49, 164.00
675.80, 162.00
676.11, 160.00
676.43, 165.00
676.74, 162.00
677.05, 156.00
677.36, 169.00
677.67, 159.00
677.99, 162.00
678.30, 163.00
678.61, 161.00
678.92, 160.00
679.23, 167.00
679.55, 157.00
679.86, 156.00
680.17, 154.00
680.48, 158.00
680.79, 160.00
681.10, 156.00
681.42, 157.00
681.73, 155.00
682.04, 153.00
682.35, 158.00
682.66, 151.00
682.97, 152.00
683.28, 160.00
683.60, 155.00
683.91, 148.00
684.22, 173.00
684.53, 157.00
684.84, 154.00
685.15, 155.00
685.46, 184.00
685.77, 153.00
686.08, 154.00
686.40, 185.00
686.71, 160.00
687.02, 161.00
687.33, 159.00
687.64, 153.00
687.95, 149.00
688.26, 152.00
688.57, 152.00
688.88, 156.00
689.19, 149.00
689.50, 152.00
689.81, 155.00
690.12, 151.00
690.43, 165.00
690.74, 149.00
691.05, 146.00
691.36, 163.00
691.67, 148.00
691.98, 152.00
692.29, 150.00
692.60, 150.00
692.91, 155.00
693.22, 149.00
693.53, 151.00
693.84, 158.00
694.15, 144.00
694.46, 147.00
694.77, 150.00
695.08, 151.00
695.39, 157.00
695.70, 149.00
696.01, 147.00
696.32, 144.00
696.63, 147.00
696.94, 156.00
697.25, 147.00
697.56, 153.00
697.87, 155.00
698.17, 189.00
698.48, 153.00
698.79, 153.00
699.10, 149.00
699.41, 152.00
699.72, 149.00
700.03, 150.00
700.34, 148.00
700.65, 154.00
700.95, 149.00
701.26, 153.00
701.57, 147.00
701.88, 147.00
702.19, 163.00
702.50, 155.00
702.81, 153.00
703.11, 172.00
703.42, 154.00
703.73, 154.00
704.04, 160.00
704.35, 170.00
704.66, 184.00
704.96, 263.00
705.27, 360.00
705.58, 410.00
705.89, 411.00
706.20, 339.00
706.50, 295.00
706.81, 270.00
707.12, 241.00
707.43, 220.00
707.73, 205.00
708.04, 177.00
708.35, 175.00
708.66, 165.00
708.97, 156.00
709.27, 161.00
709.58, 159.00
709.89, 158.00
710.19, 151.00
710.50, 153.00
710.81, 152.00
711.12, 161.00
711.42, 157.00
711.73, 164.00
712.04, 160.00
712.35, 161.00
712.65, 157.00
712.96, 154.00
713.27, 152.00
713.57, 175.00
713.88, 171.00
714.19, 153.00
714.49, 154.00
714.80, 150.00
715.11, 148.00
715.41, 147.00
715.72, 153.00
716.03, 148.00
716.33, 155.00
716.64, 147.00
716.94, 155.00
717.25, 146.00
717.56, 156.00
717.86, 152.00
718.17, 146.00
718.48, 147.00
718.78, 148.00
719.09, 151.00
719.39, 151.00
719.70, 146.00
720.01, 143.00
720.31, 149.00
720.62, 148.00
720.92, 146.00
721.23, 152.00
721.53, 150.00
721.84, 147.00
722.15, 155.00
722.45, 150.00
722.76, 150.00
723.06, 144.00
723.37, 146.00
723.67, 147.00
723.98, 146.00
724.28, 146.00
724.59, 152.00
724.89, 152.00
725.20, 148.00
725.50, 152.00
725.81, 151.00
726.11, 143.00
726.42, 154.00
726.72, 160.00
727.03, 199.00
727.33, 165.00
727.64, 166.00
727.94, 160.00
728.25, 156.00
728.55, 153.00
728.86, 172.00
729.16, 152.00
729.46, 148.00
729.77, 148.00
730.07, 143.00
730.38, 148.00
730.68, 148.00
730.99, 156.00
731.29, 143.00
731.59, 148.00
731.90, 147.00
732.20, 146.00
732.51, 153.00
732.81, 151.00
733.11, 151.00
733.42, 147.00
733.72, 148.00
734.02, 152.00
734.33, 150.00
734.63, 151.00
734.94, 144.00
735.24, 145.00
735.54, 142.00
735.85, 151.00
736.15, 144.00
736.45, 148.00
736.76, 148.00
737.06, 146.00
737.36, 146.00
737.67, 149.00
737.97, 148.00
738.27, 149.00
738.57, 148.00
738.88, 146.00
739.18, 182.00
739.48, 157.00
739.79, 147.00
740.09, 150.00
740.39, 149.00
740.69, 155.00
741.00, 149.00
741.30, 150.00
741.60, 145.00
741.90, 142.00
742.21, 149.00
742.51, 186.00
742.81, 148.00
743.11, 147.00
743.42, 171.00
743.72, 148.00
744.02, 148.00
744.32, 145.00
744.63, 150.00
744.93, 150.00
745.23, 153.00
745.53, 155.00
745.83, 149.00
746.13, 147.00
746.44, 152.00
746.74, 142.00
747.04, 151.00
747.34, 147.00
747.64, 148.00
747.94, 149.00
748.25, 151.00
748.55, 153.00
748.85, 151.00
749.15, 158.00
749.45, 173.00
749.75, 163.00
750.05, 153.00
750.35, 148.00
750.66, 166.00
750.96, 156.00
751.26, 150.00
751.56, 149.00
751.86, 153.00
752.16, 144.00
752.46, 146.00
752.76, 144.00
753.06, 146.00
753.36, 186.00
753.66, 149.00
753.96, 153.00
754.27, 144.00
754.57, 148.00
754.87, 148.00
755.17, 148.00
755.47, 148.00
755.77, 147.00
756.07, 147.00
756.37, 150.00
756.67, 153.00
756.97, 146.00
757.27, 154.00
757.57, 145.00
757.87, 154.00
758.17, 145.00
758.47, 154.00
758.77, 149.00
759.07, 151.00
759.37, 146.00
759.67, 149.00
759.97, 151.00
760.27, 149.00
760.57, 147.00
760.86, 148.00
761.16, 148.00
761.46, 149.00
761.76, 184.00
762.06, 149.00
762.36, 155.00
762.66, 152.00
762.96, 153.00
763.26, 150.00
763.56, 179.00
763.86, 154.00
764.16, 146.00
764.45, 162.00
764.75, 149.00
765.05, 152.00
765.35, 147.00
765.65, 147.00
765.95, 143.00
766.25, 149.00
766.55, 153.00
766.84, 151.00
767.14, 148.00
767.44, 154.00
767.74, 150.00
768.04, 152.00
768.34, 143.00
768.63, 158.00
768.93, 148.00
769.23, 155.00
769.53, 153.00
769.83, 151.00
770.12, 150.00
770.42, 151.00
770.72, 147.00
771.02, 150.00
771.32, 149.00
771.61, 150.00
771.91, 156.00
772.21, 154.00
772.51, 152.00
772.80, 149.00
773.10, 151.00
773.40, 157.00
773.70, 147.00
773.99, 151.00
774.29, 157.00
774.59, 163.00
774.88, 152.00
775.18, 157.00
775.48, 215.00
775.78, 320.00
776.07, 411.00
776.37, 447.00
776.67, 400.00
776.96, 310.00
777.26, 306.00
777.56, 233.00
777.85, 220.00
778.15, 211.00
778.45, 201.00
778.74, 188.00
779.04, 176.00
779.34, 162.00
779.63, 160.00
779.93, 151.00
780.22, 149.00
780.52, 149.00
780.82, 141.00
781.11, 147.00
781.41, 142.00
781.71, 144.00
782.00, 149.00
782.30, 147.00
782.59, 155.00
782.89, 146.00
783.19, 146.00
783.48, 150.00
783.78, 145.00
784.07, 153.00
784.37, 151.00
784.66, 149.00
784.96, 147.00
785.25, 143.00
785.55, 148.00
785.84, 154.00
786.14, 149.00
786.44, 149.00
786.73, 143.00
787.03, 142.00
787.32, 145.00
787.62, 144.00
787.91, 145.00
788.21, 146.00
788.50, 146.00
788.80, 144.00
789.09, 146.00
789.39, 144.00
789.68, 148.00
789.97, 147.00
790.27, 143.00
790.56, 145.00
790.86, 150.00
791.15, 148.00
791.45, 143.00
791.74, 168.00
792.04, 145.00
792.33, 143.00
792.62, 172.00
792.92, 148.00
793.21, 144.00
793.51, 153.00
793.80, 142.00
794.09, 147.00
794.39, 145.00
794.68, 143.00
794.98, 147.00
795.27, 140.00
795.56, 146.00
795.86, 153.00
796.15, 143.00
796.44, 152.00
796.74, 141.00
797.03, 143.00
797.32, 145.00
797.62, 145.00
797.91, 158.00
798.20, 143.00
798.50, 158.00
798.79, 155.00
799.08, 144.00
799.38, 140.00
799.67, 142.00
799.96, 157.00
800.26, 165.00
800.55, 145.00
800.84, 147.00
801.13, 146.00
801.43, 148.00
801.72, 182.00
802.01, 147.00
802.30, 146.00
802.60, 141.00
802.89, 153.00
803.18, 143.00
803.47, 144.00
803.77, 148.00
804.06, 149.00
804.35, 149.00
804.64, 164.00
804.94, 141.00
805.23, 143.00
805.52, 143.00
805.81, 145.00
806.10, 145.00
806.39, 145.00
806.69, 146.00
806.98, 142.00
807.27, 142.00
807.56, 147.00
807.85, 147.00
808.14, 140.00
808.44, 154.00
808.73, 144.00
809.02, 158.00
809.31, 151.00
809.60, 152.00
809.89, 151.00
810.18, 151.00
810.48, 155.00
810.77, 145.00
811.06, 152.00
811.35, 152.00
811.64, 147.00
811.93, 161.00
812.22, 147.00
812.51, 142.00
812.80, 140.00
813.09, 141.00
813.38, 144.00
813.67, 166.00
813.96, 145.00
814.26, 142.00
814.55, 148.00
814.84, 142.00
815.13, 151.00
815.42, 148.00
815.71, 149.00
816.00, 145.00
816.29, 155.00
816.58, 148.00
816.87, 144.00
817.16, 141.00
817.45, 152.00
817.74, 149.00
818.03, 144.00
818.32, 141.00
818.61, 156.00
818.90, 149.00
819.19, 142.00
819.48, 148.00
819.76, 148.00
820.05, 148.00
820.34, 144.00
820.63, 142.00
820.92, 145.00
821.21, 145.00
821.50, 142.00
821.79, 137.00
822.08, 144.00
822.37, 153.00
822.66, 145.00
822.95, 148.00
823.23, 148.00
823.52, 165.00
823.81, 148.00
824.10, 146.00
824.39, 146.00
824.68, 143.00
824.97, 164.00
825.26, 147.00
825.54, 193.00
825.83, 153.00
826.12, 145.00
826.41, 145.00
826.70, 146.00
826.99, 156.00
827.27, 144.00
827.56, 166.00
827.85, 149.00
828.14, 148.00
828.43, 148.00
828.71, 152.00
829.00, 148.00
829.29, 145.00
829.58, 153.00
829.86, 148.00
830.15, 144.00
830.44, 150.00
830.73, 146.00
831.01, 144.00
831.30, 145.00
831.59, 148.00
831.88, 142.00
832.16, 146.00
832.45, 153.00
832.74, 145.00
833.03, 144.00
833.31, 147.00
833.60, 142.00
833.89, 143.00
834.17, 148.00
834.46, 147.00
834.75, 145.00
835.03, 143.00
835.32, 147.00
835.61, 144.00
835.89, 156.00
836.18, 145.00
836.47, 142.00
836.75, 145.00
837.04, 145.00
837.33, 146.00
837.61, 143.00
837.90, 145.00
838.19, 147.00
838.47, 144.00
838.76, 145.00
839.04, 148.00
839.33, 144.00
839.62, 142.00
839.90, 144.00
840.19, 140.00
840.47, 138.00
840.76, 169.00
841.04, 145.00
841.33, 145.00
841.62, 142.00
841.90, 141.00
842.19, 141.00
842.47, 292.00
842.76, 144.00
843.04, 153.00
843.33, 176.00
843.61, 155.00
843.90, 159.00
844.18, 152.00
844.47, 155.00
844.75, 156.00
845.04, 154.00
845.32, 148.00
845.61, 148.00
845.89, 150.00
846.18, 147.00
846.46, 142.00
846.75, 147.00
847.03, 157.00
847.32, 143.00
847.60, 144.00
847.88, 144.00
848.17, 143.00
848.45, 171.00
848.74, 147.00
849.02, 143.00
849.31, 142.00
849.59, 143.00
849.87, 144.00
850.16, 142.00
850.44, 145.00
850.73, 178.00
851.01, 149.00
851.29, 148.00
851.58, 143.00
851.86, 141.00
852.14, 142.00
852.43, 146.00
852.71, 145.00
853.00, 146.00
853.28, 148.00
853.56, 143.00
853.85, 145.00
854.13, 142.00
854.41, 143.00
854.69, 143.00
854.98, 145.00
855.26, 207.00
855.54, 146.00
855.83, 143.00
856.11, 147.00
856.39, 143.00
856.68, 143.00
856.96, 140.00
857.24, 147.00
857.52, 149.00
857.81, 147.00
858.09, 141.00
858.37, 144.00
858.65, 147.00
858.94, 144.00
859.22, 143.00
