190.05, 0.00
190.41, 136.00
190.77, 136.00
191.14, 139.00
191.50, 140.00
191.86, 166.00
192.22, 144.00
192.58, 152.00
192.94, 144.00
193.31, 143.00
193.67, 145.00
194.03, 152.00
194.39, 149.00
194.75, 145.00
195.11, 156.00
195.47, 163.00
195.84, 144.00
196.20, 144.00
196.56, 163.00
196.92, 145.00
197.28, 147.00
197.64, 146.00
198.00, 140.00
198.37, 150.00
198.73, 143.00
199.09, 144.00
199.45, 141.00
199.81, 144.00
200.17, 148.00
200.53, 143.00
200.89, 151.00
201.25, 189.00
201.62, 148.00
201.98, 147.00
202.34, 142.00
202.70, 156.00
203.06, 146.00
203.42, 141.00
203.78, 145.00
204.14, 143.00
204.50, 171.00
204.86, 162.00
205.22, 157.00
205.58, 150.00
205.95, 146.00
206.31, 141.00
206.67, 147.00
207.03, 148.00
207.39, 151.00
207.75, 144.00
208.11, 147.00
208.47, 148.00
208.83, 148.00
209.19, 149.00
209.55, 144.00
209.91, 147.00
210.27, 148.00
210.63, 141.00
210.99, 153.00
211.35, 144.00
211.71, 152.00
212.07, 146.00
212.43, 154.00
212.79, 148.00
213.15, 143.00
213.51, 148.00
213.87, 150.00
214.23, 144.00
214.59, 147.00
214.95, 146.00
215.31, 145.00
215.67, 148.00
216.03, 186.00
216.39, 147.00
216.75, 144.00
217.11, 149.00
217.47, 145.00
217.83, 141.00
218.19, 150.00
218.55, 149.00
218.91, 148.00
219.27, 146.00
219.63, 143.00
219.99, 145.00
220.35, 143.00
220.71, 153.00
221.07, 143.00
221.43, 145.00
221.79, 141.00
222.15, 146.00
222.51, 143.00
222.87, 142.00
223.23, 145.00
223.59, 141.00
223.95, 144.00
224.31, 148.00
224.67, 144.00
225.03, 151.00
225.39, 153.00
225.74, 150.00
226.10, 150.00
226.46, 144.00
226.82, 150.00
227.18, 150.00
227.54, 140.00
227.90, 146.00
228.26, 151.00
228.62, 152.00
228.98, 141.00
229.34, 146.00
229.69, 145.00
230.05, 149.00
230.41, 141.00
230.77, 150.00
231.13, 146.00
231.49, 146.00
231.85, 147.00
232.21, 153.00
232.57, 150.00
232.92, 145.00
233.28, 141.00
233.64, 144.00
234.00, 145.00
234.36, 147.00
234.72, 144.00
235.08, 150.00
235.44, 148.00
235.79, 146.00
236.15, 151.00
236.51, 144.00
236.87, 144.00
237.23, 151.00
237.59, 139.00
237.94, 155.00
238.30, 148.00
238.66, 144.00
239.02, 144.00
239.38, 139.00
239.74, 145.00
240.09, 154.00
240.45, 145.00
240.81, 146.00
241.17, 153.00
241.53, 148.00
241.89, 145.00
242.24, 145.00
242.60, 145.00
242.96, 150.00
243.32, 148.00
243.68, 145.00
244.03, 147.00
244.39, 149.00
244.75, 170.00
245.11, 146.00
245.46, 148.00
245.82, 170.00
246.18, 145.00
246.54, 150.00
246.90, 147.00
247.25, 144.00
247.61, 145.00
247.97, 184.00
248.33, 144.00
248.68, 145.00
249.04, 145.00
249.40, 141.00
249.76, 150.00
250.11, 140.00
250.47, 145.00
250.83, 151.00
251.19, 147.00
251.54, 157.00
251.90, 150.00
252.26, 149.00
252.62, 142.00
252.97, 148.00
253.33, 140.00
253.69, 146.00
254.05, 147.00
254.40, 146.00
254.76, 144.00
255.12, 176.00
255.47, 150.00
255.83, 151.00
256.19, 150.00
256.54, 144.00
256.90, 141.00
257.26, 143.00
257.62, 146.00
257.97, 134.00
258.33, 146.00
258.69, 146.00
259.04, 140.00
259.40, 143.00
259.76, 152.00
260.11, 144.00
260.47, 140.00
260.83, 148.00
261.18, 146.00
261.54, 150.00
261.90, 148.00
262.25, 148.00
262.61, 143.00
262.97, 143.00
263.32, 145.00
263.68, 139.00
264.04, 156.00
264.39, 146.00
264.75, 145.00
265.10, 146.00
265.46, 189.00
265.82, 155.00
266.17, 142.00
266.53, 138.00
266.89, 149.00
267.24, 153.00
267.60, 149.00
267.95, 143.00
268.31, 146.00
268.67, 146.00
269.02, 146.00
269.38, 142.00
269.74, 153.00
270.09, 145.00
270.45, 145.00
270.80, 164.00
271.16, 147.00
271.51, 145.00
271.87, 148.00
272.23, 153.00
272.58, 146.00
272.94, 138.00
273.29, 146.00
273.65, 196.00
274.00, 143.00
274.36, 150.00
274.72, 148.00
275.07, 147.00
275.43, 147.00
275.78, 147.00
276.14, 144.00
276.49, 148.00
276.85, 159.00
277.20, 163.00
277.56, 147.00
277.92, 143.00
278.27, 149.00
278.63, 152.00
278.98, 144.00
279.34, 146.00
279.69, 148.00
280.05, 161.00
280.40, 152.00
280.76, 157.00
281.11, 149.00
281.47, 144.00
281.82, 142.00
282.18, 146.00
282.53, 155.00
282.89, 151.00
283.24, 156.00
283.60, 150.00
283.95, 152.00
284.31, 150.00
284.66, 155.00
285.02, 155.00
285.37, 153.00
285.73, 152.00
286.08, 162.00
286.44, 153.00
286.79, 154.00
287.14, 152.00
287.50, 154.00
287.85, 147.00
288.21, 148.00
288.56, 141.00
288.92, 151.00
289.27, 150.00
289.63, 150.00
289.98, 157.00
290.34, 152.00
290.69, 154.00
291.04, 146.00
291.40, 147.00
291.75, 146.00
292.11, 155.00
292.46, 148.00
292.81, 150.00
293.17, 149.00
293.52, 149.00
293.88, 149.00
294.23, 151.00
294.59, 150.00
294.94, 155.00
295.29, 156.00
295.65, 159.00
296.00, 182.00
296.36, 159.00
296.71, 158.00
297.06, 155.00
297.42, 164.00
297.77, 161.00
298.12, 161.00
298.48, 165.00
298.83, 156.00
299.19, 157.00
299.54, 160.00
299.89, 157.00
300.25, 158.00
300.60, 160.00
300.95, 163.00
301.31, 151.00
301.66, 147.00
302.01, 152.00
302.37, 148.00
302.72, 150.00
303.07, 148.00
303.43, 156.00
303.78, 155.00
304.13, 160.00
304.49, 160.00
304.84, 166.00
305.19, 196.00
305.55, 158.00
305.90, 168.00
306.25, 189.00
306.61, 226.00
306.96, 262.00
307.31, 334.00
307.66, 447.00
308.02, 585.00
308.37, 660.00
308.72, 728.00
309.08, 720.00
309.43, 678.00
309.78, 584.00
310.13, 520.00
310.49, 458.00
310.84, 362.00
311.19, 320.00
311.54, 280.00
311.90, 252.00
312.25, 234.00
312.60, 231.00
312.95, 250.00
313.31, 267.00
313.66, 273.00
314.01, 278.00
314.36, 285.00
314.72, 289.00
315.07, 329.00
315.42, 363.00
315.77, 398.00
316.13, 326.00
316.48, 261.00
316.83, 214.00
317.18, 191.00
317.54, 168.00
317.89, 160.00
318.24, 158.00
318.59, 154.00
318.94, 161.00
319.30, 151.00
319.65, 156.00
320.00, 156.00
320.35, 158.00
320.70, 163.00
321.05, 162.00
321.41, 163.00
321.76, 165.00
322.11, 155.00
322.46, 152.00
322.81, 198.00
323.17, 154.00
323.52, 152.00
323.87, 159.00
324.22, 156.00
324.57, 161.00
324.92, 156.00
325.27, 162.00
325.63, 163.00
325.98, 160.00
326.33, 167.00
326.68, 159.00
327.03, 157.00
327.38, 162.00
327.73, 169.00
328.09, 178.00
328.44, 205.00
328.79, 180.00
329.14, 215.00
329.49, 187.00
329.84, 187.00
330.19, 188.00
330.54, 176.00
330.89, 183.00
331.25, 158.00
331.60, 168.00
331.95, 162.00
332.30, 160.00
332.65, 166.00
333.00, 174.00
333.35, 212.00
333.70, 219.00
334.05, 182.00
334.40, 187.00
334.75, 185.00
335.10, 225.00
335.45, 267.00
335.81, 360.00
336.16, 490.00
336.51, 622.00
336.86, 656.00
337.21, 593.00
337.56, 422.00
337.91, 296.00
338.26, 223.00
338.61, 184.00
338.96, 168.00
339.31, 161.00
339.66, 161.00
340.01, 158.00
340.36, 158.00
340.71, 153.00
341.06, 152.00
341.41, 158.00
341.76, 151.00
342.11, 157.00
342.46, 155.00
342.81, 159.00
343.16, 160.00
343.51, 164.00
343.86, 159.00
344.21, 157.00
344.56, 155.00
344.91, 153.00
345.26, 166.00
345.61, 155.00
345.96, 160.00
346.31, 153.00
346.66, 181.00
347.01, 153.00
347.36, 183.00
347.71, 159.00
348.06, 151.00
348.41, 172.00
348.76, 178.00
349.10, 170.00
349.45, 179.00
349.80, 173.00
350.15, 171.00
350.50, 172.00
350.85, 172.00
351.20, 168.00
351.55, 190.00
351.90, 203.00
352.25, 228.00
352.60, 270.00
352.95, 325.00
353.30, 357.00
353.64, 322.00
353.99, 282.00
354.34, 259.00
354.69, 253.00
355.04, 265.00
355.39, 294.00
355.74, 357.00
356.09, 409.00
356.44, 457.00
356.78, 545.00
357.13, 589.00
357.48, 558.00
357.83, 457.00
358.18, 335.00
358.53, 276.00
358.88, 205.00
359.22, 191.00
359.57, 160.00
359.92, 158.00
360.27, 160.00
360.62, 158.00
360.97, 163.00
361.32, 159.00
361.66, 156.00
362.01, 161.00
362.36, 162.00
362.71, 165.00
363.06, 160.00
363.40, 163.00
363.75, 165.00
364.10, 168.00
364.45, 162.00
364.80, 164.00
365.14, 167.00
365.49, 166.00
365.84, 162.00
366.19, 162.00
366.54, 170.00
366.88, 185.00
367.23, 163.00
367.58, 213.00
367.93, 154.00
368.28, 161.00
368.62, 161.00
368.97, 165.00
369.32, 176.00
369.67, 169.00
370.01, 191.00
370.36, 188.00
370.71, 213.00
371.06, 183.00
371.40, 190.00
371.75, 170.00
372.10, 166.00
372.45, 156.00
372.79, 167.00
373.14, 171.00
373.49, 181.00
373.83, 201.00
374.18, 217.00
374.53, 250.00
374.88, 279.00
375.22, 276.00
375.57, 249.00
375.92, 208.00
376.26, 185.00
376.61, 176.00
376.96, 161.00
377.30, 167.00
377.65, 172.00
378.00, 170.00
378.35, 185.00
378.69, 222.00
379.04, 241.00
379.39, 295.00
379.73, 334.00
380.08, 333.00
380.43, 292.00
380.77, 246.00
381.12, 218.00
381.47, 193.00
381.81, 170.00
382.16, 162.00
382.50, 163.00
382.85, 239.00
383.20, 169.00
383.54, 168.00
383.89, 174.00
384.24, 179.00
384.58, 179.00
384.93, 202.00
385.27, 204.00
385.62, 203.00
385.97, 202.00
386.31, 191.00
386.66, 223.00
387.00, 198.00
387.35, 208.00
387.70, 219.00
388.04, 315.00
388.39, 298.00
388.73, 377.00
389.08, 492.00
389.43, 648.00
389.77, 819.00
390.12, 1033.00
390.46, 1455.00
390.81, 1645.00
391.15, 1567.00
391.50, 1206.00
391.85, 762.00
392.19, 515.00
392.54, 327.00
392.88, 226.00
393.23, 199.00
393.57, 204.00
393.92, 190.00
394.26, 182.00
394.61, 168.00
394.95, 169.00
395.30, 159.00
395.64, 153.00
395.99, 198.00
396.33, 164.00
396.68, 161.00
397.02, 162.00
397.37, 168.00
397.71, 175.00
398.06, 179.00
398.40, 193.00
398.75, 212.00
399.09, 225.00
399.44, 222.00
399.78, 206.00
400.13, 185.00
400.47, 165.00
400.82, 164.00
401.16, 159.00
401.51, 153.00
401.85, 154.00
402.20, 158.00
402.54, 160.00
402.88, 162.00
403.23, 166.00
403.57, 174.00
403.92, 190.00
404.26, 262.00
404.61, 220.00
404.95, 265.00
405.30, 223.00
405.64, 211.00
405.98, 223.00
406.33, 182.00
406.67, 171.00
407.02, 162.00
407.36, 169.00
407.70, 171.00
408.05, 170.00
408.39, 169.00
408.74, 174.00
409.08, 181.00
409.42, 173.00
409.77, 174.00
410.11, 174.00
410.46, 165.00
410.80, 168.00
411.14, 172.00
411.49, 177.00
411.83, 185.00
412.17, 175.00
412.52, 180.00
412.86, 189.00
413.20, 189.00
413.55, 186.00
413.89, 182.00
414.23, 173.00
414.58, 212.00
414.92, 165.00
415.26, 169.00
415.61, 168.00
415.95, 167.00
416.29, 168.00
416.64, 174.00
416.98, 175.00
417.32, 183.00
417.67, 199.00
418.01, 206.00
418.35, 213.00
418.70, 227.00
419.04, 255.00
419.38, 247.00
419.72, 240.00
420.07, 222.00
420.41, 192.00
420.75, 181.00
421.10, 173.00
421.44, 176.00
421.78, 172.00
422.12, 179.00
422.47, 188.00
422.81, 186.00
423.15, 194.00
423.49, 198.00
423.84, 189.00
424.18, 200.00
424.52, 214.00
424.86, 242.00
425.21, 305.00
425.55, 327.00
425.89, 386.00
426.23, 473.00
426.57, 601.00
426.92, 663.00
427.26, 705.00
427.60, 625.00
427.94, 448.00
428.28, 336.00
428.63, 266.00
428.97, 212.00
429.31, 182.00
429.65, 171.00
429.99, 173.00
430.34, 160.00
430.68, 168.00
431.02, 173.00
431.36, 165.00
431.70, 168.00
432.04, 171.00
432.39, 170.00
432.73, 173.00
433.07, 174.00
433.41, 180.00
433.75, 189.00
434.09, 181.00
434.43, 187.00
434.78, 243.00
435.12, 302.00
435.46, 334.00
435.80, 313.00
436.14, 273.00
436.48, 227.00
436.82, 228.00
437.16, 199.00
437.51, 176.00
437.85, 174.00
438.19, 215.00
438.53, 176.00
438.87, 188.00
439.21, 175.00
439.55, 180.00
439.89, 184.00
440.23, 187.00
440.57, 183.00
440.91, 190.00
441.26, 183.00
441.60, 180.00
441.94, 177.00
442.28, 183.00
442.62, 171.00
442.96, 167.00
443.30, 177.00
443.64, 174.00
443.98, 176.00
444.32, 178.00
444.66, 166.00
445.00, 171.00
445.34, 178.00
445.68, 174.00
446.02, 173.00
446.36, 172.00
446.70, 174.00
447.04, 179.00
447.38, 200.00
447.72, 176.00
448.06, 179.00
448.40, 176.00
448.74, 176.00
449.08, 175.00
449.42, 177.00
449.76, 175.00
450.10, 173.00
450.44, 166.00
450.78, 176.00
451.12, 179.00
451.46, 181.00
451.80, 179.00
452.14, 168.00
452.48, 173.00
452.82, 173.00
453.16, 170.00
453.50, 178.00
453.84, 169.00
454.18, 212.00
454.52, 183.00
454.86, 172.00
455.19, 191.00
455.53, 185.00
455.87, 176.00
456.21, 184.00
456.55, 178.00
456.89, 183.00
457.23, 176.00
457.57, 177.00
457.91, 187.00
458.25, 188.00
458.59, 199.00
458.92, 211.00
459.26, 207.00
459.60, 214.00
459.94, 198.00
460.28, 184.00
460.62, 177.00
460.96, 181.00
461.30, 163.00
461.63, 173.00
461.97, 170.00
462.31, 167.00
462.65, 171.00
462.99, 181.00
463.33, 182.00
463.67, 175.00
464.00, 184.00
464.34, 181.00
464.68, 181.00
465.02, 195.00
465.36, 190.00
465.70, 177.00
466.03, 189.00
466.37, 176.00
466.71, 178.00
467.05, 189.00
467.39, 194.00
467.72, 204.00
468.06, 215.00
468.40, 231.00
468.74, 236.00
469.08, 241.00
469.41, 261.00
469.75, 286.00
470.09, 307.00
470.43, 323.00
470.76, 275.00
471.10, 250.00
471.44, 230.00
471.78, 215.00
472.11, 203.00
472.45, 198.00
472.79, 187.00
473.13, 183.00
473.46, 187.00
473.80, 177.00
474.14, 173.00
474.48, 180.00
474.81, 179.00
475.15, 176.00
475.49, 176.00
475.82, 182.00
476.16, 181.00
476.50, 172.00
476.84, 176.00
477.17, 168.00
477.51, 175.00
477.85, 173.00
478.18, 190.00
478.52, 171.00
478.86, 229.00
479.19, 182.00
479.53, 176.00
479.87, 216.00
480.20, 190.00
480.54, 187.00
480.88, 180.00
481.21, 175.00
481.55, 180.00
481.89, 189.00
482.22, 184.00
482.56, 196.00
482.90, 196.00
483.23, 198.00
483.57, 199.00
483.90, 205.00
484.24, 216.00
484.58, 225.00
484.91, 222.00
485.25, 222.00
485.58, 233.00
485.92, 241.00
486.26, 246.00
486.59, 246.00
486.93, 243.00
487.26, 244.00
487.60, 241.00
487.94, 236.00
488.27, 245.00
488.61, 235.00
488.94, 241.00
489.28, 233.00
489.61, 237.00
489.95, 234.00
490.29, 235.00
490.62, 238.00
490.96, 229.00
491.29, 241.00
491.63, 226.00
491.96, 223.00
492.30, 220.00
492.63, 226.00
492.97, 223.00
493.30, 213.00
493.64, 216.00
493.97, 219.00
494.31, 222.00
494.64, 219.00
494.98, 217.00
495.31, 215.00
495.65, 206.00
495.98, 214.00
496.32, 206.00
496.65, 236.00
496.99, 207.00
497.32, 195.00
497.66, 193.00
497.99, 197.00
498.33, 188.00
498.66, 191.00
499.00, 192.00
499.33, 186.00
499.67, 187.00
500.00, 183.00
500.34, 192.00
500.67, 206.00
501.00, 199.00
501.34, 200.00
501.67, 189.00
502.01, 187.00
502.34, 186.00
502.68, 186.00
503.01, 190.00
503.34, 188.00
503.68, 186.00
504.01, 184.00
504.35, 184.00
504.68, 191.00
505.01, 190.00
505.35, 186.00
505.68, 191.00
506.02, 193.00
506.35, 193.00
506.68, 207.00
507.02, 189.00
507.35, 191.00
507.68, 189.00
508.02, 181.00
508.35, 184.00
508.69, 181.00
509.02, 185.00
509.35, 183.00
509.69, 175.00
510.02, 181.00
510.35, 174.00
510.69, 177.00
511.02, 180.00
511.35, 174.00
511.69, 180.00
512.02, 176.00
512.35, 178.00
512.68, 181.00
513.02, 177.00
513.35, 176.00
513.68, 176.00
514.02, 180.00
514.35, 175.00
514.68, 183.00
515.01, 174.00
515.35, 178.00
515.68, 168.00
516.01, 167.00
516.35, 177.00
516.68, 174.00
517.01, 172.00
517.34, 173.00
517.68, 168.00
518.01, 182.00
518.34, 170.00
518.67, 170.00
519.01, 178.00
519.34, 177.00
519.67, 190.00
520.00, 179.00
520.33, 180.00
520.67, 179.00
521.00, 179.00
521.33, 186.00
521.66, 197.00
522.00, 194.00
522.33, 193.00
522.66, 185.00
522.99, 185.00
523.32, 188.00
523.65, 179.00
523.99, 179.00
524.32, 177.00
524.65, 181.00
524.98, 174.00
525.31, 174.00
525.65, 208.00
525.98, 177.00
526.31, 179.00
526.64, 185.00
526.97, 179.00
527.30, 173.00
527.63, 179.00
527.97, 170.00
528.30, 172.00
528.63, 181.00
528.96, 204.00
529.29, 170.00
529.62, 174.00
529.95, 168.00
530.28, 168.00
530.61, 167.00
530.95, 166.00
531.28, 169.00
531.61, 177.00
531.94, 182.00
532.27, 184.00
532.60, 188.00
532.93, 187.00
533.26, 179.00
533.59, 172.00
533.92, 170.00
534.25, 177.00
534.58, 211.00
534.91, 178.00
535.25, 165.00
535.58, 171.00
535.91, 177.00
536.24, 181.00
536.57, 187.00
536.90, 187.00
537.23, 191.00
537.56, 234.00
537.89, 202.00
538.22, 198.00
538.55, 207.00
538.88, 218.00
539.21, 336.00
539.54, 233.00
539.87, 247.00
540.20, 277.00
540.53, 311.00
540.86, 373.00
541.19, 381.00
541.52, 415.00
541.85, 439.00
542.18, 459.00
542.51, 469.00
542.84, 474.00
543.17, 473.00
543.50, 467.00
543.82, 449.00
544.15, 432.00
544.48, 443.00
544.81, 467.00
545.14, 506.00
545.47, 468.00
545.80, 469.00
546.13, 392.00
546.46, 388.00
546.79, 331.00
547.12, 296.00
547.45, 277.00
547.78, 273.00
548.10, 257.00
548.43, 268.00
548.76, 256.00
549.09, 254.00
549.42, 238.00
549.75, 239.00
550.08, 234.00
550.41, 232.00
550.74, 236.00
551.06, 223.00
551.39, 226.00
551.72, 220.00
552.05, 215.00
552.38, 208.00
552.71, 209.00
553.03, 205.00
553.36, 200.00
553.69, 204.00
554.02, 192.00
554.35, 193.00
554.68, 183.00
555.00, 187.00
555.33, 182.00
555.66, 183.00
555.99, 196.00
556.32, 181.00
556.64, 186.00
556.97, 192.00
557.30, 189.00
557.63, 190.00
557.96, 194.00
558.28, 197.00
558.61, 196.00
558.94, 187.00
559.27, 194.00
559.59, 191.00
559.92, 182.00
560.25, 185.00
560.58, 189.00
560.90, 192.00
561.23, 185.00
561.56, 180.00
561.89, 184.00
562.21, 188.00
562.54, 175.00
562.87, 176.00
563.20, 174.00
563.52, 174.00
563.85, 168.00
564.18, 189.00
564.50, 170.00
564.83, 203.00
565.16, 225.00
565.48, 162.00
565.81, 174.00
566.14, 160.00
566.47, 161.00
566.79, 167.00
567.12, 162.00
567.45, 196.00
567.77, 159.00
568.10, 169.00
568.43, 170.00
568.75, 161.00
569.08, 166.00
569.40, 203.00
569.73, 169.00
570.06, 163.00
570.38, 164.00
570.71, 160.00
571.04, 163.00
571.36, 169.00
571.69, 165.00
572.01, 161.00
572.34, 162.00
572.67, 171.00
572.99, 163.00
573.32, 183.00
573.64, 162.00
573.97, 164.00
574.30, 162.00
574.62, 165.00
574.95, 166.00
575.27, 165.00
575.60, 180.00
575.92, 180.00
576.25, 184.00
576.58, 186.00
576.90, 177.00
577.23, 211.00
577.55, 180.00
577.88, 183.00
578.20, 186.00
578.53, 192.00
578.85, 207.00
579.18, 207.00
579.50, 199.00
579.83, 197.00
580.15, 200.00
580.48, 198.00
580.80, 201.00
581.13, 203.00
581.45, 194.00
581.78, 204.00
582.10, 207.00
582.43, 212.00
582.75, 220.00
583.08, 217.00
583.40, 214.00
583.73, 279.00
584.05, 219.00
584.38, 205.00
584.70, 256.00
585.03, 206.00
585.35, 209.00
585.67, 216.00
586.00, 233.00
586.32, 255.00
586.65, 275.00
586.97, 268.00
587.30, 255.00
587.62, 239.00
587.94, 245.00
588.27, 217.00
588.59, 212.00
588.92, 203.00
589.24, 206.00
589.56, 203.00
589.89, 208.00
590.21, 198.00
590.54, 191.00
590.86, 194.00
591.18, 196.00
591.51, 199.00
591.83, 218.00
592.15, 209.00
592.48, 216.00
592.80, 217.00
593.13, 204.00
593.45, 209.00
593.77, 202.00
594.10, 193.00
594.42, 198.00
594.74, 195.00
595.07, 197.00
595.39, 189.00
595.71, 194.00
596.03, 197.00
596.36, 193.00
596.68, 197.00
597.00, 197.00
597.33, 207.00
597.65, 215.00
597.97, 206.00
598.30, 210.00
598.62, 211.00
598.94, 210.00
599.26, 213.00
599.59, 216.00
599.91, 208.00
600.23, 200.00
600.55, 198.00
600.88, 197.00
601.20, 191.00
601.52, 184.00
601.84, 183.00
602.17, 183.00
602.49, 172.00
602.81, 169.00
603.13, 182.00
603.45, 187.00
603.78, 171.00
604.10, 173.00
604.42, 174.00
604.74, 171.00
605.07, 175.00
605.39, 176.00
605.71, 171.00
606.03, 178.00
606.35, 172.00
606.67, 185.00
607.00, 190.00
607.32, 179.00
607.64, 185.00
607.96, 178.00
608.28, 193.00
608.60, 202.00
608.93, 221.00
609.25, 248.00
609.57, 299.00
609.89, 387.00
610.21, 469.00
610.53, 512.00
610.85, 508.00
611.17, 465.00
611.50, 443.00
611.82, 402.00
612.14, 375.00
612.46, 348.00
612.78, 320.00
613.10, 308.00
613.42, 286.00
613.74, 288.00
614.06, 308.00
614.38, 271.00
614.70, 261.00
615.03, 263.00
615.35, 245.00
615.67, 339.00
615.99, 211.00
616.31, 206.00
616.63, 207.00
616.95, 198.00
617.27, 199.00
617.59, 183.00
617.91, 193.00
618.23, 192.00
618.55, 187.00
618.87, 181.00
619.19, 185.00
619.51, 189.00
619.83, 189.00
620.15, 191.00
620.47, 194.00
620.79, 188.00
621.11, 191.00
621.43, 189.00
621.75, 198.00
622.07, 198.00
622.39, 187.00
622.71, 191.00
623.03, 181.00
623.35, 233.00
623.67, 185.00
623.99, 184.00
624.31, 187.00
624.63, 187.00
624.95, 178.00
625.26, 179.00
625.58, 181.00
625.90, 211.00
626.22, 179.00
626.54, 179.00
626.86, 187.00
627.18, 183.00
627.50, 187.00
627.82, 179.00
628.14, 182.00
628.46, 187.00
628.77, 178.00
629.09, 194.00
629.41, 199.00
629.73, 202.00
630.05, 217.00
630.37, 207.00
630.69, 221.00
631.00, 214.00
631.32, 209.00
631.64, 195.00
631.96, 188.00
632.28, 183.00
632.60, 186.00
632.92, 179.00
633.23, 175.00
633.55, 184.00
633.87, 182.00
634.19, 184.00
634.51, 184.00
634.82, 188.00
635.14, 188.00
635.46, 185.00
635.78, 184.00
636.10, 181.00
636.41, 185.00
636.73, 184.00
637.05, 180.00
637.37, 182.00
637.68, 188.00
638.00, 185.00
638.32, 188.00
638.64, 189.00
638.95, 209.00
639.27, 199.00
639.59, 199.00
639.91, 189.00
640.22, 187.00
640.54, 186.00
640.86, 184.00
641.18, 190.00
641.49, 201.00
641.81, 180.00
642.13, 188.00
642.44, 166.00
642.76, 182.00
643.08, 166.00
643.40, 169.00
643.71, 175.00
644.03, 170.00
644.35, 180.00
644.66, 177.00
644.98, 174.00
645.30, 174.00
645.61, 185.00
645.93, 169.00
646.25, 168.00
646.56, 174.00
646.88, 204.00
647.19, 161.00
647.51, 170.00
647.83, 165.00
648.14, 163.00
648.46, 159.00
648.78, 168.00
649.09, 172.00
649.41, 214.00
649.72, 175.00
650.04, 178.00
650.36, 175.00
650.67, 178.00
650.99, 172.00
651.30, 171.00
651.62, 173.00
651.93, 174.00
652.25, 187.00
652.57, 212.00
652.88, 173.00
653.20, 172.00
653.51, 171.00
653.83, 172.00
654.14, 164.00
654.46, 169.00
654.77, 166.00
655.09, 166.00
655.40, 182.00
655.72, 173.00
656.04, 168.00
656.35, 177.00
656.67, 165.00
656.98, 164.00
657.30, 164.00
657.61, 165.00
657.93, 167.00
658.24, 170.00
658.55, 215.00
658.87, 170.00
659.18, 171.00
659.50, 172.00
659.81, 179.00
660.13, 176.00
660.44, 175.00
660.76, 179.00
661.07, 190.00
661.39, 175.00
661.70, 171.00
662.01, 167.00
662.33, 169.00
662.64, 165.00
662.96, 167.00
663.27, 157.00
663.59, 164.00
663.90, 160.00
664.21, 156.00
664.53, 180.00
664.84, 161.00
665.16, 189.00
665.47, 162.00
665.78, 155.00
666.10, 170.00
666.41, 180.00
666.72, 185.00
667.04, 198.00
667.35, 187.00
667.67, 180.00
667.98, 177.00
668.29, 175.00
668.61, 171.00
668.92, 169.00
669.23, 168.00
669.55, 161.00
669.86, 195.00
670.17, 166.00
670.48, 169.00
670.80, 161.00
671.11, 163.00
671.42, 158.00
671.74, 159.00
672.05, 160.00
672.36, 164.00
672.68, 164.00
672.99, 154.00
673.30, 159.00
673.61, 159.00
673.93, 160.00
674.24, 162.00
674.55, 166.00
674.86, 160.00
675.18, 163.00
675.49, 172.00
675.80, 164.00
676.11, 171.00
676.43, 166.00
676.74, 164.00
677.05, 167.00
677.36, 182.00
677.67, 172.00
677.99, 164.00
678.30, 163.00
678.61, 166.00
678.92, 161.00
679.23, 171.00
679.55, 166.00
679.86, 165.00
680.17, 166.00
680.48, 168.00
680.79, 163.00
681.10, 157.00
681.42, 163.00
681.73, 156.00
682.04, 157.00
682.35, 158.00
682.66, 161.00
682.97, 154.00
683.28, 163.00
683.60, 161.00
683.91, 159.00
684.22, 180.00
684.53, 153.00
684.84, 157.00
685.15, 160.00
685.46, 182.00
685.77, 154.00
686.08, 157.00
686.40, 197.00
686.71, 154.00
687.02, 157.00
687.33, 158.00
687.64, 152.00
687.95, 150.00
688.26, 157.00
688.57, 155.00
688.88, 156.00
689.19, 152.00
689.50, 152.00
689.81, 153.00
690.12, 150.00
690.43, 169.00
690.74, 148.00
691.05, 150.00
691.36, 163.00
691.67, 151.00
691.98, 150.00
692.29, 150.00
692.60, 152.00
692.91, 150.00
693.22, 150.00
693.53, 150.00
693.84, 156.00
694.15, 152.00
694.46, 153.00
694.77, 148.00
695.08, 154.00
695.39, 158.00
695.70, 146.00
696.01, 146.00
696.32, 146.00
696.63, 146.00
696.94, 152.00
697.25, 147.00
697.56, 156.00
697.87, 157.00
698.17, 193.00
698.48, 152.00
698.79, 147.00
699.10, 149.00
699.41, 147.00
699.72, 146.00
700.03, 151.00
700.34, 147.00
700.65, 154.00
700.95, 148.00
701.26, 150.00
701.57, 149.00
701.88, 153.00
702.19, 160.00
702.50, 154.00
702.81, 157.00
703.11, 182.00
703.42, 155.00
703.73, 157.00
704.04, 162.00
704.35, 161.00
704.66, 188.00
704.96, 256.00
705.27, 340.00
705.58, 380.00
705.89, 382.00
706.20, 319.00
706.50, 283.00
706.81, 269.00
707.12, 237.00
707.43, 218.00
707.73, 200.00
708.04, 182.00
708.35, 175.00
708.66, 165.00
708.97, 158.00
709.27, 161.00
709.58, 160.00
709.89, 150.00
710.19, 157.00
710.50, 157.00
710.81, 159.00
711.12, 164.00
711.42, 160.00
711.73, 168.00
712.04, 151.00
712.35, 154.00
712.65, 157.00
712.96, 158.00
713.27, 157.00
713.57, 179.00
713.88, 167.00
714.19, 150.00
714.49, 153.00
714.80, 152.00
715.11, 153.00
715.41, 151.00
715.72, 150.00
716.03, 149.00
716.33, 156.00
716.64, 150.00
716.94, 156.00
717.25, 149.00
717.56, 159.00
717.86, 150.00
718.17, 145.00
718.48, 144.00
718.78, 149.00
719.09, 149.00
719.39, 145.00
719.70, 147.00
720.01, 149.00
720.31, 143.00
720.62, 149.00
720.92, 154.00
721.23, 152.00
721.53, 154.00
721.84, 152.00
722.15, 155.00
722.45, 150.00
722.76, 158.00
723.06, 147.00
723.37, 154.00
723.67, 147.00
723.98, 151.00
724.28, 151.00
724.59, 156.00
724.89, 154.00
725.20, 148.00
725.50, 164.00
725.81, 149.00
726.11, 151.00
726.42, 155.00
726.72, 159.00
727.03, 199.00
727.33, 164.00
727.64, 172.00
727.94, 154.00
728.25, 153.00
728.55, 152.00
728.86, 170.00
729.16, 148.00
729.46, 151.00
729.77, 151.00
730.07, 150.00
730.38, 148.00
730.68, 148.00
730.99, 157.00
731.29, 152.00
731.59, 153.00
731.90, 150.00
732.20, 151.00
732.51, 155.00
732.81, 149.00
733.11, 154.00
733.42, 152.00
733.72, 153.00
734.02, 150.00
734.33, 146.00
734.63, 150.00
734.94, 145.00
735.24, 152.00
735.54, 148.00
735.85, 144.00
736.15, 147.00
736.45, 146.00
736.76, 148.00
737.06, 150.00
737.36, 148.00
737.67, 155.00
737.97, 147.00
738.27, 149.00
738.57, 145.00
738.88, 147.00
739.18, 191.00
739.48, 156.00
739.79, 145.00
740.09, 146.00
740.39, 143.00
740.69, 158.00
741.00, 143.00
741.30, 155.00
741.60, 148.00
741.90, 147.00
742.21, 146.00
742.51, 185.00
742.81, 150.00
743.11, 148.00
743.42, 178.00
743.72, 156.00
744.02, 159.00
744.32, 156.00
744.63, 152.00
744.93, 152.00
745.23, 154.00
745.53, 154.00
745.83, 155.00
746.13, 152.00
746.44, 145.00
746.74, 154.00
747.04, 153.00
747.34, 149.00
747.64, 156.00
747.94, 149.00
748.25, 156.00
748.55, 152.00
748.85, 152.00
749.15, 154.00
749.45, 183.00
749.75, 161.00
750.05, 157.00
750.35, 152.00
750.66, 160.00
750.96, 152.00
751.26, 151.00
751.56, 145.00
751.86, 150.00
752.16, 145.00
752.46, 144.00
752.76, 147.00
753.06, 148.00
753.36, 188.00
753.66, 150.00
753.96, 147.00
754.27, 149.00
754.57, 147.00
754.87, 148.00
755.17, 144.00
755.47, 148.00
755.77, 149.00
756.07, 152.00
756.37, 155.00
756.67, 154.00
756.97, 149.00
757.27, 154.00
757.57, 149.00
757.87, 158.00
758.17, 148.00
758.47, 153.00
758.77, 160.00
759.07, 147.00
759.37, 153.00
759.67, 155.00
759.97, 159.00
760.27, 151.00
760.57, 145.00
760.86, 149.00
761.16, 149.00
761.46, 153.00
761.76, 178.00
762.06, 149.00
762.36, 154.00
762.66, 151.00
762.96, 149.00
763.26, 158.00
763.56, 178.00
763.86, 157.00
764.16, 148.00
764.45, 157.00
764.75, 158.00
765.05, 151.00
765.35, 150.00
765.65, 146.00
765.95, 147.00
766.25, 147.00
766.55, 158.00
766.84, 154.00
767.14, 153.00
767.44, 149.00
767.74, 154.00
768.04, 154.00
768.34, 148.00
768.63, 156.00
768.93, 156.00
769.23, 154.00
769.53, 144.00
769.83, 155.00
770.12, 151.00
770.42, 152.00
770.72, 152.00
771.02, 151.00
771.32, 147.00
771.61, 148.00
771.91, 156.00
772.21, 153.00
772.51, 146.00
772.80, 150.00
773.10, 152.00
773.40, 157.00
773.70, 153.00
773.99, 159.00
774.29, 155.00
774.59, 167.00
774.88, 154.00
775.18, 165.00
775.48, 225.00
775.78, 375.00
776.07, 495.00
776.37, 534.00
776.67, 486.00
776.96, 357.00
777.26, 346.00
777.56, 256.00
777.85, 239.00
778.15, 223.00
778.45, 220.00
778.74, 201.00
779.04, 187.00
779.34, 168.00
779.63, 167.00
779.93, 153.00
780.22, 147.00
780.52, 148.00
780.82, 143.00
781.11, 139.00
781.41, 145.00
781.71, 146.00
782.00, 147.00
782.30, 148.00
782.59, 156.00
782.89, 149.00
783.19, 148.00
783.48, 148.00
783.78, 148.00
784.07, 154.00
784.37, 152.00
784.66, 145.00
784.96, 145.00
785.25, 144.00
785.55, 147.00
785.84, 150.00
786.14, 151.00
786.44, 148.00
786.73, 145.00
787.03, 149.00
787.32, 146.00
787.62, 145.00
787.91, 143.00
788.21, 149.00
788.50, 151.00
788.80, 145.00
789.09, 151.00
789.39, 151.00
789.68, 144.00
789.97, 146.00
790.27, 146.00
790.56, 149.00
790.86, 156.00
791.15, 145.00
791.45, 151.00
791.74, 171.00
792.04, 147.00
792.33, 142.00
792.62, 173.00
792.92, 145.00
793.21, 147.00
793.51, 151.00
793.80, 144.00
794.09, 145.00
794.39, 143.00
794.68, 143.00
794.98, 145.00
795.27, 147.00
795.56, 144.00
795.86, 147.00
796.15, 149.00
796.44, 152.00
796.74, 145.00
797.03, 142.00
797.32, 146.00
797.62, 141.00
797.91, 156.00
798.20, 149.00
798.50, 154.00
798.79, 155.00
799.08, 143.00
799.38, 146.00
799.67, 145.00
799.96, 155.00
800.26, 175.00
800.55, 142.00
800.84, 149.00
801.13, 145.00
801.43, 150.00
801.72, 184.00
802.01, 143.00
802.30, 141.00
802.60, 144.00
802.89, 153.00
803.18, 142.00
803.47, 146.00
803.77, 147.00
804.06, 148.00
804.35, 146.00
804.64, 161.00
804.94, 146.00
805.23, 147.00
805.52, 147.00
805.81, 147.00
806.10, 145.00
806.39, 146.00
806.69, 143.00
806.98, 150.00
807.27, 142.00
807.56, 154.00
807.85, 148.00
808.14, 147.00
808.44, 153.00
808.73, 146.00
809.02, 163.00
809.31, 144.00
809.60, 150.00
809.89, 149.00
810.18, 145.00
810.48, 155.00
810.77, 147.00
811.06, 141.00
811.35, 149.00
811.64, 141.00
811.93, 161.00
812.22, 146.00
812.51, 144.00
812.80, 143.00
813.09, 143.00
813.38, 143.00
813.67, 165.00
813.96, 147.00
814.26, 146.00
814.55, 145.00
814.84, 148.00
815.13, 155.00
815.42, 147.00
815.71, 149.00
816.00, 145.00
816.29, 149.00
816.58, 148.00
816.87, 142.00
817.16, 148.00
817.45, 153.00
817.74, 147.00
818.03, 144.00
818.32, 146.00
818.61, 149.00
818.90, 149.00
819.19, 141.00
819.48, 147.00
819.76, 145.00
820.05, 148.00
820.34, 140.00
820.63, 148.00
820.92, 141.00
821.21, 145.00
821.50, 148.00
821.79, 142.00
822.08, 140.00
822.37, 144.00
822.66, 144.00
822.95, 148.00
823.23, 144.00
823.52, 163.00
823.81, 149.00
824.10, 144.00
824.39, 147.00
824.68, 143.00
824.97, 160.00
825.26, 143.00
825.54, 193.00
825.83, 147.00
826.12, 141.00
826.41, 141.00
826.70, 147.00
826.99, 148.00
827.27, 146.00
827.56, 167.00
827.85, 141.00
828.14, 146.00
828.43, 148.00
828.71, 150.00
829.00, 139.00
829.29, 145.00
829.58, 147.00
829.86, 145.00
830.15, 147.00
830.44, 146.00
830.73, 145.00
831.01, 148.00
831.30, 143.00
831.59, 143.00
831.88, 141.00
832.16, 143.00
832.45, 152.00
832.74, 147.00
833.03, 143.00
833.31, 148.00
833.60, 147.00
833.89, 146.00
834.17, 148.00
834.46, 145.00
834.75, 143.00
835.03, 143.00
835.32, 145.00
835.61, 147.00
835.89, 160.00
836.18, 146.00
836.47, 141.00
836.75, 144.00
837.04, 150.00
837.33, 145.00
837.61, 143.00
837.90, 144.00
838.19, 148.00
838.47, 147.00
838.76, 148.00
839.04, 138.00
839.33, 145.00
839.62, 141.00
839.90, 139.00
840.19, 139.00
840.47, 143.00
840.76, 169.00
841.04, 142.00
841.33, 148.00
841.62, 146.00
841.90, 150.00
842.19, 145.00
842.47, 299.00
842.76, 145.00
843.04, 149.00
843.33, 168.00
843.61, 155.00
843.90, 158.00
844.18, 151.00
844.47, 153.00
844.75, 158.00
845.04, 152.00
845.32, 151.00
845.61, 149.00
845.89, 149.00
846.18, 150.00
846.46, 152.00
846.75, 152.00
847.03, 158.00
847.32, 141.00
847.60, 146.00
847.88, 148.00
848.17, 142.00
848.45, 164.00
848.74, 151.00
849.02, 145.00
849.31, 142.00
849.59, 148.00
849.87, 147.00
850.16, 139.00
850.44, 144.00
850.73, 174.00
851.01, 151.00
851.29, 140.00
851.58, 141.00
851.86, 144.00
852.14, 144.00
852.43, 145.00
852.71, 142.00
853.00, 147.00
853.28, 150.00
853.56, 147.00
853.85, 144.00
854.13, 144.00
854.41, 147.00
854.69, 142.00
854.98, 142.00
855.26, 198.00
855.54, 148.00
855.83, 146.00
856.11, 149.00
856.39, 146.00
856.68, 147.00
856.96, 140.00
857.24, 143.00
857.52, 148.00
857.81, 148.00
858.09, 142.00
858.37, 143.00
858.65, 143.00
858.94, 143.00
859.22, 146.00
