190.05, 0.00
190.41, 141.00
190.77, 137.00
191.14, 137.00
191.50, 139.00
191.86, 158.00
192.22, 150.00
192.58, 150.00
192.94, 143.00
193.31, 147.00
193.67, 149.00
194.03, 158.00
194.39, 147.00
194.75, 149.00
195.11, 158.00
195.47, 163.00
195.84, 140.00
196.20, 144.00
196.56, 166.00
196.92, 145.00
197.28, 146.00
197.64, 139.00
198.00, 150.00
198.37, 146.00
198.73, 145.00
199.09, 144.00
199.45, 146.00
199.81, 148.00
200.17, 155.00
200.53, 150.00
200.89, 159.00
201.25, 179.00
201.62, 143.00
201.98, 146.00
202.34, 147.00
202.70, 152.00
203.06, 147.00
203.42, 146.00
203.78, 151.00
204.14, 149.00
204.50, 170.00
204.86, 158.00
205.22, 156.00
205.58, 146.00
205.95, 146.00
206.31, 145.00
206.67, 148.00
207.03, 151.00
207.39, 156.00
207.75, 148.00
208.11, 145.00
208.47, 140.00
208.83, 156.00
209.19, 143.00
209.55, 148.00
209.91, 153.00
210.27, 147.00
210.63, 144.00
210.99, 153.00
211.35, 144.00
211.71, 145.00
212.07, 149.00
212.43, 146.00
212.79, 148.00
213.15, 149.00
213.51, 144.00
213.87, 149.00
214.23, 147.00
214.59, 146.00
214.95, 144.00
215.31, 148.00
215.67, 147.00
216.03, 177.00
216.39, 146.00
216.75, 145.00
217.11, 152.00
217.47, 142.00
217.83, 145.00
218.19, 147.00
218.55, 151.00
218.91, 152.00
219.27, 146.00
219.63, 145.00
219.99, 149.00
220.35, 139.00
220.71, 156.00
221.07, 148.00
221.43, 144.00
221.79, 142.00
222.15, 151.00
222.51, 143.00
222.87, 149.00
223.23, 143.00
223.59, 141.00
223.95, 141.00
224.31, 144.00
224.67, 144.00
225.03, 155.00
225.39, 153.00
225.74, 154.00
226.10, 145.00
226.46, 142.00
226.82, 147.00
227.18, 147.00
227.54, 143.00
227.90, 148.00
228.26, 149.00
228.62, 158.00
228.98, 146.00
229.34, 147.00
229.69, 140.00
230.05, 148.00
230.41, 148.00
230.77, 157.00
231.13, 155.00
231.49, 149.00
231.85, 142.00
232.21, 154.00
232.57, 145.00
232.92, 140.00
233.28, 141.00
233.64, 151.00
234.00, 148.00
234.36, 144.00
234.72, 151.00
235.08, 148.00
235.44, 143.00
235.79, 150.00
236.15, 147.00
236.51, 139.00
236.87, 140.00
237.23, 150.00
237.59, 145.00
237.94, 155.00
238.30, 148.00
238.66, 145.00
239.02, 144.00
239.38, 142.00
239.74, 147.00
240.09, 163.00
240.45, 146.00
240.81, 145.00
241.17, 155.00
241.53, 144.00
241.89, 141.00
242.24, 143.00
242.60, 144.00
242.96, 148.00
243.32, 144.00
243.68, 143.00
244.03, 150.00
244.39, 151.00
244.75, 169.00
245.11, 149.00
245.46, 148.00
245.82, 172.00
246.18, 146.00
246.54, 150.00
246.90, 146.00
247.25, 145.00
247.61, 146.00
247.97, 182.00
248.33, 149.00
248.68, 142.00
249.04, 142.00
249.40, 147.00
249.76, 150.00
250.11, 141.00
250.47, 148.00
250.83, 149.00
251.19, 152.00
251.54, 158.00
251.90, 150.00
252.26, 150.00
252.62, 149.00
252.97, 147.00
253.33, 145.00
253.69, 148.00
254.05, 151.00
254.40, 145.00
254.76, 148.00
255.12, 169.00
255.47, 153.00
255.83, 151.00
256.19, 151.00
256.54, 146.00
256.90, 148.00
257.26, 140.00
257.62, 145.00
257.97, 143.00
258.33, 148.00
258.69, 145.00
259.04, 142.00
259.40, 141.00
259.76, 146.00
260.11, 145.00
260.47, 141.00
260.83, 154.00
261.18, 143.00
261.54, 151.00
261.90, 148.00
262.25, 144.00
262.61, 143.00
262.97, 141.00
263.32, 144.00
263.68, 147.00
264.04, 154.00
264.39, 146.00
264.75, 146.00
265.10, 149.00
265.46, 191.00
265.82, 161.00
266.17, 147.00
266.53, 143.00
266.89, 145.00
267.24, 150.00
267.60, 145.00
267.95, 144.00
268.31, 143.00
268.67, 143.00
269.02, 145.00
269.38, 142.00
269.74, 147.00
270.09, 152.00
270.45, 144.00
270.80, 163.00
271.16, 148.00
271.51, 145.00
271.87, 157.00
272.23, 155.00
272.58, 150.00
272.94, 142.00
273.29, 148.00
273.65, 190.00
274.00, 145.00
274.36, 150.00
274.72, 143.00
275.07, 146.00
275.43, 145.00
275.78, 151.00
276.14, 146.00
276.49, 147.00
276.85, 163.00
277.20, 169.00
277.56, 144.00
277.92, 141.00
278.27, 148.00
278.63, 151.00
278.98, 145.00
279.34, 143.00
279.69, 147.00
280.05, 165.00
280.40, 152.00
280.76, 159.00
281.11, 146.00
281.47, 146.00
281.82, 147.00
282.18, 149.00
282.53, 157.00
282.89, 157.00
283.24, 152.00
283.60, 150.00
283.95, 154.00
284.31, 151.00
284.66, 156.00
285.02, 151.00
285.37, 148.00
285.73, 146.00
286.08, 160.00
286.44, 148.00
286.79, 156.00
287.14, 157.00
287.50, 152.00
287.85, 147.00
288.21, 149.00
288.56, 151.00
288.92, 150.00
289.27, 148.00
289.63, 149.00
289.98, 157.00
290.34, 148.00
290.69, 154.00
291.04, 146.00
291.40, 145.00
291.75, 145.00
292.11, 154.00
292.46, 143.00
292.81, 154.00
293.17, 148.00
293.52, 147.00
293.88, 152.00
294.23, 155.00
294.59, 154.00
294.94, 156.00
295.29, 156.00
295.65, 160.00
296.00, 179.00
296.36, 161.00
296.71, 158.00
297.06, 156.00
297.42, 165.00
297.77, 168.00
298.12, 164.00
298.48, 164.00
298.83, 163.00
299.19, 157.00
299.54, 155.00
299.89, 151.00
300.25, 154.00
300.60, 155.00
300.95, 157.00
301.31, 155.00
301.66, 144.00
302.01, 153.00
302.37, 148.00
302.72, 149.00
303.07, 147.00
303.43, 155.00
303.78, 149.00
304.13, 152.00
304.49, 158.00
304.84, 158.00
305.19, 197.00
305.55, 157.00
305.90, 161.00
306.25, 184.00
306.61, 216.00
306.96, 252.00
307.31, 306.00
307.66, 403.00
308.02, 508.00
308.37, 571.00
308.72, 621.00
309.08, 622.00
309.43, 587.00
309.78, 514.00
310.13, 454.00
310.49, 391.00
310.84, 326.00
311.19, 283.00
311.54, 257.00
311.90, 232.00
312.25, 223.00
312.60, 224.00
312.95, 253.00
313.31, 264.00
313.66, 264.00
314.01, 264.00
314.36, 276.00
314.72, 290.00
315.07, 348.00
315.42, 393.00
315.77, 441.00
316.13, 355.00
316.48, 276.00
316.83, 217.00
317.18, 195.00
317.54, 165.00
317.89, 158.00
318.24, 159.00
318.59, 156.00
318.94, 155.00
319.30, 153.00
319.65, 161.00
320.00, 151.00
320.35, 154.00
320.70, 153.00
321.05, 151.00
321.41, 156.00
321.76, 155.00
322.11, 150.00
322.46, 155.00
322.81, 193.00
323.17, 157.00
323.52, 155.00
323.87, 152.00
324.22, 153.00
324.57, 153.00
324.92, 162.00
325.27, 153.00
325.63, 160.00
325.98, 154.00
326.33, 162.00
326.68, 162.00
327.03, 157.00
327.38, 158.00
327.73, 159.00
328.09, 174.00
328.44, 204.00
328.79, 173.00
329.14, 206.00
329.49, 173.00
329.84, 174.00
330.19, 179.00
330.54, 174.00
330.89, 175.00
331.25, 163.00
331.60, 159.00
331.95, 162.00
332.30, 158.00
332.65, 162.00
333.00, 166.00
333.35, 212.00
333.70, 215.00
334.05, 179.00
334.40, 182.00
334.75, 188.00
335.10, 229.00
335.45, 303.00
335.81, 418.00
336.16, 601.00
336.51, 856.00
336.86, 891.00
337.21, 782.00
337.56, 550.00
337.91, 360.00
338.26, 250.00
338.61, 186.00
338.96, 171.00
339.31, 161.00
339.66, 161.00
340.01, 164.00
340.36, 156.00
340.71, 151.00
341.06, 150.00
341.41, 154.00
341.76, 148.00
342.11, 158.00
342.46, 155.00
342.81, 154.00
343.16, 151.00
343.51, 152.00
343.86, 152.00
344.21, 150.00
344.56, 155.00
344.91, 151.00
345.26, 156.00
345.61, 154.00
345.96, 151.00
346.31, 151.00
346.66, 179.00
347.01, 147.00
347.36, 176.00
347.71, 147.00
348.06, 155.00
348.41, 168.00
348.76, 173.00
349.10, 164.00
349.45, 183.00
349.80, 168.00
350.15, 177.00
350.50, 171.00
350.85, 182.00
351.20, 169.00
351.55, 191.00
351.90, 202.00
352.25, 236.00
352.60, 278.00
352.95, 342.00
353.30, 376.00
353.64, 343.00
353.99, 285.00
354.34, 252.00
354.69, 240.00
355.04, 256.00
355.39, 288.00
355.74, 352.00
356.09, 426.00
356.44, 533.00
356.78, 658.00
357.13, 739.00
357.48, 728.00
357.83, 584.00
358.18, 423.00
358.53, 306.00
358.88, 216.00
359.22, 193.00
359.57, 160.00
359.92, 152.00
360.27, 151.00
360.62, 155.00
360.97, 158.00
361.32, 156.00
361.66, 151.00
362.01, 149.00
362.36, 158.00
362.71, 153.00
363.06, 154.00
363.40, 160.00
363.75, 154.00
364.10, 158.00
364.45, 157.00
364.80, 160.00
365.14, 161.00
365.49, 163.00
365.84, 161.00
366.19, 165.00
366.54, 161.00
366.88, 182.00
367.23, 162.00
367.58, 209.00
367.93, 160.00
368.28, 163.00
368.62, 156.00
368.97, 161.00
369.32, 166.00
369.67, 168.00
370.01, 198.00
370.36, 201.00
370.71, 222.00
371.06, 197.00
371.40, 182.00
371.75, 166.00
372.10, 160.00
372.45, 165.00
372.79, 165.00
373.14, 177.00
373.49, 187.00
373.83, 208.00
374.18, 239.00
374.53, 275.00
374.88, 301.00
375.22, 311.00
375.57, 267.00
375.92, 227.00
376.26, 195.00
376.61, 176.00
376.96, 157.00
377.30, 166.00
377.65, 174.00
378.00, 174.00
378.35, 209.00
378.69, 243.00
379.04, 278.00
379.39, 348.00
379.73, 416.00
380.08, 415.00
380.43, 351.00
380.77, 275.00
381.12, 241.00
381.47, 202.00
381.81, 176.00
382.16, 162.00
382.50, 164.00
382.85, 229.00
383.20, 155.00
383.54, 160.00
383.89, 168.00
384.24, 165.00
384.58, 170.00
384.93, 195.00
385.27, 183.00
385.62, 190.00
385.97, 186.00
386.31, 179.00
386.66, 215.00
387.00, 186.00
387.35, 198.00
387.70, 210.00
388.04, 310.00
388.39, 303.00
388.73, 392.00
389.08, 538.00
389.43, 726.00
389.77, 955.00
390.12, 1236.00
390.46, 1733.00
390.81, 1935.00
391.15, 1869.00
391.50, 1434.00
391.85, 855.00
392.19, 576.00
392.54, 355.00
392.88, 236.00
393.23, 206.00
393.57, 209.00
393.92, 201.00
394.26, 186.00
394.61, 172.00
394.95, 172.00
395.30, 153.00
395.64, 154.00
395.99, 189.00
396.33, 161.00
396.68, 158.00
397.02, 167.00
397.37, 168.00
397.71, 181.00
398.06, 187.00
398.40, 196.00
398.75, 222.00
399.09, 233.00
399.44, 234.00
399.78, 215.00
400.13, 195.00
400.47, 176.00
400.82, 154.00
401.16, 153.00
401.51, 159.00
401.85, 154.00
402.20, 155.00
402.54, 161.00
402.88, 161.00
403.23, 165.00
403.57, 175.00
403.92, 198.00
404.26, 272.00
404.61, 232.00
404.95, 284.00
405.30, 246.00
405.64, 227.00
405.98, 233.00
406.33, 189.00
406.67, 170.00
407.02, 161.00
407.36, 163.00
407.70, 170.00
408.05, 159.00
408.39, 157.00
408.74, 165.00
409.08, 172.00
409.42, 166.00
409.77, 159.00
410.11, 165.00
410.46, 151.00
410.80, 160.00
411.14, 165.00
411.49, 165.00
411.83, 173.00
412.17, 165.00
412.52, 168.00
412.86, 176.00
413.20, 178.00
413.55, 175.00
413.89, 174.00
414.23, 167.00
414.58, 202.00
414.92, 163.00
415.26, 154.00
415.61, 153.00
415.95, 159.00
416.29, 163.00
416.64, 166.00
416.98, 165.00
417.32, 167.00
417.67, 195.00
418.01, 199.00
418.35, 193.00
418.70, 216.00
419.04, 242.00
419.38, 235.00
419.72, 225.00
420.07, 207.00
420.41, 181.00
420.75, 172.00
421.10, 172.00
421.44, 164.00
421.78, 170.00
422.12, 175.00
422.47, 175.00
422.81, 188.00
423.15, 194.00
423.49, 192.00
423.84, 185.00
424.18, 198.00
424.52, 206.00
424.86, 248.00
425.21, 318.00
425.55, 364.00
425.89, 437.00
426.23, 540.00
426.57, 691.00
426.92, 778.00
427.26, 837.00
427.60, 709.00
427.94, 493.00
428.28, 364.00
428.63, 285.00
428.97, 216.00
429.31, 184.00
429.65, 166.00
429.99, 164.00
430.34, 158.00
430.68, 155.00
431.02, 164.00
431.36, 157.00
431.70, 167.00
432.04, 166.00
432.39, 165.00
432.73, 169.00
433.07, 175.00
433.41, 186.00
433.75, 190.00
434.09, 187.00
434.43, 195.00
434.78, 247.00
435.12, 303.00
435.46, 328.00
435.80, 297.00
436.14, 270.00
436.48, 226.00
436.82, 211.00
437.16, 186.00
437.51, 174.00
437.85, 166.00
438.19, 207.00
438.53, 168.00
438.87, 181.00
439.21, 167.00
439.55, 180.00
439.89, 172.00
440.23, 173.00
440.57, 174.00
440.91, 180.00
441.26, 175.00
441.60, 162.00
441.94, 169.00
442.28, 169.00
442.62, 165.00
442.96, 160.00
443.30, 168.00
443.64, 167.00
443.98, 168.00
444.32, 176.00
444.66, 160.00
445.00, 164.00
445.34, 168.00
445.68, 168.00
446.02, 169.00
446.36, 169.00
446.70, 162.00
447.04, 173.00
447.38, 194.00
447.72, 166.00
448.06, 171.00
448.40, 174.00
448.74, 173.00
449.08, 168.00
449.42, 168.00
449.76, 174.00
450.10, 157.00
450.44, 162.00
450.78, 169.00
451.12, 168.00
451.46, 161.00
451.80, 177.00
452.14, 161.00
452.48, 164.00
452.82, 163.00
453.16, 157.00
453.50, 170.00
453.84, 158.00
454.18, 198.00
454.52, 167.00
454.86, 168.00
455.19, 179.00
455.53, 174.00
455.87, 173.00
456.21, 174.00
456.55, 174.00
456.89, 176.00
457.23, 176.00
457.57, 170.00
457.91, 185.00
458.25, 185.00
458.59, 191.00
458.92, 198.00
459.26, 195.00
459.60, 197.00
459.94, 185.00
460.28, 176.00
460.62, 175.00
460.96, 170.00
461.30, 163.00
461.63, 164.00
461.97, 164.00
462.31, 156.00
462.65, 162.00
462.99, 170.00
463.33, 173.00
463.67, 168.00
464.00, 176.00
464.34, 181.00
464.68, 177.00
465.02, 187.00
465.36, 179.00
465.70, 177.00
466.03, 176.00
466.37, 174.00
466.71, 175.00
467.05, 182.00
467.39, 186.00
467.72, 199.00
468.06, 207.00
468.40, 227.00
468.74, 239.00
469.08, 250.00
469.41, 271.00
469.75, 302.00
470.09, 332.00
470.43, 331.00
470.76, 283.00
471.10, 251.00
471.44, 222.00
471.78, 207.00
472.11, 185.00
472.45, 178.00
472.79, 173.00
473.13, 165.00
473.46, 173.00
473.80, 164.00
474.14, 167.00
474.48, 170.00
474.81, 168.00
475.15, 167.00
475.49, 171.00
475.82, 167.00
476.16, 163.00
476.50, 162.00
476.84, 167.00
477.17, 161.00
477.51, 161.00
477.85, 165.00
478.18, 179.00
478.52, 159.00
478.86, 213.00
479.19, 177.00
479.53, 169.00
479.87, 206.00
480.20, 178.00
480.54, 172.00
480.88, 166.00
481.21, 171.00
481.55, 169.00
481.89, 169.00
482.22, 172.00
482.56, 184.00
482.90, 184.00
483.23, 182.00
483.57, 194.00
483.90, 193.00
484.24, 198.00
484.58, 201.00
484.91, 216.00
485.25, 213.00
485.58, 224.00
485.92, 234.00
486.26, 226.00
486.59, 231.00
486.93, 237.00
487.26, 234.00
487.60, 233.00
487.94, 236.00
488.27, 240.00
488.61, 227.00
488.94, 230.00
489.28, 219.00
489.61, 223.00
489.95, 226.00
490.29, 226.00
490.62, 229.00
490.96, 223.00
491.29, 231.00
491.63, 217.00
491.96, 209.00
492.30, 211.00
492.63, 214.00
492.97, 202.00
493.30, 203.00
493.64, 204.00
493.97, 199.00
494.31, 201.00
494.64, 205.00
494.98, 203.00
495.31, 204.00
495.65, 186.00
495.98, 203.00
496.32, 192.00
496.65, 232.00
496.99, 202.00
497.32, 188.00
497.66, 181.00
497.99, 184.00
498.33, 178.00
498.66, 174.00
499.00, 178.00
499.33, 179.00
499.67, 179.00
500.00, 173.00
500.34, 184.00
500.67, 183.00
501.00, 181.00
501.34, 181.00
501.67, 177.00
502.01, 177.00
502.34, 172.00
502.68, 173.00
503.01, 176.00
503.34, 172.00
503.68, 170.00
504.01, 169.00
504.35, 171.00
504.68, 177.00
505.01, 169.00
505.35, 175.00
505.68, 176.00
506.02, 174.00
506.35, 175.00
506.68, 185.00
507.02, 176.00
507.35, 168.00
507.68, 169.00
508.02, 171.00
508.35, 173.00
508.69, 170.00
509.02, 170.00
509.35, 159.00
509.69, 163.00
510.02, 176.00
510.35, 162.00
510.69, 166.00
511.02, 162.00
511.35, 163.00
511.69, 167.00
512.02, 159.00
512.35, 171.00
512.68, 166.00
513.02, 172.00
513.35, 165.00
513.68, 167.00
514.02, 168.00
514.35, 168.00
514.68, 165.00
515.01, 165.00
515.35, 169.00
515.68, 161.00
516.01, 157.00
516.35, 163.00
516.68, 162.00
517.01, 156.00
517.34, 162.00
517.68, 157.00
518.01, 173.00
518.34, 162.00
518.67, 162.00
519.01, 161.00
519.34, 171.00
519.67, 177.00
520.00, 166.00
520.33, 163.00
520.67, 169.00
521.00, 171.00
521.33, 178.00
521.66, 188.00
522.00, 190.00
522.33, 183.00
522.66, 175.00
522.99, 173.00
523.32, 179.00
523.65, 168.00
523.99, 169.00
524.32, 170.00
524.65, 167.00
524.98, 167.00
525.31, 166.00
525.65, 194.00
525.98, 165.00
526.31, 166.00
526.64, 168.00
526.97, 168.00
527.30, 167.00
527.63, 161.00
527.97, 159.00
528.30, 162.00
528.63, 166.00
528.96, 190.00
529.29, 163.00
529.62, 170.00
529.95, 160.00
530.28, 155.00
530.61, 153.00
530.95, 157.00
531.28, 156.00
531.61, 158.00
531.94, 172.00
532.27, 170.00
532.60, 173.00
532.93, 171.00
533.26, 172.00
533.59, 160.00
533.92, 164.00
534.25, 161.00
534.58, 199.00
534.91, 168.00
535.25, 166.00
535.58, 165.00
535.91, 169.00
536.24, 172.00
536.57, 178.00
536.90, 169.00
537.23, 179.00
537.56, 222.00
537.89, 198.00
538.22, 197.00
538.55, 197.00
538.88, 216.00
539.21, 333.00
539.54, 227.00
539.87, 244.00
540.20, 261.00
540.53, 297.00
540.86, 374.00
541.19, 387.00
541.52, 416.00
541.85, 426.00
542.18, 456.00
542.51, 467.00
542.84, 470.00
543.17, 472.00
543.50, 464.00
543.82, 438.00
544.15, 435.00
544.48, 434.00
544.81, 469.00
545.14, 505.00
545.47, 489.00
545.80, 453.00
546.13, 376.00
546.46, 381.00
546.79, 332.00
547.12, 296.00
547.45, 282.00
547.78, 260.00
548.10, 261.00
548.43, 256.00
548.76, 250.00
549.09, 243.00
549.42, 239.00
549.75, 230.00
550.08, 226.00
550.41, 225.00
550.74, 223.00
551.06, 219.00
551.39, 223.00
551.72, 208.00
552.05, 211.00
552.38, 208.00
552.71, 199.00
553.03, 204.00
553.36, 197.00
553.69, 189.00
554.02, 174.00
554.35, 188.00
554.68, 173.00
555.00, 183.00
555.33, 179.00
555.66, 171.00
555.99, 184.00
556.32, 175.00
556.64, 171.00
556.97, 181.00
557.30, 177.00
557.63, 178.00
557.96, 178.00
558.28, 181.00
558.61, 176.00
558.94, 178.00
559.27, 181.00
559.59, 180.00
559.92, 175.00
560.25, 180.00
560.58, 178.00
560.90, 180.00
561.23, 175.00
561.56, 173.00
561.89, 169.00
562.21, 168.00
562.54, 167.00
562.87, 165.00
563.20, 167.00
563.52, 159.00
563.85, 161.00
564.18, 179.00
564.50, 164.00
564.83, 194.00
565.16, 212.00
565.48, 151.00
565.81, 165.00
566.14, 154.00
566.47, 151.00
566.79, 160.00
567.12, 154.00
567.45, 178.00
567.77, 154.00
568.10, 160.00
568.43, 158.00
568.75, 158.00
569.08, 155.00
569.40, 196.00
569.73, 160.00
570.06, 150.00
570.38, 157.00
570.71, 154.00
571.04, 160.00
571.36, 159.00
571.69, 160.00
572.01, 156.00
572.34, 157.00
572.67, 164.00
572.99, 160.00
573.32, 177.00
573.64, 157.00
573.97, 156.00
574.30, 161.00
574.62, 161.00
574.95, 156.00
575.27, 164.00
575.60, 167.00
575.92, 174.00
576.25, 179.00
576.58, 182.00
576.90, 175.00
577.23, 198.00
577.55, 172.00
577.88, 174.00
578.20, 184.00
578.53, 184.00
578.85, 208.00
579.18, 201.00
579.50, 194.00
579.83, 198.00
580.15, 197.00
580.48, 194.00
580.80, 193.00
581.13, 198.00
581.45, 194.00
581.78, 199.00
582.10, 203.00
582.43, 209.00
582.75, 213.00
583.08, 215.00
583.40, 208.00
583.73, 271.00
584.05, 206.00
584.38, 209.00
584.70, 250.00
585.03, 205.00
585.35, 208.00
585.67, 215.00
586.00, 229.00
586.32, 255.00
586.65, 262.00
586.97, 262.00
587.30, 253.00
587.62, 239.00
587.94, 239.00
588.27, 210.00
588.59, 209.00
588.92, 201.00
589.24, 192.00
589.56, 199.00
589.89, 196.00
590.21, 188.00
590.54, 193.00
590.86, 187.00
591.18, 194.00
591.51, 196.00
591.83, 208.00
592.15, 207.00
592.48, 205.00
592.80, 209.00
593.13, 201.00
593.45, 196.00
593.77, 199.00
594.10, 190.00
594.42, 194.00
594.74, 186.00
595.07, 178.00
595.39, 182.00
595.71, 190.00
596.03, 187.00
596.36, 184.00
596.68, 183.00
597.00, 186.00
597.33, 189.00
597.65, 190.00
597.97, 199.00
598.30, 196.00
598.62, 201.00
598.94, 201.00
599.26, 200.00
599.59, 197.00
599.91, 200.00
600.23, 189.00
600.55, 179.00
600.88, 186.00
601.20, 177.00
601.52, 174.00
601.84, 176.00
602.17, 171.00
602.49, 169.00
602.81, 164.00
603.13, 171.00
603.45, 176.00
603.78, 168.00
604.10, 168.00
604.42, 166.00
604.74, 167.00
605.07, 168.00
605.39, 172.00
605.71, 165.00
606.03, 168.00
606.35, 171.00
606.67, 182.00
607.00, 180.00
607.32, 177.00
607.64, 177.00
607.96, 185.00
608.28, 190.00
608.60, 202.00
608.93, 217.00
609.25, 250.00
609.57, 308.00
609.89, 394.00
610.21, 479.00
610.53, 508.00
610.85, 494.00
611.17, 469.00
611.50, 444.00
611.82, 405.00
612.14, 372.00
612.46, 349.00
612.78, 315.00
613.10, 309.00
613.42, 288.00
613.74, 286.00
614.06, 315.00
614.38, 265.00
614.70, 263.00
615.03, 251.00
615.35, 241.00
615.67, 340.00
615.99, 209.00
616.31, 207.00
616.63, 211.00
616.95, 193.00
617.27, 190.00
617.59, 189.00
617.91, 189.00
618.23, 196.00
618.55, 184.00
618.87, 186.00
619.19, 193.00
619.51, 188.00
619.83, 187.00
620.15, 190.00
620.47, 186.00
620.79, 179.00
621.11, 199.00
621.43, 186.00
621.75, 195.00
622.07, 189.00
622.39, 189.00
622.71, 178.00
623.03, 184.00
623.35, 225.00
623.67, 184.00
623.99, 180.00
624.31, 178.00
624.63, 183.00
624.95, 185.00
625.26, 178.00
625.58, 180.00
625.90, 206.00
626.22, 177.00
626.54, 179.00
626.86, 181.00
627.18, 173.00
627.50, 181.00
627.82, 171.00
628.14, 181.00
628.46, 187.00
628.77, 178.00
629.09, 191.00
629.41, 200.00
629.73, 200.00
630.05, 215.00
630.37, 212.00
630.69, 213.00
631.00, 199.00
631.32, 201.00
631.64, 189.00
631.96, 183.00
632.28, 177.00
632.60, 174.00
632.92, 165.00
633.23, 160.00
633.55, 174.00
633.87, 170.00
634.19, 168.00
634.51, 173.00
634.82, 176.00
635.14, 179.00
635.46, 173.00
635.78, 169.00
636.10, 173.00
636.41, 175.00
636.73, 174.00
637.05, 174.00
637.37, 170.00
637.68, 170.00
638.00, 177.00
638.32, 173.00
638.64, 182.00
638.95, 194.00
639.27, 190.00
639.59, 186.00
639.91, 175.00
640.22, 176.00
640.54, 178.00
640.86, 171.00
641.18, 179.00
641.49, 191.00
641.81, 174.00
642.13, 178.00
642.44, 166.00
642.76, 166.00
643.08, 166.00
643.40, 161.00
643.71, 163.00
644.03, 169.00
644.35, 170.00
644.66, 175.00
644.98, 169.00
645.30, 167.00
645.61, 183.00
645.93, 165.00
646.25, 159.00
646.56, 167.00
646.88, 196.00
647.19, 161.00
647.51, 171.00
647.83, 154.00
648.14, 158.00
648.46, 159.00
648.78, 162.00
649.09, 160.00
649.41, 212.00
649.72, 168.00
650.04, 173.00
650.36, 175.00
650.67, 168.00
650.99, 168.00
651.30, 165.00
651.62, 169.00
651.93, 163.00
652.25, 183.00
652.57, 205.00
652.88, 168.00
653.20, 176.00
653.51, 173.00
653.83, 168.00
654.14, 160.00
654.46, 165.00
654.77, 163.00
655.09, 166.00
655.40, 181.00
655.72, 166.00
656.04, 165.00
656.35, 162.00
656.67, 158.00
656.98, 161.00
657.30, 165.00
657.61, 164.00
657.93, 165.00
658.24, 166.00
658.55, 210.00
658.87, 168.00
659.18, 165.00
659.50, 166.00
659.81, 177.00
660.13, 162.00
660.44, 162.00
660.76, 165.00
661.07, 184.00
661.39, 168.00
661.70, 169.00
662.01, 162.00
662.33, 158.00
662.64, 172.00
662.96, 162.00
663.27, 159.00
663.59, 157.00
663.90, 159.00
664.21, 157.00
664.53, 177.00
664.84, 155.00
665.16, 185.00
665.47, 162.00
665.78, 157.00
666.10, 166.00
666.41, 172.00
666.72, 179.00
667.04, 194.00
667.35, 176.00
667.67, 177.00
667.98, 170.00
668.29, 166.00
668.61, 168.00
668.92, 165.00
669.23, 164.00
669.55, 166.00
669.86, 191.00
670.17, 157.00
670.48, 157.00
670.80, 149.00
671.11, 154.00
671.42, 153.00
671.74, 159.00
672.05, 152.00
672.36, 161.00
672.68, 149.00
672.99, 151.00
673.30, 160.00
673.61, 154.00
673.93, 153.00
674.24, 155.00
674.55, 161.00
674.86, 161.00
675.18, 161.00
675.49, 161.00
675.80, 163.00
676.11, 161.00
676.43, 160.00
676.74, 159.00
677.05, 152.00
677.36, 168.00
677.67, 157.00
677.99, 159.00
678.30, 157.00
678.61, 157.00
678.92, 158.00
679.23, 161.00
679.55, 157.00
679.86, 161.00
680.17, 156.00
680.48, 164.00
680.79, 164.00
681.10, 152.00
681.42, 157.00
681.73, 150.00
682.04, 154.00
682.35, 154.00
682.66, 153.00
682.97, 155.00
683.28, 153.00
683.60, 157.00
683.91, 156.00
684.22, 175.00
684.53, 155.00
684.84, 146.00
685.15, 160.00
685.46, 178.00
685.77, 152.00
686.08, 154.00
686.40, 187.00
686.71, 160.00
687.02, 158.00
687.33, 154.00
687.64, 149.00
687.95, 150.00
688.26, 147.00
688.57, 145.00
688.88, 151.00
689.19, 150.00
689.50, 146.00
689.81, 148.00
690.12, 145.00
690.43, 163.00
690.74, 148.00
691.05, 148.00
691.36, 157.00
691.67, 149.00
691.98, 150.00
692.29, 146.00
692.60, 153.00
692.91, 154.00
693.22, 149.00
693.53, 154.00
693.84, 156.00
694.15, 148.00
694.46, 149.00
694.77, 145.00
695.08, 155.00
695.39, 154.00
695.70, 148.00
696.01, 150.00
696.32, 147.00
696.63, 149.00
696.94, 152.00
697.25, 144.00
697.56, 150.00
697.87, 155.00
698.17, 188.00
698.48, 149.00
698.79, 154.00
699.10, 151.00
699.41, 149.00
699.72, 147.00
700.03, 148.00
700.34, 150.00
700.65, 153.00
700.95, 150.00
701.26, 149.00
701.57, 152.00
701.88, 147.00
702.19, 162.00
702.50, 154.00
702.81, 154.00
703.11, 173.00
703.42, 153.00
703.73, 160.00
704.04, 162.00
704.35, 158.00
704.66, 178.00
704.96, 258.00
705.27, 350.00
705.58, 396.00
705.89, 408.00
706.20, 328.00
706.50, 297.00
706.81, 274.00
707.12, 239.00
707.43, 215.00
707.73, 197.00
708.04, 179.00
708.35, 168.00
708.66, 167.00
708.97, 157.00
709.27, 161.00
709.58, 152.00
709.89, 147.00
710.19, 155.00
710.50, 154.00
710.81, 151.00
711.12, 159.00
711.42, 152.00
711.73, 164.00
712.04, 159.00
712.35, 162.00
712.65, 156.00
712.96, 158.00
713.27, 153.00
713.57, 178.00
713.88, 171.00
714.19, 149.00
714.49, 152.00
714.80, 156.00
715.11, 150.00
715.41, 150.00
715.72, 148.00
716.03, 150.00
716.33, 153.00
716.64, 148.00
716.94, 152.00
717.25, 150.00
717.56, 154.00
717.86, 152.00
718.17, 146.00
718.48, 143.00
718.78, 145.00
719.09, 152.00
719.39, 145.00
719.70, 148.00
720.01, 144.00
720.31, 147.00
720.62, 140.00
720.92, 147.00
721.23, 152.00
721.53, 154.00
721.84, 150.00
722.15, 156.00
722.45, 149.00
722.76, 148.00
723.06, 149.00
723.37, 147.00
723.67, 152.00
723.98, 147.00
724.28, 150.00
724.59, 154.00
724.89, 157.00
725.20, 148.00
725.50, 153.00
725.81, 150.00
726.11, 149.00
726.42, 150.00
726.72, 160.00
727.03, 195.00
727.33, 172.00
727.64, 169.00
727.94, 156.00
728.25, 153.00
728.55, 153.00
728.86, 168.00
729.16, 154.00
729.46, 149.00
729.77, 149.00
730.07, 145.00
730.38, 149.00
730.68, 153.00
730.99, 156.00
731.29, 144.00
731.59, 152.00
731.90, 144.00
732.20, 142.00
732.51, 147.00
732.81, 143.00
733.11, 148.00
733.42, 153.00
733.72, 154.00
734.02, 149.00
734.33, 147.00
734.63, 149.00
734.94, 143.00
735.24, 154.00
735.54, 153.00
735.85, 146.00
736.15, 150.00
736.45, 147.00
736.76, 149.00
737.06, 146.00
737.36, 152.00
737.67, 148.00
737.97, 148.00
738.27, 149.00
738.57, 152.00
738.88, 142.00
739.18, 177.00
739.48, 152.00
739.79, 144.00
740.09, 147.00
740.39, 144.00
740.69, 151.00
741.00, 147.00
741.30, 154.00
741.60, 148.00
741.90, 150.00
742.21, 149.00
742.51, 194.00
742.81, 145.00
743.11, 147.00
743.42, 170.00
743.72, 148.00
744.02, 153.00
744.32, 152.00
744.63, 160.00
744.93, 154.00
745.23, 152.00
745.53, 157.00
745.83, 155.00
746.13, 150.00
746.44, 149.00
746.74, 156.00
747.04, 148.00
747.34, 152.00
747.64, 153.00
747.94, 151.00
748.25, 154.00
748.55, 159.00
748.85, 153.00
749.15, 152.00
749.45, 179.00
749.75, 159.00
750.05, 155.00
750.35, 152.00
750.66, 165.00
750.96, 147.00
751.26, 148.00
751.56, 145.00
751.86, 149.00
752.16, 141.00
752.46, 144.00
752.76, 147.00
753.06, 148.00
753.36, 188.00
753.66, 144.00
753.96, 152.00
754.27, 150.00
754.57, 146.00
754.87, 150.00
755.17, 149.00
755.47, 148.00
755.77, 146.00
756.07, 146.00
756.37, 151.00
756.67, 154.00
756.97, 150.00
757.27, 156.00
757.57, 157.00
757.87, 153.00
758.17, 154.00
758.47, 156.00
758.77, 154.00
759.07, 152.00
759.37, 149.00
759.67, 149.00
759.97, 153.00
760.27, 153.00
760.57, 149.00
760.86, 149.00
761.16, 147.00
761.46, 147.00
761.76, 180.00
762.06, 149.00
762.36, 155.00
762.66, 145.00
762.96, 151.00
763.26, 156.00
763.56, 172.00
763.86, 154.00
764.16, 146.00
764.45, 156.00
764.75, 149.00
765.05, 148.00
765.35, 148.00
765.65, 147.00
765.95, 146.00
766.25, 155.00
766.55, 157.00
766.84, 152.00
767.14, 151.00
767.44, 144.00
767.74, 153.00
768.04, 154.00
768.34, 143.00
768.63, 145.00
768.93, 156.00
769.23, 156.00
769.53, 152.00
769.83, 145.00
770.12, 153.00
770.42, 153.00
770.72, 152.00
771.02, 151.00
771.32, 151.00
771.61, 149.00
771.91, 154.00
772.21, 153.00
772.51, 151.00
772.80, 152.00
773.10, 151.00
773.40, 149.00
773.70, 148.00
773.99, 149.00
774.29, 162.00
774.59, 159.00
774.88, 152.00
775.18, 154.00
775.48, 206.00
775.78, 322.00
776.07, 420.00
776.37, 468.00
776.67, 419.00
776.96, 314.00
777.26, 309.00
777.56, 236.00
777.85, 226.00
778.15, 212.00
778.45, 205.00
778.74, 188.00
779.04, 179.00
779.34, 161.00
779.63, 163.00
779.93, 147.00
780.22, 147.00
780.52, 151.00
780.82, 146.00
781.11, 151.00
781.41, 147.00
781.71, 148.00
782.00, 142.00
782.30, 150.00
782.59, 156.00
782.89, 144.00
783.19, 144.00
783.48, 143.00
783.78, 147.00
784.07, 152.00
784.37, 153.00
784.66, 147.00
784.96, 149.00
785.25, 147.00
785.55, 147.00
785.84, 152.00
786.14, 152.00
786.44, 148.00
786.73, 151.00
787.03, 146.00
787.32, 143.00
787.62, 147.00
787.91, 142.00
788.21, 152.00
788.50, 144.00
788.80, 143.00
789.09, 149.00
789.39, 155.00
789.68, 149.00
789.97, 150.00
790.27, 146.00
790.56, 148.00
790.86, 154.00
791.15, 150.00
791.45, 140.00
791.74, 173.00
792.04, 149.00
792.33, 143.00
792.62, 172.00
792.92, 146.00
793.21, 149.00
793.51, 154.00
793.80, 146.00
794.09, 145.00
794.39, 145.00
794.68, 142.00
794.98, 143.00
795.27, 148.00
795.56, 146.00
795.86, 150.00
796.15, 146.00
796.44, 149.00
796.74, 145.00
797.03, 147.00
797.32, 146.00
797.62, 142.00
797.91, 151.00
798.20, 147.00
798.50, 155.00
798.79, 152.00
799.08, 145.00
799.38, 149.00
799.67, 142.00
799.96, 156.00
800.26, 164.00
800.55, 145.00
800.84, 148.00
801.13, 147.00
801.43, 143.00
801.72, 182.00
802.01, 145.00
802.30, 143.00
802.60, 142.00
802.89, 147.00
803.18, 140.00
803.47, 139.00
803.77, 149.00
804.06, 146.00
804.35, 147.00
804.64, 164.00
804.94, 147.00
805.23, 147.00
805.52, 145.00
805.81, 145.00
806.10, 148.00
806.39, 149.00
806.69, 151.00
806.98, 146.00
807.27, 146.00
807.56, 151.00
807.85, 147.00
808.14, 148.00
808.44, 157.00
808.73, 146.00
809.02, 161.00
809.31, 151.00
809.60, 149.00
809.89, 153.00
810.18, 145.00
810.48, 153.00
810.77, 147.00
811.06, 146.00
811.35, 148.00
811.64, 146.00
811.93, 165.00
812.22, 145.00
812.51, 142.00
812.80, 137.00
813.09, 142.00
813.38, 144.00
813.67, 167.00
813.96, 147.00
814.26, 143.00
814.55, 143.00
814.84, 145.00
815.13, 150.00
815.42, 148.00
815.71, 146.00
816.00, 144.00
816.29, 149.00
816.58, 149.00
816.87, 146.00
817.16, 149.00
817.45, 153.00
817.74, 157.00
818.03, 144.00
818.32, 145.00
818.61, 152.00
818.90, 151.00
819.19, 144.00
819.48, 146.00
819.76, 142.00
820.05, 145.00
820.34, 148.00
820.63, 148.00
820.92, 146.00
821.21, 149.00
821.50, 149.00
821.79, 142.00
822.08, 147.00
822.37, 151.00
822.66, 148.00
822.95, 144.00
823.23, 149.00
823.52, 160.00
823.81, 151.00
824.10, 143.00
824.39, 141.00
824.68, 142.00
824.97, 158.00
825.26, 146.00
825.54, 192.00
825.83, 148.00
826.12, 148.00
826.41, 144.00
826.70, 146.00
826.99, 151.00
827.27, 143.00
827.56, 170.00
827.85, 142.00
828.14, 147.00
828.43, 152.00
828.71, 149.00
829.00, 147.00
829.29, 144.00
829.58, 147.00
829.86, 143.00
830.15, 146.00
830.44, 151.00
830.73, 149.00
831.01, 142.00
831.30, 147.00
831.59, 142.00
831.88, 144.00
832.16, 141.00
832.45, 150.00
832.74, 145.00
833.03, 143.00
833.31, 148.00
833.60, 141.00
833.89, 145.00
834.17, 146.00
834.46, 144.00
834.75, 143.00
835.03, 147.00
835.32, 146.00
835.61, 148.00
835.89, 157.00
836.18, 145.00
836.47, 149.00
836.75, 143.00
837.04, 149.00
837.33, 150.00
837.61, 143.00
837.90, 143.00
838.19, 150.00
838.47, 143.00
838.76, 145.00
839.04, 142.00
839.33, 146.00
839.62, 141.00
839.90, 141.00
840.19, 142.00
840.47, 148.00
840.76, 168.00
841.04, 142.00
841.33, 148.00
841.62, 145.00
841.90, 143.00
842.19, 138.00
842.47, 176.00
842.76, 143.00
843.04, 154.00
843.33, 169.00
843.61, 156.00
843.90, 157.00
844.18, 155.00
844.47, 154.00
844.75, 160.00
845.04, 150.00
845.32, 151.00
845.61, 146.00
845.89, 148.00
846.18, 150.00
846.46, 148.00
846.75, 151.00
847.03, 158.00
847.32, 150.00
847.60, 146.00
847.88, 142.00
848.17, 146.00
848.45, 162.00
848.74, 148.00
849.02, 148.00
849.31, 144.00
849.59, 148.00
849.87, 143.00
850.16, 143.00
850.44, 150.00
850.73, 174.00
851.01, 149.00
851.29, 142.00
851.58, 149.00
851.86, 145.00
852.14, 142.00
852.43, 144.00
852.71, 139.00
853.00, 141.00
853.28, 156.00
853.56, 142.00
853.85, 140.00
854.13, 144.00
854.41, 141.00
854.69, 141.00
854.98, 143.00
855.26, 193.00
855.54, 142.00
855.83, 143.00
856.11, 145.00
856.39, 145.00
856.68, 146.00
856.96, 144.00
857.24, 141.00
857.52, 150.00
857.81, 149.00
858.09, 142.00
858.37, 142.00
858.65, 145.00
858.94, 140.00
859.22, 146.00
