190.05, 0.00
190.41, 135.00
190.77, 135.00
191.14, 142.00
191.50, 142.00
191.86, 155.00
192.22, 150.00
192.58, 151.00
192.94, 148.00
193.31, 146.00
193.67, 149.00
194.03, 156.00
194.39, 146.00
194.75, 148.00
195.11, 155.00
195.47, 163.00
195.84, 150.00
196.20, 145.00
196.56, 164.00
196.92, 144.00
197.28, 150.00
197.64, 146.00
198.00, 149.00
198.37, 152.00
198.73, 145.00
199.09, 149.00
199.45, 145.00
199.81, 148.00
200.17, 153.00
200.53, 147.00
200.89, 151.00
201.25, 178.00
201.62, 148.00
201.98, 141.00
202.34, 147.00
202.70, 158.00
203.06, 150.00
203.42, 147.00
203.78, 147.00
204.14, 155.00
204.50, 175.00
204.86, 157.00
205.22, 154.00
205.58, 155.00
205.95, 148.00
206.31, 155.00
206.67, 151.00
207.03, 152.00
207.39, 156.00
207.75, 148.00
208.11, 146.00
208.47, 153.00
208.83, 155.00
209.19, 151.00
209.55, 149.00
209.91, 148.00
210.27, 156.00
210.63, 150.00
210.99, 158.00
211.35, 148.00
211.71, 157.00
212.07, 148.00
212.43, 156.00
212.79, 149.00
213.15, 145.00
213.51, 149.00
213.87, 148.00
214.23, 149.00
214.59, 152.00
214.95, 149.00
215.31, 150.00
215.67, 147.00
216.03, 180.00
216.39, 145.00
216.75, 148.00
217.11, 151.00
217.47, 148.00
217.83, 153.00
218.19, 156.00
218.55, 149.00
218.91, 150.00
219.27, 148.00
219.63, 148.00
219.99, 146.00
220.35, 147.00
220.71, 159.00
221.07, 148.00
221.43, 150.00
221.79, 149.00
222.15, 149.00
222.51, 151.00
222.87, 151.00
223.23, 152.00
223.59, 145.00
223.95, 151.00
224.31, 147.00
224.67, 148.00
225.03, 153.00
225.39, 156.00
225.74, 150.00
226.10, 146.00
226.46, 148.00
226.82, 150.00
227.18, 155.00
227.54, 152.00
227.90, 148.00
228.26, 149.00
228.62, 159.00
228.98, 147.00
229.34, 148.00
229.69, 146.00
230.05, 149.00
230.41, 151.00
230.77, 156.00
231.13, 159.00
231.49, 149.00
231.85, 146.00
232.21, 156.00
232.57, 153.00
232.92, 146.00
233.28, 149.00
233.64, 148.00
234.00, 146.00
234.36, 144.00
234.72, 146.00
235.08, 148.00
235.44, 153.00
235.79, 142.00
236.15, 152.00
236.51, 149.00
236.87, 146.00
237.23, 148.00
237.59, 149.00
237.94, 156.00
238.30, 150.00
238.66, 147.00
239.02, 149.00
239.38, 149.00
239.74, 144.00
240.09, 158.00
240.45, 147.00
240.81, 145.00
241.17, 156.00
241.53, 147.00
241.89, 151.00
242.24, 147.00
242.60, 148.00
242.96, 157.00
243.32, 147.00
243.68, 142.00
244.03, 152.00
244.39, 151.00
244.75, 166.00
245.11, 149.00
245.46, 152.00
245.82, 175.00
246.18, 148.00
246.54, 151.00
246.90, 145.00
247.25, 144.00
247.61, 142.00
247.97, 184.00
248.33, 151.00
248.68, 148.00
249.04, 149.00
249.40, 148.00
249.76, 143.00
250.11, 142.00
250.47, 151.00
250.83, 151.00
251.19, 150.00
251.54, 154.00
251.90, 151.00
252.26, 154.00
252.62, 146.00
252.97, 148.00
253.33, 147.00
253.69, 149.00
254.05, 157.00
254.40, 143.00
254.76, 148.00
255.12, 172.00
255.47, 152.00
255.83, 150.00
256.19, 159.00
256.54, 150.00
256.90, 144.00
257.26, 144.00
257.62, 152.00
257.97, 147.00
258.33, 152.00
258.69, 149.00
259.04, 144.00
259.40, 144.00
259.76, 145.00
260.11, 144.00
260.47, 148.00
260.83, 149.00
261.18, 150.00
261.54, 158.00
261.90, 157.00
262.25, 143.00
262.61, 145.00
262.97, 145.00
263.32, 147.00
263.68, 143.00
264.04, 155.00
264.39, 146.00
264.75, 147.00
265.10, 150.00
265.46, 196.00
265.82, 158.00
266.17, 149.00
266.53, 149.00
266.89, 153.00
267.24, 159.00
267.60, 149.00
267.95, 146.00
268.31, 145.00
268.67, 149.00
269.02, 145.00
269.38, 149.00
269.74, 154.00
270.09, 151.00
270.45, 148.00
270.80, 168.00
271.16, 159.00
271.51, 157.00
271.87, 160.00
272.23, 158.00
272.58, 154.00
272.94, 153.00
273.29, 148.00
273.65, 191.00
274.00, 144.00
274.36, 152.00
274.72, 145.00
275.07, 147.00
275.43, 151.00
275.78, 150.00
276.14, 153.00
276.49, 155.00
276.85, 159.00
277.20, 173.00
277.56, 147.00
277.92, 149.00
278.27, 152.00
278.63, 158.00
278.98, 155.00
279.34, 152.00
279.69, 155.00
280.05, 171.00
280.40, 164.00
280.76, 172.00
281.11, 164.00
281.47, 159.00
281.82, 159.00
282.18, 167.00
282.53, 168.00
282.89, 177.00
283.24, 177.00
283.60, 168.00
283.95, 174.00
284.31, 178.00
284.66, 188.00
285.02, 197.00
285.37, 183.00
285.73, 187.00
286.08, 184.00
286.44, 165.00
286.79, 168.00
287.14, 161.00
287.50, 165.00
287.85, 160.00
288.21, 164.00
288.56, 162.00
288.92, 165.00
289.27, 167.00
289.63, 170.00
289.98, 174.00
290.34, 164.00
290.69, 172.00
291.04, 159.00
291.40, 156.00
291.75, 157.00
292.11, 160.00
292.46, 161.00
292.81, 175.00
293.17, 170.00
293.52, 177.00
293.88, 182.00
294.23, 198.00
294.59, 215.00
294.94, 226.00
295.29, 238.00
295.65, 253.00
296.00, 267.00
296.36, 241.00
296.71, 229.00
297.06, 228.00
297.42, 230.00
297.77, 229.00
298.12, 216.00
298.48, 207.00
298.83, 202.00
299.19, 208.00
299.54, 212.00
299.89, 210.00
300.25, 206.00
300.60, 216.00
300.95, 197.00
301.31, 175.00
301.66, 178.00
302.01, 172.00
302.37, 173.00
302.72, 178.00
303.07, 185.00
303.43, 192.00
303.78, 197.00
304.13, 196.00
304.49, 209.00
304.84, 208.00
305.19, 243.00
305.55, 210.00
305.90, 235.00
306.25, 303.00
306.61, 441.00
306.96, 542.00
307.31, 692.00
307.66, 962.00
308.02, 1308.00
308.37, 1548.00
308.72, 1725.00
309.08, 1773.00
309.43, 1655.00
309.78, 1417.00
310.13, 1209.00
310.49, 1022.00
310.84, 846.00
311.19, 743.00
311.54, 632.00
311.90, 546.00
312.25, 510.00
312.60, 515.00
312.95, 601.00
313.31, 675.00
313.66, 665.00
314.01, 669.00
314.36, 684.00
314.72, 811.00
315.07, 1030.00
315.42, 1226.00
315.77, 1267.00
316.13, 1018.00
316.48, 678.00
316.83, 465.00
317.18, 335.00
317.54, 270.00
317.89, 231.00
318.24, 219.00
318.59, 208.00
318.94, 203.00
319.30, 203.00
319.65, 216.00
320.00, 211.00
320.35, 217.00
320.70, 220.00
321.05, 212.00
321.41, 211.00
321.76, 215.00
322.11, 200.00
322.46, 196.00
322.81, 226.00
323.17, 198.00
323.52, 193.00
323.87, 187.00
324.22, 194.00
324.57, 197.00
324.92, 201.00
325.27, 214.00
325.63, 228.00
325.98, 242.00
326.33, 250.00
326.68, 249.00
327.03, 243.00
327.38, 243.00
327.73, 260.00
328.09, 283.00
328.44, 298.00
328.79, 264.00
329.14, 277.00
329.49, 243.00
329.84, 237.00
330.19, 237.00
330.54, 246.00
330.89, 241.00
331.25, 225.00
331.60, 213.00
331.95, 221.00
332.30, 216.00
332.65, 247.00
333.00, 259.00
333.35, 337.00
333.70, 348.00
334.05, 329.00
334.40, 365.00
334.75, 449.00
335.10, 625.00
335.45, 908.00
335.81, 1311.00
336.16, 1903.00
336.51, 2587.00
336.86, 2619.00
337.21, 2282.00
337.56, 1371.00
337.91, 850.00
338.26, 509.00
338.61, 336.00
338.96, 274.00
339.31, 241.00
339.66, 230.00
340.01, 230.00
340.36, 210.00
340.71, 206.00
341.06, 201.00
341.41, 207.00
341.76, 201.00
342.11, 207.00
342.46, 203.00
342.81, 206.00
343.16, 206.00
343.51, 199.00
343.86, 214.00
344.21, 204.00
344.56, 207.00
344.91, 210.00
345.26, 212.00
345.61, 202.00
345.96, 204.00
346.31, 205.00
346.66, 229.00
347.01, 205.00
347.36, 228.00
347.71, 204.00
348.06, 210.00
348.41, 226.00
348.76, 246.00
349.10, 253.00
349.45, 284.00
349.80, 282.00
350.15, 268.00
350.50, 257.00
350.85, 268.00
351.20, 291.00
351.55, 342.00
351.90, 429.00
352.25, 529.00
352.60, 704.00
352.95, 904.00
353.30, 977.00
353.64, 866.00
353.99, 643.00
354.34, 528.00
354.69, 474.00
355.04, 500.00
355.39, 590.00
355.74, 798.00
356.09, 1054.00
356.44, 1338.00
356.78, 1831.00
357.13, 2097.00
357.48, 2016.00
357.83, 1516.00
358.18, 984.00
358.53, 613.00
358.88, 377.00
359.22, 283.00
359.57, 227.00
359.92, 217.00
360.27, 222.00
360.62, 214.00
360.97, 213.00
361.32, 209.00
361.66, 210.00
362.01, 207.00
362.36, 219.00
362.71, 226.00
363.06, 232.00
363.40, 234.00
363.75, 227.00
364.10, 233.00
364.45, 228.00
364.80, 233.00
365.14, 231.00
365.49, 245.00
365.84, 246.00
366.19, 265.00
366.54, 281.00
366.88, 292.00
367.23, 255.00
367.58, 285.00
367.93, 228.00
368.28, 224.00
368.62, 232.00
368.97, 250.00
369.32, 276.00
369.67, 309.00
370.01, 384.00
370.36, 399.00
370.71, 425.00
371.06, 362.00
371.40, 321.00
371.75, 274.00
372.10, 252.00
372.45, 256.00
372.79, 276.00
373.14, 327.00
373.49, 375.00
373.83, 463.00
374.18, 591.00
374.53, 743.00
374.88, 828.00
375.22, 848.00
375.57, 654.00
375.92, 489.00
376.26, 370.00
376.61, 294.00
376.96, 266.00
377.30, 273.00
377.65, 309.00
378.00, 346.00
378.35, 441.00
378.69, 541.00
379.04, 679.00
379.39, 900.00
379.73, 1066.00
380.08, 1073.00
380.43, 831.00
380.77, 583.00
381.12, 473.00
381.47, 349.00
381.81, 289.00
382.16, 243.00
382.50, 237.00
382.85, 294.00
383.20, 225.00
383.54, 244.00
383.89, 248.00
384.24, 255.00
384.58, 280.00
384.93, 297.00
385.27, 303.00
385.62, 298.00
385.97, 294.00
386.31, 287.00
386.66, 312.00
387.00, 293.00
387.35, 306.00
387.70, 335.00
388.04, 436.00
388.39, 446.00
388.73, 519.00
389.08, 623.00
389.43, 688.00
389.77, 785.00
390.12, 912.00
390.46, 1205.00
390.81, 1344.00
391.15, 1280.00
391.50, 1006.00
391.85, 693.00
392.19, 524.00
392.54, 395.00
392.88, 360.00
393.23, 385.00
393.57, 375.00
393.92, 394.00
394.26, 328.00
394.61, 278.00
394.95, 261.00
395.30, 226.00
395.64, 222.00
395.99, 261.00
396.33, 235.00
396.68, 244.00
397.02, 263.00
397.37, 289.00
397.71, 321.00
398.06, 367.00
398.40, 414.00
398.75, 504.00
399.09, 557.00
399.44, 555.00
399.78, 453.00
400.13, 372.00
400.47, 301.00
400.82, 246.00
401.16, 232.00
401.51, 232.00
401.85, 223.00
402.20, 230.00
402.54, 248.00
402.88, 261.00
403.23, 277.00
403.57, 299.00
403.92, 342.00
404.26, 443.00
404.61, 432.00
404.95, 539.00
405.30, 502.00
405.64, 449.00
405.98, 394.00
406.33, 324.00
406.67, 279.00
407.02, 242.00
407.36, 234.00
407.70, 249.00
408.05, 244.00
408.39, 262.00
408.74, 273.00
409.08, 285.00
409.42, 251.00
409.77, 256.00
410.11, 258.00
410.46, 233.00
410.80, 251.00
411.14, 254.00
411.49, 264.00
411.83, 277.00
412.17, 277.00
412.52, 294.00
412.86, 315.00
413.20, 324.00
413.55, 317.00
413.89, 297.00
414.23, 282.00
414.58, 295.00
414.92, 249.00
415.26, 239.00
415.61, 233.00
415.95, 243.00
416.29, 240.00
416.64, 244.00
416.98, 258.00
417.32, 260.00
417.67, 293.00
418.01, 308.00
418.35, 325.00
418.70, 368.00
419.04, 401.00
419.38, 389.00
419.72, 386.00
420.07, 346.00
420.41, 288.00
420.75, 265.00
421.10, 250.00
421.44, 241.00
421.78, 253.00
422.12, 250.00
422.47, 255.00
422.81, 270.00
423.15, 281.00
423.49, 278.00
423.84, 271.00
424.18, 290.00
424.52, 311.00
424.86, 347.00
425.21, 419.00
425.55, 443.00
425.89, 504.00
426.23, 582.00
426.57, 676.00
426.92, 674.00
427.26, 695.00
427.60, 596.00
427.94, 436.00
428.28, 352.00
428.63, 295.00
428.97, 257.00
429.31, 239.00
429.65, 228.00
429.99, 228.00
430.34, 233.00
430.68, 232.00
431.02, 240.00
431.36, 236.00
431.70, 239.00
432.04, 258.00
432.39, 255.00
432.73, 276.00
433.07, 283.00
433.41, 309.00
433.75, 323.00
434.09, 314.00
434.43, 307.00
434.78, 353.00
435.12, 397.00
435.46, 423.00
435.80, 392.00
436.14, 357.00
436.48, 312.00
436.82, 307.00
437.16, 282.00
437.51, 271.00
437.85, 262.00
438.19, 290.00
438.53, 266.00
438.87, 272.00
439.21, 268.00
439.55, 287.00
439.89, 284.00
440.23, 284.00
440.57, 310.00
440.91, 307.00
441.26, 298.00
441.60, 283.00
441.94, 275.00
442.28, 260.00
442.62, 259.00
442.96, 258.00
443.30, 250.00
443.64, 245.00
443.98, 256.00
444.32, 250.00
444.66, 242.00
445.00, 248.00
445.34, 255.00
445.68, 261.00
446.02, 257.00
446.36, 247.00
446.70, 259.00
447.04, 255.00
447.38, 283.00
447.72, 277.00
448.06, 289.00
448.40, 269.00
448.74, 274.00
449.08, 272.00
449.42, 254.00
449.76, 246.00
450.10, 244.00
450.44, 238.00
450.78, 245.00
451.12, 246.00
451.46, 241.00
451.80, 245.00
452.14, 231.00
452.48, 236.00
452.82, 243.00
453.16, 244.00
453.50, 250.00
453.84, 233.00
454.18, 273.00
454.52, 256.00
454.86, 265.00
455.19, 276.00
455.53, 272.00
455.87, 264.00
456.21, 281.00
456.55, 281.00
456.89, 271.00
457.23, 287.00
457.57, 269.00
457.91, 272.00
458.25, 270.00
458.59, 283.00
458.92, 282.00
459.26, 280.00
459.60, 288.00
459.94, 269.00
460.28, 247.00
460.62, 263.00
460.96, 249.00
461.30, 239.00
461.63, 242.00
461.97, 249.00
462.31, 246.00
462.65, 248.00
462.99, 259.00
463.33, 265.00
463.67, 274.00
464.00, 271.00
464.34, 274.00
464.68, 268.00
465.02, 290.00
465.36, 290.00
465.70, 285.00
466.03, 282.00
466.37, 254.00
466.71, 277.00
467.05, 272.00
467.39, 279.00
467.72, 294.00
468.06, 303.00
468.40, 315.00
468.74, 322.00
469.08, 328.00
469.41, 345.00
469.75, 362.00
470.09, 381.00
470.43, 375.00
470.76, 352.00
471.10, 340.00
471.44, 335.00
471.78, 317.00
472.11, 314.00
472.45, 300.00
472.79, 299.00
473.13, 290.00
473.46, 291.00
473.80, 289.00
474.14, 286.00
474.48, 286.00
474.81, 284.00
475.15, 278.00
475.49, 285.00
475.82, 285.00
476.16, 279.00
476.50, 281.00
476.84, 281.00
477.17, 275.00
477.51, 274.00
477.85, 286.00
478.18, 304.00
478.52, 282.00
478.86, 330.00
479.19, 303.00
479.53, 289.00
479.87, 330.00
480.20, 301.00
480.54, 303.00
480.88, 299.00
481.21, 286.00
481.55, 297.00
481.89, 286.00
482.22, 293.00
482.56, 302.00
482.90, 302.00
483.23, 306.00
483.57, 312.00
483.90, 321.00
484.24, 324.00
484.58, 313.00
484.91, 341.00
485.25, 346.00
485.58, 353.00
485.92, 358.00
486.26, 352.00
486.59, 366.00
486.93, 366.00
487.26, 373.00
487.60, 374.00
487.94, 374.00
488.27, 357.00
488.61, 359.00
488.94, 357.00
489.28, 369.00
489.61, 354.00
489.95, 359.00
490.29, 366.00
490.62, 369.00
490.96, 356.00
491.29, 364.00
491.63, 356.00
491.96, 359.00
492.30, 338.00
492.63, 341.00
492.97, 341.00
493.30, 332.00
493.64, 328.00
493.97, 326.00
494.31, 339.00
494.64, 342.00
494.98, 340.00
495.31, 333.00
495.65, 324.00
495.98, 332.00
496.32, 327.00
496.65, 368.00
496.99, 320.00
497.32, 310.00
497.66, 309.00
497.99, 303.00
498.33, 301.00
498.66, 302.00
499.00, 299.00
499.33, 298.00
499.67, 304.00
500.00, 302.00
500.34, 314.00
500.67, 301.00
501.00, 291.00
501.34, 292.00
501.67, 298.00
502.01, 296.00
502.34, 294.00
502.68, 302.00
503.01, 299.00
503.34, 313.00
503.68, 302.00
504.01, 310.00
504.35, 311.00
504.68, 310.00
505.01, 314.00
505.35, 316.00
505.68, 311.00
506.02, 315.00
506.35, 306.00
506.68, 324.00
507.02, 311.00
507.35, 306.00
507.68, 305.00
508.02, 311.00
508.35, 299.00
508.69, 303.00
509.02, 297.00
509.35, 297.00
509.69, 299.00
510.02, 293.00
510.35, 294.00
510.69, 286.00
511.02, 291.00
511.35, 284.00
511.69, 289.00
512.02, 280.00
512.35, 294.00
512.68, 288.00
513.02, 293.00
513.35, 279.00
513.68, 283.00
514.02, 292.00
514.35, 282.00
514.68, 287.00
515.01, 284.00
515.35, 284.00
515.68, 279.00
516.01, 280.00
516.35, 274.00
516.68, 275.00
517.01, 279.00
517.34, 282.00
517.68, 274.00
518.01, 284.00
518.34, 274.00
518.67, 279.00
519.01, 276.00
519.34, 284.00
519.67, 293.00
520.00, 280.00
520.33, 288.00
520.67, 294.00
521.00, 293.00
521.33, 288.00
521.66, 288.00
522.00, 288.00
522.33, 281.00
522.66, 287.00
522.99, 275.00
523.32, 290.00
523.65, 276.00
523.99, 284.00
524.32, 281.00
524.65, 277.00
524.98, 286.00
525.31, 280.00
525.65, 303.00
525.98, 281.00
526.31, 277.00
526.64, 294.00
526.97, 283.00
527.30, 273.00
527.63, 279.00
527.97, 269.00
528.30, 271.00
528.63, 277.00
528.96, 293.00
529.29, 276.00
529.62, 274.00
529.95, 277.00
530.28, 268.00
530.61, 263.00
530.95, 263.00
531.28, 268.00
531.61, 273.00
531.94, 281.00
532.27, 286.00
532.60, 283.00
532.93, 287.00
533.26, 277.00
533.59, 289.00
533.92, 267.00
534.25, 266.00
534.58, 308.00
534.91, 278.00
535.25, 264.00
535.58, 275.00
535.91, 275.00
536.24, 269.00
536.57, 281.00
536.90, 277.00
537.23, 289.00
537.56, 321.00
537.89, 294.00
538.22, 287.00
538.55, 300.00
538.88, 315.00
539.21, 430.00
539.54, 320.00
539.87, 339.00
540.20, 368.00
540.53, 384.00
540.86, 460.00
541.19, 468.00
541.52, 492.00
541.85, 526.00
542.18, 531.00
542.51, 551.00
542.84, 552.00
543.17, 551.00
543.50, 546.00
543.82, 532.00
544.15, 533.00
544.48, 515.00
544.81, 556.00
545.14, 583.00
545.47, 560.00
545.80, 537.00
546.13, 457.00
546.46, 466.00
546.79, 417.00
547.12, 389.00
547.45, 363.00
547.78, 363.00
548.10, 353.00
548.43, 344.00
548.76, 344.00
549.09, 332.00
549.42, 329.00
549.75, 328.00
550.08, 315.00
550.41, 320.00
550.74, 319.00
551.06, 305.00
551.39, 317.00
551.72, 304.00
552.05, 299.00
552.38, 291.00
552.71, 295.00
553.03, 291.00
553.36, 285.00
553.69, 289.00
554.02, 280.00
554.35, 282.00
554.68, 273.00
555.00, 276.00
555.33, 269.00
555.66, 268.00
555.99, 281.00
556.32, 271.00
556.64, 266.00
556.97, 287.00
557.30, 280.00
557.63, 276.00
557.96, 283.00
558.28, 274.00
558.61, 277.00
558.94, 272.00
559.27, 280.00
559.59, 269.00
559.92, 268.00
560.25, 268.00
560.58, 262.00
560.90, 268.00
561.23, 264.00
561.56, 262.00
561.89, 262.00
562.21, 255.00
562.54, 250.00
562.87, 259.00
563.20, 257.00
563.52, 243.00
563.85, 244.00
564.18, 261.00
564.50, 254.00
564.83, 273.00
565.16, 295.00
565.48, 237.00
565.81, 245.00
566.14, 242.00
566.47, 232.00
566.79, 239.00
567.12, 231.00
567.45, 262.00
567.77, 237.00
568.10, 233.00
568.43, 243.00
568.75, 234.00
569.08, 241.00
569.40, 266.00
569.73, 241.00
570.06, 231.00
570.38, 235.00
570.71, 236.00
571.04, 231.00
571.36, 244.00
571.69, 236.00
572.01, 244.00
572.34, 233.00
572.67, 242.00
572.99, 238.00
573.32, 253.00
573.64, 247.00
573.97, 237.00
574.30, 237.00
574.62, 234.00
574.95, 235.00
575.27, 247.00
575.60, 247.00
575.92, 247.00
576.25, 254.00
576.58, 267.00
576.90, 252.00
577.23, 281.00
577.55, 259.00
577.88, 259.00
578.20, 258.00
578.53, 256.00
578.85, 280.00
579.18, 271.00
579.50, 265.00
579.83, 268.00
580.15, 268.00
580.48, 269.00
580.80, 276.00
581.13, 275.00
581.45, 274.00
581.78, 274.00
582.10, 284.00
582.43, 289.00
582.75, 289.00
583.08, 292.00
583.40, 292.00
583.73, 354.00
584.05, 288.00
584.38, 274.00
584.70, 329.00
585.03, 274.00
585.35, 279.00
585.67, 288.00
586.00, 302.00
586.32, 326.00
586.65, 337.00
586.97, 333.00
587.30, 333.00
587.62, 305.00
587.94, 317.00
588.27, 292.00
588.59, 290.00
588.92, 276.00
589.24, 272.00
589.56, 281.00
589.89, 281.00
590.21, 268.00
590.54, 268.00
590.86, 258.00
591.18, 267.00
591.51, 273.00
591.83, 285.00
592.15, 288.00
592.48, 292.00
592.80, 311.00
593.13, 287.00
593.45, 287.00
593.77, 287.00
594.10, 281.00
594.42, 283.00
594.74, 283.00
595.07, 277.00
595.39, 279.00
595.71, 286.00
596.03, 288.00
596.36, 287.00
596.68, 286.00
597.00, 291.00
597.33, 293.00
597.65, 299.00
597.97, 300.00
598.30, 297.00
598.62, 307.00
598.94, 298.00
599.26, 301.00
599.59, 303.00
599.91, 297.00
600.23, 298.00
600.55, 284.00
600.88, 284.00
601.20, 266.00
601.52, 260.00
601.84, 252.00
602.17, 255.00
602.49, 239.00
602.81, 243.00
603.13, 250.00
603.45, 247.00
603.78, 235.00
604.10, 240.00
604.42, 237.00
604.74, 241.00
605.07, 241.00
605.39, 250.00
605.71, 238.00
606.03, 241.00
606.35, 241.00
606.67, 244.00
607.00, 243.00
607.32, 245.00
607.64, 248.00
607.96, 243.00
608.28, 251.00
608.60, 257.00
608.93, 269.00
609.25, 306.00
609.57, 362.00
609.89, 434.00
610.21, 504.00
610.53, 542.00
610.85, 545.00
611.17, 522.00
611.50, 463.00
611.82, 449.00
612.14, 405.00
612.46, 380.00
612.78, 370.00
613.10, 346.00
613.42, 324.00
613.74, 327.00
614.06, 358.00
614.38, 325.00
614.70, 319.00
615.03, 320.00
615.35, 304.00
615.67, 388.00
615.99, 278.00
616.31, 265.00
616.63, 261.00
616.95, 255.00
617.27, 250.00
617.59, 246.00
617.91, 242.00
618.23, 249.00
618.55, 237.00
618.87, 243.00
619.19, 238.00
619.51, 229.00
619.83, 239.00
620.15, 241.00
620.47, 237.00
620.79, 232.00
621.11, 248.00
621.43, 237.00
621.75, 243.00
622.07, 241.00
622.39, 235.00
622.71, 230.00
623.03, 241.00
623.35, 276.00
623.67, 227.00
623.99, 235.00
624.31, 235.00
624.63, 235.00
624.95, 226.00
625.26, 225.00
625.58, 226.00
625.90, 251.00
626.22, 225.00
626.54, 221.00
626.86, 232.00
627.18, 234.00
627.50, 239.00
627.82, 237.00
628.14, 236.00
628.46, 242.00
628.77, 238.00
629.09, 246.00
629.41, 253.00
629.73, 260.00
630.05, 268.00
630.37, 266.00
630.69, 271.00
631.00, 276.00
631.32, 256.00
631.64, 252.00
631.96, 238.00
632.28, 243.00
632.60, 242.00
632.92, 232.00
633.23, 233.00
633.55, 238.00
633.87, 242.00
634.19, 245.00
634.51, 236.00
634.82, 254.00
635.14, 252.00
635.46, 243.00
635.78, 250.00
636.10, 250.00
636.41, 248.00
636.73, 247.00
637.05, 247.00
637.37, 244.00
637.68, 251.00
638.00, 244.00
638.32, 239.00
638.64, 246.00
638.95, 252.00
639.27, 256.00
639.59, 254.00
639.91, 248.00
640.22, 239.00
640.54, 241.00
640.86, 235.00
641.18, 249.00
641.49, 258.00
641.81, 250.00
642.13, 250.00
642.44, 241.00
642.76, 251.00
643.08, 243.00
643.40, 249.00
643.71, 253.00
644.03, 259.00
644.35, 258.00
644.66, 268.00
644.98, 252.00
645.30, 262.00
645.61, 264.00
645.93, 241.00
646.25, 243.00
646.56, 246.00
646.88, 267.00
647.19, 231.00
647.51, 230.00
647.83, 224.00
648.14, 226.00
648.46, 233.00
648.78, 241.00
649.09, 244.00
649.41, 283.00
649.72, 256.00
650.04, 272.00
650.36, 268.00
650.67, 276.00
650.99, 264.00
651.30, 272.00
651.62, 266.00
651.93, 279.00
652.25, 283.00
652.57, 315.00
652.88, 271.00
653.20, 268.00
653.51, 262.00
653.83, 257.00
654.14, 239.00
654.46, 250.00
654.77, 243.00
655.09, 255.00
655.40, 266.00
655.72, 261.00
656.04, 240.00
656.35, 248.00
656.67, 242.00
656.98, 239.00
657.30, 236.00
657.61, 246.00
657.93, 242.00
658.24, 249.00
658.55, 285.00
658.87, 254.00
659.18, 245.00
659.50, 247.00
659.81, 255.00
660.13, 251.00
660.44, 250.00
660.76, 254.00
661.07, 264.00
661.39, 250.00
661.70, 245.00
662.01, 228.00
662.33, 227.00
662.64, 236.00
662.96, 226.00
663.27, 213.00
663.59, 208.00
663.90, 211.00
664.21, 208.00
664.53, 230.00
664.84, 213.00
665.16, 235.00
665.47, 225.00
665.78, 216.00
666.10, 231.00
666.41, 228.00
666.72, 226.00
667.04, 234.00
667.35, 230.00
667.67, 238.00
667.98, 227.00
668.29, 231.00
668.61, 234.00
668.92, 227.00
669.23, 230.00
669.55, 230.00
669.86, 252.00
670.17, 223.00
670.48, 221.00
670.80, 213.00
671.11, 212.00
671.42, 213.00
671.74, 218.00
672.05, 215.00
672.36, 218.00
672.68, 215.00
672.99, 224.00
673.30, 222.00
673.61, 232.00
673.93, 239.00
674.24, 248.00
674.55, 253.00
674.86, 258.00
675.18, 258.00
675.49, 268.00
675.80, 247.00
676.11, 269.00
676.43, 263.00
676.74, 257.00
677.05, 255.00
677.36, 257.00
677.67, 252.00
677.99, 245.00
678.30, 239.00
678.61, 235.00
678.92, 221.00
679.23, 230.00
679.55, 220.00
679.86, 214.00
680.17, 211.00
680.48, 202.00
680.79, 205.00
681.10, 196.00
681.42, 205.00
681.73, 197.00
682.04, 199.00
682.35, 199.00
682.66, 202.00
682.97, 198.00
683.28, 199.00
683.60, 208.00
683.91, 205.00
684.22, 220.00
684.53, 205.00
684.84, 194.00
685.15, 209.00
685.46, 217.00
685.77, 190.00
686.08, 196.00
686.40, 237.00
686.71, 198.00
687.02, 195.00
687.33, 184.00
687.64, 188.00
687.95, 194.00
688.26, 182.00
688.57, 187.00
688.88, 183.00
689.19, 177.00
689.50, 172.00
689.81, 174.00
690.12, 176.00
690.43, 196.00
690.74, 173.00
691.05, 175.00
691.36, 187.00
691.67, 178.00
691.98, 177.00
692.29, 177.00
692.60, 179.00
692.91, 177.00
693.22, 177.00
693.53, 177.00
693.84, 179.00
694.15, 172.00
694.46, 179.00
694.77, 173.00
695.08, 178.00
695.39, 178.00
695.70, 175.00
696.01, 179.00
696.32, 173.00
696.63, 174.00
696.94, 176.00
697.25, 174.00
697.56, 181.00
697.87, 176.00
698.17, 213.00
698.48, 183.00
698.79, 169.00
699.10, 177.00
699.41, 176.00
699.72, 174.00
700.03, 173.00
700.34, 163.00
700.65, 175.00
700.95, 169.00
701.26, 177.00
701.57, 173.00
701.88, 167.00
702.19, 181.00
702.50, 178.00
702.81, 167.00
703.11, 195.00
703.42, 173.00
703.73, 177.00
704.04, 181.00
704.35, 179.00
704.66, 187.00
704.96, 214.00
705.27, 235.00
705.58, 258.00
705.89, 253.00
706.20, 236.00
706.50, 223.00
706.81, 224.00
707.12, 207.00
707.43, 208.00
707.73, 204.00
708.04, 191.00
708.35, 191.00
708.66, 184.00
708.97, 179.00
709.27, 188.00
709.58, 172.00
709.89, 172.00
710.19, 174.00
710.50, 182.00
710.81, 177.00
711.12, 184.00
711.42, 184.00
711.73, 188.00
712.04, 192.00
712.35, 177.00
712.65, 184.00
712.96, 183.00
713.27, 181.00
713.57, 204.00
713.88, 196.00
714.19, 177.00
714.49, 170.00
714.80, 178.00
715.11, 173.00
715.41, 173.00
715.72, 171.00
716.03, 171.00
716.33, 180.00
716.64, 170.00
716.94, 176.00
717.25, 175.00
717.56, 179.00
717.86, 172.00
718.17, 172.00
718.48, 171.00
718.78, 164.00
719.09, 169.00
719.39, 168.00
719.70, 166.00
720.01, 169.00
720.31, 170.00
720.62, 164.00
720.92, 168.00
721.23, 178.00
721.53, 178.00
721.84, 171.00
722.15, 184.00
722.45, 181.00
722.76, 173.00
723.06, 173.00
723.37, 171.00
723.67, 175.00
723.98, 173.00
724.28, 178.00
724.59, 185.00
724.89, 184.00
725.20, 175.00
725.50, 185.00
725.81, 176.00
726.11, 177.00
726.42, 179.00
726.72, 174.00
727.03, 205.00
727.33, 165.00
727.64, 180.00
727.94, 176.00
728.25, 173.00
728.55, 167.00
728.86, 196.00
729.16, 163.00
729.46, 169.00
729.77, 172.00
730.07, 169.00
730.38, 168.00
730.68, 168.00
730.99, 178.00
731.29, 171.00
731.59, 165.00
731.90, 166.00
732.20, 166.00
732.51, 177.00
732.81, 175.00
733.11, 178.00
733.42, 173.00
733.72, 180.00
734.02, 176.00
734.33, 174.00
734.63, 177.00
734.94, 178.00
735.24, 174.00
735.54, 179.00
735.85, 174.00
736.15, 179.00
736.45, 175.00
736.76, 169.00
737.06, 171.00
737.36, 175.00
737.67, 174.00
737.97, 171.00
738.27, 167.00
738.57, 170.00
738.88, 167.00
739.18, 207.00
739.48, 171.00
739.79, 167.00
740.09, 171.00
740.39, 171.00
740.69, 178.00
741.00, 167.00
741.30, 171.00
741.60, 171.00
741.90, 173.00
742.21, 171.00
742.51, 224.00
742.81, 187.00
743.11, 177.00
743.42, 214.00
743.72, 185.00
744.02, 199.00
744.32, 196.00
744.63, 205.00
744.93, 207.00
745.23, 214.00
745.53, 215.00
745.83, 205.00
746.13, 214.00
746.44, 204.00
746.74, 204.00
747.04, 204.00
747.34, 205.00
747.64, 215.00
747.94, 219.00
748.25, 210.00
748.55, 217.00
748.85, 212.00
749.15, 215.00
749.45, 233.00
749.75, 210.00
750.05, 199.00
750.35, 183.00
750.66, 201.00
750.96, 189.00
751.26, 179.00
751.56, 178.00
751.86, 184.00
752.16, 169.00
752.46, 168.00
752.76, 164.00
753.06, 167.00
753.36, 215.00
753.66, 169.00
753.96, 179.00
754.27, 168.00
754.57, 169.00
754.87, 172.00
755.17, 174.00
755.47, 174.00
755.77, 177.00
756.07, 180.00
756.37, 185.00
756.67, 190.00
756.97, 187.00
757.27, 192.00
757.57, 182.00
757.87, 191.00
758.17, 188.00
758.47, 191.00
758.77, 195.00
759.07, 186.00
759.37, 189.00
759.67, 189.00
759.97, 190.00
760.27, 186.00
760.57, 187.00
760.86, 189.00
761.16, 186.00
761.46, 182.00
761.76, 210.00
762.06, 178.00
762.36, 189.00
762.66, 173.00
762.96, 173.00
763.26, 172.00
763.56, 200.00
763.86, 172.00
764.16, 166.00
764.45, 182.00
764.75, 172.00
765.05, 163.00
765.35, 163.00
765.65, 162.00
765.95, 162.00
766.25, 171.00
766.55, 176.00
766.84, 172.00
767.14, 176.00
767.44, 170.00
767.74, 169.00
768.04, 173.00
768.34, 174.00
768.63, 176.00
768.93, 178.00
769.23, 181.00
769.53, 182.00
769.83, 180.00
770.12, 180.00
770.42, 188.00
770.72, 176.00
771.02, 182.00
771.32, 181.00
771.61, 180.00
771.91, 181.00
772.21, 181.00
772.51, 178.00
772.80, 180.00
773.10, 184.00
773.40, 186.00
773.70, 181.00
773.99, 176.00
774.29, 182.00
774.59, 193.00
774.88, 177.00
775.18, 187.00
775.48, 305.00
775.78, 612.00
776.07, 874.00
776.37, 1012.00
776.67, 908.00
776.96, 636.00
777.26, 510.00
777.56, 394.00
777.85, 351.00
778.15, 314.00
778.45, 296.00
778.74, 262.00
779.04, 231.00
779.34, 198.00
779.63, 182.00
779.93, 164.00
780.22, 164.00
780.52, 161.00
780.82, 160.00
781.11, 158.00
781.41, 158.00
781.71, 160.00
782.00, 156.00
782.30, 158.00
782.59, 167.00
782.89, 159.00
783.19, 155.00
783.48, 157.00
783.78, 150.00
784.07, 166.00
784.37, 160.00
784.66, 157.00
784.96, 155.00
785.25, 157.00
785.55, 157.00
785.84, 155.00
786.14, 159.00
786.44, 156.00
786.73, 159.00
787.03, 153.00
787.32, 153.00
787.62, 157.00
787.91, 158.00
788.21, 162.00
788.50, 157.00
788.80, 152.00
789.09, 158.00
789.39, 159.00
789.68, 159.00
789.97, 158.00
790.27, 157.00
790.56, 161.00
790.86, 167.00
791.15, 151.00
791.45, 151.00
791.74, 175.00
792.04, 152.00
792.33, 148.00
792.62, 180.00
792.92, 148.00
793.21, 151.00
793.51, 157.00
793.80, 155.00
794.09, 149.00
794.39, 153.00
794.68, 151.00
794.98, 152.00
795.27, 152.00
795.56, 155.00
795.86, 157.00
796.15, 148.00
796.44, 157.00
796.74, 150.00
797.03, 150.00
797.32, 151.00
797.62, 148.00
797.91, 160.00
798.20, 156.00
798.50, 157.00
798.79, 157.00
799.08, 153.00
799.38, 148.00
799.67, 156.00
799.96, 161.00
800.26, 174.00
800.55, 152.00
800.84, 160.00
801.13, 150.00
801.43, 150.00
801.72, 191.00
802.01, 152.00
802.30, 152.00
802.60, 151.00
802.89, 154.00
803.18, 150.00
803.47, 149.00
803.77, 157.00
804.06, 153.00
804.35, 158.00
804.64, 176.00
804.94, 156.00
805.23, 153.00
805.52, 152.00
805.81, 155.00
806.10, 153.00
806.39, 154.00
806.69, 153.00
806.98, 153.00
807.27, 149.00
807.56, 158.00
807.85, 159.00
808.14, 155.00
808.44, 162.00
808.73, 152.00
809.02, 173.00
809.31, 155.00
809.60, 155.00
809.89, 159.00
810.18, 155.00
810.48, 160.00
810.77, 155.00
811.06, 155.00
811.35, 151.00
811.64, 152.00
811.93, 170.00
812.22, 149.00
812.51, 151.00
812.80, 152.00
813.09, 144.00
813.38, 154.00
813.67, 164.00
813.96, 150.00
814.26, 144.00
814.55, 145.00
814.84, 150.00
815.13, 151.00
815.42, 150.00
815.71, 150.00
816.00, 149.00
816.29, 161.00
816.58, 156.00
816.87, 147.00
817.16, 150.00
817.45, 152.00
817.74, 153.00
818.03, 149.00
818.32, 147.00
818.61, 151.00
818.90, 151.00
819.19, 148.00
819.48, 154.00
819.76, 147.00
820.05, 150.00
820.34, 153.00
820.63, 152.00
820.92, 151.00
821.21, 146.00
821.50, 151.00
821.79, 148.00
822.08, 147.00
822.37, 155.00
822.66, 154.00
822.95, 156.00
823.23, 146.00
823.52, 163.00
823.81, 152.00
824.10, 149.00
824.39, 147.00
824.68, 150.00
824.97, 164.00
825.26, 144.00
825.54, 197.00
825.83, 150.00
826.12, 144.00
826.41, 145.00
826.70, 149.00
826.99, 158.00
827.27, 149.00
827.56, 163.00
827.85, 151.00
828.14, 147.00
828.43, 154.00
828.71, 151.00
829.00, 156.00
829.29, 146.00
829.58, 155.00
829.86, 150.00
830.15, 151.00
830.44, 150.00
830.73, 150.00
831.01, 148.00
831.30, 150.00
831.59, 147.00
831.88, 145.00
832.16, 150.00
832.45, 156.00
832.74, 146.00
833.03, 149.00
833.31, 151.00
833.60, 150.00
833.89, 145.00
834.17, 150.00
834.46, 149.00
834.75, 147.00
835.03, 143.00
835.32, 149.00
835.61, 150.00
835.89, 165.00
836.18, 151.00
836.47, 151.00
836.75, 150.00
837.04, 157.00
837.33, 154.00
837.61, 154.00
837.90, 150.00
838.19, 149.00
838.47, 151.00
838.76, 152.00
839.04, 147.00
839.33, 146.00
839.62, 148.00
839.90, 145.00
840.19, 148.00
840.47, 148.00
840.76, 169.00
841.04, 149.00
841.33, 148.00
841.62, 147.00
841.90, 148.00
842.19, 144.00
842.47, 296.00
842.76, 150.00
843.04, 155.00
843.33, 173.00
843.61, 171.00
843.90, 162.00
844.18, 175.00
844.47, 174.00
844.75, 171.00
845.04, 159.00
845.32, 160.00
845.61, 158.00
845.89, 160.00
846.18, 156.00
846.46, 155.00
846.75, 157.00
847.03, 164.00
847.32, 149.00
847.60, 152.00
847.88, 151.00
848.17, 150.00
848.45, 168.00
848.74, 157.00
849.02, 146.00
849.31, 148.00
849.59, 146.00
849.87, 151.00
850.16, 144.00
850.44, 153.00
850.73, 171.00
851.01, 148.00
851.29, 149.00
851.58, 152.00
851.86, 149.00
852.14, 149.00
852.43, 152.00
852.71, 149.00
853.00, 138.00
853.28, 154.00
853.56, 145.00
853.85, 149.00
854.13, 145.00
854.41, 153.00
854.69, 145.00
854.98, 146.00
855.26, 196.00
855.54, 147.00
855.83, 149.00
856.11, 149.00
856.39, 150.00
856.68, 145.00
856.96, 149.00
857.24, 150.00
857.52, 159.00
857.81, 151.00
858.09, 146.00
858.37, 152.00
858.65, 150.00
858.94, 148.00
859.22, 150.00
