190.05, 0.00
190.41, 136.00
190.77, 141.00
191.14, 138.00
191.50, 144.00
191.86, 162.00
192.22, 154.00
192.58, 155.00
192.94, 150.00
193.31, 153.00
193.67, 152.00
194.03, 149.00
194.39, 149.00
194.75, 149.00
195.11, 163.00
195.47, 168.00
195.84, 145.00
196.20, 149.00
196.56, 168.00
196.92, 147.00
197.28, 153.00
197.64, 144.00
198.00, 145.00
198.37, 150.00
198.73, 150.00
199.09, 146.00
199.45, 150.00
199.81, 149.00
200.17, 144.00
200.53, 147.00
200.89, 158.00
201.25, 183.00
201.62, 148.00
201.98, 153.00
202.34, 148.00
202.70, 161.00
203.06, 152.00
203.42, 152.00
203.78, 147.00
204.14, 154.00
204.50, 174.00
204.86, 165.00
205.22, 155.00
205.58, 156.00
205.95, 148.00
206.31, 150.00
206.67, 151.00
207.03, 154.00
207.39, 158.00
207.75, 150.00
208.11, 149.00
208.47, 151.00
208.83, 153.00
209.19, 150.00
209.55, 152.00
209.91, 150.00
210.27, 154.00
210.63, 149.00
210.99, 160.00
211.35, 151.00
211.71, 155.00
212.07, 147.00
212.43, 148.00
212.79, 138.00
213.15, 148.00
213.51, 150.00
213.87, 151.00
214.23, 149.00
214.59, 148.00
214.95, 148.00
215.31, 151.00
215.67, 155.00
216.03, 181.00
216.39, 148.00
216.75, 149.00
217.11, 149.00
217.47, 146.00
217.83, 149.00
218.19, 150.00
218.55, 151.00
218.91, 151.00
219.27, 148.00
219.63, 154.00
219.99, 151.00
220.35, 150.00
220.71, 155.00
221.07, 149.00
221.43, 151.00
221.79, 146.00
222.15, 150.00
222.51, 145.00
222.87, 145.00
223.23, 151.00
223.59, 149.00
223.95, 146.00
224.31, 148.00
224.67, 142.00
225.03, 151.00
225.39, 158.00
225.74, 152.00
226.10, 149.00
226.46, 151.00
226.82, 153.00
227.18, 154.00
227.54, 150.00
227.90, 151.00
228.26, 155.00
228.62, 154.00
228.98, 149.00
229.34, 149.00
229.69, 149.00
230.05, 152.00
230.41, 143.00
230.77, 156.00
231.13, 157.00
231.49, 152.00
231.85, 146.00
232.21, 157.00
232.57, 155.00
232.92, 145.00
233.28, 145.00
233.64, 152.00
234.00, 147.00
234.36, 147.00
234.72, 153.00
235.08, 149.00
235.44, 152.00
235.79, 144.00
236.15, 154.00
236.51, 151.00
236.87, 141.00
237.23, 153.00
237.59, 147.00
237.94, 154.00
238.30, 151.00
238.66, 153.00
239.02, 145.00
239.38, 146.00
239.74, 144.00
240.09, 153.00
240.45, 148.00
240.81, 145.00
241.17, 154.00
241.53, 151.00
241.89, 148.00
242.24, 152.00
242.60, 152.00
242.96, 150.00
243.32, 152.00
243.68, 152.00
244.03, 149.00
244.39, 144.00
244.75, 171.00
245.11, 153.00
245.46, 152.00
245.82, 170.00
246.18, 149.00
246.54, 156.00
246.90, 147.00
247.25, 150.00
247.61, 149.00
247.97, 183.00
248.33, 152.00
248.68, 145.00
249.04, 146.00
249.40, 145.00
249.76, 155.00
250.11, 147.00
250.47, 150.00
250.83, 152.00
251.19, 146.00
251.54, 154.00
251.90, 149.00
252.26, 148.00
252.62, 149.00
252.97, 151.00
253.33, 146.00
253.69, 147.00
254.05, 153.00
254.40, 148.00
254.76, 149.00
255.12, 176.00
255.47, 156.00
255.83, 150.00
256.19, 148.00
256.54, 145.00
256.90, 146.00
257.26, 150.00
257.62, 149.00
257.97, 148.00
258.33, 151.00
258.69, 148.00
259.04, 145.00
259.40, 142.00
259.76, 151.00
260.11, 148.00
260.47, 145.00
260.83, 153.00
261.18, 149.00
261.54, 155.00
261.90, 154.00
262.25, 157.00
262.61, 140.00
262.97, 143.00
263.32, 149.00
263.68, 148.00
264.04, 153.00
264.39, 145.00
264.75, 145.00
265.10, 149.00
265.46, 192.00
265.82, 163.00
266.17, 147.00
266.53, 154.00
266.89, 151.00
267.24, 152.00
267.60, 152.00
267.95, 146.00
268.31, 143.00
268.67, 149.00
269.02, 147.00
269.38, 147.00
269.74, 154.00
270.09, 152.00
270.45, 147.00
270.80, 167.00
271.16, 150.00
271.51, 154.00
271.87, 154.00
272.23, 152.00
272.58, 147.00
272.94, 145.00
273.29, 142.00
273.65, 193.00
274.00, 144.00
274.36, 148.00
274.72, 148.00
275.07, 145.00
275.43, 148.00
275.78, 152.00
276.14, 146.00
276.49, 149.00
276.85, 161.00
277.20, 167.00
277.56, 150.00
277.92, 147.00
278.27, 154.00
278.63, 162.00
278.98, 153.00
279.34, 149.00
279.69, 147.00
280.05, 163.00
280.40, 155.00
280.76, 156.00
281.11, 156.00
281.47, 149.00
281.82, 151.00
282.18, 153.00
282.53, 159.00
282.89, 165.00
283.24, 155.00
283.60, 157.00
283.95, 156.00
284.31, 155.00
284.66, 158.00
285.02, 161.00
285.37, 161.00
285.73, 157.00
286.08, 160.00
286.44, 157.00
286.79, 159.00
287.14, 163.00
287.50, 154.00
287.85, 149.00
288.21, 157.00
288.56, 154.00
288.92, 154.00
289.27, 152.00
289.63, 151.00
289.98, 158.00
290.34, 146.00
290.69, 159.00
291.04, 150.00
291.40, 150.00
291.75, 149.00
292.11, 155.00
292.46, 152.00
292.81, 160.00
293.17, 150.00
293.52, 151.00
293.88, 155.00
294.23, 154.00
294.59, 159.00
294.94, 154.00
295.29, 165.00
295.65, 163.00
296.00, 178.00
296.36, 160.00
296.71, 155.00
297.06, 165.00
297.42, 169.00
297.77, 161.00
298.12, 164.00
298.48, 154.00
298.83, 159.00
299.19, 154.00
299.54, 158.00
299.89, 159.00
300.25, 159.00
300.60, 158.00
300.95, 161.00
301.31, 154.00
301.66, 149.00
302.01, 153.00
302.37, 154.00
302.72, 155.00
303.07, 153.00
303.43, 158.00
303.78, 154.00
304.13, 160.00
304.49, 162.00
304.84, 171.00
305.19, 199.00
305.55, 159.00
305.90, 171.00
306.25, 189.00
306.61, 224.00
306.96, 245.00
307.31, 318.00
307.66, 405.00
308.02, 502.00
308.37, 574.00
308.72, 616.00
309.08, 615.00
309.43, 583.00
309.78, 501.00
310.13, 440.00
310.49, 398.00
310.84, 320.00
311.19, 277.00
311.54, 247.00
311.90, 220.00
312.25, 216.00
312.60, 208.00
312.95, 243.00
313.31, 252.00
313.66, 256.00
314.01, 267.00
314.36, 274.00
314.72, 274.00
315.07, 306.00
315.42, 340.00
315.77, 376.00
316.13, 310.00
316.48, 255.00
316.83, 206.00
317.18, 184.00
317.54, 169.00
317.89, 159.00
318.24, 161.00
318.59, 163.00
318.94, 161.00
319.30, 156.00
319.65, 165.00
320.00, 161.00
320.35, 161.00
320.70, 157.00
321.05, 159.00
321.41, 162.00
321.76, 155.00
322.11, 154.00
322.46, 161.00
322.81, 200.00
323.17, 159.00
323.52, 158.00
323.87, 159.00
324.22, 158.00
324.57, 157.00
324.92, 157.00
325.27, 156.00
325.63, 163.00
325.98, 158.00
326.33, 166.00
326.68, 157.00
327.03, 162.00
327.38, 164.00
327.73, 161.00
328.09, 170.00
328.44, 200.00
328.79, 173.00
329.14, 209.00
329.49, 179.00
329.84, 180.00
330.19, 179.00
330.54, 180.00
330.89, 182.00
331.25, 177.00
331.60, 171.00
331.95, 168.00
332.30, 161.00
332.65, 166.00
333.00, 174.00
333.35, 214.00
333.70, 214.00
334.05, 179.00
334.40, 184.00
334.75, 185.00
335.10, 207.00
335.45, 262.00
335.81, 346.00
336.16, 463.00
336.51, 593.00
336.86, 625.00
337.21, 561.00
337.56, 407.00
337.91, 295.00
338.26, 216.00
338.61, 179.00
338.96, 169.00
339.31, 157.00
339.66, 164.00
340.01, 168.00
340.36, 165.00
340.71, 162.00
341.06, 159.00
341.41, 162.00
341.76, 156.00
342.11, 164.00
342.46, 163.00
342.81, 165.00
343.16, 161.00
343.51, 162.00
343.86, 156.00
344.21, 162.00
344.56, 161.00
344.91, 156.00
345.26, 160.00
345.61, 158.00
345.96, 154.00
346.31, 155.00
346.66, 181.00
347.01, 163.00
347.36, 178.00
347.71, 157.00
348.06, 151.00
348.41, 166.00
348.76, 175.00
349.10, 158.00
349.45, 177.00
349.80, 175.00
350.15, 174.00
350.50, 172.00
350.85, 183.00
351.20, 167.00
351.55, 195.00
351.90, 207.00
352.25, 226.00
352.60, 253.00
352.95, 304.00
353.30, 324.00
353.64, 302.00
353.99, 272.00
354.34, 249.00
354.69, 245.00
355.04, 266.00
355.39, 298.00
355.74, 345.00
356.09, 389.00
356.44, 435.00
356.78, 529.00
357.13, 578.00
357.48, 556.00
357.83, 442.00
358.18, 351.00
358.53, 265.00
358.88, 207.00
359.22, 191.00
359.57, 163.00
359.92, 160.00
360.27, 164.00
360.62, 164.00
360.97, 161.00
361.32, 163.00
361.66, 167.00
362.01, 165.00
362.36, 159.00
362.71, 163.00
363.06, 170.00
363.40, 165.00
363.75, 165.00
364.10, 166.00
364.45, 164.00
364.80, 170.00
365.14, 158.00
365.49, 172.00
365.84, 166.00
366.19, 165.00
366.54, 171.00
366.88, 179.00
367.23, 166.00
367.58, 213.00
367.93, 156.00
368.28, 162.00
368.62, 162.00
368.97, 167.00
369.32, 173.00
369.67, 170.00
370.01, 189.00
370.36, 188.00
370.71, 214.00
371.06, 185.00
371.40, 182.00
371.75, 168.00
372.10, 160.00
372.45, 161.00
372.79, 167.00
373.14, 171.00
373.49, 179.00
373.83, 203.00
374.18, 212.00
374.53, 243.00
374.88, 257.00
375.22, 259.00
375.57, 236.00
375.92, 210.00
376.26, 201.00
376.61, 175.00
376.96, 158.00
377.30, 173.00
377.65, 181.00
378.00, 174.00
378.35, 193.00
378.69, 215.00
379.04, 231.00
379.39, 285.00
379.73, 327.00
380.08, 326.00
380.43, 278.00
380.77, 233.00
381.12, 218.00
381.47, 195.00
381.81, 171.00
382.16, 166.00
382.50, 173.00
382.85, 235.00
383.20, 172.00
383.54, 176.00
383.89, 183.00
384.24, 181.00
384.58, 194.00
384.93, 213.00
385.27, 200.00
385.62, 205.00
385.97, 206.00
386.31, 203.00
386.66, 235.00
387.00, 213.00
387.35, 212.00
387.70, 235.00
388.04, 326.00
388.39, 332.00
388.73, 455.00
389.08, 640.00
389.43, 890.00
389.77, 1157.00
390.12, 1526.00
390.46, 2179.00
390.81, 2400.00
391.15, 2298.00
391.50, 1751.00
391.85, 1082.00
392.19, 705.00
392.54, 409.00
392.88, 257.00
393.23, 211.00
393.57, 202.00
393.92, 194.00
394.26, 183.00
394.61, 171.00
394.95, 165.00
395.30, 163.00
395.64, 155.00
395.99, 195.00
396.33, 167.00
396.68, 163.00
397.02, 161.00
397.37, 166.00
397.71, 171.00
398.06, 184.00
398.40, 186.00
398.75, 198.00
399.09, 208.00
399.44, 211.00
399.78, 190.00
400.13, 186.00
400.47, 167.00
400.82, 159.00
401.16, 153.00
401.51, 164.00
401.85, 164.00
402.20, 165.00
402.54, 158.00
402.88, 164.00
403.23, 162.00
403.57, 171.00
403.92, 196.00
404.26, 250.00
404.61, 225.00
404.95, 254.00
405.30, 213.00
405.64, 207.00
405.98, 217.00
406.33, 187.00
406.67, 164.00
407.02, 168.00
407.36, 177.00
407.70, 178.00
408.05, 173.00
408.39, 173.00
408.74, 178.00
409.08, 192.00
409.42, 179.00
409.77, 173.00
410.11, 179.00
410.46, 168.00
410.80, 178.00
411.14, 180.00
411.49, 188.00
411.83, 200.00
412.17, 182.00
412.52, 184.00
412.86, 191.00
413.20, 186.00
413.55, 187.00
413.89, 186.00
414.23, 179.00
414.58, 211.00
414.92, 170.00
415.26, 170.00
415.61, 169.00
415.95, 172.00
416.29, 175.00
416.64, 166.00
416.98, 172.00
417.32, 179.00
417.67, 197.00
418.01, 197.00
418.35, 210.00
418.70, 227.00
419.04, 257.00
419.38, 245.00
419.72, 232.00
420.07, 223.00
420.41, 190.00
420.75, 184.00
421.10, 173.00
421.44, 175.00
421.78, 175.00
422.12, 174.00
422.47, 183.00
422.81, 195.00
423.15, 205.00
423.49, 203.00
423.84, 197.00
424.18, 209.00
424.52, 225.00
424.86, 276.00
425.21, 360.00
425.55, 418.00
425.89, 499.00
426.23, 617.00
426.57, 820.00
426.92, 934.00
427.26, 1018.00
427.60, 857.00
427.94, 583.00
428.28, 424.00
428.63, 325.00
428.97, 246.00
429.31, 202.00
429.65, 174.00
429.99, 170.00
430.34, 160.00
430.68, 167.00
431.02, 172.00
431.36, 162.00
431.70, 161.00
432.04, 162.00
432.39, 162.00
432.73, 174.00
433.07, 174.00
433.41, 174.00
433.75, 185.00
434.09, 180.00
434.43, 192.00
434.78, 245.00
435.12, 296.00
435.46, 328.00
435.80, 302.00
436.14, 276.00
436.48, 240.00
436.82, 234.00
437.16, 206.00
437.51, 183.00
437.85, 189.00
438.19, 219.00
438.53, 180.00
438.87, 188.00
439.21, 184.00
439.55, 184.00
439.89, 193.00
440.23, 186.00
440.57, 191.00
440.91, 195.00
441.26, 187.00
441.60, 181.00
441.94, 182.00
442.28, 180.00
442.62, 183.00
442.96, 168.00
443.30, 172.00
443.64, 173.00
443.98, 169.00
444.32, 167.00
444.66, 171.00
445.00, 170.00
445.34, 174.00
445.68, 172.00
446.02, 176.00
446.36, 166.00
446.70, 172.00
447.04, 172.00
447.38, 193.00
447.72, 170.00
448.06, 176.00
448.40, 177.00
448.74, 165.00
449.08, 173.00
449.42, 173.00
449.76, 177.00
450.10, 167.00
450.44, 169.00
450.78, 173.00
451.12, 171.00
451.46, 170.00
451.80, 178.00
452.14, 163.00
452.48, 162.00
452.82, 171.00
453.16, 162.00
453.50, 167.00
453.84, 165.00
454.18, 193.00
454.52, 175.00
454.86, 172.00
455.19, 183.00
455.53, 174.00
455.87, 169.00
456.21, 180.00
456.55, 181.00
456.89, 175.00
457.23, 182.00
457.57, 178.00
457.91, 179.00
458.25, 184.00
458.59, 192.00
458.92, 207.00
459.26, 209.00
459.60, 214.00
459.94, 196.00
460.28, 180.00
460.62, 180.00
460.96, 173.00
461.30, 167.00
461.63, 165.00
461.97, 169.00
462.31, 165.00
462.65, 173.00
462.99, 174.00
463.33, 176.00
463.67, 173.00
464.00, 179.00
464.34, 174.00
464.68, 172.00
465.02, 189.00
465.36, 184.00
465.70, 173.00
466.03, 183.00
466.37, 172.00
466.71, 185.00
467.05, 193.00
467.39, 207.00
467.72, 218.00
468.06, 231.00
468.40, 252.00
468.74, 265.00
469.08, 283.00
469.41, 312.00
469.75, 355.00
470.09, 381.00
470.43, 381.00
470.76, 322.00
471.10, 282.00
471.44, 253.00
471.78, 229.00
472.11, 219.00
472.45, 209.00
472.79, 192.00
473.13, 189.00
473.46, 196.00
473.80, 179.00
474.14, 177.00
474.48, 181.00
474.81, 181.00
475.15, 171.00
475.49, 180.00
475.82, 181.00
476.16, 175.00
476.50, 171.00
476.84, 175.00
477.17, 171.00
477.51, 167.00
477.85, 163.00
478.18, 183.00
478.52, 169.00
478.86, 218.00
479.19, 176.00
479.53, 168.00
479.87, 208.00
480.20, 181.00
480.54, 176.00
480.88, 175.00
481.21, 172.00
481.55, 173.00
481.89, 178.00
482.22, 178.00
482.56, 188.00
482.90, 189.00
483.23, 196.00
483.57, 197.00
483.90, 197.00
484.24, 200.00
484.58, 206.00
484.91, 213.00
485.25, 221.00
485.58, 222.00
485.92, 231.00
486.26, 231.00
486.59, 236.00
486.93, 234.00
487.26, 232.00
487.60, 239.00
487.94, 232.00
488.27, 225.00
488.61, 226.00
488.94, 233.00
489.28, 219.00
489.61, 218.00
489.95, 219.00
490.29, 220.00
490.62, 221.00
490.96, 221.00
491.29, 221.00
491.63, 206.00
491.96, 212.00
492.30, 207.00
492.63, 210.00
492.97, 207.00
493.30, 204.00
493.64, 199.00
493.97, 200.00
494.31, 198.00
494.64, 206.00
494.98, 206.00
495.31, 196.00
495.65, 199.00
495.98, 206.00
496.32, 201.00
496.65, 225.00
496.99, 203.00
497.32, 190.00
497.66, 188.00
497.99, 183.00
498.33, 181.00
498.66, 176.00
499.00, 182.00
499.33, 183.00
499.67, 171.00
500.00, 180.00
500.34, 186.00
500.67, 189.00
501.00, 197.00
501.34, 184.00
501.67, 177.00
502.01, 171.00
502.34, 178.00
502.68, 183.00
503.01, 182.00
503.34, 184.00
503.68, 184.00
504.01, 184.00
504.35, 178.00
504.68, 194.00
505.01, 183.00
505.35, 188.00
505.68, 183.00
506.02, 187.00
506.35, 190.00
506.68, 200.00
507.02, 191.00
507.35, 184.00
507.68, 187.00
508.02, 182.00
508.35, 188.00
508.69, 187.00
509.02, 176.00
509.35, 177.00
509.69, 178.00
510.02, 180.00
510.35, 178.00
510.69, 163.00
511.02, 173.00
511.35, 170.00
511.69, 181.00
512.02, 166.00
512.35, 174.00
512.68, 174.00
513.02, 175.00
513.35, 173.00
513.68, 170.00
514.02, 176.00
514.35, 169.00
514.68, 172.00
515.01, 168.00
515.35, 170.00
515.68, 159.00
516.01, 161.00
516.35, 163.00
516.68, 165.00
517.01, 167.00
517.34, 166.00
517.68, 165.00
518.01, 174.00
518.34, 163.00
518.67, 169.00
519.01, 172.00
519.34, 176.00
519.67, 193.00
520.00, 182.00
520.33, 179.00
520.67, 179.00
521.00, 182.00
521.33, 192.00
521.66, 206.00
522.00, 200.00
522.33, 198.00
522.66, 173.00
522.99, 180.00
523.32, 187.00
523.65, 181.00
523.99, 180.00
524.32, 179.00
524.65, 174.00
524.98, 180.00
525.31, 174.00
525.65, 202.00
525.98, 178.00
526.31, 175.00
526.64, 186.00
526.97, 180.00
527.30, 177.00
527.63, 173.00
527.97, 167.00
528.30, 165.00
528.63, 175.00
528.96, 199.00
529.29, 169.00
529.62, 178.00
529.95, 167.00
530.28, 162.00
530.61, 160.00
530.95, 162.00
531.28, 163.00
531.61, 177.00
531.94, 183.00
532.27, 190.00
532.60, 192.00
532.93, 183.00
533.26, 181.00
533.59, 176.00
533.92, 176.00
534.25, 165.00
534.58, 202.00
534.91, 169.00
535.25, 164.00
535.58, 167.00
535.91, 170.00
536.24, 169.00
536.57, 179.00
536.90, 177.00
537.23, 182.00
537.56, 226.00
537.89, 197.00
538.22, 196.00
538.55, 195.00
538.88, 206.00
539.21, 330.00
539.54, 226.00
539.87, 238.00
540.20, 261.00
540.53, 282.00
540.86, 362.00
541.19, 357.00
541.52, 394.00
541.85, 423.00
542.18, 451.00
542.51, 453.00
542.84, 462.00
543.17, 461.00
543.50, 443.00
543.82, 440.00
544.15, 434.00
544.48, 420.00
544.81, 445.00
545.14, 498.00
545.47, 460.00
545.80, 445.00
546.13, 359.00
546.46, 364.00
546.79, 331.00
547.12, 282.00
547.45, 267.00
547.78, 274.00
548.10, 261.00
548.43, 254.00
548.76, 246.00
549.09, 243.00
549.42, 234.00
549.75, 235.00
550.08, 232.00
550.41, 226.00
550.74, 227.00
551.06, 221.00
551.39, 224.00
551.72, 215.00
552.05, 211.00
552.38, 207.00
552.71, 199.00
553.03, 204.00
553.36, 196.00
553.69, 192.00
554.02, 187.00
554.35, 183.00
554.68, 181.00
555.00, 188.00
555.33, 187.00
555.66, 180.00
555.99, 192.00
556.32, 184.00
556.64, 187.00
556.97, 196.00
557.30, 191.00
557.63, 197.00
557.96, 197.00
558.28, 199.00
558.61, 198.00
558.94, 200.00
559.27, 200.00
559.59, 198.00
559.92, 188.00
560.25, 192.00
560.58, 188.00
560.90, 198.00
561.23, 193.00
561.56, 184.00
561.89, 196.00
562.21, 188.00
562.54, 182.00
562.87, 180.00
563.20, 179.00
563.52, 171.00
563.85, 171.00
564.18, 186.00
564.50, 175.00
564.83, 203.00
565.16, 214.00
565.48, 161.00
565.81, 173.00
566.14, 158.00
566.47, 160.00
566.79, 168.00
567.12, 162.00
567.45, 184.00
567.77, 154.00
568.10, 161.00
568.43, 169.00
568.75, 154.00
569.08, 160.00
569.40, 196.00
569.73, 167.00
570.06, 167.00
570.38, 163.00
570.71, 154.00
571.04, 160.00
571.36, 164.00
571.69, 167.00
572.01, 165.00
572.34, 163.00
572.67, 164.00
572.99, 164.00
573.32, 177.00
573.64, 163.00
573.97, 162.00
574.30, 164.00
574.62, 163.00
574.95, 163.00
575.27, 167.00
575.60, 167.00
575.92, 174.00
576.25, 179.00
576.58, 182.00
576.90, 172.00
577.23, 205.00
577.55, 172.00
577.88, 181.00
578.20, 179.00
578.53, 182.00
578.85, 199.00
579.18, 201.00
579.50, 195.00
579.83, 193.00
580.15, 194.00
580.48, 192.00
580.80, 195.00
581.13, 196.00
581.45, 197.00
581.78, 196.00
582.10, 209.00
582.43, 211.00
582.75, 214.00
583.08, 207.00
583.40, 206.00
583.73, 274.00
584.05, 210.00
584.38, 201.00
584.70, 244.00
585.03, 203.00
585.35, 208.00
585.67, 208.00
586.00, 232.00
586.32, 254.00
586.65, 263.00
586.97, 260.00
587.30, 252.00
587.62, 230.00
587.94, 244.00
588.27, 216.00
588.59, 215.00
588.92, 201.00
589.24, 200.00
589.56, 201.00
589.89, 211.00
590.21, 191.00
590.54, 185.00
590.86, 190.00
591.18, 189.00
591.51, 193.00
591.83, 207.00
592.15, 207.00
592.48, 203.00
592.80, 206.00
593.13, 204.00
593.45, 197.00
593.77, 199.00
594.10, 192.00
594.42, 195.00
594.74, 197.00
595.07, 195.00
595.39, 193.00
595.71, 205.00
596.03, 201.00
596.36, 201.00
596.68, 210.00
597.00, 209.00
597.33, 207.00
597.65, 213.00
597.97, 216.00
598.30, 216.00
598.62, 214.00
598.94, 217.00
599.26, 213.00
599.59, 220.00
599.91, 217.00
600.23, 209.00
600.55, 207.00
600.88, 194.00
601.20, 192.00
601.52, 191.00
601.84, 183.00
602.17, 180.00
602.49, 176.00
602.81, 175.00
603.13, 181.00
603.45, 176.00
603.78, 172.00
604.10, 172.00
604.42, 171.00
604.74, 170.00
605.07, 175.00
605.39, 172.00
605.71, 164.00
606.03, 177.00
606.35, 171.00
606.67, 181.00
607.00, 186.00
607.32, 180.00
607.64, 185.00
607.96, 178.00
608.28, 194.00
608.60, 200.00
608.93, 211.00
609.25, 246.00
609.57, 292.00
609.89, 377.00
610.21, 437.00
610.53, 482.00
610.85, 495.00
611.17, 453.00
611.50, 425.00
611.82, 384.00
612.14, 360.00
612.46, 327.00
612.78, 316.00
613.10, 304.00
613.42, 278.00
613.74, 286.00
614.06, 299.00
614.38, 282.00
614.70, 271.00
615.03, 269.00
615.35, 262.00
615.67, 337.00
615.99, 227.00
616.31, 213.00
616.63, 211.00
616.95, 199.00
617.27, 201.00
617.59, 187.00
617.91, 194.00
618.23, 201.00
618.55, 187.00
618.87, 187.00
619.19, 193.00
619.51, 189.00
619.83, 191.00
620.15, 191.00
620.47, 193.00
620.79, 190.00
621.11, 187.00
621.43, 187.00
621.75, 190.00
622.07, 192.00
622.39, 181.00
622.71, 180.00
623.03, 186.00
623.35, 223.00
623.67, 182.00
623.99, 184.00
624.31, 183.00
624.63, 192.00
624.95, 174.00
625.26, 178.00
625.58, 181.00
625.90, 207.00
626.22, 179.00
626.54, 179.00
626.86, 186.00
627.18, 179.00
627.50, 180.00
627.82, 178.00
628.14, 182.00
628.46, 185.00
628.77, 179.00
629.09, 191.00
629.41, 195.00
629.73, 203.00
630.05, 210.00
630.37, 210.00
630.69, 209.00
631.00, 207.00
631.32, 201.00
631.64, 189.00
631.96, 188.00
632.28, 183.00
632.60, 179.00
632.92, 180.00
633.23, 178.00
633.55, 181.00
633.87, 178.00
634.19, 177.00
634.51, 177.00
634.82, 196.00
635.14, 196.00
635.46, 194.00
635.78, 188.00
636.10, 189.00
636.41, 192.00
636.73, 191.00
637.05, 191.00
637.37, 186.00
637.68, 188.00
638.00, 187.00
638.32, 196.00
638.64, 201.00
638.95, 215.00
639.27, 207.00
639.59, 205.00
639.91, 193.00
640.22, 197.00
640.54, 192.00
640.86, 185.00
641.18, 188.00
641.49, 199.00
641.81, 182.00
642.13, 183.00
642.44, 167.00
642.76, 168.00
643.08, 168.00
643.40, 168.00
643.71, 174.00
644.03, 177.00
644.35, 180.00
644.66, 178.00
644.98, 181.00
645.30, 178.00
645.61, 186.00
645.93, 164.00
646.25, 170.00
646.56, 172.00
646.88, 190.00
647.19, 163.00
647.51, 168.00
647.83, 160.00
648.14, 162.00
648.46, 159.00
648.78, 163.00
649.09, 162.00
649.41, 203.00
649.72, 167.00
650.04, 175.00
650.36, 167.00
650.67, 168.00
650.99, 167.00
651.30, 167.00
651.62, 170.00
651.93, 169.00
652.25, 177.00
652.57, 204.00
652.88, 169.00
653.20, 170.00
653.51, 166.00
653.83, 170.00
654.14, 163.00
654.46, 167.00
654.77, 163.00
655.09, 173.00
655.40, 177.00
655.72, 171.00
656.04, 159.00
656.35, 166.00
656.67, 161.00
656.98, 164.00
657.30, 164.00
657.61, 163.00
657.93, 164.00
658.24, 164.00
658.55, 201.00
658.87, 172.00
659.18, 172.00
659.50, 167.00
659.81, 172.00
660.13, 166.00
660.44, 166.00
660.76, 169.00
661.07, 187.00
661.39, 169.00
661.70, 168.00
662.01, 167.00
662.33, 165.00
662.64, 170.00
662.96, 162.00
663.27, 158.00
663.59, 157.00
663.90, 158.00
664.21, 159.00
664.53, 180.00
664.84, 159.00
665.16, 182.00
665.47, 155.00
665.78, 160.00
666.10, 167.00
666.41, 171.00
666.72, 188.00
667.04, 193.00
667.35, 187.00
667.67, 184.00
667.98, 178.00
668.29, 168.00
668.61, 173.00
668.92, 174.00
669.23, 166.00
669.55, 164.00
669.86, 189.00
670.17, 162.00
670.48, 164.00
670.80, 163.00
671.11, 157.00
671.42, 156.00
671.74, 156.00
672.05, 156.00
672.36, 165.00
672.68, 157.00
672.99, 160.00
673.30, 153.00
673.61, 161.00
673.93, 161.00
674.24, 158.00
674.55, 162.00
674.86, 166.00
675.18, 167.00
675.49, 165.00
675.80, 163.00
676.11, 167.00
676.43, 165.00
676.74, 172.00
677.05, 166.00
677.36, 172.00
677.67, 165.00
677.99, 167.00
678.30, 165.00
678.61, 167.00
678.92, 160.00
679.23, 165.00
679.55, 169.00
679.86, 163.00
680.17, 164.00
680.48, 171.00
680.79, 173.00
681.10, 156.00
681.42, 167.00
681.73, 158.00
682.04, 157.00
682.35, 159.00
682.66, 167.00
682.97, 161.00
683.28, 161.00
683.60, 164.00
683.91, 159.00
684.22, 179.00
684.53, 160.00
684.84, 153.00
685.15, 170.00
685.46, 179.00
685.77, 158.00
686.08, 159.00
686.40, 197.00
686.71, 164.00
687.02, 154.00
687.33, 161.00
687.64, 157.00
687.95, 154.00
688.26, 159.00
688.57, 151.00
688.88, 157.00
689.19, 146.00
689.50, 149.00
689.81, 150.00
690.12, 148.00
690.43, 166.00
690.74, 153.00
691.05, 147.00
691.36, 164.00
691.67, 153.00
691.98, 157.00
692.29, 153.00
692.60, 157.00
692.91, 154.00
693.22, 151.00
693.53, 156.00
693.84, 159.00
694.15, 147.00
694.46, 148.00
694.77, 152.00
695.08, 156.00
695.39, 162.00
695.70, 154.00
696.01, 157.00
696.32, 150.00
696.63, 154.00
696.94, 159.00
697.25, 154.00
697.56, 154.00
697.87, 158.00
698.17, 193.00
698.48, 156.00
698.79, 147.00
699.10, 151.00
699.41, 158.00
699.72, 150.00
700.03, 157.00
700.34, 153.00
700.65, 159.00
700.95, 157.00
701.26, 154.00
701.57, 149.00
701.88, 157.00
702.19, 170.00
702.50, 159.00
702.81, 155.00
703.11, 178.00
703.42, 157.00
703.73, 160.00
704.04, 161.00
704.35, 171.00
704.66, 191.00
704.96, 269.00
705.27, 373.00
705.58, 434.00
705.89, 449.00
706.20, 369.00
706.50, 317.00
706.81, 298.00
707.12, 265.00
707.43, 237.00
707.73, 214.00
708.04, 181.00
708.35, 180.00
708.66, 167.00
708.97, 163.00
709.27, 161.00
709.58, 158.00
709.89, 154.00
710.19, 155.00
710.50, 161.00
710.81, 159.00
711.12, 156.00
711.42, 159.00
711.73, 161.00
712.04, 161.00
712.35, 156.00
712.65, 155.00
712.96, 156.00
713.27, 157.00
713.57, 175.00
713.88, 171.00
714.19, 158.00
714.49, 151.00
714.80, 157.00
715.11, 149.00
715.41, 153.00
715.72, 153.00
716.03, 148.00
716.33, 156.00
716.64, 150.00
716.94, 155.00
717.25, 152.00
717.56, 167.00
717.86, 154.00
718.17, 151.00
718.48, 149.00
718.78, 155.00
719.09, 154.00
719.39, 149.00
719.70, 150.00
720.01, 141.00
720.31, 147.00
720.62, 147.00
720.92, 145.00
721.23, 155.00
721.53, 154.00
721.84, 150.00
722.15, 157.00
722.45, 150.00
722.76, 149.00
723.06, 152.00
723.37, 151.00
723.67, 150.00
723.98, 150.00
724.28, 152.00
724.59, 154.00
724.89, 160.00
725.20, 154.00
725.50, 163.00
725.81, 153.00
726.11, 156.00
726.42, 158.00
726.72, 165.00
727.03, 209.00
727.33, 174.00
727.64, 175.00
727.94, 168.00
728.25, 165.00
728.55, 161.00
728.86, 173.00
729.16, 156.00
729.46, 155.00
729.77, 153.00
730.07, 150.00
730.38, 154.00
730.68, 148.00
730.99, 160.00
731.29, 149.00
731.59, 153.00
731.90, 150.00
732.20, 157.00
732.51, 157.00
732.81, 149.00
733.11, 150.00
733.42, 150.00
733.72, 155.00
734.02, 157.00
734.33, 149.00
734.63, 151.00
734.94, 149.00
735.24, 150.00
735.54, 151.00
735.85, 151.00
736.15, 152.00
736.45, 148.00
736.76, 154.00
737.06, 155.00
737.36, 152.00
737.67, 150.00
737.97, 146.00
738.27, 150.00
738.57, 154.00
738.88, 150.00
739.18, 184.00
739.48, 158.00
739.79, 153.00
740.09, 151.00
740.39, 153.00
740.69, 155.00
741.00, 151.00
741.30, 157.00
741.60, 157.00
741.90, 147.00
742.21, 150.00
742.51, 191.00
742.81, 153.00
743.11, 152.00
743.42, 177.00
743.72, 149.00
744.02, 155.00
744.32, 153.00
744.63, 156.00
744.93, 158.00
745.23, 158.00
745.53, 153.00
745.83, 154.00
746.13, 151.00
746.44, 153.00
746.74, 151.00
747.04, 157.00
747.34, 154.00
747.64, 153.00
747.94, 154.00
748.25, 149.00
748.55, 154.00
748.85, 154.00
749.15, 158.00
749.45, 183.00
749.75, 159.00
750.05, 160.00
750.35, 153.00
750.66, 166.00
750.96, 152.00
751.26, 142.00
751.56, 154.00
751.86, 155.00
752.16, 152.00
752.46, 151.00
752.76, 144.00
753.06, 147.00
753.36, 186.00
753.66, 148.00
753.96, 153.00
754.27, 152.00
754.57, 154.00
754.87, 154.00
755.17, 145.00
755.47, 150.00
755.77, 151.00
756.07, 147.00
756.37, 156.00
756.67, 159.00
756.97, 155.00
757.27, 155.00
757.57, 146.00
757.87, 151.00
758.17, 149.00
758.47, 153.00
758.77, 162.00
759.07, 151.00
759.37, 158.00
759.67, 154.00
759.97, 155.00
760.27, 149.00
760.57, 154.00
760.86, 146.00
761.16, 152.00
761.46, 145.00
761.76, 177.00
762.06, 151.00
762.36, 161.00
762.66, 153.00
762.96, 150.00
763.26, 157.00
763.56, 180.00
763.86, 159.00
764.16, 149.00
764.45, 162.00
764.75, 154.00
765.05, 148.00
765.35, 145.00
765.65, 149.00
765.95, 149.00
766.25, 154.00
766.55, 158.00
766.84, 151.00
767.14, 149.00
767.44, 151.00
767.74, 154.00
768.04, 157.00
768.34, 147.00
768.63, 151.00
768.93, 146.00
769.23, 153.00
769.53, 151.00
769.83, 152.00
770.12, 150.00
770.42, 154.00
770.72, 148.00
771.02, 151.00
771.32, 155.00
771.61, 144.00
771.91, 160.00
772.21, 155.00
772.51, 149.00
772.80, 148.00
773.10, 149.00
773.40, 155.00
773.70, 152.00
773.99, 154.00
774.29, 158.00
774.59, 168.00
774.88, 152.00
775.18, 162.00
775.48, 228.00
775.78, 407.00
776.07, 559.00
776.37, 635.00
776.67, 586.00
776.96, 446.00
777.26, 397.00
777.56, 298.00
777.85, 276.00
778.15, 255.00
778.45, 243.00
778.74, 219.00
779.04, 202.00
779.34, 179.00
779.63, 172.00
779.93, 158.00
780.22, 152.00
780.52, 154.00
780.82, 151.00
781.11, 147.00
781.41, 147.00
781.71, 146.00
782.00, 152.00
782.30, 153.00
782.59, 159.00
782.89, 149.00
783.19, 147.00
783.48, 148.00
783.78, 152.00
784.07, 155.00
784.37, 155.00
784.66, 149.00
784.96, 152.00
785.25, 150.00
785.55, 142.00
785.84, 151.00
786.14, 148.00
786.44, 151.00
786.73, 150.00
787.03, 150.00
787.32, 147.00
787.62, 145.00
787.91, 151.00
788.21, 151.00
788.50, 150.00
788.80, 146.00
789.09, 153.00
789.39, 154.00
789.68, 143.00
789.97, 150.00
790.27, 148.00
790.56, 153.00
790.86, 158.00
791.15, 149.00
791.45, 141.00
791.74, 170.00
792.04, 152.00
792.33, 144.00
792.62, 178.00
792.92, 153.00
793.21, 143.00
793.51, 155.00
793.80, 148.00
794.09, 148.00
794.39, 146.00
794.68, 144.00
794.98, 146.00
795.27, 146.00
795.56, 149.00
795.86, 152.00
796.15, 151.00
796.44, 152.00
796.74, 146.00
797.03, 146.00
797.32, 152.00
797.62, 145.00
797.91, 160.00
798.20, 152.00
798.50, 156.00
798.79, 154.00
799.08, 144.00
799.38, 147.00
799.67, 154.00
799.96, 157.00
800.26, 167.00
800.55, 150.00
800.84, 148.00
801.13, 152.00
801.43, 152.00
801.72, 185.00
802.01, 149.00
802.30, 149.00
802.60, 149.00
802.89, 149.00
803.18, 150.00
803.47, 144.00
803.77, 156.00
804.06, 151.00
804.35, 150.00
804.64, 163.00
804.94, 142.00
805.23, 145.00
805.52, 149.00
805.81, 150.00
806.10, 148.00
806.39, 150.00
806.69, 146.00
806.98, 149.00
807.27, 148.00
807.56, 152.00
807.85, 153.00
808.14, 150.00
808.44, 157.00
808.73, 147.00
809.02, 164.00
809.31, 148.00
809.60, 152.00
809.89, 166.00
810.18, 148.00
810.48, 160.00
810.77, 147.00
811.06, 148.00
811.35, 144.00
811.64, 151.00
811.93, 166.00
812.22, 148.00
812.51, 144.00
812.80, 147.00
813.09, 150.00
813.38, 145.00
813.67, 168.00
813.96, 148.00
814.26, 147.00
814.55, 147.00
814.84, 146.00
815.13, 152.00
815.42, 148.00
815.71, 151.00
816.00, 145.00
816.29, 154.00
816.58, 152.00
816.87, 153.00
817.16, 146.00
817.45, 150.00
817.74, 153.00
818.03, 146.00
818.32, 151.00
818.61, 152.00
818.90, 153.00
819.19, 146.00
819.48, 151.00
819.76, 147.00
820.05, 152.00
820.34, 153.00
820.63, 152.00
820.92, 146.00
821.21, 144.00
821.50, 146.00
821.79, 143.00
822.08, 145.00
822.37, 149.00
822.66, 144.00
822.95, 151.00
823.23, 145.00
823.52, 163.00
823.81, 154.00
824.10, 144.00
824.39, 147.00
824.68, 151.00
824.97, 168.00
825.26, 145.00
825.54, 199.00
825.83, 151.00
826.12, 145.00
826.41, 147.00
826.70, 146.00
826.99, 158.00
827.27, 150.00
827.56, 164.00
827.85, 153.00
828.14, 148.00
828.43, 153.00
828.71, 155.00
829.00, 149.00
829.29, 146.00
829.58, 152.00
829.86, 146.00
830.15, 147.00
830.44, 151.00
830.73, 151.00
831.01, 149.00
831.30, 148.00
831.59, 154.00
831.88, 148.00
832.16, 146.00
832.45, 147.00
832.74, 147.00
833.03, 143.00
833.31, 148.00
833.60, 150.00
833.89, 152.00
834.17, 147.00
834.46, 147.00
834.75, 145.00
835.03, 144.00
835.32, 146.00
835.61, 152.00
835.89, 164.00
836.18, 149.00
836.47, 143.00
836.75, 152.00
837.04, 148.00
837.33, 158.00
837.61, 147.00
837.90, 151.00
838.19, 150.00
838.47, 150.00
838.76, 153.00
839.04, 147.00
839.33, 147.00
839.62, 149.00
839.90, 146.00
840.19, 148.00
840.47, 146.00
840.76, 171.00
841.04, 147.00
841.33, 149.00
841.62, 149.00
841.90, 141.00
842.19, 150.00
842.47, 174.00
842.76, 149.00
843.04, 154.00
843.33, 172.00
843.61, 164.00
843.90, 160.00
844.18, 171.00
844.47, 161.00
844.75, 166.00
845.04, 159.00
845.32, 157.00
845.61, 156.00
845.89, 159.00
846.18, 152.00
846.46, 155.00
846.75, 155.00
847.03, 162.00
847.32, 148.00
847.60, 150.00
847.88, 154.00
848.17, 148.00
848.45, 162.00
848.74, 150.00
849.02, 145.00
849.31, 147.00
849.59, 151.00
849.87, 149.00
850.16, 150.00
850.44, 157.00
850.73, 173.00
851.01, 156.00
851.29, 144.00
851.58, 153.00
851.86, 143.00
852.14, 146.00
852.43, 153.00
852.71, 148.00
853.00, 146.00
853.28, 154.00
853.56, 150.00
853.85, 150.00
854.13, 145.00
854.41, 148.00
854.69, 148.00
854.98, 148.00
855.26, 203.00
855.54, 147.00
855.83, 149.00
856.11, 151.00
856.39, 152.00
856.68, 149.00
856.96, 150.00
857.24, 152.00
857.52, 152.00
857.81, 149.00
858.09, 149.00
858.37, 151.00
858.65, 153.00
858.94, 148.00
859.22, 151.00
