190.05, 0.00
190.41, 140.00
190.77, 138.00
191.14, 136.00
191.50, 136.00
191.86, 158.00
192.22, 147.00
192.58, 150.00
192.94, 145.00
193.31, 147.00
193.67, 147.00
194.03, 159.00
194.39, 150.00
194.75, 149.00
195.11, 161.00
195.47, 158.00
195.84, 149.00
196.20, 150.00
196.56, 165.00
196.92, 149.00
197.28, 150.00
197.64, 146.00
198.00, 148.00
198.37, 153.00
198.73, 148.00
199.09, 147.00
199.45, 147.00
199.81, 154.00
200.17, 151.00
200.53, 147.00
200.89, 157.00
201.25, 186.00
201.62, 147.00
201.98, 152.00
202.34, 152.00
202.70, 157.00
203.06, 149.00
203.42, 152.00
203.78, 153.00
204.14, 148.00
204.50, 177.00
204.86, 161.00
205.22, 164.00
205.58, 152.00
205.95, 152.00
206.31, 152.00
206.67, 153.00
207.03, 149.00
207.39, 162.00
207.75, 148.00
208.11, 141.00
208.47, 148.00
208.83, 158.00
209.19, 152.00
209.55, 150.00
209.91, 153.00
210.27, 153.00
210.63, 151.00
210.99, 161.00
211.35, 149.00
211.71, 154.00
212.07, 150.00
212.43, 154.00
212.79, 153.00
213.15, 150.00
213.51, 150.00
213.87, 154.00
214.23, 145.00
214.59, 151.00
214.95, 147.00
215.31, 149.00
215.67, 151.00
216.03, 184.00
216.39, 146.00
216.75, 149.00
217.11, 153.00
217.47, 155.00
217.83, 149.00
218.19, 152.00
218.55, 154.00
218.91, 153.00
219.27, 153.00
219.63, 147.00
219.99, 148.00
220.35, 147.00
220.71, 157.00
221.07, 152.00
221.43, 151.00
221.79, 146.00
222.15, 151.00
222.51, 149.00
222.87, 153.00
223.23, 149.00
223.59, 151.00
223.95, 150.00
224.31, 151.00
224.67, 154.00
225.03, 156.00
225.39, 157.00
225.74, 157.00
226.10, 151.00
226.46, 148.00
226.82, 153.00
227.18, 154.00
227.54, 153.00
227.90, 151.00
228.26, 154.00
228.62, 158.00
228.98, 148.00
229.34, 149.00
229.69, 148.00
230.05, 145.00
230.41, 147.00
230.77, 155.00
231.13, 158.00
231.49, 154.00
231.85, 151.00
232.21, 155.00
232.57, 157.00
232.92, 151.00
233.28, 145.00
233.64, 152.00
234.00, 147.00
234.36, 147.00
234.72, 145.00
235.08, 151.00
235.44, 156.00
235.79, 151.00
236.15, 152.00
236.51, 150.00
236.87, 145.00
237.23, 148.00
237.59, 150.00
237.94, 159.00
238.30, 150.00
238.66, 151.00
239.02, 150.00
239.38, 144.00
239.74, 150.00
240.09, 157.00
240.45, 149.00
240.81, 149.00
241.17, 157.00
241.53, 149.00
241.89, 148.00
242.24, 146.00
242.60, 146.00
242.96, 157.00
243.32, 148.00
243.68, 146.00
244.03, 151.00
244.39, 149.00
244.75, 165.00
245.11, 151.00
245.46, 149.00
245.82, 177.00
246.18, 143.00
246.54, 152.00
246.90, 143.00
247.25, 147.00
247.61, 148.00
247.97, 186.00
248.33, 150.00
248.68, 145.00
249.04, 148.00
249.40, 151.00
249.76, 158.00
250.11, 151.00
250.47, 158.00
250.83, 151.00
251.19, 154.00
251.54, 158.00
251.90, 152.00
252.26, 155.00
252.62, 150.00
252.97, 150.00
253.33, 146.00
253.69, 151.00
254.05, 149.00
254.40, 146.00
254.76, 150.00
255.12, 168.00
255.47, 153.00
255.83, 153.00
256.19, 152.00
256.54, 147.00
256.90, 149.00
257.26, 148.00
257.62, 149.00
257.97, 149.00
258.33, 151.00
258.69, 150.00
259.04, 146.00
259.40, 152.00
259.76, 154.00
260.11, 152.00
260.47, 146.00
260.83, 153.00
261.18, 147.00
261.54, 161.00
261.90, 153.00
262.25, 149.00
262.61, 149.00
262.97, 141.00
263.32, 145.00
263.68, 148.00
264.04, 155.00
264.39, 149.00
264.75, 146.00
265.10, 150.00
265.46, 196.00
265.82, 163.00
266.17, 147.00
266.53, 143.00
266.89, 151.00
267.24, 161.00
267.60, 148.00
267.95, 143.00
268.31, 146.00
268.67, 147.00
269.02, 138.00
269.38, 147.00
269.74, 150.00
270.09, 146.00
270.45, 147.00
270.80, 174.00
271.16, 154.00
271.51, 160.00
271.87, 155.00
272.23, 161.00
272.58, 156.00
272.94, 148.00
273.29, 155.00
273.65, 197.00
274.00, 147.00
274.36, 151.00
274.72, 148.00
275.07, 152.00
275.43, 147.00
275.78, 154.00
276.14, 152.00
276.49, 155.00
276.85, 161.00
277.20, 173.00
277.56, 145.00
277.92, 152.00
278.27, 150.00
278.63, 161.00
278.98, 158.00
279.34, 149.00
279.69, 149.00
280.05, 167.00
280.40, 160.00
280.76, 171.00
281.11, 164.00
281.47, 156.00
281.82, 163.00
282.18, 164.00
282.53, 164.00
282.89, 174.00
283.24, 169.00
283.60, 167.00
283.95, 173.00
284.31, 179.00
284.66, 186.00
285.02, 185.00
285.37, 191.00
285.73, 181.00
286.08, 192.00
286.44, 164.00
286.79, 170.00
287.14, 171.00
287.50, 159.00
287.85, 162.00
288.21, 161.00
288.56, 163.00
288.92, 168.00
289.27, 167.00
289.63, 162.00
289.98, 173.00
290.34, 169.00
290.69, 169.00
291.04, 157.00
291.40, 159.00
291.75, 160.00
292.11, 162.00
292.46, 160.00
292.81, 164.00
293.17, 168.00
293.52, 177.00
293.88, 182.00
294.23, 193.00
294.59, 211.00
294.94, 224.00
295.29, 238.00
295.65, 241.00
296.00, 262.00
296.36, 230.00
296.71, 227.00
297.06, 232.00
297.42, 231.00
297.77, 223.00
298.12, 212.00
298.48, 196.00
298.83, 198.00
299.19, 209.00
299.54, 214.00
299.89, 214.00
300.25, 212.00
300.60, 208.00
300.95, 201.00
301.31, 178.00
301.66, 173.00
302.01, 180.00
302.37, 174.00
302.72, 170.00
303.07, 180.00
303.43, 185.00
303.78, 186.00
304.13, 200.00
304.49, 203.00
304.84, 201.00
305.19, 232.00
305.55, 196.00
305.90, 233.00
306.25, 307.00
306.61, 433.00
306.96, 527.00
307.31, 672.00
307.66, 935.00
308.02, 1242.00
308.37, 1486.00
308.72, 1690.00
309.08, 1686.00
309.43, 1593.00
309.78, 1356.00
310.13, 1180.00
310.49, 1003.00
310.84, 791.00
311.19, 712.00
311.54, 620.00
311.90, 541.00
312.25, 486.00
312.60, 500.00
312.95, 583.00
313.31, 653.00
313.66, 646.00
314.01, 639.00
314.36, 665.00
314.72, 764.00
315.07, 991.00
315.42, 1179.00
315.77, 1219.00
316.13, 981.00
316.48, 671.00
316.83, 453.00
317.18, 333.00
317.54, 269.00
317.89, 225.00
318.24, 216.00
318.59, 209.00
318.94, 204.00
319.30, 206.00
319.65, 216.00
320.00, 206.00
320.35, 214.00
320.70, 214.00
321.05, 213.00
321.41, 216.00
321.76, 206.00
322.11, 202.00
322.46, 196.00
322.81, 235.00
323.17, 196.00
323.52, 187.00
323.87, 190.00
324.22, 196.00
324.57, 203.00
324.92, 207.00
325.27, 219.00
325.63, 225.00
325.98, 242.00
326.33, 241.00
326.68, 249.00
327.03, 238.00
327.38, 240.00
327.73, 253.00
328.09, 266.00
328.44, 290.00
328.79, 248.00
329.14, 276.00
329.49, 221.00
329.84, 225.00
330.19, 239.00
330.54, 237.00
330.89, 234.00
331.25, 213.00
331.60, 213.00
331.95, 221.00
332.30, 216.00
332.65, 232.00
333.00, 264.00
333.35, 330.00
333.70, 334.00
334.05, 326.00
334.40, 365.00
334.75, 434.00
335.10, 614.00
335.45, 885.00
335.81, 1255.00
336.16, 1822.00
336.51, 2485.00
336.86, 2516.00
337.21, 2188.00
337.56, 1333.00
337.91, 809.00
338.26, 499.00
338.61, 330.00
338.96, 268.00
339.31, 234.00
339.66, 228.00
340.01, 219.00
340.36, 207.00
340.71, 194.00
341.06, 190.00
341.41, 202.00
341.76, 196.00
342.11, 193.00
342.46, 197.00
342.81, 206.00
343.16, 199.00
343.51, 201.00
343.86, 207.00
344.21, 202.00
344.56, 207.00
344.91, 201.00
345.26, 214.00
345.61, 205.00
345.96, 198.00
346.31, 196.00
346.66, 225.00
347.01, 202.00
347.36, 221.00
347.71, 199.00
348.06, 204.00
348.41, 229.00
348.76, 246.00
349.10, 258.00
349.45, 288.00
349.80, 272.00
350.15, 270.00
350.50, 256.00
350.85, 271.00
351.20, 282.00
351.55, 336.00
351.90, 416.00
352.25, 503.00
352.60, 666.00
352.95, 868.00
353.30, 937.00
353.64, 817.00
353.99, 626.00
354.34, 514.00
354.69, 461.00
355.04, 477.00
355.39, 578.00
355.74, 752.00
356.09, 1009.00
356.44, 1304.00
356.78, 1792.00
357.13, 2040.00
357.48, 1908.00
357.83, 1465.00
358.18, 955.00
358.53, 597.00
358.88, 368.00
359.22, 281.00
359.57, 226.00
359.92, 222.00
360.27, 218.00
360.62, 217.00
360.97, 215.00
361.32, 212.00
361.66, 204.00
362.01, 212.00
362.36, 214.00
362.71, 216.00
363.06, 228.00
363.40, 226.00
363.75, 224.00
364.10, 232.00
364.45, 227.00
364.80, 231.00
365.14, 222.00
365.49, 246.00
365.84, 234.00
366.19, 258.00
366.54, 269.00
366.88, 284.00
367.23, 251.00
367.58, 286.00
367.93, 227.00
368.28, 223.00
368.62, 223.00
368.97, 246.00
369.32, 274.00
369.67, 295.00
370.01, 370.00
370.36, 391.00
370.71, 409.00
371.06, 356.00
371.40, 310.00
371.75, 263.00
372.10, 249.00
372.45, 255.00
372.79, 268.00
373.14, 318.00
373.49, 378.00
373.83, 448.00
374.18, 575.00
374.53, 728.00
374.88, 808.00
375.22, 812.00
375.57, 648.00
375.92, 489.00
376.26, 361.00
376.61, 290.00
376.96, 254.00
377.30, 277.00
377.65, 309.00
378.00, 340.00
378.35, 421.00
378.69, 523.00
379.04, 645.00
379.39, 875.00
379.73, 1029.00
380.08, 1021.00
380.43, 777.00
380.77, 556.00
381.12, 471.00
381.47, 353.00
381.81, 277.00
382.16, 247.00
382.50, 239.00
382.85, 299.00
383.20, 225.00
383.54, 233.00
383.89, 242.00
384.24, 246.00
384.58, 262.00
384.93, 299.00
385.27, 284.00
385.62, 288.00
385.97, 282.00
386.31, 276.00
386.66, 307.00
387.00, 286.00
387.35, 292.00
387.70, 323.00
388.04, 421.00
388.39, 430.00
388.73, 507.00
389.08, 573.00
389.43, 646.00
389.77, 718.00
390.12, 845.00
390.46, 1116.00
390.81, 1224.00
391.15, 1219.00
391.50, 946.00
391.85, 650.00
392.19, 497.00
392.54, 383.00
392.88, 335.00
393.23, 368.00
393.57, 360.00
393.92, 371.00
394.26, 325.00
394.61, 286.00
394.95, 261.00
395.30, 218.00
395.64, 226.00
395.99, 261.00
396.33, 233.00
396.68, 249.00
397.02, 258.00
397.37, 283.00
397.71, 325.00
398.06, 363.00
398.40, 407.00
398.75, 488.00
399.09, 528.00
399.44, 533.00
399.78, 448.00
400.13, 356.00
400.47, 293.00
400.82, 244.00
401.16, 220.00
401.51, 227.00
401.85, 215.00
402.20, 230.00
402.54, 245.00
402.88, 248.00
403.23, 271.00
403.57, 286.00
403.92, 338.00
404.26, 435.00
404.61, 425.00
404.95, 522.00
405.30, 490.00
405.64, 439.00
405.98, 390.00
406.33, 324.00
406.67, 276.00
407.02, 248.00
407.36, 242.00
407.70, 247.00
408.05, 244.00
408.39, 257.00
408.74, 267.00
409.08, 275.00
409.42, 258.00
409.77, 258.00
410.11, 248.00
410.46, 229.00
410.80, 242.00
411.14, 251.00
411.49, 259.00
411.83, 269.00
412.17, 269.00
412.52, 278.00
412.86, 291.00
413.20, 311.00
413.55, 305.00
413.89, 292.00
414.23, 272.00
414.58, 285.00
414.92, 230.00
415.26, 235.00
415.61, 233.00
415.95, 235.00
416.29, 239.00
416.64, 243.00
416.98, 255.00
417.32, 260.00
417.67, 287.00
418.01, 296.00
418.35, 310.00
418.70, 344.00
419.04, 396.00
419.38, 377.00
419.72, 374.00
420.07, 330.00
420.41, 284.00
420.75, 259.00
421.10, 249.00
421.44, 243.00
421.78, 240.00
422.12, 242.00
422.47, 252.00
422.81, 257.00
423.15, 275.00
423.49, 275.00
423.84, 271.00
424.18, 278.00
424.52, 287.00
424.86, 327.00
425.21, 403.00
425.55, 423.00
425.89, 487.00
426.23, 545.00
426.57, 631.00
426.92, 637.00
427.26, 654.00
427.60, 556.00
427.94, 431.00
428.28, 348.00
428.63, 292.00
428.97, 258.00
429.31, 241.00
429.65, 231.00
429.99, 229.00
430.34, 225.00
430.68, 227.00
431.02, 244.00
431.36, 235.00
431.70, 246.00
432.04, 250.00
432.39, 255.00
432.73, 272.00
433.07, 291.00
433.41, 308.00
433.75, 309.00
434.09, 303.00
434.43, 307.00
434.78, 349.00
435.12, 391.00
435.46, 423.00
435.80, 395.00
436.14, 351.00
436.48, 303.00
436.82, 293.00
437.16, 277.00
437.51, 255.00
437.85, 254.00
438.19, 295.00
438.53, 259.00
438.87, 266.00
439.21, 264.00
439.55, 280.00
439.89, 276.00
440.23, 283.00
440.57, 295.00
440.91, 302.00
441.26, 284.00
441.60, 269.00
441.94, 265.00
442.28, 259.00
442.62, 254.00
442.96, 247.00
443.30, 251.00
443.64, 244.00
443.98, 251.00
444.32, 247.00
444.66, 235.00
445.00, 244.00
445.34, 253.00
445.68, 249.00
446.02, 255.00
446.36, 250.00
446.70, 250.00
447.04, 255.00
447.38, 280.00
447.72, 273.00
448.06, 284.00
448.40, 268.00
448.74, 262.00
449.08, 263.00
449.42, 251.00
449.76, 249.00
450.10, 241.00
450.44, 225.00
450.78, 236.00
451.12, 240.00
451.46, 241.00
451.80, 241.00
452.14, 235.00
452.48, 238.00
452.82, 236.00
453.16, 232.00
453.50, 252.00
453.84, 233.00
454.18, 282.00
454.52, 256.00
454.86, 252.00
455.19, 271.00
455.53, 263.00
455.87, 271.00
456.21, 279.00
456.55, 283.00
456.89, 263.00
457.23, 271.00
457.57, 255.00
457.91, 259.00
458.25, 263.00
458.59, 276.00
458.92, 270.00
459.26, 262.00
459.60, 275.00
459.94, 270.00
460.28, 242.00
460.62, 257.00
460.96, 242.00
461.30, 223.00
461.63, 231.00
461.97, 239.00
462.31, 247.00
462.65, 245.00
462.99, 260.00
463.33, 259.00
463.67, 267.00
464.00, 271.00
464.34, 269.00
464.68, 267.00
465.02, 283.00
465.36, 286.00
465.70, 270.00
466.03, 270.00
466.37, 259.00
466.71, 268.00
467.05, 270.00
467.39, 275.00
467.72, 291.00
468.06, 296.00
468.40, 308.00
468.74, 303.00
469.08, 312.00
469.41, 334.00
469.75, 341.00
470.09, 367.00
470.43, 363.00
470.76, 337.00
471.10, 332.00
471.44, 332.00
471.78, 308.00
472.11, 309.00
472.45, 296.00
472.79, 289.00
473.13, 292.00
473.46, 289.00
473.80, 280.00
474.14, 270.00
474.48, 282.00
474.81, 275.00
475.15, 273.00
475.49, 274.00
475.82, 276.00
476.16, 275.00
476.50, 266.00
476.84, 274.00
477.17, 260.00
477.51, 273.00
477.85, 279.00
478.18, 284.00
478.52, 273.00
478.86, 332.00
479.19, 292.00
479.53, 283.00
479.87, 321.00
480.20, 296.00
480.54, 306.00
480.88, 286.00
481.21, 291.00
481.55, 284.00
481.89, 290.00
482.22, 297.00
482.56, 297.00
482.90, 295.00
483.23, 299.00
483.57, 314.00
483.90, 306.00
484.24, 314.00
484.58, 317.00
484.91, 325.00
485.25, 341.00
485.58, 349.00
485.92, 350.00
486.26, 342.00
486.59, 352.00
486.93, 359.00
487.26, 355.00
487.60, 352.00
487.94, 355.00
488.27, 352.00
488.61, 352.00
488.94, 353.00
489.28, 357.00
489.61, 352.00
489.95, 355.00
490.29, 363.00
490.62, 361.00
490.96, 357.00
491.29, 357.00
491.63, 336.00
491.96, 333.00
492.30, 329.00
492.63, 330.00
492.97, 325.00
493.30, 324.00
493.64, 336.00
493.97, 316.00
494.31, 320.00
494.64, 333.00
494.98, 332.00
495.31, 327.00
495.65, 307.00
495.98, 319.00
496.32, 321.00
496.65, 348.00
496.99, 316.00
497.32, 308.00
497.66, 301.00
497.99, 296.00
498.33, 300.00
498.66, 302.00
499.00, 301.00
499.33, 296.00
499.67, 285.00
500.00, 291.00
500.34, 297.00
500.67, 302.00
501.00, 290.00
501.34, 291.00
501.67, 289.00
502.01, 287.00
502.34, 290.00
502.68, 295.00
503.01, 303.00
503.34, 306.00
503.68, 301.00
504.01, 300.00
504.35, 301.00
504.68, 303.00
505.01, 301.00
505.35, 298.00
505.68, 297.00
506.02, 299.00
506.35, 302.00
506.68, 313.00
507.02, 306.00
507.35, 297.00
507.68, 296.00
508.02, 296.00
508.35, 303.00
508.69, 298.00
509.02, 288.00
509.35, 288.00
509.69, 286.00
510.02, 297.00
510.35, 287.00
510.69, 282.00
511.02, 280.00
511.35, 281.00
511.69, 281.00
512.02, 286.00
512.35, 287.00
512.68, 279.00
513.02, 288.00
513.35, 279.00
513.68, 279.00
514.02, 284.00
514.35, 278.00
514.68, 272.00
515.01, 272.00
515.35, 289.00
515.68, 270.00
516.01, 273.00
516.35, 274.00
516.68, 277.00
517.01, 268.00
517.34, 273.00
517.68, 263.00
518.01, 285.00
518.34, 261.00
518.67, 266.00
519.01, 269.00
519.34, 269.00
519.67, 285.00
520.00, 282.00
520.33, 277.00
520.67, 279.00
521.00, 280.00
521.33, 289.00
521.66, 287.00
522.00, 291.00
522.33, 288.00
522.66, 290.00
522.99, 272.00
523.32, 280.00
523.65, 278.00
523.99, 277.00
524.32, 277.00
524.65, 283.00
524.98, 279.00
525.31, 277.00
525.65, 301.00
525.98, 274.00
526.31, 275.00
526.64, 275.00
526.97, 271.00
527.30, 261.00
527.63, 266.00
527.97, 265.00
528.30, 260.00
528.63, 276.00
528.96, 293.00
529.29, 265.00
529.62, 281.00
529.95, 261.00
530.28, 268.00
530.61, 264.00
530.95, 261.00
531.28, 263.00
531.61, 267.00
531.94, 275.00
532.27, 282.00
532.60, 284.00
532.93, 284.00
533.26, 271.00
533.59, 269.00
533.92, 271.00
534.25, 273.00
534.58, 298.00
534.91, 273.00
535.25, 263.00
535.58, 267.00
535.91, 268.00
536.24, 263.00
536.57, 271.00
536.90, 276.00
537.23, 284.00
537.56, 323.00
537.89, 285.00
538.22, 285.00
538.55, 291.00
538.88, 299.00
539.21, 426.00
539.54, 322.00
539.87, 328.00
540.20, 356.00
540.53, 381.00
540.86, 459.00
541.19, 452.00
541.52, 477.00
541.85, 520.00
542.18, 520.00
542.51, 543.00
542.84, 544.00
543.17, 549.00
543.50, 539.00
543.82, 531.00
544.15, 518.00
544.48, 521.00
544.81, 551.00
545.14, 590.00
545.47, 556.00
545.80, 527.00
546.13, 457.00
546.46, 466.00
546.79, 416.00
547.12, 374.00
547.45, 348.00
547.78, 353.00
548.10, 349.00
548.43, 336.00
548.76, 334.00
549.09, 325.00
549.42, 327.00
549.75, 314.00
550.08, 314.00
550.41, 314.00
550.74, 318.00
551.06, 309.00
551.39, 312.00
551.72, 302.00
552.05, 288.00
552.38, 299.00
552.71, 307.00
553.03, 278.00
553.36, 284.00
553.69, 280.00
554.02, 263.00
554.35, 270.00
554.68, 263.00
555.00, 268.00
555.33, 263.00
555.66, 268.00
555.99, 278.00
556.32, 262.00
556.64, 264.00
556.97, 281.00
557.30, 274.00
557.63, 268.00
557.96, 272.00
558.28, 269.00
558.61, 267.00
558.94, 267.00
559.27, 267.00
559.59, 267.00
559.92, 264.00
560.25, 265.00
560.58, 260.00
560.90, 266.00
561.23, 259.00
561.56, 257.00
561.89, 248.00
562.21, 255.00
562.54, 252.00
562.87, 241.00
563.20, 239.00
563.52, 252.00
563.85, 232.00
564.18, 258.00
564.50, 241.00
564.83, 272.00
565.16, 292.00
565.48, 238.00
565.81, 237.00
566.14, 228.00
566.47, 227.00
566.79, 233.00
567.12, 229.00
567.45, 263.00
567.77, 236.00
568.10, 227.00
568.43, 238.00
568.75, 237.00
569.08, 242.00
569.40, 266.00
569.73, 229.00
570.06, 231.00
570.38, 229.00
570.71, 236.00
571.04, 228.00
571.36, 233.00
571.69, 237.00
572.01, 239.00
572.34, 236.00
572.67, 237.00
572.99, 233.00
573.32, 255.00
573.64, 232.00
573.97, 232.00
574.30, 237.00
574.62, 237.00
574.95, 238.00
575.27, 234.00
575.60, 236.00
575.92, 245.00
576.25, 251.00
576.58, 259.00
576.90, 246.00
577.23, 285.00
577.55, 259.00
577.88, 250.00
578.20, 253.00
578.53, 256.00
578.85, 268.00
579.18, 276.00
579.50, 261.00
579.83, 268.00
580.15, 264.00
580.48, 270.00
580.80, 266.00
581.13, 268.00
581.45, 265.00
581.78, 269.00
582.10, 272.00
582.43, 279.00
582.75, 279.00
583.08, 280.00
583.40, 288.00
583.73, 344.00
584.05, 283.00
584.38, 280.00
584.70, 318.00
585.03, 275.00
585.35, 276.00
585.67, 277.00
586.00, 295.00
586.32, 313.00
586.65, 324.00
586.97, 320.00
587.30, 318.00
587.62, 306.00
587.94, 312.00
588.27, 294.00
588.59, 277.00
588.92, 274.00
589.24, 269.00
589.56, 269.00
589.89, 278.00
590.21, 267.00
590.54, 263.00
590.86, 261.00
591.18, 274.00
591.51, 266.00
591.83, 289.00
592.15, 291.00
592.48, 287.00
592.80, 290.00
593.13, 280.00
593.45, 280.00
593.77, 284.00
594.10, 277.00
594.42, 283.00
594.74, 280.00
595.07, 281.00
595.39, 271.00
595.71, 278.00
596.03, 280.00
596.36, 276.00
596.68, 277.00
597.00, 281.00
597.33, 276.00
597.65, 286.00
597.97, 286.00
598.30, 292.00
598.62, 290.00
598.94, 289.00
599.26, 289.00
599.59, 298.00
599.91, 294.00
600.23, 279.00
600.55, 281.00
600.88, 271.00
601.20, 265.00
601.52, 256.00
601.84, 249.00
602.17, 249.00
602.49, 244.00
602.81, 234.00
603.13, 240.00
603.45, 253.00
603.78, 244.00
604.10, 241.00
604.42, 236.00
604.74, 233.00
605.07, 234.00
605.39, 241.00
605.71, 242.00
606.03, 243.00
606.35, 232.00
606.67, 243.00
607.00, 239.00
607.32, 234.00
607.64, 241.00
607.96, 240.00
608.28, 250.00
608.60, 252.00
608.93, 277.00
609.25, 300.00
609.57, 347.00
609.89, 428.00
610.21, 493.00
610.53, 540.00
610.85, 540.00
611.17, 502.00
611.50, 471.00
611.82, 454.00
612.14, 413.00
612.46, 383.00
612.78, 369.00
613.10, 342.00
613.42, 330.00
613.74, 332.00
614.06, 347.00
614.38, 325.00
614.70, 319.00
615.03, 316.00
615.35, 301.00
615.67, 391.00
615.99, 273.00
616.31, 259.00
616.63, 254.00
616.95, 239.00
617.27, 246.00
617.59, 236.00
617.91, 240.00
618.23, 245.00
618.55, 235.00
618.87, 234.00
619.19, 231.00
619.51, 234.00
619.83, 230.00
620.15, 229.00
620.47, 236.00
620.79, 228.00
621.11, 243.00
621.43, 236.00
621.75, 239.00
622.07, 236.00
622.39, 231.00
622.71, 226.00
623.03, 228.00
623.35, 277.00
623.67, 229.00
623.99, 230.00
624.31, 233.00
624.63, 229.00
624.95, 220.00
625.26, 229.00
625.58, 224.00
625.90, 247.00
626.22, 233.00
626.54, 224.00
626.86, 229.00
627.18, 228.00
627.50, 230.00
627.82, 223.00
628.14, 232.00
628.46, 234.00
628.77, 235.00
629.09, 240.00
629.41, 241.00
629.73, 259.00
630.05, 268.00
630.37, 257.00
630.69, 263.00
631.00, 262.00
631.32, 261.00
631.64, 248.00
631.96, 236.00
632.28, 234.00
632.60, 231.00
632.92, 226.00
633.23, 231.00
633.55, 231.00
633.87, 230.00
634.19, 234.00
634.51, 247.00
634.82, 247.00
635.14, 253.00
635.46, 238.00
635.78, 241.00
636.10, 238.00
636.41, 242.00
636.73, 237.00
637.05, 245.00
637.37, 245.00
637.68, 242.00
638.00, 241.00
638.32, 242.00
638.64, 247.00
638.95, 252.00
639.27, 248.00
639.59, 249.00
639.91, 229.00
640.22, 228.00
640.54, 234.00
640.86, 232.00
641.18, 241.00
641.49, 252.00
641.81, 238.00
642.13, 251.00
642.44, 236.00
642.76, 243.00
643.08, 240.00
643.40, 242.00
643.71, 244.00
644.03, 255.00
644.35, 257.00
644.66, 262.00
644.98, 253.00
645.30, 256.00
645.61, 272.00
645.93, 252.00
646.25, 235.00
646.56, 243.00
646.88, 264.00
647.19, 221.00
647.51, 234.00
647.83, 223.00
648.14, 226.00
648.46, 232.00
648.78, 235.00
649.09, 243.00
649.41, 280.00
649.72, 249.00
650.04, 255.00
650.36, 271.00
650.67, 265.00
650.99, 266.00
651.30, 262.00
651.62, 265.00
651.93, 261.00
652.25, 282.00
652.57, 306.00
652.88, 266.00
653.20, 270.00
653.51, 259.00
653.83, 249.00
654.14, 235.00
654.46, 244.00
654.77, 241.00
655.09, 252.00
655.40, 265.00
655.72, 253.00
656.04, 235.00
656.35, 247.00
656.67, 239.00
656.98, 240.00
657.30, 237.00
657.61, 238.00
657.93, 242.00
658.24, 239.00
658.55, 278.00
658.87, 243.00
659.18, 249.00
659.50, 248.00
659.81, 257.00
660.13, 253.00
660.44, 249.00
660.76, 243.00
661.07, 266.00
661.39, 242.00
661.70, 235.00
662.01, 225.00
662.33, 221.00
662.64, 232.00
662.96, 210.00
663.27, 208.00
663.59, 214.00
663.90, 207.00
664.21, 202.00
664.53, 231.00
664.84, 219.00
665.16, 245.00
665.47, 218.00
665.78, 220.00
666.10, 224.00
666.41, 223.00
666.72, 229.00
667.04, 240.00
667.35, 232.00
667.67, 229.00
667.98, 237.00
668.29, 230.00
668.61, 230.00
668.92, 226.00
669.23, 223.00
669.55, 231.00
669.86, 242.00
670.17, 212.00
670.48, 214.00
670.80, 213.00
671.11, 210.00
671.42, 213.00
671.74, 216.00
672.05, 207.00
672.36, 220.00
672.68, 222.00
672.99, 226.00
673.30, 227.00
673.61, 228.00
673.93, 234.00
674.24, 248.00
674.55, 247.00
674.86, 250.00
675.18, 255.00
675.49, 258.00
675.80, 253.00
676.11, 248.00
676.43, 268.00
676.74, 254.00
677.05, 250.00
677.36, 266.00
677.67, 249.00
677.99, 247.00
678.30, 231.00
678.61, 228.00
678.92, 214.00
679.23, 223.00
679.55, 216.00
679.86, 209.00
680.17, 208.00
680.48, 210.00
680.79, 205.00
681.10, 197.00
681.42, 204.00
681.73, 196.00
682.04, 192.00
682.35, 197.00
682.66, 197.00
682.97, 205.00
683.28, 193.00
683.60, 198.00
683.91, 204.00
684.22, 216.00
684.53, 198.00
684.84, 193.00
685.15, 191.00
685.46, 216.00
685.77, 191.00
686.08, 190.00
686.40, 230.00
686.71, 195.00
687.02, 191.00
687.33, 193.00
687.64, 182.00
687.95, 183.00
688.26, 180.00
688.57, 184.00
688.88, 188.00
689.19, 177.00
689.50, 185.00
689.81, 180.00
690.12, 178.00
690.43, 192.00
690.74, 177.00
691.05, 178.00
691.36, 187.00
691.67, 171.00
691.98, 180.00
692.29, 174.00
692.60, 175.00
692.91, 178.00
693.22, 181.00
693.53, 169.00
693.84, 180.00
694.15, 173.00
694.46, 173.00
694.77, 168.00
695.08, 177.00
695.39, 183.00
695.70, 175.00
696.01, 178.00
696.32, 165.00
696.63, 175.00
696.94, 177.00
697.25, 171.00
697.56, 183.00
697.87, 181.00
698.17, 212.00
698.48, 179.00
698.79, 174.00
699.10, 177.00
699.41, 172.00
699.72, 172.00
700.03, 175.00
700.34, 173.00
700.65, 179.00
700.95, 173.00
701.26, 175.00
701.57, 176.00
701.88, 172.00
702.19, 181.00
702.50, 171.00
702.81, 179.00
703.11, 200.00
703.42, 179.00
703.73, 173.00
704.04, 180.00
704.35, 180.00
704.66, 184.00
704.96, 201.00
705.27, 238.00
705.58, 248.00
705.89, 250.00
706.20, 234.00
706.50, 226.00
706.81, 213.00
707.12, 198.00
707.43, 203.00
707.73, 203.00
708.04, 179.00
708.35, 190.00
708.66, 182.00
708.97, 185.00
709.27, 177.00
709.58, 177.00
709.89, 174.00
710.19, 170.00
710.50, 182.00
710.81, 181.00
711.12, 183.00
711.42, 181.00
711.73, 191.00
712.04, 179.00
712.35, 184.00
712.65, 178.00
712.96, 182.00
713.27, 179.00
713.57, 193.00
713.88, 198.00
714.19, 174.00
714.49, 174.00
714.80, 180.00
715.11, 177.00
715.41, 170.00
715.72, 173.00
716.03, 168.00
716.33, 176.00
716.64, 169.00
716.94, 169.00
717.25, 167.00
717.56, 178.00
717.86, 172.00
718.17, 171.00
718.48, 168.00
718.78, 166.00
719.09, 167.00
719.39, 160.00
719.70, 168.00
720.01, 173.00
720.31, 168.00
720.62, 168.00
720.92, 172.00
721.23, 178.00
721.53, 178.00
721.84, 173.00
722.15, 187.00
722.45, 178.00
722.76, 172.00
723.06, 175.00
723.37, 175.00
723.67, 175.00
723.98, 175.00
724.28, 177.00
724.59, 180.00
724.89, 182.00
725.20, 179.00
725.50, 178.00
725.81, 174.00
726.11, 179.00
726.42, 169.00
726.72, 173.00
727.03, 211.00
727.33, 173.00
727.64, 172.00
727.94, 169.00
728.25, 169.00
728.55, 165.00
728.86, 189.00
729.16, 163.00
729.46, 163.00
729.77, 171.00
730.07, 169.00
730.38, 165.00
730.68, 168.00
730.99, 180.00
731.29, 166.00
731.59, 170.00
731.90, 168.00
732.20, 171.00
732.51, 175.00
732.81, 177.00
733.11, 179.00
733.42, 163.00
733.72, 178.00
734.02, 172.00
734.33, 173.00
734.63, 172.00
734.94, 173.00
735.24, 168.00
735.54, 168.00
735.85, 169.00
736.15, 171.00
736.45, 172.00
736.76, 166.00
737.06, 174.00
737.36, 185.00
737.67, 171.00
737.97, 171.00
738.27, 164.00
738.57, 169.00
738.88, 168.00
739.18, 206.00
739.48, 164.00
739.79, 164.00
740.09, 178.00
740.39, 170.00
740.69, 173.00
741.00, 169.00
741.30, 179.00
741.60, 169.00
741.90, 166.00
742.21, 172.00
742.51, 220.00
742.81, 180.00
743.11, 182.00
743.42, 207.00
743.72, 188.00
744.02, 193.00
744.32, 198.00
744.63, 202.00
744.93, 207.00
745.23, 210.00
745.53, 211.00
745.83, 206.00
746.13, 204.00
746.44, 203.00
746.74, 207.00
747.04, 197.00
747.34, 219.00
747.64, 207.00
747.94, 207.00
748.25, 210.00
748.55, 206.00
748.85, 203.00
749.15, 214.00
749.45, 234.00
749.75, 211.00
750.05, 198.00
750.35, 186.00
750.66, 196.00
750.96, 183.00
751.26, 177.00
751.56, 176.00
751.86, 179.00
752.16, 168.00
752.46, 168.00
752.76, 170.00
753.06, 168.00
753.36, 209.00
753.66, 169.00
753.96, 173.00
754.27, 169.00
754.57, 176.00
754.87, 171.00
755.17, 169.00
755.47, 172.00
755.77, 181.00
756.07, 173.00
756.37, 182.00
756.67, 178.00
756.97, 180.00
757.27, 186.00
757.57, 186.00
757.87, 187.00
758.17, 187.00
758.47, 191.00
758.77, 190.00
759.07, 190.00
759.37, 185.00
759.67, 187.00
759.97, 185.00
760.27, 187.00
760.57, 185.00
760.86, 185.00
761.16, 185.00
761.46, 180.00
761.76, 205.00
762.06, 178.00
762.36, 179.00
762.66, 173.00
762.96, 169.00
763.26, 175.00
763.56, 195.00
763.86, 169.00
764.16, 166.00
764.45, 181.00
764.75, 167.00
765.05, 167.00
765.35, 164.00
765.65, 165.00
765.95, 164.00
766.25, 169.00
766.55, 176.00
766.84, 172.00
767.14, 170.00
767.44, 167.00
767.74, 174.00
768.04, 174.00
768.34, 171.00
768.63, 176.00
768.93, 165.00
769.23, 186.00
769.53, 176.00
769.83, 175.00
770.12, 176.00
770.42, 180.00
770.72, 179.00
771.02, 177.00
771.32, 179.00
771.61, 181.00
771.91, 187.00
772.21, 182.00
772.51, 183.00
772.80, 178.00
773.10, 177.00
773.40, 186.00
773.70, 179.00
773.99, 184.00
774.29, 183.00
774.59, 189.00
774.88, 175.00
775.18, 187.00
775.48, 301.00
775.78, 584.00
776.07, 827.00
776.37, 941.00
776.67, 842.00
776.96, 599.00
777.26, 497.00
777.56, 377.00
777.85, 337.00
778.15, 312.00
778.45, 293.00
778.74, 253.00
779.04, 228.00
779.34, 199.00
779.63, 184.00
779.93, 164.00
780.22, 163.00
780.52, 158.00
780.82, 158.00
781.11, 155.00
781.41, 159.00
781.71, 156.00
782.00, 159.00
782.30, 157.00
782.59, 166.00
782.89, 158.00
783.19, 156.00
783.48, 153.00
783.78, 156.00
784.07, 165.00
784.37, 166.00
784.66, 157.00
784.96, 160.00
785.25, 156.00
785.55, 157.00
785.84, 159.00
786.14, 156.00
786.44, 159.00
786.73, 153.00
787.03, 156.00
787.32, 159.00
787.62, 155.00
787.91, 155.00
788.21, 164.00
788.50, 154.00
788.80, 151.00
789.09, 158.00
789.39, 157.00
789.68, 156.00
789.97, 158.00
790.27, 152.00
790.56, 156.00
790.86, 164.00
791.15, 157.00
791.45, 151.00
791.74, 180.00
792.04, 160.00
792.33, 153.00
792.62, 176.00
792.92, 149.00
793.21, 149.00
793.51, 162.00
793.80, 151.00
794.09, 151.00
794.39, 153.00
794.68, 158.00
794.98, 155.00
795.27, 150.00
795.56, 153.00
795.86, 150.00
796.15, 152.00
796.44, 157.00
796.74, 152.00
797.03, 152.00
797.32, 149.00
797.62, 152.00
797.91, 160.00
798.20, 154.00
798.50, 159.00
798.79, 166.00
799.08, 153.00
799.38, 151.00
799.67, 152.00
799.96, 160.00
800.26, 183.00
800.55, 155.00
800.84, 155.00
801.13, 150.00
801.43, 156.00
801.72, 190.00
802.01, 154.00
802.30, 152.00
802.60, 153.00
802.89, 155.00
803.18, 152.00
803.47, 155.00
803.77, 158.00
804.06, 159.00
804.35, 157.00
804.64, 174.00
804.94, 157.00
805.23, 154.00
805.52, 152.00
805.81, 161.00
806.10, 152.00
806.39, 156.00
806.69, 153.00
806.98, 153.00
807.27, 150.00
807.56, 162.00
807.85, 155.00
808.14, 150.00
808.44, 152.00
808.73, 157.00
809.02, 167.00
809.31, 156.00
809.60, 157.00
809.89, 155.00
810.18, 154.00
810.48, 163.00
810.77, 153.00
811.06, 151.00
811.35, 152.00
811.64, 153.00
811.93, 165.00
812.22, 150.00
812.51, 148.00
812.80, 149.00
813.09, 152.00
813.38, 154.00
813.67, 172.00
813.96, 150.00
814.26, 154.00
814.55, 146.00
814.84, 152.00
815.13, 156.00
815.42, 155.00
815.71, 152.00
816.00, 151.00
816.29, 164.00
816.58, 151.00
816.87, 149.00
817.16, 152.00
817.45, 154.00
817.74, 148.00
818.03, 151.00
818.32, 151.00
818.61, 155.00
818.90, 148.00
819.19, 148.00
819.48, 149.00
819.76, 145.00
820.05, 150.00
820.34, 149.00
820.63, 147.00
820.92, 150.00
821.21, 148.00
821.50, 147.00
821.79, 149.00
822.08, 150.00
822.37, 151.00
822.66, 147.00
822.95, 149.00
823.23, 151.00
823.52, 171.00
823.81, 153.00
824.10, 146.00
824.39, 150.00
824.68, 150.00
824.97, 165.00
825.26, 152.00
825.54, 193.00
825.83, 147.00
826.12, 149.00
826.41, 147.00
826.70, 150.00
826.99, 157.00
827.27, 151.00
827.56, 168.00
827.85, 149.00
828.14, 153.00
828.43, 151.00
828.71, 149.00
829.00, 150.00
829.29, 149.00
829.58, 152.00
829.86, 147.00
830.15, 151.00
830.44, 154.00
830.73, 149.00
831.01, 150.00
831.30, 151.00
831.59, 149.00
831.88, 153.00
832.16, 144.00
832.45, 148.00
832.74, 149.00
833.03, 154.00
833.31, 155.00
833.60, 153.00
833.89, 146.00
834.17, 154.00
834.46, 152.00
834.75, 145.00
835.03, 149.00
835.32, 151.00
835.61, 150.00
835.89, 164.00
836.18, 151.00
836.47, 155.00
836.75, 153.00
837.04, 151.00
837.33, 151.00
837.61, 147.00
837.90, 150.00
838.19, 150.00
838.47, 143.00
838.76, 144.00
839.04, 143.00
839.33, 139.00
839.62, 148.00
839.90, 146.00
840.19, 146.00
840.47, 145.00
840.76, 171.00
841.04, 153.00
841.33, 151.00
841.62, 144.00
841.90, 151.00
842.19, 150.00
842.47, 295.00
842.76, 148.00
843.04, 152.00
843.33, 179.00
843.61, 169.00
843.90, 177.00
844.18, 176.00
844.47, 166.00
844.75, 177.00
845.04, 162.00
845.32, 165.00
845.61, 162.00
845.89, 160.00
846.18, 160.00
846.46, 160.00
846.75, 156.00
847.03, 165.00
847.32, 147.00
847.60, 149.00
847.88, 148.00
848.17, 152.00
848.45, 167.00
848.74, 152.00
849.02, 147.00
849.31, 143.00
849.59, 151.00
849.87, 151.00
850.16, 145.00
850.44, 148.00
850.73, 174.00
851.01, 148.00
851.29, 151.00
851.58, 149.00
851.86, 151.00
852.14, 146.00
852.43, 152.00
852.71, 157.00
853.00, 148.00
853.28, 158.00
853.56, 147.00
853.85, 142.00
854.13, 147.00
854.41, 154.00
854.69, 149.00
854.98, 148.00
855.26, 201.00
855.54, 151.00
855.83, 151.00
856.11, 153.00
856.39, 150.00
856.68, 151.00
856.96, 145.00
857.24, 149.00
857.52, 152.00
857.81, 153.00
858.09, 148.00
858.37, 149.00
858.65, 150.00
858.94, 149.00
859.22, 146.00
