190.05, 0.00
190.41, 137.00
190.77, 133.00
191.14, 137.00
191.50, 138.00
191.86, 161.00
192.22, 146.00
192.58, 146.00
192.94, 144.00
193.31, 145.00
193.67, 142.00
194.03, 155.00
194.39, 145.00
194.75, 143.00
195.11, 151.00
195.47, 159.00
195.84, 140.00
196.20, 142.00
196.56, 160.00
196.92, 144.00
197.28, 148.00
197.64, 143.00
198.00, 141.00
198.37, 146.00
198.73, 140.00
199.09, 146.00
199.45, 143.00
199.81, 146.00
200.17, 153.00
200.53, 148.00
200.89, 153.00
201.25, 179.00
201.62, 140.00
201.98, 142.00
202.34, 143.00
202.70, 147.00
203.06, 149.00
203.42, 141.00
203.78, 145.00
204.14, 147.00
204.50, 172.00
204.86, 155.00
205.22, 157.00
205.58, 148.00
205.95, 152.00
206.31, 146.00
206.67, 144.00
207.03, 153.00
207.39, 155.00
207.75, 147.00
208.11, 146.00
208.47, 145.00
208.83, 147.00
209.19, 146.00
209.55, 147.00
209.91, 149.00
210.27, 147.00
210.63, 146.00
210.99, 161.00
211.35, 145.00
211.71, 151.00
212.07, 145.00
212.43, 154.00
212.79, 146.00
213.15, 145.00
213.51, 152.00
213.87, 155.00
214.23, 151.00
214.59, 147.00
214.95, 146.00
215.31, 148.00
215.67, 145.00
216.03, 181.00
216.39, 150.00
216.75, 146.00
217.11, 154.00
217.47, 149.00
217.83, 149.00
218.19, 153.00
218.55, 151.00
218.91, 152.00
219.27, 150.00
219.63, 144.00
219.99, 140.00
220.35, 146.00
220.71, 158.00
221.07, 149.00
221.43, 151.00
221.79, 153.00
222.15, 146.00
222.51, 143.00
222.87, 145.00
223.23, 151.00
223.59, 152.00
223.95, 144.00
224.31, 146.00
224.67, 145.00
225.03, 149.00
225.39, 154.00
225.74, 147.00
226.10, 151.00
226.46, 151.00
226.82, 150.00
227.18, 151.00
227.54, 149.00
227.90, 153.00
228.26, 151.00
228.62, 155.00
228.98, 142.00
229.34, 143.00
229.69, 148.00
230.05, 153.00
230.41, 144.00
230.77, 154.00
231.13, 151.00
231.49, 148.00
231.85, 146.00
232.21, 156.00
232.57, 151.00
232.92, 145.00
233.28, 146.00
233.64, 152.00
234.00, 144.00
234.36, 146.00
234.72, 145.00
235.08, 152.00
235.44, 152.00
235.79, 144.00
236.15, 148.00
236.51, 145.00
236.87, 142.00
237.23, 152.00
237.59, 150.00
237.94, 157.00
238.30, 148.00
238.66, 147.00
239.02, 143.00
239.38, 146.00
239.74, 144.00
240.09, 153.00
240.45, 150.00
240.81, 149.00
241.17, 154.00
241.53, 147.00
241.89, 150.00
242.24, 145.00
242.60, 144.00
242.96, 154.00
243.32, 149.00
243.68, 139.00
244.03, 152.00
244.39, 154.00
244.75, 167.00
245.11, 146.00
245.46, 155.00
245.82, 175.00
246.18, 143.00
246.54, 148.00
246.90, 146.00
247.25, 141.00
247.61, 144.00
247.97, 181.00
248.33, 152.00
248.68, 144.00
249.04, 149.00
249.40, 142.00
249.76, 150.00
250.11, 148.00
250.47, 152.00
250.83, 153.00
251.19, 157.00
251.54, 157.00
251.90, 152.00
252.26, 146.00
252.62, 144.00
252.97, 146.00
253.33, 148.00
253.69, 145.00
254.05, 157.00
254.40, 139.00
254.76, 143.00
255.12, 175.00
255.47, 152.00
255.83, 147.00
256.19, 146.00
256.54, 145.00
256.90, 138.00
257.26, 143.00
257.62, 143.00
257.97, 135.00
258.33, 148.00
258.69, 147.00
259.04, 143.00
259.40, 148.00
259.76, 146.00
260.11, 146.00
260.47, 145.00
260.83, 148.00
261.18, 146.00
261.54, 157.00
261.90, 151.00
262.25, 147.00
262.61, 151.00
262.97, 143.00
263.32, 150.00
263.68, 143.00
264.04, 154.00
264.39, 143.00
264.75, 147.00
265.10, 148.00
265.46, 197.00
265.82, 156.00
266.17, 146.00
266.53, 143.00
266.89, 149.00
267.24, 161.00
267.60, 144.00
267.95, 151.00
268.31, 143.00
268.67, 142.00
269.02, 144.00
269.38, 145.00
269.74, 155.00
270.09, 151.00
270.45, 148.00
270.80, 170.00
271.16, 155.00
271.51, 152.00
271.87, 153.00
272.23, 151.00
272.58, 151.00
272.94, 148.00
273.29, 143.00
273.65, 195.00
274.00, 151.00
274.36, 147.00
274.72, 144.00
275.07, 146.00
275.43, 151.00
275.78, 150.00
276.14, 148.00
276.49, 153.00
276.85, 160.00
277.20, 166.00
277.56, 148.00
277.92, 146.00
278.27, 148.00
278.63, 160.00
278.98, 148.00
279.34, 148.00
279.69, 150.00
280.05, 180.00
280.40, 159.00
280.76, 174.00
281.11, 161.00
281.47, 161.00
281.82, 159.00
282.18, 165.00
282.53, 167.00
282.89, 173.00
283.24, 176.00
283.60, 174.00
283.95, 184.00
284.31, 181.00
284.66, 189.00
285.02, 199.00
285.37, 193.00
285.73, 187.00
286.08, 188.00
286.44, 171.00
286.79, 173.00
287.14, 165.00
287.50, 163.00
287.85, 160.00
288.21, 163.00
288.56, 161.00
288.92, 164.00
289.27, 167.00
289.63, 173.00
289.98, 174.00
290.34, 166.00
290.69, 173.00
291.04, 163.00
291.40, 157.00
291.75, 152.00
292.11, 161.00
292.46, 155.00
292.81, 169.00
293.17, 166.00
293.52, 181.00
293.88, 190.00
294.23, 202.00
294.59, 223.00
294.94, 235.00
295.29, 248.00
295.65, 272.00
296.00, 289.00
296.36, 251.00
296.71, 237.00
297.06, 250.00
297.42, 249.00
297.77, 253.00
298.12, 229.00
298.48, 215.00
298.83, 209.00
299.19, 219.00
299.54, 216.00
299.89, 222.00
300.25, 219.00
300.60, 218.00
300.95, 201.00
301.31, 185.00
301.66, 177.00
302.01, 179.00
302.37, 176.00
302.72, 183.00
303.07, 189.00
303.43, 197.00
303.78, 200.00
304.13, 209.00
304.49, 206.00
304.84, 213.00
305.19, 244.00
305.55, 208.00
305.90, 251.00
306.25, 348.00
306.61, 500.00
306.96, 641.00
307.31, 836.00
307.66, 1204.00
308.02, 1619.00
308.37, 1928.00
308.72, 2198.00
309.08, 2190.00
309.43, 2080.00
309.78, 1786.00
310.13, 1543.00
310.49, 1293.00
310.84, 1028.00
311.19, 893.00
311.54, 775.00
311.90, 654.00
312.25, 599.00
312.60, 590.00
312.95, 708.00
313.31, 784.00
313.66, 797.00
314.01, 787.00
314.36, 795.00
314.72, 935.00
315.07, 1208.00
315.42, 1465.00
315.77, 1501.00
316.13, 1229.00
316.48, 805.00
316.83, 520.00
317.18, 373.00
317.54, 292.00
317.89, 242.00
318.24, 224.00
318.59, 216.00
318.94, 218.00
319.30, 208.00
319.65, 221.00
320.00, 218.00
320.35, 215.00
320.70, 230.00
321.05, 218.00
321.41, 224.00
321.76, 223.00
322.11, 204.00
322.46, 200.00
322.81, 247.00
323.17, 201.00
323.52, 195.00
323.87, 197.00
324.22, 197.00
324.57, 205.00
324.92, 214.00
325.27, 223.00
325.63, 239.00
325.98, 250.00
326.33, 267.00
326.68, 264.00
327.03, 259.00
327.38, 258.00
327.73, 271.00
328.09, 295.00
328.44, 321.00
328.79, 268.00
329.14, 293.00
329.49, 251.00
329.84, 257.00
330.19, 252.00
330.54, 247.00
330.89, 254.00
331.25, 228.00
331.60, 220.00
331.95, 220.00
332.30, 225.00
332.65, 251.00
333.00, 273.00
333.35, 354.00
333.70, 374.00
334.05, 365.00
334.40, 408.00
334.75, 498.00
335.10, 700.00
335.45, 1037.00
335.81, 1504.00
336.16, 2221.00
336.51, 2987.00
336.86, 3064.00
337.21, 2700.00
337.56, 1653.00
337.91, 978.00
338.26, 565.00
338.61, 368.00
338.96, 290.00
339.31, 246.00
339.66, 228.00
340.01, 234.00
340.36, 214.00
340.71, 206.00
341.06, 203.00
341.41, 202.00
341.76, 197.00
342.11, 195.00
342.46, 202.00
342.81, 204.00
343.16, 201.00
343.51, 209.00
343.86, 206.00
344.21, 206.00
344.56, 205.00
344.91, 206.00
345.26, 213.00
345.61, 210.00
345.96, 205.00
346.31, 211.00
346.66, 242.00
347.01, 207.00
347.36, 228.00
347.71, 208.00
348.06, 210.00
348.41, 239.00
348.76, 256.00
349.10, 273.00
349.45, 301.00
349.80, 306.00
350.15, 298.00
350.50, 270.00
350.85, 284.00
351.20, 304.00
351.55, 375.00
351.90, 462.00
352.25, 590.00
352.60, 783.00
352.95, 1055.00
353.30, 1120.00
353.64, 983.00
353.99, 738.00
354.34, 587.00
354.69, 519.00
355.04, 555.00
355.39, 664.00
355.74, 887.00
356.09, 1187.00
356.44, 1530.00
356.78, 2108.00
357.13, 2424.00
357.48, 2341.00
357.83, 1771.00
358.18, 1108.00
358.53, 683.00
358.88, 406.00
359.22, 299.00
359.57, 235.00
359.92, 222.00
360.27, 219.00
360.62, 218.00
360.97, 212.00
361.32, 217.00
361.66, 218.00
362.01, 220.00
362.36, 220.00
362.71, 223.00
363.06, 229.00
363.40, 237.00
363.75, 231.00
364.10, 234.00
364.45, 225.00
364.80, 225.00
365.14, 232.00
365.49, 245.00
365.84, 254.00
366.19, 265.00
366.54, 291.00
366.88, 302.00
367.23, 265.00
367.58, 290.00
367.93, 233.00
368.28, 226.00
368.62, 236.00
368.97, 266.00
369.32, 298.00
369.67, 330.00
370.01, 413.00
370.36, 440.00
370.71, 479.00
371.06, 407.00
371.40, 339.00
371.75, 275.00
372.10, 262.00
372.45, 263.00
372.79, 294.00
373.14, 340.00
373.49, 424.00
373.83, 515.00
374.18, 666.00
374.53, 857.00
374.88, 980.00
375.22, 993.00
375.57, 774.00
375.92, 552.00
376.26, 412.00
376.61, 315.00
376.96, 273.00
377.30, 278.00
377.65, 320.00
378.00, 367.00
378.35, 449.00
378.69, 608.00
379.04, 769.00
379.39, 1014.00
379.73, 1229.00
380.08, 1232.00
380.43, 945.00
380.77, 650.00
381.12, 504.00
381.47, 389.00
381.81, 298.00
382.16, 246.00
382.50, 242.00
382.85, 303.00
383.20, 229.00
383.54, 232.00
383.89, 245.00
384.24, 256.00
384.58, 282.00
384.93, 310.00
385.27, 307.00
385.62, 305.00
385.97, 299.00
386.31, 282.00
386.66, 315.00
387.00, 292.00
387.35, 305.00
387.70, 346.00
388.04, 449.00
388.39, 472.00
388.73, 558.00
389.08, 635.00
389.43, 720.00
389.77, 794.00
390.12, 906.00
390.46, 1221.00
390.81, 1353.00
391.15, 1302.00
391.50, 1050.00
391.85, 694.00
392.19, 536.00
392.54, 405.00
392.88, 378.00
393.23, 415.00
393.57, 419.00
393.92, 424.00
394.26, 353.00
394.61, 303.00
394.95, 266.00
395.30, 234.00
395.64, 227.00
395.99, 264.00
396.33, 243.00
396.68, 250.00
397.02, 268.00
397.37, 309.00
397.71, 349.00
398.06, 406.00
398.40, 472.00
398.75, 576.00
399.09, 623.00
399.44, 623.00
399.78, 495.00
400.13, 401.00
400.47, 307.00
400.82, 256.00
401.16, 227.00
401.51, 228.00
401.85, 215.00
402.20, 229.00
402.54, 253.00
402.88, 258.00
403.23, 275.00
403.57, 305.00
403.92, 362.00
404.26, 476.00
404.61, 470.00
404.95, 589.00
405.30, 547.00
405.64, 512.00
405.98, 422.00
406.33, 350.00
406.67, 290.00
407.02, 256.00
407.36, 249.00
407.70, 259.00
408.05, 252.00
408.39, 270.00
408.74, 284.00
409.08, 293.00
409.42, 261.00
409.77, 256.00
410.11, 260.00
410.46, 237.00
410.80, 248.00
411.14, 246.00
411.49, 273.00
411.83, 279.00
412.17, 279.00
412.52, 289.00
412.86, 329.00
413.20, 331.00
413.55, 334.00
413.89, 309.00
414.23, 287.00
414.58, 296.00
414.92, 251.00
415.26, 242.00
415.61, 228.00
415.95, 242.00
416.29, 247.00
416.64, 251.00
416.98, 264.00
417.32, 272.00
417.67, 304.00
418.01, 310.00
418.35, 329.00
418.70, 380.00
419.04, 436.00
419.38, 418.00
419.72, 401.00
420.07, 356.00
420.41, 293.00
420.75, 263.00
421.10, 253.00
421.44, 242.00
421.78, 246.00
422.12, 248.00
422.47, 253.00
422.81, 276.00
423.15, 298.00
423.49, 284.00
423.84, 277.00
424.18, 298.00
424.52, 314.00
424.86, 362.00
425.21, 433.00
425.55, 449.00
425.89, 532.00
426.23, 615.00
426.57, 691.00
426.92, 696.00
427.26, 719.00
427.60, 621.00
427.94, 443.00
428.28, 351.00
428.63, 294.00
428.97, 261.00
429.31, 244.00
429.65, 235.00
429.99, 233.00
430.34, 239.00
430.68, 231.00
431.02, 242.00
431.36, 235.00
431.70, 247.00
432.04, 254.00
432.39, 265.00
432.73, 285.00
433.07, 300.00
433.41, 334.00
433.75, 324.00
434.09, 335.00
434.43, 329.00
434.78, 365.00
435.12, 408.00
435.46, 429.00
435.80, 402.00
436.14, 357.00
436.48, 309.00
436.82, 300.00
437.16, 276.00
437.51, 258.00
437.85, 259.00
438.19, 291.00
438.53, 246.00
438.87, 272.00
439.21, 270.00
439.55, 273.00
439.89, 275.00
440.23, 288.00
440.57, 307.00
440.91, 321.00
441.26, 300.00
441.60, 278.00
441.94, 268.00
442.28, 266.00
442.62, 256.00
442.96, 247.00
443.30, 251.00
443.64, 251.00
443.98, 250.00
444.32, 260.00
444.66, 236.00
445.00, 246.00
445.34, 260.00
445.68, 256.00
446.02, 254.00
446.36, 251.00
446.70, 256.00
447.04, 261.00
447.38, 286.00
447.72, 286.00
448.06, 291.00
448.40, 283.00
448.74, 278.00
449.08, 271.00
449.42, 255.00
449.76, 248.00
450.10, 247.00
450.44, 244.00
450.78, 242.00
451.12, 251.00
451.46, 245.00
451.80, 248.00
452.14, 227.00
452.48, 240.00
452.82, 241.00
453.16, 238.00
453.50, 249.00
453.84, 237.00
454.18, 278.00
454.52, 266.00
454.86, 266.00
455.19, 281.00
455.53, 274.00
455.87, 272.00
456.21, 301.00
456.55, 293.00
456.89, 280.00
457.23, 283.00
457.57, 269.00
457.91, 273.00
458.25, 274.00
458.59, 278.00
458.92, 282.00
459.26, 280.00
459.60, 285.00
459.94, 276.00
460.28, 253.00
460.62, 258.00
460.96, 242.00
461.30, 237.00
461.63, 236.00
461.97, 239.00
462.31, 241.00
462.65, 245.00
462.99, 261.00
463.33, 265.00
463.67, 271.00
464.00, 281.00
464.34, 273.00
464.68, 281.00
465.02, 297.00
465.36, 297.00
465.70, 281.00
466.03, 281.00
466.37, 253.00
466.71, 274.00
467.05, 273.00
467.39, 283.00
467.72, 290.00
468.06, 299.00
468.40, 310.00
468.74, 316.00
469.08, 321.00
469.41, 347.00
469.75, 362.00
470.09, 372.00
470.43, 385.00
470.76, 346.00
471.10, 339.00
471.44, 339.00
471.78, 311.00
472.11, 295.00
472.45, 301.00
472.79, 292.00
473.13, 283.00
473.46, 286.00
473.80, 283.00
474.14, 280.00
474.48, 280.00
474.81, 275.00
475.15, 276.00
475.49, 270.00
475.82, 292.00
476.16, 283.00
476.50, 278.00
476.84, 280.00
477.17, 271.00
477.51, 270.00
477.85, 282.00
478.18, 294.00
478.52, 286.00
478.86, 334.00
479.19, 303.00
479.53, 289.00
479.87, 336.00
480.20, 303.00
480.54, 314.00
480.88, 305.00
481.21, 293.00
481.55, 292.00
481.89, 297.00
482.22, 302.00
482.56, 310.00
482.90, 310.00
483.23, 305.00
483.57, 317.00
483.90, 325.00
484.24, 325.00
484.58, 329.00
484.91, 337.00
485.25, 339.00
485.58, 359.00
485.92, 368.00
486.26, 354.00
486.59, 362.00
486.93, 359.00
487.26, 366.00
487.60, 374.00
487.94, 361.00
488.27, 359.00
488.61, 368.00
488.94, 357.00
489.28, 358.00
489.61, 367.00
489.95, 365.00
490.29, 378.00
490.62, 373.00
490.96, 366.00
491.29, 382.00
491.63, 354.00
491.96, 357.00
492.30, 351.00
492.63, 344.00
492.97, 332.00
493.30, 333.00
493.64, 334.00
493.97, 331.00
494.31, 330.00
494.64, 342.00
494.98, 343.00
495.31, 331.00
495.65, 333.00
495.98, 337.00
496.32, 329.00
496.65, 366.00
496.99, 320.00
497.32, 318.00
497.66, 316.00
497.99, 315.00
498.33, 305.00
498.66, 306.00
499.00, 305.00
499.33, 296.00
499.67, 299.00
500.00, 297.00
500.34, 303.00
500.67, 299.00
501.00, 295.00
501.34, 296.00
501.67, 300.00
502.01, 301.00
502.34, 295.00
502.68, 300.00
503.01, 314.00
503.34, 306.00
503.68, 301.00
504.01, 308.00
504.35, 307.00
504.68, 313.00
505.01, 307.00
505.35, 314.00
505.68, 306.00
506.02, 309.00
506.35, 307.00
506.68, 327.00
507.02, 313.00
507.35, 306.00
507.68, 299.00
508.02, 303.00
508.35, 314.00
508.69, 295.00
509.02, 289.00
509.35, 301.00
509.69, 292.00
510.02, 301.00
510.35, 292.00
510.69, 293.00
511.02, 289.00
511.35, 289.00
511.69, 292.00
512.02, 286.00
512.35, 285.00
512.68, 286.00
513.02, 285.00
513.35, 287.00
513.68, 287.00
514.02, 287.00
514.35, 286.00
514.68, 288.00
515.01, 288.00
515.35, 285.00
515.68, 280.00
516.01, 275.00
516.35, 278.00
516.68, 280.00
517.01, 279.00
517.34, 287.00
517.68, 278.00
518.01, 286.00
518.34, 281.00
518.67, 273.00
519.01, 274.00
519.34, 286.00
519.67, 296.00
520.00, 288.00
520.33, 286.00
520.67, 287.00
521.00, 286.00
521.33, 285.00
521.66, 292.00
522.00, 287.00
522.33, 292.00
522.66, 284.00
522.99, 283.00
523.32, 283.00
523.65, 286.00
523.99, 281.00
524.32, 284.00
524.65, 279.00
524.98, 280.00
525.31, 278.00
525.65, 309.00
525.98, 286.00
526.31, 275.00
526.64, 288.00
526.97, 282.00
527.30, 267.00
527.63, 274.00
527.97, 276.00
528.30, 274.00
528.63, 280.00
528.96, 302.00
529.29, 272.00
529.62, 279.00
529.95, 269.00
530.28, 269.00
530.61, 266.00
530.95, 275.00
531.28, 264.00
531.61, 279.00
531.94, 283.00
532.27, 281.00
532.60, 284.00
532.93, 291.00
533.26, 278.00
533.59, 272.00
533.92, 274.00
534.25, 269.00
534.58, 304.00
534.91, 278.00
535.25, 269.00
535.58, 275.00
535.91, 274.00
536.24, 279.00
536.57, 281.00
536.90, 275.00
537.23, 282.00
537.56, 323.00
537.89, 299.00
538.22, 295.00
538.55, 299.00
538.88, 309.00
539.21, 435.00
539.54, 334.00
539.87, 346.00
540.20, 362.00
540.53, 398.00
540.86, 468.00
541.19, 480.00
541.52, 525.00
541.85, 545.00
542.18, 560.00
542.51, 563.00
542.84, 565.00
543.17, 560.00
543.50, 550.00
543.82, 558.00
544.15, 525.00
544.48, 545.00
544.81, 580.00
545.14, 606.00
545.47, 570.00
545.80, 555.00
546.13, 464.00
546.46, 483.00
546.79, 431.00
547.12, 389.00
547.45, 375.00
547.78, 366.00
548.10, 357.00
548.43, 349.00
548.76, 341.00
549.09, 338.00
549.42, 334.00
549.75, 322.00
550.08, 330.00
550.41, 326.00
550.74, 329.00
551.06, 317.00
551.39, 322.00
551.72, 300.00
552.05, 299.00
552.38, 296.00
552.71, 296.00
553.03, 288.00
553.36, 298.00
553.69, 284.00
554.02, 275.00
554.35, 274.00
554.68, 266.00
555.00, 272.00
555.33, 269.00
555.66, 262.00
555.99, 291.00
556.32, 275.00
556.64, 269.00
556.97, 281.00
557.30, 275.00
557.63, 269.00
557.96, 279.00
558.28, 278.00
558.61, 275.00
558.94, 269.00
559.27, 268.00
559.59, 277.00
559.92, 272.00
560.25, 266.00
560.58, 265.00
560.90, 273.00
561.23, 262.00
561.56, 261.00
561.89, 257.00
562.21, 250.00
562.54, 251.00
562.87, 245.00
563.20, 246.00
563.52, 249.00
563.85, 244.00
564.18, 263.00
564.50, 245.00
564.83, 276.00
565.16, 307.00
565.48, 239.00
565.81, 237.00
566.14, 235.00
566.47, 231.00
566.79, 233.00
567.12, 239.00
567.45, 268.00
567.77, 229.00
568.10, 239.00
568.43, 237.00
568.75, 232.00
569.08, 235.00
569.40, 273.00
569.73, 244.00
570.06, 232.00
570.38, 233.00
570.71, 233.00
571.04, 235.00
571.36, 243.00
571.69, 239.00
572.01, 236.00
572.34, 238.00
572.67, 244.00
572.99, 236.00
573.32, 256.00
573.64, 247.00
573.97, 236.00
574.30, 236.00
574.62, 246.00
574.95, 241.00
575.27, 252.00
575.60, 251.00
575.92, 250.00
576.25, 265.00
576.58, 261.00
576.90, 258.00
577.23, 286.00
577.55, 262.00
577.88, 259.00
578.20, 261.00
578.53, 265.00
578.85, 286.00
579.18, 290.00
579.50, 280.00
579.83, 267.00
580.15, 274.00
580.48, 276.00
580.80, 278.00
581.13, 284.00
581.45, 279.00
581.78, 278.00
582.10, 291.00
582.43, 289.00
582.75, 288.00
583.08, 282.00
583.40, 288.00
583.73, 375.00
584.05, 300.00
584.38, 284.00
584.70, 326.00
585.03, 285.00
585.35, 286.00
585.67, 286.00
586.00, 301.00
586.32, 329.00
586.65, 339.00
586.97, 344.00
587.30, 332.00
587.62, 314.00
587.94, 321.00
588.27, 297.00
588.59, 289.00
588.92, 276.00
589.24, 282.00
589.56, 284.00
589.89, 283.00
590.21, 272.00
590.54, 282.00
590.86, 278.00
591.18, 274.00
591.51, 288.00
591.83, 294.00
592.15, 298.00
592.48, 305.00
592.80, 297.00
593.13, 296.00
593.45, 291.00
593.77, 296.00
594.10, 286.00
594.42, 292.00
594.74, 284.00
595.07, 287.00
595.39, 284.00
595.71, 285.00
596.03, 287.00
596.36, 275.00
596.68, 285.00
597.00, 289.00
597.33, 300.00
597.65, 306.00
597.97, 297.00
598.30, 302.00
598.62, 306.00
598.94, 310.00
599.26, 308.00
599.59, 302.00
599.91, 308.00
600.23, 295.00
600.55, 288.00
600.88, 279.00
601.20, 272.00
601.52, 257.00
601.84, 253.00
602.17, 250.00
602.49, 260.00
602.81, 241.00
603.13, 252.00
603.45, 255.00
603.78, 246.00
604.10, 244.00
604.42, 245.00
604.74, 241.00
605.07, 245.00
605.39, 243.00
605.71, 244.00
606.03, 247.00
606.35, 241.00
606.67, 250.00
607.00, 247.00
607.32, 242.00
607.64, 244.00
607.96, 243.00
608.28, 253.00
608.60, 254.00
608.93, 275.00
609.25, 311.00
609.57, 361.00
609.89, 457.00
610.21, 521.00
610.53, 565.00
610.85, 560.00
611.17, 530.00
611.50, 488.00
611.82, 459.00
612.14, 427.00
612.46, 401.00
612.78, 373.00
613.10, 359.00
613.42, 340.00
613.74, 346.00
614.06, 361.00
614.38, 329.00
614.70, 331.00
615.03, 324.00
615.35, 315.00
615.67, 395.00
615.99, 277.00
616.31, 261.00
616.63, 261.00
616.95, 260.00
617.27, 247.00
617.59, 252.00
617.91, 240.00
618.23, 252.00
618.55, 239.00
618.87, 234.00
619.19, 239.00
619.51, 234.00
619.83, 236.00
620.15, 236.00
620.47, 237.00
620.79, 237.00
621.11, 236.00
621.43, 242.00
621.75, 247.00
622.07, 242.00
622.39, 235.00
622.71, 235.00
623.03, 241.00
623.35, 281.00
623.67, 231.00
623.99, 232.00
624.31, 236.00
624.63, 241.00
624.95, 232.00
625.26, 234.00
625.58, 226.00
625.90, 255.00
626.22, 233.00
626.54, 229.00
626.86, 237.00
627.18, 233.00
627.50, 238.00
627.82, 239.00
628.14, 236.00
628.46, 243.00
628.77, 242.00
629.09, 243.00
629.41, 258.00
629.73, 262.00
630.05, 273.00
630.37, 273.00
630.69, 272.00
631.00, 274.00
631.32, 251.00
631.64, 243.00
631.96, 244.00
632.28, 245.00
632.60, 239.00
632.92, 232.00
633.23, 234.00
633.55, 238.00
633.87, 234.00
634.19, 245.00
634.51, 239.00
634.82, 254.00
635.14, 258.00
635.46, 249.00
635.78, 251.00
636.10, 253.00
636.41, 252.00
636.73, 253.00
637.05, 246.00
637.37, 247.00
637.68, 247.00
638.00, 247.00
638.32, 250.00
638.64, 256.00
638.95, 263.00
639.27, 256.00
639.59, 252.00
639.91, 243.00
640.22, 246.00
640.54, 241.00
640.86, 239.00
641.18, 252.00
641.49, 268.00
641.81, 249.00
642.13, 258.00
642.44, 263.00
642.76, 250.00
643.08, 252.00
643.40, 256.00
643.71, 260.00
644.03, 251.00
644.35, 265.00
644.66, 273.00
644.98, 267.00
645.30, 264.00
645.61, 275.00
645.93, 256.00
646.25, 250.00
646.56, 254.00
646.88, 279.00
647.19, 237.00
647.51, 238.00
647.83, 232.00
648.14, 238.00
648.46, 244.00
648.78, 248.00
649.09, 248.00
649.41, 301.00
649.72, 262.00
650.04, 285.00
650.36, 284.00
650.67, 285.00
650.99, 283.00
651.30, 285.00
651.62, 281.00
651.93, 289.00
652.25, 310.00
652.57, 324.00
652.88, 285.00
653.20, 278.00
653.51, 279.00
653.83, 273.00
654.14, 254.00
654.46, 254.00
654.77, 260.00
655.09, 270.00
655.40, 279.00
655.72, 259.00
656.04, 251.00
656.35, 250.00
656.67, 250.00
656.98, 252.00
657.30, 246.00
657.61, 254.00
657.93, 262.00
658.24, 267.00
658.55, 296.00
658.87, 258.00
659.18, 265.00
659.50, 261.00
659.81, 272.00
660.13, 268.00
660.44, 268.00
660.76, 263.00
661.07, 278.00
661.39, 265.00
661.70, 246.00
662.01, 244.00
662.33, 237.00
662.64, 237.00
662.96, 226.00
663.27, 218.00
663.59, 213.00
663.90, 211.00
664.21, 216.00
664.53, 242.00
664.84, 220.00
665.16, 240.00
665.47, 222.00
665.78, 229.00
666.10, 235.00
666.41, 232.00
666.72, 238.00
667.04, 251.00
667.35, 239.00
667.67, 238.00
667.98, 244.00
668.29, 245.00
668.61, 243.00
668.92, 236.00
669.23, 234.00
669.55, 234.00
669.86, 263.00
670.17, 227.00
670.48, 222.00
670.80, 222.00
671.11, 212.00
671.42, 214.00
671.74, 215.00
672.05, 219.00
672.36, 222.00
672.68, 218.00
672.99, 227.00
673.30, 229.00
673.61, 246.00
673.93, 252.00
674.24, 256.00
674.55, 262.00
674.86, 264.00
675.18, 266.00
675.49, 276.00
675.80, 265.00
676.11, 273.00
676.43, 283.00
676.74, 269.00
677.05, 268.00
677.36, 275.00
677.67, 263.00
677.99, 260.00
678.30, 249.00
678.61, 243.00
678.92, 231.00
679.23, 237.00
679.55, 221.00
679.86, 212.00
680.17, 210.00
680.48, 213.00
680.79, 215.00
681.10, 197.00
681.42, 201.00
681.73, 200.00
682.04, 197.00
682.35, 192.00
682.66, 203.00
682.97, 202.00
683.28, 203.00
683.60, 209.00
683.91, 204.00
684.22, 216.00
684.53, 197.00
684.84, 198.00
685.15, 199.00
685.46, 224.00
685.77, 200.00
686.08, 202.00
686.40, 235.00
686.71, 196.00
687.02, 195.00
687.33, 192.00
687.64, 186.00
687.95, 181.00
688.26, 185.00
688.57, 181.00
688.88, 185.00
689.19, 173.00
689.50, 177.00
689.81, 180.00
690.12, 177.00
690.43, 193.00
690.74, 182.00
691.05, 172.00
691.36, 194.00
691.67, 173.00
691.98, 176.00
692.29, 178.00
692.60, 181.00
692.91, 170.00
693.22, 174.00
693.53, 177.00
693.84, 175.00
694.15, 171.00
694.46, 177.00
694.77, 174.00
695.08, 175.00
695.39, 181.00
695.70, 173.00
696.01, 178.00
696.32, 174.00
696.63, 175.00
696.94, 169.00
697.25, 169.00
697.56, 178.00
697.87, 178.00
698.17, 212.00
698.48, 174.00
698.79, 174.00
699.10, 174.00
699.41, 184.00
699.72, 170.00
700.03, 179.00
700.34, 172.00
700.65, 177.00
700.95, 174.00
701.26, 178.00
701.57, 169.00
701.88, 168.00
702.19, 184.00
702.50, 179.00
702.81, 175.00
703.11, 195.00
703.42, 172.00
703.73, 176.00
704.04, 181.00
704.35, 183.00
704.66, 191.00
704.96, 216.00
705.27, 244.00
705.58, 258.00
705.89, 263.00
706.20, 233.00
706.50, 223.00
706.81, 225.00
707.12, 211.00
707.43, 197.00
707.73, 200.00
708.04, 186.00
708.35, 187.00
708.66, 181.00
708.97, 182.00
709.27, 179.00
709.58, 176.00
709.89, 176.00
710.19, 177.00
710.50, 178.00
710.81, 181.00
711.12, 186.00
711.42, 191.00
711.73, 194.00
712.04, 187.00
712.35, 182.00
712.65, 177.00
712.96, 181.00
713.27, 183.00
713.57, 207.00
713.88, 197.00
714.19, 167.00
714.49, 175.00
714.80, 183.00
715.11, 172.00
715.41, 171.00
715.72, 174.00
716.03, 168.00
716.33, 177.00
716.64, 169.00
716.94, 168.00
717.25, 172.00
717.56, 179.00
717.86, 167.00
718.17, 169.00
718.48, 168.00
718.78, 172.00
719.09, 169.00
719.39, 167.00
719.70, 165.00
720.01, 166.00
720.31, 166.00
720.62, 176.00
720.92, 179.00
721.23, 172.00
721.53, 182.00
721.84, 182.00
722.15, 182.00
722.45, 174.00
722.76, 179.00
723.06, 175.00
723.37, 174.00
723.67, 177.00
723.98, 177.00
724.28, 177.00
724.59, 176.00
724.89, 178.00
725.20, 179.00
725.50, 188.00
725.81, 180.00
726.11, 167.00
726.42, 170.00
726.72, 175.00
727.03, 210.00
727.33, 172.00
727.64, 180.00
727.94, 172.00
728.25, 166.00
728.55, 166.00
728.86, 190.00
729.16, 162.00
729.46, 160.00
729.77, 164.00
730.07, 162.00
730.38, 168.00
730.68, 169.00
730.99, 182.00
731.29, 166.00
731.59, 174.00
731.90, 168.00
732.20, 172.00
732.51, 172.00
732.81, 174.00
733.11, 180.00
733.42, 176.00
733.72, 181.00
734.02, 182.00
734.33, 173.00
734.63, 170.00
734.94, 177.00
735.24, 178.00
735.54, 176.00
735.85, 177.00
736.15, 178.00
736.45, 179.00
736.76, 177.00
737.06, 176.00
737.36, 172.00
737.67, 169.00
737.97, 174.00
738.27, 173.00
738.57, 166.00
738.88, 166.00
739.18, 209.00
739.48, 170.00
739.79, 168.00
740.09, 170.00
740.39, 166.00
740.69, 179.00
741.00, 168.00
741.30, 180.00
741.60, 170.00
741.90, 173.00
742.21, 178.00
742.51, 227.00
742.81, 184.00
743.11, 185.00
743.42, 213.00
743.72, 192.00
744.02, 201.00
744.32, 203.00
744.63, 213.00
744.93, 216.00
745.23, 219.00
745.53, 224.00
745.83, 217.00
746.13, 219.00
746.44, 217.00
746.74, 222.00
747.04, 211.00
747.34, 224.00
747.64, 224.00
747.94, 217.00
748.25, 217.00
748.55, 219.00
748.85, 222.00
749.15, 229.00
749.45, 238.00
749.75, 216.00
750.05, 202.00
750.35, 195.00
750.66, 207.00
750.96, 187.00
751.26, 181.00
751.56, 174.00
751.86, 177.00
752.16, 168.00
752.46, 166.00
752.76, 176.00
753.06, 171.00
753.36, 208.00
753.66, 171.00
753.96, 175.00
754.27, 171.00
754.57, 171.00
754.87, 174.00
755.17, 172.00
755.47, 179.00
755.77, 180.00
756.07, 186.00
756.37, 183.00
756.67, 191.00
756.97, 188.00
757.27, 194.00
757.57, 188.00
757.87, 198.00
758.17, 193.00
758.47, 191.00
758.77, 193.00
759.07, 188.00
759.37, 193.00
759.67, 200.00
759.97, 195.00
760.27, 196.00
760.57, 198.00
760.86, 188.00
761.16, 188.00
761.46, 188.00
761.76, 211.00
762.06, 175.00
762.36, 183.00
762.66, 179.00
762.96, 171.00
763.26, 178.00
763.56, 202.00
763.86, 174.00
764.16, 165.00
764.45, 181.00
764.75, 170.00
765.05, 164.00
765.35, 162.00
765.65, 167.00
765.95, 166.00
766.25, 174.00
766.55, 177.00
766.84, 165.00
767.14, 171.00
767.44, 172.00
767.74, 178.00
768.04, 177.00
768.34, 173.00
768.63, 175.00
768.93, 182.00
769.23, 182.00
769.53, 191.00
769.83, 185.00
770.12, 185.00
770.42, 185.00
770.72, 181.00
771.02, 180.00
771.32, 182.00
771.61, 185.00
771.91, 193.00
772.21, 186.00
772.51, 185.00
772.80, 182.00
773.10, 183.00
773.40, 189.00
773.70, 185.00
773.99, 185.00
774.29, 183.00
774.59, 190.00
774.88, 181.00
775.18, 195.00
775.48, 348.00
775.78, 663.00
776.07, 920.00
776.37, 1000.00
776.67, 864.00
776.96, 614.00
777.26, 496.00
777.56, 384.00
777.85, 337.00
778.15, 307.00
778.45, 293.00
778.74, 251.00
779.04, 230.00
779.34, 197.00
779.63, 179.00
779.93, 162.00
780.22, 166.00
780.52, 158.00
780.82, 155.00
781.11, 155.00
781.41, 153.00
781.71, 149.00
782.00, 159.00
782.30, 155.00
782.59, 164.00
782.89, 155.00
783.19, 159.00
783.48, 154.00
783.78, 154.00
784.07, 163.00
784.37, 163.00
784.66, 146.00
784.96, 152.00
785.25, 153.00
785.55, 155.00
785.84, 161.00
786.14, 154.00
786.44, 157.00
786.73, 155.00
787.03, 157.00
787.32, 157.00
787.62, 153.00
787.91, 153.00
788.21, 158.00
788.50, 152.00
788.80, 154.00
789.09, 158.00
789.39, 155.00
789.68, 153.00
789.97, 157.00
790.27, 154.00
790.56, 148.00
790.86, 163.00
791.15, 149.00
791.45, 152.00
791.74, 175.00
792.04, 157.00
792.33, 150.00
792.62, 176.00
792.92, 155.00
793.21, 149.00
793.51, 154.00
793.80, 149.00
794.09, 153.00
794.39, 154.00
794.68, 152.00
794.98, 151.00
795.27, 155.00
795.56, 151.00
795.86, 154.00
796.15, 148.00
796.44, 157.00
796.74, 155.00
797.03, 152.00
797.32, 150.00
797.62, 142.00
797.91, 163.00
798.20, 154.00
798.50, 158.00
798.79, 159.00
799.08, 151.00
799.38, 151.00
799.67, 152.00
799.96, 165.00
800.26, 174.00
800.55, 150.00
800.84, 154.00
801.13, 146.00
801.43, 156.00
801.72, 192.00
802.01, 151.00
802.30, 147.00
802.60, 153.00
802.89, 157.00
803.18, 154.00
803.47, 149.00
803.77, 159.00
804.06, 161.00
804.35, 153.00
804.64, 172.00
804.94, 154.00
805.23, 156.00
805.52, 151.00
805.81, 154.00
806.10, 155.00
806.39, 156.00
806.69, 151.00
806.98, 147.00
807.27, 153.00
807.56, 157.00
807.85, 154.00
808.14, 149.00
808.44, 159.00
808.73, 150.00
809.02, 168.00
809.31, 151.00
809.60, 155.00
809.89, 159.00
810.18, 151.00
810.48, 155.00
810.77, 157.00
811.06, 150.00
811.35, 146.00
811.64, 147.00
811.93, 167.00
812.22, 149.00
812.51, 146.00
812.80, 144.00
813.09, 146.00
813.38, 147.00
813.67, 166.00
813.96, 148.00
814.26, 150.00
814.55, 147.00
814.84, 149.00
815.13, 158.00
815.42, 148.00
815.71, 153.00
816.00, 148.00
816.29, 155.00
816.58, 155.00
816.87, 148.00
817.16, 144.00
817.45, 151.00
817.74, 145.00
818.03, 146.00
818.32, 141.00
818.61, 147.00
818.90, 152.00
819.19, 147.00
819.48, 146.00
819.76, 149.00
820.05, 151.00
820.34, 146.00
820.63, 150.00
820.92, 145.00
821.21, 148.00
821.50, 148.00
821.79, 145.00
822.08, 144.00
822.37, 144.00
822.66, 145.00
822.95, 150.00
823.23, 145.00
823.52, 166.00
823.81, 151.00
824.10, 147.00
824.39, 146.00
824.68, 149.00
824.97, 165.00
825.26, 144.00
825.54, 192.00
825.83, 153.00
826.12, 148.00
826.41, 148.00
826.70, 149.00
826.99, 156.00
827.27, 145.00
827.56, 165.00
827.85, 146.00
828.14, 146.00
828.43, 153.00
828.71, 147.00
829.00, 149.00
829.29, 145.00
829.58, 149.00
829.86, 147.00
830.15, 148.00
830.44, 150.00
830.73, 152.00
831.01, 148.00
831.30, 146.00
831.59, 149.00
831.88, 151.00
832.16, 145.00
832.45, 153.00
832.74, 152.00
833.03, 144.00
833.31, 150.00
833.60, 150.00
833.89, 149.00
834.17, 153.00
834.46, 147.00
834.75, 149.00
835.03, 148.00
835.32, 150.00
835.61, 148.00
835.89, 163.00
836.18, 153.00
836.47, 147.00
836.75, 144.00
837.04, 150.00
837.33, 154.00
837.61, 150.00
837.90, 150.00
838.19, 148.00
838.47, 146.00
838.76, 146.00
839.04, 140.00
839.33, 146.00
839.62, 146.00
839.90, 142.00
840.19, 149.00
840.47, 144.00
840.76, 173.00
841.04, 145.00
841.33, 153.00
841.62, 145.00
841.90, 150.00
842.19, 151.00
842.47, 181.00
842.76, 148.00
843.04, 150.00
843.33, 177.00
843.61, 171.00
843.90, 175.00
844.18, 173.00
844.47, 172.00
844.75, 171.00
845.04, 161.00
845.32, 158.00
845.61, 155.00
845.89, 156.00
846.18, 160.00
846.46, 160.00
846.75, 154.00
847.03, 160.00
847.32, 152.00
847.60, 144.00
847.88, 147.00
848.17, 149.00
848.45, 169.00
848.74, 151.00
849.02, 146.00
849.31, 145.00
849.59, 143.00
849.87, 146.00
850.16, 147.00
850.44, 151.00
850.73, 172.00
851.01, 145.00
851.29, 152.00
851.58, 155.00
851.86, 145.00
852.14, 148.00
852.43, 151.00
852.71, 145.00
853.00, 145.00
853.28, 145.00
853.56, 146.00
853.85, 148.00
854.13, 147.00
854.41, 144.00
854.69, 145.00
854.98, 143.00
855.26, 203.00
855.54, 144.00
855.83, 144.00
856.11, 146.00
856.39, 149.00
856.68, 143.00
856.96, 144.00
857.24, 150.00
857.52, 153.00
857.81, 147.00
858.09, 147.00
858.37, 148.00
858.65, 142.00
858.94, 149.00
859.22, 141.00
