190.05, 0.00
190.41, 132.00
190.77, 136.00
191.14, 133.00
191.50, 137.00
191.86, 157.00
192.22, 144.00
192.58, 150.00
192.94, 142.00
193.31, 140.00
193.67, 142.00
194.03, 150.00
194.39, 142.00
194.75, 143.00
195.11, 154.00
195.47, 154.00
195.84, 144.00
196.20, 143.00
196.56, 165.00
196.92, 140.00
197.28, 148.00
197.64, 144.00
198.00, 141.00
198.37, 146.00
198.73, 140.00
199.09, 144.00
199.45, 146.00
199.81, 145.00
200.17, 150.00
200.53, 146.00
200.89, 146.00
201.25, 184.00
201.62, 147.00
201.98, 141.00
202.34, 141.00
202.70, 153.00
203.06, 141.00
203.42, 140.00
203.78, 146.00
204.14, 148.00
204.50, 177.00
204.86, 158.00
205.22, 148.00
205.58, 149.00
205.95, 149.00
206.31, 151.00
206.67, 152.00
207.03, 152.00
207.39, 149.00
207.75, 149.00
208.11, 142.00
208.47, 146.00
208.83, 149.00
209.19, 147.00
209.55, 148.00
209.91, 147.00
210.27, 153.00
210.63, 147.00
210.99, 156.00
211.35, 142.00
211.71, 148.00
212.07, 141.00
212.43, 145.00
212.79, 145.00
213.15, 145.00
213.51, 144.00
213.87, 155.00
214.23, 142.00
214.59, 148.00
214.95, 145.00
215.31, 144.00
215.67, 138.00
216.03, 172.00
216.39, 145.00
216.75, 147.00
217.11, 148.00
217.47, 145.00
217.83, 149.00
218.19, 155.00
218.55, 152.00
218.91, 148.00
219.27, 148.00
219.63, 142.00
219.99, 147.00
220.35, 146.00
220.71, 156.00
221.07, 148.00
221.43, 148.00
221.79, 144.00
222.15, 153.00
222.51, 147.00
222.87, 142.00
223.23, 142.00
223.59, 141.00
223.95, 141.00
224.31, 141.00
224.67, 145.00
225.03, 152.00
225.39, 156.00
225.74, 150.00
226.10, 146.00
226.46, 146.00
226.82, 152.00
227.18, 153.00
227.54, 149.00
227.90, 156.00
228.26, 152.00
228.62, 153.00
228.98, 148.00
229.34, 147.00
229.69, 144.00
230.05, 150.00
230.41, 148.00
230.77, 155.00
231.13, 154.00
231.49, 148.00
231.85, 144.00
232.21, 151.00
232.57, 149.00
232.92, 146.00
233.28, 148.00
233.64, 149.00
234.00, 146.00
234.36, 143.00
234.72, 144.00
235.08, 148.00
235.44, 148.00
235.79, 143.00
236.15, 148.00
236.51, 141.00
236.87, 144.00
237.23, 152.00
237.59, 144.00
237.94, 155.00
238.30, 145.00
238.66, 147.00
239.02, 142.00
239.38, 139.00
239.74, 143.00
240.09, 155.00
240.45, 149.00
240.81, 146.00
241.17, 154.00
241.53, 146.00
241.89, 143.00
242.24, 146.00
242.60, 145.00
242.96, 152.00
243.32, 152.00
243.68, 149.00
244.03, 150.00
244.39, 151.00
244.75, 164.00
245.11, 150.00
245.46, 149.00
245.82, 173.00
246.18, 145.00
246.54, 150.00
246.90, 144.00
247.25, 141.00
247.61, 145.00
247.97, 179.00
248.33, 144.00
248.68, 147.00
249.04, 144.00
249.40, 142.00
249.76, 150.00
250.11, 141.00
250.47, 142.00
250.83, 148.00
251.19, 147.00
251.54, 155.00
251.90, 145.00
252.26, 146.00
252.62, 144.00
252.97, 153.00
253.33, 147.00
253.69, 143.00
254.05, 152.00
254.40, 147.00
254.76, 145.00
255.12, 176.00
255.47, 149.00
255.83, 149.00
256.19, 148.00
256.54, 147.00
256.90, 149.00
257.26, 146.00
257.62, 145.00
257.97, 146.00
258.33, 145.00
258.69, 145.00
259.04, 143.00
259.40, 140.00
259.76, 149.00
260.11, 142.00
260.47, 145.00
260.83, 152.00
261.18, 145.00
261.54, 152.00
261.90, 148.00
262.25, 150.00
262.61, 145.00
262.97, 145.00
263.32, 147.00
263.68, 147.00
264.04, 158.00
264.39, 144.00
264.75, 146.00
265.10, 149.00
265.46, 186.00
265.82, 163.00
266.17, 146.00
266.53, 153.00
266.89, 148.00
267.24, 155.00
267.60, 153.00
267.95, 149.00
268.31, 144.00
268.67, 145.00
269.02, 143.00
269.38, 145.00
269.74, 154.00
270.09, 149.00
270.45, 143.00
270.80, 171.00
271.16, 156.00
271.51, 157.00
271.87, 160.00
272.23, 161.00
272.58, 155.00
272.94, 149.00
273.29, 146.00
273.65, 194.00
274.00, 150.00
274.36, 152.00
274.72, 146.00
275.07, 149.00
275.43, 145.00
275.78, 148.00
276.14, 151.00
276.49, 148.00
276.85, 162.00
277.20, 170.00
277.56, 150.00
277.92, 152.00
278.27, 150.00
278.63, 157.00
278.98, 149.00
279.34, 151.00
279.69, 156.00
280.05, 171.00
280.40, 165.00
280.76, 173.00
281.11, 161.00
281.47, 157.00
281.82, 162.00
282.18, 166.00
282.53, 166.00
282.89, 175.00
283.24, 181.00
283.60, 174.00
283.95, 180.00
284.31, 185.00
284.66, 195.00
285.02, 197.00
285.37, 192.00
285.73, 185.00
286.08, 186.00
286.44, 166.00
286.79, 162.00
287.14, 163.00
287.50, 165.00
287.85, 158.00
288.21, 166.00
288.56, 171.00
288.92, 174.00
289.27, 168.00
289.63, 172.00
289.98, 179.00
290.34, 166.00
290.69, 171.00
291.04, 156.00
291.40, 156.00
291.75, 159.00
292.11, 167.00
292.46, 161.00
292.81, 176.00
293.17, 172.00
293.52, 188.00
293.88, 188.00
294.23, 200.00
294.59, 222.00
294.94, 233.00
295.29, 256.00
295.65, 273.00
296.00, 287.00
296.36, 250.00
296.71, 242.00
297.06, 240.00
297.42, 249.00
297.77, 247.00
298.12, 228.00
298.48, 207.00
298.83, 208.00
299.19, 222.00
299.54, 225.00
299.89, 218.00
300.25, 220.00
300.60, 216.00
300.95, 203.00
301.31, 184.00
301.66, 175.00
302.01, 178.00
302.37, 174.00
302.72, 180.00
303.07, 185.00
303.43, 204.00
303.78, 195.00
304.13, 208.00
304.49, 210.00
304.84, 216.00
305.19, 245.00
305.55, 214.00
305.90, 254.00
306.25, 364.00
306.61, 528.00
306.96, 657.00
307.31, 866.00
307.66, 1250.00
308.02, 1686.00
308.37, 2024.00
308.72, 2304.00
309.08, 2321.00
309.43, 2192.00
309.78, 1843.00
310.13, 1607.00
310.49, 1337.00
310.84, 1072.00
311.19, 926.00
311.54, 797.00
311.90, 658.00
312.25, 599.00
312.60, 608.00
312.95, 722.00
313.31, 771.00
313.66, 783.00
314.01, 785.00
314.36, 798.00
314.72, 925.00
315.07, 1192.00
315.42, 1430.00
315.77, 1477.00
316.13, 1183.00
316.48, 795.00
316.83, 529.00
317.18, 382.00
317.54, 290.00
317.89, 239.00
318.24, 226.00
318.59, 215.00
318.94, 209.00
319.30, 211.00
319.65, 222.00
320.00, 217.00
320.35, 230.00
320.70, 224.00
321.05, 226.00
321.41, 232.00
321.76, 210.00
322.11, 205.00
322.46, 209.00
322.81, 235.00
323.17, 201.00
323.52, 195.00
323.87, 196.00
324.22, 190.00
324.57, 198.00
324.92, 213.00
325.27, 220.00
325.63, 244.00
325.98, 241.00
326.33, 261.00
326.68, 272.00
327.03, 263.00
327.38, 252.00
327.73, 271.00
328.09, 287.00
328.44, 312.00
328.79, 263.00
329.14, 288.00
329.49, 244.00
329.84, 237.00
330.19, 246.00
330.54, 250.00
330.89, 251.00
331.25, 226.00
331.60, 228.00
331.95, 222.00
332.30, 222.00
332.65, 241.00
333.00, 275.00
333.35, 343.00
333.70, 361.00
334.05, 352.00
334.40, 396.00
334.75, 480.00
335.10, 680.00
335.45, 1031.00
335.81, 1456.00
336.16, 2141.00
336.51, 2908.00
336.86, 2940.00
337.21, 2574.00
337.56, 1574.00
337.91, 942.00
338.26, 557.00
338.61, 360.00
338.96, 284.00
339.31, 242.00
339.66, 224.00
340.01, 227.00
340.36, 207.00
340.71, 205.00
341.06, 201.00
341.41, 208.00
341.76, 202.00
342.11, 198.00
342.46, 195.00
342.81, 202.00
343.16, 209.00
343.51, 200.00
343.86, 213.00
344.21, 209.00
344.56, 214.00
344.91, 210.00
345.26, 213.00
345.61, 208.00
345.96, 213.00
346.31, 211.00
346.66, 231.00
347.01, 206.00
347.36, 235.00
347.71, 204.00
348.06, 213.00
348.41, 238.00
348.76, 250.00
349.10, 259.00
349.45, 285.00
349.80, 285.00
350.15, 283.00
350.50, 263.00
350.85, 279.00
351.20, 302.00
351.55, 367.00
351.90, 452.00
352.25, 582.00
352.60, 759.00
352.95, 1009.00
353.30, 1062.00
353.64, 962.00
353.99, 715.00
354.34, 570.00
354.69, 490.00
355.04, 529.00
355.39, 639.00
355.74, 839.00
356.09, 1140.00
356.44, 1465.00
356.78, 2047.00
357.13, 2371.00
357.48, 2273.00
357.83, 1721.00
358.18, 1071.00
358.53, 671.00
358.88, 395.00
359.22, 288.00
359.57, 229.00
359.92, 215.00
360.27, 212.00
360.62, 207.00
360.97, 209.00
361.32, 211.00
361.66, 204.00
362.01, 205.00
362.36, 208.00
362.71, 215.00
363.06, 223.00
363.40, 228.00
363.75, 233.00
364.10, 239.00
364.45, 226.00
364.80, 228.00
365.14, 225.00
365.49, 246.00
365.84, 242.00
366.19, 270.00
366.54, 283.00
366.88, 296.00
367.23, 266.00
367.58, 288.00
367.93, 229.00
368.28, 226.00
368.62, 233.00
368.97, 261.00
369.32, 292.00
369.67, 322.00
370.01, 388.00
370.36, 439.00
370.71, 468.00
371.06, 388.00
371.40, 323.00
371.75, 272.00
372.10, 263.00
372.45, 263.00
372.79, 289.00
373.14, 331.00
373.49, 410.00
373.83, 507.00
374.18, 654.00
374.53, 826.00
374.88, 952.00
375.22, 956.00
375.57, 742.00
375.92, 532.00
376.26, 398.00
376.61, 308.00
376.96, 263.00
377.30, 275.00
377.65, 320.00
378.00, 366.00
378.35, 471.00
378.69, 583.00
379.04, 744.00
379.39, 1001.00
379.73, 1200.00
380.08, 1209.00
380.43, 899.00
380.77, 625.00
381.12, 517.00
381.47, 379.00
381.81, 291.00
382.16, 243.00
382.50, 234.00
382.85, 300.00
383.20, 220.00
383.54, 224.00
383.89, 243.00
384.24, 252.00
384.58, 261.00
384.93, 298.00
385.27, 295.00
385.62, 296.00
385.97, 287.00
386.31, 272.00
386.66, 305.00
387.00, 276.00
387.35, 299.00
387.70, 331.00
388.04, 425.00
388.39, 445.00
388.73, 521.00
389.08, 591.00
389.43, 648.00
389.77, 718.00
390.12, 813.00
390.46, 1081.00
390.81, 1184.00
391.15, 1148.00
391.50, 924.00
391.85, 628.00
392.19, 493.00
392.54, 394.00
392.88, 359.00
393.23, 401.00
393.57, 413.00
393.92, 411.00
394.26, 344.00
394.61, 298.00
394.95, 262.00
395.30, 232.00
395.64, 216.00
395.99, 265.00
396.33, 228.00
396.68, 246.00
397.02, 269.00
397.37, 296.00
397.71, 340.00
398.06, 388.00
398.40, 446.00
398.75, 564.00
399.09, 610.00
399.44, 612.00
399.78, 494.00
400.13, 388.00
400.47, 297.00
400.82, 253.00
401.16, 228.00
401.51, 229.00
401.85, 223.00
402.20, 227.00
402.54, 248.00
402.88, 259.00
403.23, 282.00
403.57, 302.00
403.92, 359.00
404.26, 468.00
404.61, 465.00
404.95, 575.00
405.30, 535.00
405.64, 501.00
405.98, 423.00
406.33, 344.00
406.67, 276.00
407.02, 250.00
407.36, 242.00
407.70, 253.00
408.05, 247.00
408.39, 255.00
408.74, 274.00
409.08, 282.00
409.42, 252.00
409.77, 240.00
410.11, 247.00
410.46, 230.00
410.80, 242.00
411.14, 239.00
411.49, 257.00
411.83, 261.00
412.17, 268.00
412.52, 277.00
412.86, 305.00
413.20, 325.00
413.55, 325.00
413.89, 302.00
414.23, 284.00
414.58, 296.00
414.92, 247.00
415.26, 233.00
415.61, 231.00
415.95, 234.00
416.29, 239.00
416.64, 244.00
416.98, 249.00
417.32, 259.00
417.67, 295.00
418.01, 304.00
418.35, 325.00
418.70, 362.00
419.04, 412.00
419.38, 406.00
419.72, 395.00
420.07, 344.00
420.41, 285.00
420.75, 263.00
421.10, 251.00
421.44, 242.00
421.78, 240.00
422.12, 236.00
422.47, 250.00
422.81, 259.00
423.15, 281.00
423.49, 270.00
423.84, 271.00
424.18, 289.00
424.52, 298.00
424.86, 346.00
425.21, 407.00
425.55, 426.00
425.89, 511.00
426.23, 569.00
426.57, 647.00
426.92, 627.00
427.26, 645.00
427.60, 561.00
427.94, 418.00
428.28, 325.00
428.63, 282.00
428.97, 249.00
429.31, 234.00
429.65, 224.00
429.99, 229.00
430.34, 231.00
430.68, 232.00
431.02, 250.00
431.36, 231.00
431.70, 242.00
432.04, 255.00
432.39, 264.00
432.73, 282.00
433.07, 294.00
433.41, 326.00
433.75, 324.00
434.09, 328.00
434.43, 318.00
434.78, 357.00
435.12, 406.00
435.46, 438.00
435.80, 395.00
436.14, 343.00
436.48, 303.00
436.82, 298.00
437.16, 271.00
437.51, 259.00
437.85, 248.00
438.19, 293.00
438.53, 255.00
438.87, 264.00
439.21, 263.00
439.55, 269.00
439.89, 274.00
440.23, 278.00
440.57, 301.00
440.91, 304.00
441.26, 290.00
441.60, 272.00
441.94, 265.00
442.28, 254.00
442.62, 244.00
442.96, 247.00
443.30, 245.00
443.64, 244.00
443.98, 240.00
444.32, 256.00
444.66, 233.00
445.00, 247.00
445.34, 252.00
445.68, 250.00
446.02, 252.00
446.36, 252.00
446.70, 253.00
447.04, 255.00
447.38, 289.00
447.72, 284.00
448.06, 284.00
448.40, 283.00
448.74, 272.00
449.08, 264.00
449.42, 261.00
449.76, 244.00
450.10, 241.00
450.44, 229.00
450.78, 232.00
451.12, 245.00
451.46, 237.00
451.80, 243.00
452.14, 238.00
452.48, 233.00
452.82, 238.00
453.16, 233.00
453.50, 240.00
453.84, 239.00
454.18, 280.00
454.52, 265.00
454.86, 264.00
455.19, 272.00
455.53, 272.00
455.87, 278.00
456.21, 287.00
456.55, 288.00
456.89, 276.00
457.23, 275.00
457.57, 264.00
457.91, 267.00
458.25, 269.00
458.59, 270.00
458.92, 280.00
459.26, 273.00
459.60, 286.00
459.94, 270.00
460.28, 249.00
460.62, 250.00
460.96, 242.00
461.30, 235.00
461.63, 238.00
461.97, 243.00
462.31, 241.00
462.65, 245.00
462.99, 266.00
463.33, 254.00
463.67, 271.00
464.00, 276.00
464.34, 273.00
464.68, 271.00
465.02, 289.00
465.36, 291.00
465.70, 274.00
466.03, 276.00
466.37, 258.00
466.71, 267.00
467.05, 272.00
467.39, 273.00
467.72, 282.00
468.06, 299.00
468.40, 301.00
468.74, 304.00
469.08, 305.00
469.41, 334.00
469.75, 346.00
470.09, 361.00
470.43, 366.00
470.76, 333.00
471.10, 322.00
471.44, 325.00
471.78, 309.00
472.11, 295.00
472.45, 285.00
472.79, 280.00
473.13, 280.00
473.46, 282.00
473.80, 275.00
474.14, 269.00
474.48, 274.00
474.81, 262.00
475.15, 268.00
475.49, 270.00
475.82, 280.00
476.16, 274.00
476.50, 265.00
476.84, 267.00
477.17, 259.00
477.51, 269.00
477.85, 270.00
478.18, 294.00
478.52, 274.00
478.86, 326.00
479.19, 297.00
479.53, 286.00
479.87, 332.00
480.20, 302.00
480.54, 301.00
480.88, 303.00
481.21, 292.00
481.55, 296.00
481.89, 282.00
482.22, 291.00
482.56, 303.00
482.90, 297.00
483.23, 307.00
483.57, 307.00
483.90, 314.00
484.24, 320.00
484.58, 323.00
484.91, 339.00
485.25, 342.00
485.58, 350.00
485.92, 358.00
486.26, 355.00
486.59, 354.00
486.93, 362.00
487.26, 357.00
487.60, 374.00
487.94, 355.00
488.27, 353.00
488.61, 342.00
488.94, 357.00
489.28, 355.00
489.61, 356.00
489.95, 348.00
490.29, 361.00
490.62, 369.00
490.96, 355.00
491.29, 360.00
491.63, 347.00
491.96, 339.00
492.30, 338.00
492.63, 335.00
492.97, 334.00
493.30, 327.00
493.64, 332.00
493.97, 335.00
494.31, 325.00
494.64, 334.00
494.98, 331.00
495.31, 334.00
495.65, 317.00
495.98, 324.00
496.32, 319.00
496.65, 357.00
496.99, 315.00
497.32, 303.00
497.66, 305.00
497.99, 301.00
498.33, 305.00
498.66, 297.00
499.00, 294.00
499.33, 288.00
499.67, 298.00
500.00, 295.00
500.34, 294.00
500.67, 304.00
501.00, 296.00
501.34, 296.00
501.67, 293.00
502.01, 290.00
502.34, 292.00
502.68, 295.00
503.01, 300.00
503.34, 302.00
503.68, 297.00
504.01, 291.00
504.35, 292.00
504.68, 302.00
505.01, 302.00
505.35, 292.00
505.68, 292.00
506.02, 304.00
506.35, 300.00
506.68, 313.00
507.02, 307.00
507.35, 295.00
507.68, 294.00
508.02, 295.00
508.35, 302.00
508.69, 288.00
509.02, 286.00
509.35, 287.00
509.69, 279.00
510.02, 293.00
510.35, 277.00
510.69, 283.00
511.02, 279.00
511.35, 282.00
511.69, 284.00
512.02, 281.00
512.35, 281.00
512.68, 282.00
513.02, 286.00
513.35, 277.00
513.68, 278.00
514.02, 283.00
514.35, 277.00
514.68, 288.00
515.01, 273.00
515.35, 287.00
515.68, 269.00
516.01, 272.00
516.35, 268.00
516.68, 279.00
517.01, 272.00
517.34, 276.00
517.68, 271.00
518.01, 287.00
518.34, 286.00
518.67, 273.00
519.01, 280.00
519.34, 275.00
519.67, 284.00
520.00, 277.00
520.33, 282.00
520.67, 279.00
521.00, 273.00
521.33, 279.00
521.66, 290.00
522.00, 279.00
522.33, 286.00
522.66, 277.00
522.99, 271.00
523.32, 280.00
523.65, 271.00
523.99, 277.00
524.32, 272.00
524.65, 275.00
524.98, 278.00
525.31, 278.00
525.65, 298.00
525.98, 269.00
526.31, 270.00
526.64, 286.00
526.97, 278.00
527.30, 267.00
527.63, 273.00
527.97, 270.00
528.30, 266.00
528.63, 270.00
528.96, 297.00
529.29, 264.00
529.62, 275.00
529.95, 258.00
530.28, 258.00
530.61, 260.00
530.95, 258.00
531.28, 258.00
531.61, 267.00
531.94, 283.00
532.27, 283.00
532.60, 277.00
532.93, 284.00
533.26, 270.00
533.59, 263.00
533.92, 266.00
534.25, 262.00
534.58, 300.00
534.91, 265.00
535.25, 259.00
535.58, 268.00
535.91, 261.00
536.24, 272.00
536.57, 274.00
536.90, 271.00
537.23, 286.00
537.56, 325.00
537.89, 289.00
538.22, 295.00
538.55, 292.00
538.88, 314.00
539.21, 437.00
539.54, 329.00
539.87, 332.00
540.20, 373.00
540.53, 385.00
540.86, 472.00
541.19, 480.00
541.52, 513.00
541.85, 530.00
542.18, 546.00
542.51, 572.00
542.84, 572.00
543.17, 561.00
543.50, 568.00
543.82, 553.00
544.15, 541.00
544.48, 537.00
544.81, 568.00
545.14, 613.00
545.47, 568.00
545.80, 543.00
546.13, 463.00
546.46, 470.00
546.79, 430.00
547.12, 373.00
547.45, 366.00
547.78, 364.00
548.10, 341.00
548.43, 345.00
548.76, 347.00
549.09, 329.00
549.42, 328.00
549.75, 328.00
550.08, 323.00
550.41, 313.00
550.74, 316.00
551.06, 314.00
551.39, 313.00
551.72, 298.00
552.05, 297.00
552.38, 294.00
552.71, 288.00
553.03, 292.00
553.36, 283.00
553.69, 289.00
554.02, 268.00
554.35, 275.00
554.68, 268.00
555.00, 273.00
555.33, 266.00
555.66, 262.00
555.99, 287.00
556.32, 266.00
556.64, 273.00
556.97, 276.00
557.30, 266.00
557.63, 269.00
557.96, 271.00
558.28, 268.00
558.61, 281.00
558.94, 268.00
559.27, 258.00
559.59, 262.00
559.92, 255.00
560.25, 260.00
560.58, 261.00
560.90, 263.00
561.23, 259.00
561.56, 247.00
561.89, 251.00
562.21, 254.00
562.54, 250.00
562.87, 242.00
563.20, 242.00
563.52, 245.00
563.85, 246.00
564.18, 257.00
564.50, 240.00
564.83, 271.00
565.16, 293.00
565.48, 237.00
565.81, 245.00
566.14, 231.00
566.47, 232.00
566.79, 232.00
567.12, 227.00
567.45, 260.00
567.77, 231.00
568.10, 241.00
568.43, 241.00
568.75, 231.00
569.08, 235.00
569.40, 274.00
569.73, 241.00
570.06, 229.00
570.38, 229.00
570.71, 235.00
571.04, 232.00
571.36, 236.00
571.69, 244.00
572.01, 237.00
572.34, 234.00
572.67, 236.00
572.99, 226.00
573.32, 257.00
573.64, 240.00
573.97, 239.00
574.30, 242.00
574.62, 234.00
574.95, 237.00
575.27, 238.00
575.60, 247.00
575.92, 252.00
576.25, 254.00
576.58, 264.00
576.90, 253.00
577.23, 281.00
577.55, 252.00
577.88, 256.00
578.20, 259.00
578.53, 263.00
578.85, 286.00
579.18, 280.00
579.50, 272.00
579.83, 276.00
580.15, 270.00
580.48, 266.00
580.80, 275.00
581.13, 278.00
581.45, 272.00
581.78, 276.00
582.10, 289.00
582.43, 288.00
582.75, 289.00
583.08, 289.00
583.40, 287.00
583.73, 351.00
584.05, 289.00
584.38, 283.00
584.70, 328.00
585.03, 286.00
585.35, 281.00
585.67, 293.00
586.00, 295.00
586.32, 321.00
586.65, 328.00
586.97, 336.00
587.30, 328.00
587.62, 306.00
587.94, 319.00
588.27, 293.00
588.59, 277.00
588.92, 292.00
589.24, 283.00
589.56, 284.00
589.89, 282.00
590.21, 266.00
590.54, 265.00
590.86, 261.00
591.18, 270.00
591.51, 278.00
591.83, 295.00
592.15, 296.00
592.48, 291.00
592.80, 301.00
593.13, 293.00
593.45, 297.00
593.77, 290.00
594.10, 299.00
594.42, 285.00
594.74, 283.00
595.07, 281.00
595.39, 283.00
595.71, 279.00
596.03, 290.00
596.36, 282.00
596.68, 277.00
597.00, 282.00
597.33, 283.00
597.65, 298.00
597.97, 298.00
598.30, 303.00
598.62, 296.00
598.94, 297.00
599.26, 307.00
599.59, 311.00
599.91, 299.00
600.23, 290.00
600.55, 281.00
600.88, 277.00
601.20, 270.00
601.52, 261.00
601.84, 249.00
602.17, 254.00
602.49, 247.00
602.81, 237.00
603.13, 241.00
603.45, 248.00
603.78, 243.00
604.10, 248.00
604.42, 244.00
604.74, 238.00
605.07, 240.00
605.39, 237.00
605.71, 234.00
606.03, 241.00
606.35, 239.00
606.67, 251.00
607.00, 244.00
607.32, 244.00
607.64, 249.00
607.96, 234.00
608.28, 251.00
608.60, 255.00
608.93, 264.00
609.25, 313.00
609.57, 357.00
609.89, 452.00
610.21, 528.00
610.53, 567.00
610.85, 566.00
611.17, 524.00
611.50, 493.00
611.82, 443.00
612.14, 425.00
612.46, 401.00
612.78, 376.00
613.10, 351.00
613.42, 331.00
613.74, 334.00
614.06, 353.00
614.38, 329.00
614.70, 315.00
615.03, 315.00
615.35, 304.00
615.67, 392.00
615.99, 271.00
616.31, 264.00
616.63, 260.00
616.95, 258.00
617.27, 238.00
617.59, 247.00
617.91, 239.00
618.23, 245.00
618.55, 235.00
618.87, 236.00
619.19, 240.00
619.51, 234.00
619.83, 246.00
620.15, 237.00
620.47, 239.00
620.79, 242.00
621.11, 241.00
621.43, 235.00
621.75, 244.00
622.07, 242.00
622.39, 232.00
622.71, 235.00
623.03, 233.00
623.35, 269.00
623.67, 231.00
623.99, 239.00
624.31, 230.00
624.63, 237.00
624.95, 229.00
625.26, 231.00
625.58, 223.00
625.90, 249.00
626.22, 231.00
626.54, 230.00
626.86, 232.00
627.18, 229.00
627.50, 233.00
627.82, 229.00
628.14, 235.00
628.46, 240.00
628.77, 242.00
629.09, 244.00
629.41, 259.00
629.73, 254.00
630.05, 275.00
630.37, 268.00
630.69, 271.00
631.00, 266.00
631.32, 265.00
631.64, 251.00
631.96, 242.00
632.28, 239.00
632.60, 235.00
632.92, 223.00
633.23, 232.00
633.55, 229.00
633.87, 225.00
634.19, 236.00
634.51, 230.00
634.82, 246.00
635.14, 250.00
635.46, 242.00
635.78, 242.00
636.10, 248.00
636.41, 243.00
636.73, 245.00
637.05, 239.00
637.37, 244.00
637.68, 246.00
638.00, 245.00
638.32, 247.00
638.64, 252.00
638.95, 248.00
639.27, 244.00
639.59, 241.00
639.91, 237.00
640.22, 237.00
640.54, 244.00
640.86, 234.00
641.18, 244.00
641.49, 258.00
641.81, 253.00
642.13, 254.00
642.44, 249.00
642.76, 243.00
643.08, 246.00
643.40, 252.00
643.71, 257.00
644.03, 262.00
644.35, 270.00
644.66, 268.00
644.98, 256.00
645.30, 267.00
645.61, 276.00
645.93, 247.00
646.25, 244.00
646.56, 246.00
646.88, 268.00
647.19, 243.00
647.51, 242.00
647.83, 226.00
648.14, 230.00
648.46, 235.00
648.78, 245.00
649.09, 250.00
649.41, 299.00
649.72, 268.00
650.04, 282.00
650.36, 279.00
650.67, 280.00
650.99, 281.00
651.30, 282.00
651.62, 283.00
651.93, 293.00
652.25, 301.00
652.57, 325.00
652.88, 290.00
653.20, 283.00
653.51, 283.00
653.83, 275.00
654.14, 256.00
654.46, 248.00
654.77, 250.00
655.09, 264.00
655.40, 273.00
655.72, 256.00
656.04, 244.00
656.35, 248.00
656.67, 245.00
656.98, 252.00
657.30, 250.00
657.61, 255.00
657.93, 253.00
658.24, 256.00
658.55, 296.00
658.87, 260.00
659.18, 258.00
659.50, 262.00
659.81, 265.00
660.13, 262.00
660.44, 266.00
660.76, 271.00
661.07, 279.00
661.39, 257.00
661.70, 254.00
662.01, 234.00
662.33, 243.00
662.64, 228.00
662.96, 225.00
663.27, 222.00
663.59, 213.00
663.90, 210.00
664.21, 213.00
664.53, 234.00
664.84, 223.00
665.16, 244.00
665.47, 225.00
665.78, 220.00
666.10, 230.00
666.41, 232.00
666.72, 236.00
667.04, 239.00
667.35, 248.00
667.67, 230.00
667.98, 238.00
668.29, 242.00
668.61, 236.00
668.92, 231.00
669.23, 236.00
669.55, 232.00
669.86, 254.00
670.17, 226.00
670.48, 216.00
670.80, 214.00
671.11, 217.00
671.42, 211.00
671.74, 222.00
672.05, 219.00
672.36, 227.00
672.68, 224.00
672.99, 229.00
673.30, 232.00
673.61, 241.00
673.93, 254.00
674.24, 259.00
674.55, 253.00
674.86, 263.00
675.18, 268.00
675.49, 274.00
675.80, 265.00
676.11, 278.00
676.43, 275.00
676.74, 271.00
677.05, 265.00
677.36, 279.00
677.67, 272.00
677.99, 256.00
678.30, 248.00
678.61, 244.00
678.92, 230.00
679.23, 226.00
679.55, 216.00
679.86, 207.00
680.17, 208.00
680.48, 209.00
680.79, 203.00
681.10, 190.00
681.42, 202.00
681.73, 197.00
682.04, 194.00
682.35, 193.00
682.66, 201.00
682.97, 193.00
683.28, 207.00
683.60, 199.00
683.91, 198.00
684.22, 212.00
684.53, 203.00
684.84, 196.00
685.15, 205.00
685.46, 220.00
685.77, 199.00
686.08, 193.00
686.40, 238.00
686.71, 195.00
687.02, 194.00
687.33, 189.00
687.64, 188.00
687.95, 188.00
688.26, 181.00
688.57, 181.00
688.88, 180.00
689.19, 172.00
689.50, 173.00
689.81, 180.00
690.12, 171.00
690.43, 189.00
690.74, 178.00
691.05, 173.00
691.36, 183.00
691.67, 175.00
691.98, 175.00
692.29, 176.00
692.60, 183.00
692.91, 174.00
693.22, 177.00
693.53, 170.00
693.84, 184.00
694.15, 176.00
694.46, 174.00
694.77, 176.00
695.08, 177.00
695.39, 174.00
695.70, 174.00
696.01, 173.00
696.32, 172.00
696.63, 164.00
696.94, 179.00
697.25, 174.00
697.56, 176.00
697.87, 183.00
698.17, 211.00
698.48, 174.00
698.79, 173.00
699.10, 173.00
699.41, 174.00
699.72, 172.00
700.03, 165.00
700.34, 171.00
700.65, 174.00
700.95, 166.00
701.26, 170.00
701.57, 171.00
701.88, 172.00
702.19, 188.00
702.50, 178.00
702.81, 173.00
703.11, 198.00
703.42, 176.00
703.73, 174.00
704.04, 170.00
704.35, 176.00
704.66, 191.00
704.96, 211.00
705.27, 231.00
705.58, 244.00
705.89, 245.00
706.20, 219.00
706.50, 218.00
706.81, 221.00
707.12, 199.00
707.43, 195.00
707.73, 200.00
708.04, 189.00
708.35, 190.00
708.66, 178.00
708.97, 175.00
709.27, 181.00
709.58, 182.00
709.89, 178.00
710.19, 174.00
710.50, 179.00
710.81, 177.00
711.12, 180.00
711.42, 181.00
711.73, 190.00
712.04, 181.00
712.35, 180.00
712.65, 174.00
712.96, 184.00
713.27, 181.00
713.57, 206.00
713.88, 194.00
714.19, 172.00
714.49, 175.00
714.80, 179.00
715.11, 174.00
715.41, 175.00
715.72, 175.00
716.03, 169.00
716.33, 184.00
716.64, 165.00
716.94, 172.00
717.25, 166.00
717.56, 176.00
717.86, 174.00
718.17, 165.00
718.48, 170.00
718.78, 166.00
719.09, 169.00
719.39, 165.00
719.70, 170.00
720.01, 169.00
720.31, 170.00
720.62, 172.00
720.92, 168.00
721.23, 179.00
721.53, 178.00
721.84, 166.00
722.15, 181.00
722.45, 173.00
722.76, 173.00
723.06, 171.00
723.37, 173.00
723.67, 175.00
723.98, 174.00
724.28, 175.00
724.59, 181.00
724.89, 180.00
725.20, 175.00
725.50, 186.00
725.81, 172.00
726.11, 182.00
726.42, 178.00
726.72, 175.00
727.03, 209.00
727.33, 172.00
727.64, 171.00
727.94, 172.00
728.25, 172.00
728.55, 170.00
728.86, 188.00
729.16, 166.00
729.46, 166.00
729.77, 173.00
730.07, 163.00
730.38, 170.00
730.68, 168.00
730.99, 171.00
731.29, 170.00
731.59, 176.00
731.90, 170.00
732.20, 175.00
732.51, 174.00
732.81, 173.00
733.11, 180.00
733.42, 177.00
733.72, 186.00
734.02, 179.00
734.33, 176.00
734.63, 171.00
734.94, 173.00
735.24, 176.00
735.54, 178.00
735.85, 174.00
736.15, 178.00
736.45, 174.00
736.76, 171.00
737.06, 174.00
737.36, 176.00
737.67, 176.00
737.97, 173.00
738.27, 173.00
738.57, 173.00
738.88, 168.00
739.18, 211.00
739.48, 168.00
739.79, 168.00
740.09, 170.00
740.39, 169.00
740.69, 169.00
741.00, 167.00
741.30, 178.00
741.60, 180.00
741.90, 180.00
742.21, 179.00
742.51, 226.00
742.81, 177.00
743.11, 186.00
743.42, 216.00
743.72, 198.00
744.02, 199.00
744.32, 203.00
744.63, 209.00
744.93, 215.00
745.23, 218.00
745.53, 223.00
745.83, 217.00
746.13, 222.00
746.44, 215.00
746.74, 218.00
747.04, 216.00
747.34, 219.00
747.64, 219.00
747.94, 221.00
748.25, 219.00
748.55, 224.00
748.85, 222.00
749.15, 225.00
749.45, 242.00
749.75, 217.00
750.05, 203.00
750.35, 191.00
750.66, 203.00
750.96, 190.00
751.26, 185.00
751.56, 177.00
751.86, 185.00
752.16, 168.00
752.46, 169.00
752.76, 167.00
753.06, 170.00
753.36, 208.00
753.66, 171.00
753.96, 172.00
754.27, 168.00
754.57, 173.00
754.87, 170.00
755.17, 170.00
755.47, 174.00
755.77, 175.00
756.07, 183.00
756.37, 186.00
756.67, 193.00
756.97, 187.00
757.27, 198.00
757.57, 194.00
757.87, 195.00
758.17, 189.00
758.47, 199.00
758.77, 204.00
759.07, 190.00
759.37, 194.00
759.67, 192.00
759.97, 201.00
760.27, 191.00
760.57, 187.00
760.86, 185.00
761.16, 191.00
761.46, 186.00
761.76, 215.00
762.06, 180.00
762.36, 192.00
762.66, 176.00
762.96, 166.00
763.26, 171.00
763.56, 202.00
763.86, 175.00
764.16, 166.00
764.45, 175.00
764.75, 161.00
765.05, 166.00
765.35, 162.00
765.65, 168.00
765.95, 165.00
766.25, 165.00
766.55, 178.00
766.84, 170.00
767.14, 169.00
767.44, 170.00
767.74, 175.00
768.04, 177.00
768.34, 179.00
768.63, 178.00
768.93, 180.00
769.23, 183.00
769.53, 187.00
769.83, 186.00
770.12, 186.00
770.42, 183.00
770.72, 187.00
771.02, 182.00
771.32, 180.00
771.61, 180.00
771.91, 195.00
772.21, 182.00
772.51, 187.00
772.80, 181.00
773.10, 185.00
773.40, 188.00
773.70, 180.00
773.99, 176.00
774.29, 195.00
774.59, 186.00
774.88, 174.00
775.18, 184.00
775.48, 304.00
775.78, 569.00
776.07, 794.00
776.37, 860.00
776.67, 742.00
776.96, 534.00
777.26, 453.00
777.56, 353.00
777.85, 306.00
778.15, 279.00
778.45, 270.00
778.74, 237.00
779.04, 218.00
779.34, 186.00
779.63, 180.00
779.93, 170.00
780.22, 156.00
780.52, 154.00
780.82, 161.00
781.11, 157.00
781.41, 156.00
781.71, 157.00
782.00, 152.00
782.30, 158.00
782.59, 164.00
782.89, 159.00
783.19, 151.00
783.48, 156.00
783.78, 160.00
784.07, 161.00
784.37, 160.00
784.66, 158.00
784.96, 153.00
785.25, 158.00
785.55, 155.00
785.84, 159.00
786.14, 156.00
786.44, 158.00
786.73, 156.00
787.03, 155.00
787.32, 152.00
787.62, 151.00
787.91, 159.00
788.21, 159.00
788.50, 154.00
788.80, 157.00
789.09, 158.00
789.39, 154.00
789.68, 155.00
789.97, 163.00
790.27, 155.00
790.56, 158.00
790.86, 167.00
791.15, 150.00
791.45, 157.00
791.74, 173.00
792.04, 155.00
792.33, 148.00
792.62, 176.00
792.92, 154.00
793.21, 149.00
793.51, 159.00
793.80, 146.00
794.09, 149.00
794.39, 148.00
794.68, 146.00
794.98, 150.00
795.27, 151.00
795.56, 151.00
795.86, 152.00
796.15, 150.00
796.44, 155.00
796.74, 152.00
797.03, 151.00
797.32, 155.00
797.62, 152.00
797.91, 164.00
798.20, 150.00
798.50, 158.00
798.79, 159.00
799.08, 154.00
799.38, 155.00
799.67, 152.00
799.96, 160.00
800.26, 178.00
800.55, 152.00
800.84, 165.00
801.13, 156.00
801.43, 155.00
801.72, 185.00
802.01, 151.00
802.30, 152.00
802.60, 152.00
802.89, 158.00
803.18, 156.00
803.47, 154.00
803.77, 161.00
804.06, 160.00
804.35, 155.00
804.64, 177.00
804.94, 155.00
805.23, 151.00
805.52, 156.00
805.81, 157.00
806.10, 151.00
806.39, 152.00
806.69, 149.00
806.98, 152.00
807.27, 152.00
807.56, 157.00
807.85, 151.00
808.14, 148.00
808.44, 157.00
808.73, 155.00
809.02, 162.00
809.31, 153.00
809.60, 157.00
809.89, 162.00
810.18, 156.00
810.48, 159.00
810.77, 149.00
811.06, 150.00
811.35, 153.00
811.64, 157.00
811.93, 172.00
812.22, 148.00
812.51, 144.00
812.80, 142.00
813.09, 150.00
813.38, 151.00
813.67, 166.00
813.96, 147.00
814.26, 140.00
814.55, 141.00
814.84, 150.00
815.13, 157.00
815.42, 149.00
815.71, 149.00
816.00, 147.00
816.29, 159.00
816.58, 148.00
816.87, 151.00
817.16, 153.00
817.45, 154.00
817.74, 148.00
818.03, 151.00
818.32, 145.00
818.61, 149.00
818.90, 149.00
819.19, 151.00
819.48, 150.00
819.76, 148.00
820.05, 150.00
820.34, 148.00
820.63, 145.00
820.92, 147.00
821.21, 147.00
821.50, 146.00
821.79, 149.00
822.08, 148.00
822.37, 150.00
822.66, 148.00
822.95, 151.00
823.23, 152.00
823.52, 167.00
823.81, 150.00
824.10, 148.00
824.39, 143.00
824.68, 144.00
824.97, 164.00
825.26, 149.00
825.54, 193.00
825.83, 145.00
826.12, 140.00
826.41, 146.00
826.70, 146.00
826.99, 159.00
827.27, 143.00
827.56, 164.00
827.85, 148.00
828.14, 145.00
828.43, 154.00
828.71, 157.00
829.00, 146.00
829.29, 151.00
829.58, 154.00
829.86, 147.00
830.15, 146.00
830.44, 149.00
830.73, 149.00
831.01, 152.00
831.30, 149.00
831.59, 147.00
831.88, 144.00
832.16, 153.00
832.45, 150.00
832.74, 148.00
833.03, 150.00
833.31, 150.00
833.60, 143.00
833.89, 137.00
834.17, 148.00
834.46, 143.00
834.75, 139.00
835.03, 145.00
835.32, 143.00
835.61, 147.00
835.89, 158.00
836.18, 145.00
836.47, 145.00
836.75, 146.00
837.04, 153.00
837.33, 150.00
837.61, 148.00
837.90, 147.00
838.19, 145.00
838.47, 146.00
838.76, 148.00
839.04, 149.00
839.33, 144.00
839.62, 145.00
839.90, 148.00
840.19, 143.00
840.47, 145.00
840.76, 175.00
841.04, 150.00
841.33, 149.00
841.62, 148.00
841.90, 151.00
842.19, 143.00
842.47, 177.00
842.76, 146.00
843.04, 153.00
843.33, 175.00
843.61, 174.00
843.90, 164.00
844.18, 167.00
844.47, 168.00
844.75, 170.00
845.04, 154.00
845.32, 154.00
845.61, 153.00
845.89, 155.00
846.18, 155.00
846.46, 156.00
846.75, 152.00
847.03, 162.00
847.32, 149.00
847.60, 149.00
847.88, 144.00
848.17, 156.00
848.45, 164.00
848.74, 153.00
849.02, 150.00
849.31, 147.00
849.59, 149.00
849.87, 149.00
850.16, 142.00
850.44, 151.00
850.73, 180.00
851.01, 149.00
851.29, 148.00
851.58, 150.00
851.86, 151.00
852.14, 145.00
852.43, 149.00
852.71, 145.00
853.00, 146.00
853.28, 149.00
853.56, 147.00
853.85, 150.00
854.13, 145.00
854.41, 142.00
854.69, 145.00
854.98, 147.00
855.26, 201.00
855.54, 145.00
855.83, 145.00
856.11, 151.00
856.39, 149.00
856.68, 145.00
856.96, 153.00
857.24, 150.00
857.52, 149.00
857.81, 146.00
858.09, 144.00
858.37, 149.00
858.65, 146.00
858.94, 144.00
859.22, 145.00
