190.05, 0.00
190.41, 139.00
190.77, 142.00
191.14, 139.00
191.50, 149.00
191.86, 165.00
192.22, 153.00
192.58, 157.00
192.94, 151.00
193.31, 152.00
193.67, 153.00
194.03, 159.00
194.39, 146.00
194.75, 155.00
195.11, 159.00
195.47, 161.00
195.84, 154.00
196.20, 150.00
196.56, 164.00
196.92, 152.00
197.28, 154.00
197.64, 150.00
198.00, 155.00
198.37, 148.00
198.73, 147.00
199.09, 146.00
199.45, 151.00
199.81, 152.00
200.17, 158.00
200.53, 144.00
200.89, 155.00
201.25, 181.00
201.62, 147.00
201.98, 149.00
202.34, 147.00
202.70, 161.00
203.06, 145.00
203.42, 153.00
203.78, 152.00
204.14, 152.00
204.50, 174.00
204.86, 161.00
205.22, 160.00
205.58, 150.00
205.95, 152.00
206.31, 148.00
206.67, 153.00
207.03, 152.00
207.39, 154.00
207.75, 154.00
208.11, 145.00
208.47, 150.00
208.83, 158.00
209.19, 158.00
209.55, 147.00
209.91, 147.00
210.27, 150.00
210.63, 148.00
210.99, 154.00
211.35, 148.00
211.71, 155.00
212.07, 149.00
212.43, 150.00
212.79, 151.00
213.15, 150.00
213.51, 151.00
213.87, 154.00
214.23, 150.00
214.59, 155.00
214.95, 149.00
215.31, 149.00
215.67, 154.00
216.03, 177.00
216.39, 150.00
216.75, 151.00
217.11, 155.00
217.47, 158.00
217.83, 154.00
218.19, 153.00
218.55, 153.00
218.91, 152.00
219.27, 149.00
219.63, 150.00
219.99, 151.00
220.35, 146.00
220.71, 161.00
221.07, 146.00
221.43, 152.00
221.79, 147.00
222.15, 150.00
222.51, 154.00
222.87, 152.00
223.23, 145.00
223.59, 147.00
223.95, 150.00
224.31, 149.00
224.67, 151.00
225.03, 157.00
225.39, 157.00
225.74, 153.00
226.10, 149.00
226.46, 152.00
226.82, 156.00
227.18, 153.00
227.54, 157.00
227.90, 153.00
228.26, 152.00
228.62, 159.00
228.98, 155.00
229.34, 150.00
229.69, 149.00
230.05, 155.00
230.41, 151.00
230.77, 155.00
231.13, 160.00
231.49, 153.00
231.85, 152.00
232.21, 157.00
232.57, 160.00
232.92, 154.00
233.28, 149.00
233.64, 156.00
234.00, 152.00
234.36, 152.00
234.72, 147.00
235.08, 154.00
235.44, 155.00
235.79, 150.00
236.15, 153.00
236.51, 149.00
236.87, 148.00
237.23, 151.00
237.59, 152.00
237.94, 156.00
238.30, 154.00
238.66, 156.00
239.02, 149.00
239.38, 154.00
239.74, 148.00
240.09, 156.00
240.45, 151.00
240.81, 154.00
241.17, 159.00
241.53, 149.00
241.89, 151.00
242.24, 152.00
242.60, 148.00
242.96, 156.00
243.32, 151.00
243.68, 151.00
244.03, 154.00
244.39, 147.00
244.75, 169.00
245.11, 154.00
245.46, 155.00
245.82, 171.00
246.18, 147.00
246.54, 151.00
246.90, 147.00
247.25, 145.00
247.61, 153.00
247.97, 181.00
248.33, 152.00
248.68, 148.00
249.04, 150.00
249.40, 146.00
249.76, 150.00
250.11, 150.00
250.47, 150.00
250.83, 158.00
251.19, 154.00
251.54, 163.00
251.90, 158.00
252.26, 156.00
252.62, 151.00
252.97, 156.00
253.33, 143.00
253.69, 150.00
254.05, 156.00
254.40, 150.00
254.76, 149.00
255.12, 184.00
255.47, 151.00
255.83, 155.00
256.19, 152.00
256.54, 152.00
256.90, 149.00
257.26, 149.00
257.62, 155.00
257.97, 146.00
258.33, 154.00
258.69, 149.00
259.04, 146.00
259.40, 150.00
259.76, 153.00
260.11, 150.00
260.47, 145.00
260.83, 155.00
261.18, 149.00
261.54, 163.00
261.90, 158.00
262.25, 149.00
262.61, 149.00
262.97, 152.00
263.32, 152.00
263.68, 148.00
264.04, 155.00
264.39, 153.00
264.75, 150.00
265.10, 153.00
265.46, 194.00
265.82, 167.00
266.17, 149.00
266.53, 148.00
266.89, 156.00
267.24, 158.00
267.60, 151.00
267.95, 152.00
268.31, 148.00
268.67, 146.00
269.02, 152.00
269.38, 147.00
269.74, 157.00
270.09, 152.00
270.45, 148.00
270.80, 172.00
271.16, 148.00
271.51, 159.00
271.87, 159.00
272.23, 152.00
272.58, 153.00
272.94, 150.00
273.29, 149.00
273.65, 201.00
274.00, 151.00
274.36, 157.00
274.72, 148.00
275.07, 149.00
275.43, 151.00
275.78, 153.00
276.14, 150.00
276.49, 153.00
276.85, 162.00
277.20, 174.00
277.56, 149.00
277.92, 146.00
278.27, 150.00
278.63, 157.00
278.98, 152.00
279.34, 152.00
279.69, 151.00
280.05, 166.00
280.40, 151.00
280.76, 162.00
281.11, 152.00
281.47, 146.00
281.82, 152.00
282.18, 148.00
282.53, 152.00
282.89, 155.00
283.24, 149.00
283.60, 146.00
283.95, 151.00
284.31, 149.00
284.66, 149.00
285.02, 148.00
285.37, 148.00
285.73, 151.00
286.08, 154.00
286.44, 148.00
286.79, 163.00
287.14, 158.00
287.50, 154.00
287.85, 152.00
288.21, 154.00
288.56, 151.00
288.92, 152.00
289.27, 152.00
289.63, 148.00
289.98, 157.00
290.34, 147.00
290.69, 161.00
291.04, 148.00
291.40, 149.00
291.75, 153.00
292.11, 156.00
292.46, 148.00
292.81, 157.00
293.17, 151.00
293.52, 151.00
293.88, 148.00
294.23, 149.00
294.59, 149.00
294.94, 148.00
295.29, 148.00
295.65, 142.00
296.00, 163.00
296.36, 145.00
296.71, 148.00
297.06, 146.00
297.42, 146.00
297.77, 148.00
298.12, 154.00
298.48, 152.00
298.83, 157.00
299.19, 146.00
299.54, 151.00
299.89, 150.00
300.25, 150.00
300.60, 154.00
300.95, 153.00
301.31, 150.00
301.66, 147.00
302.01, 150.00
302.37, 149.00
302.72, 151.00
303.07, 151.00
303.43, 151.00
303.78, 146.00
304.13, 154.00
304.49, 152.00
304.84, 157.00
305.19, 192.00
305.55, 150.00
305.90, 149.00
306.25, 153.00
306.61, 148.00
306.96, 147.00
307.31, 142.00
307.66, 145.00
308.02, 150.00
308.37, 157.00
308.72, 149.00
309.08, 151.00
309.43, 151.00
309.78, 150.00
310.13, 148.00
310.49, 159.00
310.84, 149.00
311.19, 153.00
311.54, 158.00
311.90, 146.00
312.25, 154.00
312.60, 143.00
312.95, 153.00
313.31, 154.00
313.66, 147.00
314.01, 159.00
314.36, 160.00
314.72, 146.00
315.07, 148.00
315.42, 149.00
315.77, 182.00
316.13, 149.00
316.48, 147.00
316.83, 146.00
317.18, 150.00
317.54, 150.00
317.89, 148.00
318.24, 153.00
318.59, 145.00
318.94, 147.00
319.30, 147.00
319.65, 144.00
320.00, 147.00
320.35, 151.00
320.70, 145.00
321.05, 150.00
321.41, 153.00
321.76, 153.00
322.11, 150.00
322.46, 143.00
322.81, 188.00
323.17, 154.00
323.52, 142.00
323.87, 148.00
324.22, 146.00
324.57, 153.00
324.92, 147.00
325.27, 151.00
325.63, 151.00
325.98, 147.00
326.33, 152.00
326.68, 152.00
327.03, 150.00
327.38, 147.00
327.73, 148.00
328.09, 153.00
328.44, 180.00
328.79, 155.00
329.14, 179.00
329.49, 150.00
329.84, 151.00
330.19, 156.00
330.54, 151.00
330.89, 160.00
331.25, 150.00
331.60, 153.00
331.95, 150.00
332.30, 143.00
332.65, 145.00
333.00, 148.00
333.35, 190.00
333.70, 186.00
334.05, 156.00
334.40, 154.00
334.75, 151.00
335.10, 147.00
335.45, 155.00
335.81, 150.00
336.16, 148.00
336.51, 148.00
336.86, 148.00
337.21, 146.00
337.56, 151.00
337.91, 147.00
338.26, 150.00
338.61, 144.00
338.96, 156.00
339.31, 148.00
339.66, 151.00
340.01, 152.00
340.36, 148.00
340.71, 156.00
341.06, 145.00
341.41, 149.00
341.76, 145.00
342.11, 156.00
342.46, 150.00
342.81, 157.00
343.16, 150.00
343.51, 142.00
343.86, 152.00
344.21, 150.00
344.56, 151.00
344.91, 147.00
345.26, 152.00
345.61, 145.00
345.96, 145.00
346.31, 152.00
346.66, 170.00
347.01, 147.00
347.36, 170.00
347.71, 152.00
348.06, 149.00
348.41, 158.00
348.76, 159.00
349.10, 148.00
349.45, 159.00
349.80, 147.00
350.15, 152.00
350.50, 153.00
350.85, 156.00
351.20, 144.00
351.55, 155.00
351.90, 150.00
352.25, 153.00
352.60, 148.00
352.95, 151.00
353.30, 164.00
353.64, 147.00
353.99, 147.00
354.34, 152.00
354.69, 145.00
355.04, 146.00
355.39, 150.00
355.74, 147.00
356.09, 142.00
356.44, 143.00
356.78, 157.00
357.13, 149.00
357.48, 148.00
357.83, 149.00
358.18, 153.00
358.53, 158.00
358.88, 153.00
359.22, 171.00
359.57, 149.00
359.92, 150.00
360.27, 151.00
360.62, 147.00
360.97, 147.00
361.32, 145.00
361.66, 150.00
362.01, 145.00
362.36, 148.00
362.71, 147.00
363.06, 152.00
363.40, 152.00
363.75, 145.00
364.10, 154.00
364.45, 154.00
364.80, 153.00
365.14, 152.00
365.49, 155.00
365.84, 154.00
366.19, 149.00
366.54, 148.00
366.88, 165.00
367.23, 149.00
367.58, 190.00
367.93, 145.00
368.28, 147.00
368.62, 146.00
368.97, 153.00
369.32, 151.00
369.67, 150.00
370.01, 154.00
370.36, 149.00
370.71, 161.00
371.06, 151.00
371.40, 157.00
371.75, 151.00
372.10, 149.00
372.45, 152.00
372.79, 150.00
373.14, 147.00
373.49, 151.00
373.83, 152.00
374.18, 148.00
374.53, 152.00
374.88, 156.00
375.22, 148.00
375.57, 153.00
375.92, 155.00
376.26, 151.00
376.61, 157.00
376.96, 146.00
377.30, 159.00
377.65, 156.00
378.00, 145.00
378.35, 152.00
378.69, 157.00
379.04, 146.00
379.39, 154.00
379.73, 150.00
380.08, 152.00
380.43, 151.00
380.77, 154.00
381.12, 158.00
381.47, 156.00
381.81, 152.00
382.16, 149.00
382.50, 158.00
382.85, 216.00
383.20, 145.00
383.54, 151.00
383.89, 146.00
384.24, 150.00
384.58, 151.00
384.93, 169.00
385.27, 160.00
385.62, 160.00
385.97, 156.00
386.31, 152.00
386.66, 183.00
387.00, 154.00
387.35, 150.00
387.70, 146.00
388.04, 206.00
388.39, 148.00
388.73, 152.00
389.08, 150.00
389.43, 147.00
389.77, 151.00
390.12, 152.00
390.46, 149.00
390.81, 149.00
391.15, 147.00
391.50, 145.00
391.85, 148.00
392.19, 150.00
392.54, 151.00
392.88, 151.00
393.23, 147.00
393.57, 155.00
393.92, 149.00
394.26, 150.00
394.61, 153.00
394.95, 147.00
395.30, 146.00
395.64, 149.00
395.99, 187.00
396.33, 154.00
396.68, 152.00
397.02, 148.00
397.37, 154.00
397.71, 158.00
398.06, 150.00
398.40, 153.00
398.75, 148.00
399.09, 156.00
399.44, 151.00
399.78, 150.00
400.13, 148.00
400.47, 151.00
400.82, 149.00
401.16, 154.00
401.51, 155.00
401.85, 153.00
402.20, 149.00
402.54, 155.00
402.88, 155.00
403.23, 154.00
403.57, 164.00
403.92, 172.00
404.26, 221.00
404.61, 176.00
404.95, 193.00
405.30, 163.00
405.64, 153.00
405.98, 179.00
406.33, 152.00
406.67, 148.00
407.02, 151.00
407.36, 157.00
407.70, 153.00
408.05, 152.00
408.39, 148.00
408.74, 148.00
409.08, 156.00
409.42, 155.00
409.77, 148.00
410.11, 153.00
410.46, 149.00
410.80, 154.00
411.14, 151.00
411.49, 150.00
411.83, 151.00
412.17, 151.00
412.52, 147.00
412.86, 155.00
413.20, 158.00
413.55, 148.00
413.89, 150.00
414.23, 153.00
414.58, 183.00
414.92, 158.00
415.26, 148.00
415.61, 150.00
415.95, 155.00
416.29, 154.00
416.64, 151.00
416.98, 148.00
417.32, 152.00
417.67, 164.00
418.01, 157.00
418.35, 150.00
418.70, 153.00
419.04, 165.00
419.38, 147.00
419.72, 153.00
420.07, 156.00
420.41, 151.00
420.75, 151.00
421.10, 150.00
421.44, 152.00
421.78, 153.00
422.12, 152.00
422.47, 151.00
422.81, 153.00
423.15, 155.00
423.49, 154.00
423.84, 151.00
424.18, 147.00
424.52, 147.00
424.86, 152.00
425.21, 155.00
425.55, 152.00
425.89, 150.00
426.23, 158.00
426.57, 145.00
426.92, 159.00
427.26, 154.00
427.60, 151.00
427.94, 158.00
428.28, 155.00
428.63, 156.00
428.97, 150.00
429.31, 155.00
429.65, 155.00
429.99, 158.00
430.34, 150.00
430.68, 159.00
431.02, 162.00
431.36, 151.00
431.70, 157.00
432.04, 153.00
432.39, 152.00
432.73, 157.00
433.07, 156.00
433.41, 154.00
433.75, 159.00
434.09, 159.00
434.43, 175.00
434.78, 237.00
435.12, 290.00
435.46, 320.00
435.80, 280.00
436.14, 243.00
436.48, 208.00
436.82, 195.00
437.16, 174.00
437.51, 166.00
437.85, 155.00
438.19, 188.00
438.53, 157.00
438.87, 170.00
439.21, 157.00
439.55, 162.00
439.89, 157.00
440.23, 158.00
440.57, 158.00
440.91, 154.00
441.26, 157.00
441.60, 155.00
441.94, 154.00
442.28, 160.00
442.62, 165.00
442.96, 159.00
443.30, 161.00
443.64, 165.00
443.98, 162.00
444.32, 173.00
444.66, 158.00
445.00, 159.00
445.34, 165.00
445.68, 159.00
446.02, 162.00
446.36, 160.00
446.70, 155.00
447.04, 161.00
447.38, 179.00
447.72, 157.00
448.06, 158.00
448.40, 161.00
448.74, 154.00
449.08, 160.00
449.42, 154.00
449.76, 155.00
450.10, 162.00
450.44, 154.00
450.78, 159.00
451.12, 153.00
451.46, 160.00
451.80, 165.00
452.14, 155.00
452.48, 155.00
452.82, 162.00
453.16, 152.00
453.50, 162.00
453.84, 154.00
454.18, 194.00
454.52, 158.00
454.86, 157.00
455.19, 170.00
455.53, 162.00
455.87, 154.00
456.21, 158.00
456.55, 157.00
456.89, 157.00
457.23, 154.00
457.57, 160.00
457.91, 157.00
458.25, 159.00
458.59, 156.00
458.92, 159.00
459.26, 156.00
459.60, 161.00
459.94, 155.00
460.28, 153.00
460.62, 153.00
460.96, 155.00
461.30, 152.00
461.63, 158.00
461.97, 153.00
462.31, 144.00
462.65, 157.00
462.99, 164.00
463.33, 153.00
463.67, 153.00
464.00, 153.00
464.34, 148.00
464.68, 151.00
465.02, 160.00
465.36, 161.00
465.70, 159.00
466.03, 165.00
466.37, 159.00
466.71, 156.00
467.05, 162.00
467.39, 156.00
467.72, 161.00
468.06, 156.00
468.40, 153.00
468.74, 158.00
469.08, 159.00
469.41, 158.00
469.75, 154.00
470.09, 155.00
470.43, 155.00
470.76, 156.00
471.10, 157.00
471.44, 152.00
471.78, 157.00
472.11, 156.00
472.45, 151.00
472.79, 156.00
473.13, 156.00
473.46, 157.00
473.80, 151.00
474.14, 150.00
474.48, 153.00
474.81, 151.00
475.15, 152.00
475.49, 158.00
475.82, 157.00
476.16, 155.00
476.50, 154.00
476.84, 161.00
477.17, 154.00
477.51, 152.00
477.85, 155.00
478.18, 169.00
478.52, 151.00
478.86, 205.00
479.19, 165.00
479.53, 160.00
479.87, 197.00
480.20, 167.00
480.54, 164.00
480.88, 157.00
481.21, 161.00
481.55, 163.00
481.89, 165.00
482.22, 171.00
482.56, 172.00
482.90, 177.00
483.23, 175.00
483.57, 182.00
483.90, 186.00
484.24, 195.00
484.58, 197.00
484.91, 203.00
485.25, 208.00
485.58, 212.00
485.92, 214.00
486.26, 224.00
486.59, 227.00
486.93, 218.00
487.26, 219.00
487.60, 219.00
487.94, 219.00
488.27, 221.00
488.61, 208.00
488.94, 219.00
489.28, 218.00
489.61, 218.00
489.95, 207.00
490.29, 212.00
490.62, 211.00
490.96, 209.00
491.29, 208.00
491.63, 198.00
491.96, 195.00
492.30, 193.00
492.63, 209.00
492.97, 196.00
493.30, 192.00
493.64, 187.00
493.97, 186.00
494.31, 188.00
494.64, 191.00
494.98, 189.00
495.31, 186.00
495.65, 184.00
495.98, 181.00
496.32, 189.00
496.65, 209.00
496.99, 184.00
497.32, 182.00
497.66, 180.00
497.99, 171.00
498.33, 169.00
498.66, 177.00
499.00, 169.00
499.33, 172.00
499.67, 166.00
500.00, 170.00
500.34, 168.00
500.67, 171.00
501.00, 157.00
501.34, 154.00
501.67, 158.00
502.01, 159.00
502.34, 157.00
502.68, 159.00
503.01, 162.00
503.34, 161.00
503.68, 155.00
504.01, 158.00
504.35, 153.00
504.68, 154.00
505.01, 151.00
505.35, 157.00
505.68, 151.00
506.02, 152.00
506.35, 150.00
506.68, 157.00
507.02, 152.00
507.35, 150.00
507.68, 152.00
508.02, 153.00
508.35, 149.00
508.69, 150.00
509.02, 152.00
509.35, 151.00
509.69, 144.00
510.02, 159.00
510.35, 155.00
510.69, 148.00
511.02, 155.00
511.35, 153.00
511.69, 158.00
512.02, 154.00
512.35, 155.00
512.68, 151.00
513.02, 156.00
513.35, 152.00
513.68, 148.00
514.02, 156.00
514.35, 150.00
514.68, 153.00
515.01, 153.00
515.35, 159.00
515.68, 158.00
516.01, 150.00
516.35, 148.00
516.68, 150.00
517.01, 153.00
517.34, 152.00
517.68, 156.00
518.01, 160.00
518.34, 148.00
518.67, 150.00
519.01, 150.00
519.34, 158.00
519.67, 159.00
520.00, 154.00
520.33, 146.00
520.67, 143.00
521.00, 153.00
521.33, 149.00
521.66, 152.00
522.00, 148.00
522.33, 149.00
522.66, 148.00
522.99, 151.00
523.32, 162.00
523.65, 152.00
523.99, 150.00
524.32, 160.00
524.65, 154.00
524.98, 153.00
525.31, 153.00
525.65, 177.00
525.98, 153.00
526.31, 155.00
526.64, 157.00
526.97, 153.00
527.30, 155.00
527.63, 155.00
527.97, 145.00
528.30, 151.00
528.63, 157.00
528.96, 180.00
529.29, 156.00
529.62, 158.00
529.95, 157.00
530.28, 151.00
530.61, 149.00
530.95, 154.00
531.28, 149.00
531.61, 142.00
531.94, 148.00
532.27, 153.00
532.60, 153.00
532.93, 156.00
533.26, 162.00
533.59, 159.00
533.92, 161.00
534.25, 161.00
534.58, 191.00
534.91, 158.00
535.25, 165.00
535.58, 156.00
535.91, 157.00
536.24, 166.00
536.57, 166.00
536.90, 170.00
537.23, 181.00
537.56, 218.00
537.89, 186.00
538.22, 191.00
538.55, 198.00
538.88, 205.00
539.21, 313.00
539.54, 220.00
539.87, 235.00
540.20, 264.00
540.53, 292.00
540.86, 362.00
541.19, 374.00
541.52, 393.00
541.85, 417.00
542.18, 427.00
542.51, 436.00
542.84, 445.00
543.17, 429.00
543.50, 438.00
543.82, 421.00
544.15, 406.00
544.48, 420.00
544.81, 448.00
545.14, 490.00
545.47, 456.00
545.80, 435.00
546.13, 365.00
546.46, 363.00
546.79, 325.00
547.12, 282.00
547.45, 264.00
547.78, 257.00
548.10, 249.00
548.43, 253.00
548.76, 239.00
549.09, 234.00
549.42, 223.00
549.75, 222.00
550.08, 217.00
550.41, 213.00
550.74, 221.00
551.06, 207.00
551.39, 211.00
551.72, 201.00
552.05, 196.00
552.38, 197.00
552.71, 188.00
553.03, 188.00
553.36, 187.00
553.69, 185.00
554.02, 163.00
554.35, 171.00
554.68, 161.00
555.00, 168.00
555.33, 166.00
555.66, 163.00
555.99, 176.00
556.32, 159.00
556.64, 156.00
556.97, 160.00
557.30, 159.00
557.63, 153.00
557.96, 157.00
558.28, 155.00
558.61, 154.00
558.94, 154.00
559.27, 157.00
559.59, 158.00
559.92, 157.00
560.25, 150.00
560.58, 153.00
560.90, 157.00
561.23, 150.00
561.56, 151.00
561.89, 149.00
562.21, 154.00
562.54, 153.00
562.87, 158.00
563.20, 160.00
563.52, 153.00
563.85, 151.00
564.18, 168.00
564.50, 160.00
564.83, 183.00
565.16, 208.00
565.48, 152.00
565.81, 159.00
566.14, 152.00
566.47, 150.00
566.79, 154.00
567.12, 149.00
567.45, 175.00
567.77, 149.00
568.10, 155.00
568.43, 156.00
568.75, 149.00
569.08, 157.00
569.40, 186.00
569.73, 160.00
570.06, 149.00
570.38, 153.00
570.71, 151.00
571.04, 153.00
571.36, 154.00
571.69, 156.00
572.01, 157.00
572.34, 154.00
572.67, 158.00
572.99, 154.00
573.32, 169.00
573.64, 156.00
573.97, 152.00
574.30, 153.00
574.62, 153.00
574.95, 155.00
575.27, 158.00
575.60, 166.00
575.92, 171.00
576.25, 170.00
576.58, 176.00
576.90, 168.00
577.23, 201.00
577.55, 168.00
577.88, 171.00
578.20, 171.00
578.53, 181.00
578.85, 194.00
579.18, 193.00
579.50, 192.00
579.83, 189.00
580.15, 188.00
580.48, 182.00
580.80, 188.00
581.13, 192.00
581.45, 188.00
581.78, 189.00
582.10, 193.00
582.43, 205.00
582.75, 207.00
583.08, 201.00
583.40, 205.00
583.73, 266.00
584.05, 201.00
584.38, 197.00
584.70, 237.00
585.03, 194.00
585.35, 194.00
585.67, 200.00
586.00, 208.00
586.32, 219.00
586.65, 223.00
586.97, 216.00
587.30, 215.00
587.62, 214.00
587.94, 213.00
588.27, 198.00
588.59, 189.00
588.92, 189.00
589.24, 187.00
589.56, 194.00
589.89, 192.00
590.21, 182.00
590.54, 182.00
590.86, 184.00
591.18, 182.00
591.51, 186.00
591.83, 195.00
592.15, 193.00
592.48, 194.00
592.80, 201.00
593.13, 192.00
593.45, 184.00
593.77, 181.00
594.10, 184.00
594.42, 173.00
594.74, 170.00
595.07, 172.00
595.39, 166.00
595.71, 171.00
596.03, 165.00
596.36, 166.00
596.68, 160.00
597.00, 159.00
597.33, 164.00
597.65, 171.00
597.97, 171.00
598.30, 171.00
598.62, 171.00
598.94, 177.00
599.26, 174.00
599.59, 178.00
599.91, 173.00
600.23, 172.00
600.55, 167.00
600.88, 169.00
601.20, 162.00
601.52, 162.00
601.84, 161.00
602.17, 162.00
602.49, 160.00
602.81, 153.00
603.13, 162.00
603.45, 166.00
603.78, 162.00
604.10, 161.00
604.42, 157.00
604.74, 159.00
605.07, 160.00
605.39, 159.00
605.71, 162.00
606.03, 162.00
606.35, 160.00
606.67, 176.00
607.00, 174.00
607.32, 181.00
607.64, 177.00
607.96, 175.00
608.28, 190.00
608.60, 193.00
608.93, 209.00
609.25, 238.00
609.57, 290.00
609.89, 384.00
610.21, 473.00
610.53, 511.00
610.85, 517.00
611.17, 474.00
611.50, 439.00
611.82, 396.00
612.14, 372.00
612.46, 340.00
612.78, 326.00
613.10, 315.00
613.42, 291.00
613.74, 286.00
614.06, 296.00
614.38, 253.00
614.70, 243.00
615.03, 222.00
615.35, 225.00
615.67, 319.00
615.99, 205.00
616.31, 197.00
616.63, 190.00
616.95, 186.00
617.27, 176.00
617.59, 188.00
617.91, 187.00
618.23, 188.00
618.55, 181.00
618.87, 188.00
619.19, 193.00
619.51, 180.00
619.83, 183.00
620.15, 188.00
620.47, 184.00
620.79, 187.00
621.11, 189.00
621.43, 183.00
621.75, 192.00
622.07, 184.00
622.39, 180.00
622.71, 180.00
623.03, 177.00
623.35, 224.00
623.67, 184.00
623.99, 179.00
624.31, 179.00
624.63, 187.00
624.95, 177.00
625.26, 174.00
625.58, 174.00
625.90, 199.00
626.22, 174.00
626.54, 173.00
626.86, 187.00
627.18, 176.00
627.50, 178.00
627.82, 172.00
628.14, 178.00
628.46, 177.00
628.77, 176.00
629.09, 182.00
629.41, 193.00
629.73, 195.00
630.05, 210.00
630.37, 205.00
630.69, 203.00
631.00, 199.00
631.32, 193.00
631.64, 174.00
631.96, 170.00
632.28, 172.00
632.60, 167.00
632.92, 159.00
633.23, 161.00
633.55, 163.00
633.87, 161.00
634.19, 152.00
634.51, 154.00
634.82, 164.00
635.14, 161.00
635.46, 155.00
635.78, 157.00
636.10, 154.00
636.41, 156.00
636.73, 156.00
637.05, 156.00
637.37, 156.00
637.68, 153.00
638.00, 156.00
638.32, 153.00
638.64, 156.00
638.95, 161.00
639.27, 153.00
639.59, 157.00
639.91, 153.00
640.22, 159.00
640.54, 157.00
640.86, 157.00
641.18, 160.00
641.49, 174.00
641.81, 165.00
642.13, 166.00
642.44, 154.00
642.76, 153.00
643.08, 153.00
643.40, 153.00
643.71, 160.00
644.03, 155.00
644.35, 152.00
644.66, 155.00
644.98, 158.00
645.30, 155.00
645.61, 171.00
645.93, 157.00
646.25, 155.00
646.56, 163.00
646.88, 177.00
647.19, 154.00
647.51, 164.00
647.83, 158.00
648.14, 155.00
648.46, 157.00
648.78, 160.00
649.09, 160.00
649.41, 197.00
649.72, 163.00
650.04, 168.00
650.36, 160.00
650.67, 154.00
650.99, 157.00
651.30, 157.00
651.62, 152.00
651.93, 162.00
652.25, 165.00
652.57, 191.00
652.88, 156.00
653.20, 155.00
653.51, 156.00
653.83, 157.00
654.14, 152.00
654.46, 158.00
654.77, 155.00
655.09, 153.00
655.40, 163.00
655.72, 150.00
656.04, 153.00
656.35, 157.00
656.67, 151.00
656.98, 153.00
657.30, 151.00
657.61, 154.00
657.93, 150.00
658.24, 154.00
658.55, 189.00
658.87, 152.00
659.18, 155.00
659.50, 151.00
659.81, 160.00
660.13, 151.00
660.44, 147.00
660.76, 158.00
661.07, 167.00
661.39, 153.00
661.70, 160.00
662.01, 156.00
662.33, 151.00
662.64, 158.00
662.96, 155.00
663.27, 148.00
663.59, 143.00
663.90, 151.00
664.21, 153.00
664.53, 172.00
664.84, 155.00
665.16, 179.00
665.47, 153.00
665.78, 151.00
666.10, 156.00
666.41, 147.00
666.72, 150.00
667.04, 157.00
667.35, 151.00
667.67, 153.00
667.98, 149.00
668.29, 151.00
668.61, 152.00
668.92, 151.00
669.23, 154.00
669.55, 158.00
669.86, 180.00
670.17, 157.00
670.48, 156.00
670.80, 154.00
671.11, 152.00
671.42, 150.00
671.74, 156.00
672.05, 154.00
672.36, 154.00
672.68, 152.00
672.99, 149.00
673.30, 153.00
673.61, 150.00
673.93, 149.00
674.24, 148.00
674.55, 154.00
674.86, 154.00
675.18, 150.00
675.49, 152.00
675.80, 142.00
676.11, 156.00
676.43, 151.00
676.74, 146.00
677.05, 149.00
677.36, 157.00
677.67, 147.00
677.99, 148.00
678.30, 147.00
678.61, 154.00
678.92, 153.00
679.23, 155.00
679.55, 152.00
679.86, 154.00
680.17, 158.00
680.48, 158.00
680.79, 159.00
681.10, 152.00
681.42, 157.00
681.73, 153.00
682.04, 150.00
682.35, 152.00
682.66, 157.00
682.97, 154.00
683.28, 152.00
683.60, 156.00
683.91, 154.00
684.22, 167.00
684.53, 158.00
684.84, 152.00
685.15, 157.00
685.46, 173.00
685.77, 155.00
686.08, 153.00
686.40, 196.00
686.71, 159.00
687.02, 159.00
687.33, 155.00
687.64, 155.00
687.95, 154.00
688.26, 151.00
688.57, 153.00
688.88, 153.00
689.19, 147.00
689.50, 149.00
689.81, 148.00
690.12, 150.00
690.43, 166.00
690.74, 150.00
691.05, 149.00
691.36, 165.00
691.67, 150.00
691.98, 150.00
692.29, 157.00
692.60, 156.00
692.91, 153.00
693.22, 151.00
693.53, 150.00
693.84, 157.00
694.15, 157.00
694.46, 150.00
694.77, 153.00
695.08, 153.00
695.39, 159.00
695.70, 147.00
696.01, 154.00
696.32, 146.00
696.63, 149.00
696.94, 155.00
697.25, 147.00
697.56, 152.00
697.87, 153.00
698.17, 182.00
698.48, 152.00
698.79, 151.00
699.10, 144.00
699.41, 152.00
699.72, 145.00
700.03, 149.00
700.34, 147.00
700.65, 153.00
700.95, 150.00
701.26, 146.00
701.57, 152.00
701.88, 152.00
702.19, 161.00
702.50, 151.00
702.81, 149.00
703.11, 173.00
703.42, 147.00
703.73, 154.00
704.04, 157.00
704.35, 152.00
704.66, 152.00
704.96, 156.00
705.27, 156.00
705.58, 159.00
705.89, 160.00
706.20, 158.00
706.50, 158.00
706.81, 158.00
707.12, 155.00
707.43, 162.00
707.73, 174.00
708.04, 160.00
708.35, 166.00
708.66, 158.00
708.97, 159.00
709.27, 159.00
709.58, 154.00
709.89, 153.00
710.19, 151.00
710.50, 157.00
710.81, 154.00
711.12, 158.00
711.42, 158.00
711.73, 163.00
712.04, 158.00
712.35, 154.00
712.65, 152.00
712.96, 160.00
713.27, 157.00
713.57, 174.00
713.88, 169.00
714.19, 151.00
714.49, 149.00
714.80, 149.00
715.11, 149.00
715.41, 152.00
715.72, 147.00
716.03, 147.00
716.33, 158.00
716.64, 149.00
716.94, 155.00
717.25, 149.00
717.56, 159.00
717.86, 149.00
718.17, 151.00
718.48, 151.00
718.78, 145.00
719.09, 143.00
719.39, 148.00
719.70, 147.00
720.01, 149.00
720.31, 147.00
720.62, 149.00
720.92, 148.00
721.23, 154.00
721.53, 154.00
721.84, 149.00
722.15, 153.00
722.45, 152.00
722.76, 154.00
723.06, 150.00
723.37, 149.00
723.67, 146.00
723.98, 146.00
724.28, 149.00
724.59, 155.00
724.89, 155.00
725.20, 149.00
725.50, 159.00
725.81, 151.00
726.11, 151.00
726.42, 150.00
726.72, 148.00
727.03, 177.00
727.33, 150.00
727.64, 151.00
727.94, 147.00
728.25, 149.00
728.55, 148.00
728.86, 169.00
729.16, 145.00
729.46, 150.00
729.77, 153.00
730.07, 150.00
730.38, 149.00
730.68, 148.00
730.99, 164.00
731.29, 148.00
731.59, 153.00
731.90, 152.00
732.20, 149.00
732.51, 154.00
732.81, 152.00
733.11, 157.00
733.42, 149.00
733.72, 152.00
734.02, 154.00
734.33, 152.00
734.63, 152.00
734.94, 153.00
735.24, 152.00
735.54, 147.00
735.85, 148.00
736.15, 147.00
736.45, 151.00
736.76, 150.00
737.06, 148.00
737.36, 148.00
737.67, 153.00
737.97, 152.00
738.27, 148.00
738.57, 150.00
738.88, 156.00
739.18, 185.00
739.48, 157.00
739.79, 152.00
740.09, 152.00
740.39, 149.00
740.69, 157.00
741.00, 149.00
741.30, 158.00
741.60, 151.00
741.90, 149.00
742.21, 152.00
742.51, 189.00
742.81, 152.00
743.11, 152.00
743.42, 173.00
743.72, 153.00
744.02, 156.00
744.32, 150.00
744.63, 159.00
744.93, 154.00
745.23, 151.00
745.53, 154.00
745.83, 149.00
746.13, 148.00
746.44, 150.00
746.74, 149.00
747.04, 151.00
747.34, 147.00
747.64, 149.00
747.94, 154.00
748.25, 147.00
748.55, 151.00
748.85, 151.00
749.15, 153.00
749.45, 175.00
749.75, 157.00
750.05, 152.00
750.35, 149.00
750.66, 164.00
750.96, 152.00
751.26, 148.00
751.56, 146.00
751.86, 159.00
752.16, 152.00
752.46, 152.00
752.76, 148.00
753.06, 145.00
753.36, 188.00
753.66, 149.00
753.96, 150.00
754.27, 149.00
754.57, 152.00
754.87, 145.00
755.17, 152.00
755.47, 148.00
755.77, 149.00
756.07, 146.00
756.37, 149.00
756.67, 155.00
756.97, 148.00
757.27, 152.00
757.57, 139.00
757.87, 148.00
758.17, 147.00
758.47, 152.00
758.77, 158.00
759.07, 149.00
759.37, 152.00
759.67, 151.00
759.97, 154.00
760.27, 151.00
760.57, 147.00
760.86, 152.00
761.16, 150.00
761.46, 146.00
761.76, 175.00
762.06, 151.00
762.36, 154.00
762.66, 155.00
762.96, 156.00
763.26, 155.00
763.56, 177.00
763.86, 156.00
764.16, 147.00
764.45, 165.00
764.75, 156.00
765.05, 151.00
765.35, 154.00
765.65, 153.00
765.95, 147.00
766.25, 152.00
766.55, 159.00
766.84, 151.00
767.14, 155.00
767.44, 145.00
767.74, 157.00
768.04, 155.00
768.34, 151.00
768.63, 148.00
768.93, 145.00
769.23, 155.00
769.53, 149.00
769.83, 143.00
770.12, 148.00
770.42, 149.00
770.72, 146.00
771.02, 147.00
771.32, 148.00
771.61, 150.00
771.91, 153.00
772.21, 150.00
772.51, 147.00
772.80, 146.00
773.10, 147.00
773.40, 155.00
773.70, 149.00
773.99, 148.00
774.29, 149.00
774.59, 155.00
774.88, 149.00
775.18, 148.00
775.48, 154.00
775.78, 147.00
776.07, 155.00
776.37, 152.00
776.67, 155.00
776.96, 151.00
777.26, 200.00
777.56, 152.00
777.85, 151.00
778.15, 148.00
778.45, 153.00
778.74, 153.00
779.04, 152.00
779.34, 154.00
779.63, 151.00
779.93, 152.00
780.22, 150.00
780.52, 146.00
780.82, 138.00
781.11, 141.00
781.41, 142.00
781.71, 149.00
782.00, 147.00
782.30, 148.00
782.59, 153.00
782.89, 154.00
783.19, 151.00
783.48, 152.00
783.78, 150.00
784.07, 161.00
784.37, 161.00
784.66, 150.00
784.96, 148.00
785.25, 152.00
785.55, 149.00
785.84, 154.00
786.14, 150.00
786.44, 152.00
786.73, 151.00
787.03, 149.00
787.32, 151.00
787.62, 155.00
787.91, 150.00
788.21, 152.00
788.50, 147.00
788.80, 149.00
789.09, 150.00
789.39, 153.00
789.68, 148.00
789.97, 153.00
790.27, 149.00
790.56, 154.00
790.86, 157.00
791.15, 153.00
791.45, 149.00
791.74, 168.00
792.04, 152.00
792.33, 151.00
792.62, 178.00
792.92, 154.00
793.21, 149.00
793.51, 153.00
793.80, 148.00
794.09, 151.00
794.39, 148.00
794.68, 147.00
794.98, 148.00
795.27, 152.00
795.56, 149.00
795.86, 155.00
796.15, 152.00
796.44, 156.00
796.74, 148.00
797.03, 151.00
797.32, 148.00
797.62, 149.00
797.91, 159.00
798.20, 154.00
798.50, 158.00
798.79, 161.00
799.08, 148.00
799.38, 147.00
799.67, 146.00
799.96, 157.00
800.26, 169.00
800.55, 146.00
800.84, 157.00
801.13, 153.00
801.43, 148.00
801.72, 189.00
802.01, 148.00
802.30, 149.00
802.60, 149.00
802.89, 149.00
803.18, 153.00
803.47, 149.00
803.77, 149.00
804.06, 152.00
804.35, 147.00
804.64, 167.00
804.94, 150.00
805.23, 147.00
805.52, 151.00
805.81, 149.00
806.10, 150.00
806.39, 152.00
806.69, 152.00
806.98, 149.00
807.27, 152.00
807.56, 154.00
807.85, 146.00
808.14, 146.00
808.44, 158.00
808.73, 147.00
809.02, 164.00
809.31, 154.00
809.60, 152.00
809.89, 154.00
810.18, 154.00
810.48, 158.00
810.77, 152.00
811.06, 148.00
811.35, 156.00
811.64, 152.00
811.93, 165.00
812.22, 151.00
812.51, 150.00
812.80, 152.00
813.09, 144.00
813.38, 144.00
813.67, 167.00
813.96, 153.00
814.26, 152.00
814.55, 147.00
814.84, 148.00
815.13, 155.00
815.42, 151.00
815.71, 154.00
816.00, 145.00
816.29, 154.00
816.58, 152.00
816.87, 146.00
817.16, 150.00
817.45, 153.00
817.74, 156.00
818.03, 150.00
818.32, 151.00
818.61, 154.00
818.90, 150.00
819.19, 150.00
819.48, 145.00
819.76, 144.00
820.05, 148.00
820.34, 151.00
820.63, 142.00
820.92, 150.00
821.21, 147.00
821.50, 149.00
821.79, 145.00
822.08, 152.00
822.37, 148.00
822.66, 148.00
822.95, 153.00
823.23, 148.00
823.52, 166.00
823.81, 152.00
824.10, 147.00
824.39, 154.00
824.68, 151.00
824.97, 165.00
825.26, 152.00
825.54, 192.00
825.83, 150.00
826.12, 151.00
826.41, 150.00
826.70, 152.00
826.99, 154.00
827.27, 148.00
827.56, 164.00
827.85, 148.00
828.14, 152.00
828.43, 148.00
828.71, 155.00
829.00, 149.00
829.29, 155.00
829.58, 149.00
829.86, 140.00
830.15, 152.00
830.44, 151.00
830.73, 153.00
831.01, 146.00
831.30, 149.00
831.59, 149.00
831.88, 143.00
832.16, 149.00
832.45, 148.00
832.74, 147.00
833.03, 149.00
833.31, 150.00
833.60, 153.00
833.89, 145.00
834.17, 155.00
834.46, 149.00
834.75, 147.00
835.03, 146.00
835.32, 152.00
835.61, 149.00
835.89, 166.00
836.18, 149.00
836.47, 149.00
836.75, 153.00
837.04, 150.00
837.33, 154.00
837.61, 146.00
837.90, 146.00
838.19, 149.00
838.47, 153.00
838.76, 150.00
839.04, 146.00
839.33, 146.00
839.62, 147.00
839.90, 143.00
840.19, 152.00
840.47, 144.00
840.76, 172.00
841.04, 150.00
841.33, 148.00
841.62, 146.00
841.90, 147.00
842.19, 152.00
842.47, 295.00
842.76, 144.00
843.04, 150.00
843.33, 166.00
843.61, 153.00
843.90, 148.00
844.18, 146.00
844.47, 151.00
844.75, 154.00
845.04, 148.00
845.32, 144.00
845.61, 150.00
845.89, 145.00
846.18, 146.00
846.46, 150.00
846.75, 148.00
847.03, 155.00
847.32, 149.00
847.60, 147.00
847.88, 150.00
848.17, 151.00
848.45, 164.00
848.74, 154.00
849.02, 150.00
849.31, 146.00
849.59, 150.00
849.87, 146.00
850.16, 149.00
850.44, 153.00
850.73, 170.00
851.01, 151.00
851.29, 151.00
851.58, 152.00
851.86, 149.00
852.14, 151.00
852.43, 148.00
852.71, 150.00
853.00, 153.00
853.28, 151.00
853.56, 150.00
853.85, 152.00
854.13, 149.00
854.41, 156.00
854.69, 147.00
854.98, 148.00
855.26, 192.00
855.54, 148.00
855.83, 148.00
856.11, 151.00
856.39, 150.00
856.68, 147.00
856.96, 150.00
857.24, 150.00
857.52, 151.00
857.81, 150.00
858.09, 145.00
858.37, 149.00
858.65, 151.00
858.94, 147.00
859.22, 155.00
