190.05, 0.00
190.41, 141.00
190.77, 139.00
191.14, 139.00
191.50, 145.00
191.86, 164.00
192.22, 146.00
192.58, 150.00
192.94, 149.00
193.31, 148.00
193.67, 147.00
194.03, 155.00
194.39, 146.00
194.75, 149.00
195.11, 158.00
195.47, 166.00
195.84, 147.00
196.20, 149.00
196.56, 167.00
196.92, 142.00
197.28, 146.00
197.64, 156.00
198.00, 149.00
198.37, 149.00
198.73, 149.00
199.09, 148.00
199.45, 148.00
199.81, 154.00
200.17, 160.00
200.53, 150.00
200.89, 157.00
201.25, 186.00
201.62, 155.00
201.98, 155.00
202.34, 151.00
202.70, 161.00
203.06, 155.00
203.42, 152.00
203.78, 156.00
204.14, 151.00
204.50, 181.00
204.86, 164.00
205.22, 161.00
205.58, 155.00
205.95, 153.00
206.31, 148.00
206.67, 154.00
207.03, 153.00
207.39, 155.00
207.75, 150.00
208.11, 150.00
208.47, 151.00
208.83, 153.00
209.19, 146.00
209.55, 149.00
209.91, 154.00
210.27, 152.00
210.63, 149.00
210.99, 156.00
211.35, 152.00
211.71, 156.00
212.07, 150.00
212.43, 152.00
212.79, 148.00
213.15, 150.00
213.51, 149.00
213.87, 147.00
214.23, 150.00
214.59, 150.00
214.95, 152.00
215.31, 146.00
215.67, 152.00
216.03, 185.00
216.39, 150.00
216.75, 147.00
217.11, 151.00
217.47, 152.00
217.83, 150.00
218.19, 151.00
218.55, 154.00
218.91, 154.00
219.27, 145.00
219.63, 146.00
219.99, 149.00
220.35, 138.00
220.71, 150.00
221.07, 144.00
221.43, 145.00
221.79, 141.00
222.15, 152.00
222.51, 149.00
222.87, 147.00
223.23, 151.00
223.59, 147.00
223.95, 148.00
224.31, 152.00
224.67, 150.00
225.03, 155.00
225.39, 151.00
225.74, 154.00
226.10, 149.00
226.46, 145.00
226.82, 149.00
227.18, 150.00
227.54, 149.00
227.90, 153.00
228.26, 152.00
228.62, 157.00
228.98, 152.00
229.34, 151.00
229.69, 148.00
230.05, 151.00
230.41, 148.00
230.77, 157.00
231.13, 157.00
231.49, 149.00
231.85, 146.00
232.21, 150.00
232.57, 156.00
232.92, 148.00
233.28, 148.00
233.64, 152.00
234.00, 154.00
234.36, 147.00
234.72, 146.00
235.08, 149.00
235.44, 151.00
235.79, 149.00
236.15, 147.00
236.51, 145.00
236.87, 147.00
237.23, 154.00
237.59, 153.00
237.94, 156.00
238.30, 149.00
238.66, 148.00
239.02, 147.00
239.38, 145.00
239.74, 146.00
240.09, 157.00
240.45, 147.00
240.81, 149.00
241.17, 150.00
241.53, 147.00
241.89, 148.00
242.24, 146.00
242.60, 147.00
242.96, 155.00
243.32, 151.00
243.68, 151.00
244.03, 155.00
244.39, 149.00
244.75, 173.00
245.11, 148.00
245.46, 148.00
245.82, 174.00
246.18, 151.00
246.54, 149.00
246.90, 148.00
247.25, 147.00
247.61, 147.00
247.97, 188.00
248.33, 146.00
248.68, 142.00
249.04, 143.00
249.40, 145.00
249.76, 150.00
250.11, 151.00
250.47, 158.00
250.83, 151.00
251.19, 148.00
251.54, 156.00
251.90, 147.00
252.26, 152.00
252.62, 150.00
252.97, 151.00
253.33, 150.00
253.69, 146.00
254.05, 149.00
254.40, 146.00
254.76, 143.00
255.12, 177.00
255.47, 154.00
255.83, 155.00
256.19, 154.00
256.54, 150.00
256.90, 150.00
257.26, 147.00
257.62, 154.00
257.97, 148.00
258.33, 148.00
258.69, 140.00
259.04, 150.00
259.40, 142.00
259.76, 150.00
260.11, 147.00
260.47, 144.00
260.83, 152.00
261.18, 148.00
261.54, 156.00
261.90, 156.00
262.25, 145.00
262.61, 150.00
262.97, 146.00
263.32, 150.00
263.68, 150.00
264.04, 153.00
264.39, 147.00
264.75, 154.00
265.10, 152.00
265.46, 197.00
265.82, 159.00
266.17, 149.00
266.53, 146.00
266.89, 153.00
267.24, 155.00
267.60, 147.00
267.95, 149.00
268.31, 149.00
268.67, 145.00
269.02, 146.00
269.38, 145.00
269.74, 151.00
270.09, 146.00
270.45, 150.00
270.80, 170.00
271.16, 155.00
271.51, 157.00
271.87, 161.00
272.23, 158.00
272.58, 159.00
272.94, 151.00
273.29, 147.00
273.65, 188.00
274.00, 152.00
274.36, 154.00
274.72, 149.00
275.07, 148.00
275.43, 151.00
275.78, 156.00
276.14, 151.00
276.49, 155.00
276.85, 165.00
277.20, 164.00
277.56, 146.00
277.92, 151.00
278.27, 151.00
278.63, 153.00
278.98, 153.00
279.34, 154.00
279.69, 151.00
280.05, 172.00
280.40, 160.00
280.76, 174.00
281.11, 158.00
281.47, 161.00
281.82, 160.00
282.18, 160.00
282.53, 165.00
282.89, 175.00
283.24, 176.00
283.60, 172.00
283.95, 176.00
284.31, 179.00
284.66, 190.00
285.02, 195.00
285.37, 188.00
285.73, 188.00
286.08, 190.00
286.44, 168.00
286.79, 167.00
287.14, 173.00
287.50, 167.00
287.85, 157.00
288.21, 163.00
288.56, 162.00
288.92, 168.00
289.27, 177.00
289.63, 170.00
289.98, 173.00
290.34, 158.00
290.69, 179.00
291.04, 159.00
291.40, 160.00
291.75, 160.00
292.11, 165.00
292.46, 167.00
292.81, 175.00
293.17, 169.00
293.52, 174.00
293.88, 183.00
294.23, 201.00
294.59, 219.00
294.94, 230.00
295.29, 238.00
295.65, 254.00
296.00, 269.00
296.36, 229.00
296.71, 228.00
297.06, 226.00
297.42, 230.00
297.77, 231.00
298.12, 222.00
298.48, 200.00
298.83, 205.00
299.19, 214.00
299.54, 215.00
299.89, 220.00
300.25, 212.00
300.60, 214.00
300.95, 204.00
301.31, 186.00
301.66, 176.00
302.01, 175.00
302.37, 176.00
302.72, 180.00
303.07, 183.00
303.43, 194.00
303.78, 191.00
304.13, 199.00
304.49, 201.00
304.84, 209.00
305.19, 237.00
305.55, 200.00
305.90, 239.00
306.25, 314.00
306.61, 442.00
306.96, 526.00
307.31, 681.00
307.66, 982.00
308.02, 1282.00
308.37, 1536.00
308.72, 1729.00
309.08, 1760.00
309.43, 1630.00
309.78, 1382.00
310.13, 1196.00
310.49, 1027.00
310.84, 814.00
311.19, 731.00
311.54, 630.00
311.90, 542.00
312.25, 496.00
312.60, 512.00
312.95, 597.00
313.31, 657.00
313.66, 665.00
314.01, 646.00
314.36, 682.00
314.72, 787.00
315.07, 1008.00
315.42, 1202.00
315.77, 1247.00
316.13, 986.00
316.48, 661.00
316.83, 452.00
317.18, 331.00
317.54, 267.00
317.89, 228.00
318.24, 220.00
318.59, 209.00
318.94, 207.00
319.30, 202.00
319.65, 211.00
320.00, 210.00
320.35, 211.00
320.70, 212.00
321.05, 211.00
321.41, 213.00
321.76, 212.00
322.11, 201.00
322.46, 200.00
322.81, 234.00
323.17, 197.00
323.52, 187.00
323.87, 192.00
324.22, 194.00
324.57, 201.00
324.92, 210.00
325.27, 213.00
325.63, 234.00
325.98, 240.00
326.33, 258.00
326.68, 244.00
327.03, 249.00
327.38, 245.00
327.73, 255.00
328.09, 280.00
328.44, 293.00
328.79, 256.00
329.14, 279.00
329.49, 239.00
329.84, 237.00
330.19, 240.00
330.54, 237.00
330.89, 246.00
331.25, 226.00
331.60, 219.00
331.95, 219.00
332.30, 225.00
332.65, 231.00
333.00, 261.00
333.35, 330.00
333.70, 337.00
334.05, 331.00
334.40, 367.00
334.75, 441.00
335.10, 614.00
335.45, 887.00
335.81, 1283.00
336.16, 1842.00
336.51, 2498.00
336.86, 2533.00
337.21, 2217.00
337.56, 1355.00
337.91, 810.00
338.26, 485.00
338.61, 328.00
338.96, 268.00
339.31, 233.00
339.66, 225.00
340.01, 221.00
340.36, 208.00
340.71, 206.00
341.06, 199.00
341.41, 209.00
341.76, 199.00
342.11, 202.00
342.46, 201.00
342.81, 202.00
343.16, 206.00
343.51, 202.00
343.86, 208.00
344.21, 204.00
344.56, 207.00
344.91, 201.00
345.26, 212.00
345.61, 207.00
345.96, 207.00
346.31, 201.00
346.66, 230.00
347.01, 205.00
347.36, 222.00
347.71, 202.00
348.06, 209.00
348.41, 231.00
348.76, 252.00
349.10, 261.00
349.45, 276.00
349.80, 279.00
350.15, 272.00
350.50, 261.00
350.85, 267.00
351.20, 281.00
351.55, 339.00
351.90, 419.00
352.25, 517.00
352.60, 682.00
352.95, 887.00
353.30, 930.00
353.64, 838.00
353.99, 611.00
354.34, 509.00
354.69, 460.00
355.04, 472.00
355.39, 575.00
355.74, 751.00
356.09, 1023.00
356.44, 1310.00
356.78, 1783.00
357.13, 2040.00
357.48, 1965.00
357.83, 1471.00
358.18, 932.00
358.53, 600.00
358.88, 364.00
359.22, 279.00
359.57, 229.00
359.92, 217.00
360.27, 215.00
360.62, 215.00
360.97, 213.00
361.32, 207.00
361.66, 213.00
362.01, 215.00
362.36, 217.00
362.71, 216.00
363.06, 226.00
363.40, 226.00
363.75, 233.00
364.10, 233.00
364.45, 223.00
364.80, 228.00
365.14, 225.00
365.49, 234.00
365.84, 249.00
366.19, 261.00
366.54, 283.00
366.88, 286.00
367.23, 257.00
367.58, 280.00
367.93, 229.00
368.28, 221.00
368.62, 229.00
368.97, 252.00
369.32, 276.00
369.67, 299.00
370.01, 364.00
370.36, 400.00
370.71, 425.00
371.06, 352.00
371.40, 317.00
371.75, 275.00
372.10, 250.00
372.45, 254.00
372.79, 280.00
373.14, 314.00
373.49, 380.00
373.83, 450.00
374.18, 581.00
374.53, 748.00
374.88, 816.00
375.22, 821.00
375.57, 656.00
375.92, 489.00
376.26, 356.00
376.61, 291.00
376.96, 263.00
377.30, 281.00
377.65, 305.00
378.00, 346.00
378.35, 436.00
378.69, 539.00
379.04, 665.00
379.39, 859.00
379.73, 1034.00
380.08, 1044.00
380.43, 804.00
380.77, 560.00
381.12, 462.00
381.47, 353.00
381.81, 282.00
382.16, 244.00
382.50, 234.00
382.85, 290.00
383.20, 231.00
383.54, 235.00
383.89, 237.00
384.24, 250.00
384.58, 264.00
384.93, 294.00
385.27, 287.00
385.62, 291.00
385.97, 285.00
386.31, 277.00
386.66, 303.00
387.00, 284.00
387.35, 300.00
387.70, 328.00
388.04, 419.00
388.39, 423.00
388.73, 509.00
389.08, 560.00
389.43, 639.00
389.77, 692.00
390.12, 817.00
390.46, 1053.00
390.81, 1162.00
391.15, 1134.00
391.50, 902.00
391.85, 605.00
392.19, 484.00
392.54, 388.00
392.88, 349.00
393.23, 368.00
393.57, 375.00
393.92, 373.00
394.26, 316.00
394.61, 283.00
394.95, 259.00
395.30, 231.00
395.64, 227.00
395.99, 258.00
396.33, 238.00
396.68, 247.00
397.02, 259.00
397.37, 288.00
397.71, 315.00
398.06, 366.00
398.40, 405.00
398.75, 498.00
399.09, 548.00
399.44, 545.00
399.78, 447.00
400.13, 360.00
400.47, 292.00
400.82, 246.00
401.16, 230.00
401.51, 224.00
401.85, 227.00
402.20, 238.00
402.54, 245.00
402.88, 252.00
403.23, 266.00
403.57, 291.00
403.92, 340.00
404.26, 442.00
404.61, 416.00
404.95, 520.00
405.30, 489.00
405.64, 449.00
405.98, 406.00
406.33, 318.00
406.67, 271.00
407.02, 252.00
407.36, 242.00
407.70, 243.00
408.05, 245.00
408.39, 258.00
408.74, 276.00
409.08, 281.00
409.42, 256.00
409.77, 255.00
410.11, 258.00
410.46, 239.00
410.80, 248.00
411.14, 248.00
411.49, 267.00
411.83, 273.00
412.17, 273.00
412.52, 285.00
412.86, 295.00
413.20, 311.00
413.55, 316.00
413.89, 295.00
414.23, 281.00
414.58, 299.00
414.92, 243.00
415.26, 237.00
415.61, 229.00
415.95, 241.00
416.29, 241.00
416.64, 249.00
416.98, 261.00
417.32, 259.00
417.67, 299.00
418.01, 296.00
418.35, 327.00
418.70, 349.00
419.04, 393.00
419.38, 376.00
419.72, 356.00
420.07, 332.00
420.41, 276.00
420.75, 265.00
421.10, 252.00
421.44, 240.00
421.78, 243.00
422.12, 244.00
422.47, 253.00
422.81, 266.00
423.15, 282.00
423.49, 275.00
423.84, 268.00
424.18, 283.00
424.52, 292.00
424.86, 336.00
425.21, 400.00
425.55, 419.00
425.89, 471.00
426.23, 552.00
426.57, 617.00
426.92, 618.00
427.26, 637.00
427.60, 542.00
427.94, 416.00
428.28, 334.00
428.63, 289.00
428.97, 258.00
429.31, 243.00
429.65, 228.00
429.99, 242.00
430.34, 232.00
430.68, 241.00
431.02, 243.00
431.36, 236.00
431.70, 243.00
432.04, 259.00
432.39, 263.00
432.73, 278.00
433.07, 288.00
433.41, 314.00
433.75, 319.00
434.09, 314.00
434.43, 308.00
434.78, 358.00
435.12, 397.00
435.46, 425.00
435.80, 396.00
436.14, 362.00
436.48, 304.00
436.82, 297.00
437.16, 276.00
437.51, 267.00
437.85, 264.00
438.19, 305.00
438.53, 262.00
438.87, 265.00
439.21, 274.00
439.55, 279.00
439.89, 278.00
440.23, 285.00
440.57, 294.00
440.91, 302.00
441.26, 298.00
441.60, 278.00
441.94, 274.00
442.28, 262.00
442.62, 257.00
442.96, 258.00
443.30, 251.00
443.64, 245.00
443.98, 246.00
444.32, 251.00
444.66, 237.00
445.00, 247.00
445.34, 263.00
445.68, 253.00
446.02, 257.00
446.36, 246.00
446.70, 253.00
447.04, 259.00
447.38, 285.00
447.72, 283.00
448.06, 291.00
448.40, 274.00
448.74, 270.00
449.08, 269.00
449.42, 257.00
449.76, 250.00
450.10, 238.00
450.44, 235.00
450.78, 236.00
451.12, 250.00
451.46, 250.00
451.80, 253.00
452.14, 235.00
452.48, 236.00
452.82, 231.00
453.16, 242.00
453.50, 251.00
453.84, 231.00
454.18, 277.00
454.52, 258.00
454.86, 266.00
455.19, 270.00
455.53, 274.00
455.87, 271.00
456.21, 287.00
456.55, 282.00
456.89, 276.00
457.23, 279.00
457.57, 257.00
457.91, 267.00
458.25, 263.00
458.59, 277.00
458.92, 278.00
459.26, 267.00
459.60, 282.00
459.94, 270.00
460.28, 248.00
460.62, 257.00
460.96, 245.00
461.30, 237.00
461.63, 244.00
461.97, 249.00
462.31, 250.00
462.65, 254.00
462.99, 261.00
463.33, 264.00
463.67, 277.00
464.00, 277.00
464.34, 271.00
464.68, 274.00
465.02, 289.00
465.36, 290.00
465.70, 280.00
466.03, 281.00
466.37, 267.00
466.71, 275.00
467.05, 273.00
467.39, 279.00
467.72, 294.00
468.06, 301.00
468.40, 317.00
468.74, 312.00
469.08, 318.00
469.41, 331.00
469.75, 355.00
470.09, 368.00
470.43, 375.00
470.76, 349.00
471.10, 334.00
471.44, 325.00
471.78, 309.00
472.11, 300.00
472.45, 310.00
472.79, 284.00
473.13, 290.00
473.46, 295.00
473.80, 297.00
474.14, 276.00
474.48, 296.00
474.81, 285.00
475.15, 275.00
475.49, 283.00
475.82, 292.00
476.16, 283.00
476.50, 277.00
476.84, 288.00
477.17, 278.00
477.51, 276.00
477.85, 278.00
478.18, 291.00
478.52, 293.00
478.86, 340.00
479.19, 303.00
479.53, 285.00
479.87, 334.00
480.20, 305.00
480.54, 311.00
480.88, 303.00
481.21, 298.00
481.55, 290.00
481.89, 297.00
482.22, 295.00
482.56, 297.00
482.90, 301.00
483.23, 310.00
483.57, 311.00
483.90, 316.00
484.24, 317.00
484.58, 328.00
484.91, 337.00
485.25, 346.00
485.58, 351.00
485.92, 358.00
486.26, 365.00
486.59, 363.00
486.93, 360.00
487.26, 368.00
487.60, 368.00
487.94, 358.00
488.27, 363.00
488.61, 362.00
488.94, 363.00
489.28, 358.00
489.61, 354.00
489.95, 357.00
490.29, 367.00
490.62, 372.00
490.96, 367.00
491.29, 365.00
491.63, 355.00
491.96, 343.00
492.30, 346.00
492.63, 343.00
492.97, 341.00
493.30, 341.00
493.64, 338.00
493.97, 333.00
494.31, 339.00
494.64, 338.00
494.98, 333.00
495.31, 341.00
495.65, 332.00
495.98, 334.00
496.32, 325.00
496.65, 358.00
496.99, 332.00
497.32, 324.00
497.66, 302.00
497.99, 307.00
498.33, 302.00
498.66, 301.00
499.00, 313.00
499.33, 301.00
499.67, 299.00
500.00, 300.00
500.34, 296.00
500.67, 308.00
501.00, 306.00
501.34, 302.00
501.67, 299.00
502.01, 293.00
502.34, 299.00
502.68, 303.00
503.01, 304.00
503.34, 312.00
503.68, 310.00
504.01, 308.00
504.35, 303.00
504.68, 314.00
505.01, 312.00
505.35, 313.00
505.68, 307.00
506.02, 310.00
506.35, 310.00
506.68, 317.00
507.02, 309.00
507.35, 297.00
507.68, 310.00
508.02, 299.00
508.35, 302.00
508.69, 303.00
509.02, 296.00
509.35, 300.00
509.69, 282.00
510.02, 300.00
510.35, 295.00
510.69, 289.00
511.02, 296.00
511.35, 289.00
511.69, 294.00
512.02, 283.00
512.35, 296.00
512.68, 289.00
513.02, 298.00
513.35, 284.00
513.68, 275.00
514.02, 290.00
514.35, 290.00
514.68, 299.00
515.01, 284.00
515.35, 284.00
515.68, 282.00
516.01, 284.00
516.35, 278.00
516.68, 275.00
517.01, 278.00
517.34, 291.00
517.68, 289.00
518.01, 288.00
518.34, 285.00
518.67, 281.00
519.01, 278.00
519.34, 279.00
519.67, 290.00
520.00, 286.00
520.33, 281.00
520.67, 284.00
521.00, 289.00
521.33, 287.00
521.66, 294.00
522.00, 295.00
522.33, 294.00
522.66, 286.00
522.99, 285.00
523.32, 290.00
523.65, 275.00
523.99, 282.00
524.32, 286.00
524.65, 284.00
524.98, 284.00
525.31, 282.00
525.65, 316.00
525.98, 283.00
526.31, 280.00
526.64, 283.00
526.97, 283.00
527.30, 273.00
527.63, 275.00
527.97, 275.00
528.30, 277.00
528.63, 279.00
528.96, 298.00
529.29, 267.00
529.62, 277.00
529.95, 265.00
530.28, 265.00
530.61, 265.00
530.95, 278.00
531.28, 272.00
531.61, 277.00
531.94, 274.00
532.27, 284.00
532.60, 283.00
532.93, 289.00
533.26, 287.00
533.59, 273.00
533.92, 275.00
534.25, 268.00
534.58, 298.00
534.91, 267.00
535.25, 265.00
535.58, 275.00
535.91, 267.00
536.24, 275.00
536.57, 284.00
536.90, 280.00
537.23, 285.00
537.56, 327.00
537.89, 299.00
538.22, 284.00
538.55, 297.00
538.88, 312.00
539.21, 428.00
539.54, 328.00
539.87, 341.00
540.20, 363.00
540.53, 387.00
540.86, 460.00
541.19, 474.00
541.52, 499.00
541.85, 523.00
542.18, 536.00
542.51, 546.00
542.84, 553.00
543.17, 556.00
543.50, 550.00
543.82, 529.00
544.15, 534.00
544.48, 522.00
544.81, 555.00
545.14, 602.00
545.47, 551.00
545.80, 536.00
546.13, 465.00
546.46, 471.00
546.79, 428.00
547.12, 380.00
547.45, 366.00
547.78, 355.00
548.10, 349.00
548.43, 359.00
548.76, 334.00
549.09, 333.00
549.42, 328.00
549.75, 321.00
550.08, 328.00
550.41, 320.00
550.74, 330.00
551.06, 316.00
551.39, 325.00
551.72, 304.00
552.05, 298.00
552.38, 297.00
552.71, 292.00
553.03, 293.00
553.36, 294.00
553.69, 292.00
554.02, 277.00
554.35, 275.00
554.68, 275.00
555.00, 275.00
555.33, 278.00
555.66, 263.00
555.99, 282.00
556.32, 274.00
556.64, 276.00
556.97, 273.00
557.30, 281.00
557.63, 282.00
557.96, 273.00
558.28, 279.00
558.61, 281.00
558.94, 265.00
559.27, 264.00
559.59, 265.00
559.92, 270.00
560.25, 268.00
560.58, 261.00
560.90, 262.00
561.23, 262.00
561.56, 257.00
561.89, 264.00
562.21, 248.00
562.54, 254.00
562.87, 247.00
563.20, 255.00
563.52, 247.00
563.85, 237.00
564.18, 260.00
564.50, 246.00
564.83, 271.00
565.16, 294.00
565.48, 233.00
565.81, 246.00
566.14, 227.00
566.47, 234.00
566.79, 240.00
567.12, 236.00
567.45, 265.00
567.77, 240.00
568.10, 243.00
568.43, 243.00
568.75, 237.00
569.08, 239.00
569.40, 275.00
569.73, 242.00
570.06, 230.00
570.38, 233.00
570.71, 230.00
571.04, 234.00
571.36, 240.00
571.69, 242.00
572.01, 238.00
572.34, 241.00
572.67, 243.00
572.99, 237.00
573.32, 254.00
573.64, 234.00
573.97, 248.00
574.30, 244.00
574.62, 244.00
574.95, 241.00
575.27, 244.00
575.60, 244.00
575.92, 251.00
576.25, 254.00
576.58, 259.00
576.90, 255.00
577.23, 288.00
577.55, 261.00
577.88, 260.00
578.20, 258.00
578.53, 264.00
578.85, 284.00
579.18, 269.00
579.50, 270.00
579.83, 272.00
580.15, 274.00
580.48, 271.00
580.80, 275.00
581.13, 271.00
581.45, 273.00
581.78, 276.00
582.10, 279.00
582.43, 278.00
582.75, 295.00
583.08, 284.00
583.40, 295.00
583.73, 358.00
584.05, 289.00
584.38, 284.00
584.70, 331.00
585.03, 288.00
585.35, 267.00
585.67, 284.00
586.00, 301.00
586.32, 319.00
586.65, 328.00
586.97, 331.00
587.30, 325.00
587.62, 310.00
587.94, 306.00
588.27, 293.00
588.59, 285.00
588.92, 283.00
589.24, 280.00
589.56, 290.00
589.89, 280.00
590.21, 267.00
590.54, 262.00
590.86, 272.00
591.18, 269.00
591.51, 272.00
591.83, 298.00
592.15, 292.00
592.48, 300.00
592.80, 290.00
593.13, 289.00
593.45, 281.00
593.77, 285.00
594.10, 290.00
594.42, 291.00
594.74, 284.00
595.07, 283.00
595.39, 283.00
595.71, 275.00
596.03, 276.00
596.36, 286.00
596.68, 283.00
597.00, 286.00
597.33, 291.00
597.65, 294.00
597.97, 295.00
598.30, 297.00
598.62, 300.00
598.94, 298.00
599.26, 293.00
599.59, 312.00
599.91, 302.00
600.23, 284.00
600.55, 284.00
600.88, 285.00
601.20, 258.00
601.52, 258.00
601.84, 251.00
602.17, 258.00
602.49, 254.00
602.81, 245.00
603.13, 247.00
603.45, 249.00
603.78, 241.00
604.10, 243.00
604.42, 246.00
604.74, 236.00
605.07, 236.00
605.39, 239.00
605.71, 239.00
606.03, 247.00
606.35, 241.00
606.67, 251.00
607.00, 245.00
607.32, 236.00
607.64, 242.00
607.96, 240.00
608.28, 251.00
608.60, 260.00
608.93, 263.00
609.25, 296.00
609.57, 351.00
609.89, 436.00
610.21, 500.00
610.53, 550.00
610.85, 546.00
611.17, 504.00
611.50, 479.00
611.82, 438.00
612.14, 421.00
612.46, 395.00
612.78, 361.00
613.10, 351.00
613.42, 339.00
613.74, 337.00
614.06, 348.00
614.38, 330.00
614.70, 315.00
615.03, 317.00
615.35, 300.00
615.67, 384.00
615.99, 282.00
616.31, 260.00
616.63, 261.00
616.95, 249.00
617.27, 242.00
617.59, 245.00
617.91, 250.00
618.23, 244.00
618.55, 239.00
618.87, 236.00
619.19, 231.00
619.51, 237.00
619.83, 233.00
620.15, 239.00
620.47, 234.00
620.79, 240.00
621.11, 247.00
621.43, 237.00
621.75, 239.00
622.07, 242.00
622.39, 236.00
622.71, 235.00
623.03, 236.00
623.35, 277.00
623.67, 241.00
623.99, 229.00
624.31, 231.00
624.63, 231.00
624.95, 230.00
625.26, 233.00
625.58, 226.00
625.90, 255.00
626.22, 234.00
626.54, 229.00
626.86, 232.00
627.18, 236.00
627.50, 232.00
627.82, 233.00
628.14, 229.00
628.46, 236.00
628.77, 236.00
629.09, 249.00
629.41, 254.00
629.73, 254.00
630.05, 269.00
630.37, 266.00
630.69, 268.00
631.00, 270.00
631.32, 266.00
631.64, 245.00
631.96, 242.00
632.28, 235.00
632.60, 237.00
632.92, 233.00
633.23, 227.00
633.55, 238.00
633.87, 234.00
634.19, 238.00
634.51, 241.00
634.82, 254.00
635.14, 250.00
635.46, 244.00
635.78, 250.00
636.10, 248.00
636.41, 246.00
636.73, 246.00
637.05, 243.00
637.37, 244.00
637.68, 249.00
638.00, 235.00
638.32, 242.00
638.64, 251.00
638.95, 265.00
639.27, 243.00
639.59, 247.00
639.91, 237.00
640.22, 237.00
640.54, 240.00
640.86, 234.00
641.18, 244.00
641.49, 260.00
641.81, 243.00
642.13, 254.00
642.44, 247.00
642.76, 241.00
643.08, 243.00
643.40, 242.00
643.71, 242.00
644.03, 253.00
644.35, 261.00
644.66, 262.00
644.98, 252.00
645.30, 253.00
645.61, 271.00
645.93, 249.00
646.25, 239.00
646.56, 244.00
646.88, 265.00
647.19, 235.00
647.51, 241.00
647.83, 225.00
648.14, 233.00
648.46, 234.00
648.78, 237.00
649.09, 246.00
649.41, 281.00
649.72, 256.00
650.04, 268.00
650.36, 267.00
650.67, 269.00
650.99, 259.00
651.30, 267.00
651.62, 271.00
651.93, 274.00
652.25, 293.00
652.57, 308.00
652.88, 263.00
653.20, 265.00
653.51, 265.00
653.83, 265.00
654.14, 249.00
654.46, 241.00
654.77, 239.00
655.09, 261.00
655.40, 258.00
655.72, 256.00
656.04, 238.00
656.35, 239.00
656.67, 239.00
656.98, 240.00
657.30, 241.00
657.61, 240.00
657.93, 248.00
658.24, 254.00
658.55, 286.00
658.87, 244.00
659.18, 245.00
659.50, 252.00
659.81, 256.00
660.13, 251.00
660.44, 253.00
660.76, 257.00
661.07, 263.00
661.39, 249.00
661.70, 240.00
662.01, 232.00
662.33, 232.00
662.64, 224.00
662.96, 225.00
663.27, 221.00
663.59, 209.00
663.90, 209.00
664.21, 213.00
664.53, 231.00
664.84, 219.00
665.16, 236.00
665.47, 220.00
665.78, 224.00
666.10, 228.00
666.41, 228.00
666.72, 235.00
667.04, 236.00
667.35, 233.00
667.67, 230.00
667.98, 227.00
668.29, 225.00
668.61, 229.00
668.92, 233.00
669.23, 225.00
669.55, 234.00
669.86, 249.00
670.17, 223.00
670.48, 219.00
670.80, 216.00
671.11, 210.00
671.42, 216.00
671.74, 213.00
672.05, 212.00
672.36, 213.00
672.68, 219.00
672.99, 216.00
673.30, 225.00
673.61, 234.00
673.93, 245.00
674.24, 244.00
674.55, 251.00
674.86, 251.00
675.18, 249.00
675.49, 255.00
675.80, 253.00
676.11, 256.00
676.43, 255.00
676.74, 253.00
677.05, 255.00
677.36, 261.00
677.67, 258.00
677.99, 248.00
678.30, 239.00
678.61, 228.00
678.92, 224.00
679.23, 233.00
679.55, 217.00
679.86, 213.00
680.17, 215.00
680.48, 204.00
680.79, 204.00
681.10, 201.00
681.42, 201.00
681.73, 195.00
682.04, 196.00
682.35, 190.00
682.66, 205.00
682.97, 200.00
683.28, 198.00
683.60, 198.00
683.91, 203.00
684.22, 220.00
684.53, 197.00
684.84, 195.00
685.15, 197.00
685.46, 221.00
685.77, 197.00
686.08, 201.00
686.40, 226.00
686.71, 198.00
687.02, 189.00
687.33, 190.00
687.64, 186.00
687.95, 193.00
688.26, 183.00
688.57, 180.00
688.88, 181.00
689.19, 182.00
689.50, 179.00
689.81, 185.00
690.12, 171.00
690.43, 193.00
690.74, 182.00
691.05, 181.00
691.36, 188.00
691.67, 177.00
691.98, 180.00
692.29, 174.00
692.60, 186.00
692.91, 181.00
693.22, 179.00
693.53, 180.00
693.84, 185.00
694.15, 176.00
694.46, 175.00
694.77, 177.00
695.08, 176.00
695.39, 182.00
695.70, 180.00
696.01, 176.00
696.32, 173.00
696.63, 174.00
696.94, 181.00
697.25, 172.00
697.56, 182.00
697.87, 178.00
698.17, 215.00
698.48, 179.00
698.79, 170.00
699.10, 175.00
699.41, 176.00
699.72, 177.00
700.03, 176.00
700.34, 175.00
700.65, 175.00
700.95, 173.00
701.26, 170.00
701.57, 173.00
701.88, 176.00
702.19, 183.00
702.50, 179.00
702.81, 177.00
703.11, 199.00
703.42, 185.00
703.73, 175.00
704.04, 187.00
704.35, 180.00
704.66, 189.00
704.96, 204.00
705.27, 230.00
705.58, 248.00
705.89, 240.00
706.20, 224.00
706.50, 209.00
706.81, 213.00
707.12, 204.00
707.43, 195.00
707.73, 190.00
708.04, 188.00
708.35, 188.00
708.66, 178.00
708.97, 181.00
709.27, 183.00
709.58, 174.00
709.89, 181.00
710.19, 177.00
710.50, 179.00
710.81, 180.00
711.12, 180.00
711.42, 183.00
711.73, 187.00
712.04, 184.00
712.35, 187.00
712.65, 181.00
712.96, 184.00
713.27, 174.00
713.57, 207.00
713.88, 201.00
714.19, 178.00
714.49, 169.00
714.80, 180.00
715.11, 173.00
715.41, 173.00
715.72, 175.00
716.03, 175.00
716.33, 178.00
716.64, 170.00
716.94, 172.00
717.25, 170.00
717.56, 177.00
717.86, 173.00
718.17, 170.00
718.48, 165.00
718.78, 166.00
719.09, 167.00
719.39, 169.00
719.70, 166.00
720.01, 166.00
720.31, 173.00
720.62, 173.00
720.92, 171.00
721.23, 174.00
721.53, 180.00
721.84, 173.00
722.15, 183.00
722.45, 177.00
722.76, 183.00
723.06, 175.00
723.37, 172.00
723.67, 175.00
723.98, 176.00
724.28, 178.00
724.59, 183.00
724.89, 187.00
725.20, 176.00
725.50, 191.00
725.81, 178.00
726.11, 180.00
726.42, 174.00
726.72, 172.00
727.03, 210.00
727.33, 173.00
727.64, 177.00
727.94, 169.00
728.25, 166.00
728.55, 171.00
728.86, 185.00
729.16, 167.00
729.46, 163.00
729.77, 170.00
730.07, 171.00
730.38, 164.00
730.68, 165.00
730.99, 174.00
731.29, 166.00
731.59, 168.00
731.90, 169.00
732.20, 173.00
732.51, 172.00
732.81, 169.00
733.11, 183.00
733.42, 171.00
733.72, 177.00
734.02, 178.00
734.33, 172.00
734.63, 175.00
734.94, 177.00
735.24, 174.00
735.54, 174.00
735.85, 174.00
736.15, 180.00
736.45, 178.00
736.76, 176.00
737.06, 169.00
737.36, 174.00
737.67, 173.00
737.97, 168.00
738.27, 176.00
738.57, 166.00
738.88, 167.00
739.18, 204.00
739.48, 175.00
739.79, 162.00
740.09, 171.00
740.39, 170.00
740.69, 173.00
741.00, 169.00
741.30, 182.00
741.60, 171.00
741.90, 172.00
742.21, 178.00
742.51, 223.00
742.81, 172.00
743.11, 187.00
743.42, 215.00
743.72, 191.00
744.02, 201.00
744.32, 198.00
744.63, 207.00
744.93, 202.00
745.23, 215.00
745.53, 213.00
745.83, 214.00
746.13, 208.00
746.44, 210.00
746.74, 214.00
747.04, 214.00
747.34, 211.00
747.64, 210.00
747.94, 213.00
748.25, 218.00
748.55, 207.00
748.85, 213.00
749.15, 212.00
749.45, 234.00
749.75, 211.00
750.05, 204.00
750.35, 187.00
750.66, 197.00
750.96, 183.00
751.26, 182.00
751.56, 174.00
751.86, 187.00
752.16, 178.00
752.46, 173.00
752.76, 175.00
753.06, 168.00
753.36, 207.00
753.66, 169.00
753.96, 176.00
754.27, 171.00
754.57, 174.00
754.87, 169.00
755.17, 175.00
755.47, 172.00
755.77, 177.00
756.07, 184.00
756.37, 185.00
756.67, 191.00
756.97, 187.00
757.27, 193.00
757.57, 193.00
757.87, 186.00
758.17, 188.00
758.47, 192.00
758.77, 198.00
759.07, 193.00
759.37, 190.00
759.67, 197.00
759.97, 194.00
760.27, 187.00
760.57, 187.00
760.86, 178.00
761.16, 190.00
761.46, 181.00
761.76, 215.00
762.06, 176.00
762.36, 181.00
762.66, 175.00
762.96, 169.00
763.26, 173.00
763.56, 199.00
763.86, 176.00
764.16, 166.00
764.45, 178.00
764.75, 175.00
765.05, 165.00
765.35, 163.00
765.65, 168.00
765.95, 166.00
766.25, 170.00
766.55, 177.00
766.84, 175.00
767.14, 173.00
767.44, 177.00
767.74, 175.00
768.04, 181.00
768.34, 174.00
768.63, 174.00
768.93, 174.00
769.23, 183.00
769.53, 185.00
769.83, 182.00
770.12, 181.00
770.42, 184.00
770.72, 183.00
771.02, 182.00
771.32, 182.00
771.61, 183.00
771.91, 191.00
772.21, 184.00
772.51, 181.00
772.80, 178.00
773.10, 181.00
773.40, 181.00
773.70, 183.00
773.99, 182.00
774.29, 191.00
774.59, 190.00
774.88, 179.00
775.18, 190.00
775.48, 297.00
775.78, 573.00
776.07, 839.00
776.37, 927.00
776.67, 838.00
776.96, 592.00
777.26, 496.00
777.56, 371.00
777.85, 336.00
778.15, 302.00
778.45, 277.00
778.74, 247.00
779.04, 223.00
779.34, 192.00
779.63, 183.00
779.93, 169.00
780.22, 166.00
780.52, 159.00
780.82, 155.00
781.11, 159.00
781.41, 156.00
781.71, 157.00
782.00, 158.00
782.30, 160.00
782.59, 164.00
782.89, 159.00
783.19, 157.00
783.48, 156.00
783.78, 158.00
784.07, 167.00
784.37, 163.00
784.66, 159.00
784.96, 155.00
785.25, 156.00
785.55, 150.00
785.84, 158.00
786.14, 159.00
786.44, 157.00
786.73, 160.00
787.03, 157.00
787.32, 158.00
787.62, 154.00
787.91, 162.00
788.21, 158.00
788.50, 159.00
788.80, 154.00
789.09, 155.00
789.39, 158.00
789.68, 151.00
789.97, 162.00
790.27, 155.00
790.56, 152.00
790.86, 171.00
791.15, 156.00
791.45, 154.00
791.74, 181.00
792.04, 154.00
792.33, 148.00
792.62, 180.00
792.92, 154.00
793.21, 154.00
793.51, 159.00
793.80, 156.00
794.09, 155.00
794.39, 156.00
794.68, 152.00
794.98, 156.00
795.27, 151.00
795.56, 148.00
795.86, 157.00
796.15, 155.00
796.44, 160.00
796.74, 160.00
797.03, 153.00
797.32, 152.00
797.62, 155.00
797.91, 164.00
798.20, 154.00
798.50, 159.00
798.79, 159.00
799.08, 154.00
799.38, 152.00
799.67, 152.00
799.96, 167.00
800.26, 178.00
800.55, 160.00
800.84, 146.00
801.13, 151.00
801.43, 152.00
801.72, 186.00
802.01, 152.00
802.30, 152.00
802.60, 154.00
802.89, 156.00
803.18, 154.00
803.47, 153.00
803.77, 162.00
804.06, 163.00
804.35, 159.00
804.64, 175.00
804.94, 151.00
805.23, 154.00
805.52, 155.00
805.81, 155.00
806.10, 156.00
806.39, 154.00
806.69, 154.00
806.98, 152.00
807.27, 157.00
807.56, 166.00
807.85, 152.00
808.14, 151.00
808.44, 164.00
808.73, 155.00
809.02, 169.00
809.31, 154.00
809.60, 163.00
809.89, 162.00
810.18, 158.00
810.48, 165.00
810.77, 157.00
811.06, 151.00
811.35, 153.00
811.64, 154.00
811.93, 172.00
812.22, 147.00
812.51, 149.00
812.80, 149.00
813.09, 153.00
813.38, 150.00
813.67, 168.00
813.96, 149.00
814.26, 150.00
814.55, 145.00
814.84, 148.00
815.13, 153.00
815.42, 159.00
815.71, 154.00
816.00, 152.00
816.29, 159.00
816.58, 155.00
816.87, 148.00
817.16, 150.00
817.45, 158.00
817.74, 153.00
818.03, 150.00
818.32, 149.00
818.61, 150.00
818.90, 155.00
819.19, 152.00
819.48, 148.00
819.76, 149.00
820.05, 150.00
820.34, 146.00
820.63, 149.00
820.92, 153.00
821.21, 150.00
821.50, 153.00
821.79, 147.00
822.08, 144.00
822.37, 153.00
822.66, 152.00
822.95, 156.00
823.23, 148.00
823.52, 164.00
823.81, 158.00
824.10, 150.00
824.39, 151.00
824.68, 149.00
824.97, 169.00
825.26, 151.00
825.54, 193.00
825.83, 150.00
826.12, 147.00
826.41, 151.00
826.70, 148.00
826.99, 153.00
827.27, 150.00
827.56, 174.00
827.85, 154.00
828.14, 148.00
828.43, 155.00
828.71, 148.00
829.00, 150.00
829.29, 147.00
829.58, 153.00
829.86, 144.00
830.15, 155.00
830.44, 154.00
830.73, 152.00
831.01, 148.00
831.30, 146.00
831.59, 148.00
831.88, 150.00
832.16, 151.00
832.45, 156.00
832.74, 142.00
833.03, 144.00
833.31, 153.00
833.60, 150.00
833.89, 152.00
834.17, 151.00
834.46, 145.00
834.75, 150.00
835.03, 150.00
835.32, 150.00
835.61, 155.00
835.89, 159.00
836.18, 150.00
836.47, 148.00
836.75, 148.00
837.04, 147.00
837.33, 155.00
837.61, 153.00
837.90, 147.00
838.19, 148.00
838.47, 148.00
838.76, 149.00
839.04, 148.00
839.33, 148.00
839.62, 151.00
839.90, 149.00
840.19, 141.00
840.47, 149.00
840.76, 170.00
841.04, 154.00
841.33, 154.00
841.62, 150.00
841.90, 146.00
842.19, 146.00
842.47, 178.00
842.76, 147.00
843.04, 154.00
843.33, 178.00
843.61, 171.00
843.90, 171.00
844.18, 171.00
844.47, 176.00
844.75, 171.00
845.04, 161.00
845.32, 160.00
845.61, 158.00
845.89, 156.00
846.18, 157.00
846.46, 157.00
846.75, 154.00
847.03, 164.00
847.32, 148.00
847.60, 153.00
847.88, 154.00
848.17, 148.00
848.45, 168.00
848.74, 157.00
849.02, 149.00
849.31, 147.00
849.59, 149.00
849.87, 147.00
850.16, 149.00
850.44, 147.00
850.73, 174.00
851.01, 155.00
851.29, 150.00
851.58, 146.00
851.86, 158.00
852.14, 151.00
852.43, 151.00
852.71, 152.00
853.00, 151.00
853.28, 154.00
853.56, 151.00
853.85, 150.00
854.13, 150.00
854.41, 147.00
854.69, 145.00
854.98, 148.00
855.26, 195.00
855.54, 149.00
855.83, 148.00
856.11, 148.00
856.39, 152.00
856.68, 151.00
856.96, 148.00
857.24, 148.00
857.52, 151.00
857.81, 151.00
858.09, 148.00
858.37, 152.00
858.65, 152.00
858.94, 145.00
859.22, 150.00
