190.05, 0.00
190.41, 137.00
190.77, 138.00
191.14, 134.00
191.50, 137.00
191.86, 155.00
192.22, 146.00
192.58, 146.00
192.94, 145.00
193.31, 146.00
193.67, 148.00
194.03, 148.00
194.39, 151.00
194.75, 148.00
195.11, 157.00
195.47, 161.00
195.84, 145.00
196.20, 147.00
196.56, 157.00
196.92, 140.00
197.28, 148.00
197.64, 145.00
198.00, 143.00
198.37, 150.00
198.73, 141.00
199.09, 146.00
199.45, 141.00
199.81, 152.00
200.17, 155.00
200.53, 146.00
200.89, 152.00
201.25, 179.00
201.62, 143.00
201.98, 142.00
202.34, 142.00
202.70, 156.00
203.06, 145.00
203.42, 139.00
203.78, 147.00
204.14, 150.00
204.50, 175.00
204.86, 162.00
205.22, 152.00
205.58, 146.00
205.95, 146.00
206.31, 146.00
206.67, 149.00
207.03, 151.00
207.39, 160.00
207.75, 148.00
208.11, 147.00
208.47, 143.00
208.83, 149.00
209.19, 148.00
209.55, 143.00
209.91, 140.00
210.27, 148.00
210.63, 143.00
210.99, 157.00
211.35, 149.00
211.71, 153.00
212.07, 150.00
212.43, 145.00
212.79, 146.00
213.15, 149.00
213.51, 145.00
213.87, 150.00
214.23, 148.00
214.59, 146.00
214.95, 146.00
215.31, 146.00
215.67, 146.00
216.03, 179.00
216.39, 150.00
216.75, 148.00
217.11, 149.00
217.47, 145.00
217.83, 147.00
218.19, 149.00
218.55, 152.00
218.91, 148.00
219.27, 146.00
219.63, 146.00
219.99, 141.00
220.35, 144.00
220.71, 154.00
221.07, 143.00
221.43, 146.00
221.79, 145.00
222.15, 149.00
222.51, 148.00
222.87, 149.00
223.23, 149.00
223.59, 142.00
223.95, 145.00
224.31, 148.00
224.67, 142.00
225.03, 147.00
225.39, 153.00
225.74, 153.00
226.10, 146.00
226.46, 145.00
226.82, 148.00
227.18, 145.00
227.54, 143.00
227.90, 148.00
228.26, 151.00
228.62, 157.00
228.98, 149.00
229.34, 147.00
229.69, 146.00
230.05, 149.00
230.41, 151.00
230.77, 154.00
231.13, 156.00
231.49, 146.00
231.85, 142.00
232.21, 157.00
232.57, 154.00
232.92, 146.00
233.28, 147.00
233.64, 151.00
234.00, 144.00
234.36, 144.00
234.72, 145.00
235.08, 147.00
235.44, 141.00
235.79, 148.00
236.15, 148.00
236.51, 139.00
236.87, 143.00
237.23, 145.00
237.59, 146.00
237.94, 153.00
238.30, 149.00
238.66, 149.00
239.02, 146.00
239.38, 143.00
239.74, 146.00
240.09, 154.00
240.45, 147.00
240.81, 146.00
241.17, 151.00
241.53, 150.00
241.89, 147.00
242.24, 145.00
242.60, 147.00
242.96, 151.00
243.32, 149.00
243.68, 146.00
244.03, 148.00
244.39, 143.00
244.75, 173.00
245.11, 152.00
245.46, 146.00
245.82, 176.00
246.18, 146.00
246.54, 152.00
246.90, 143.00
247.25, 140.00
247.61, 143.00
247.97, 179.00
248.33, 146.00
248.68, 141.00
249.04, 142.00
249.40, 145.00
249.76, 145.00
250.11, 140.00
250.47, 148.00
250.83, 147.00
251.19, 147.00
251.54, 158.00
251.90, 146.00
252.26, 156.00
252.62, 143.00
252.97, 151.00
253.33, 143.00
253.69, 145.00
254.05, 155.00
254.40, 147.00
254.76, 145.00
255.12, 176.00
255.47, 155.00
255.83, 151.00
256.19, 146.00
256.54, 143.00
256.90, 141.00
257.26, 144.00
257.62, 144.00
257.97, 143.00
258.33, 146.00
258.69, 145.00
259.04, 140.00
259.40, 145.00
259.76, 149.00
260.11, 149.00
260.47, 141.00
260.83, 147.00
261.18, 147.00
261.54, 151.00
261.90, 146.00
262.25, 146.00
262.61, 141.00
262.97, 146.00
263.32, 139.00
263.68, 145.00
264.04, 152.00
264.39, 147.00
264.75, 149.00
265.10, 147.00
265.46, 191.00
265.82, 157.00
266.17, 146.00
266.53, 137.00
266.89, 156.00
267.24, 151.00
267.60, 150.00
267.95, 142.00
268.31, 145.00
268.67, 142.00
269.02, 139.00
269.38, 142.00
269.74, 151.00
270.09, 146.00
270.45, 146.00
270.80, 167.00
271.16, 147.00
271.51, 152.00
271.87, 149.00
272.23, 153.00
272.58, 147.00
272.94, 145.00
273.29, 141.00
273.65, 193.00
274.00, 147.00
274.36, 145.00
274.72, 147.00
275.07, 146.00
275.43, 148.00
275.78, 148.00
276.14, 141.00
276.49, 146.00
276.85, 155.00
277.20, 169.00
277.56, 147.00
277.92, 141.00
278.27, 148.00
278.63, 157.00
278.98, 150.00
279.34, 142.00
279.69, 147.00
280.05, 164.00
280.40, 150.00
280.76, 156.00
281.11, 149.00
281.47, 145.00
281.82, 147.00
282.18, 148.00
282.53, 154.00
282.89, 160.00
283.24, 156.00
283.60, 153.00
283.95, 152.00
284.31, 146.00
284.66, 152.00
285.02, 152.00
285.37, 152.00
285.73, 148.00
286.08, 156.00
286.44, 145.00
286.79, 152.00
287.14, 157.00
287.50, 156.00
287.85, 147.00
288.21, 152.00
288.56, 146.00
288.92, 148.00
289.27, 149.00
289.63, 146.00
289.98, 157.00
290.34, 151.00
290.69, 155.00
291.04, 146.00
291.40, 146.00
291.75, 144.00
292.11, 156.00
292.46, 141.00
292.81, 155.00
293.17, 150.00
293.52, 149.00
293.88, 148.00
294.23, 153.00
294.59, 156.00
294.94, 153.00
295.29, 156.00
295.65, 168.00
296.00, 178.00
296.36, 161.00
296.71, 146.00
297.06, 154.00
297.42, 158.00
297.77, 158.00
298.12, 162.00
298.48, 157.00
298.83, 159.00
299.19, 157.00
299.54, 158.00
299.89, 153.00
300.25, 156.00
300.60, 154.00
300.95, 159.00
301.31, 151.00
301.66, 148.00
302.01, 155.00
302.37, 152.00
302.72, 151.00
303.07, 149.00
303.43, 155.00
303.78, 151.00
304.13, 157.00
304.49, 163.00
304.84, 166.00
305.19, 194.00
305.55, 158.00
305.90, 173.00
306.25, 189.00
306.61, 230.00
306.96, 254.00
307.31, 330.00
307.66, 446.00
308.02, 561.00
308.37, 648.00
308.72, 707.00
309.08, 696.00
309.43, 658.00
309.78, 572.00
310.13, 505.00
310.49, 437.00
310.84, 349.00
311.19, 308.00
311.54, 274.00
311.90, 234.00
312.25, 232.00
312.60, 227.00
312.95, 250.00
313.31, 252.00
313.66, 266.00
314.01, 275.00
314.36, 286.00
314.72, 285.00
315.07, 317.00
315.42, 366.00
315.77, 393.00
316.13, 328.00
316.48, 255.00
316.83, 208.00
317.18, 187.00
317.54, 173.00
317.89, 167.00
318.24, 166.00
318.59, 157.00
318.94, 153.00
319.30, 160.00
319.65, 161.00
320.00, 156.00
320.35, 158.00
320.70, 157.00
321.05, 156.00
321.41, 163.00
321.76, 161.00
322.11, 153.00
322.46, 154.00
322.81, 203.00
323.17, 158.00
323.52, 155.00
323.87, 149.00
324.22, 156.00
324.57, 157.00
324.92, 156.00
325.27, 160.00
325.63, 170.00
325.98, 165.00
326.33, 164.00
326.68, 156.00
327.03, 157.00
327.38, 162.00
327.73, 168.00
328.09, 176.00
328.44, 204.00
328.79, 181.00
329.14, 215.00
329.49, 183.00
329.84, 179.00
330.19, 183.00
330.54, 173.00
330.89, 181.00
331.25, 167.00
331.60, 163.00
331.95, 165.00
332.30, 164.00
332.65, 164.00
333.00, 168.00
333.35, 215.00
333.70, 206.00
334.05, 183.00
334.40, 182.00
334.75, 187.00
335.10, 222.00
335.45, 273.00
335.81, 349.00
336.16, 471.00
336.51, 630.00
336.86, 649.00
337.21, 578.00
337.56, 404.00
337.91, 293.00
338.26, 217.00
338.61, 184.00
338.96, 169.00
339.31, 162.00
339.66, 155.00
340.01, 160.00
340.36, 157.00
340.71, 158.00
341.06, 155.00
341.41, 154.00
341.76, 156.00
342.11, 159.00
342.46, 159.00
342.81, 163.00
343.16, 156.00
343.51, 156.00
343.86, 156.00
344.21, 154.00
344.56, 153.00
344.91, 156.00
345.26, 164.00
345.61, 156.00
345.96, 157.00
346.31, 154.00
346.66, 178.00
347.01, 156.00
347.36, 170.00
347.71, 152.00
348.06, 152.00
348.41, 164.00
348.76, 168.00
349.10, 160.00
349.45, 177.00
349.80, 172.00
350.15, 172.00
350.50, 171.00
350.85, 183.00
351.20, 172.00
351.55, 189.00
351.90, 205.00
352.25, 234.00
352.60, 263.00
352.95, 316.00
353.30, 356.00
353.64, 320.00
353.99, 278.00
354.34, 260.00
354.69, 253.00
355.04, 277.00
355.39, 301.00
355.74, 347.00
356.09, 408.00
356.44, 458.00
356.78, 524.00
357.13, 569.00
357.48, 552.00
357.83, 459.00
358.18, 337.00
358.53, 268.00
358.88, 209.00
359.22, 181.00
359.57, 159.00
359.92, 159.00
360.27, 159.00
360.62, 158.00
360.97, 160.00
361.32, 159.00
361.66, 162.00
362.01, 157.00
362.36, 161.00
362.71, 161.00
363.06, 158.00
363.40, 162.00
363.75, 171.00
364.10, 168.00
364.45, 167.00
364.80, 164.00
365.14, 161.00
365.49, 168.00
365.84, 163.00
366.19, 164.00
366.54, 172.00
366.88, 190.00
367.23, 159.00
367.58, 214.00
367.93, 162.00
368.28, 158.00
368.62, 158.00
368.97, 167.00
369.32, 167.00
369.67, 169.00
370.01, 190.00
370.36, 187.00
370.71, 214.00
371.06, 178.00
371.40, 184.00
371.75, 168.00
372.10, 162.00
372.45, 155.00
372.79, 168.00
373.14, 173.00
373.49, 182.00
373.83, 203.00
374.18, 218.00
374.53, 241.00
374.88, 275.00
375.22, 279.00
375.57, 241.00
375.92, 221.00
376.26, 196.00
376.61, 171.00
376.96, 165.00
377.30, 165.00
377.65, 171.00
378.00, 176.00
378.35, 196.00
378.69, 220.00
379.04, 243.00
379.39, 293.00
379.73, 328.00
380.08, 329.00
380.43, 287.00
380.77, 234.00
381.12, 211.00
381.47, 198.00
381.81, 168.00
382.16, 163.00
382.50, 164.00
382.85, 233.00
383.20, 164.00
383.54, 169.00
383.89, 175.00
384.24, 173.00
384.58, 182.00
384.93, 205.00
385.27, 195.00
385.62, 201.00
385.97, 202.00
386.31, 190.00
386.66, 219.00
387.00, 198.00
387.35, 202.00
387.70, 224.00
388.04, 307.00
388.39, 296.00
388.73, 381.00
389.08, 500.00
389.43, 658.00
389.77, 823.00
390.12, 1055.00
390.46, 1511.00
390.81, 1664.00
391.15, 1611.00
391.50, 1243.00
391.85, 770.00
392.19, 522.00
392.54, 320.00
392.88, 229.00
393.23, 201.00
393.57, 197.00
393.92, 192.00
394.26, 179.00
394.61, 171.00
394.95, 170.00
395.30, 156.00
395.64, 158.00
395.99, 196.00
396.33, 163.00
396.68, 155.00
397.02, 158.00
397.37, 171.00
397.71, 174.00
398.06, 178.00
398.40, 194.00
398.75, 203.00
399.09, 214.00
399.44, 219.00
399.78, 206.00
400.13, 188.00
400.47, 175.00
400.82, 159.00
401.16, 160.00
401.51, 168.00
401.85, 161.00
402.20, 163.00
402.54, 158.00
402.88, 167.00
403.23, 161.00
403.57, 174.00
403.92, 200.00
404.26, 258.00
404.61, 223.00
404.95, 261.00
405.30, 227.00
405.64, 205.00
405.98, 225.00
406.33, 193.00
406.67, 179.00
407.02, 162.00
407.36, 166.00
407.70, 177.00
408.05, 165.00
408.39, 172.00
408.74, 173.00
409.08, 179.00
409.42, 173.00
409.77, 174.00
410.11, 176.00
410.46, 166.00
410.80, 172.00
411.14, 172.00
411.49, 182.00
411.83, 186.00
412.17, 178.00
412.52, 180.00
412.86, 182.00
413.20, 194.00
413.55, 187.00
413.89, 184.00
414.23, 174.00
414.58, 212.00
414.92, 167.00
415.26, 167.00
415.61, 172.00
415.95, 169.00
416.29, 178.00
416.64, 178.00
416.98, 172.00
417.32, 174.00
417.67, 207.00
418.01, 207.00
418.35, 204.00
418.70, 224.00
419.04, 263.00
419.38, 250.00
419.72, 249.00
420.07, 224.00
420.41, 195.00
420.75, 192.00
421.10, 174.00
421.44, 181.00
421.78, 178.00
422.12, 175.00
422.47, 182.00
422.81, 193.00
423.15, 196.00
423.49, 196.00
423.84, 190.00
424.18, 203.00
424.52, 213.00
424.86, 250.00
425.21, 301.00
425.55, 328.00
425.89, 399.00
426.23, 472.00
426.57, 601.00
426.92, 675.00
427.26, 728.00
427.60, 621.00
427.94, 448.00
428.28, 344.00
428.63, 266.00
428.97, 213.00
429.31, 189.00
429.65, 179.00
429.99, 169.00
430.34, 161.00
430.68, 162.00
431.02, 173.00
431.36, 162.00
431.70, 167.00
432.04, 164.00
432.39, 164.00
432.73, 170.00
433.07, 179.00
433.41, 175.00
433.75, 188.00
434.09, 187.00
434.43, 191.00
434.78, 250.00
435.12, 299.00
435.46, 335.00
435.80, 306.00
436.14, 273.00
436.48, 234.00
436.82, 219.00
437.16, 203.00
437.51, 182.00
437.85, 180.00
438.19, 217.00
438.53, 171.00
438.87, 197.00
439.21, 178.00
439.55, 184.00
439.89, 183.00
440.23, 181.00
440.57, 185.00
440.91, 185.00
441.26, 187.00
441.60, 182.00
441.94, 176.00
442.28, 177.00
442.62, 178.00
442.96, 175.00
443.30, 175.00
443.64, 170.00
443.98, 176.00
444.32, 175.00
444.66, 170.00
445.00, 171.00
445.34, 179.00
445.68, 174.00
446.02, 174.00
446.36, 171.00
446.70, 170.00
447.04, 175.00
447.38, 200.00
447.72, 178.00
448.06, 177.00
448.40, 176.00
448.74, 169.00
449.08, 174.00
449.42, 172.00
449.76, 179.00
450.10, 170.00
450.44, 170.00
450.78, 169.00
451.12, 176.00
451.46, 173.00
451.80, 178.00
452.14, 164.00
452.48, 175.00
452.82, 172.00
453.16, 166.00
453.50, 174.00
453.84, 169.00
454.18, 207.00
454.52, 175.00
454.86, 171.00
455.19, 187.00
455.53, 181.00
455.87, 176.00
456.21, 185.00
456.55, 176.00
456.89, 179.00
457.23, 182.00
457.57, 186.00
457.91, 194.00
458.25, 193.00
458.59, 198.00
458.92, 216.00
459.26, 209.00
459.60, 213.00
459.94, 193.00
460.28, 186.00
460.62, 180.00
460.96, 170.00
461.30, 166.00
461.63, 172.00
461.97, 166.00
462.31, 172.00
462.65, 170.00
462.99, 178.00
463.33, 180.00
463.67, 176.00
464.00, 181.00
464.34, 181.00
464.68, 184.00
465.02, 192.00
465.36, 185.00
465.70, 175.00
466.03, 184.00
466.37, 169.00
466.71, 180.00
467.05, 186.00
467.39, 200.00
467.72, 202.00
468.06, 220.00
468.40, 228.00
468.74, 238.00
469.08, 243.00
469.41, 270.00
469.75, 292.00
470.09, 310.00
470.43, 319.00
470.76, 277.00
471.10, 256.00
471.44, 224.00
471.78, 217.00
472.11, 200.00
472.45, 191.00
472.79, 183.00
473.13, 181.00
473.46, 184.00
473.80, 182.00
474.14, 176.00
474.48, 180.00
474.81, 172.00
475.15, 171.00
475.49, 176.00
475.82, 186.00
476.16, 185.00
476.50, 167.00
476.84, 170.00
477.17, 171.00
477.51, 170.00
477.85, 169.00
478.18, 183.00
478.52, 173.00
478.86, 219.00
479.19, 184.00
479.53, 180.00
479.87, 217.00
480.20, 188.00
480.54, 179.00
480.88, 176.00
481.21, 178.00
481.55, 180.00
481.89, 180.00
482.22, 183.00
482.56, 195.00
482.90, 188.00
483.23, 195.00
483.57, 195.00
483.90, 203.00
484.24, 214.00
484.58, 217.00
484.91, 221.00
485.25, 227.00
485.58, 228.00
485.92, 237.00
486.26, 245.00
486.59, 243.00
486.93, 242.00
487.26, 240.00
487.60, 242.00
487.94, 236.00
488.27, 245.00
488.61, 236.00
488.94, 240.00
489.28, 225.00
489.61, 226.00
489.95, 225.00
490.29, 231.00
490.62, 238.00
490.96, 234.00
491.29, 234.00
491.63, 226.00
491.96, 219.00
492.30, 226.00
492.63, 219.00
492.97, 217.00
493.30, 212.00
493.64, 214.00
493.97, 214.00
494.31, 213.00
494.64, 221.00
494.98, 219.00
495.31, 217.00
495.65, 205.00
495.98, 212.00
496.32, 204.00
496.65, 241.00
496.99, 203.00
497.32, 197.00
497.66, 199.00
497.99, 190.00
498.33, 191.00
498.66, 189.00
499.00, 188.00
499.33, 188.00
499.67, 194.00
500.00, 180.00
500.34, 193.00
500.67, 207.00
501.00, 194.00
501.34, 189.00
501.67, 190.00
502.01, 181.00
502.34, 178.00
502.68, 186.00
503.01, 194.00
503.34, 184.00
503.68, 181.00
504.01, 190.00
504.35, 185.00
504.68, 196.00
505.01, 188.00
505.35, 188.00
505.68, 184.00
506.02, 190.00
506.35, 194.00
506.68, 204.00
507.02, 194.00
507.35, 193.00
507.68, 189.00
508.02, 193.00
508.35, 182.00
508.69, 180.00
509.02, 178.00
509.35, 176.00
509.69, 178.00
510.02, 183.00
510.35, 176.00
510.69, 179.00
511.02, 179.00
511.35, 175.00
511.69, 176.00
512.02, 174.00
512.35, 179.00
512.68, 175.00
513.02, 182.00
513.35, 176.00
513.68, 170.00
514.02, 183.00
514.35, 180.00
514.68, 175.00
515.01, 173.00
515.35, 184.00
515.68, 172.00
516.01, 170.00
516.35, 176.00
516.68, 173.00
517.01, 166.00
517.34, 171.00
517.68, 167.00
518.01, 182.00
518.34, 173.00
518.67, 173.00
519.01, 171.00
519.34, 185.00
519.67, 191.00
520.00, 181.00
520.33, 179.00
520.67, 182.00
521.00, 188.00
521.33, 187.00
521.66, 191.00
522.00, 191.00
522.33, 191.00
522.66, 175.00
522.99, 181.00
523.32, 182.00
523.65, 177.00
523.99, 178.00
524.32, 175.00
524.65, 178.00
524.98, 177.00
525.31, 179.00
525.65, 205.00
525.98, 179.00
526.31, 174.00
526.64, 188.00
526.97, 177.00
527.30, 175.00
527.63, 171.00
527.97, 172.00
528.30, 170.00
528.63, 176.00
528.96, 200.00
529.29, 169.00
529.62, 175.00
529.95, 169.00
530.28, 172.00
530.61, 174.00
530.95, 167.00
531.28, 169.00
531.61, 174.00
531.94, 183.00
532.27, 186.00
532.60, 187.00
532.93, 191.00
533.26, 178.00
533.59, 179.00
533.92, 181.00
534.25, 178.00
534.58, 208.00
534.91, 181.00
535.25, 173.00
535.58, 171.00
535.91, 172.00
536.24, 177.00
536.57, 185.00
536.90, 186.00
537.23, 191.00
537.56, 232.00
537.89, 199.00
538.22, 199.00
538.55, 204.00
538.88, 222.00
539.21, 342.00
539.54, 237.00
539.87, 252.00
540.20, 281.00
540.53, 297.00
540.86, 379.00
541.19, 377.00
541.52, 416.00
541.85, 435.00
542.18, 461.00
542.51, 464.00
542.84, 478.00
543.17, 472.00
543.50, 463.00
543.82, 448.00
544.15, 448.00
544.48, 440.00
544.81, 472.00
545.14, 512.00
545.47, 474.00
545.80, 461.00
546.13, 388.00
546.46, 379.00
546.79, 343.00
547.12, 291.00
547.45, 283.00
547.78, 276.00
548.10, 263.00
548.43, 262.00
548.76, 257.00
549.09, 240.00
549.42, 247.00
549.75, 233.00
550.08, 236.00
550.41, 230.00
550.74, 238.00
551.06, 227.00
551.39, 227.00
551.72, 219.00
552.05, 219.00
552.38, 212.00
552.71, 206.00
553.03, 207.00
553.36, 205.00
553.69, 199.00
554.02, 192.00
554.35, 192.00
554.68, 185.00
555.00, 190.00
555.33, 183.00
555.66, 183.00
555.99, 197.00
556.32, 186.00
556.64, 184.00
556.97, 188.00
557.30, 188.00
557.63, 197.00
557.96, 193.00
558.28, 194.00
558.61, 192.00
558.94, 191.00
559.27, 190.00
559.59, 192.00
559.92, 187.00
560.25, 186.00
560.58, 191.00
560.90, 193.00
561.23, 188.00
561.56, 187.00
561.89, 183.00
562.21, 182.00
562.54, 182.00
562.87, 175.00
563.20, 179.00
563.52, 167.00
563.85, 175.00
564.18, 187.00
564.50, 179.00
564.83, 201.00
565.16, 225.00
565.48, 165.00
565.81, 179.00
566.14, 158.00
566.47, 160.00
566.79, 166.00
567.12, 166.00
567.45, 178.00
567.77, 161.00
568.10, 161.00
568.43, 165.00
568.75, 162.00
569.08, 167.00
569.40, 204.00
569.73, 170.00
570.06, 164.00
570.38, 164.00
570.71, 161.00
571.04, 164.00
571.36, 171.00
571.69, 171.00
572.01, 166.00
572.34, 161.00
572.67, 165.00
572.99, 162.00
573.32, 180.00
573.64, 169.00
573.97, 164.00
574.30, 172.00
574.62, 162.00
574.95, 167.00
575.27, 172.00
575.60, 168.00
575.92, 181.00
576.25, 183.00
576.58, 187.00
576.90, 178.00
577.23, 207.00
577.55, 180.00
577.88, 185.00
578.20, 184.00
578.53, 187.00
578.85, 207.00
579.18, 200.00
579.50, 194.00
579.83, 194.00
580.15, 193.00
580.48, 198.00
580.80, 197.00
581.13, 201.00
581.45, 202.00
581.78, 199.00
582.10, 209.00
582.43, 214.00
582.75, 215.00
583.08, 213.00
583.40, 204.00
583.73, 280.00
584.05, 218.00
584.38, 210.00
584.70, 256.00
585.03, 208.00
585.35, 215.00
585.67, 217.00
586.00, 235.00
586.32, 261.00
586.65, 280.00
586.97, 260.00
587.30, 256.00
587.62, 238.00
587.94, 244.00
588.27, 217.00
588.59, 207.00
588.92, 208.00
589.24, 201.00
589.56, 202.00
589.89, 201.00
590.21, 198.00
590.54, 186.00
590.86, 198.00
591.18, 193.00
591.51, 192.00
591.83, 211.00
592.15, 211.00
592.48, 217.00
592.80, 212.00
593.13, 199.00
593.45, 200.00
593.77, 204.00
594.10, 194.00
594.42, 199.00
594.74, 193.00
595.07, 197.00
595.39, 191.00
595.71, 197.00
596.03, 194.00
596.36, 205.00
596.68, 205.00
597.00, 209.00
597.33, 202.00
597.65, 213.00
597.97, 211.00
598.30, 207.00
598.62, 216.00
598.94, 209.00
599.26, 209.00
599.59, 208.00
599.91, 210.00
600.23, 200.00
600.55, 193.00
600.88, 201.00
601.20, 198.00
601.52, 189.00
601.84, 178.00
602.17, 180.00
602.49, 179.00
602.81, 172.00
603.13, 176.00
603.45, 179.00
603.78, 173.00
604.10, 174.00
604.42, 169.00
604.74, 169.00
605.07, 177.00
605.39, 169.00
605.71, 167.00
606.03, 174.00
606.35, 177.00
606.67, 188.00
607.00, 185.00
607.32, 181.00
607.64, 183.00
607.96, 186.00
608.28, 197.00
608.60, 201.00
608.93, 212.00
609.25, 248.00
609.57, 308.00
609.89, 401.00
610.21, 475.00
610.53, 496.00
610.85, 507.00
611.17, 450.00
611.50, 429.00
611.82, 395.00
612.14, 374.00
612.46, 343.00
612.78, 313.00
613.10, 299.00
613.42, 291.00
613.74, 284.00
614.06, 305.00
614.38, 265.00
614.70, 260.00
615.03, 259.00
615.35, 246.00
615.67, 328.00
615.99, 218.00
616.31, 208.00
616.63, 209.00
616.95, 199.00
617.27, 191.00
617.59, 186.00
617.91, 190.00
618.23, 202.00
618.55, 187.00
618.87, 186.00
619.19, 190.00
619.51, 193.00
619.83, 186.00
620.15, 190.00
620.47, 190.00
620.79, 189.00
621.11, 192.00
621.43, 191.00
621.75, 197.00
622.07, 191.00
622.39, 181.00
622.71, 187.00
623.03, 186.00
623.35, 217.00
623.67, 177.00
623.99, 185.00
624.31, 183.00
624.63, 185.00
624.95, 182.00
625.26, 175.00
625.58, 184.00
625.90, 208.00
626.22, 179.00
626.54, 176.00
626.86, 185.00
627.18, 177.00
627.50, 189.00
627.82, 179.00
628.14, 178.00
628.46, 192.00
628.77, 185.00
629.09, 191.00
629.41, 200.00
629.73, 214.00
630.05, 216.00
630.37, 215.00
630.69, 216.00
631.00, 215.00
631.32, 212.00
631.64, 195.00
631.96, 189.00
632.28, 178.00
632.60, 186.00
632.92, 183.00
633.23, 181.00
633.55, 188.00
633.87, 176.00
634.19, 190.00
634.51, 183.00
634.82, 194.00
635.14, 194.00
635.46, 181.00
635.78, 182.00
636.10, 182.00
636.41, 183.00
636.73, 179.00
637.05, 184.00
637.37, 187.00
637.68, 178.00
638.00, 185.00
638.32, 185.00
638.64, 197.00
638.95, 209.00
639.27, 203.00
639.59, 196.00
639.91, 191.00
640.22, 192.00
640.54, 189.00
640.86, 181.00
641.18, 192.00
641.49, 202.00
641.81, 184.00
642.13, 185.00
642.44, 173.00
642.76, 167.00
643.08, 171.00
643.40, 170.00
643.71, 177.00
644.03, 180.00
644.35, 177.00
644.66, 189.00
644.98, 173.00
645.30, 178.00
645.61, 188.00
645.93, 170.00
646.25, 166.00
646.56, 180.00
646.88, 192.00
647.19, 171.00
647.51, 172.00
647.83, 164.00
648.14, 164.00
648.46, 164.00
648.78, 169.00
649.09, 165.00
649.41, 213.00
649.72, 173.00
650.04, 179.00
650.36, 177.00
650.67, 173.00
650.99, 172.00
651.30, 171.00
651.62, 175.00
651.93, 174.00
652.25, 181.00
652.57, 216.00
652.88, 171.00
653.20, 179.00
653.51, 171.00
653.83, 171.00
654.14, 165.00
654.46, 170.00
654.77, 169.00
655.09, 168.00
655.40, 182.00
655.72, 172.00
656.04, 163.00
656.35, 171.00
656.67, 164.00
656.98, 161.00
657.30, 167.00
657.61, 163.00
657.93, 167.00
658.24, 167.00
658.55, 214.00
658.87, 172.00
659.18, 173.00
659.50, 171.00
659.81, 174.00
660.13, 171.00
660.44, 168.00
660.76, 173.00
661.07, 188.00
661.39, 172.00
661.70, 166.00
662.01, 172.00
662.33, 162.00
662.64, 176.00
662.96, 163.00
663.27, 160.00
663.59, 160.00
663.90, 158.00
664.21, 158.00
664.53, 180.00
664.84, 161.00
665.16, 179.00
665.47, 164.00
665.78, 161.00
666.10, 170.00
666.41, 179.00
666.72, 187.00
667.04, 198.00
667.35, 183.00
667.67, 171.00
667.98, 176.00
668.29, 173.00
668.61, 169.00
668.92, 168.00
669.23, 168.00
669.55, 165.00
669.86, 185.00
670.17, 161.00
670.48, 161.00
670.80, 157.00
671.11, 155.00
671.42, 158.00
671.74, 161.00
672.05, 155.00
672.36, 163.00
672.68, 156.00
672.99, 162.00
673.30, 159.00
673.61, 164.00
673.93, 164.00
674.24, 160.00
674.55, 162.00
674.86, 163.00
675.18, 165.00
675.49, 166.00
675.80, 171.00
676.11, 168.00
676.43, 169.00
676.74, 167.00
677.05, 167.00
677.36, 180.00
677.67, 163.00
677.99, 169.00
678.30, 161.00
678.61, 166.00
678.92, 166.00
679.23, 166.00
679.55, 173.00
679.86, 162.00
680.17, 161.00
680.48, 170.00
680.79, 162.00
681.10, 157.00
681.42, 155.00
681.73, 155.00
682.04, 162.00
682.35, 155.00
682.66, 161.00
682.97, 155.00
683.28, 162.00
683.60, 162.00
683.91, 154.00
684.22, 174.00
684.53, 160.00
684.84, 154.00
685.15, 162.00
685.46, 182.00
685.77, 155.00
686.08, 154.00
686.40, 195.00
686.71, 158.00
687.02, 157.00
687.33, 159.00
687.64, 154.00
687.95, 153.00
688.26, 152.00
688.57, 155.00
688.88, 157.00
689.19, 150.00
689.50, 153.00
689.81, 154.00
690.12, 147.00
690.43, 161.00
690.74, 152.00
691.05, 154.00
691.36, 161.00
691.67, 151.00
691.98, 150.00
692.29, 152.00
692.60, 159.00
692.91, 157.00
693.22, 154.00
693.53, 155.00
693.84, 158.00
694.15, 148.00
694.46, 153.00
694.77, 149.00
695.08, 151.00
695.39, 159.00
695.70, 149.00
696.01, 149.00
696.32, 148.00
696.63, 151.00
696.94, 159.00
697.25, 147.00
697.56, 158.00
697.87, 160.00
698.17, 191.00
698.48, 152.00
698.79, 150.00
699.10, 152.00
699.41, 150.00
699.72, 152.00
700.03, 148.00
700.34, 149.00
700.65, 155.00
700.95, 154.00
701.26, 156.00
701.57, 147.00
701.88, 148.00
702.19, 165.00
702.50, 157.00
702.81, 155.00
703.11, 173.00
703.42, 155.00
703.73, 160.00
704.04, 161.00
704.35, 166.00
704.66, 189.00
704.96, 268.00
705.27, 344.00
705.58, 389.00
705.89, 398.00
706.20, 326.00
706.50, 292.00
706.81, 271.00
707.12, 243.00
707.43, 211.00
707.73, 195.00
708.04, 181.00
708.35, 174.00
708.66, 166.00
708.97, 157.00
709.27, 157.00
709.58, 159.00
709.89, 157.00
710.19, 154.00
710.50, 160.00
710.81, 155.00
711.12, 163.00
711.42, 153.00
711.73, 167.00
712.04, 162.00
712.35, 160.00
712.65, 157.00
712.96, 157.00
713.27, 157.00
713.57, 181.00
713.88, 166.00
714.19, 147.00
714.49, 151.00
714.80, 157.00
715.11, 150.00
715.41, 150.00
715.72, 151.00
716.03, 148.00
716.33, 156.00
716.64, 146.00
716.94, 150.00
717.25, 149.00
717.56, 160.00
717.86, 154.00
718.17, 150.00
718.48, 153.00
718.78, 154.00
719.09, 150.00
719.39, 145.00
719.70, 149.00
720.01, 150.00
720.31, 144.00
720.62, 145.00
720.92, 147.00
721.23, 154.00
721.53, 155.00
721.84, 152.00
722.15, 157.00
722.45, 149.00
722.76, 150.00
723.06, 150.00
723.37, 149.00
723.67, 145.00
723.98, 146.00
724.28, 152.00
724.59, 160.00
724.89, 156.00
725.20, 154.00
725.50, 158.00
725.81, 155.00
726.11, 152.00
726.42, 157.00
726.72, 159.00
727.03, 202.00
727.33, 171.00
727.64, 169.00
727.94, 160.00
728.25, 152.00
728.55, 153.00
728.86, 176.00
729.16, 148.00
729.46, 145.00
729.77, 154.00
730.07, 146.00
730.38, 148.00
730.68, 145.00
730.99, 159.00
731.29, 149.00
731.59, 152.00
731.90, 150.00
732.20, 153.00
732.51, 149.00
732.81, 147.00
733.11, 151.00
733.42, 149.00
733.72, 150.00
734.02, 152.00
734.33, 146.00
734.63, 146.00
734.94, 146.00
735.24, 152.00
735.54, 150.00
735.85, 151.00
736.15, 150.00
736.45, 146.00
736.76, 152.00
737.06, 151.00
737.36, 148.00
737.67, 146.00
737.97, 151.00
738.27, 152.00
738.57, 149.00
738.88, 145.00
739.18, 185.00
739.48, 155.00
739.79, 146.00
740.09, 146.00
740.39, 151.00
740.69, 152.00
741.00, 143.00
741.30, 157.00
741.60, 149.00
741.90, 144.00
742.21, 144.00
742.51, 187.00
742.81, 151.00
743.11, 143.00
743.42, 174.00
743.72, 150.00
744.02, 155.00
744.32, 153.00
744.63, 149.00
744.93, 154.00
745.23, 154.00
745.53, 157.00
745.83, 155.00
746.13, 152.00
746.44, 148.00
746.74, 157.00
747.04, 148.00
747.34, 151.00
747.64, 155.00
747.94, 152.00
748.25, 156.00
748.55, 156.00
748.85, 155.00
749.15, 159.00
749.45, 190.00
749.75, 160.00
750.05, 160.00
750.35, 150.00
750.66, 165.00
750.96, 151.00
751.26, 151.00
751.56, 152.00
751.86, 155.00
752.16, 151.00
752.46, 144.00
752.76, 142.00
753.06, 150.00
753.36, 183.00
753.66, 149.00
753.96, 150.00
754.27, 153.00
754.57, 149.00
754.87, 148.00
755.17, 144.00
755.47, 146.00
755.77, 147.00
756.07, 148.00
756.37, 150.00
756.67, 153.00
756.97, 145.00
757.27, 154.00
757.57, 150.00
757.87, 155.00
758.17, 152.00
758.47, 157.00
758.77, 155.00
759.07, 150.00
759.37, 149.00
759.67, 150.00
759.97, 158.00
760.27, 146.00
760.57, 147.00
760.86, 146.00
761.16, 153.00
761.46, 150.00
761.76, 183.00
762.06, 147.00
762.36, 157.00
762.66, 149.00
762.96, 151.00
763.26, 152.00
763.56, 181.00
763.86, 160.00
764.16, 144.00
764.45, 164.00
764.75, 148.00
765.05, 147.00
765.35, 144.00
765.65, 145.00
765.95, 150.00
766.25, 153.00
766.55, 151.00
766.84, 146.00
767.14, 155.00
767.44, 148.00
767.74, 154.00
768.04, 152.00
768.34, 150.00
768.63, 149.00
768.93, 148.00
769.23, 154.00
769.53, 155.00
769.83, 156.00
770.12, 151.00
770.42, 150.00
770.72, 150.00
771.02, 149.00
771.32, 151.00
771.61, 155.00
771.91, 154.00
772.21, 154.00
772.51, 148.00
772.80, 150.00
773.10, 150.00
773.40, 156.00
773.70, 150.00
773.99, 153.00
774.29, 155.00
774.59, 159.00
774.88, 153.00
775.18, 155.00
775.48, 226.00
775.78, 370.00
776.07, 481.00
776.37, 541.00
776.67, 485.00
776.96, 367.00
777.26, 339.00
777.56, 265.00
777.85, 241.00
778.15, 232.00
778.45, 215.00
778.74, 205.00
779.04, 184.00
779.34, 172.00
779.63, 159.00
779.93, 154.00
780.22, 151.00
780.52, 147.00
780.82, 145.00
781.11, 144.00
781.41, 145.00
781.71, 142.00
782.00, 142.00
782.30, 146.00
782.59, 154.00
782.89, 151.00
783.19, 148.00
783.48, 147.00
783.78, 145.00
784.07, 158.00
784.37, 147.00
784.66, 147.00
784.96, 142.00
785.25, 144.00
785.55, 145.00
785.84, 151.00
786.14, 147.00
786.44, 144.00
786.73, 146.00
787.03, 151.00
787.32, 143.00
787.62, 152.00
787.91, 149.00
788.21, 150.00
788.50, 147.00
788.80, 143.00
789.09, 150.00
789.39, 153.00
789.68, 150.00
789.97, 150.00
790.27, 142.00
790.56, 148.00
790.86, 154.00
791.15, 147.00
791.45, 145.00
791.74, 171.00
792.04, 144.00
792.33, 141.00
792.62, 166.00
792.92, 145.00
793.21, 140.00
793.51, 146.00
793.80, 144.00
794.09, 142.00
794.39, 145.00
794.68, 144.00
794.98, 149.00
795.27, 145.00
795.56, 145.00
795.86, 149.00
796.15, 141.00
796.44, 155.00
796.74, 143.00
797.03, 147.00
797.32, 145.00
797.62, 143.00
797.91, 159.00
798.20, 145.00
798.50, 153.00
798.79, 160.00
799.08, 147.00
799.38, 148.00
799.67, 146.00
799.96, 160.00
800.26, 169.00
800.55, 145.00
800.84, 152.00
801.13, 143.00
801.43, 146.00
801.72, 187.00
802.01, 144.00
802.30, 145.00
802.60, 145.00
802.89, 150.00
803.18, 147.00
803.47, 142.00
803.77, 148.00
804.06, 148.00
804.35, 146.00
804.64, 158.00
804.94, 146.00
805.23, 141.00
805.52, 143.00
805.81, 142.00
806.10, 145.00
806.39, 142.00
806.69, 143.00
806.98, 141.00
807.27, 146.00
807.56, 154.00
807.85, 150.00
808.14, 143.00
808.44, 152.00
808.73, 148.00
809.02, 165.00
809.31, 154.00
809.60, 147.00
809.89, 149.00
810.18, 147.00
810.48, 156.00
810.77, 148.00
811.06, 148.00
811.35, 146.00
811.64, 151.00
811.93, 160.00
812.22, 144.00
812.51, 143.00
812.80, 147.00
813.09, 144.00
813.38, 142.00
813.67, 164.00
813.96, 147.00
814.26, 142.00
814.55, 142.00
814.84, 146.00
815.13, 151.00
815.42, 142.00
815.71, 142.00
816.00, 143.00
816.29, 151.00
816.58, 153.00
816.87, 142.00
817.16, 143.00
817.45, 151.00
817.74, 148.00
818.03, 145.00
818.32, 143.00
818.61, 147.00
818.90, 149.00
819.19, 145.00
819.48, 147.00
819.76, 143.00
820.05, 147.00
820.34, 145.00
820.63, 145.00
820.92, 143.00
821.21, 142.00
821.50, 144.00
821.79, 140.00
822.08, 144.00
822.37, 148.00
822.66, 147.00
822.95, 146.00
823.23, 144.00
823.52, 167.00
823.81, 149.00
824.10, 142.00
824.39, 146.00
824.68, 141.00
824.97, 153.00
825.26, 145.00
825.54, 189.00
825.83, 145.00
826.12, 141.00
826.41, 144.00
826.70, 142.00
826.99, 148.00
827.27, 144.00
827.56, 166.00
827.85, 144.00
828.14, 149.00
828.43, 151.00
828.71, 154.00
829.00, 145.00
829.29, 148.00
829.58, 150.00
829.86, 142.00
830.15, 146.00
830.44, 146.00
830.73, 150.00
831.01, 145.00
831.30, 140.00
831.59, 147.00
831.88, 144.00
832.16, 150.00
832.45, 153.00
832.74, 143.00
833.03, 147.00
833.31, 150.00
833.60, 148.00
833.89, 143.00
834.17, 144.00
834.46, 147.00
834.75, 141.00
835.03, 144.00
835.32, 145.00
835.61, 143.00
835.89, 159.00
836.18, 141.00
836.47, 143.00
836.75, 146.00
837.04, 146.00
837.33, 150.00
837.61, 146.00
837.90, 145.00
838.19, 143.00
838.47, 146.00
838.76, 146.00
839.04, 141.00
839.33, 142.00
839.62, 148.00
839.90, 142.00
840.19, 145.00
840.47, 141.00
840.76, 178.00
841.04, 146.00
841.33, 147.00
841.62, 142.00
841.90, 143.00
842.19, 145.00
842.47, 301.00
842.76, 144.00
843.04, 151.00
843.33, 166.00
843.61, 160.00
843.90, 153.00
844.18, 154.00
844.47, 153.00
844.75, 152.00
845.04, 154.00
845.32, 153.00
845.61, 149.00
845.89, 152.00
846.18, 146.00
846.46, 151.00
846.75, 147.00
847.03, 153.00
847.32, 142.00
847.60, 142.00
847.88, 146.00
848.17, 147.00
848.45, 163.00
848.74, 145.00
849.02, 145.00
849.31, 143.00
849.59, 142.00
849.87, 144.00
850.16, 145.00
850.44, 147.00
850.73, 174.00
851.01, 147.00
851.29, 146.00
851.58, 147.00
851.86, 139.00
852.14, 145.00
852.43, 149.00
852.71, 146.00
853.00, 146.00
853.28, 152.00
853.56, 143.00
853.85, 145.00
854.13, 143.00
854.41, 144.00
854.69, 142.00
854.98, 143.00
855.26, 199.00
855.54, 145.00
855.83, 142.00
856.11, 145.00
856.39, 147.00
856.68, 145.00
856.96, 145.00
857.24, 146.00
857.52, 152.00
857.81, 148.00
858.09, 145.00
858.37, 143.00
858.65, 145.00
858.94, 147.00
859.22, 149.00
