190.05, 0.00
190.41, 141.00
190.77, 140.00
191.14, 143.00
191.50, 148.00
191.86, 165.00
192.22, 153.00
192.58, 154.00
192.94, 151.00
193.31, 150.00
193.67, 150.00
194.03, 154.00
194.39, 150.00
194.75, 152.00
195.11, 157.00
195.47, 169.00
195.84, 150.00
196.20, 150.00
196.56, 165.00
196.92, 153.00
197.28, 156.00
197.64, 153.00
198.00, 150.00
198.37, 153.00
198.73, 149.00
199.09, 149.00
199.45, 153.00
199.81, 153.00
200.17, 153.00
200.53, 148.00
200.89, 155.00
201.25, 181.00
201.62, 152.00
201.98, 150.00
202.34, 149.00
202.70, 159.00
203.06, 148.00
203.42, 150.00
203.78, 151.00
204.14, 155.00
204.50, 173.00
204.86, 159.00
205.22, 155.00
205.58, 154.00
205.95, 152.00
206.31, 149.00
206.67, 150.00
207.03, 152.00
207.39, 160.00
207.75, 149.00
208.11, 148.00
208.47, 152.00
208.83, 159.00
209.19, 154.00
209.55, 150.00
209.91, 153.00
210.27, 160.00
210.63, 152.00
210.99, 161.00
211.35, 155.00
211.71, 153.00
212.07, 148.00
212.43, 153.00
212.79, 147.00
213.15, 143.00
213.51, 152.00
213.87, 156.00
214.23, 148.00
214.59, 150.00
214.95, 148.00
215.31, 151.00
215.67, 155.00
216.03, 177.00
216.39, 149.00
216.75, 152.00
217.11, 149.00
217.47, 154.00
217.83, 148.00
218.19, 152.00
218.55, 158.00
218.91, 155.00
219.27, 153.00
219.63, 148.00
219.99, 148.00
220.35, 151.00
220.71, 155.00
221.07, 150.00
221.43, 150.00
221.79, 152.00
222.15, 154.00
222.51, 148.00
222.87, 149.00
223.23, 153.00
223.59, 153.00
223.95, 148.00
224.31, 147.00
224.67, 147.00
225.03, 155.00
225.39, 157.00
225.74, 151.00
226.10, 147.00
226.46, 149.00
226.82, 155.00
227.18, 150.00
227.54, 152.00
227.90, 154.00
228.26, 153.00
228.62, 157.00
228.98, 150.00
229.34, 151.00
229.69, 150.00
230.05, 153.00
230.41, 149.00
230.77, 153.00
231.13, 154.00
231.49, 154.00
231.85, 147.00
232.21, 152.00
232.57, 153.00
232.92, 147.00
233.28, 149.00
233.64, 153.00
234.00, 151.00
234.36, 148.00
234.72, 144.00
235.08, 150.00
235.44, 153.00
235.79, 146.00
236.15, 153.00
236.51, 149.00
236.87, 148.00
237.23, 153.00
237.59, 145.00
237.94, 156.00
238.30, 147.00
238.66, 147.00
239.02, 151.00
239.38, 147.00
239.74, 149.00
240.09, 159.00
240.45, 148.00
240.81, 145.00
241.17, 153.00
241.53, 151.00
241.89, 146.00
242.24, 148.00
242.60, 149.00
242.96, 156.00
243.32, 150.00
243.68, 146.00
244.03, 153.00
244.39, 150.00
244.75, 169.00
245.11, 150.00
245.46, 151.00
245.82, 175.00
246.18, 151.00
246.54, 156.00
246.90, 145.00
247.25, 148.00
247.61, 148.00
247.97, 189.00
248.33, 153.00
248.68, 150.00
249.04, 146.00
249.40, 149.00
249.76, 148.00
250.11, 150.00
250.47, 146.00
250.83, 151.00
251.19, 153.00
251.54, 157.00
251.90, 148.00
252.26, 154.00
252.62, 151.00
252.97, 151.00
253.33, 150.00
253.69, 155.00
254.05, 157.00
254.40, 152.00
254.76, 146.00
255.12, 175.00
255.47, 152.00
255.83, 150.00
256.19, 155.00
256.54, 152.00
256.90, 148.00
257.26, 150.00
257.62, 148.00
257.97, 149.00
258.33, 154.00
258.69, 146.00
259.04, 151.00
259.40, 144.00
259.76, 153.00
260.11, 150.00
260.47, 142.00
260.83, 155.00
261.18, 147.00
261.54, 155.00
261.90, 149.00
262.25, 147.00
262.61, 150.00
262.97, 147.00
263.32, 147.00
263.68, 143.00
264.04, 154.00
264.39, 149.00
264.75, 143.00
265.10, 151.00
265.46, 191.00
265.82, 160.00
266.17, 148.00
266.53, 150.00
266.89, 154.00
267.24, 159.00
267.60, 150.00
267.95, 152.00
268.31, 148.00
268.67, 150.00
269.02, 148.00
269.38, 146.00
269.74, 152.00
270.09, 152.00
270.45, 146.00
270.80, 167.00
271.16, 147.00
271.51, 159.00
271.87, 155.00
272.23, 152.00
272.58, 154.00
272.94, 150.00
273.29, 147.00
273.65, 194.00
274.00, 147.00
274.36, 148.00
274.72, 146.00
275.07, 150.00
275.43, 160.00
275.78, 150.00
276.14, 146.00
276.49, 150.00
276.85, 165.00
277.20, 168.00
277.56, 148.00
277.92, 145.00
278.27, 150.00
278.63, 159.00
278.98, 152.00
279.34, 148.00
279.69, 152.00
280.05, 159.00
280.40, 154.00
280.76, 165.00
281.11, 149.00
281.47, 152.00
281.82, 150.00
282.18, 153.00
282.53, 158.00
282.89, 164.00
283.24, 161.00
283.60, 155.00
283.95, 157.00
284.31, 155.00
284.66, 157.00
285.02, 153.00
285.37, 152.00
285.73, 154.00
286.08, 159.00
286.44, 151.00
286.79, 162.00
287.14, 163.00
287.50, 151.00
287.85, 151.00
288.21, 157.00
288.56, 153.00
288.92, 155.00
289.27, 149.00
289.63, 154.00
289.98, 158.00
290.34, 152.00
290.69, 162.00
291.04, 154.00
291.40, 151.00
291.75, 154.00
292.11, 153.00
292.46, 148.00
292.81, 160.00
293.17, 151.00
293.52, 154.00
293.88, 157.00
294.23, 156.00
294.59, 157.00
294.94, 156.00
295.29, 161.00
295.65, 162.00
296.00, 182.00
296.36, 162.00
296.71, 159.00
297.06, 165.00
297.42, 165.00
297.77, 157.00
298.12, 162.00
298.48, 160.00
298.83, 160.00
299.19, 161.00
299.54, 158.00
299.89, 162.00
300.25, 156.00
300.60, 157.00
300.95, 158.00
301.31, 154.00
301.66, 152.00
302.01, 156.00
302.37, 147.00
302.72, 151.00
303.07, 150.00
303.43, 156.00
303.78, 153.00
304.13, 159.00
304.49, 159.00
304.84, 164.00
305.19, 202.00
305.55, 161.00
305.90, 172.00
306.25, 187.00
306.61, 210.00
306.96, 254.00
307.31, 307.00
307.66, 406.00
308.02, 506.00
308.37, 582.00
308.72, 630.00
309.08, 611.00
309.43, 579.00
309.78, 523.00
310.13, 444.00
310.49, 396.00
310.84, 310.00
311.19, 276.00
311.54, 252.00
311.90, 219.00
312.25, 221.00
312.60, 211.00
312.95, 232.00
313.31, 253.00
313.66, 259.00
314.01, 264.00
314.36, 275.00
314.72, 281.00
315.07, 312.00
315.42, 341.00
315.77, 379.00
316.13, 309.00
316.48, 247.00
316.83, 219.00
317.18, 184.00
317.54, 173.00
317.89, 164.00
318.24, 163.00
318.59, 158.00
318.94, 158.00
319.30, 154.00
319.65, 167.00
320.00, 156.00
320.35, 156.00
320.70, 163.00
321.05, 162.00
321.41, 159.00
321.76, 164.00
322.11, 157.00
322.46, 164.00
322.81, 190.00
323.17, 164.00
323.52, 159.00
323.87, 151.00
324.22, 154.00
324.57, 156.00
324.92, 156.00
325.27, 154.00
325.63, 165.00
325.98, 152.00
326.33, 164.00
326.68, 159.00
327.03, 153.00
327.38, 157.00
327.73, 164.00
328.09, 175.00
328.44, 198.00
328.79, 175.00
329.14, 206.00
329.49, 176.00
329.84, 174.00
330.19, 189.00
330.54, 178.00
330.89, 183.00
331.25, 171.00
331.60, 167.00
331.95, 161.00
332.30, 164.00
332.65, 163.00
333.00, 171.00
333.35, 209.00
333.70, 209.00
334.05, 172.00
334.40, 183.00
334.75, 191.00
335.10, 219.00
335.45, 260.00
335.81, 342.00
336.16, 457.00
336.51, 607.00
336.86, 637.00
337.21, 583.00
337.56, 404.00
337.91, 297.00
338.26, 214.00
338.61, 182.00
338.96, 170.00
339.31, 167.00
339.66, 163.00
340.01, 166.00
340.36, 158.00
340.71, 162.00
341.06, 154.00
341.41, 165.00
341.76, 159.00
342.11, 164.00
342.46, 163.00
342.81, 168.00
343.16, 157.00
343.51, 162.00
343.86, 158.00
344.21, 156.00
344.56, 156.00
344.91, 156.00
345.26, 158.00
345.61, 157.00
345.96, 152.00
346.31, 154.00
346.66, 179.00
347.01, 158.00
347.36, 173.00
347.71, 160.00
348.06, 158.00
348.41, 166.00
348.76, 170.00
349.10, 165.00
349.45, 180.00
349.80, 170.00
350.15, 172.00
350.50, 173.00
350.85, 181.00
351.20, 176.00
351.55, 200.00
351.90, 204.00
352.25, 231.00
352.60, 252.00
352.95, 305.00
353.30, 335.00
353.64, 306.00
353.99, 269.00
354.34, 259.00
354.69, 246.00
355.04, 261.00
355.39, 295.00
355.74, 353.00
356.09, 407.00
356.44, 461.00
356.78, 534.00
357.13, 585.00
357.48, 557.00
357.83, 446.00
358.18, 351.00
358.53, 263.00
358.88, 201.00
359.22, 193.00
359.57, 162.00
359.92, 162.00
360.27, 170.00
360.62, 164.00
360.97, 165.00
361.32, 161.00
361.66, 165.00
362.01, 159.00
362.36, 163.00
362.71, 163.00
363.06, 171.00
363.40, 171.00
363.75, 172.00
364.10, 175.00
364.45, 169.00
364.80, 164.00
365.14, 169.00
365.49, 168.00
365.84, 163.00
366.19, 167.00
366.54, 168.00
366.88, 183.00
367.23, 168.00
367.58, 211.00
367.93, 163.00
368.28, 158.00
368.62, 160.00
368.97, 168.00
369.32, 170.00
369.67, 172.00
370.01, 194.00
370.36, 190.00
370.71, 217.00
371.06, 188.00
371.40, 184.00
371.75, 175.00
372.10, 162.00
372.45, 163.00
372.79, 168.00
373.14, 171.00
373.49, 181.00
373.83, 203.00
374.18, 218.00
374.53, 244.00
374.88, 263.00
375.22, 256.00
375.57, 239.00
375.92, 209.00
376.26, 189.00
376.61, 176.00
376.96, 169.00
377.30, 170.00
377.65, 176.00
378.00, 173.00
378.35, 194.00
378.69, 219.00
379.04, 236.00
379.39, 284.00
379.73, 316.00
380.08, 328.00
380.43, 283.00
380.77, 236.00
381.12, 217.00
381.47, 191.00
381.81, 173.00
382.16, 160.00
382.50, 171.00
382.85, 238.00
383.20, 173.00
383.54, 171.00
383.89, 183.00
384.24, 183.00
384.58, 186.00
384.93, 213.00
385.27, 206.00
385.62, 207.00
385.97, 204.00
386.31, 205.00
386.66, 232.00
387.00, 206.00
387.35, 218.00
387.70, 235.00
388.04, 334.00
388.39, 336.00
388.73, 450.00
389.08, 634.00
389.43, 906.00
389.77, 1197.00
390.12, 1589.00
390.46, 2238.00
390.81, 2485.00
391.15, 2370.00
391.50, 1776.00
391.85, 1091.00
392.19, 728.00
392.54, 418.00
392.88, 266.00
393.23, 212.00
393.57, 208.00
393.92, 195.00
394.26, 183.00
394.61, 183.00
394.95, 168.00
395.30, 160.00
395.64, 156.00
395.99, 197.00
396.33, 161.00
396.68, 161.00
397.02, 166.00
397.37, 165.00
397.71, 175.00
398.06, 178.00
398.40, 186.00
398.75, 201.00
399.09, 215.00
399.44, 212.00
399.78, 197.00
400.13, 180.00
400.47, 169.00
400.82, 158.00
401.16, 159.00
401.51, 162.00
401.85, 157.00
402.20, 165.00
402.54, 159.00
402.88, 162.00
403.23, 164.00
403.57, 168.00
403.92, 200.00
404.26, 254.00
404.61, 217.00
404.95, 258.00
405.30, 224.00
405.64, 207.00
405.98, 221.00
406.33, 186.00
406.67, 170.00
407.02, 162.00
407.36, 171.00
407.70, 175.00
408.05, 170.00
408.39, 172.00
408.74, 178.00
409.08, 183.00
409.42, 174.00
409.77, 167.00
410.11, 176.00
410.46, 175.00
410.80, 176.00
411.14, 179.00
411.49, 187.00
411.83, 193.00
412.17, 188.00
412.52, 186.00
412.86, 189.00
413.20, 183.00
413.55, 188.00
413.89, 183.00
414.23, 178.00
414.58, 216.00
414.92, 166.00
415.26, 166.00
415.61, 163.00
415.95, 164.00
416.29, 169.00
416.64, 166.00
416.98, 178.00
417.32, 179.00
417.67, 200.00
418.01, 203.00
418.35, 211.00
418.70, 227.00
419.04, 270.00
419.38, 238.00
419.72, 238.00
420.07, 216.00
420.41, 187.00
420.75, 179.00
421.10, 171.00
421.44, 175.00
421.78, 172.00
422.12, 177.00
422.47, 181.00
422.81, 190.00
423.15, 199.00
423.49, 194.00
423.84, 197.00
424.18, 209.00
424.52, 226.00
424.86, 269.00
425.21, 356.00
425.55, 417.00
425.89, 505.00
426.23, 632.00
426.57, 849.00
426.92, 943.00
427.26, 1049.00
427.60, 879.00
427.94, 595.00
428.28, 433.00
428.63, 327.00
428.97, 247.00
429.31, 199.00
429.65, 171.00
429.99, 168.00
430.34, 158.00
430.68, 166.00
431.02, 179.00
431.36, 159.00
431.70, 156.00
432.04, 165.00
432.39, 161.00
432.73, 172.00
433.07, 167.00
433.41, 178.00
433.75, 183.00
434.09, 178.00
434.43, 188.00
434.78, 245.00
435.12, 287.00
435.46, 328.00
435.80, 305.00
436.14, 281.00
436.48, 246.00
436.82, 233.00
437.16, 204.00
437.51, 190.00
437.85, 179.00
438.19, 214.00
438.53, 171.00
438.87, 190.00
439.21, 178.00
439.55, 187.00
439.89, 188.00
440.23, 187.00
440.57, 188.00
440.91, 196.00
441.26, 188.00
441.60, 183.00
441.94, 176.00
442.28, 184.00
442.62, 185.00
442.96, 171.00
443.30, 172.00
443.64, 170.00
443.98, 170.00
444.32, 174.00
444.66, 163.00
445.00, 166.00
445.34, 180.00
445.68, 173.00
446.02, 167.00
446.36, 168.00
446.70, 168.00
447.04, 167.00
447.38, 195.00
447.72, 168.00
448.06, 168.00
448.40, 180.00
448.74, 175.00
449.08, 168.00
449.42, 172.00
449.76, 173.00
450.10, 174.00
450.44, 168.00
450.78, 170.00
451.12, 169.00
451.46, 169.00
451.80, 176.00
452.14, 163.00
452.48, 163.00
452.82, 168.00
453.16, 166.00
453.50, 176.00
453.84, 165.00
454.18, 208.00
454.52, 172.00
454.86, 167.00
455.19, 181.00
455.53, 174.00
455.87, 165.00
456.21, 180.00
456.55, 173.00
456.89, 171.00
457.23, 181.00
457.57, 183.00
457.91, 183.00
458.25, 191.00
458.59, 193.00
458.92, 205.00
459.26, 201.00
459.60, 207.00
459.94, 198.00
460.28, 184.00
460.62, 178.00
460.96, 168.00
461.30, 166.00
461.63, 166.00
461.97, 167.00
462.31, 165.00
462.65, 169.00
462.99, 176.00
463.33, 171.00
463.67, 173.00
464.00, 182.00
464.34, 175.00
464.68, 183.00
465.02, 185.00
465.36, 192.00
465.70, 179.00
466.03, 176.00
466.37, 174.00
466.71, 186.00
467.05, 192.00
467.39, 204.00
467.72, 214.00
468.06, 240.00
468.40, 260.00
468.74, 266.00
469.08, 277.00
469.41, 317.00
469.75, 358.00
470.09, 390.00
470.43, 390.00
470.76, 326.00
471.10, 277.00
471.44, 265.00
471.78, 238.00
472.11, 215.00
472.45, 207.00
472.79, 189.00
473.13, 191.00
473.46, 189.00
473.80, 182.00
474.14, 182.00
474.48, 180.00
474.81, 175.00
475.15, 174.00
475.49, 176.00
475.82, 182.00
476.16, 175.00
476.50, 173.00
476.84, 170.00
477.17, 169.00
477.51, 167.00
477.85, 171.00
478.18, 182.00
478.52, 164.00
478.86, 220.00
479.19, 176.00
479.53, 170.00
479.87, 209.00
480.20, 176.00
480.54, 167.00
480.88, 172.00
481.21, 173.00
481.55, 171.00
481.89, 174.00
482.22, 185.00
482.56, 187.00
482.90, 192.00
483.23, 190.00
483.57, 194.00
483.90, 198.00
484.24, 201.00
484.58, 208.00
484.91, 215.00
485.25, 216.00
485.58, 223.00
485.92, 229.00
486.26, 223.00
486.59, 226.00
486.93, 231.00
487.26, 228.00
487.60, 242.00
487.94, 232.00
488.27, 240.00
488.61, 222.00
488.94, 231.00
489.28, 222.00
489.61, 221.00
489.95, 222.00
490.29, 223.00
490.62, 218.00
490.96, 218.00
491.29, 222.00
491.63, 220.00
491.96, 211.00
492.30, 216.00
492.63, 217.00
492.97, 205.00
493.30, 206.00
493.64, 204.00
493.97, 201.00
494.31, 207.00
494.64, 212.00
494.98, 208.00
495.31, 204.00
495.65, 200.00
495.98, 204.00
496.32, 198.00
496.65, 224.00
496.99, 197.00
497.32, 190.00
497.66, 183.00
497.99, 183.00
498.33, 177.00
498.66, 178.00
499.00, 179.00
499.33, 178.00
499.67, 181.00
500.00, 178.00
500.34, 183.00
500.67, 189.00
501.00, 186.00
501.34, 185.00
501.67, 179.00
502.01, 175.00
502.34, 175.00
502.68, 183.00
503.01, 191.00
503.34, 187.00
503.68, 179.00
504.01, 180.00
504.35, 189.00
504.68, 183.00
505.01, 180.00
505.35, 183.00
505.68, 188.00
506.02, 187.00
506.35, 187.00
506.68, 200.00
507.02, 188.00
507.35, 187.00
507.68, 181.00
508.02, 184.00
508.35, 186.00
508.69, 181.00
509.02, 178.00
509.35, 178.00
509.69, 172.00
510.02, 184.00
510.35, 173.00
510.69, 172.00
511.02, 173.00
511.35, 173.00
511.69, 174.00
512.02, 168.00
512.35, 171.00
512.68, 175.00
513.02, 178.00
513.35, 174.00
513.68, 173.00
514.02, 174.00
514.35, 168.00
514.68, 176.00
515.01, 166.00
515.35, 175.00
515.68, 166.00
516.01, 160.00
516.35, 162.00
516.68, 164.00
517.01, 164.00
517.34, 168.00
517.68, 159.00
518.01, 175.00
518.34, 165.00
518.67, 167.00
519.01, 170.00
519.34, 180.00
519.67, 184.00
520.00, 181.00
520.33, 181.00
520.67, 181.00
521.00, 186.00
521.33, 192.00
521.66, 213.00
522.00, 205.00
522.33, 194.00
522.66, 189.00
522.99, 184.00
523.32, 184.00
523.65, 172.00
523.99, 177.00
524.32, 179.00
524.65, 173.00
524.98, 180.00
525.31, 175.00
525.65, 204.00
525.98, 175.00
526.31, 170.00
526.64, 188.00
526.97, 172.00
527.30, 170.00
527.63, 167.00
527.97, 166.00
528.30, 167.00
528.63, 179.00
528.96, 195.00
529.29, 168.00
529.62, 174.00
529.95, 165.00
530.28, 164.00
530.61, 163.00
530.95, 161.00
531.28, 166.00
531.61, 177.00
531.94, 180.00
532.27, 194.00
532.60, 192.00
532.93, 186.00
533.26, 183.00
533.59, 170.00
533.92, 179.00
534.25, 169.00
534.58, 209.00
534.91, 160.00
535.25, 163.00
535.58, 163.00
535.91, 169.00
536.24, 168.00
536.57, 177.00
536.90, 175.00
537.23, 185.00
537.56, 225.00
537.89, 189.00
538.22, 193.00
538.55, 205.00
538.88, 212.00
539.21, 324.00
539.54, 227.00
539.87, 236.00
540.20, 265.00
540.53, 287.00
540.86, 355.00
541.19, 356.00
541.52, 391.00
541.85, 415.00
542.18, 443.00
542.51, 454.00
542.84, 466.00
543.17, 464.00
543.50, 452.00
543.82, 444.00
544.15, 420.00
544.48, 426.00
544.81, 456.00
545.14, 494.00
545.47, 456.00
545.80, 440.00
546.13, 367.00
546.46, 376.00
546.79, 331.00
547.12, 286.00
547.45, 272.00
547.78, 271.00
548.10, 253.00
548.43, 253.00
548.76, 247.00
549.09, 238.00
549.42, 233.00
549.75, 234.00
550.08, 228.00
550.41, 220.00
550.74, 226.00
551.06, 214.00
551.39, 229.00
551.72, 219.00
552.05, 215.00
552.38, 202.00
552.71, 205.00
553.03, 203.00
553.36, 204.00
553.69, 194.00
554.02, 194.00
554.35, 189.00
554.68, 184.00
555.00, 184.00
555.33, 183.00
555.66, 176.00
555.99, 202.00
556.32, 181.00
556.64, 188.00
556.97, 190.00
557.30, 190.00
557.63, 199.00
557.96, 199.00
558.28, 195.00
558.61, 196.00
558.94, 202.00
559.27, 189.00
559.59, 194.00
559.92, 197.00
560.25, 198.00
560.58, 189.00
560.90, 201.00
561.23, 193.00
561.56, 187.00
561.89, 186.00
562.21, 186.00
562.54, 179.00
562.87, 178.00
563.20, 173.00
563.52, 170.00
563.85, 169.00
564.18, 184.00
564.50, 170.00
564.83, 196.00
565.16, 214.00
565.48, 157.00
565.81, 167.00
566.14, 156.00
566.47, 153.00
566.79, 161.00
567.12, 159.00
567.45, 179.00
567.77, 165.00
568.10, 171.00
568.43, 163.00
568.75, 160.00
569.08, 160.00
569.40, 195.00
569.73, 166.00
570.06, 157.00
570.38, 159.00
570.71, 157.00
571.04, 159.00
571.36, 164.00
571.69, 162.00
572.01, 157.00
572.34, 154.00
572.67, 159.00
572.99, 159.00
573.32, 178.00
573.64, 160.00
573.97, 159.00
574.30, 167.00
574.62, 162.00
574.95, 160.00
575.27, 171.00
575.60, 169.00
575.92, 182.00
576.25, 180.00
576.58, 180.00
576.90, 173.00
577.23, 202.00
577.55, 174.00
577.88, 171.00
578.20, 186.00
578.53, 185.00
578.85, 200.00
579.18, 202.00
579.50, 193.00
579.83, 194.00
580.15, 196.00
580.48, 195.00
580.80, 200.00
581.13, 199.00
581.45, 193.00
581.78, 196.00
582.10, 207.00
582.43, 196.00
582.75, 211.00
583.08, 220.00
583.40, 204.00
583.73, 269.00
584.05, 207.00
584.38, 204.00
584.70, 245.00
585.03, 213.00
585.35, 204.00
585.67, 215.00
586.00, 234.00
586.32, 252.00
586.65, 264.00
586.97, 263.00
587.30, 247.00
587.62, 235.00
587.94, 238.00
588.27, 217.00
588.59, 207.00
588.92, 206.00
589.24, 199.00
589.56, 202.00
589.89, 197.00
590.21, 188.00
590.54, 190.00
590.86, 193.00
591.18, 190.00
591.51, 199.00
591.83, 210.00
592.15, 212.00
592.48, 204.00
592.80, 211.00
593.13, 203.00
593.45, 197.00
593.77, 197.00
594.10, 197.00
594.42, 201.00
594.74, 194.00
595.07, 195.00
595.39, 189.00
595.71, 198.00
596.03, 200.00
596.36, 204.00
596.68, 200.00
597.00, 206.00
597.33, 213.00
597.65, 216.00
597.97, 218.00
598.30, 218.00
598.62, 221.00
598.94, 220.00
599.26, 214.00
599.59, 220.00
599.91, 212.00
600.23, 211.00
600.55, 199.00
600.88, 202.00
601.20, 197.00
601.52, 181.00
601.84, 181.00
602.17, 187.00
602.49, 177.00
602.81, 170.00
603.13, 181.00
603.45, 178.00
603.78, 174.00
604.10, 172.00
604.42, 171.00
604.74, 167.00
605.07, 169.00
605.39, 167.00
605.71, 171.00
606.03, 173.00
606.35, 166.00
606.67, 181.00
607.00, 179.00
607.32, 185.00
607.64, 189.00
607.96, 182.00
608.28, 187.00
608.60, 198.00
608.93, 213.00
609.25, 246.00
609.57, 283.00
609.89, 374.00
610.21, 439.00
610.53, 476.00
610.85, 484.00
611.17, 453.00
611.50, 402.00
611.82, 394.00
612.14, 363.00
612.46, 339.00
612.78, 307.00
613.10, 298.00
613.42, 284.00
613.74, 274.00
614.06, 303.00
614.38, 279.00
614.70, 269.00
615.03, 278.00
615.35, 254.00
615.67, 338.00
615.99, 222.00
616.31, 211.00
616.63, 208.00
616.95, 196.00
617.27, 190.00
617.59, 186.00
617.91, 192.00
618.23, 194.00
618.55, 182.00
618.87, 193.00
619.19, 189.00
619.51, 187.00
619.83, 199.00
620.15, 187.00
620.47, 189.00
620.79, 183.00
621.11, 193.00
621.43, 183.00
621.75, 188.00
622.07, 185.00
622.39, 188.00
622.71, 181.00
623.03, 180.00
623.35, 225.00
623.67, 181.00
623.99, 180.00
624.31, 176.00
624.63, 183.00
624.95, 176.00
625.26, 177.00
625.58, 172.00
625.90, 203.00
626.22, 183.00
626.54, 181.00
626.86, 183.00
627.18, 178.00
627.50, 178.00
627.82, 177.00
628.14, 178.00
628.46, 190.00
628.77, 182.00
629.09, 189.00
629.41, 198.00
629.73, 200.00
630.05, 212.00
630.37, 209.00
630.69, 207.00
631.00, 211.00
631.32, 204.00
631.64, 187.00
631.96, 193.00
632.28, 184.00
632.60, 178.00
632.92, 183.00
633.23, 181.00
633.55, 181.00
633.87, 183.00
634.19, 176.00
634.51, 179.00
634.82, 193.00
635.14, 201.00
635.46, 196.00
635.78, 190.00
636.10, 189.00
636.41, 193.00
636.73, 188.00
637.05, 188.00
637.37, 187.00
637.68, 194.00
638.00, 179.00
638.32, 193.00
638.64, 203.00
638.95, 208.00
639.27, 211.00
639.59, 209.00
639.91, 196.00
640.22, 197.00
640.54, 194.00
640.86, 177.00
641.18, 195.00
641.49, 198.00
641.81, 186.00
642.13, 186.00
642.44, 169.00
642.76, 172.00
643.08, 173.00
643.40, 166.00
643.71, 177.00
644.03, 178.00
644.35, 181.00
644.66, 189.00
644.98, 178.00
645.30, 172.00
645.61, 189.00
645.93, 168.00
646.25, 173.00
646.56, 171.00
646.88, 194.00
647.19, 164.00
647.51, 164.00
647.83, 161.00
648.14, 161.00
648.46, 158.00
648.78, 164.00
649.09, 169.00
649.41, 208.00
649.72, 170.00
650.04, 174.00
650.36, 170.00
650.67, 172.00
650.99, 171.00
651.30, 169.00
651.62, 173.00
651.93, 171.00
652.25, 183.00
652.57, 200.00
652.88, 171.00
653.20, 170.00
653.51, 169.00
653.83, 170.00
654.14, 161.00
654.46, 165.00
654.77, 165.00
655.09, 172.00
655.40, 180.00
655.72, 166.00
656.04, 164.00
656.35, 168.00
656.67, 163.00
656.98, 169.00
657.30, 159.00
657.61, 159.00
657.93, 166.00
658.24, 168.00
658.55, 203.00
658.87, 165.00
659.18, 168.00
659.50, 170.00
659.81, 169.00
660.13, 166.00
660.44, 166.00
660.76, 169.00
661.07, 189.00
661.39, 168.00
661.70, 170.00
662.01, 163.00
662.33, 166.00
662.64, 169.00
662.96, 160.00
663.27, 168.00
663.59, 164.00
663.90, 157.00
664.21, 159.00
664.53, 179.00
664.84, 164.00
665.16, 184.00
665.47, 162.00
665.78, 161.00
666.10, 166.00
666.41, 176.00
666.72, 190.00
667.04, 202.00
667.35, 186.00
667.67, 178.00
667.98, 173.00
668.29, 176.00
668.61, 172.00
668.92, 168.00
669.23, 170.00
669.55, 168.00
669.86, 191.00
670.17, 162.00
670.48, 163.00
670.80, 156.00
671.11, 154.00
671.42, 159.00
671.74, 161.00
672.05, 156.00
672.36, 162.00
672.68, 164.00
672.99, 160.00
673.30, 155.00
673.61, 163.00
673.93, 159.00
674.24, 160.00
674.55, 162.00
674.86, 158.00
675.18, 159.00
675.49, 164.00
675.80, 167.00
676.11, 167.00
676.43, 173.00
676.74, 168.00
677.05, 165.00
677.36, 173.00
677.67, 173.00
677.99, 163.00
678.30, 161.00
678.61, 165.00
678.92, 167.00
679.23, 171.00
679.55, 162.00
679.86, 168.00
680.17, 165.00
680.48, 169.00
680.79, 172.00
681.10, 164.00
681.42, 164.00
681.73, 160.00
682.04, 160.00
682.35, 160.00
682.66, 164.00
682.97, 158.00
683.28, 163.00
683.60, 164.00
683.91, 160.00
684.22, 178.00
684.53, 159.00
684.84, 156.00
685.15, 166.00
685.46, 183.00
685.77, 159.00
686.08, 158.00
686.40, 191.00
686.71, 160.00
687.02, 159.00
687.33, 163.00
687.64, 154.00
687.95, 155.00
688.26, 151.00
688.57, 158.00
688.88, 157.00
689.19, 151.00
689.50, 147.00
689.81, 152.00
690.12, 149.00
690.43, 169.00
690.74, 157.00
691.05, 156.00
691.36, 161.00
691.67, 154.00
691.98, 146.00
692.29, 155.00
692.60, 157.00
692.91, 157.00
693.22, 152.00
693.53, 152.00
693.84, 157.00
694.15, 155.00
694.46, 155.00
694.77, 156.00
695.08, 155.00
695.39, 161.00
695.70, 150.00
696.01, 159.00
696.32, 151.00
696.63, 151.00
696.94, 159.00
697.25, 151.00
697.56, 154.00
697.87, 160.00
698.17, 190.00
698.48, 154.00
698.79, 147.00
699.10, 152.00
699.41, 148.00
699.72, 155.00
700.03, 152.00
700.34, 155.00
700.65, 156.00
700.95, 152.00
701.26, 155.00
701.57, 156.00
701.88, 154.00
702.19, 162.00
702.50, 159.00
702.81, 157.00
703.11, 180.00
703.42, 156.00
703.73, 159.00
704.04, 167.00
704.35, 167.00
704.66, 181.00
704.96, 279.00
705.27, 381.00
705.58, 442.00
705.89, 455.00
706.20, 386.00
706.50, 324.00
706.81, 291.00
707.12, 271.00
707.43, 235.00
707.73, 217.00
708.04, 186.00
708.35, 179.00
708.66, 168.00
708.97, 162.00
709.27, 162.00
709.58, 162.00
709.89, 157.00
710.19, 160.00
710.50, 155.00
710.81, 159.00
711.12, 165.00
711.42, 159.00
711.73, 162.00
712.04, 157.00
712.35, 158.00
712.65, 157.00
712.96, 158.00
713.27, 162.00
713.57, 177.00
713.88, 178.00
714.19, 153.00
714.49, 153.00
714.80, 159.00
715.11, 152.00
715.41, 153.00
715.72, 151.00
716.03, 155.00
716.33, 159.00
716.64, 152.00
716.94, 158.00
717.25, 150.00
717.56, 164.00
717.86, 157.00
718.17, 149.00
718.48, 148.00
718.78, 151.00
719.09, 150.00
719.39, 151.00
719.70, 150.00
720.01, 151.00
720.31, 149.00
720.62, 150.00
720.92, 148.00
721.23, 157.00
721.53, 162.00
721.84, 151.00
722.15, 156.00
722.45, 149.00
722.76, 155.00
723.06, 152.00
723.37, 151.00
723.67, 157.00
723.98, 155.00
724.28, 150.00
724.59, 153.00
724.89, 159.00
725.20, 154.00
725.50, 166.00
725.81, 153.00
726.11, 158.00
726.42, 160.00
726.72, 168.00
727.03, 199.00
727.33, 172.00
727.64, 177.00
727.94, 164.00
728.25, 160.00
728.55, 156.00
728.86, 180.00
729.16, 159.00
729.46, 159.00
729.77, 155.00
730.07, 149.00
730.38, 150.00
730.68, 152.00
730.99, 167.00
731.29, 153.00
731.59, 158.00
731.90, 152.00
732.20, 150.00
732.51, 154.00
732.81, 148.00
733.11, 155.00
733.42, 148.00
733.72, 150.00
734.02, 155.00
734.33, 149.00
734.63, 153.00
734.94, 152.00
735.24, 154.00
735.54, 149.00
735.85, 152.00
736.15, 152.00
736.45, 153.00
736.76, 156.00
737.06, 150.00
737.36, 152.00
737.67, 150.00
737.97, 152.00
738.27, 152.00
738.57, 148.00
738.88, 147.00
739.18, 188.00
739.48, 154.00
739.79, 149.00
740.09, 154.00
740.39, 155.00
740.69, 157.00
741.00, 159.00
741.30, 155.00
741.60, 149.00
741.90, 151.00
742.21, 149.00
742.51, 190.00
742.81, 154.00
743.11, 150.00
743.42, 177.00
743.72, 155.00
744.02, 151.00
744.32, 151.00
744.63, 155.00
744.93, 154.00
745.23, 157.00
745.53, 164.00
745.83, 157.00
746.13, 152.00
746.44, 147.00
746.74, 155.00
747.04, 157.00
747.34, 149.00
747.64, 159.00
747.94, 152.00
748.25, 149.00
748.55, 157.00
748.85, 159.00
749.15, 156.00
749.45, 185.00
749.75, 163.00
750.05, 158.00
750.35, 155.00
750.66, 167.00
750.96, 161.00
751.26, 150.00
751.56, 151.00
751.86, 155.00
752.16, 151.00
752.46, 149.00
752.76, 151.00
753.06, 149.00
753.36, 193.00
753.66, 153.00
753.96, 156.00
754.27, 148.00
754.57, 148.00
754.87, 147.00
755.17, 147.00
755.47, 151.00
755.77, 148.00
756.07, 148.00
756.37, 149.00
756.67, 155.00
756.97, 150.00
757.27, 158.00
757.57, 152.00
757.87, 161.00
758.17, 159.00
758.47, 156.00
758.77, 160.00
759.07, 153.00
759.37, 161.00
759.67, 155.00
759.97, 159.00
760.27, 146.00
760.57, 147.00
760.86, 151.00
761.16, 152.00
761.46, 156.00
761.76, 182.00
762.06, 151.00
762.36, 155.00
762.66, 155.00
762.96, 152.00
763.26, 155.00
763.56, 177.00
763.86, 161.00
764.16, 149.00
764.45, 169.00
764.75, 158.00
765.05, 153.00
765.35, 149.00
765.65, 147.00
765.95, 147.00
766.25, 156.00
766.55, 162.00
766.84, 154.00
767.14, 158.00
767.44, 149.00
767.74, 158.00
768.04, 154.00
768.34, 153.00
768.63, 148.00
768.93, 150.00
769.23, 154.00
769.53, 152.00
769.83, 152.00
770.12, 152.00
770.42, 153.00
770.72, 155.00
771.02, 154.00
771.32, 158.00
771.61, 153.00
771.91, 156.00
772.21, 150.00
772.51, 151.00
772.80, 149.00
773.10, 153.00
773.40, 156.00
773.70, 152.00
773.99, 153.00
774.29, 159.00
774.59, 164.00
774.88, 158.00
775.18, 164.00
775.48, 223.00
775.78, 404.00
776.07, 577.00
776.37, 646.00
776.67, 599.00
776.96, 456.00
777.26, 397.00
777.56, 296.00
777.85, 273.00
778.15, 264.00
778.45, 242.00
778.74, 214.00
779.04, 200.00
779.34, 176.00
779.63, 170.00
779.93, 160.00
780.22, 154.00
780.52, 157.00
780.82, 155.00
781.11, 154.00
781.41, 154.00
781.71, 150.00
782.00, 144.00
782.30, 156.00
782.59, 154.00
782.89, 156.00
783.19, 153.00
783.48, 148.00
783.78, 147.00
784.07, 159.00
784.37, 157.00
784.66, 150.00
784.96, 144.00
785.25, 147.00
785.55, 152.00
785.84, 153.00
786.14, 152.00
786.44, 145.00
786.73, 147.00
787.03, 150.00
787.32, 151.00
787.62, 149.00
787.91, 155.00
788.21, 154.00
788.50, 146.00
788.80, 153.00
789.09, 153.00
789.39, 153.00
789.68, 157.00
789.97, 158.00
790.27, 145.00
790.56, 155.00
790.86, 156.00
791.15, 151.00
791.45, 146.00
791.74, 168.00
792.04, 151.00
792.33, 145.00
792.62, 173.00
792.92, 152.00
793.21, 148.00
793.51, 154.00
793.80, 148.00
794.09, 144.00
794.39, 147.00
794.68, 143.00
794.98, 149.00
795.27, 150.00
795.56, 146.00
795.86, 154.00
796.15, 146.00
796.44, 153.00
796.74, 143.00
797.03, 149.00
797.32, 154.00
797.62, 149.00
797.91, 158.00
798.20, 150.00
798.50, 153.00
798.79, 154.00
799.08, 151.00
799.38, 149.00
799.67, 149.00
799.96, 158.00
800.26, 174.00
800.55, 153.00
800.84, 151.00
801.13, 144.00
801.43, 149.00
801.72, 190.00
802.01, 149.00
802.30, 147.00
802.60, 145.00
802.89, 144.00
803.18, 148.00
803.47, 142.00
803.77, 153.00
804.06, 150.00
804.35, 152.00
804.64, 165.00
804.94, 149.00
805.23, 146.00
805.52, 151.00
805.81, 147.00
806.10, 147.00
806.39, 153.00
806.69, 150.00
806.98, 147.00
807.27, 149.00
807.56, 156.00
807.85, 152.00
808.14, 150.00
808.44, 152.00
808.73, 149.00
809.02, 169.00
809.31, 153.00
809.60, 157.00
809.89, 161.00
810.18, 149.00
810.48, 164.00
810.77, 154.00
811.06, 151.00
811.35, 150.00
811.64, 151.00
811.93, 165.00
812.22, 151.00
812.51, 150.00
812.80, 144.00
813.09, 147.00
813.38, 145.00
813.67, 164.00
813.96, 151.00
814.26, 143.00
814.55, 150.00
814.84, 149.00
815.13, 149.00
815.42, 149.00
815.71, 151.00
816.00, 152.00
816.29, 151.00
816.58, 152.00
816.87, 148.00
817.16, 148.00
817.45, 155.00
817.74, 153.00
818.03, 149.00
818.32, 145.00
818.61, 148.00
818.90, 153.00
819.19, 152.00
819.48, 150.00
819.76, 147.00
820.05, 147.00
820.34, 145.00
820.63, 143.00
820.92, 145.00
821.21, 146.00
821.50, 147.00
821.79, 142.00
822.08, 146.00
822.37, 150.00
822.66, 144.00
822.95, 150.00
823.23, 147.00
823.52, 164.00
823.81, 148.00
824.10, 144.00
824.39, 147.00
824.68, 151.00
824.97, 160.00
825.26, 148.00
825.54, 194.00
825.83, 154.00
826.12, 143.00
826.41, 142.00
826.70, 148.00
826.99, 152.00
827.27, 146.00
827.56, 165.00
827.85, 150.00
828.14, 149.00
828.43, 152.00
828.71, 154.00
829.00, 148.00
829.29, 148.00
829.58, 149.00
829.86, 147.00
830.15, 149.00
830.44, 149.00
830.73, 152.00
831.01, 149.00
831.30, 148.00
831.59, 147.00
831.88, 144.00
832.16, 149.00
832.45, 149.00
832.74, 150.00
833.03, 146.00
833.31, 151.00
833.60, 146.00
833.89, 142.00
834.17, 150.00
834.46, 149.00
834.75, 150.00
835.03, 151.00
835.32, 147.00
835.61, 151.00
835.89, 161.00
836.18, 148.00
836.47, 145.00
836.75, 147.00
837.04, 150.00
837.33, 151.00
837.61, 148.00
837.90, 148.00
838.19, 148.00
838.47, 154.00
838.76, 153.00
839.04, 149.00
839.33, 148.00
839.62, 151.00
839.90, 147.00
840.19, 150.00
840.47, 148.00
840.76, 174.00
841.04, 141.00
841.33, 148.00
841.62, 150.00
841.90, 145.00
842.19, 147.00
842.47, 177.00
842.76, 149.00
843.04, 149.00
843.33, 173.00
843.61, 165.00
843.90, 166.00
844.18, 165.00
844.47, 169.00
844.75, 165.00
845.04, 155.00
845.32, 156.00
845.61, 155.00
845.89, 154.00
846.18, 156.00
846.46, 148.00
846.75, 151.00
847.03, 162.00
847.32, 152.00
847.60, 142.00
847.88, 150.00
848.17, 147.00
848.45, 164.00
848.74, 153.00
849.02, 147.00
849.31, 150.00
849.59, 147.00
849.87, 148.00
850.16, 144.00
850.44, 154.00
850.73, 174.00
851.01, 152.00
851.29, 145.00
851.58, 147.00
851.86, 152.00
852.14, 147.00
852.43, 150.00
852.71, 145.00
853.00, 140.00
853.28, 153.00
853.56, 149.00
853.85, 152.00
854.13, 148.00
854.41, 146.00
854.69, 148.00
854.98, 145.00
855.26, 202.00
855.54, 149.00
855.83, 148.00
856.11, 149.00
856.39, 150.00
856.68, 148.00
856.96, 152.00
857.24, 153.00
857.52, 152.00
857.81, 147.00
858.09, 145.00
858.37, 150.00
858.65, 151.00
858.94, 151.00
859.22, 153.00
