190.05, 0.00
190.41, 134.00
190.77, 132.00
191.14, 138.00
191.50, 138.00
191.86, 158.00
192.22, 141.00
192.58, 145.00
192.94, 146.00
193.31, 144.00
193.67, 146.00
194.03, 155.00
194.39, 143.00
194.75, 145.00
195.11, 151.00
195.47, 163.00
195.84, 144.00
196.20, 143.00
196.56, 158.00
196.92, 143.00
197.28, 146.00
197.64, 146.00
198.00, 142.00
198.37, 151.00
198.73, 147.00
199.09, 146.00
199.45, 143.00
199.81, 146.00
200.17, 151.00
200.53, 147.00
200.89, 149.00
201.25, 177.00
201.62, 144.00
201.98, 145.00
202.34, 140.00
202.70, 151.00
203.06, 143.00
203.42, 142.00
203.78, 137.00
204.14, 146.00
204.50, 164.00
204.86, 152.00
205.22, 153.00
205.58, 143.00
205.95, 145.00
206.31, 142.00
206.67, 148.00
207.03, 149.00
207.39, 156.00
207.75, 148.00
208.11, 145.00
208.47, 145.00
208.83, 152.00
209.19, 147.00
209.55, 146.00
209.91, 148.00
210.27, 149.00
210.63, 152.00
210.99, 154.00
211.35, 146.00
211.71, 152.00
212.07, 146.00
212.43, 148.00
212.79, 151.00
213.15, 144.00
213.51, 147.00
213.87, 146.00
214.23, 146.00
214.59, 150.00
214.95, 145.00
215.31, 143.00
215.67, 149.00
216.03, 181.00
216.39, 142.00
216.75, 139.00
217.11, 149.00
217.47, 149.00
217.83, 143.00
218.19, 148.00
218.55, 154.00
218.91, 144.00
219.27, 149.00
219.63, 147.00
219.99, 146.00
220.35, 144.00
220.71, 155.00
221.07, 140.00
221.43, 147.00
221.79, 147.00
222.15, 150.00
222.51, 146.00
222.87, 151.00
223.23, 143.00
223.59, 146.00
223.95, 144.00
224.31, 147.00
224.67, 146.00
225.03, 152.00
225.39, 154.00
225.74, 151.00
226.10, 142.00
226.46, 145.00
226.82, 151.00
227.18, 148.00
227.54, 142.00
227.90, 139.00
228.26, 147.00
228.62, 152.00
228.98, 144.00
229.34, 150.00
229.69, 144.00
230.05, 145.00
230.41, 142.00
230.77, 150.00
231.13, 151.00
231.49, 147.00
231.85, 147.00
232.21, 153.00
232.57, 150.00
232.92, 150.00
233.28, 146.00
233.64, 144.00
234.00, 141.00
234.36, 145.00
234.72, 145.00
235.08, 147.00
235.44, 149.00
235.79, 141.00
236.15, 154.00
236.51, 144.00
236.87, 147.00
237.23, 144.00
237.59, 144.00
237.94, 152.00
238.30, 147.00
238.66, 145.00
239.02, 142.00
239.38, 139.00
239.74, 144.00
240.09, 157.00
240.45, 144.00
240.81, 145.00
241.17, 151.00
241.53, 144.00
241.89, 147.00
242.24, 147.00
242.60, 140.00
242.96, 151.00
243.32, 146.00
243.68, 144.00
244.03, 148.00
244.39, 144.00
244.75, 167.00
245.11, 147.00
245.46, 150.00
245.82, 173.00
246.18, 148.00
246.54, 150.00
246.90, 148.00
247.25, 144.00
247.61, 142.00
247.97, 187.00
248.33, 146.00
248.68, 142.00
249.04, 147.00
249.40, 143.00
249.76, 151.00
250.11, 149.00
250.47, 152.00
250.83, 148.00
251.19, 150.00
251.54, 153.00
251.90, 149.00
252.26, 148.00
252.62, 147.00
252.97, 150.00
253.33, 142.00
253.69, 145.00
254.05, 148.00
254.40, 142.00
254.76, 141.00
255.12, 178.00
255.47, 152.00
255.83, 147.00
256.19, 152.00
256.54, 148.00
256.90, 148.00
257.26, 150.00
257.62, 150.00
257.97, 144.00
258.33, 151.00
258.69, 143.00
259.04, 144.00
259.40, 145.00
259.76, 147.00
260.11, 142.00
260.47, 149.00
260.83, 149.00
261.18, 145.00
261.54, 147.00
261.90, 149.00
262.25, 142.00
262.61, 143.00
262.97, 138.00
263.32, 143.00
263.68, 145.00
264.04, 149.00
264.39, 146.00
264.75, 143.00
265.10, 148.00
265.46, 196.00
265.82, 157.00
266.17, 146.00
266.53, 140.00
266.89, 149.00
267.24, 153.00
267.60, 143.00
267.95, 141.00
268.31, 148.00
268.67, 148.00
269.02, 147.00
269.38, 144.00
269.74, 157.00
270.09, 139.00
270.45, 146.00
270.80, 163.00
271.16, 151.00
271.51, 149.00
271.87, 154.00
272.23, 150.00
272.58, 151.00
272.94, 143.00
273.29, 147.00
273.65, 199.00
274.00, 145.00
274.36, 150.00
274.72, 141.00
275.07, 145.00
275.43, 144.00
275.78, 147.00
276.14, 146.00
276.49, 150.00
276.85, 154.00
277.20, 160.00
277.56, 144.00
277.92, 140.00
278.27, 148.00
278.63, 147.00
278.98, 148.00
279.34, 142.00
279.69, 146.00
280.05, 164.00
280.40, 145.00
280.76, 149.00
281.11, 145.00
281.47, 141.00
281.82, 141.00
282.18, 144.00
282.53, 149.00
282.89, 158.00
283.24, 148.00
283.60, 144.00
283.95, 147.00
284.31, 142.00
284.66, 143.00
285.02, 145.00
285.37, 143.00
285.73, 146.00
286.08, 151.00
286.44, 144.00
286.79, 153.00
287.14, 150.00
287.50, 149.00
287.85, 144.00
288.21, 143.00
288.56, 145.00
288.92, 142.00
289.27, 148.00
289.63, 145.00
289.98, 151.00
290.34, 147.00
290.69, 153.00
291.04, 140.00
291.40, 142.00
291.75, 143.00
292.11, 151.00
292.46, 147.00
292.81, 154.00
293.17, 143.00
293.52, 141.00
293.88, 141.00
294.23, 143.00
294.59, 146.00
294.94, 143.00
295.29, 149.00
295.65, 151.00
296.00, 161.00
296.36, 145.00
296.71, 144.00
297.06, 143.00
297.42, 147.00
297.77, 145.00
298.12, 148.00
298.48, 149.00
298.83, 143.00
299.19, 143.00
299.54, 143.00
299.89, 138.00
300.25, 141.00
300.60, 147.00
300.95, 147.00
301.31, 150.00
301.66, 141.00
302.01, 141.00
302.37, 149.00
302.72, 144.00
303.07, 139.00
303.43, 148.00
303.78, 142.00
304.13, 148.00
304.49, 145.00
304.84, 151.00
305.19, 193.00
305.55, 146.00
305.90, 147.00
306.25, 145.00
306.61, 143.00
306.96, 143.00
307.31, 150.00
307.66, 144.00
308.02, 146.00
308.37, 149.00
308.72, 144.00
309.08, 144.00
309.43, 150.00
309.78, 149.00
310.13, 138.00
310.49, 153.00
310.84, 147.00
311.19, 147.00
311.54, 155.00
311.90, 146.00
312.25, 149.00
312.60, 138.00
312.95, 149.00
313.31, 143.00
313.66, 142.00
314.01, 159.00
314.36, 158.00
314.72, 146.00
315.07, 147.00
315.42, 149.00
315.77, 175.00
316.13, 141.00
316.48, 144.00
316.83, 143.00
317.18, 145.00
317.54, 144.00
317.89, 141.00
318.24, 148.00
318.59, 145.00
318.94, 143.00
319.30, 145.00
319.65, 149.00
320.00, 150.00
320.35, 151.00
320.70, 145.00
321.05, 143.00
321.41, 146.00
321.76, 146.00
322.11, 139.00
322.46, 142.00
322.81, 183.00
323.17, 148.00
323.52, 141.00
323.87, 139.00
324.22, 145.00
324.57, 143.00
324.92, 146.00
325.27, 141.00
325.63, 148.00
325.98, 144.00
326.33, 148.00
326.68, 145.00
327.03, 142.00
327.38, 145.00
327.73, 143.00
328.09, 150.00
328.44, 168.00
328.79, 145.00
329.14, 181.00
329.49, 149.00
329.84, 145.00
330.19, 147.00
330.54, 145.00
330.89, 149.00
331.25, 144.00
331.60, 149.00
331.95, 149.00
332.30, 144.00
332.65, 146.00
333.00, 151.00
333.35, 185.00
333.70, 191.00
334.05, 152.00
334.40, 153.00
334.75, 147.00
335.10, 143.00
335.45, 143.00
335.81, 143.00
336.16, 148.00
336.51, 147.00
336.86, 144.00
337.21, 148.00
337.56, 148.00
337.91, 149.00
338.26, 146.00
338.61, 142.00
338.96, 150.00
339.31, 142.00
339.66, 143.00
340.01, 147.00
340.36, 142.00
340.71, 145.00
341.06, 142.00
341.41, 146.00
341.76, 143.00
342.11, 145.00
342.46, 144.00
342.81, 150.00
343.16, 144.00
343.51, 145.00
343.86, 150.00
344.21, 143.00
344.56, 144.00
344.91, 144.00
345.26, 156.00
345.61, 146.00
345.96, 141.00
346.31, 144.00
346.66, 168.00
347.01, 144.00
347.36, 164.00
347.71, 146.00
348.06, 141.00
348.41, 160.00
348.76, 152.00
349.10, 147.00
349.45, 152.00
349.80, 142.00
350.15, 149.00
350.50, 150.00
350.85, 153.00
351.20, 140.00
351.55, 149.00
351.90, 149.00
352.25, 145.00
352.60, 140.00
352.95, 145.00
353.30, 163.00
353.64, 145.00
353.99, 142.00
354.34, 145.00
354.69, 144.00
355.04, 144.00
355.39, 140.00
355.74, 143.00
356.09, 144.00
356.44, 145.00
356.78, 144.00
357.13, 145.00
357.48, 142.00
357.83, 142.00
358.18, 140.00
358.53, 150.00
358.88, 151.00
359.22, 163.00
359.57, 142.00
359.92, 139.00
360.27, 141.00
360.62, 142.00
360.97, 144.00
361.32, 142.00
361.66, 141.00
362.01, 143.00
362.36, 146.00
362.71, 144.00
363.06, 143.00
363.40, 140.00
363.75, 139.00
364.10, 148.00
364.45, 144.00
364.80, 147.00
365.14, 148.00
365.49, 148.00
365.84, 147.00
366.19, 145.00
366.54, 146.00
366.88, 166.00
367.23, 144.00
367.58, 196.00
367.93, 149.00
368.28, 145.00
368.62, 147.00
368.97, 157.00
369.32, 150.00
369.67, 145.00
370.01, 149.00
370.36, 143.00
370.71, 160.00
371.06, 146.00
371.40, 148.00
371.75, 138.00
372.10, 143.00
372.45, 148.00
372.79, 149.00
373.14, 137.00
373.49, 141.00
373.83, 148.00
374.18, 143.00
374.53, 143.00
374.88, 146.00
375.22, 147.00
375.57, 147.00
375.92, 145.00
376.26, 146.00
376.61, 146.00
376.96, 145.00
377.30, 151.00
377.65, 150.00
378.00, 141.00
378.35, 148.00
378.69, 150.00
379.04, 142.00
379.39, 153.00
379.73, 149.00
380.08, 147.00
380.43, 147.00
380.77, 144.00
381.12, 148.00
381.47, 145.00
381.81, 141.00
382.16, 142.00
382.50, 151.00
382.85, 218.00
383.20, 145.00
383.54, 142.00
383.89, 140.00
384.24, 138.00
384.58, 144.00
384.93, 161.00
385.27, 149.00
385.62, 143.00
385.97, 148.00
386.31, 144.00
386.66, 178.00
387.00, 151.00
387.35, 147.00
387.70, 146.00
388.04, 204.00
388.39, 143.00
388.73, 145.00
389.08, 147.00
389.43, 145.00
389.77, 146.00
390.12, 144.00
390.46, 148.00
390.81, 143.00
391.15, 143.00
391.50, 146.00
391.85, 147.00
392.19, 143.00
392.54, 147.00
392.88, 143.00
393.23, 147.00
393.57, 154.00
393.92, 138.00
394.26, 143.00
394.61, 146.00
394.95, 144.00
395.30, 140.00
395.64, 141.00
395.99, 183.00
396.33, 147.00
396.68, 145.00
397.02, 141.00
397.37, 139.00
397.71, 132.00
398.06, 137.00
398.40, 145.00
398.75, 139.00
399.09, 140.00
399.44, 141.00
399.78, 145.00
400.13, 142.00
400.47, 143.00
400.82, 142.00
401.16, 138.00
401.51, 151.00
401.85, 144.00
402.20, 144.00
402.54, 147.00
402.88, 150.00
403.23, 144.00
403.57, 156.00
403.92, 169.00
404.26, 223.00
404.61, 172.00
404.95, 197.00
405.30, 160.00
405.64, 152.00
405.98, 175.00
406.33, 155.00
406.67, 145.00
407.02, 147.00
407.36, 151.00
407.70, 147.00
408.05, 147.00
408.39, 149.00
408.74, 140.00
409.08, 147.00
409.42, 152.00
409.77, 139.00
410.11, 148.00
410.46, 148.00
410.80, 145.00
411.14, 143.00
411.49, 145.00
411.83, 145.00
412.17, 137.00
412.52, 146.00
412.86, 149.00
413.20, 147.00
413.55, 144.00
413.89, 152.00
414.23, 149.00
414.58, 180.00
414.92, 149.00
415.26, 152.00
415.61, 150.00
415.95, 149.00
416.29, 151.00
416.64, 143.00
416.98, 146.00
417.32, 149.00
417.67, 156.00
418.01, 155.00
418.35, 145.00
418.70, 142.00
419.04, 162.00
419.38, 137.00
419.72, 143.00
420.07, 143.00
420.41, 145.00
420.75, 138.00
421.10, 149.00
421.44, 147.00
421.78, 144.00
422.12, 142.00
422.47, 142.00
422.81, 148.00
423.15, 150.00
423.49, 146.00
423.84, 145.00
424.18, 141.00
424.52, 142.00
424.86, 151.00
425.21, 146.00
425.55, 146.00
425.89, 146.00
426.23, 150.00
426.57, 148.00
426.92, 162.00
427.26, 146.00
427.60, 151.00
427.94, 153.00
428.28, 154.00
428.63, 147.00
428.97, 150.00
429.31, 155.00
429.65, 147.00
429.99, 158.00
430.34, 142.00
430.68, 149.00
431.02, 159.00
431.36, 144.00
431.70, 153.00
432.04, 151.00
432.39, 150.00
432.73, 151.00
433.07, 145.00
433.41, 145.00
433.75, 157.00
434.09, 153.00
434.43, 162.00
434.78, 238.00
435.12, 284.00
435.46, 319.00
435.80, 293.00
436.14, 250.00
436.48, 202.00
436.82, 190.00
437.16, 165.00
437.51, 159.00
437.85, 152.00
438.19, 181.00
438.53, 158.00
438.87, 173.00
439.21, 157.00
439.55, 157.00
439.89, 151.00
440.23, 151.00
440.57, 152.00
440.91, 155.00
441.26, 150.00
441.60, 146.00
441.94, 148.00
442.28, 157.00
442.62, 152.00
442.96, 151.00
443.30, 152.00
443.64, 158.00
443.98, 155.00
444.32, 159.00
444.66, 157.00
445.00, 154.00
445.34, 158.00
445.68, 155.00
446.02, 153.00
446.36, 153.00
446.70, 147.00
447.04, 158.00
447.38, 180.00
447.72, 153.00
448.06, 152.00
448.40, 152.00
448.74, 153.00
449.08, 154.00
449.42, 154.00
449.76, 158.00
450.10, 148.00
450.44, 151.00
450.78, 151.00
451.12, 152.00
451.46, 159.00
451.80, 160.00
452.14, 152.00
452.48, 155.00
452.82, 158.00
453.16, 155.00
453.50, 162.00
453.84, 152.00
454.18, 191.00
454.52, 154.00
454.86, 149.00
455.19, 162.00
455.53, 157.00
455.87, 151.00
456.21, 157.00
456.55, 157.00
456.89, 150.00
457.23, 147.00
457.57, 148.00
457.91, 152.00
458.25, 154.00
458.59, 150.00
458.92, 148.00
459.26, 157.00
459.60, 159.00
459.94, 157.00
460.28, 149.00
460.62, 153.00
460.96, 154.00
461.30, 157.00
461.63, 150.00
461.97, 152.00
462.31, 152.00
462.65, 152.00
462.99, 157.00
463.33, 157.00
463.67, 149.00
464.00, 156.00
464.34, 150.00
464.68, 148.00
465.02, 164.00
465.36, 156.00
465.70, 150.00
466.03, 160.00
466.37, 151.00
466.71, 148.00
467.05, 147.00
467.39, 144.00
467.72, 152.00
468.06, 150.00
468.40, 156.00
468.74, 156.00
469.08, 156.00
469.41, 152.00
469.75, 148.00
470.09, 151.00
470.43, 151.00
470.76, 155.00
471.10, 154.00
471.44, 151.00
471.78, 151.00
472.11, 149.00
472.45, 153.00
472.79, 148.00
473.13, 152.00
473.46, 156.00
473.80, 151.00
474.14, 148.00
474.48, 152.00
474.81, 147.00
475.15, 147.00
475.49, 159.00
475.82, 157.00
476.16, 155.00
476.50, 146.00
476.84, 154.00
477.17, 148.00
477.51, 150.00
477.85, 148.00
478.18, 168.00
478.52, 150.00
478.86, 206.00
479.19, 167.00
479.53, 150.00
479.87, 196.00
480.20, 163.00
480.54, 158.00
480.88, 156.00
481.21, 157.00
481.55, 161.00
481.89, 156.00
482.22, 158.00
482.56, 170.00
482.90, 170.00
483.23, 167.00
483.57, 180.00
483.90, 179.00
484.24, 187.00
484.58, 198.00
484.91, 202.00
485.25, 201.00
485.58, 208.00
485.92, 216.00
486.26, 219.00
486.59, 213.00
486.93, 218.00
487.26, 222.00
487.60, 224.00
487.94, 211.00
488.27, 213.00
488.61, 212.00
488.94, 212.00
489.28, 210.00
489.61, 204.00
489.95, 206.00
490.29, 205.00
490.62, 207.00
490.96, 199.00
491.29, 208.00
491.63, 194.00
491.96, 191.00
492.30, 191.00
492.63, 196.00
492.97, 193.00
493.30, 189.00
493.64, 193.00
493.97, 190.00
494.31, 183.00
494.64, 179.00
494.98, 181.00
495.31, 184.00
495.65, 176.00
495.98, 182.00
496.32, 181.00
496.65, 215.00
496.99, 178.00
497.32, 175.00
497.66, 167.00
497.99, 168.00
498.33, 168.00
498.66, 164.00
499.00, 169.00
499.33, 164.00
499.67, 161.00
500.00, 164.00
500.34, 160.00
500.67, 156.00
501.00, 154.00
501.34, 159.00
501.67, 146.00
502.01, 149.00
502.34, 152.00
502.68, 155.00
503.01, 153.00
503.34, 155.00
503.68, 146.00
504.01, 137.00
504.35, 141.00
504.68, 148.00
505.01, 148.00
505.35, 149.00
505.68, 146.00
506.02, 154.00
506.35, 148.00
506.68, 156.00
507.02, 147.00
507.35, 147.00
507.68, 150.00
508.02, 148.00
508.35, 152.00
508.69, 147.00
509.02, 147.00
509.35, 147.00
509.69, 150.00
510.02, 155.00
510.35, 148.00
510.69, 145.00
511.02, 152.00
511.35, 147.00
511.69, 151.00
512.02, 145.00
512.35, 156.00
512.68, 146.00
513.02, 153.00
513.35, 146.00
513.68, 144.00
514.02, 151.00
514.35, 148.00
514.68, 151.00
515.01, 146.00
515.35, 159.00
515.68, 143.00
516.01, 146.00
516.35, 145.00
516.68, 145.00
517.01, 144.00
517.34, 145.00
517.68, 143.00
518.01, 156.00
518.34, 145.00
518.67, 146.00
519.01, 143.00
519.34, 145.00
519.67, 156.00
520.00, 144.00
520.33, 148.00
520.67, 144.00
521.00, 151.00
521.33, 143.00
521.66, 152.00
522.00, 146.00
522.33, 141.00
522.66, 142.00
522.99, 144.00
523.32, 152.00
523.65, 145.00
523.99, 150.00
524.32, 151.00
524.65, 146.00
524.98, 148.00
525.31, 150.00
525.65, 174.00
525.98, 147.00
526.31, 143.00
526.64, 152.00
526.97, 150.00
527.30, 147.00
527.63, 141.00
527.97, 146.00
528.30, 149.00
528.63, 158.00
528.96, 172.00
529.29, 147.00
529.62, 153.00
529.95, 143.00
530.28, 143.00
530.61, 148.00
530.95, 147.00
531.28, 147.00
531.61, 151.00
531.94, 149.00
532.27, 148.00
532.60, 149.00
532.93, 155.00
533.26, 154.00
533.59, 153.00
533.92, 158.00
534.25, 151.00
534.58, 189.00
534.91, 158.00
535.25, 151.00
535.58, 155.00
535.91, 159.00
536.24, 159.00
536.57, 166.00
536.90, 165.00
537.23, 180.00
537.56, 211.00
537.89, 189.00
538.22, 186.00
538.55, 189.00
538.88, 201.00
539.21, 321.00
539.54, 216.00
539.87, 234.00
540.20, 268.00
540.53, 291.00
540.86, 359.00
541.19, 371.00
541.52, 405.00
541.85, 427.00
542.18, 436.00
542.51, 448.00
542.84, 462.00
543.17, 450.00
543.50, 445.00
543.82, 435.00
544.15, 431.00
544.48, 425.00
544.81, 469.00
545.14, 500.00
545.47, 467.00
545.80, 456.00
546.13, 368.00
546.46, 369.00
546.79, 331.00
547.12, 282.00
547.45, 270.00
547.78, 249.00
548.10, 245.00
548.43, 248.00
548.76, 237.00
549.09, 226.00
549.42, 221.00
549.75, 220.00
550.08, 214.00
550.41, 210.00
550.74, 211.00
551.06, 206.00
551.39, 211.00
551.72, 201.00
552.05, 196.00
552.38, 186.00
552.71, 190.00
553.03, 189.00
553.36, 179.00
553.69, 188.00
554.02, 169.00
554.35, 171.00
554.68, 163.00
555.00, 161.00
555.33, 159.00
555.66, 156.00
555.99, 177.00
556.32, 153.00
556.64, 155.00
556.97, 161.00
557.30, 152.00
557.63, 153.00
557.96, 148.00
558.28, 146.00
558.61, 152.00
558.94, 147.00
559.27, 147.00
559.59, 151.00
559.92, 149.00
560.25, 144.00
560.58, 149.00
560.90, 152.00
561.23, 143.00
561.56, 140.00
561.89, 142.00
562.21, 147.00
562.54, 146.00
562.87, 143.00
563.20, 148.00
563.52, 147.00
563.85, 147.00
564.18, 164.00
564.50, 151.00
564.83, 179.00
565.16, 207.00
565.48, 146.00
565.81, 158.00
566.14, 146.00
566.47, 148.00
566.79, 151.00
567.12, 148.00
567.45, 174.00
567.77, 151.00
568.10, 149.00
568.43, 147.00
568.75, 145.00
569.08, 154.00
569.40, 183.00
569.73, 150.00
570.06, 145.00
570.38, 146.00
570.71, 146.00
571.04, 141.00
571.36, 150.00
571.69, 145.00
572.01, 153.00
572.34, 142.00
572.67, 149.00
572.99, 148.00
573.32, 164.00
573.64, 144.00
573.97, 144.00
574.30, 147.00
574.62, 148.00
574.95, 149.00
575.27, 154.00
575.60, 161.00
575.92, 165.00
576.25, 167.00
576.58, 173.00
576.90, 168.00
577.23, 203.00
577.55, 167.00
577.88, 172.00
578.20, 173.00
578.53, 171.00
578.85, 192.00
579.18, 188.00
579.50, 178.00
579.83, 182.00
580.15, 191.00
580.48, 188.00
580.80, 184.00
581.13, 183.00
581.45, 192.00
581.78, 185.00
582.10, 196.00
582.43, 199.00
582.75, 195.00
583.08, 198.00
583.40, 193.00
583.73, 265.00
584.05, 208.00
584.38, 192.00
584.70, 240.00
585.03, 195.00
585.35, 191.00
585.67, 199.00
586.00, 207.00
586.32, 219.00
586.65, 214.00
586.97, 214.00
587.30, 215.00
587.62, 206.00
587.94, 220.00
588.27, 194.00
588.59, 189.00
588.92, 184.00
589.24, 178.00
589.56, 188.00
589.89, 193.00
590.21, 181.00
590.54, 175.00
590.86, 173.00
591.18, 176.00
591.51, 179.00
591.83, 197.00
592.15, 186.00
592.48, 189.00
592.80, 193.00
593.13, 183.00
593.45, 182.00
593.77, 183.00
594.10, 172.00
594.42, 173.00
594.74, 161.00
595.07, 165.00
595.39, 167.00
595.71, 158.00
596.03, 159.00
596.36, 157.00
596.68, 157.00
597.00, 158.00
597.33, 161.00
597.65, 166.00
597.97, 168.00
598.30, 171.00
598.62, 168.00
598.94, 167.00
599.26, 170.00
599.59, 167.00
599.91, 167.00
600.23, 160.00
600.55, 163.00
600.88, 164.00
601.20, 156.00
601.52, 155.00
601.84, 156.00
602.17, 158.00
602.49, 154.00
602.81, 152.00
603.13, 157.00
603.45, 166.00
603.78, 157.00
604.10, 157.00
604.42, 153.00
604.74, 159.00
605.07, 158.00
605.39, 158.00
605.71, 157.00
606.03, 161.00
606.35, 154.00
606.67, 168.00
607.00, 171.00
607.32, 170.00
607.64, 171.00
607.96, 174.00
608.28, 184.00
608.60, 185.00
608.93, 206.00
609.25, 239.00
609.57, 292.00
609.89, 389.00
610.21, 460.00
610.53, 504.00
610.85, 497.00
611.17, 469.00
611.50, 427.00
611.82, 396.00
612.14, 367.00
612.46, 340.00
612.78, 319.00
613.10, 293.00
613.42, 280.00
613.74, 277.00
614.06, 291.00
614.38, 247.00
614.70, 232.00
615.03, 229.00
615.35, 214.00
615.67, 316.00
615.99, 191.00
616.31, 191.00
616.63, 196.00
616.95, 182.00
617.27, 179.00
617.59, 174.00
617.91, 180.00
618.23, 182.00
618.55, 180.00
618.87, 172.00
619.19, 178.00
619.51, 183.00
619.83, 178.00
620.15, 176.00
620.47, 186.00
620.79, 180.00
621.11, 182.00
621.43, 181.00
621.75, 184.00
622.07, 179.00
622.39, 175.00
622.71, 179.00
623.03, 177.00
623.35, 221.00
623.67, 180.00
623.99, 170.00
624.31, 171.00
624.63, 181.00
624.95, 168.00
625.26, 170.00
625.58, 173.00
625.90, 194.00
626.22, 165.00
626.54, 167.00
626.86, 169.00
627.18, 162.00
627.50, 170.00
627.82, 165.00
628.14, 160.00
628.46, 177.00
628.77, 164.00
629.09, 184.00
629.41, 183.00
629.73, 187.00
630.05, 209.00
630.37, 194.00
630.69, 200.00
631.00, 196.00
631.32, 188.00
631.64, 173.00
631.96, 166.00
632.28, 167.00
632.60, 167.00
632.92, 163.00
633.23, 154.00
633.55, 162.00
633.87, 153.00
634.19, 152.00
634.51, 149.00
634.82, 159.00
635.14, 154.00
635.46, 148.00
635.78, 149.00
636.10, 146.00
636.41, 149.00
636.73, 143.00
637.05, 146.00
637.37, 153.00
637.68, 147.00
638.00, 145.00
638.32, 142.00
638.64, 148.00
638.95, 159.00
639.27, 144.00
639.59, 150.00
639.91, 145.00
640.22, 145.00
640.54, 150.00
640.86, 149.00
641.18, 154.00
641.49, 169.00
641.81, 155.00
642.13, 163.00
642.44, 149.00
642.76, 149.00
643.08, 150.00
643.40, 149.00
643.71, 154.00
644.03, 148.00
644.35, 148.00
644.66, 152.00
644.98, 147.00
645.30, 147.00
645.61, 165.00
645.93, 147.00
646.25, 146.00
646.56, 160.00
646.88, 185.00
647.19, 149.00
647.51, 160.00
647.83, 149.00
648.14, 151.00
648.46, 148.00
648.78, 154.00
649.09, 154.00
649.41, 197.00
649.72, 152.00
650.04, 159.00
650.36, 152.00
650.67, 158.00
650.99, 152.00
651.30, 157.00
651.62, 152.00
651.93, 151.00
652.25, 162.00
652.57, 194.00
652.88, 151.00
653.20, 156.00
653.51, 153.00
653.83, 156.00
654.14, 150.00
654.46, 153.00
654.77, 146.00
655.09, 154.00
655.40, 162.00
655.72, 150.00
656.04, 148.00
656.35, 148.00
656.67, 149.00
656.98, 148.00
657.30, 150.00
657.61, 150.00
657.93, 151.00
658.24, 146.00
658.55, 179.00
658.87, 142.00
659.18, 147.00
659.50, 145.00
659.81, 149.00
660.13, 148.00
660.44, 145.00
660.76, 151.00
661.07, 168.00
661.39, 153.00
661.70, 156.00
662.01, 154.00
662.33, 150.00
662.64, 152.00
662.96, 149.00
663.27, 147.00
663.59, 147.00
663.90, 152.00
664.21, 147.00
664.53, 169.00
664.84, 150.00
665.16, 177.00
665.47, 146.00
665.78, 149.00
666.10, 149.00
666.41, 150.00
666.72, 148.00
667.04, 151.00
667.35, 142.00
667.67, 149.00
667.98, 149.00
668.29, 149.00
668.61, 152.00
668.92, 148.00
669.23, 146.00
669.55, 146.00
669.86, 171.00
670.17, 154.00
670.48, 152.00
670.80, 144.00
671.11, 147.00
671.42, 150.00
671.74, 148.00
672.05, 144.00
672.36, 161.00
672.68, 147.00
672.99, 142.00
673.30, 138.00
673.61, 148.00
673.93, 145.00
674.24, 141.00
674.55, 144.00
674.86, 146.00
675.18, 144.00
675.49, 150.00
675.80, 150.00
676.11, 150.00
676.43, 148.00
676.74, 148.00
677.05, 148.00
677.36, 158.00
677.67, 143.00
677.99, 148.00
678.30, 149.00
678.61, 150.00
678.92, 146.00
679.23, 150.00
679.55, 145.00
679.86, 150.00
680.17, 148.00
680.48, 157.00
680.79, 152.00
681.10, 145.00
681.42, 153.00
681.73, 146.00
682.04, 141.00
682.35, 143.00
682.66, 140.00
682.97, 142.00
683.28, 150.00
683.60, 152.00
683.91, 149.00
684.22, 165.00
684.53, 149.00
684.84, 147.00
685.15, 151.00
685.46, 176.00
685.77, 144.00
686.08, 145.00
686.40, 185.00
686.71, 154.00
687.02, 151.00
687.33, 154.00
687.64, 151.00
687.95, 147.00
688.26, 151.00
688.57, 148.00
688.88, 147.00
689.19, 144.00
689.50, 145.00
689.81, 145.00
690.12, 143.00
690.43, 160.00
690.74, 149.00
691.05, 144.00
691.36, 155.00
691.67, 145.00
691.98, 147.00
692.29, 149.00
692.60, 151.00
692.91, 151.00
693.22, 145.00
693.53, 149.00
693.84, 149.00
694.15, 145.00
694.46, 148.00
694.77, 147.00
695.08, 146.00
695.39, 153.00
695.70, 143.00
696.01, 140.00
696.32, 142.00
696.63, 145.00
696.94, 146.00
697.25, 142.00
697.56, 149.00
697.87, 151.00
698.17, 187.00
698.48, 151.00
698.79, 148.00
699.10, 145.00
699.41, 146.00
699.72, 144.00
700.03, 139.00
700.34, 144.00
700.65, 145.00
700.95, 142.00
701.26, 144.00
701.57, 146.00
701.88, 143.00
702.19, 152.00
702.50, 152.00
702.81, 144.00
703.11, 165.00
703.42, 149.00
703.73, 150.00
704.04, 151.00
704.35, 147.00
704.66, 151.00
704.96, 147.00
705.27, 153.00
705.58, 156.00
705.89, 154.00
706.20, 157.00
706.50, 156.00
706.81, 161.00
707.12, 150.00
707.43, 159.00
707.73, 165.00
708.04, 161.00
708.35, 160.00
708.66, 153.00
708.97, 155.00
709.27, 148.00
709.58, 150.00
709.89, 149.00
710.19, 145.00
710.50, 153.00
710.81, 153.00
711.12, 158.00
711.42, 157.00
711.73, 157.00
712.04, 150.00
712.35, 149.00
712.65, 154.00
712.96, 147.00
713.27, 152.00
713.57, 174.00
713.88, 170.00
714.19, 140.00
714.49, 134.00
714.80, 145.00
715.11, 143.00
715.41, 140.00
715.72, 143.00
716.03, 143.00
716.33, 149.00
716.64, 142.00
716.94, 149.00
717.25, 149.00
717.56, 150.00
717.86, 148.00
718.17, 147.00
718.48, 144.00
718.78, 145.00
719.09, 145.00
719.39, 143.00
719.70, 146.00
720.01, 146.00
720.31, 144.00
720.62, 141.00
720.92, 142.00
721.23, 147.00
721.53, 147.00
721.84, 140.00
722.15, 147.00
722.45, 142.00
722.76, 144.00
723.06, 142.00
723.37, 140.00
723.67, 142.00
723.98, 145.00
724.28, 145.00
724.59, 156.00
724.89, 149.00
725.20, 145.00
725.50, 151.00
725.81, 140.00
726.11, 145.00
726.42, 140.00
726.72, 142.00
727.03, 180.00
727.33, 147.00
727.64, 142.00
727.94, 144.00
728.25, 142.00
728.55, 143.00
728.86, 167.00
729.16, 143.00
729.46, 141.00
729.77, 150.00
730.07, 144.00
730.38, 142.00
730.68, 144.00
730.99, 154.00
731.29, 144.00
731.59, 153.00
731.90, 145.00
732.20, 143.00
732.51, 150.00
732.81, 141.00
733.11, 149.00
733.42, 140.00
733.72, 148.00
734.02, 144.00
734.33, 145.00
734.63, 145.00
734.94, 144.00
735.24, 144.00
735.54, 146.00
735.85, 143.00
736.15, 143.00
736.45, 144.00
736.76, 143.00
737.06, 138.00
737.36, 142.00
737.67, 141.00
737.97, 143.00
738.27, 142.00
738.57, 142.00
738.88, 143.00
739.18, 180.00
739.48, 152.00
739.79, 145.00
740.09, 149.00
740.39, 148.00
740.69, 156.00
741.00, 144.00
741.30, 149.00
741.60, 146.00
741.90, 142.00
742.21, 144.00
742.51, 187.00
742.81, 142.00
743.11, 139.00
743.42, 165.00
743.72, 147.00
744.02, 150.00
744.32, 145.00
744.63, 148.00
744.93, 148.00
745.23, 148.00
745.53, 150.00
745.83, 147.00
746.13, 139.00
746.44, 140.00
746.74, 142.00
747.04, 147.00
747.34, 146.00
747.64, 142.00
747.94, 148.00
748.25, 147.00
748.55, 145.00
748.85, 146.00
749.15, 145.00
749.45, 169.00
749.75, 155.00
750.05, 149.00
750.35, 147.00
750.66, 157.00
750.96, 144.00
751.26, 146.00
751.56, 143.00
751.86, 153.00
752.16, 142.00
752.46, 143.00
752.76, 143.00
753.06, 149.00
753.36, 186.00
753.66, 145.00
753.96, 153.00
754.27, 141.00
754.57, 140.00
754.87, 143.00
755.17, 143.00
755.47, 142.00
755.77, 142.00
756.07, 144.00
756.37, 148.00
756.67, 142.00
756.97, 143.00
757.27, 146.00
757.57, 141.00
757.87, 149.00
758.17, 143.00
758.47, 145.00
758.77, 148.00
759.07, 147.00
759.37, 147.00
759.67, 147.00
759.97, 151.00
760.27, 144.00
760.57, 146.00
760.86, 148.00
761.16, 142.00
761.46, 143.00
761.76, 177.00
762.06, 143.00
762.36, 151.00
762.66, 146.00
762.96, 145.00
763.26, 153.00
763.56, 173.00
763.86, 150.00
764.16, 146.00
764.45, 156.00
764.75, 149.00
765.05, 149.00
765.35, 143.00
765.65, 143.00
765.95, 145.00
766.25, 148.00
766.55, 150.00
766.84, 148.00
767.14, 149.00
767.44, 143.00
767.74, 149.00
768.04, 145.00
768.34, 145.00
768.63, 138.00
768.93, 148.00
769.23, 147.00
769.53, 146.00
769.83, 143.00
770.12, 145.00
770.42, 142.00
770.72, 139.00
771.02, 146.00
771.32, 146.00
771.61, 144.00
771.91, 148.00
772.21, 142.00
772.51, 141.00
772.80, 147.00
773.10, 145.00
773.40, 150.00
773.70, 148.00
773.99, 141.00
774.29, 148.00
774.59, 151.00
774.88, 144.00
775.18, 143.00
775.48, 139.00
775.78, 140.00
776.07, 141.00
776.37, 145.00
776.67, 149.00
776.96, 136.00
777.26, 197.00
777.56, 148.00
777.85, 146.00
778.15, 145.00
778.45, 147.00
778.74, 146.00
779.04, 145.00
779.34, 143.00
779.63, 147.00
779.93, 143.00
780.22, 145.00
780.52, 148.00
780.82, 142.00
781.11, 143.00
781.41, 145.00
781.71, 149.00
782.00, 143.00
782.30, 143.00
782.59, 154.00
782.89, 147.00
783.19, 145.00
783.48, 144.00
783.78, 139.00
784.07, 152.00
784.37, 151.00
784.66, 147.00
784.96, 144.00
785.25, 140.00
785.55, 140.00
785.84, 150.00
786.14, 145.00
786.44, 142.00
786.73, 142.00
787.03, 143.00
787.32, 144.00
787.62, 144.00
787.91, 143.00
788.21, 148.00
788.50, 141.00
788.80, 141.00
789.09, 145.00
789.39, 149.00
789.68, 144.00
789.97, 148.00
790.27, 144.00
790.56, 146.00
790.86, 158.00
791.15, 146.00
791.45, 143.00
791.74, 169.00
792.04, 145.00
792.33, 144.00
792.62, 170.00
792.92, 147.00
793.21, 145.00
793.51, 148.00
793.80, 146.00
794.09, 146.00
794.39, 142.00
794.68, 147.00
794.98, 142.00
795.27, 147.00
795.56, 140.00
795.86, 147.00
796.15, 141.00
796.44, 146.00
796.74, 138.00
797.03, 140.00
797.32, 145.00
797.62, 141.00
797.91, 166.00
798.20, 147.00
798.50, 148.00
798.79, 152.00
799.08, 148.00
799.38, 144.00
799.67, 145.00
799.96, 151.00
800.26, 168.00
800.55, 148.00
800.84, 155.00
801.13, 145.00
801.43, 142.00
801.72, 183.00
802.01, 147.00
802.30, 147.00
802.60, 142.00
802.89, 146.00
803.18, 146.00
803.47, 144.00
803.77, 147.00
804.06, 148.00
804.35, 148.00
804.64, 161.00
804.94, 145.00
805.23, 146.00
805.52, 143.00
805.81, 142.00
806.10, 142.00
806.39, 146.00
806.69, 145.00
806.98, 144.00
807.27, 140.00
807.56, 147.00
807.85, 146.00
808.14, 144.00
808.44, 151.00
808.73, 141.00
809.02, 166.00
809.31, 147.00
809.60, 147.00
809.89, 153.00
810.18, 143.00
810.48, 154.00
810.77, 148.00
811.06, 145.00
811.35, 146.00
811.64, 148.00
811.93, 162.00
812.22, 146.00
812.51, 148.00
812.80, 146.00
813.09, 143.00
813.38, 143.00
813.67, 170.00
813.96, 144.00
814.26, 148.00
814.55, 144.00
814.84, 143.00
815.13, 149.00
815.42, 146.00
815.71, 150.00
816.00, 142.00
816.29, 155.00
816.58, 145.00
816.87, 146.00
817.16, 149.00
817.45, 156.00
817.74, 156.00
818.03, 145.00
818.32, 143.00
818.61, 142.00
818.90, 148.00
819.19, 142.00
819.48, 146.00
819.76, 143.00
820.05, 140.00
820.34, 142.00
820.63, 139.00
820.92, 145.00
821.21, 143.00
821.50, 143.00
821.79, 144.00
822.08, 142.00
822.37, 147.00
822.66, 142.00
822.95, 146.00
823.23, 141.00
823.52, 158.00
823.81, 144.00
824.10, 142.00
824.39, 145.00
824.68, 142.00
824.97, 160.00
825.26, 143.00
825.54, 187.00
825.83, 147.00
826.12, 143.00
826.41, 140.00
826.70, 144.00
826.99, 151.00
827.27, 146.00
827.56, 162.00
827.85, 132.00
828.14, 138.00
828.43, 143.00
828.71, 148.00
829.00, 141.00
829.29, 145.00
829.58, 146.00
829.86, 142.00
830.15, 145.00
830.44, 148.00
830.73, 146.00
831.01, 141.00
831.30, 143.00
831.59, 143.00
831.88, 145.00
832.16, 147.00
832.45, 151.00
832.74, 143.00
833.03, 143.00
833.31, 150.00
833.60, 146.00
833.89, 142.00
834.17, 149.00
834.46, 145.00
834.75, 144.00
835.03, 144.00
835.32, 141.00
835.61, 147.00
835.89, 157.00
836.18, 141.00
836.47, 139.00
836.75, 141.00
837.04, 145.00
837.33, 146.00
837.61, 140.00
837.90, 138.00
838.19, 141.00
838.47, 138.00
838.76, 141.00
839.04, 137.00
839.33, 143.00
839.62, 141.00
839.90, 142.00
840.19, 145.00
840.47, 136.00
840.76, 168.00
841.04, 146.00
841.33, 148.00
841.62, 142.00
841.90, 144.00
842.19, 144.00
842.47, 297.00
842.76, 145.00
843.04, 147.00
843.33, 166.00
843.61, 143.00
843.90, 142.00
844.18, 143.00
844.47, 142.00
844.75, 148.00
845.04, 142.00
845.32, 142.00
845.61, 142.00
845.89, 143.00
846.18, 144.00
846.46, 149.00
846.75, 143.00
847.03, 154.00
847.32, 147.00
847.60, 148.00
847.88, 140.00
848.17, 147.00
848.45, 161.00
848.74, 146.00
849.02, 141.00
849.31, 142.00
849.59, 144.00
849.87, 142.00
850.16, 141.00
850.44, 148.00
850.73, 175.00
851.01, 146.00
851.29, 142.00
851.58, 149.00
851.86, 143.00
852.14, 147.00
852.43, 143.00
852.71, 140.00
853.00, 143.00
853.28, 150.00
853.56, 146.00
853.85, 142.00
854.13, 144.00
854.41, 142.00
854.69, 141.00
854.98, 139.00
855.26, 196.00
855.54, 143.00
855.83, 141.00
856.11, 152.00
856.39, 146.00
856.68, 138.00
856.96, 141.00
857.24, 144.00
857.52, 149.00
857.81, 144.00
858.09, 144.00
858.37, 149.00
858.65, 140.00
858.94, 143.00
859.22, 141.00
