190.05, 0.00
190.41, 138.00
190.77, 138.00
191.14, 136.00
191.50, 140.00
191.86, 160.00
192.22, 143.00
192.58, 147.00
192.94, 146.00
193.31, 141.00
193.67, 142.00
194.03, 152.00
194.39, 143.00
194.75, 145.00
195.11, 156.00
195.47, 164.00
195.84, 145.00
196.20, 149.00
196.56, 161.00
196.92, 144.00
197.28, 151.00
197.64, 149.00
198.00, 146.00
198.37, 149.00
198.73, 143.00
199.09, 145.00
199.45, 144.00
199.81, 150.00
200.17, 153.00
200.53, 138.00
200.89, 154.00
201.25, 175.00
201.62, 146.00
201.98, 142.00
202.34, 147.00
202.70, 154.00
203.06, 150.00
203.42, 146.00
203.78, 139.00
204.14, 146.00
204.50, 169.00
204.86, 153.00
205.22, 151.00
205.58, 146.00
205.95, 144.00
206.31, 148.00
206.67, 144.00
207.03, 149.00
207.39, 151.00
207.75, 144.00
208.11, 149.00
208.47, 147.00
208.83, 152.00
209.19, 146.00
209.55, 145.00
209.91, 152.00
210.27, 149.00
210.63, 145.00
210.99, 154.00
211.35, 146.00
211.71, 153.00
212.07, 144.00
212.43, 152.00
212.79, 148.00
213.15, 145.00
213.51, 146.00
213.87, 149.00
214.23, 146.00
214.59, 143.00
214.95, 148.00
215.31, 147.00
215.67, 147.00
216.03, 181.00
216.39, 147.00
216.75, 146.00
217.11, 146.00
217.47, 145.00
217.83, 144.00
218.19, 151.00
218.55, 151.00
218.91, 149.00
219.27, 148.00
219.63, 145.00
219.99, 152.00
220.35, 147.00
220.71, 154.00
221.07, 146.00
221.43, 146.00
221.79, 146.00
222.15, 150.00
222.51, 148.00
222.87, 145.00
223.23, 144.00
223.59, 147.00
223.95, 145.00
224.31, 143.00
224.67, 148.00
225.03, 150.00
225.39, 157.00
225.74, 151.00
226.10, 146.00
226.46, 146.00
226.82, 147.00
227.18, 148.00
227.54, 145.00
227.90, 145.00
228.26, 147.00
228.62, 154.00
228.98, 145.00
229.34, 144.00
229.69, 145.00
230.05, 149.00
230.41, 147.00
230.77, 159.00
231.13, 154.00
231.49, 145.00
231.85, 144.00
232.21, 155.00
232.57, 151.00
232.92, 146.00
233.28, 149.00
233.64, 151.00
234.00, 142.00
234.36, 143.00
234.72, 146.00
235.08, 151.00
235.44, 150.00
235.79, 143.00
236.15, 149.00
236.51, 146.00
236.87, 140.00
237.23, 147.00
237.59, 152.00
237.94, 155.00
238.30, 144.00
238.66, 149.00
239.02, 143.00
239.38, 153.00
239.74, 143.00
240.09, 154.00
240.45, 145.00
240.81, 151.00
241.17, 158.00
241.53, 145.00
241.89, 146.00
242.24, 144.00
242.60, 146.00
242.96, 150.00
243.32, 152.00
243.68, 148.00
244.03, 150.00
244.39, 148.00
244.75, 170.00
245.11, 146.00
245.46, 150.00
245.82, 174.00
246.18, 145.00
246.54, 155.00
246.90, 147.00
247.25, 144.00
247.61, 146.00
247.97, 191.00
248.33, 146.00
248.68, 145.00
249.04, 148.00
249.40, 145.00
249.76, 149.00
250.11, 142.00
250.47, 148.00
250.83, 147.00
251.19, 152.00
251.54, 153.00
251.90, 149.00
252.26, 147.00
252.62, 149.00
252.97, 148.00
253.33, 143.00
253.69, 142.00
254.05, 152.00
254.40, 147.00
254.76, 145.00
255.12, 179.00
255.47, 148.00
255.83, 151.00
256.19, 148.00
256.54, 146.00
256.90, 144.00
257.26, 143.00
257.62, 151.00
257.97, 147.00
258.33, 148.00
258.69, 146.00
259.04, 144.00
259.40, 144.00
259.76, 151.00
260.11, 145.00
260.47, 145.00
260.83, 151.00
261.18, 150.00
261.54, 153.00
261.90, 152.00
262.25, 148.00
262.61, 142.00
262.97, 144.00
263.32, 146.00
263.68, 143.00
264.04, 149.00
264.39, 150.00
264.75, 144.00
265.10, 153.00
265.46, 185.00
265.82, 165.00
266.17, 143.00
266.53, 138.00
266.89, 147.00
267.24, 154.00
267.60, 146.00
267.95, 145.00
268.31, 143.00
268.67, 145.00
269.02, 138.00
269.38, 147.00
269.74, 153.00
270.09, 142.00
270.45, 143.00
270.80, 169.00
271.16, 149.00
271.51, 151.00
271.87, 148.00
272.23, 152.00
272.58, 153.00
272.94, 146.00
273.29, 149.00
273.65, 194.00
274.00, 141.00
274.36, 149.00
274.72, 145.00
275.07, 143.00
275.43, 146.00
275.78, 147.00
276.14, 143.00
276.49, 151.00
276.85, 159.00
277.20, 169.00
277.56, 151.00
277.92, 143.00
278.27, 149.00
278.63, 152.00
278.98, 145.00
279.34, 149.00
279.69, 147.00
280.05, 163.00
280.40, 155.00
280.76, 161.00
281.11, 149.00
281.47, 148.00
281.82, 151.00
282.18, 153.00
282.53, 163.00
282.89, 163.00
283.24, 160.00
283.60, 150.00
283.95, 157.00
284.31, 151.00
284.66, 151.00
285.02, 155.00
285.37, 160.00
285.73, 155.00
286.08, 161.00
286.44, 153.00
286.79, 153.00
287.14, 157.00
287.50, 158.00
287.85, 151.00
288.21, 154.00
288.56, 147.00
288.92, 150.00
289.27, 153.00
289.63, 149.00
289.98, 156.00
290.34, 148.00
290.69, 157.00
291.04, 150.00
291.40, 149.00
291.75, 149.00
292.11, 160.00
292.46, 146.00
292.81, 155.00
293.17, 149.00
293.52, 152.00
293.88, 149.00
294.23, 154.00
294.59, 156.00
294.94, 167.00
295.29, 165.00
295.65, 170.00
296.00, 177.00
296.36, 162.00
296.71, 162.00
297.06, 159.00
297.42, 162.00
297.77, 169.00
298.12, 162.00
298.48, 159.00
298.83, 163.00
299.19, 156.00
299.54, 166.00
299.89, 156.00
300.25, 162.00
300.60, 171.00
300.95, 161.00
301.31, 155.00
301.66, 149.00
302.01, 147.00
302.37, 152.00
302.72, 154.00
303.07, 152.00
303.43, 156.00
303.78, 155.00
304.13, 159.00
304.49, 161.00
304.84, 161.00
305.19, 192.00
305.55, 161.00
305.90, 172.00
306.25, 189.00
306.61, 229.00
306.96, 264.00
307.31, 347.00
307.66, 453.00
308.02, 580.00
308.37, 663.00
308.72, 730.00
309.08, 728.00
309.43, 678.00
309.78, 589.00
310.13, 515.00
310.49, 457.00
310.84, 357.00
311.19, 314.00
311.54, 283.00
311.90, 248.00
312.25, 229.00
312.60, 230.00
312.95, 259.00
313.31, 266.00
313.66, 263.00
314.01, 277.00
314.36, 277.00
314.72, 296.00
315.07, 337.00
315.42, 372.00
315.77, 403.00
316.13, 336.00
316.48, 270.00
316.83, 222.00
317.18, 191.00
317.54, 171.00
317.89, 168.00
318.24, 166.00
318.59, 162.00
318.94, 159.00
319.30, 158.00
319.65, 167.00
320.00, 159.00
320.35, 162.00
320.70, 159.00
321.05, 157.00
321.41, 162.00
321.76, 160.00
322.11, 158.00
322.46, 154.00
322.81, 196.00
323.17, 162.00
323.52, 158.00
323.87, 157.00
324.22, 155.00
324.57, 157.00
324.92, 153.00
325.27, 154.00
325.63, 170.00
325.98, 158.00
326.33, 163.00
326.68, 167.00
327.03, 162.00
327.38, 166.00
327.73, 167.00
328.09, 178.00
328.44, 211.00
328.79, 181.00
329.14, 219.00
329.49, 192.00
329.84, 188.00
330.19, 182.00
330.54, 178.00
330.89, 186.00
331.25, 169.00
331.60, 164.00
331.95, 162.00
332.30, 158.00
332.65, 169.00
333.00, 173.00
333.35, 212.00
333.70, 221.00
334.05, 183.00
334.40, 186.00
334.75, 192.00
335.10, 235.00
335.45, 287.00
335.81, 366.00
336.16, 489.00
336.51, 653.00
336.86, 676.00
337.21, 611.00
337.56, 442.00
337.91, 309.00
338.26, 218.00
338.61, 182.00
338.96, 174.00
339.31, 164.00
339.66, 162.00
340.01, 166.00
340.36, 161.00
340.71, 162.00
341.06, 155.00
341.41, 160.00
341.76, 158.00
342.11, 160.00
342.46, 163.00
342.81, 164.00
343.16, 156.00
343.51, 165.00
343.86, 157.00
344.21, 158.00
344.56, 159.00
344.91, 153.00
345.26, 169.00
345.61, 159.00
345.96, 157.00
346.31, 160.00
346.66, 185.00
347.01, 160.00
347.36, 179.00
347.71, 161.00
348.06, 161.00
348.41, 168.00
348.76, 173.00
349.10, 167.00
349.45, 181.00
349.80, 178.00
350.15, 181.00
350.50, 170.00
350.85, 181.00
351.20, 178.00
351.55, 192.00
351.90, 215.00
352.25, 233.00
352.60, 272.00
352.95, 331.00
353.30, 360.00
353.64, 327.00
353.99, 291.00
354.34, 266.00
354.69, 262.00
355.04, 275.00
355.39, 306.00
355.74, 367.00
356.09, 411.00
356.44, 460.00
356.78, 551.00
357.13, 591.00
357.48, 571.00
357.83, 471.00
358.18, 352.00
358.53, 274.00
358.88, 207.00
359.22, 190.00
359.57, 161.00
359.92, 162.00
360.27, 153.00
360.62, 162.00
360.97, 161.00
361.32, 161.00
361.66, 156.00
362.01, 152.00
362.36, 167.00
362.71, 166.00
363.06, 166.00
363.40, 166.00
363.75, 162.00
364.10, 172.00
364.45, 165.00
364.80, 165.00
365.14, 168.00
365.49, 168.00
365.84, 164.00
366.19, 166.00
366.54, 174.00
366.88, 186.00
367.23, 162.00
367.58, 217.00
367.93, 161.00
368.28, 161.00
368.62, 162.00
368.97, 172.00
369.32, 177.00
369.67, 170.00
370.01, 197.00
370.36, 198.00
370.71, 221.00
371.06, 183.00
371.40, 188.00
371.75, 169.00
372.10, 161.00
372.45, 164.00
372.79, 168.00
373.14, 171.00
373.49, 187.00
373.83, 204.00
374.18, 219.00
374.53, 255.00
374.88, 275.00
375.22, 276.00
375.57, 247.00
375.92, 214.00
376.26, 194.00
376.61, 173.00
376.96, 163.00
377.30, 171.00
377.65, 176.00
378.00, 180.00
378.35, 197.00
378.69, 222.00
379.04, 244.00
379.39, 298.00
379.73, 339.00
380.08, 342.00
380.43, 300.00
380.77, 238.00
381.12, 223.00
381.47, 195.00
381.81, 179.00
382.16, 168.00
382.50, 172.00
382.85, 238.00
383.20, 168.00
383.54, 171.00
383.89, 173.00
384.24, 182.00
384.58, 187.00
384.93, 209.00
385.27, 201.00
385.62, 201.00
385.97, 202.00
386.31, 198.00
386.66, 228.00
387.00, 199.00
387.35, 212.00
387.70, 218.00
388.04, 303.00
388.39, 296.00
388.73, 374.00
389.08, 475.00
389.43, 634.00
389.77, 801.00
390.12, 1022.00
390.46, 1441.00
390.81, 1563.00
391.15, 1517.00
391.50, 1158.00
391.85, 758.00
392.19, 505.00
392.54, 326.00
392.88, 228.00
393.23, 205.00
393.57, 214.00
393.92, 196.00
394.26, 184.00
394.61, 179.00
394.95, 174.00
395.30, 161.00
395.64, 159.00
395.99, 200.00
396.33, 173.00
396.68, 160.00
397.02, 163.00
397.37, 178.00
397.71, 173.00
398.06, 184.00
398.40, 198.00
398.75, 217.00
399.09, 222.00
399.44, 224.00
399.78, 203.00
400.13, 187.00
400.47, 176.00
400.82, 162.00
401.16, 159.00
401.51, 172.00
401.85, 160.00
402.20, 163.00
402.54, 164.00
402.88, 168.00
403.23, 167.00
403.57, 176.00
403.92, 198.00
404.26, 260.00
404.61, 223.00
404.95, 260.00
405.30, 227.00
405.64, 221.00
405.98, 229.00
406.33, 196.00
406.67, 169.00
407.02, 170.00
407.36, 173.00
407.70, 170.00
408.05, 174.00
408.39, 171.00
408.74, 184.00
409.08, 189.00
409.42, 166.00
409.77, 171.00
410.11, 177.00
410.46, 167.00
410.80, 176.00
411.14, 178.00
411.49, 181.00
411.83, 188.00
412.17, 176.00
412.52, 182.00
412.86, 191.00
413.20, 196.00
413.55, 186.00
413.89, 184.00
414.23, 181.00
414.58, 218.00
414.92, 173.00
415.26, 169.00
415.61, 173.00
415.95, 170.00
416.29, 174.00
416.64, 177.00
416.98, 175.00
417.32, 180.00
417.67, 210.00
418.01, 216.00
418.35, 215.00
418.70, 227.00
419.04, 269.00
419.38, 257.00
419.72, 252.00
420.07, 226.00
420.41, 194.00
420.75, 176.00
421.10, 174.00
421.44, 184.00
421.78, 176.00
422.12, 175.00
422.47, 184.00
422.81, 193.00
423.15, 199.00
423.49, 197.00
423.84, 190.00
424.18, 196.00
424.52, 207.00
424.86, 241.00
425.21, 301.00
425.55, 333.00
425.89, 384.00
426.23, 467.00
426.57, 578.00
426.92, 671.00
427.26, 704.00
427.60, 612.00
427.94, 437.00
428.28, 332.00
428.63, 264.00
428.97, 215.00
429.31, 190.00
429.65, 171.00
429.99, 169.00
430.34, 162.00
430.68, 165.00
431.02, 169.00
431.36, 172.00
431.70, 172.00
432.04, 173.00
432.39, 170.00
432.73, 179.00
433.07, 177.00
433.41, 176.00
433.75, 184.00
434.09, 181.00
434.43, 194.00
434.78, 253.00
435.12, 298.00
435.46, 334.00
435.80, 303.00
436.14, 276.00
436.48, 242.00
436.82, 222.00
437.16, 204.00
437.51, 190.00
437.85, 180.00
438.19, 219.00
438.53, 175.00
438.87, 193.00
439.21, 182.00
439.55, 186.00
439.89, 191.00
440.23, 183.00
440.57, 189.00
440.91, 192.00
441.26, 190.00
441.60, 180.00
441.94, 180.00
442.28, 187.00
442.62, 183.00
442.96, 174.00
443.30, 179.00
443.64, 175.00
443.98, 177.00
444.32, 182.00
444.66, 170.00
445.00, 177.00
445.34, 178.00
445.68, 175.00
446.02, 178.00
446.36, 177.00
446.70, 173.00
447.04, 175.00
447.38, 203.00
447.72, 174.00
448.06, 178.00
448.40, 184.00
448.74, 181.00
449.08, 174.00
449.42, 174.00
449.76, 176.00
450.10, 175.00
450.44, 178.00
450.78, 176.00
451.12, 181.00
451.46, 182.00
451.80, 185.00
452.14, 172.00
452.48, 177.00
452.82, 175.00
453.16, 167.00
453.50, 171.00
453.84, 170.00
454.18, 208.00
454.52, 180.00
454.86, 177.00
455.19, 189.00
455.53, 178.00
455.87, 179.00
456.21, 190.00
456.55, 182.00
456.89, 181.00
457.23, 184.00
457.57, 174.00
457.91, 194.00
458.25, 191.00
458.59, 195.00
458.92, 211.00
459.26, 206.00
459.60, 217.00
459.94, 198.00
460.28, 183.00
460.62, 183.00
460.96, 174.00
461.30, 171.00
461.63, 170.00
461.97, 174.00
462.31, 172.00
462.65, 183.00
462.99, 183.00
463.33, 185.00
463.67, 183.00
464.00, 185.00
464.34, 186.00
464.68, 192.00
465.02, 202.00
465.36, 187.00
465.70, 187.00
466.03, 193.00
466.37, 180.00
466.71, 185.00
467.05, 189.00
467.39, 195.00
467.72, 208.00
468.06, 223.00
468.40, 225.00
468.74, 231.00
469.08, 241.00
469.41, 256.00
469.75, 291.00
470.09, 308.00
470.43, 308.00
470.76, 273.00
471.10, 248.00
471.44, 235.00
471.78, 213.00
472.11, 208.00
472.45, 204.00
472.79, 189.00
473.13, 189.00
473.46, 192.00
473.80, 186.00
474.14, 180.00
474.48, 186.00
474.81, 178.00
475.15, 176.00
475.49, 184.00
475.82, 182.00
476.16, 189.00
476.50, 179.00
476.84, 189.00
477.17, 175.00
477.51, 174.00
477.85, 180.00
478.18, 191.00
478.52, 175.00
478.86, 232.00
479.19, 191.00
479.53, 176.00
479.87, 218.00
480.20, 179.00
480.54, 182.00
480.88, 178.00
481.21, 187.00
481.55, 182.00
481.89, 183.00
482.22, 189.00
482.56, 192.00
482.90, 197.00
483.23, 203.00
483.57, 206.00
483.90, 209.00
484.24, 214.00
484.58, 224.00
484.91, 225.00
485.25, 226.00
485.58, 235.00
485.92, 239.00
486.26, 245.00
486.59, 244.00
486.93, 244.00
487.26, 254.00
487.60, 249.00
487.94, 245.00
488.27, 242.00
488.61, 242.00
488.94, 236.00
489.28, 236.00
489.61, 234.00
489.95, 234.00
490.29, 237.00
490.62, 243.00
490.96, 235.00
491.29, 234.00
491.63, 233.00
491.96, 223.00
492.30, 224.00
492.63, 221.00
492.97, 223.00
493.30, 221.00
493.64, 211.00
493.97, 214.00
494.31, 215.00
494.64, 232.00
494.98, 211.00
495.31, 220.00
495.65, 220.00
495.98, 218.00
496.32, 211.00
496.65, 235.00
496.99, 213.00
497.32, 202.00
497.66, 197.00
497.99, 201.00
498.33, 195.00
498.66, 197.00
499.00, 196.00
499.33, 194.00
499.67, 186.00
500.00, 191.00
500.34, 198.00
500.67, 204.00
501.00, 196.00
501.34, 197.00
501.67, 185.00
502.01, 190.00
502.34, 181.00
502.68, 191.00
503.01, 200.00
503.34, 193.00
503.68, 188.00
504.01, 183.00
504.35, 191.00
504.68, 192.00
505.01, 185.00
505.35, 190.00
505.68, 186.00
506.02, 194.00
506.35, 192.00
506.68, 210.00
507.02, 196.00
507.35, 189.00
507.68, 196.00
508.02, 197.00
508.35, 191.00
508.69, 183.00
509.02, 187.00
509.35, 184.00
509.69, 180.00
510.02, 191.00
510.35, 182.00
510.69, 175.00
511.02, 178.00
511.35, 180.00
511.69, 179.00
512.02, 180.00
512.35, 185.00
512.68, 177.00
513.02, 191.00
513.35, 177.00
513.68, 180.00
514.02, 183.00
514.35, 177.00
514.68, 185.00
515.01, 179.00
515.35, 186.00
515.68, 175.00
516.01, 172.00
516.35, 172.00
516.68, 175.00
517.01, 176.00
517.34, 179.00
517.68, 170.00
518.01, 183.00
518.34, 171.00
518.67, 173.00
519.01, 179.00
519.34, 183.00
519.67, 193.00
520.00, 179.00
520.33, 187.00
520.67, 185.00
521.00, 191.00
521.33, 188.00
521.66, 200.00
522.00, 197.00
522.33, 193.00
522.66, 194.00
522.99, 186.00
523.32, 190.00
523.65, 180.00
523.99, 178.00
524.32, 179.00
524.65, 182.00
524.98, 183.00
525.31, 184.00
525.65, 215.00
525.98, 187.00
526.31, 173.00
526.64, 188.00
526.97, 180.00
527.30, 179.00
527.63, 177.00
527.97, 171.00
528.30, 180.00
528.63, 184.00
528.96, 199.00
529.29, 173.00
529.62, 182.00
529.95, 171.00
530.28, 168.00
530.61, 170.00
530.95, 168.00
531.28, 175.00
531.61, 174.00
531.94, 180.00
532.27, 186.00
532.60, 188.00
532.93, 189.00
533.26, 182.00
533.59, 177.00
533.92, 181.00
534.25, 178.00
534.58, 206.00
534.91, 180.00
535.25, 178.00
535.58, 176.00
535.91, 178.00
536.24, 185.00
536.57, 182.00
536.90, 184.00
537.23, 194.00
537.56, 233.00
537.89, 198.00
538.22, 201.00
538.55, 208.00
538.88, 219.00
539.21, 332.00
539.54, 239.00
539.87, 247.00
540.20, 273.00
540.53, 296.00
540.86, 364.00
541.19, 382.00
541.52, 404.00
541.85, 431.00
542.18, 454.00
542.51, 467.00
542.84, 467.00
543.17, 471.00
543.50, 467.00
543.82, 444.00
544.15, 435.00
544.48, 445.00
544.81, 470.00
545.14, 521.00
545.47, 478.00
545.80, 471.00
546.13, 377.00
546.46, 384.00
546.79, 347.00
547.12, 296.00
547.45, 289.00
547.78, 279.00
548.10, 262.00
548.43, 260.00
548.76, 253.00
549.09, 265.00
549.42, 240.00
549.75, 239.00
550.08, 239.00
550.41, 233.00
550.74, 233.00
551.06, 218.00
551.39, 235.00
551.72, 221.00
552.05, 212.00
552.38, 213.00
552.71, 204.00
553.03, 209.00
553.36, 210.00
553.69, 212.00
554.02, 188.00
554.35, 189.00
554.68, 192.00
555.00, 193.00
555.33, 183.00
555.66, 182.00
555.99, 208.00
556.32, 191.00
556.64, 187.00
556.97, 200.00
557.30, 194.00
557.63, 196.00
557.96, 195.00
558.28, 193.00
558.61, 200.00
558.94, 199.00
559.27, 197.00
559.59, 192.00
559.92, 189.00
560.25, 192.00
560.58, 179.00
560.90, 189.00
561.23, 192.00
561.56, 189.00
561.89, 187.00
562.21, 178.00
562.54, 179.00
562.87, 176.00
563.20, 181.00
563.52, 172.00
563.85, 167.00
564.18, 188.00
564.50, 175.00
564.83, 201.00
565.16, 229.00
565.48, 165.00
565.81, 178.00
566.14, 166.00
566.47, 165.00
566.79, 170.00
567.12, 166.00
567.45, 193.00
567.77, 168.00
568.10, 168.00
568.43, 168.00
568.75, 169.00
569.08, 169.00
569.40, 209.00
569.73, 168.00
570.06, 164.00
570.38, 161.00
570.71, 164.00
571.04, 165.00
571.36, 175.00
571.69, 164.00
572.01, 166.00
572.34, 169.00
572.67, 169.00
572.99, 171.00
573.32, 186.00
573.64, 166.00
573.97, 164.00
574.30, 167.00
574.62, 164.00
574.95, 171.00
575.27, 169.00
575.60, 176.00
575.92, 186.00
576.25, 189.00
576.58, 187.00
576.90, 181.00
577.23, 212.00
577.55, 186.00
577.88, 190.00
578.20, 190.00
578.53, 191.00
578.85, 218.00
579.18, 207.00
579.50, 199.00
579.83, 197.00
580.15, 197.00
580.48, 203.00
580.80, 204.00
581.13, 200.00
581.45, 204.00
581.78, 200.00
582.10, 212.00
582.43, 213.00
582.75, 223.00
583.08, 218.00
583.40, 213.00
583.73, 280.00
584.05, 212.00
584.38, 208.00
584.70, 252.00
585.03, 208.00
585.35, 209.00
585.67, 217.00
586.00, 237.00
586.32, 255.00
586.65, 274.00
586.97, 267.00
587.30, 259.00
587.62, 244.00
587.94, 252.00
588.27, 231.00
588.59, 215.00
588.92, 218.00
589.24, 203.00
589.56, 205.00
589.89, 207.00
590.21, 203.00
590.54, 197.00
590.86, 198.00
591.18, 201.00
591.51, 201.00
591.83, 212.00
592.15, 211.00
592.48, 207.00
592.80, 220.00
593.13, 208.00
593.45, 208.00
593.77, 204.00
594.10, 200.00
594.42, 198.00
594.74, 194.00
595.07, 197.00
595.39, 197.00
595.71, 206.00
596.03, 201.00
596.36, 196.00
596.68, 201.00
597.00, 201.00
597.33, 200.00
597.65, 204.00
597.97, 210.00
598.30, 208.00
598.62, 213.00
598.94, 210.00
599.26, 210.00
599.59, 218.00
599.91, 216.00
600.23, 203.00
600.55, 194.00
600.88, 205.00
601.20, 196.00
601.52, 191.00
601.84, 186.00
602.17, 185.00
602.49, 176.00
602.81, 171.00
603.13, 174.00
603.45, 183.00
603.78, 180.00
604.10, 178.00
604.42, 178.00
604.74, 175.00
605.07, 180.00
605.39, 171.00
605.71, 168.00
606.03, 183.00
606.35, 183.00
606.67, 180.00
607.00, 187.00
607.32, 183.00
607.64, 192.00
607.96, 185.00
608.28, 197.00
608.60, 201.00
608.93, 213.00
609.25, 253.00
609.57, 292.00
609.89, 384.00
610.21, 454.00
610.53, 511.00
610.85, 497.00
611.17, 470.00
611.50, 428.00
611.82, 396.00
612.14, 367.00
612.46, 343.00
612.78, 316.00
613.10, 300.00
613.42, 292.00
613.74, 282.00
614.06, 300.00
614.38, 269.00
614.70, 266.00
615.03, 263.00
615.35, 252.00
615.67, 326.00
615.99, 224.00
616.31, 210.00
616.63, 213.00
616.95, 207.00
617.27, 199.00
617.59, 192.00
617.91, 195.00
618.23, 198.00
618.55, 189.00
618.87, 190.00
619.19, 192.00
619.51, 193.00
619.83, 197.00
620.15, 191.00
620.47, 192.00
620.79, 195.00
621.11, 201.00
621.43, 189.00
621.75, 194.00
622.07, 202.00
622.39, 188.00
622.71, 186.00
623.03, 183.00
623.35, 235.00
623.67, 183.00
623.99, 185.00
624.31, 185.00
624.63, 188.00
624.95, 183.00
625.26, 185.00
625.58, 186.00
625.90, 210.00
626.22, 184.00
626.54, 181.00
626.86, 194.00
627.18, 181.00
627.50, 181.00
627.82, 191.00
628.14, 176.00
628.46, 184.00
628.77, 183.00
629.09, 191.00
629.41, 197.00
629.73, 206.00
630.05, 218.00
630.37, 220.00
630.69, 220.00
631.00, 218.00
631.32, 211.00
631.64, 190.00
631.96, 189.00
632.28, 184.00
632.60, 187.00
632.92, 181.00
633.23, 183.00
633.55, 182.00
633.87, 177.00
634.19, 180.00
634.51, 184.00
634.82, 193.00
635.14, 189.00
635.46, 191.00
635.78, 181.00
636.10, 187.00
636.41, 185.00
636.73, 180.00
637.05, 183.00
637.37, 185.00
637.68, 187.00
638.00, 176.00
638.32, 197.00
638.64, 197.00
638.95, 219.00
639.27, 209.00
639.59, 197.00
639.91, 194.00
640.22, 192.00
640.54, 189.00
640.86, 189.00
641.18, 198.00
641.49, 207.00
641.81, 186.00
642.13, 186.00
642.44, 178.00
642.76, 175.00
643.08, 177.00
643.40, 172.00
643.71, 178.00
644.03, 177.00
644.35, 188.00
644.66, 190.00
644.98, 181.00
645.30, 181.00
645.61, 197.00
645.93, 169.00
646.25, 171.00
646.56, 176.00
646.88, 200.00
647.19, 166.00
647.51, 173.00
647.83, 167.00
648.14, 167.00
648.46, 165.00
648.78, 172.00
649.09, 174.00
649.41, 211.00
649.72, 175.00
650.04, 181.00
650.36, 182.00
650.67, 178.00
650.99, 177.00
651.30, 176.00
651.62, 171.00
651.93, 181.00
652.25, 192.00
652.57, 217.00
652.88, 175.00
653.20, 186.00
653.51, 173.00
653.83, 173.00
654.14, 173.00
654.46, 174.00
654.77, 166.00
655.09, 169.00
655.40, 188.00
655.72, 169.00
656.04, 170.00
656.35, 173.00
656.67, 161.00
656.98, 169.00
657.30, 164.00
657.61, 168.00
657.93, 171.00
658.24, 171.00
658.55, 213.00
658.87, 177.00
659.18, 170.00
659.50, 170.00
659.81, 178.00
660.13, 175.00
660.44, 169.00
660.76, 170.00
661.07, 188.00
661.39, 174.00
661.70, 172.00
662.01, 175.00
662.33, 173.00
662.64, 171.00
662.96, 172.00
663.27, 161.00
663.59, 159.00
663.90, 165.00
664.21, 163.00
664.53, 186.00
664.84, 165.00
665.16, 191.00
665.47, 167.00
665.78, 162.00
666.10, 172.00
666.41, 177.00
666.72, 189.00
667.04, 204.00
667.35, 190.00
667.67, 179.00
667.98, 185.00
668.29, 180.00
668.61, 170.00
668.92, 170.00
669.23, 174.00
669.55, 172.00
669.86, 192.00
670.17, 168.00
670.48, 169.00
670.80, 158.00
671.11, 158.00
671.42, 163.00
671.74, 167.00
672.05, 153.00
672.36, 165.00
672.68, 155.00
672.99, 158.00
673.30, 162.00
673.61, 158.00
673.93, 160.00
674.24, 164.00
674.55, 165.00
674.86, 167.00
675.18, 170.00
675.49, 175.00
675.80, 167.00
676.11, 171.00
676.43, 173.00
676.74, 170.00
677.05, 167.00
677.36, 176.00
677.67, 165.00
677.99, 173.00
678.30, 172.00
678.61, 162.00
678.92, 166.00
679.23, 170.00
679.55, 161.00
679.86, 167.00
680.17, 170.00
680.48, 172.00
680.79, 173.00
681.10, 158.00
681.42, 164.00
681.73, 157.00
682.04, 157.00
682.35, 162.00
682.66, 164.00
682.97, 160.00
683.28, 160.00
683.60, 165.00
683.91, 164.00
684.22, 181.00
684.53, 160.00
684.84, 158.00
685.15, 161.00
685.46, 184.00
685.77, 162.00
686.08, 162.00
686.40, 195.00
686.71, 163.00
687.02, 170.00
687.33, 161.00
687.64, 156.00
687.95, 155.00
688.26, 156.00
688.57, 156.00
688.88, 165.00
689.19, 154.00
689.50, 154.00
689.81, 157.00
690.12, 151.00
690.43, 169.00
690.74, 152.00
691.05, 152.00
691.36, 166.00
691.67, 151.00
691.98, 154.00
692.29, 155.00
692.60, 154.00
692.91, 151.00
693.22, 154.00
693.53, 153.00
693.84, 154.00
694.15, 151.00
694.46, 150.00
694.77, 151.00
695.08, 158.00
695.39, 161.00
695.70, 153.00
696.01, 158.00
696.32, 154.00
696.63, 149.00
696.94, 153.00
697.25, 155.00
697.56, 165.00
697.87, 159.00
698.17, 187.00
698.48, 157.00
698.79, 152.00
699.10, 150.00
699.41, 161.00
699.72, 152.00
700.03, 151.00
700.34, 156.00
700.65, 152.00
700.95, 154.00
701.26, 151.00
701.57, 153.00
701.88, 155.00
702.19, 161.00
702.50, 158.00
702.81, 155.00
703.11, 179.00
703.42, 156.00
703.73, 164.00
704.04, 162.00
704.35, 167.00
704.66, 183.00
704.96, 251.00
705.27, 327.00
705.58, 374.00
705.89, 368.00
706.20, 316.00
706.50, 282.00
706.81, 268.00
707.12, 235.00
707.43, 216.00
707.73, 203.00
708.04, 178.00
708.35, 177.00
708.66, 167.00
708.97, 164.00
709.27, 170.00
709.58, 161.00
709.89, 157.00
710.19, 154.00
710.50, 163.00
710.81, 165.00
711.12, 164.00
711.42, 158.00
711.73, 166.00
712.04, 160.00
712.35, 164.00
712.65, 152.00
712.96, 159.00
713.27, 159.00
713.57, 177.00
713.88, 176.00
714.19, 150.00
714.49, 149.00
714.80, 151.00
715.11, 152.00
715.41, 154.00
715.72, 149.00
716.03, 147.00
716.33, 158.00
716.64, 151.00
716.94, 153.00
717.25, 155.00
717.56, 159.00
717.86, 152.00
718.17, 146.00
718.48, 154.00
718.78, 155.00
719.09, 146.00
719.39, 154.00
719.70, 151.00
720.01, 151.00
720.31, 152.00
720.62, 151.00
720.92, 150.00
721.23, 156.00
721.53, 156.00
721.84, 153.00
722.15, 158.00
722.45, 153.00
722.76, 149.00
723.06, 157.00
723.37, 152.00
723.67, 154.00
723.98, 152.00
724.28, 151.00
724.59, 164.00
724.89, 158.00
725.20, 156.00
725.50, 161.00
725.81, 149.00
726.11, 154.00
726.42, 157.00
726.72, 161.00
727.03, 196.00
727.33, 162.00
727.64, 167.00
727.94, 156.00
728.25, 162.00
728.55, 158.00
728.86, 177.00
729.16, 150.00
729.46, 153.00
729.77, 156.00
730.07, 150.00
730.38, 149.00
730.68, 151.00
730.99, 158.00
731.29, 152.00
731.59, 153.00
731.90, 151.00
732.20, 151.00
732.51, 156.00
732.81, 152.00
733.11, 153.00
733.42, 152.00
733.72, 156.00
734.02, 154.00
734.33, 148.00
734.63, 150.00
734.94, 148.00
735.24, 149.00
735.54, 148.00
735.85, 152.00
736.15, 144.00
736.45, 151.00
736.76, 149.00
737.06, 152.00
737.36, 155.00
737.67, 147.00
737.97, 152.00
738.27, 147.00
738.57, 149.00
738.88, 148.00
739.18, 190.00
739.48, 153.00
739.79, 150.00
740.09, 152.00
740.39, 153.00
740.69, 161.00
741.00, 148.00
741.30, 153.00
741.60, 150.00
741.90, 149.00
742.21, 150.00
742.51, 191.00
742.81, 151.00
743.11, 149.00
743.42, 180.00
743.72, 152.00
744.02, 160.00
744.32, 152.00
744.63, 152.00
744.93, 158.00
745.23, 152.00
745.53, 156.00
745.83, 152.00
746.13, 156.00
746.44, 149.00
746.74, 154.00
747.04, 151.00
747.34, 154.00
747.64, 156.00
747.94, 153.00
748.25, 155.00
748.55, 160.00
748.85, 159.00
749.15, 165.00
749.45, 183.00
749.75, 167.00
750.05, 164.00
750.35, 151.00
750.66, 172.00
750.96, 154.00
751.26, 150.00
751.56, 151.00
751.86, 159.00
752.16, 150.00
752.46, 149.00
752.76, 150.00
753.06, 152.00
753.36, 188.00
753.66, 148.00
753.96, 151.00
754.27, 146.00
754.57, 149.00
754.87, 147.00
755.17, 148.00
755.47, 148.00
755.77, 148.00
756.07, 150.00
756.37, 153.00
756.67, 153.00
756.97, 142.00
757.27, 153.00
757.57, 151.00
757.87, 154.00
758.17, 157.00
758.47, 159.00
758.77, 156.00
759.07, 153.00
759.37, 159.00
759.67, 153.00
759.97, 157.00
760.27, 152.00
760.57, 152.00
760.86, 149.00
761.16, 152.00
761.46, 151.00
761.76, 182.00
762.06, 152.00
762.36, 157.00
762.66, 154.00
762.96, 151.00
763.26, 153.00
763.56, 178.00
763.86, 158.00
764.16, 148.00
764.45, 162.00
764.75, 151.00
765.05, 151.00
765.35, 153.00
765.65, 152.00
765.95, 152.00
766.25, 146.00
766.55, 150.00
766.84, 157.00
767.14, 150.00
767.44, 143.00
767.74, 155.00
768.04, 153.00
768.34, 148.00
768.63, 152.00
768.93, 150.00
769.23, 156.00
769.53, 154.00
769.83, 151.00
770.12, 156.00
770.42, 153.00
770.72, 158.00
771.02, 151.00
771.32, 158.00
771.61, 150.00
771.91, 159.00
772.21, 153.00
772.51, 149.00
772.80, 148.00
773.10, 154.00
773.40, 160.00
773.70, 160.00
773.99, 156.00
774.29, 158.00
774.59, 161.00
774.88, 151.00
775.18, 160.00
775.48, 216.00
775.78, 355.00
776.07, 494.00
776.37, 552.00
776.67, 494.00
776.96, 378.00
777.26, 355.00
777.56, 262.00
777.85, 246.00
778.15, 236.00
778.45, 222.00
778.74, 206.00
779.04, 187.00
779.34, 170.00
779.63, 160.00
779.93, 155.00
780.22, 151.00
780.52, 150.00
780.82, 154.00
781.11, 147.00
781.41, 146.00
781.71, 145.00
782.00, 148.00
782.30, 150.00
782.59, 154.00
782.89, 147.00
783.19, 150.00
783.48, 146.00
783.78, 148.00
784.07, 155.00
784.37, 160.00
784.66, 144.00
784.96, 150.00
785.25, 151.00
785.55, 149.00
785.84, 152.00
786.14, 151.00
786.44, 148.00
786.73, 146.00
787.03, 148.00
787.32, 150.00
787.62, 147.00
787.91, 148.00
788.21, 151.00
788.50, 149.00
788.80, 146.00
789.09, 146.00
789.39, 149.00
789.68, 148.00
789.97, 152.00
790.27, 149.00
790.56, 149.00
790.86, 154.00
791.15, 151.00
791.45, 154.00
791.74, 171.00
792.04, 150.00
792.33, 149.00
792.62, 174.00
792.92, 146.00
793.21, 144.00
793.51, 153.00
793.80, 148.00
794.09, 146.00
794.39, 145.00
794.68, 145.00
794.98, 145.00
795.27, 139.00
795.56, 147.00
795.86, 151.00
796.15, 146.00
796.44, 143.00
796.74, 153.00
797.03, 145.00
797.32, 146.00
797.62, 143.00
797.91, 152.00
798.20, 146.00
798.50, 154.00
798.79, 155.00
799.08, 145.00
799.38, 150.00
799.67, 144.00
799.96, 157.00
800.26, 170.00
800.55, 149.00
800.84, 150.00
801.13, 147.00
801.43, 148.00
801.72, 180.00
802.01, 145.00
802.30, 147.00
802.60, 151.00
802.89, 150.00
803.18, 146.00
803.47, 146.00
803.77, 151.00
804.06, 151.00
804.35, 144.00
804.64, 163.00
804.94, 149.00
805.23, 148.00
805.52, 144.00
805.81, 149.00
806.10, 145.00
806.39, 142.00
806.69, 147.00
806.98, 145.00
807.27, 147.00
807.56, 150.00
807.85, 152.00
808.14, 145.00
808.44, 154.00
808.73, 150.00
809.02, 165.00
809.31, 146.00
809.60, 146.00
809.89, 149.00
810.18, 146.00
810.48, 154.00
810.77, 150.00
811.06, 151.00
811.35, 154.00
811.64, 152.00
811.93, 167.00
812.22, 145.00
812.51, 144.00
812.80, 146.00
813.09, 142.00
813.38, 143.00
813.67, 166.00
813.96, 149.00
814.26, 148.00
814.55, 147.00
814.84, 150.00
815.13, 150.00
815.42, 153.00
815.71, 150.00
816.00, 145.00
816.29, 154.00
816.58, 150.00
816.87, 148.00
817.16, 143.00
817.45, 151.00
817.74, 152.00
818.03, 145.00
818.32, 142.00
818.61, 147.00
818.90, 152.00
819.19, 150.00
819.48, 143.00
819.76, 141.00
820.05, 152.00
820.34, 150.00
820.63, 145.00
820.92, 144.00
821.21, 146.00
821.50, 148.00
821.79, 146.00
822.08, 145.00
822.37, 150.00
822.66, 150.00
822.95, 147.00
823.23, 145.00
823.52, 167.00
823.81, 149.00
824.10, 148.00
824.39, 145.00
824.68, 147.00
824.97, 163.00
825.26, 148.00
825.54, 189.00
825.83, 148.00
826.12, 147.00
826.41, 146.00
826.70, 150.00
826.99, 153.00
827.27, 145.00
827.56, 164.00
827.85, 148.00
828.14, 145.00
828.43, 151.00
828.71, 152.00
829.00, 144.00
829.29, 143.00
829.58, 152.00
829.86, 145.00
830.15, 146.00
830.44, 149.00
830.73, 153.00
831.01, 149.00
831.30, 149.00
831.59, 150.00
831.88, 147.00
832.16, 145.00
832.45, 154.00
832.74, 148.00
833.03, 148.00
833.31, 149.00
833.60, 147.00
833.89, 144.00
834.17, 149.00
834.46, 148.00
834.75, 147.00
835.03, 147.00
835.32, 140.00
835.61, 146.00
835.89, 159.00
836.18, 144.00
836.47, 150.00
836.75, 146.00
837.04, 146.00
837.33, 150.00
837.61, 145.00
837.90, 147.00
838.19, 148.00
838.47, 141.00
838.76, 147.00
839.04, 146.00
839.33, 144.00
839.62, 148.00
839.90, 148.00
840.19, 145.00
840.47, 140.00
840.76, 170.00
841.04, 148.00
841.33, 152.00
841.62, 148.00
841.90, 149.00
842.19, 147.00
842.47, 301.00
842.76, 149.00
843.04, 150.00
843.33, 175.00
843.61, 156.00
843.90, 156.00
844.18, 159.00
844.47, 154.00
844.75, 165.00
845.04, 149.00
845.32, 152.00
845.61, 150.00
845.89, 151.00
846.18, 147.00
846.46, 147.00
846.75, 151.00
847.03, 159.00
847.32, 150.00
847.60, 143.00
847.88, 142.00
848.17, 149.00
848.45, 164.00
848.74, 152.00
849.02, 150.00
849.31, 144.00
849.59, 147.00
849.87, 150.00
850.16, 148.00
850.44, 152.00
850.73, 172.00
851.01, 151.00
851.29, 148.00
851.58, 148.00
851.86, 144.00
852.14, 146.00
852.43, 148.00
852.71, 148.00
853.00, 143.00
853.28, 155.00
853.56, 143.00
853.85, 148.00
854.13, 148.00
854.41, 146.00
854.69, 143.00
854.98, 143.00
855.26, 194.00
855.54, 145.00
855.83, 149.00
856.11, 152.00
856.39, 142.00
856.68, 145.00
856.96, 143.00
857.24, 136.00
857.52, 147.00
857.81, 146.00
858.09, 142.00
858.37, 143.00
858.65, 141.00
858.94, 150.00
859.22, 147.00
