190.05, 0.00
190.41, 138.00
190.77, 138.00
191.14, 138.00
191.50, 135.00
191.86, 160.00
192.22, 146.00
192.58, 150.00
192.94, 145.00
193.31, 145.00
193.67, 146.00
194.03, 153.00
194.39, 145.00
194.75, 142.00
195.11, 153.00
195.47, 167.00
195.84, 147.00
196.20, 145.00
196.56, 161.00
196.92, 146.00
197.28, 149.00
197.64, 141.00
198.00, 146.00
198.37, 150.00
198.73, 141.00
199.09, 146.00
199.45, 144.00
199.81, 148.00
200.17, 155.00
200.53, 139.00
200.89, 154.00
201.25, 177.00
201.62, 143.00
201.98, 142.00
202.34, 144.00
202.70, 148.00
203.06, 141.00
203.42, 147.00
203.78, 140.00
204.14, 145.00
204.50, 171.00
204.86, 153.00
205.22, 154.00
205.58, 152.00
205.95, 145.00
206.31, 149.00
206.67, 149.00
207.03, 149.00
207.39, 155.00
207.75, 146.00
208.11, 141.00
208.47, 145.00
208.83, 157.00
209.19, 150.00
209.55, 146.00
209.91, 149.00
210.27, 152.00
210.63, 145.00
210.99, 153.00
211.35, 144.00
211.71, 148.00
212.07, 143.00
212.43, 147.00
212.79, 145.00
213.15, 145.00
213.51, 148.00
213.87, 149.00
214.23, 147.00
214.59, 143.00
214.95, 140.00
215.31, 140.00
215.67, 150.00
216.03, 177.00
216.39, 141.00
216.75, 141.00
217.11, 154.00
217.47, 151.00
217.83, 143.00
218.19, 147.00
218.55, 147.00
218.91, 156.00
219.27, 143.00
219.63, 141.00
219.99, 147.00
220.35, 143.00
220.71, 147.00
221.07, 142.00
221.43, 144.00
221.79, 145.00
222.15, 149.00
222.51, 149.00
222.87, 142.00
223.23, 143.00
223.59, 143.00
223.95, 140.00
224.31, 143.00
224.67, 141.00
225.03, 146.00
225.39, 153.00
225.74, 146.00
226.10, 146.00
226.46, 142.00
226.82, 149.00
227.18, 148.00
227.54, 145.00
227.90, 150.00
228.26, 150.00
228.62, 151.00
228.98, 146.00
229.34, 144.00
229.69, 145.00
230.05, 151.00
230.41, 146.00
230.77, 152.00
231.13, 151.00
231.49, 148.00
231.85, 144.00
232.21, 146.00
232.57, 146.00
232.92, 146.00
233.28, 141.00
233.64, 147.00
234.00, 148.00
234.36, 146.00
234.72, 148.00
235.08, 149.00
235.44, 148.00
235.79, 141.00
236.15, 143.00
236.51, 145.00
236.87, 149.00
237.23, 146.00
237.59, 145.00
237.94, 150.00
238.30, 145.00
238.66, 142.00
239.02, 141.00
239.38, 141.00
239.74, 142.00
240.09, 153.00
240.45, 146.00
240.81, 142.00
241.17, 153.00
241.53, 145.00
241.89, 144.00
242.24, 143.00
242.60, 139.00
242.96, 151.00
243.32, 149.00
243.68, 144.00
244.03, 148.00
244.39, 144.00
244.75, 165.00
245.11, 147.00
245.46, 149.00
245.82, 169.00
246.18, 144.00
246.54, 151.00
246.90, 145.00
247.25, 143.00
247.61, 145.00
247.97, 184.00
248.33, 144.00
248.68, 143.00
249.04, 141.00
249.40, 141.00
249.76, 145.00
250.11, 141.00
250.47, 148.00
250.83, 147.00
251.19, 147.00
251.54, 150.00
251.90, 152.00
252.26, 148.00
252.62, 143.00
252.97, 149.00
253.33, 141.00
253.69, 143.00
254.05, 148.00
254.40, 142.00
254.76, 142.00
255.12, 172.00
255.47, 148.00
255.83, 152.00
256.19, 150.00
256.54, 149.00
256.90, 145.00
257.26, 142.00
257.62, 145.00
257.97, 139.00
258.33, 145.00
258.69, 143.00
259.04, 145.00
259.40, 147.00
259.76, 149.00
260.11, 144.00
260.47, 144.00
260.83, 149.00
261.18, 140.00
261.54, 151.00
261.90, 151.00
262.25, 146.00
262.61, 142.00
262.97, 144.00
263.32, 144.00
263.68, 140.00
264.04, 149.00
264.39, 145.00
264.75, 144.00
265.10, 149.00
265.46, 188.00
265.82, 154.00
266.17, 141.00
266.53, 141.00
266.89, 146.00
267.24, 153.00
267.60, 146.00
267.95, 144.00
268.31, 143.00
268.67, 144.00
269.02, 142.00
269.38, 143.00
269.74, 152.00
270.09, 146.00
270.45, 145.00
270.80, 170.00
271.16, 153.00
271.51, 157.00
271.87, 156.00
272.23, 155.00
272.58, 154.00
272.94, 142.00
273.29, 146.00
273.65, 193.00
274.00, 146.00
274.36, 147.00
274.72, 147.00
275.07, 148.00
275.43, 149.00
275.78, 153.00
276.14, 144.00
276.49, 149.00
276.85, 159.00
277.20, 172.00
277.56, 147.00
277.92, 152.00
278.27, 150.00
278.63, 153.00
278.98, 150.00
279.34, 148.00
279.69, 154.00
280.05, 170.00
280.40, 162.00
280.76, 173.00
281.11, 159.00
281.47, 160.00
281.82, 157.00
282.18, 158.00
282.53, 169.00
282.89, 171.00
283.24, 174.00
283.60, 165.00
283.95, 175.00
284.31, 179.00
284.66, 178.00
285.02, 183.00
285.37, 181.00
285.73, 177.00
286.08, 178.00
286.44, 168.00
286.79, 166.00
287.14, 165.00
287.50, 159.00
287.85, 153.00
288.21, 158.00
288.56, 163.00
288.92, 164.00
289.27, 167.00
289.63, 169.00
289.98, 174.00
290.34, 162.00
290.69, 170.00
291.04, 160.00
291.40, 152.00
291.75, 157.00
292.11, 161.00
292.46, 159.00
292.81, 170.00
293.17, 160.00
293.52, 171.00
293.88, 180.00
294.23, 190.00
294.59, 210.00
294.94, 223.00
295.29, 235.00
295.65, 236.00
296.00, 258.00
296.36, 232.00
296.71, 219.00
297.06, 217.00
297.42, 233.00
297.77, 221.00
298.12, 215.00
298.48, 199.00
298.83, 193.00
299.19, 200.00
299.54, 210.00
299.89, 212.00
300.25, 208.00
300.60, 201.00
300.95, 197.00
301.31, 175.00
301.66, 176.00
302.01, 172.00
302.37, 175.00
302.72, 171.00
303.07, 176.00
303.43, 186.00
303.78, 192.00
304.13, 191.00
304.49, 197.00
304.84, 201.00
305.19, 229.00
305.55, 196.00
305.90, 234.00
306.25, 308.00
306.61, 453.00
306.96, 546.00
307.31, 706.00
307.66, 1010.00
308.02, 1341.00
308.37, 1604.00
308.72, 1835.00
309.08, 1883.00
309.43, 1759.00
309.78, 1491.00
310.13, 1294.00
310.49, 1084.00
310.84, 867.00
311.19, 755.00
311.54, 658.00
311.90, 555.00
312.25, 511.00
312.60, 497.00
312.95, 592.00
313.31, 646.00
313.66, 643.00
314.01, 645.00
314.36, 662.00
314.72, 760.00
315.07, 958.00
315.42, 1156.00
315.77, 1217.00
316.13, 974.00
316.48, 669.00
316.83, 462.00
317.18, 339.00
317.54, 270.00
317.89, 226.00
318.24, 210.00
318.59, 210.00
318.94, 198.00
319.30, 198.00
319.65, 210.00
320.00, 206.00
320.35, 215.00
320.70, 216.00
321.05, 207.00
321.41, 208.00
321.76, 205.00
322.11, 191.00
322.46, 190.00
322.81, 233.00
323.17, 186.00
323.52, 183.00
323.87, 187.00
324.22, 185.00
324.57, 189.00
324.92, 194.00
325.27, 205.00
325.63, 219.00
325.98, 229.00
326.33, 243.00
326.68, 234.00
327.03, 233.00
327.38, 244.00
327.73, 248.00
328.09, 261.00
328.44, 285.00
328.79, 242.00
329.14, 266.00
329.49, 229.00
329.84, 224.00
330.19, 227.00
330.54, 230.00
330.89, 230.00
331.25, 211.00
331.60, 202.00
331.95, 207.00
332.30, 212.00
332.65, 220.00
333.00, 244.00
333.35, 318.00
333.70, 328.00
334.05, 306.00
334.40, 348.00
334.75, 417.00
335.10, 581.00
335.45, 840.00
335.81, 1194.00
336.16, 1754.00
336.51, 2378.00
336.86, 2482.00
337.21, 2162.00
337.56, 1342.00
337.91, 819.00
338.26, 506.00
338.61, 321.00
338.96, 264.00
339.31, 228.00
339.66, 209.00
340.01, 214.00
340.36, 201.00
340.71, 199.00
341.06, 189.00
341.41, 193.00
341.76, 190.00
342.11, 197.00
342.46, 193.00
342.81, 188.00
343.16, 196.00
343.51, 199.00
343.86, 203.00
344.21, 194.00
344.56, 199.00
344.91, 193.00
345.26, 206.00
345.61, 194.00
345.96, 198.00
346.31, 197.00
346.66, 225.00
347.01, 201.00
347.36, 221.00
347.71, 196.00
348.06, 199.00
348.41, 218.00
348.76, 232.00
349.10, 243.00
349.45, 270.00
349.80, 275.00
350.15, 255.00
350.50, 254.00
350.85, 255.00
351.20, 266.00
351.55, 318.00
351.90, 393.00
352.25, 495.00
352.60, 641.00
352.95, 838.00
353.30, 905.00
353.64, 790.00
353.99, 622.00
354.34, 497.00
354.69, 444.00
355.04, 449.00
355.39, 536.00
355.74, 706.00
356.09, 962.00
356.44, 1223.00
356.78, 1703.00
357.13, 1972.00
357.48, 1904.00
357.83, 1473.00
358.18, 927.00
358.53, 598.00
358.88, 367.00
359.22, 280.00
359.57, 219.00
359.92, 209.00
360.27, 201.00
360.62, 190.00
360.97, 204.00
361.32, 193.00
361.66, 199.00
362.01, 201.00
362.36, 199.00
362.71, 205.00
363.06, 216.00
363.40, 216.00
363.75, 218.00
364.10, 221.00
364.45, 217.00
364.80, 205.00
365.14, 220.00
365.49, 227.00
365.84, 226.00
366.19, 242.00
366.54, 268.00
366.88, 277.00
367.23, 241.00
367.58, 277.00
367.93, 213.00
368.28, 211.00
368.62, 218.00
368.97, 248.00
369.32, 272.00
369.67, 287.00
370.01, 351.00
370.36, 376.00
370.71, 409.00
371.06, 341.00
371.40, 305.00
371.75, 261.00
372.10, 242.00
372.45, 242.00
372.79, 263.00
373.14, 299.00
373.49, 352.00
373.83, 444.00
374.18, 546.00
374.53, 694.00
374.88, 783.00
375.22, 794.00
375.57, 636.00
375.92, 483.00
376.26, 361.00
376.61, 288.00
376.96, 243.00
377.30, 262.00
377.65, 288.00
378.00, 331.00
378.35, 392.00
378.69, 502.00
379.04, 625.00
379.39, 837.00
379.73, 1011.00
380.08, 998.00
380.43, 794.00
380.77, 553.00
381.12, 457.00
381.47, 353.00
381.81, 274.00
382.16, 231.00
382.50, 217.00
382.85, 284.00
383.20, 217.00
383.54, 219.00
383.89, 233.00
384.24, 226.00
384.58, 242.00
384.93, 283.00
385.27, 280.00
385.62, 263.00
385.97, 267.00
386.31, 249.00
386.66, 289.00
387.00, 257.00
387.35, 267.00
387.70, 290.00
388.04, 393.00
388.39, 381.00
388.73, 456.00
389.08, 515.00
389.43, 579.00
389.77, 624.00
390.12, 719.00
390.46, 926.00
390.81, 1032.00
391.15, 1015.00
391.50, 831.00
391.85, 586.00
392.19, 455.00
392.54, 353.00
392.88, 328.00
393.23, 356.00
393.57, 358.00
393.92, 362.00
394.26, 304.00
394.61, 267.00
394.95, 243.00
395.30, 213.00
395.64, 212.00
395.99, 246.00
396.33, 220.00
396.68, 236.00
397.02, 241.00
397.37, 272.00
397.71, 307.00
398.06, 340.00
398.40, 387.00
398.75, 468.00
399.09, 521.00
399.44, 525.00
399.78, 435.00
400.13, 344.00
400.47, 285.00
400.82, 237.00
401.16, 213.00
401.51, 223.00
401.85, 219.00
402.20, 215.00
402.54, 231.00
402.88, 245.00
403.23, 257.00
403.57, 274.00
403.92, 336.00
404.26, 429.00
404.61, 411.00
404.95, 503.00
405.30, 481.00
405.64, 433.00
405.98, 383.00
406.33, 306.00
406.67, 265.00
407.02, 229.00
407.36, 233.00
407.70, 242.00
408.05, 230.00
408.39, 240.00
408.74, 248.00
409.08, 262.00
409.42, 245.00
409.77, 228.00
410.11, 240.00
410.46, 223.00
410.80, 226.00
411.14, 230.00
411.49, 245.00
411.83, 259.00
412.17, 256.00
412.52, 266.00
412.86, 286.00
413.20, 297.00
413.55, 305.00
413.89, 275.00
414.23, 262.00
414.58, 275.00
414.92, 226.00
415.26, 222.00
415.61, 217.00
415.95, 224.00
416.29, 225.00
416.64, 232.00
416.98, 237.00
417.32, 252.00
417.67, 267.00
418.01, 279.00
418.35, 286.00
418.70, 321.00
419.04, 364.00
419.38, 363.00
419.72, 347.00
420.07, 317.00
420.41, 266.00
420.75, 249.00
421.10, 232.00
421.44, 223.00
421.78, 229.00
422.12, 228.00
422.47, 235.00
422.81, 243.00
423.15, 261.00
423.49, 259.00
423.84, 242.00
424.18, 265.00
424.52, 271.00
424.86, 317.00
425.21, 369.00
425.55, 393.00
425.89, 455.00
426.23, 500.00
426.57, 555.00
426.92, 561.00
427.26, 581.00
427.60, 506.00
427.94, 377.00
428.28, 307.00
428.63, 261.00
428.97, 241.00
429.31, 225.00
429.65, 218.00
429.99, 209.00
430.34, 216.00
430.68, 224.00
431.02, 231.00
431.36, 220.00
431.70, 231.00
432.04, 235.00
432.39, 244.00
432.73, 265.00
433.07, 278.00
433.41, 296.00
433.75, 300.00
434.09, 301.00
434.43, 294.00
434.78, 342.00
435.12, 391.00
435.46, 404.00
435.80, 392.00
436.14, 338.00
436.48, 294.00
436.82, 281.00
437.16, 256.00
437.51, 246.00
437.85, 236.00
438.19, 270.00
438.53, 239.00
438.87, 251.00
439.21, 256.00
439.55, 253.00
439.89, 261.00
440.23, 256.00
440.57, 271.00
440.91, 269.00
441.26, 272.00
441.60, 251.00
441.94, 244.00
442.28, 241.00
442.62, 244.00
442.96, 229.00
443.30, 235.00
443.64, 232.00
443.98, 229.00
444.32, 236.00
444.66, 218.00
445.00, 226.00
445.34, 241.00
445.68, 240.00
446.02, 240.00
446.36, 230.00
446.70, 239.00
447.04, 236.00
447.38, 262.00
447.72, 253.00
448.06, 265.00
448.40, 255.00
448.74, 254.00
449.08, 253.00
449.42, 242.00
449.76, 240.00
450.10, 227.00
450.44, 223.00
450.78, 227.00
451.12, 233.00
451.46, 231.00
451.80, 240.00
452.14, 218.00
452.48, 222.00
452.82, 222.00
453.16, 226.00
453.50, 229.00
453.84, 221.00
454.18, 269.00
454.52, 244.00
454.86, 243.00
455.19, 257.00
455.53, 251.00
455.87, 253.00
456.21, 268.00
456.55, 268.00
456.89, 254.00
457.23, 260.00
457.57, 247.00
457.91, 248.00
458.25, 247.00
458.59, 246.00
458.92, 263.00
459.26, 256.00
459.60, 260.00
459.94, 250.00
460.28, 240.00
460.62, 243.00
460.96, 225.00
461.30, 225.00
461.63, 221.00
461.97, 232.00
462.31, 234.00
462.65, 239.00
462.99, 246.00
463.33, 246.00
463.67, 253.00
464.00, 259.00
464.34, 249.00
464.68, 255.00
465.02, 270.00
465.36, 265.00
465.70, 249.00
466.03, 267.00
466.37, 242.00
466.71, 254.00
467.05, 257.00
467.39, 261.00
467.72, 264.00
468.06, 280.00
468.40, 276.00
468.74, 280.00
469.08, 292.00
469.41, 310.00
469.75, 322.00
470.09, 330.00
470.43, 334.00
470.76, 306.00
471.10, 300.00
471.44, 298.00
471.78, 289.00
472.11, 275.00
472.45, 277.00
472.79, 268.00
473.13, 263.00
473.46, 263.00
473.80, 252.00
474.14, 254.00
474.48, 260.00
474.81, 255.00
475.15, 253.00
475.49, 271.00
475.82, 262.00
476.16, 260.00
476.50, 246.00
476.84, 261.00
477.17, 258.00
477.51, 260.00
477.85, 261.00
478.18, 276.00
478.52, 257.00
478.86, 309.00
479.19, 269.00
479.53, 263.00
479.87, 307.00
480.20, 284.00
480.54, 275.00
480.88, 279.00
481.21, 276.00
481.55, 276.00
481.89, 277.00
482.22, 277.00
482.56, 281.00
482.90, 286.00
483.23, 288.00
483.57, 289.00
483.90, 295.00
484.24, 300.00
484.58, 308.00
484.91, 310.00
485.25, 314.00
485.58, 330.00
485.92, 327.00
486.26, 336.00
486.59, 341.00
486.93, 347.00
487.26, 352.00
487.60, 351.00
487.94, 331.00
488.27, 345.00
488.61, 326.00
488.94, 330.00
489.28, 352.00
489.61, 332.00
489.95, 334.00
490.29, 349.00
490.62, 339.00
490.96, 334.00
491.29, 341.00
491.63, 335.00
491.96, 319.00
492.30, 324.00
492.63, 321.00
492.97, 303.00
493.30, 309.00
493.64, 307.00
493.97, 302.00
494.31, 314.00
494.64, 318.00
494.98, 311.00
495.31, 317.00
495.65, 304.00
495.98, 308.00
496.32, 298.00
496.65, 336.00
496.99, 308.00
497.32, 291.00
497.66, 290.00
497.99, 285.00
498.33, 291.00
498.66, 281.00
499.00, 290.00
499.33, 274.00
499.67, 269.00
500.00, 271.00
500.34, 285.00
500.67, 272.00
501.00, 278.00
501.34, 280.00
501.67, 268.00
502.01, 266.00
502.34, 278.00
502.68, 277.00
503.01, 275.00
503.34, 278.00
503.68, 273.00
504.01, 280.00
504.35, 283.00
504.68, 291.00
505.01, 285.00
505.35, 282.00
505.68, 276.00
506.02, 291.00
506.35, 280.00
506.68, 289.00
507.02, 291.00
507.35, 272.00
507.68, 280.00
508.02, 281.00
508.35, 288.00
508.69, 272.00
509.02, 267.00
509.35, 269.00
509.69, 269.00
510.02, 279.00
510.35, 266.00
510.69, 258.00
511.02, 267.00
511.35, 259.00
511.69, 261.00
512.02, 255.00
512.35, 272.00
512.68, 261.00
513.02, 263.00
513.35, 261.00
513.68, 269.00
514.02, 260.00
514.35, 256.00
514.68, 273.00
515.01, 261.00
515.35, 267.00
515.68, 263.00
516.01, 255.00
516.35, 263.00
516.68, 255.00
517.01, 263.00
517.34, 267.00
517.68, 260.00
518.01, 269.00
518.34, 252.00
518.67, 255.00
519.01, 254.00
519.34, 262.00
519.67, 273.00
520.00, 269.00
520.33, 259.00
520.67, 257.00
521.00, 261.00
521.33, 270.00
521.66, 269.00
522.00, 269.00
522.33, 265.00
522.66, 263.00
522.99, 256.00
523.32, 271.00
523.65, 249.00
523.99, 266.00
524.32, 262.00
524.65, 254.00
524.98, 253.00
525.31, 257.00
525.65, 288.00
525.98, 263.00
526.31, 260.00
526.64, 269.00
526.97, 263.00
527.30, 257.00
527.63, 253.00
527.97, 247.00
528.30, 252.00
528.63, 256.00
528.96, 278.00
529.29, 251.00
529.62, 265.00
529.95, 259.00
530.28, 252.00
530.61, 254.00
530.95, 248.00
531.28, 255.00
531.61, 251.00
531.94, 263.00
532.27, 264.00
532.60, 264.00
532.93, 267.00
533.26, 255.00
533.59, 257.00
533.92, 256.00
534.25, 250.00
534.58, 288.00
534.91, 261.00
535.25, 254.00
535.58, 245.00
535.91, 251.00
536.24, 256.00
536.57, 262.00
536.90, 262.00
537.23, 272.00
537.56, 314.00
537.89, 276.00
538.22, 280.00
538.55, 279.00
538.88, 296.00
539.21, 415.00
539.54, 311.00
539.87, 325.00
540.20, 350.00
540.53, 379.00
540.86, 460.00
541.19, 477.00
541.52, 501.00
541.85, 517.00
542.18, 547.00
542.51, 544.00
542.84, 550.00
543.17, 547.00
543.50, 541.00
543.82, 522.00
544.15, 530.00
544.48, 525.00
544.81, 557.00
545.14, 596.00
545.47, 540.00
545.80, 533.00
546.13, 459.00
546.46, 463.00
546.79, 411.00
547.12, 356.00
547.45, 353.00
547.78, 342.00
548.10, 327.00
548.43, 319.00
548.76, 331.00
549.09, 318.00
549.42, 319.00
549.75, 311.00
550.08, 308.00
550.41, 306.00
550.74, 313.00
551.06, 296.00
551.39, 308.00
551.72, 279.00
552.05, 291.00
552.38, 287.00
552.71, 276.00
553.03, 278.00
553.36, 272.00
553.69, 268.00
554.02, 259.00
554.35, 265.00
554.68, 251.00
555.00, 260.00
555.33, 248.00
555.66, 251.00
555.99, 267.00
556.32, 249.00
556.64, 255.00
556.97, 256.00
557.30, 255.00
557.63, 256.00
557.96, 251.00
558.28, 253.00
558.61, 263.00
558.94, 248.00
559.27, 254.00
559.59, 259.00
559.92, 244.00
560.25, 238.00
560.58, 242.00
560.90, 249.00
561.23, 248.00
561.56, 238.00
561.89, 243.00
562.21, 231.00
562.54, 232.00
562.87, 235.00
563.20, 236.00
563.52, 225.00
563.85, 232.00
564.18, 247.00
564.50, 229.00
564.83, 251.00
565.16, 294.00
565.48, 224.00
565.81, 236.00
566.14, 217.00
566.47, 218.00
566.79, 220.00
567.12, 217.00
567.45, 251.00
567.77, 226.00
568.10, 224.00
568.43, 227.00
568.75, 224.00
569.08, 228.00
569.40, 257.00
569.73, 228.00
570.06, 225.00
570.38, 223.00
570.71, 209.00
571.04, 215.00
571.36, 227.00
571.69, 226.00
572.01, 219.00
572.34, 219.00
572.67, 223.00
572.99, 223.00
573.32, 237.00
573.64, 222.00
573.97, 229.00
574.30, 218.00
574.62, 228.00
574.95, 232.00
575.27, 234.00
575.60, 235.00
575.92, 244.00
576.25, 246.00
576.58, 243.00
576.90, 240.00
577.23, 273.00
577.55, 246.00
577.88, 244.00
578.20, 251.00
578.53, 250.00
578.85, 268.00
579.18, 267.00
579.50, 253.00
579.83, 250.00
580.15, 261.00
580.48, 256.00
580.80, 267.00
581.13, 266.00
581.45, 261.00
581.78, 257.00
582.10, 267.00
582.43, 275.00
582.75, 280.00
583.08, 279.00
583.40, 274.00
583.73, 339.00
584.05, 274.00
584.38, 272.00
584.70, 310.00
585.03, 268.00
585.35, 265.00
585.67, 271.00
586.00, 285.00
586.32, 313.00
586.65, 307.00
586.97, 314.00
587.30, 309.00
587.62, 310.00
587.94, 305.00
588.27, 275.00
588.59, 275.00
588.92, 269.00
589.24, 266.00
589.56, 274.00
589.89, 267.00
590.21, 253.00
590.54, 247.00
590.86, 258.00
591.18, 257.00
591.51, 259.00
591.83, 286.00
592.15, 285.00
592.48, 276.00
592.80, 288.00
593.13, 281.00
593.45, 281.00
593.77, 271.00
594.10, 264.00
594.42, 273.00
594.74, 270.00
595.07, 260.00
595.39, 266.00
595.71, 259.00
596.03, 250.00
596.36, 263.00
596.68, 269.00
597.00, 261.00
597.33, 279.00
597.65, 281.00
597.97, 275.00
598.30, 281.00
598.62, 276.00
598.94, 275.00
599.26, 279.00
599.59, 287.00
599.91, 281.00
600.23, 271.00
600.55, 262.00
600.88, 258.00
601.20, 252.00
601.52, 239.00
601.84, 243.00
602.17, 238.00
602.49, 233.00
602.81, 231.00
603.13, 237.00
603.45, 236.00
603.78, 221.00
604.10, 232.00
604.42, 225.00
604.74, 230.00
605.07, 225.00
605.39, 226.00
605.71, 229.00
606.03, 234.00
606.35, 228.00
606.67, 238.00
607.00, 240.00
607.32, 233.00
607.64, 230.00
607.96, 226.00
608.28, 249.00
608.60, 251.00
608.93, 269.00
609.25, 301.00
609.57, 352.00
609.89, 441.00
610.21, 519.00
610.53, 558.00
610.85, 566.00
611.17, 506.00
611.50, 489.00
611.82, 441.00
612.14, 421.00
612.46, 395.00
612.78, 363.00
613.10, 346.00
613.42, 331.00
613.74, 327.00
614.06, 344.00
614.38, 315.00
614.70, 310.00
615.03, 308.00
615.35, 292.00
615.67, 377.00
615.99, 263.00
616.31, 254.00
616.63, 247.00
616.95, 245.00
617.27, 237.00
617.59, 233.00
617.91, 238.00
618.23, 242.00
618.55, 227.00
618.87, 236.00
619.19, 229.00
619.51, 229.00
619.83, 226.00
620.15, 227.00
620.47, 229.00
620.79, 232.00
621.11, 235.00
621.43, 230.00
621.75, 235.00
622.07, 231.00
622.39, 231.00
622.71, 220.00
623.03, 226.00
623.35, 266.00
623.67, 226.00
623.99, 231.00
624.31, 222.00
624.63, 222.00
624.95, 214.00
625.26, 219.00
625.58, 218.00
625.90, 245.00
626.22, 218.00
626.54, 217.00
626.86, 223.00
627.18, 215.00
627.50, 223.00
627.82, 222.00
628.14, 224.00
628.46, 229.00
628.77, 228.00
629.09, 240.00
629.41, 243.00
629.73, 255.00
630.05, 261.00
630.37, 254.00
630.69, 261.00
631.00, 254.00
631.32, 253.00
631.64, 239.00
631.96, 234.00
632.28, 230.00
632.60, 225.00
632.92, 224.00
633.23, 223.00
633.55, 228.00
633.87, 219.00
634.19, 220.00
634.51, 222.00
634.82, 242.00
635.14, 236.00
635.46, 233.00
635.78, 231.00
636.10, 234.00
636.41, 227.00
636.73, 235.00
637.05, 238.00
637.37, 222.00
637.68, 226.00
638.00, 233.00
638.32, 231.00
638.64, 228.00
638.95, 237.00
639.27, 230.00
639.59, 232.00
639.91, 227.00
640.22, 227.00
640.54, 225.00
640.86, 227.00
641.18, 238.00
641.49, 250.00
641.81, 237.00
642.13, 245.00
642.44, 233.00
642.76, 227.00
643.08, 236.00
643.40, 234.00
643.71, 240.00
644.03, 241.00
644.35, 242.00
644.66, 257.00
644.98, 242.00
645.30, 250.00
645.61, 262.00
645.93, 240.00
646.25, 227.00
646.56, 233.00
646.88, 265.00
647.19, 222.00
647.51, 226.00
647.83, 202.00
648.14, 212.00
648.46, 221.00
648.78, 225.00
649.09, 230.00
649.41, 285.00
649.72, 250.00
650.04, 266.00
650.36, 259.00
650.67, 254.00
650.99, 257.00
651.30, 262.00
651.62, 262.00
651.93, 262.00
652.25, 275.00
652.57, 309.00
652.88, 266.00
653.20, 261.00
653.51, 256.00
653.83, 246.00
654.14, 233.00
654.46, 236.00
654.77, 237.00
655.09, 247.00
655.40, 254.00
655.72, 235.00
656.04, 237.00
656.35, 235.00
656.67, 226.00
656.98, 227.00
657.30, 229.00
657.61, 238.00
657.93, 237.00
658.24, 239.00
658.55, 276.00
658.87, 253.00
659.18, 235.00
659.50, 240.00
659.81, 243.00
660.13, 244.00
660.44, 247.00
660.76, 243.00
661.07, 263.00
661.39, 235.00
661.70, 232.00
662.01, 226.00
662.33, 219.00
662.64, 212.00
662.96, 216.00
663.27, 212.00
663.59, 205.00
663.90, 203.00
664.21, 202.00
664.53, 225.00
664.84, 209.00
665.16, 233.00
665.47, 213.00
665.78, 210.00
666.10, 220.00
666.41, 216.00
666.72, 225.00
667.04, 228.00
667.35, 221.00
667.67, 219.00
667.98, 228.00
668.29, 224.00
668.61, 219.00
668.92, 222.00
669.23, 220.00
669.55, 217.00
669.86, 238.00
670.17, 207.00
670.48, 210.00
670.80, 199.00
671.11, 201.00
671.42, 201.00
671.74, 205.00
672.05, 210.00
672.36, 208.00
672.68, 212.00
672.99, 212.00
673.30, 222.00
673.61, 223.00
673.93, 234.00
674.24, 242.00
674.55, 237.00
674.86, 238.00
675.18, 249.00
675.49, 251.00
675.80, 238.00
676.11, 250.00
676.43, 246.00
676.74, 241.00
677.05, 241.00
677.36, 258.00
677.67, 241.00
677.99, 237.00
678.30, 231.00
678.61, 225.00
678.92, 219.00
679.23, 213.00
679.55, 205.00
679.86, 207.00
680.17, 199.00
680.48, 195.00
680.79, 207.00
681.10, 186.00
681.42, 188.00
681.73, 188.00
682.04, 191.00
682.35, 190.00
682.66, 194.00
682.97, 192.00
683.28, 201.00
683.60, 190.00
683.91, 198.00
684.22, 208.00
684.53, 199.00
684.84, 190.00
685.15, 197.00
685.46, 218.00
685.77, 189.00
686.08, 187.00
686.40, 232.00
686.71, 193.00
687.02, 189.00
687.33, 193.00
687.64, 181.00
687.95, 188.00
688.26, 179.00
688.57, 173.00
688.88, 177.00
689.19, 173.00
689.50, 167.00
689.81, 168.00
690.12, 170.00
690.43, 186.00
690.74, 172.00
691.05, 169.00
691.36, 188.00
691.67, 171.00
691.98, 171.00
692.29, 169.00
692.60, 172.00
692.91, 169.00
693.22, 166.00
693.53, 168.00
693.84, 178.00
694.15, 169.00
694.46, 169.00
694.77, 167.00
695.08, 172.00
695.39, 180.00
695.70, 172.00
696.01, 172.00
696.32, 160.00
696.63, 168.00
696.94, 174.00
697.25, 162.00
697.56, 174.00
697.87, 175.00
698.17, 208.00
698.48, 174.00
698.79, 168.00
699.10, 171.00
699.41, 174.00
699.72, 165.00
700.03, 169.00
700.34, 162.00
700.65, 165.00
700.95, 169.00
701.26, 173.00
701.57, 170.00
701.88, 167.00
702.19, 176.00
702.50, 172.00
702.81, 172.00
703.11, 189.00
703.42, 167.00
703.73, 180.00
704.04, 170.00
704.35, 173.00
704.66, 178.00
704.96, 188.00
705.27, 209.00
705.58, 224.00
705.89, 231.00
706.20, 213.00
706.50, 205.00
706.81, 207.00
707.12, 197.00
707.43, 192.00
707.73, 191.00
708.04, 185.00
708.35, 182.00
708.66, 175.00
708.97, 175.00
709.27, 181.00
709.58, 174.00
709.89, 176.00
710.19, 167.00
710.50, 176.00
710.81, 171.00
711.12, 187.00
711.42, 179.00
711.73, 184.00
712.04, 175.00
712.35, 175.00
712.65, 179.00
712.96, 169.00
713.27, 168.00
713.57, 195.00
713.88, 196.00
714.19, 163.00
714.49, 163.00
714.80, 172.00
715.11, 165.00
715.41, 169.00
715.72, 168.00
716.03, 163.00
716.33, 174.00
716.64, 162.00
716.94, 167.00
717.25, 163.00
717.56, 176.00
717.86, 172.00
718.17, 167.00
718.48, 166.00
718.78, 165.00
719.09, 164.00
719.39, 163.00
719.70, 166.00
720.01, 163.00
720.31, 166.00
720.62, 167.00
720.92, 167.00
721.23, 174.00
721.53, 178.00
721.84, 173.00
722.15, 168.00
722.45, 170.00
722.76, 173.00
723.06, 174.00
723.37, 166.00
723.67, 174.00
723.98, 170.00
724.28, 174.00
724.59, 177.00
724.89, 175.00
725.20, 171.00
725.50, 171.00
725.81, 169.00
726.11, 171.00
726.42, 167.00
726.72, 171.00
727.03, 209.00
727.33, 167.00
727.64, 176.00
727.94, 163.00
728.25, 167.00
728.55, 164.00
728.86, 189.00
729.16, 163.00
729.46, 163.00
729.77, 164.00
730.07, 163.00
730.38, 160.00
730.68, 167.00
730.99, 171.00
731.29, 159.00
731.59, 170.00
731.90, 164.00
732.20, 171.00
732.51, 162.00
732.81, 177.00
733.11, 164.00
733.42, 166.00
733.72, 176.00
734.02, 171.00
734.33, 173.00
734.63, 167.00
734.94, 170.00
735.24, 175.00
735.54, 170.00
735.85, 172.00
736.15, 165.00
736.45, 169.00
736.76, 168.00
737.06, 170.00
737.36, 173.00
737.67, 171.00
737.97, 174.00
738.27, 166.00
738.57, 166.00
738.88, 162.00
739.18, 203.00
739.48, 164.00
739.79, 163.00
740.09, 172.00
740.39, 168.00
740.69, 174.00
741.00, 162.00
741.30, 173.00
741.60, 168.00
741.90, 172.00
742.21, 168.00
742.51, 219.00
742.81, 173.00
743.11, 179.00
743.42, 203.00
743.72, 177.00
744.02, 189.00
744.32, 180.00
744.63, 204.00
744.93, 204.00
745.23, 209.00
745.53, 209.00
745.83, 198.00
746.13, 203.00
746.44, 205.00
746.74, 210.00
747.04, 206.00
747.34, 204.00
747.64, 208.00
747.94, 204.00
748.25, 212.00
748.55, 209.00
748.85, 208.00
749.15, 211.00
749.45, 232.00
749.75, 205.00
750.05, 201.00
750.35, 184.00
750.66, 189.00
750.96, 183.00
751.26, 174.00
751.56, 174.00
751.86, 175.00
752.16, 167.00
752.46, 163.00
752.76, 165.00
753.06, 163.00
753.36, 206.00
753.66, 165.00
753.96, 165.00
754.27, 161.00
754.57, 164.00
754.87, 164.00
755.17, 166.00
755.47, 171.00
755.77, 174.00
756.07, 175.00
756.37, 185.00
756.67, 180.00
756.97, 181.00
757.27, 180.00
757.57, 181.00
757.87, 189.00
758.17, 179.00
758.47, 186.00
758.77, 189.00
759.07, 179.00
759.37, 187.00
759.67, 185.00
759.97, 191.00
760.27, 182.00
760.57, 183.00
760.86, 179.00
761.16, 175.00
761.46, 175.00
761.76, 210.00
762.06, 178.00
762.36, 179.00
762.66, 169.00
762.96, 167.00
763.26, 167.00
763.56, 194.00
763.86, 174.00
764.16, 158.00
764.45, 180.00
764.75, 157.00
765.05, 162.00
765.35, 157.00
765.65, 170.00
765.95, 163.00
766.25, 164.00
766.55, 166.00
766.84, 162.00
767.14, 171.00
767.44, 168.00
767.74, 170.00
768.04, 175.00
768.34, 169.00
768.63, 168.00
768.93, 174.00
769.23, 175.00
769.53, 180.00
769.83, 181.00
770.12, 180.00
770.42, 176.00
770.72, 176.00
771.02, 173.00
771.32, 178.00
771.61, 174.00
771.91, 185.00
772.21, 174.00
772.51, 181.00
772.80, 170.00
773.10, 178.00
773.40, 179.00
773.70, 179.00
773.99, 181.00
774.29, 171.00
774.59, 181.00
774.88, 170.00
775.18, 182.00
775.48, 281.00
775.78, 501.00
776.07, 669.00
776.37, 746.00
776.67, 655.00
776.96, 476.00
777.26, 423.00
777.56, 316.00
777.85, 296.00
778.15, 275.00
778.45, 267.00
778.74, 228.00
779.04, 212.00
779.34, 183.00
779.63, 169.00
779.93, 160.00
780.22, 158.00
780.52, 156.00
780.82, 154.00
781.11, 154.00
781.41, 150.00
781.71, 153.00
782.00, 152.00
782.30, 152.00
782.59, 159.00
782.89, 157.00
783.19, 153.00
783.48, 154.00
783.78, 155.00
784.07, 163.00
784.37, 155.00
784.66, 148.00
784.96, 154.00
785.25, 153.00
785.55, 154.00
785.84, 154.00
786.14, 148.00
786.44, 154.00
786.73, 149.00
787.03, 152.00
787.32, 151.00
787.62, 150.00
787.91, 150.00
788.21, 154.00
788.50, 155.00
788.80, 153.00
789.09, 156.00
789.39, 159.00
789.68, 153.00
789.97, 156.00
790.27, 153.00
790.56, 157.00
790.86, 162.00
791.15, 153.00
791.45, 145.00
791.74, 172.00
792.04, 151.00
792.33, 151.00
792.62, 180.00
792.92, 153.00
793.21, 151.00
793.51, 153.00
793.80, 149.00
794.09, 150.00
794.39, 146.00
794.68, 146.00
794.98, 146.00
795.27, 147.00
795.56, 151.00
795.86, 147.00
796.15, 152.00
796.44, 154.00
796.74, 150.00
797.03, 148.00
797.32, 142.00
797.62, 145.00
797.91, 156.00
798.20, 155.00
798.50, 161.00
798.79, 159.00
799.08, 150.00
799.38, 148.00
799.67, 153.00
799.96, 160.00
800.26, 179.00
800.55, 150.00
800.84, 155.00
801.13, 150.00
801.43, 145.00
801.72, 192.00
802.01, 148.00
802.30, 152.00
802.60, 148.00
802.89, 154.00
803.18, 147.00
803.47, 150.00
803.77, 156.00
804.06, 157.00
804.35, 156.00
804.64, 167.00
804.94, 150.00
805.23, 150.00
805.52, 153.00
805.81, 151.00
806.10, 149.00
806.39, 144.00
806.69, 148.00
806.98, 148.00
807.27, 151.00
807.56, 158.00
807.85, 155.00
808.14, 150.00
808.44, 155.00
808.73, 150.00
809.02, 170.00
809.31, 153.00
809.60, 156.00
809.89, 153.00
810.18, 148.00
810.48, 156.00
810.77, 152.00
811.06, 149.00
811.35, 145.00
811.64, 155.00
811.93, 170.00
812.22, 149.00
812.51, 153.00
812.80, 145.00
813.09, 149.00
813.38, 153.00
813.67, 169.00
813.96, 150.00
814.26, 147.00
814.55, 147.00
814.84, 152.00
815.13, 147.00
815.42, 146.00
815.71, 150.00
816.00, 141.00
816.29, 149.00
816.58, 156.00
816.87, 143.00
817.16, 146.00
817.45, 156.00
817.74, 157.00
818.03, 144.00
818.32, 149.00
818.61, 148.00
818.90, 149.00
819.19, 144.00
819.48, 144.00
819.76, 144.00
820.05, 144.00
820.34, 144.00
820.63, 143.00
820.92, 147.00
821.21, 138.00
821.50, 145.00
821.79, 147.00
822.08, 145.00
822.37, 149.00
822.66, 145.00
822.95, 148.00
823.23, 145.00
823.52, 168.00
823.81, 151.00
824.10, 144.00
824.39, 143.00
824.68, 141.00
824.97, 162.00
825.26, 145.00
825.54, 195.00
825.83, 148.00
826.12, 142.00
826.41, 146.00
826.70, 146.00
826.99, 153.00
827.27, 145.00
827.56, 164.00
827.85, 146.00
828.14, 141.00
828.43, 145.00
828.71, 148.00
829.00, 146.00
829.29, 147.00
829.58, 147.00
829.86, 148.00
830.15, 146.00
830.44, 153.00
830.73, 150.00
831.01, 149.00
831.30, 149.00
831.59, 145.00
831.88, 147.00
832.16, 150.00
832.45, 149.00
832.74, 148.00
833.03, 145.00
833.31, 148.00
833.60, 145.00
833.89, 148.00
834.17, 148.00
834.46, 148.00
834.75, 141.00
835.03, 140.00
835.32, 144.00
835.61, 145.00
835.89, 162.00
836.18, 145.00
836.47, 147.00
836.75, 146.00
837.04, 151.00
837.33, 146.00
837.61, 146.00
837.90, 144.00
838.19, 144.00
838.47, 150.00
838.76, 148.00
839.04, 144.00
839.33, 144.00
839.62, 147.00
839.90, 150.00
840.19, 143.00
840.47, 146.00
840.76, 180.00
841.04, 144.00
841.33, 148.00
841.62, 147.00
841.90, 147.00
842.19, 144.00
842.47, 179.00
842.76, 149.00
843.04, 151.00
843.33, 175.00
843.61, 163.00
843.90, 159.00
844.18, 163.00
844.47, 168.00
844.75, 164.00
845.04, 161.00
845.32, 155.00
845.61, 150.00
845.89, 155.00
846.18, 148.00
846.46, 153.00
846.75, 151.00
847.03, 164.00
847.32, 150.00
847.60, 146.00
847.88, 143.00
848.17, 150.00
848.45, 169.00
848.74, 155.00
849.02, 147.00
849.31, 144.00
849.59, 145.00
849.87, 148.00
850.16, 143.00
850.44, 148.00
850.73, 172.00
851.01, 149.00
851.29, 147.00
851.58, 149.00
851.86, 145.00
852.14, 147.00
852.43, 153.00
852.71, 147.00
853.00, 146.00
853.28, 155.00
853.56, 143.00
853.85, 144.00
854.13, 142.00
854.41, 149.00
854.69, 142.00
854.98, 146.00
855.26, 200.00
855.54, 142.00
855.83, 143.00
856.11, 153.00
856.39, 153.00
856.68, 146.00
856.96, 149.00
857.24, 144.00
857.52, 150.00
857.81, 143.00
858.09, 147.00
858.37, 143.00
858.65, 145.00
858.94, 146.00
859.22, 146.00
