190.05, 0.00
190.41, 138.00
190.77, 144.00
191.14, 142.00
191.50, 137.00
191.86, 167.00
192.22, 148.00
192.58, 153.00
192.94, 154.00
193.31, 145.00
193.67, 143.00
194.03, 156.00
194.39, 150.00
194.75, 151.00
195.11, 151.00
195.47, 166.00
195.84, 146.00
196.20, 150.00
196.56, 163.00
196.92, 152.00
197.28, 152.00
197.64, 151.00
198.00, 152.00
198.37, 151.00
198.73, 148.00
199.09, 147.00
199.45, 149.00
199.81, 154.00
200.17, 155.00
200.53, 147.00
200.89, 159.00
201.25, 183.00
201.62, 152.00
201.98, 154.00
202.34, 145.00
202.70, 155.00
203.06, 145.00
203.42, 149.00
203.78, 146.00
204.14, 153.00
204.50, 176.00
204.86, 158.00
205.22, 157.00
205.58, 153.00
205.95, 152.00
206.31, 149.00
206.67, 155.00
207.03, 152.00
207.39, 161.00
207.75, 149.00
208.11, 145.00
208.47, 148.00
208.83, 156.00
209.19, 154.00
209.55, 151.00
209.91, 149.00
210.27, 151.00
210.63, 147.00
210.99, 160.00
211.35, 147.00
211.71, 158.00
212.07, 154.00
212.43, 152.00
212.79, 149.00
213.15, 152.00
213.51, 150.00
213.87, 157.00
214.23, 147.00
214.59, 158.00
214.95, 154.00
215.31, 151.00
215.67, 149.00
216.03, 178.00
216.39, 150.00
216.75, 147.00
217.11, 155.00
217.47, 151.00
217.83, 150.00
218.19, 150.00
218.55, 158.00
218.91, 157.00
219.27, 150.00
219.63, 153.00
219.99, 148.00
220.35, 151.00
220.71, 156.00
221.07, 154.00
221.43, 148.00
221.79, 146.00
222.15, 151.00
222.51, 157.00
222.87, 146.00
223.23, 151.00
223.59, 147.00
223.95, 150.00
224.31, 148.00
224.67, 153.00
225.03, 154.00
225.39, 160.00
225.74, 156.00
226.10, 151.00
226.46, 149.00
226.82, 153.00
227.18, 156.00
227.54, 153.00
227.90, 152.00
228.26, 152.00
228.62, 161.00
228.98, 150.00
229.34, 148.00
229.69, 150.00
230.05, 166.00
230.41, 148.00
230.77, 158.00
231.13, 159.00
231.49, 153.00
231.85, 149.00
232.21, 154.00
232.57, 155.00
232.92, 149.00
233.28, 149.00
233.64, 153.00
234.00, 149.00
234.36, 147.00
234.72, 150.00
235.08, 156.00
235.44, 151.00
235.79, 149.00
236.15, 153.00
236.51, 149.00
236.87, 149.00
237.23, 154.00
237.59, 153.00
237.94, 155.00
238.30, 149.00
238.66, 151.00
239.02, 153.00
239.38, 149.00
239.74, 148.00
240.09, 160.00
240.45, 148.00
240.81, 148.00
241.17, 152.00
241.53, 152.00
241.89, 151.00
242.24, 148.00
242.60, 148.00
242.96, 153.00
243.32, 155.00
243.68, 149.00
244.03, 152.00
244.39, 156.00
244.75, 172.00
245.11, 153.00
245.46, 151.00
245.82, 173.00
246.18, 148.00
246.54, 156.00
246.90, 150.00
247.25, 153.00
247.61, 145.00
247.97, 190.00
248.33, 148.00
248.68, 151.00
249.04, 148.00
249.40, 147.00
249.76, 156.00
250.11, 151.00
250.47, 153.00
250.83, 154.00
251.19, 152.00
251.54, 158.00
251.90, 152.00
252.26, 153.00
252.62, 151.00
252.97, 154.00
253.33, 147.00
253.69, 145.00
254.05, 153.00
254.40, 149.00
254.76, 145.00
255.12, 171.00
255.47, 154.00
255.83, 154.00
256.19, 150.00
256.54, 149.00
256.90, 151.00
257.26, 149.00
257.62, 153.00
257.97, 149.00
258.33, 156.00
258.69, 148.00
259.04, 155.00
259.40, 145.00
259.76, 150.00
260.11, 144.00
260.47, 149.00
260.83, 157.00
261.18, 152.00
261.54, 157.00
261.90, 154.00
262.25, 151.00
262.61, 145.00
262.97, 149.00
263.32, 149.00
263.68, 149.00
264.04, 154.00
264.39, 152.00
264.75, 148.00
265.10, 154.00
265.46, 196.00
265.82, 158.00
266.17, 147.00
266.53, 145.00
266.89, 148.00
267.24, 158.00
267.60, 146.00
267.95, 147.00
268.31, 147.00
268.67, 145.00
269.02, 147.00
269.38, 147.00
269.74, 151.00
270.09, 146.00
270.45, 146.00
270.80, 171.00
271.16, 154.00
271.51, 151.00
271.87, 152.00
272.23, 157.00
272.58, 152.00
272.94, 147.00
273.29, 145.00
273.65, 199.00
274.00, 150.00
274.36, 156.00
274.72, 153.00
275.07, 153.00
275.43, 150.00
275.78, 151.00
276.14, 148.00
276.49, 149.00
276.85, 162.00
277.20, 165.00
277.56, 147.00
277.92, 148.00
278.27, 152.00
278.63, 160.00
278.98, 147.00
279.34, 146.00
279.69, 150.00
280.05, 159.00
280.40, 152.00
280.76, 156.00
281.11, 154.00
281.47, 146.00
281.82, 149.00
282.18, 151.00
282.53, 151.00
282.89, 154.00
283.24, 157.00
283.60, 151.00
283.95, 152.00
284.31, 145.00
284.66, 146.00
285.02, 149.00
285.37, 146.00
285.73, 154.00
286.08, 158.00
286.44, 152.00
286.79, 161.00
287.14, 159.00
287.50, 161.00
287.85, 149.00
288.21, 149.00
288.56, 153.00
288.92, 147.00
289.27, 147.00
289.63, 145.00
289.98, 153.00
290.34, 153.00
290.69, 150.00
291.04, 150.00
291.40, 147.00
291.75, 147.00
292.11, 152.00
292.46, 148.00
292.81, 153.00
293.17, 146.00
293.52, 152.00
293.88, 146.00
294.23, 149.00
294.59, 148.00
294.94, 150.00
295.29, 145.00
295.65, 151.00
296.00, 173.00
296.36, 153.00
296.71, 149.00
297.06, 148.00
297.42, 148.00
297.77, 149.00
298.12, 152.00
298.48, 152.00
298.83, 154.00
299.19, 152.00
299.54, 149.00
299.89, 146.00
300.25, 147.00
300.60, 156.00
300.95, 146.00
301.31, 146.00
301.66, 143.00
302.01, 151.00
302.37, 151.00
302.72, 148.00
303.07, 151.00
303.43, 152.00
303.78, 146.00
304.13, 151.00
304.49, 148.00
304.84, 155.00
305.19, 190.00
305.55, 147.00
305.90, 149.00
306.25, 148.00
306.61, 150.00
306.96, 151.00
307.31, 146.00
307.66, 152.00
308.02, 151.00
308.37, 159.00
308.72, 149.00
309.08, 146.00
309.43, 149.00
309.78, 156.00
310.13, 151.00
310.49, 158.00
310.84, 150.00
311.19, 158.00
311.54, 159.00
311.90, 157.00
312.25, 152.00
312.60, 144.00
312.95, 152.00
313.31, 153.00
313.66, 148.00
314.01, 159.00
314.36, 160.00
314.72, 155.00
315.07, 153.00
315.42, 149.00
315.77, 179.00
316.13, 148.00
316.48, 147.00
316.83, 149.00
317.18, 150.00
317.54, 147.00
317.89, 145.00
318.24, 151.00
318.59, 148.00
318.94, 150.00
319.30, 149.00
319.65, 154.00
320.00, 147.00
320.35, 151.00
320.70, 150.00
321.05, 150.00
321.41, 148.00
321.76, 153.00
322.11, 147.00
322.46, 149.00
322.81, 186.00
323.17, 154.00
323.52, 155.00
323.87, 150.00
324.22, 155.00
324.57, 153.00
324.92, 151.00
325.27, 148.00
325.63, 152.00
325.98, 148.00
326.33, 155.00
326.68, 148.00
327.03, 145.00
327.38, 148.00
327.73, 148.00
328.09, 157.00
328.44, 178.00
328.79, 148.00
329.14, 178.00
329.49, 152.00
329.84, 153.00
330.19, 154.00
330.54, 150.00
330.89, 154.00
331.25, 150.00
331.60, 151.00
331.95, 156.00
332.30, 152.00
332.65, 149.00
333.00, 152.00
333.35, 196.00
333.70, 189.00
334.05, 160.00
334.40, 151.00
334.75, 150.00
335.10, 156.00
335.45, 151.00
335.81, 146.00
336.16, 151.00
336.51, 149.00
336.86, 148.00
337.21, 145.00
337.56, 157.00
337.91, 147.00
338.26, 142.00
338.61, 151.00
338.96, 152.00
339.31, 147.00
339.66, 149.00
340.01, 154.00
340.36, 150.00
340.71, 153.00
341.06, 146.00
341.41, 157.00
341.76, 151.00
342.11, 149.00
342.46, 149.00
342.81, 154.00
343.16, 150.00
343.51, 148.00
343.86, 151.00
344.21, 149.00
344.56, 154.00
344.91, 147.00
345.26, 153.00
345.61, 147.00
345.96, 148.00
346.31, 145.00
346.66, 175.00
347.01, 154.00
347.36, 164.00
347.71, 151.00
348.06, 150.00
348.41, 158.00
348.76, 159.00
349.10, 146.00
349.45, 158.00
349.80, 151.00
350.15, 161.00
350.50, 153.00
350.85, 159.00
351.20, 148.00
351.55, 156.00
351.90, 150.00
352.25, 151.00
352.60, 147.00
352.95, 157.00
353.30, 168.00
353.64, 147.00
353.99, 148.00
354.34, 149.00
354.69, 151.00
355.04, 148.00
355.39, 149.00
355.74, 149.00
356.09, 149.00
356.44, 152.00
356.78, 152.00
357.13, 149.00
357.48, 150.00
357.83, 141.00
358.18, 149.00
358.53, 151.00
358.88, 154.00
359.22, 169.00
359.57, 147.00
359.92, 148.00
360.27, 149.00
360.62, 150.00
360.97, 149.00
361.32, 143.00
361.66, 146.00
362.01, 145.00
362.36, 153.00
362.71, 148.00
363.06, 149.00
363.40, 148.00
363.75, 145.00
364.10, 155.00
364.45, 149.00
364.80, 153.00
365.14, 151.00
365.49, 148.00
365.84, 150.00
366.19, 151.00
366.54, 154.00
366.88, 162.00
367.23, 152.00
367.58, 194.00
367.93, 153.00
368.28, 148.00
368.62, 145.00
368.97, 154.00
369.32, 154.00
369.67, 151.00
370.01, 154.00
370.36, 152.00
370.71, 167.00
371.06, 149.00
371.40, 157.00
371.75, 150.00
372.10, 150.00
372.45, 145.00
372.79, 151.00
373.14, 150.00
373.49, 148.00
373.83, 157.00
374.18, 146.00
374.53, 144.00
374.88, 149.00
375.22, 149.00
375.57, 153.00
375.92, 154.00
376.26, 146.00
376.61, 153.00
376.96, 147.00
377.30, 151.00
377.65, 153.00
378.00, 145.00
378.35, 151.00
378.69, 152.00
379.04, 145.00
379.39, 158.00
379.73, 149.00
380.08, 152.00
380.43, 149.00
380.77, 150.00
381.12, 157.00
381.47, 151.00
381.81, 146.00
382.16, 147.00
382.50, 155.00
382.85, 215.00
383.20, 148.00
383.54, 149.00
383.89, 144.00
384.24, 145.00
384.58, 147.00
384.93, 164.00
385.27, 156.00
385.62, 152.00
385.97, 156.00
386.31, 151.00
386.66, 181.00
387.00, 153.00
387.35, 148.00
387.70, 140.00
388.04, 202.00
388.39, 148.00
388.73, 147.00
389.08, 153.00
389.43, 145.00
389.77, 145.00
390.12, 145.00
390.46, 145.00
390.81, 148.00
391.15, 153.00
391.50, 146.00
391.85, 149.00
392.19, 150.00
392.54, 149.00
392.88, 144.00
393.23, 148.00
393.57, 157.00
393.92, 152.00
394.26, 147.00
394.61, 147.00
394.95, 146.00
395.30, 150.00
395.64, 146.00
395.99, 184.00
396.33, 149.00
396.68, 147.00
397.02, 149.00
397.37, 145.00
397.71, 149.00
398.06, 154.00
398.40, 149.00
398.75, 140.00
399.09, 146.00
399.44, 148.00
399.78, 153.00
400.13, 148.00
400.47, 143.00
400.82, 147.00
401.16, 149.00
401.51, 156.00
401.85, 151.00
402.20, 153.00
402.54, 147.00
402.88, 152.00
403.23, 147.00
403.57, 161.00
403.92, 173.00
404.26, 224.00
404.61, 175.00
404.95, 189.00
405.30, 156.00
405.64, 155.00
405.98, 179.00
406.33, 157.00
406.67, 151.00
407.02, 149.00
407.36, 152.00
407.70, 155.00
408.05, 149.00
408.39, 148.00
408.74, 150.00
409.08, 149.00
409.42, 148.00
409.77, 150.00
410.11, 158.00
410.46, 155.00
410.80, 151.00
411.14, 148.00
411.49, 151.00
411.83, 152.00
412.17, 148.00
412.52, 152.00
412.86, 149.00
413.20, 146.00
413.55, 149.00
413.89, 152.00
414.23, 153.00
414.58, 186.00
414.92, 150.00
415.26, 147.00
415.61, 150.00
415.95, 153.00
416.29, 154.00
416.64, 147.00
416.98, 149.00
417.32, 150.00
417.67, 165.00
418.01, 158.00
418.35, 150.00
418.70, 154.00
419.04, 167.00
419.38, 148.00
419.72, 154.00
420.07, 155.00
420.41, 151.00
420.75, 150.00
421.10, 149.00
421.44, 153.00
421.78, 149.00
422.12, 148.00
422.47, 147.00
422.81, 154.00
423.15, 154.00
423.49, 153.00
423.84, 144.00
424.18, 148.00
424.52, 149.00
424.86, 151.00
425.21, 157.00
425.55, 159.00
425.89, 153.00
426.23, 155.00
426.57, 156.00
426.92, 157.00
427.26, 153.00
427.60, 157.00
427.94, 153.00
428.28, 155.00
428.63, 150.00
428.97, 159.00
429.31, 156.00
429.65, 157.00
429.99, 160.00
430.34, 150.00
430.68, 156.00
431.02, 159.00
431.36, 152.00
431.70, 156.00
432.04, 149.00
432.39, 149.00
432.73, 156.00
433.07, 152.00
433.41, 155.00
433.75, 156.00
434.09, 159.00
434.43, 170.00
434.78, 238.00
435.12, 286.00
435.46, 329.00
435.80, 283.00
436.14, 240.00
436.48, 206.00
436.82, 198.00
437.16, 173.00
437.51, 158.00
437.85, 159.00
438.19, 193.00
438.53, 157.00
438.87, 176.00
439.21, 163.00
439.55, 159.00
439.89, 155.00
440.23, 156.00
440.57, 156.00
440.91, 154.00
441.26, 154.00
441.60, 157.00
441.94, 155.00
442.28, 165.00
442.62, 157.00
442.96, 155.00
443.30, 159.00
443.64, 162.00
443.98, 162.00
444.32, 159.00
444.66, 162.00
445.00, 153.00
445.34, 163.00
445.68, 163.00
446.02, 157.00
446.36, 155.00
446.70, 153.00
447.04, 167.00
447.38, 177.00
447.72, 160.00
448.06, 161.00
448.40, 160.00
448.74, 158.00
449.08, 156.00
449.42, 159.00
449.76, 161.00
450.10, 157.00
450.44, 157.00
450.78, 158.00
451.12, 157.00
451.46, 162.00
451.80, 170.00
452.14, 159.00
452.48, 160.00
452.82, 156.00
453.16, 156.00
453.50, 165.00
453.84, 153.00
454.18, 191.00
454.52, 161.00
454.86, 157.00
455.19, 169.00
455.53, 158.00
455.87, 159.00
456.21, 164.00
456.55, 155.00
456.89, 156.00
457.23, 156.00
457.57, 150.00
457.91, 165.00
458.25, 155.00
458.59, 154.00
458.92, 158.00
459.26, 154.00
459.60, 162.00
459.94, 160.00
460.28, 154.00
460.62, 157.00
460.96, 154.00
461.30, 157.00
461.63, 152.00
461.97, 154.00
462.31, 156.00
462.65, 155.00
462.99, 160.00
463.33, 158.00
463.67, 154.00
464.00, 152.00
464.34, 158.00
464.68, 154.00
465.02, 165.00
465.36, 156.00
465.70, 153.00
466.03, 161.00
466.37, 155.00
466.71, 155.00
467.05, 155.00
467.39, 158.00
467.72, 152.00
468.06, 155.00
468.40, 154.00
468.74, 160.00
469.08, 157.00
469.41, 153.00
469.75, 156.00
470.09, 150.00
470.43, 154.00
470.76, 153.00
471.10, 159.00
471.44, 157.00
471.78, 154.00
472.11, 150.00
472.45, 157.00
472.79, 154.00
473.13, 152.00
473.46, 158.00
473.80, 154.00
474.14, 152.00
474.48, 161.00
474.81, 161.00
475.15, 156.00
475.49, 162.00
475.82, 160.00
476.16, 164.00
476.50, 152.00
476.84, 161.00
477.17, 158.00
477.51, 155.00
477.85, 156.00
478.18, 169.00
478.52, 155.00
478.86, 211.00
479.19, 168.00
479.53, 155.00
479.87, 194.00
480.20, 165.00
480.54, 156.00
480.88, 150.00
481.21, 159.00
481.55, 159.00
481.89, 162.00
482.22, 162.00
482.56, 176.00
482.90, 169.00
483.23, 177.00
483.57, 184.00
483.90, 188.00
484.24, 187.00
484.58, 191.00
484.91, 204.00
485.25, 209.00
485.58, 212.00
485.92, 212.00
486.26, 215.00
486.59, 221.00
486.93, 221.00
487.26, 217.00
487.60, 220.00
487.94, 219.00
488.27, 216.00
488.61, 220.00
488.94, 221.00
489.28, 214.00
489.61, 201.00
489.95, 210.00
490.29, 208.00
490.62, 210.00
490.96, 205.00
491.29, 209.00
491.63, 206.00
491.96, 199.00
492.30, 195.00
492.63, 203.00
492.97, 184.00
493.30, 196.00
493.64, 190.00
493.97, 189.00
494.31, 192.00
494.64, 193.00
494.98, 186.00
495.31, 189.00
495.65, 184.00
495.98, 189.00
496.32, 179.00
496.65, 212.00
496.99, 176.00
497.32, 179.00
497.66, 179.00
497.99, 172.00
498.33, 173.00
498.66, 169.00
499.00, 171.00
499.33, 170.00
499.67, 168.00
500.00, 166.00
500.34, 166.00
500.67, 163.00
501.00, 161.00
501.34, 158.00
501.67, 152.00
502.01, 163.00
502.34, 155.00
502.68, 165.00
503.01, 157.00
503.34, 159.00
503.68, 148.00
504.01, 158.00
504.35, 154.00
504.68, 158.00
505.01, 155.00
505.35, 150.00
505.68, 153.00
506.02, 159.00
506.35, 152.00
506.68, 160.00
507.02, 153.00
507.35, 154.00
507.68, 152.00
508.02, 157.00
508.35, 157.00
508.69, 149.00
509.02, 157.00
509.35, 152.00
509.69, 151.00
510.02, 157.00
510.35, 151.00
510.69, 150.00
511.02, 151.00
511.35, 150.00
511.69, 154.00
512.02, 153.00
512.35, 155.00
512.68, 154.00
513.02, 152.00
513.35, 146.00
513.68, 148.00
514.02, 153.00
514.35, 151.00
514.68, 152.00
515.01, 153.00
515.35, 158.00
515.68, 152.00
516.01, 149.00
516.35, 148.00
516.68, 152.00
517.01, 152.00
517.34, 156.00
517.68, 151.00
518.01, 158.00
518.34, 153.00
518.67, 149.00
519.01, 150.00
519.34, 158.00
519.67, 163.00
520.00, 150.00
520.33, 151.00
520.67, 154.00
521.00, 153.00
521.33, 148.00
521.66, 155.00
522.00, 150.00
522.33, 149.00
522.66, 149.00
522.99, 150.00
523.32, 159.00
523.65, 149.00
523.99, 152.00
524.32, 155.00
524.65, 153.00
524.98, 151.00
525.31, 146.00
525.65, 181.00
525.98, 148.00
526.31, 149.00
526.64, 158.00
526.97, 155.00
527.30, 151.00
527.63, 154.00
527.97, 148.00
528.30, 149.00
528.63, 159.00
528.96, 178.00
529.29, 151.00
529.62, 153.00
529.95, 147.00
530.28, 148.00
530.61, 149.00
530.95, 154.00
531.28, 154.00
531.61, 150.00
531.94, 153.00
532.27, 158.00
532.60, 153.00
532.93, 162.00
533.26, 156.00
533.59, 157.00
533.92, 158.00
534.25, 159.00
534.58, 191.00
534.91, 155.00
535.25, 160.00
535.58, 160.00
535.91, 158.00
536.24, 158.00
536.57, 164.00
536.90, 164.00
537.23, 176.00
537.56, 212.00
537.89, 188.00
538.22, 184.00
538.55, 193.00
538.88, 210.00
539.21, 315.00
539.54, 217.00
539.87, 238.00
540.20, 265.00
540.53, 294.00
540.86, 356.00
541.19, 362.00
541.52, 394.00
541.85, 423.00
542.18, 433.00
542.51, 434.00
542.84, 446.00
543.17, 441.00
543.50, 433.00
543.82, 427.00
544.15, 425.00
544.48, 422.00
544.81, 456.00
545.14, 492.00
545.47, 462.00
545.80, 436.00
546.13, 361.00
546.46, 361.00
546.79, 323.00
547.12, 284.00
547.45, 259.00
547.78, 260.00
548.10, 250.00
548.43, 239.00
548.76, 240.00
549.09, 236.00
549.42, 225.00
549.75, 219.00
550.08, 213.00
550.41, 216.00
550.74, 213.00
551.06, 211.00
551.39, 216.00
551.72, 202.00
552.05, 193.00
552.38, 196.00
552.71, 192.00
553.03, 186.00
553.36, 187.00
553.69, 186.00
554.02, 174.00
554.35, 177.00
554.68, 166.00
555.00, 162.00
555.33, 160.00
555.66, 157.00
555.99, 177.00
556.32, 164.00
556.64, 154.00
556.97, 165.00
557.30, 157.00
557.63, 155.00
557.96, 153.00
558.28, 156.00
558.61, 154.00
558.94, 154.00
559.27, 154.00
559.59, 157.00
559.92, 150.00
560.25, 150.00
560.58, 150.00
560.90, 153.00
561.23, 156.00
561.56, 152.00
561.89, 149.00
562.21, 151.00
562.54, 151.00
562.87, 153.00
563.20, 154.00
563.52, 150.00
563.85, 145.00
564.18, 168.00
564.50, 153.00
564.83, 188.00
565.16, 208.00
565.48, 151.00
565.81, 163.00
566.14, 150.00
566.47, 150.00
566.79, 162.00
567.12, 156.00
567.45, 178.00
567.77, 153.00
568.10, 155.00
568.43, 161.00
568.75, 148.00
569.08, 151.00
569.40, 183.00
569.73, 155.00
570.06, 152.00
570.38, 151.00
570.71, 152.00
571.04, 151.00
571.36, 152.00
571.69, 159.00
572.01, 152.00
572.34, 146.00
572.67, 158.00
572.99, 151.00
573.32, 168.00
573.64, 152.00
573.97, 151.00
574.30, 152.00
574.62, 152.00
574.95, 155.00
575.27, 161.00
575.60, 155.00
575.92, 172.00
576.25, 175.00
576.58, 181.00
576.90, 168.00
577.23, 196.00
577.55, 167.00
577.88, 170.00
578.20, 175.00
578.53, 175.00
578.85, 198.00
579.18, 189.00
579.50, 183.00
579.83, 183.00
580.15, 186.00
580.48, 188.00
580.80, 180.00
581.13, 180.00
581.45, 185.00
581.78, 182.00
582.10, 195.00
582.43, 207.00
582.75, 205.00
583.08, 190.00
583.40, 201.00
583.73, 255.00
584.05, 198.00
584.38, 194.00
584.70, 243.00
585.03, 197.00
585.35, 195.00
585.67, 204.00
586.00, 207.00
586.32, 218.00
586.65, 222.00
586.97, 218.00
587.30, 224.00
587.62, 204.00
587.94, 210.00
588.27, 197.00
588.59, 197.00
588.92, 191.00
589.24, 179.00
589.56, 190.00
589.89, 192.00
590.21, 183.00
590.54, 178.00
590.86, 179.00
591.18, 184.00
591.51, 181.00
591.83, 204.00
592.15, 190.00
592.48, 193.00
592.80, 198.00
593.13, 185.00
593.45, 185.00
593.77, 172.00
594.10, 172.00
594.42, 175.00
594.74, 170.00
595.07, 164.00
595.39, 159.00
595.71, 172.00
596.03, 162.00
596.36, 166.00
596.68, 160.00
597.00, 163.00
597.33, 168.00
597.65, 169.00
597.97, 173.00
598.30, 171.00
598.62, 173.00
598.94, 176.00
599.26, 179.00
599.59, 172.00
599.91, 178.00
600.23, 169.00
600.55, 167.00
600.88, 165.00
601.20, 165.00
601.52, 162.00
601.84, 161.00
602.17, 157.00
602.49, 158.00
602.81, 157.00
603.13, 161.00
603.45, 165.00
603.78, 159.00
604.10, 162.00
604.42, 158.00
604.74, 155.00
605.07, 161.00
605.39, 162.00
605.71, 159.00
606.03, 166.00
606.35, 161.00
606.67, 165.00
607.00, 185.00
607.32, 177.00
607.64, 182.00
607.96, 172.00
608.28, 190.00
608.60, 191.00
608.93, 211.00
609.25, 244.00
609.57, 302.00
609.89, 391.00
610.21, 465.00
610.53, 521.00
610.85, 503.00
611.17, 472.00
611.50, 428.00
611.82, 399.00
612.14, 370.00
612.46, 346.00
612.78, 317.00
613.10, 296.00
613.42, 285.00
613.74, 281.00
614.06, 298.00
614.38, 249.00
614.70, 236.00
615.03, 229.00
615.35, 220.00
615.67, 316.00
615.99, 198.00
616.31, 196.00
616.63, 185.00
616.95, 183.00
617.27, 176.00
617.59, 180.00
617.91, 183.00
618.23, 186.00
618.55, 179.00
618.87, 181.00
619.19, 184.00
619.51, 184.00
619.83, 184.00
620.15, 180.00
620.47, 187.00
620.79, 183.00
621.11, 187.00
621.43, 185.00
621.75, 190.00
622.07, 183.00
622.39, 180.00
622.71, 178.00
623.03, 181.00
623.35, 221.00
623.67, 187.00
623.99, 174.00
624.31, 180.00
624.63, 182.00
624.95, 170.00
625.26, 175.00
625.58, 180.00
625.90, 194.00
626.22, 173.00
626.54, 173.00
626.86, 176.00
627.18, 180.00
627.50, 180.00
627.82, 171.00
628.14, 177.00
628.46, 180.00
628.77, 177.00
629.09, 181.00
629.41, 191.00
629.73, 189.00
630.05, 209.00
630.37, 202.00
630.69, 196.00
631.00, 202.00
631.32, 201.00
631.64, 180.00
631.96, 180.00
632.28, 166.00
632.60, 167.00
632.92, 162.00
633.23, 160.00
633.55, 160.00
633.87, 156.00
634.19, 156.00
634.51, 160.00
634.82, 164.00
635.14, 155.00
635.46, 155.00
635.78, 156.00
636.10, 154.00
636.41, 155.00
636.73, 157.00
637.05, 151.00
637.37, 153.00
637.68, 156.00
638.00, 152.00
638.32, 157.00
638.64, 155.00
638.95, 165.00
639.27, 152.00
639.59, 155.00
639.91, 147.00
640.22, 155.00
640.54, 153.00
640.86, 152.00
641.18, 166.00
641.49, 173.00
641.81, 155.00
642.13, 167.00
642.44, 152.00
642.76, 151.00
643.08, 155.00
643.40, 155.00
643.71, 155.00
644.03, 156.00
644.35, 152.00
644.66, 157.00
644.98, 155.00
645.30, 155.00
645.61, 170.00
645.93, 153.00
646.25, 156.00
646.56, 162.00
646.88, 185.00
647.19, 154.00
647.51, 162.00
647.83, 160.00
648.14, 154.00
648.46, 156.00
648.78, 162.00
649.09, 157.00
649.41, 197.00
649.72, 165.00
650.04, 157.00
650.36, 157.00
650.67, 158.00
650.99, 162.00
651.30, 155.00
651.62, 160.00
651.93, 157.00
652.25, 167.00
652.57, 192.00
652.88, 153.00
653.20, 163.00
653.51, 155.00
653.83, 155.00
654.14, 155.00
654.46, 155.00
654.77, 155.00
655.09, 155.00
655.40, 162.00
655.72, 154.00
656.04, 154.00
656.35, 156.00
656.67, 149.00
656.98, 159.00
657.30, 150.00
657.61, 153.00
657.93, 157.00
658.24, 150.00
658.55, 185.00
658.87, 149.00
659.18, 149.00
659.50, 145.00
659.81, 156.00
660.13, 152.00
660.44, 148.00
660.76, 150.00
661.07, 166.00
661.39, 155.00
661.70, 150.00
662.01, 149.00
662.33, 154.00
662.64, 156.00
662.96, 157.00
663.27, 151.00
663.59, 152.00
663.90, 152.00
664.21, 158.00
664.53, 175.00
664.84, 156.00
665.16, 173.00
665.47, 152.00
665.78, 153.00
666.10, 161.00
666.41, 150.00
666.72, 151.00
667.04, 160.00
667.35, 153.00
667.67, 152.00
667.98, 147.00
668.29, 150.00
668.61, 149.00
668.92, 149.00
669.23, 148.00
669.55, 152.00
669.86, 177.00
670.17, 155.00
670.48, 154.00
670.80, 149.00
671.11, 147.00
671.42, 141.00
671.74, 150.00
672.05, 149.00
672.36, 155.00
672.68, 150.00
672.99, 149.00
673.30, 149.00
673.61, 152.00
673.93, 151.00
674.24, 150.00
674.55, 150.00
674.86, 153.00
675.18, 154.00
675.49, 155.00
675.80, 150.00
676.11, 156.00
676.43, 154.00
676.74, 150.00
677.05, 153.00
677.36, 161.00
677.67, 146.00
677.99, 154.00
678.30, 150.00
678.61, 153.00
678.92, 151.00
679.23, 148.00
679.55, 153.00
679.86, 155.00
680.17, 154.00
680.48, 157.00
680.79, 156.00
681.10, 153.00
681.42, 155.00
681.73, 149.00
682.04, 146.00
682.35, 152.00
682.66, 156.00
682.97, 149.00
683.28, 155.00
683.60, 150.00
683.91, 153.00
684.22, 166.00
684.53, 153.00
684.84, 148.00
685.15, 157.00
685.46, 175.00
685.77, 158.00
686.08, 154.00
686.40, 194.00
686.71, 155.00
687.02, 162.00
687.33, 156.00
687.64, 149.00
687.95, 156.00
688.26, 155.00
688.57, 153.00
688.88, 155.00
689.19, 152.00
689.50, 151.00
689.81, 154.00
690.12, 150.00
690.43, 163.00
690.74, 153.00
691.05, 150.00
691.36, 167.00
691.67, 151.00
691.98, 149.00
692.29, 151.00
692.60, 161.00
692.91, 150.00
693.22, 148.00
693.53, 150.00
693.84, 154.00
694.15, 154.00
694.46, 151.00
694.77, 147.00
695.08, 154.00
695.39, 158.00
695.70, 152.00
696.01, 151.00
696.32, 153.00
696.63, 150.00
696.94, 153.00
697.25, 150.00
697.56, 150.00
697.87, 155.00
698.17, 187.00
698.48, 151.00
698.79, 147.00
699.10, 147.00
699.41, 148.00
699.72, 152.00
700.03, 148.00
700.34, 149.00
700.65, 155.00
700.95, 149.00
701.26, 149.00
701.57, 148.00
701.88, 149.00
702.19, 153.00
702.50, 154.00
702.81, 150.00
703.11, 173.00
703.42, 150.00
703.73, 158.00
704.04, 158.00
704.35, 157.00
704.66, 154.00
704.96, 149.00
705.27, 159.00
705.58, 159.00
705.89, 159.00
706.20, 159.00
706.50, 162.00
706.81, 164.00
707.12, 157.00
707.43, 166.00
707.73, 170.00
708.04, 162.00
708.35, 162.00
708.66, 162.00
708.97, 157.00
709.27, 158.00
709.58, 158.00
709.89, 153.00
710.19, 156.00
710.50, 159.00
710.81, 159.00
711.12, 156.00
711.42, 156.00
711.73, 166.00
712.04, 155.00
712.35, 160.00
712.65, 158.00
712.96, 148.00
713.27, 157.00
713.57, 173.00
713.88, 167.00
714.19, 150.00
714.49, 151.00
714.80, 152.00
715.11, 147.00
715.41, 149.00
715.72, 143.00
716.03, 152.00
716.33, 151.00
716.64, 153.00
716.94, 152.00
717.25, 146.00
717.56, 158.00
717.86, 151.00
718.17, 146.00
718.48, 145.00
718.78, 146.00
719.09, 149.00
719.39, 147.00
719.70, 148.00
720.01, 147.00
720.31, 149.00
720.62, 148.00
720.92, 149.00
721.23, 154.00
721.53, 153.00
721.84, 152.00
722.15, 156.00
722.45, 149.00
722.76, 151.00
723.06, 147.00
723.37, 148.00
723.67, 154.00
723.98, 148.00
724.28, 151.00
724.59, 155.00
724.89, 150.00
725.20, 149.00
725.50, 156.00
725.81, 151.00
726.11, 149.00
726.42, 150.00
726.72, 151.00
727.03, 182.00
727.33, 152.00
727.64, 147.00
727.94, 154.00
728.25, 145.00
728.55, 143.00
728.86, 172.00
729.16, 152.00
729.46, 147.00
729.77, 157.00
730.07, 151.00
730.38, 151.00
730.68, 148.00
730.99, 159.00
731.29, 148.00
731.59, 157.00
731.90, 147.00
732.20, 147.00
732.51, 152.00
732.81, 152.00
733.11, 148.00
733.42, 151.00
733.72, 159.00
734.02, 151.00
734.33, 152.00
734.63, 150.00
734.94, 148.00
735.24, 148.00
735.54, 150.00
735.85, 153.00
736.15, 149.00
736.45, 150.00
736.76, 146.00
737.06, 151.00
737.36, 150.00
737.67, 149.00
737.97, 156.00
738.27, 152.00
738.57, 149.00
738.88, 147.00
739.18, 188.00
739.48, 156.00
739.79, 147.00
740.09, 151.00
740.39, 155.00
740.69, 164.00
741.00, 147.00
741.30, 151.00
741.60, 148.00
741.90, 149.00
742.21, 151.00
742.51, 188.00
742.81, 155.00
743.11, 148.00
743.42, 171.00
743.72, 149.00
744.02, 156.00
744.32, 143.00
744.63, 156.00
744.93, 153.00
745.23, 148.00
745.53, 152.00
745.83, 150.00
746.13, 150.00
746.44, 144.00
746.74, 154.00
747.04, 152.00
747.34, 149.00
747.64, 146.00
747.94, 145.00
748.25, 149.00
748.55, 153.00
748.85, 148.00
749.15, 152.00
749.45, 174.00
749.75, 159.00
750.05, 155.00
750.35, 147.00
750.66, 163.00
750.96, 154.00
751.26, 148.00
751.56, 145.00
751.86, 152.00
752.16, 149.00
752.46, 149.00
752.76, 146.00
753.06, 152.00
753.36, 189.00
753.66, 145.00
753.96, 150.00
754.27, 148.00
754.57, 151.00
754.87, 145.00
755.17, 154.00
755.47, 153.00
755.77, 148.00
756.07, 149.00
756.37, 149.00
756.67, 154.00
756.97, 145.00
757.27, 152.00
757.57, 148.00
757.87, 146.00
758.17, 148.00
758.47, 151.00
758.77, 157.00
759.07, 152.00
759.37, 150.00
759.67, 154.00
759.97, 155.00
760.27, 152.00
760.57, 151.00
760.86, 149.00
761.16, 150.00
761.46, 152.00
761.76, 176.00
762.06, 157.00
762.36, 159.00
762.66, 153.00
762.96, 148.00
763.26, 154.00
763.56, 180.00
763.86, 157.00
764.16, 146.00
764.45, 155.00
764.75, 150.00
765.05, 154.00
765.35, 144.00
765.65, 146.00
765.95, 149.00
766.25, 145.00
766.55, 158.00
766.84, 156.00
767.14, 148.00
767.44, 148.00
767.74, 151.00
768.04, 148.00
768.34, 152.00
768.63, 145.00
768.93, 150.00
769.23, 149.00
769.53, 152.00
769.83, 150.00
770.12, 146.00
770.42, 150.00
770.72, 151.00
771.02, 149.00
771.32, 149.00
771.61, 145.00
771.91, 154.00
772.21, 149.00
772.51, 151.00
772.80, 147.00
773.10, 148.00
773.40, 155.00
773.70, 146.00
773.99, 149.00
774.29, 149.00
774.59, 156.00
774.88, 149.00
775.18, 149.00
775.48, 150.00
775.78, 153.00
776.07, 149.00
776.37, 146.00
776.67, 143.00
776.96, 145.00
777.26, 184.00
777.56, 148.00
777.85, 152.00
778.15, 147.00
778.45, 148.00
778.74, 148.00
779.04, 146.00
779.34, 146.00
779.63, 151.00
779.93, 147.00
780.22, 150.00
780.52, 153.00
780.82, 151.00
781.11, 150.00
781.41, 148.00
781.71, 149.00
782.00, 151.00
782.30, 152.00
782.59, 156.00
782.89, 155.00
783.19, 148.00
783.48, 147.00
783.78, 150.00
784.07, 161.00
784.37, 153.00
784.66, 147.00
784.96, 150.00
785.25, 148.00
785.55, 146.00
785.84, 152.00
786.14, 143.00
786.44, 144.00
786.73, 147.00
787.03, 145.00
787.32, 147.00
787.62, 144.00
787.91, 147.00
788.21, 155.00
788.50, 154.00
788.80, 148.00
789.09, 153.00
789.39, 154.00
789.68, 148.00
789.97, 155.00
790.27, 157.00
790.56, 156.00
790.86, 154.00
791.15, 152.00
791.45, 145.00
791.74, 174.00
792.04, 150.00
792.33, 150.00
792.62, 170.00
792.92, 147.00
793.21, 148.00
793.51, 155.00
793.80, 152.00
794.09, 148.00
794.39, 145.00
794.68, 149.00
794.98, 152.00
795.27, 147.00
795.56, 145.00
795.86, 150.00
796.15, 150.00
796.44, 152.00
796.74, 147.00
797.03, 145.00
797.32, 150.00
797.62, 149.00
797.91, 160.00
798.20, 151.00
798.50, 155.00
798.79, 162.00
799.08, 149.00
799.38, 147.00
799.67, 153.00
799.96, 158.00
800.26, 174.00
800.55, 150.00
800.84, 153.00
801.13, 151.00
801.43, 149.00
801.72, 182.00
802.01, 149.00
802.30, 147.00
802.60, 148.00
802.89, 157.00
803.18, 150.00
803.47, 148.00
803.77, 150.00
804.06, 153.00
804.35, 150.00
804.64, 163.00
804.94, 149.00
805.23, 145.00
805.52, 146.00
805.81, 150.00
806.10, 146.00
806.39, 149.00
806.69, 148.00
806.98, 151.00
807.27, 146.00
807.56, 154.00
807.85, 154.00
808.14, 143.00
808.44, 157.00
808.73, 151.00
809.02, 165.00
809.31, 154.00
809.60, 154.00
809.89, 158.00
810.18, 151.00
810.48, 157.00
810.77, 157.00
811.06, 151.00
811.35, 151.00
811.64, 151.00
811.93, 169.00
812.22, 153.00
812.51, 152.00
812.80, 149.00
813.09, 150.00
813.38, 148.00
813.67, 164.00
813.96, 149.00
814.26, 149.00
814.55, 147.00
814.84, 152.00
815.13, 154.00
815.42, 151.00
815.71, 154.00
816.00, 146.00
816.29, 159.00
816.58, 152.00
816.87, 149.00
817.16, 146.00
817.45, 153.00
817.74, 151.00
818.03, 151.00
818.32, 150.00
818.61, 149.00
818.90, 152.00
819.19, 145.00
819.48, 153.00
819.76, 150.00
820.05, 149.00
820.34, 153.00
820.63, 148.00
820.92, 149.00
821.21, 150.00
821.50, 153.00
821.79, 152.00
822.08, 146.00
822.37, 152.00
822.66, 148.00
822.95, 153.00
823.23, 148.00
823.52, 166.00
823.81, 149.00
824.10, 144.00
824.39, 151.00
824.68, 149.00
824.97, 164.00
825.26, 149.00
825.54, 190.00
825.83, 151.00
826.12, 143.00
826.41, 148.00
826.70, 139.00
826.99, 157.00
827.27, 149.00
827.56, 170.00
827.85, 147.00
828.14, 152.00
828.43, 154.00
828.71, 153.00
829.00, 147.00
829.29, 151.00
829.58, 152.00
829.86, 153.00
830.15, 157.00
830.44, 157.00
830.73, 151.00
831.01, 145.00
831.30, 152.00
831.59, 153.00
831.88, 149.00
832.16, 149.00
832.45, 153.00
832.74, 148.00
833.03, 149.00
833.31, 159.00
833.60, 150.00
833.89, 150.00
834.17, 155.00
834.46, 150.00
834.75, 144.00
835.03, 147.00
835.32, 148.00
835.61, 146.00
835.89, 160.00
836.18, 146.00
836.47, 141.00
836.75, 149.00
837.04, 152.00
837.33, 153.00
837.61, 147.00
837.90, 146.00
838.19, 147.00
838.47, 145.00
838.76, 146.00
839.04, 143.00
839.33, 148.00
839.62, 149.00
839.90, 146.00
840.19, 147.00
840.47, 147.00
840.76, 173.00
841.04, 149.00
841.33, 153.00
841.62, 150.00
841.90, 153.00
842.19, 146.00
842.47, 287.00
842.76, 147.00
843.04, 154.00
843.33, 164.00
843.61, 157.00
843.90, 150.00
844.18, 145.00
844.47, 150.00
844.75, 157.00
845.04, 148.00
845.32, 145.00
845.61, 143.00
845.89, 149.00
846.18, 142.00
846.46, 147.00
846.75, 145.00
847.03, 160.00
847.32, 147.00
847.60, 145.00
847.88, 150.00
848.17, 153.00
848.45, 165.00
848.74, 150.00
849.02, 146.00
849.31, 151.00
849.59, 150.00
849.87, 150.00
850.16, 146.00
850.44, 150.00
850.73, 174.00
851.01, 150.00
851.29, 146.00
851.58, 150.00
851.86, 150.00
852.14, 148.00
852.43, 152.00
852.71, 149.00
853.00, 148.00
853.28, 153.00
853.56, 154.00
853.85, 154.00
854.13, 148.00
854.41, 145.00
854.69, 148.00
854.98, 149.00
855.26, 196.00
855.54, 149.00
855.83, 142.00
856.11, 156.00
856.39, 143.00
856.68, 146.00
856.96, 146.00
857.24, 145.00
857.52, 151.00
857.81, 147.00
858.09, 146.00
858.37, 147.00
858.65, 151.00
858.94, 144.00
859.22, 145.00
