190.05, 0.00
190.41, 136.00
190.77, 133.00
191.14, 135.00
191.50, 137.00
191.86, 164.00
192.22, 149.00
192.58, 153.00
192.94, 144.00
193.31, 148.00
193.67, 147.00
194.03, 154.00
194.39, 146.00
194.75, 144.00
195.11, 159.00
195.47, 163.00
195.84, 145.00
196.20, 143.00
196.56, 167.00
196.92, 143.00
197.28, 148.00
197.64, 141.00
198.00, 143.00
198.37, 153.00
198.73, 147.00
199.09, 146.00
199.45, 146.00
199.81, 151.00
200.17, 152.00
200.53, 147.00
200.89, 154.00
201.25, 181.00
201.62, 147.00
201.98, 145.00
202.34, 145.00
202.70, 157.00
203.06, 142.00
203.42, 143.00
203.78, 147.00
204.14, 144.00
204.50, 171.00
204.86, 156.00
205.22, 152.00
205.58, 148.00
205.95, 144.00
206.31, 145.00
206.67, 147.00
207.03, 148.00
207.39, 147.00
207.75, 142.00
208.11, 150.00
208.47, 146.00
208.83, 148.00
209.19, 146.00
209.55, 141.00
209.91, 146.00
210.27, 147.00
210.63, 145.00
210.99, 154.00
211.35, 145.00
211.71, 154.00
212.07, 149.00
212.43, 149.00
212.79, 146.00
213.15, 146.00
213.51, 144.00
213.87, 149.00
214.23, 147.00
214.59, 145.00
214.95, 142.00
215.31, 146.00
215.67, 143.00
216.03, 180.00
216.39, 144.00
216.75, 146.00
217.11, 146.00
217.47, 145.00
217.83, 142.00
218.19, 143.00
218.55, 151.00
218.91, 151.00
219.27, 146.00
219.63, 140.00
219.99, 143.00
220.35, 144.00
220.71, 155.00
221.07, 140.00
221.43, 152.00
221.79, 140.00
222.15, 145.00
222.51, 144.00
222.87, 149.00
223.23, 144.00
223.59, 143.00
223.95, 144.00
224.31, 144.00
224.67, 144.00
225.03, 151.00
225.39, 152.00
225.74, 153.00
226.10, 146.00
226.46, 145.00
226.82, 147.00
227.18, 147.00
227.54, 145.00
227.90, 150.00
228.26, 147.00
228.62, 157.00
228.98, 148.00
229.34, 144.00
229.69, 143.00
230.05, 145.00
230.41, 148.00
230.77, 150.00
231.13, 156.00
231.49, 149.00
231.85, 150.00
232.21, 148.00
232.57, 152.00
232.92, 145.00
233.28, 152.00
233.64, 152.00
234.00, 145.00
234.36, 145.00
234.72, 147.00
235.08, 146.00
235.44, 148.00
235.79, 148.00
236.15, 148.00
236.51, 143.00
236.87, 142.00
237.23, 148.00
237.59, 146.00
237.94, 157.00
238.30, 149.00
238.66, 144.00
239.02, 143.00
239.38, 141.00
239.74, 144.00
240.09, 161.00
240.45, 147.00
240.81, 145.00
241.17, 155.00
241.53, 151.00
241.89, 141.00
242.24, 138.00
242.60, 141.00
242.96, 150.00
243.32, 146.00
243.68, 144.00
244.03, 140.00
244.39, 148.00
244.75, 161.00
245.11, 153.00
245.46, 147.00
245.82, 166.00
246.18, 146.00
246.54, 149.00
246.90, 139.00
247.25, 141.00
247.61, 143.00
247.97, 182.00
248.33, 150.00
248.68, 147.00
249.04, 145.00
249.40, 146.00
249.76, 150.00
250.11, 142.00
250.47, 148.00
250.83, 154.00
251.19, 150.00
251.54, 157.00
251.90, 146.00
252.26, 148.00
252.62, 145.00
252.97, 150.00
253.33, 143.00
253.69, 140.00
254.05, 148.00
254.40, 148.00
254.76, 142.00
255.12, 176.00
255.47, 152.00
255.83, 149.00
256.19, 148.00
256.54, 145.00
256.90, 139.00
257.26, 142.00
257.62, 146.00
257.97, 140.00
258.33, 148.00
258.69, 142.00
259.04, 148.00
259.40, 148.00
259.76, 149.00
260.11, 145.00
260.47, 146.00
260.83, 151.00
261.18, 140.00
261.54, 151.00
261.90, 149.00
262.25, 141.00
262.61, 143.00
262.97, 148.00
263.32, 145.00
263.68, 144.00
264.04, 150.00
264.39, 145.00
264.75, 145.00
265.10, 148.00
265.46, 190.00
265.82, 159.00
266.17, 143.00
266.53, 146.00
266.89, 152.00
267.24, 156.00
267.60, 145.00
267.95, 150.00
268.31, 148.00
268.67, 143.00
269.02, 149.00
269.38, 141.00
269.74, 154.00
270.09, 143.00
270.45, 147.00
270.80, 171.00
271.16, 152.00
271.51, 153.00
271.87, 158.00
272.23, 161.00
272.58, 155.00
272.94, 147.00
273.29, 145.00
273.65, 199.00
274.00, 145.00
274.36, 152.00
274.72, 148.00
275.07, 145.00
275.43, 151.00
275.78, 151.00
276.14, 149.00
276.49, 151.00
276.85, 157.00
277.20, 171.00
277.56, 145.00
277.92, 148.00
278.27, 155.00
278.63, 155.00
278.98, 148.00
279.34, 153.00
279.69, 152.00
280.05, 171.00
280.40, 159.00
280.76, 166.00
281.11, 159.00
281.47, 162.00
281.82, 158.00
282.18, 161.00
282.53, 171.00
282.89, 168.00
283.24, 170.00
283.60, 172.00
283.95, 187.00
284.31, 174.00
284.66, 187.00
285.02, 197.00
285.37, 189.00
285.73, 189.00
286.08, 187.00
286.44, 167.00
286.79, 168.00
287.14, 167.00
287.50, 163.00
287.85, 157.00
288.21, 157.00
288.56, 163.00
288.92, 167.00
289.27, 164.00
289.63, 167.00
289.98, 169.00
290.34, 159.00
290.69, 172.00
291.04, 158.00
291.40, 154.00
291.75, 157.00
292.11, 165.00
292.46, 158.00
292.81, 169.00
293.17, 162.00
293.52, 176.00
293.88, 181.00
294.23, 193.00
294.59, 213.00
294.94, 223.00
295.29, 238.00
295.65, 250.00
296.00, 267.00
296.36, 234.00
296.71, 222.00
297.06, 231.00
297.42, 234.00
297.77, 229.00
298.12, 220.00
298.48, 207.00
298.83, 207.00
299.19, 206.00
299.54, 218.00
299.89, 213.00
300.25, 214.00
300.60, 213.00
300.95, 201.00
301.31, 183.00
301.66, 177.00
302.01, 171.00
302.37, 176.00
302.72, 175.00
303.07, 181.00
303.43, 194.00
303.78, 189.00
304.13, 199.00
304.49, 198.00
304.84, 207.00
305.19, 231.00
305.55, 207.00
305.90, 240.00
306.25, 334.00
306.61, 480.00
306.96, 603.00
307.31, 777.00
307.66, 1123.00
308.02, 1514.00
308.37, 1804.00
308.72, 2044.00
309.08, 2079.00
309.43, 1962.00
309.78, 1655.00
310.13, 1411.00
310.49, 1208.00
310.84, 946.00
311.19, 828.00
311.54, 704.00
311.90, 610.00
312.25, 554.00
312.60, 542.00
312.95, 633.00
313.31, 699.00
313.66, 714.00
314.01, 698.00
314.36, 714.00
314.72, 831.00
315.07, 1062.00
315.42, 1251.00
315.77, 1297.00
316.13, 1053.00
316.48, 710.00
316.83, 487.00
317.18, 357.00
317.54, 271.00
317.89, 228.00
318.24, 216.00
318.59, 213.00
318.94, 204.00
319.30, 205.00
319.65, 217.00
320.00, 215.00
320.35, 218.00
320.70, 211.00
321.05, 206.00
321.41, 205.00
321.76, 206.00
322.11, 201.00
322.46, 195.00
322.81, 232.00
323.17, 194.00
323.52, 188.00
323.87, 193.00
324.22, 185.00
324.57, 194.00
324.92, 203.00
325.27, 215.00
325.63, 227.00
325.98, 227.00
326.33, 255.00
326.68, 249.00
327.03, 251.00
327.38, 243.00
327.73, 253.00
328.09, 276.00
328.44, 295.00
328.79, 256.00
329.14, 271.00
329.49, 233.00
329.84, 220.00
330.19, 236.00
330.54, 226.00
330.89, 235.00
331.25, 218.00
331.60, 209.00
331.95, 210.00
332.30, 220.00
332.65, 235.00
333.00, 255.00
333.35, 335.00
333.70, 339.00
334.05, 325.00
334.40, 362.00
334.75, 438.00
335.10, 603.00
335.45, 905.00
335.81, 1301.00
336.16, 1872.00
336.51, 2547.00
336.86, 2646.00
337.21, 2316.00
337.56, 1431.00
337.91, 861.00
338.26, 521.00
338.61, 351.00
338.96, 267.00
339.31, 236.00
339.66, 223.00
340.01, 222.00
340.36, 208.00
340.71, 203.00
341.06, 195.00
341.41, 203.00
341.76, 194.00
342.11, 191.00
342.46, 190.00
342.81, 197.00
343.16, 189.00
343.51, 193.00
343.86, 203.00
344.21, 195.00
344.56, 200.00
344.91, 198.00
345.26, 209.00
345.61, 195.00
345.96, 202.00
346.31, 190.00
346.66, 228.00
347.01, 204.00
347.36, 228.00
347.71, 197.00
348.06, 205.00
348.41, 232.00
348.76, 238.00
349.10, 252.00
349.45, 283.00
349.80, 279.00
350.15, 262.00
350.50, 263.00
350.85, 260.00
351.20, 282.00
351.55, 329.00
351.90, 416.00
352.25, 514.00
352.60, 691.00
352.95, 889.00
353.30, 950.00
353.64, 855.00
353.99, 640.00
354.34, 515.00
354.69, 465.00
355.04, 459.00
355.39, 565.00
355.74, 745.00
356.09, 997.00
356.44, 1298.00
356.78, 1814.00
357.13, 2100.00
357.48, 2027.00
357.83, 1550.00
358.18, 977.00
358.53, 616.00
358.88, 375.00
359.22, 286.00
359.57, 218.00
359.92, 211.00
360.27, 200.00
360.62, 205.00
360.97, 204.00
361.32, 209.00
361.66, 201.00
362.01, 200.00
362.36, 202.00
362.71, 209.00
363.06, 210.00
363.40, 221.00
363.75, 233.00
364.10, 228.00
364.45, 219.00
364.80, 217.00
365.14, 228.00
365.49, 223.00
365.84, 239.00
366.19, 247.00
366.54, 275.00
366.88, 281.00
367.23, 247.00
367.58, 277.00
367.93, 211.00
368.28, 207.00
368.62, 208.00
368.97, 247.00
369.32, 279.00
369.67, 296.00
370.01, 378.00
370.36, 397.00
370.71, 422.00
371.06, 365.00
371.40, 317.00
371.75, 266.00
372.10, 250.00
372.45, 249.00
372.79, 266.00
373.14, 311.00
373.49, 376.00
373.83, 458.00
374.18, 578.00
374.53, 743.00
374.88, 841.00
375.22, 834.00
375.57, 672.00
375.92, 499.00
376.26, 376.00
376.61, 299.00
376.96, 252.00
377.30, 271.00
377.65, 295.00
378.00, 337.00
378.35, 427.00
378.69, 547.00
379.04, 684.00
379.39, 888.00
379.73, 1078.00
380.08, 1083.00
380.43, 813.00
380.77, 580.00
381.12, 483.00
381.47, 357.00
381.81, 282.00
382.16, 241.00
382.50, 229.00
382.85, 283.00
383.20, 218.00
383.54, 226.00
383.89, 236.00
384.24, 236.00
384.58, 249.00
384.93, 281.00
385.27, 279.00
385.62, 276.00
385.97, 269.00
386.31, 253.00
386.66, 285.00
387.00, 263.00
387.35, 277.00
387.70, 301.00
388.04, 397.00
388.39, 403.00
388.73, 471.00
389.08, 530.00
389.43, 581.00
389.77, 639.00
390.12, 729.00
390.46, 938.00
390.81, 1020.00
391.15, 1023.00
391.50, 834.00
391.85, 584.00
392.19, 455.00
392.54, 362.00
392.88, 331.00
393.23, 362.00
393.57, 376.00
393.92, 381.00
394.26, 333.00
394.61, 284.00
394.95, 255.00
395.30, 221.00
395.64, 216.00
395.99, 259.00
396.33, 228.00
396.68, 239.00
397.02, 251.00
397.37, 284.00
397.71, 318.00
398.06, 365.00
398.40, 412.00
398.75, 514.00
399.09, 558.00
399.44, 561.00
399.78, 452.00
400.13, 355.00
400.47, 291.00
400.82, 245.00
401.16, 218.00
401.51, 214.00
401.85, 216.00
402.20, 218.00
402.54, 242.00
402.88, 251.00
403.23, 256.00
403.57, 291.00
403.92, 340.00
404.26, 441.00
404.61, 422.00
404.95, 528.00
405.30, 498.00
405.64, 452.00
405.98, 394.00
406.33, 323.00
406.67, 263.00
407.02, 240.00
407.36, 232.00
407.70, 245.00
408.05, 239.00
408.39, 240.00
408.74, 250.00
409.08, 272.00
409.42, 241.00
409.77, 228.00
410.11, 241.00
410.46, 225.00
410.80, 235.00
411.14, 225.00
411.49, 245.00
411.83, 250.00
412.17, 252.00
412.52, 269.00
412.86, 294.00
413.20, 296.00
413.55, 302.00
413.89, 284.00
414.23, 265.00
414.58, 278.00
414.92, 235.00
415.26, 225.00
415.61, 225.00
415.95, 220.00
416.29, 229.00
416.64, 228.00
416.98, 241.00
417.32, 252.00
417.67, 277.00
418.01, 288.00
418.35, 304.00
418.70, 333.00
419.04, 388.00
419.38, 367.00
419.72, 367.00
420.07, 326.00
420.41, 263.00
420.75, 248.00
421.10, 237.00
421.44, 229.00
421.78, 237.00
422.12, 229.00
422.47, 237.00
422.81, 250.00
423.15, 268.00
423.49, 263.00
423.84, 254.00
424.18, 277.00
424.52, 286.00
424.86, 321.00
425.21, 381.00
425.55, 396.00
425.89, 465.00
426.23, 525.00
426.57, 574.00
426.92, 567.00
427.26, 572.00
427.60, 497.00
427.94, 381.00
428.28, 319.00
428.63, 268.00
428.97, 238.00
429.31, 232.00
429.65, 226.00
429.99, 230.00
430.34, 221.00
430.68, 223.00
431.02, 231.00
431.36, 232.00
431.70, 235.00
432.04, 243.00
432.39, 254.00
432.73, 271.00
433.07, 286.00
433.41, 309.00
433.75, 304.00
434.09, 306.00
434.43, 304.00
434.78, 355.00
435.12, 389.00
435.46, 414.00
435.80, 392.00
436.14, 345.00
436.48, 298.00
436.82, 283.00
437.16, 257.00
437.51, 247.00
437.85, 232.00
438.19, 275.00
438.53, 244.00
438.87, 255.00
439.21, 244.00
439.55, 260.00
439.89, 269.00
440.23, 276.00
440.57, 282.00
440.91, 289.00
441.26, 278.00
441.60, 254.00
441.94, 259.00
442.28, 242.00
442.62, 239.00
442.96, 234.00
443.30, 239.00
443.64, 235.00
443.98, 239.00
444.32, 248.00
444.66, 229.00
445.00, 240.00
445.34, 249.00
445.68, 250.00
446.02, 247.00
446.36, 229.00
446.70, 247.00
447.04, 243.00
447.38, 279.00
447.72, 264.00
448.06, 271.00
448.40, 268.00
448.74, 259.00
449.08, 263.00
449.42, 241.00
449.76, 241.00
450.10, 224.00
450.44, 219.00
450.78, 231.00
451.12, 239.00
451.46, 237.00
451.80, 240.00
452.14, 229.00
452.48, 220.00
452.82, 229.00
453.16, 232.00
453.50, 237.00
453.84, 232.00
454.18, 267.00
454.52, 246.00
454.86, 251.00
455.19, 264.00
455.53, 255.00
455.87, 258.00
456.21, 281.00
456.55, 278.00
456.89, 262.00
457.23, 259.00
457.57, 255.00
457.91, 259.00
458.25, 262.00
458.59, 255.00
458.92, 265.00
459.26, 258.00
459.60, 265.00
459.94, 251.00
460.28, 234.00
460.62, 239.00
460.96, 230.00
461.30, 226.00
461.63, 228.00
461.97, 229.00
462.31, 236.00
462.65, 245.00
462.99, 242.00
463.33, 248.00
463.67, 261.00
464.00, 260.00
464.34, 258.00
464.68, 258.00
465.02, 274.00
465.36, 285.00
465.70, 264.00
466.03, 261.00
466.37, 247.00
466.71, 258.00
467.05, 260.00
467.39, 262.00
467.72, 272.00
468.06, 280.00
468.40, 284.00
468.74, 296.00
469.08, 285.00
469.41, 316.00
469.75, 316.00
470.09, 343.00
470.43, 340.00
470.76, 321.00
471.10, 310.00
471.44, 307.00
471.78, 288.00
472.11, 281.00
472.45, 278.00
472.79, 271.00
473.13, 273.00
473.46, 270.00
473.80, 269.00
474.14, 261.00
474.48, 268.00
474.81, 255.00
475.15, 264.00
475.49, 271.00
475.82, 265.00
476.16, 270.00
476.50, 260.00
476.84, 267.00
477.17, 260.00
477.51, 268.00
477.85, 266.00
478.18, 279.00
478.52, 270.00
478.86, 312.00
479.19, 286.00
479.53, 272.00
479.87, 320.00
480.20, 297.00
480.54, 291.00
480.88, 279.00
481.21, 290.00
481.55, 278.00
481.89, 275.00
482.22, 281.00
482.56, 286.00
482.90, 285.00
483.23, 297.00
483.57, 289.00
483.90, 302.00
484.24, 311.00
484.58, 309.00
484.91, 323.00
485.25, 319.00
485.58, 331.00
485.92, 334.00
486.26, 347.00
486.59, 336.00
486.93, 351.00
487.26, 357.00
487.60, 351.00
487.94, 351.00
488.27, 349.00
488.61, 342.00
488.94, 346.00
489.28, 339.00
489.61, 345.00
489.95, 343.00
490.29, 352.00
490.62, 353.00
490.96, 349.00
491.29, 348.00
491.63, 338.00
491.96, 327.00
492.30, 334.00
492.63, 325.00
492.97, 322.00
493.30, 318.00
493.64, 318.00
493.97, 311.00
494.31, 313.00
494.64, 326.00
494.98, 319.00
495.31, 312.00
495.65, 309.00
495.98, 316.00
496.32, 303.00
496.65, 341.00
496.99, 304.00
497.32, 297.00
497.66, 299.00
497.99, 289.00
498.33, 290.00
498.66, 285.00
499.00, 298.00
499.33, 281.00
499.67, 282.00
500.00, 285.00
500.34, 288.00
500.67, 289.00
501.00, 286.00
501.34, 275.00
501.67, 274.00
502.01, 282.00
502.34, 281.00
502.68, 282.00
503.01, 288.00
503.34, 291.00
503.68, 279.00
504.01, 283.00
504.35, 284.00
504.68, 293.00
505.01, 288.00
505.35, 295.00
505.68, 285.00
506.02, 297.00
506.35, 292.00
506.68, 300.00
507.02, 292.00
507.35, 284.00
507.68, 277.00
508.02, 291.00
508.35, 279.00
508.69, 271.00
509.02, 274.00
509.35, 276.00
509.69, 272.00
510.02, 279.00
510.35, 278.00
510.69, 271.00
511.02, 270.00
511.35, 268.00
511.69, 264.00
512.02, 265.00
512.35, 271.00
512.68, 268.00
513.02, 280.00
513.35, 269.00
513.68, 265.00
514.02, 267.00
514.35, 262.00
514.68, 274.00
515.01, 267.00
515.35, 276.00
515.68, 264.00
516.01, 268.00
516.35, 268.00
516.68, 267.00
517.01, 271.00
517.34, 272.00
517.68, 255.00
518.01, 269.00
518.34, 263.00
518.67, 272.00
519.01, 261.00
519.34, 269.00
519.67, 279.00
520.00, 268.00
520.33, 266.00
520.67, 263.00
521.00, 270.00
521.33, 270.00
521.66, 271.00
522.00, 274.00
522.33, 266.00
522.66, 265.00
522.99, 269.00
523.32, 267.00
523.65, 269.00
523.99, 270.00
524.32, 269.00
524.65, 267.00
524.98, 270.00
525.31, 272.00
525.65, 294.00
525.98, 267.00
526.31, 266.00
526.64, 271.00
526.97, 266.00
527.30, 256.00
527.63, 263.00
527.97, 260.00
528.30, 258.00
528.63, 271.00
528.96, 284.00
529.29, 258.00
529.62, 270.00
529.95, 259.00
530.28, 255.00
530.61, 256.00
530.95, 250.00
531.28, 252.00
531.61, 258.00
531.94, 264.00
532.27, 278.00
532.60, 266.00
532.93, 268.00
533.26, 259.00
533.59, 261.00
533.92, 255.00
534.25, 261.00
534.58, 292.00
534.91, 258.00
535.25, 253.00
535.58, 252.00
535.91, 258.00
536.24, 256.00
536.57, 267.00
536.90, 269.00
537.23, 285.00
537.56, 315.00
537.89, 287.00
538.22, 281.00
538.55, 286.00
538.88, 295.00
539.21, 420.00
539.54, 322.00
539.87, 332.00
540.20, 360.00
540.53, 390.00
540.86, 449.00
541.19, 463.00
541.52, 504.00
541.85, 519.00
542.18, 537.00
542.51, 554.00
542.84, 546.00
543.17, 557.00
543.50, 540.00
543.82, 530.00
544.15, 524.00
544.48, 523.00
544.81, 560.00
545.14, 581.00
545.47, 564.00
545.80, 541.00
546.13, 462.00
546.46, 470.00
546.79, 428.00
547.12, 380.00
547.45, 356.00
547.78, 346.00
548.10, 341.00
548.43, 340.00
548.76, 324.00
549.09, 319.00
549.42, 317.00
549.75, 315.00
550.08, 306.00
550.41, 319.00
550.74, 310.00
551.06, 305.00
551.39, 313.00
551.72, 295.00
552.05, 288.00
552.38, 288.00
552.71, 288.00
553.03, 277.00
553.36, 283.00
553.69, 274.00
554.02, 273.00
554.35, 269.00
554.68, 267.00
555.00, 265.00
555.33, 258.00
555.66, 248.00
555.99, 271.00
556.32, 254.00
556.64, 262.00
556.97, 267.00
557.30, 263.00
557.63, 262.00
557.96, 258.00
558.28, 259.00
558.61, 265.00
558.94, 262.00
559.27, 257.00
559.59, 257.00
559.92, 247.00
560.25, 252.00
560.58, 247.00
560.90, 258.00
561.23, 244.00
561.56, 242.00
561.89, 244.00
562.21, 247.00
562.54, 244.00
562.87, 239.00
563.20, 240.00
563.52, 229.00
563.85, 238.00
564.18, 251.00
564.50, 239.00
564.83, 266.00
565.16, 289.00
565.48, 226.00
565.81, 239.00
566.14, 218.00
566.47, 222.00
566.79, 226.00
567.12, 227.00
567.45, 255.00
567.77, 231.00
568.10, 229.00
568.43, 229.00
568.75, 226.00
569.08, 231.00
569.40, 261.00
569.73, 229.00
570.06, 224.00
570.38, 223.00
570.71, 228.00
571.04, 217.00
571.36, 225.00
571.69, 237.00
572.01, 228.00
572.34, 222.00
572.67, 229.00
572.99, 233.00
573.32, 245.00
573.64, 232.00
573.97, 230.00
574.30, 225.00
574.62, 228.00
574.95, 227.00
575.27, 236.00
575.60, 237.00
575.92, 238.00
576.25, 249.00
576.58, 253.00
576.90, 249.00
577.23, 275.00
577.55, 254.00
577.88, 249.00
578.20, 260.00
578.53, 250.00
578.85, 274.00
579.18, 271.00
579.50, 262.00
579.83, 263.00
580.15, 257.00
580.48, 266.00
580.80, 269.00
581.13, 268.00
581.45, 267.00
581.78, 271.00
582.10, 273.00
582.43, 279.00
582.75, 288.00
583.08, 282.00
583.40, 275.00
583.73, 339.00
584.05, 284.00
584.38, 276.00
584.70, 321.00
585.03, 281.00
585.35, 269.00
585.67, 284.00
586.00, 293.00
586.32, 314.00
586.65, 326.00
586.97, 326.00
587.30, 317.00
587.62, 297.00
587.94, 300.00
588.27, 290.00
588.59, 270.00
588.92, 279.00
589.24, 270.00
589.56, 274.00
589.89, 276.00
590.21, 265.00
590.54, 255.00
590.86, 261.00
591.18, 268.00
591.51, 270.00
591.83, 292.00
592.15, 282.00
592.48, 281.00
592.80, 290.00
593.13, 285.00
593.45, 292.00
593.77, 271.00
594.10, 279.00
594.42, 281.00
594.74, 280.00
595.07, 268.00
595.39, 270.00
595.71, 270.00
596.03, 267.00
596.36, 268.00
596.68, 266.00
597.00, 273.00
597.33, 273.00
597.65, 287.00
597.97, 281.00
598.30, 282.00
598.62, 284.00
598.94, 287.00
599.26, 290.00
599.59, 283.00
599.91, 289.00
600.23, 272.00
600.55, 271.00
600.88, 268.00
601.20, 258.00
601.52, 248.00
601.84, 238.00
602.17, 242.00
602.49, 236.00
602.81, 238.00
603.13, 234.00
603.45, 242.00
603.78, 231.00
604.10, 238.00
604.42, 231.00
604.74, 233.00
605.07, 233.00
605.39, 236.00
605.71, 239.00
606.03, 237.00
606.35, 231.00
606.67, 243.00
607.00, 241.00
607.32, 242.00
607.64, 238.00
607.96, 240.00
608.28, 249.00
608.60, 251.00
608.93, 261.00
609.25, 299.00
609.57, 352.00
609.89, 438.00
610.21, 519.00
610.53, 566.00
610.85, 553.00
611.17, 530.00
611.50, 484.00
611.82, 447.00
612.14, 423.00
612.46, 397.00
612.78, 374.00
613.10, 355.00
613.42, 332.00
613.74, 340.00
614.06, 355.00
614.38, 310.00
614.70, 310.00
615.03, 305.00
615.35, 294.00
615.67, 384.00
615.99, 277.00
616.31, 260.00
616.63, 257.00
616.95, 242.00
617.27, 236.00
617.59, 234.00
617.91, 247.00
618.23, 240.00
618.55, 229.00
618.87, 232.00
619.19, 227.00
619.51, 235.00
619.83, 234.00
620.15, 231.00
620.47, 230.00
620.79, 229.00
621.11, 247.00
621.43, 232.00
621.75, 234.00
622.07, 234.00
622.39, 234.00
622.71, 227.00
623.03, 226.00
623.35, 268.00
623.67, 236.00
623.99, 224.00
624.31, 226.00
624.63, 223.00
624.95, 221.00
625.26, 227.00
625.58, 232.00
625.90, 248.00
626.22, 222.00
626.54, 222.00
626.86, 228.00
627.18, 225.00
627.50, 223.00
627.82, 230.00
628.14, 237.00
628.46, 232.00
628.77, 243.00
629.09, 242.00
629.41, 240.00
629.73, 252.00
630.05, 271.00
630.37, 260.00
630.69, 259.00
631.00, 257.00
631.32, 253.00
631.64, 237.00
631.96, 235.00
632.28, 230.00
632.60, 221.00
632.92, 230.00
633.23, 221.00
633.55, 221.00
633.87, 224.00
634.19, 222.00
634.51, 229.00
634.82, 239.00
635.14, 236.00
635.46, 230.00
635.78, 230.00
636.10, 239.00
636.41, 237.00
636.73, 230.00
637.05, 231.00
637.37, 229.00
637.68, 230.00
638.00, 243.00
638.32, 233.00
638.64, 240.00
638.95, 243.00
639.27, 240.00
639.59, 237.00
639.91, 227.00
640.22, 229.00
640.54, 230.00
640.86, 227.00
641.18, 239.00
641.49, 247.00
641.81, 239.00
642.13, 249.00
642.44, 232.00
642.76, 242.00
643.08, 236.00
643.40, 241.00
643.71, 247.00
644.03, 254.00
644.35, 253.00
644.66, 256.00
644.98, 252.00
645.30, 244.00
645.61, 264.00
645.93, 243.00
646.25, 231.00
646.56, 233.00
646.88, 258.00
647.19, 227.00
647.51, 235.00
647.83, 216.00
648.14, 221.00
648.46, 231.00
648.78, 236.00
649.09, 234.00
649.41, 284.00
649.72, 248.00
650.04, 274.00
650.36, 269.00
650.67, 267.00
650.99, 270.00
651.30, 259.00
651.62, 270.00
651.93, 267.00
652.25, 282.00
652.57, 315.00
652.88, 273.00
653.20, 268.00
653.51, 258.00
653.83, 253.00
654.14, 235.00
654.46, 239.00
654.77, 247.00
655.09, 260.00
655.40, 261.00
655.72, 252.00
656.04, 242.00
656.35, 242.00
656.67, 227.00
656.98, 234.00
657.30, 242.00
657.61, 239.00
657.93, 241.00
658.24, 245.00
658.55, 282.00
658.87, 247.00
659.18, 256.00
659.50, 245.00
659.81, 254.00
660.13, 252.00
660.44, 256.00
660.76, 255.00
661.07, 267.00
661.39, 250.00
661.70, 234.00
662.01, 227.00
662.33, 223.00
662.64, 221.00
662.96, 211.00
663.27, 217.00
663.59, 213.00
663.90, 207.00
664.21, 203.00
664.53, 226.00
664.84, 213.00
665.16, 242.00
665.47, 213.00
665.78, 219.00
666.10, 227.00
666.41, 229.00
666.72, 227.00
667.04, 234.00
667.35, 230.00
667.67, 220.00
667.98, 220.00
668.29, 228.00
668.61, 221.00
668.92, 226.00
669.23, 224.00
669.55, 222.00
669.86, 245.00
670.17, 212.00
670.48, 219.00
670.80, 204.00
671.11, 204.00
671.42, 205.00
671.74, 212.00
672.05, 212.00
672.36, 220.00
672.68, 216.00
672.99, 213.00
673.30, 226.00
673.61, 237.00
673.93, 239.00
674.24, 244.00
674.55, 241.00
674.86, 245.00
675.18, 251.00
675.49, 259.00
675.80, 253.00
676.11, 257.00
676.43, 263.00
676.74, 256.00
677.05, 255.00
677.36, 265.00
677.67, 255.00
677.99, 248.00
678.30, 237.00
678.61, 229.00
678.92, 223.00
679.23, 221.00
679.55, 204.00
679.86, 213.00
680.17, 204.00
680.48, 206.00
680.79, 204.00
681.10, 190.00
681.42, 201.00
681.73, 191.00
682.04, 198.00
682.35, 193.00
682.66, 197.00
682.97, 195.00
683.28, 199.00
683.60, 198.00
683.91, 193.00
684.22, 218.00
684.53, 199.00
684.84, 192.00
685.15, 196.00
685.46, 217.00
685.77, 193.00
686.08, 189.00
686.40, 233.00
686.71, 193.00
687.02, 191.00
687.33, 191.00
687.64, 182.00
687.95, 183.00
688.26, 179.00
688.57, 174.00
688.88, 178.00
689.19, 176.00
689.50, 175.00
689.81, 175.00
690.12, 174.00
690.43, 190.00
690.74, 173.00
691.05, 176.00
691.36, 176.00
691.67, 170.00
691.98, 176.00
692.29, 175.00
692.60, 180.00
692.91, 179.00
693.22, 169.00
693.53, 171.00
693.84, 179.00
694.15, 169.00
694.46, 171.00
694.77, 175.00
695.08, 172.00
695.39, 185.00
695.70, 171.00
696.01, 171.00
696.32, 166.00
696.63, 167.00
696.94, 177.00
697.25, 170.00
697.56, 171.00
697.87, 178.00
698.17, 209.00
698.48, 165.00
698.79, 167.00
699.10, 167.00
699.41, 173.00
699.72, 170.00
700.03, 166.00
700.34, 171.00
700.65, 170.00
700.95, 178.00
701.26, 170.00
701.57, 167.00
701.88, 170.00
702.19, 179.00
702.50, 176.00
702.81, 170.00
703.11, 195.00
703.42, 177.00
703.73, 178.00
704.04, 181.00
704.35, 177.00
704.66, 181.00
704.96, 195.00
705.27, 215.00
705.58, 222.00
705.89, 230.00
706.20, 214.00
706.50, 207.00
706.81, 201.00
707.12, 201.00
707.43, 194.00
707.73, 186.00
708.04, 185.00
708.35, 187.00
708.66, 182.00
708.97, 170.00
709.27, 183.00
709.58, 178.00
709.89, 168.00
710.19, 170.00
710.50, 181.00
710.81, 182.00
711.12, 184.00
711.42, 176.00
711.73, 191.00
712.04, 180.00
712.35, 183.00
712.65, 176.00
712.96, 177.00
713.27, 177.00
713.57, 197.00
713.88, 194.00
714.19, 165.00
714.49, 169.00
714.80, 175.00
715.11, 170.00
715.41, 168.00
715.72, 169.00
716.03, 170.00
716.33, 168.00
716.64, 162.00
716.94, 169.00
717.25, 165.00
717.56, 178.00
717.86, 172.00
718.17, 171.00
718.48, 165.00
718.78, 162.00
719.09, 164.00
719.39, 161.00
719.70, 157.00
720.01, 165.00
720.31, 163.00
720.62, 165.00
720.92, 167.00
721.23, 172.00
721.53, 175.00
721.84, 173.00
722.15, 175.00
722.45, 173.00
722.76, 170.00
723.06, 172.00
723.37, 173.00
723.67, 171.00
723.98, 174.00
724.28, 170.00
724.59, 183.00
724.89, 181.00
725.20, 178.00
725.50, 182.00
725.81, 169.00
726.11, 176.00
726.42, 172.00
726.72, 169.00
727.03, 208.00
727.33, 164.00
727.64, 168.00
727.94, 164.00
728.25, 163.00
728.55, 166.00
728.86, 189.00
729.16, 167.00
729.46, 166.00
729.77, 166.00
730.07, 167.00
730.38, 165.00
730.68, 162.00
730.99, 174.00
731.29, 167.00
731.59, 165.00
731.90, 161.00
732.20, 171.00
732.51, 171.00
732.81, 167.00
733.11, 179.00
733.42, 173.00
733.72, 174.00
734.02, 181.00
734.33, 170.00
734.63, 172.00
734.94, 171.00
735.24, 175.00
735.54, 169.00
735.85, 167.00
736.15, 174.00
736.45, 175.00
736.76, 167.00
737.06, 166.00
737.36, 171.00
737.67, 172.00
737.97, 166.00
738.27, 165.00
738.57, 167.00
738.88, 163.00
739.18, 205.00
739.48, 167.00
739.79, 162.00
740.09, 175.00
740.39, 166.00
740.69, 175.00
741.00, 164.00
741.30, 173.00
741.60, 169.00
741.90, 175.00
742.21, 175.00
742.51, 214.00
742.81, 185.00
743.11, 180.00
743.42, 213.00
743.72, 193.00
744.02, 196.00
744.32, 195.00
744.63, 208.00
744.93, 206.00
745.23, 209.00
745.53, 215.00
745.83, 209.00
746.13, 214.00
746.44, 206.00
746.74, 205.00
747.04, 209.00
747.34, 206.00
747.64, 211.00
747.94, 212.00
748.25, 206.00
748.55, 209.00
748.85, 212.00
749.15, 213.00
749.45, 238.00
749.75, 214.00
750.05, 194.00
750.35, 177.00
750.66, 202.00
750.96, 181.00
751.26, 171.00
751.56, 166.00
751.86, 182.00
752.16, 169.00
752.46, 161.00
752.76, 167.00
753.06, 169.00
753.36, 210.00
753.66, 163.00
753.96, 174.00
754.27, 169.00
754.57, 163.00
754.87, 166.00
755.17, 169.00
755.47, 172.00
755.77, 174.00
756.07, 175.00
756.37, 180.00
756.67, 189.00
756.97, 179.00
757.27, 187.00
757.57, 189.00
757.87, 187.00
758.17, 185.00
758.47, 193.00
758.77, 196.00
759.07, 186.00
759.37, 188.00
759.67, 186.00
759.97, 193.00
760.27, 188.00
760.57, 184.00
760.86, 184.00
761.16, 196.00
761.46, 178.00
761.76, 210.00
762.06, 174.00
762.36, 181.00
762.66, 171.00
762.96, 166.00
763.26, 170.00
763.56, 201.00
763.86, 169.00
764.16, 163.00
764.45, 178.00
764.75, 161.00
765.05, 158.00
765.35, 162.00
765.65, 161.00
765.95, 168.00
766.25, 169.00
766.55, 170.00
766.84, 167.00
767.14, 170.00
767.44, 166.00
767.74, 172.00
768.04, 170.00
768.34, 172.00
768.63, 173.00
768.93, 169.00
769.23, 176.00
769.53, 179.00
769.83, 174.00
770.12, 180.00
770.42, 182.00
770.72, 177.00
771.02, 177.00
771.32, 180.00
771.61, 178.00
771.91, 171.00
772.21, 184.00
772.51, 177.00
772.80, 180.00
773.10, 177.00
773.40, 186.00
773.70, 177.00
773.99, 181.00
774.29, 180.00
774.59, 174.00
774.88, 172.00
775.18, 188.00
775.48, 285.00
775.78, 512.00
776.07, 698.00
776.37, 751.00
776.67, 656.00
776.96, 475.00
777.26, 429.00
777.56, 324.00
777.85, 307.00
778.15, 271.00
778.45, 258.00
778.74, 231.00
779.04, 210.00
779.34, 181.00
779.63, 174.00
779.93, 163.00
780.22, 158.00
780.52, 155.00
780.82, 155.00
781.11, 153.00
781.41, 151.00
781.71, 157.00
782.00, 156.00
782.30, 154.00
782.59, 167.00
782.89, 158.00
783.19, 152.00
783.48, 153.00
783.78, 155.00
784.07, 161.00
784.37, 155.00
784.66, 153.00
784.96, 151.00
785.25, 159.00
785.55, 154.00
785.84, 162.00
786.14, 161.00
786.44, 149.00
786.73, 154.00
787.03, 157.00
787.32, 149.00
787.62, 156.00
787.91, 153.00
788.21, 157.00
788.50, 150.00
788.80, 150.00
789.09, 159.00
789.39, 154.00
789.68, 152.00
789.97, 158.00
790.27, 155.00
790.56, 156.00
790.86, 157.00
791.15, 154.00
791.45, 146.00
791.74, 182.00
792.04, 148.00
792.33, 144.00
792.62, 181.00
792.92, 150.00
793.21, 150.00
793.51, 154.00
793.80, 149.00
794.09, 145.00
794.39, 148.00
794.68, 152.00
794.98, 158.00
795.27, 150.00
795.56, 149.00
795.86, 155.00
796.15, 149.00
796.44, 154.00
796.74, 150.00
797.03, 149.00
797.32, 149.00
797.62, 153.00
797.91, 168.00
798.20, 150.00
798.50, 150.00
798.79, 154.00
799.08, 150.00
799.38, 153.00
799.67, 151.00
799.96, 160.00
800.26, 176.00
800.55, 153.00
800.84, 156.00
801.13, 155.00
801.43, 149.00
801.72, 193.00
802.01, 156.00
802.30, 149.00
802.60, 150.00
802.89, 159.00
803.18, 150.00
803.47, 151.00
803.77, 152.00
804.06, 157.00
804.35, 151.00
804.64, 172.00
804.94, 151.00
805.23, 154.00
805.52, 155.00
805.81, 149.00
806.10, 148.00
806.39, 150.00
806.69, 153.00
806.98, 153.00
807.27, 148.00
807.56, 157.00
807.85, 148.00
808.14, 150.00
808.44, 159.00
808.73, 148.00
809.02, 168.00
809.31, 159.00
809.60, 152.00
809.89, 159.00
810.18, 149.00
810.48, 155.00
810.77, 154.00
811.06, 151.00
811.35, 153.00
811.64, 155.00
811.93, 170.00
812.22, 153.00
812.51, 148.00
812.80, 145.00
813.09, 149.00
813.38, 151.00
813.67, 165.00
813.96, 147.00
814.26, 150.00
814.55, 149.00
814.84, 144.00
815.13, 149.00
815.42, 151.00
815.71, 149.00
816.00, 148.00
816.29, 154.00
816.58, 153.00
816.87, 150.00
817.16, 148.00
817.45, 153.00
817.74, 155.00
818.03, 149.00
818.32, 148.00
818.61, 150.00
818.90, 150.00
819.19, 145.00
819.48, 148.00
819.76, 147.00
820.05, 147.00
820.34, 145.00
820.63, 145.00
820.92, 148.00
821.21, 143.00
821.50, 143.00
821.79, 144.00
822.08, 147.00
822.37, 149.00
822.66, 145.00
822.95, 146.00
823.23, 142.00
823.52, 171.00
823.81, 150.00
824.10, 148.00
824.39, 146.00
824.68, 147.00
824.97, 163.00
825.26, 143.00
825.54, 194.00
825.83, 149.00
826.12, 146.00
826.41, 148.00
826.70, 147.00
826.99, 155.00
827.27, 146.00
827.56, 164.00
827.85, 147.00
828.14, 148.00
828.43, 150.00
828.71, 155.00
829.00, 148.00
829.29, 151.00
829.58, 148.00
829.86, 149.00
830.15, 148.00
830.44, 147.00
830.73, 149.00
831.01, 146.00
831.30, 147.00
831.59, 147.00
831.88, 150.00
832.16, 146.00
832.45, 152.00
832.74, 148.00
833.03, 155.00
833.31, 153.00
833.60, 145.00
833.89, 142.00
834.17, 148.00
834.46, 142.00
834.75, 144.00
835.03, 141.00
835.32, 144.00
835.61, 147.00
835.89, 161.00
836.18, 150.00
836.47, 144.00
836.75, 145.00
837.04, 148.00
837.33, 147.00
837.61, 147.00
837.90, 145.00
838.19, 142.00
838.47, 146.00
838.76, 149.00
839.04, 153.00
839.33, 147.00
839.62, 147.00
839.90, 149.00
840.19, 144.00
840.47, 147.00
840.76, 175.00
841.04, 144.00
841.33, 145.00
841.62, 149.00
841.90, 151.00
842.19, 146.00
842.47, 174.00
842.76, 149.00
843.04, 151.00
843.33, 168.00
843.61, 164.00
843.90, 161.00
844.18, 166.00
844.47, 167.00
844.75, 172.00
845.04, 155.00
845.32, 155.00
845.61, 151.00
845.89, 155.00
846.18, 155.00
846.46, 150.00
846.75, 151.00
847.03, 163.00
847.32, 151.00
847.60, 147.00
847.88, 149.00
848.17, 148.00
848.45, 169.00
848.74, 151.00
849.02, 140.00
849.31, 141.00
849.59, 150.00
849.87, 149.00
850.16, 142.00
850.44, 147.00
850.73, 178.00
851.01, 149.00
851.29, 142.00
851.58, 148.00
851.86, 149.00
852.14, 145.00
852.43, 145.00
852.71, 147.00
853.00, 145.00
853.28, 149.00
853.56, 150.00
853.85, 147.00
854.13, 143.00
854.41, 146.00
854.69, 144.00
854.98, 147.00
855.26, 201.00
855.54, 144.00
855.83, 147.00
856.11, 155.00
856.39, 149.00
856.68, 143.00
856.96, 143.00
857.24, 145.00
857.52, 147.00
857.81, 145.00
858.09, 146.00
858.37, 146.00
858.65, 147.00
858.94, 147.00
859.22, 145.00
