190.05, 0.00
190.41, 131.00
190.77, 137.00
191.14, 139.00
191.50, 145.00
191.86, 160.00
192.22, 147.00
192.58, 147.00
192.94, 145.00
193.31, 142.00
193.67, 146.00
194.03, 153.00
194.39, 143.00
194.75, 145.00
195.11, 152.00
195.47, 163.00
195.84, 148.00
196.20, 150.00
196.56, 165.00
196.92, 145.00
197.28, 150.00
197.64, 151.00
198.00, 147.00
198.37, 143.00
198.73, 142.00
199.09, 144.00
199.45, 137.00
199.81, 152.00
200.17, 149.00
200.53, 145.00
200.89, 153.00
201.25, 186.00
201.62, 145.00
201.98, 149.00
202.34, 148.00
202.70, 153.00
203.06, 144.00
203.42, 145.00
203.78, 150.00
204.14, 146.00
204.50, 169.00
204.86, 161.00
205.22, 157.00
205.58, 151.00
205.95, 149.00
206.31, 149.00
206.67, 148.00
207.03, 152.00
207.39, 150.00
207.75, 150.00
208.11, 150.00
208.47, 149.00
208.83, 146.00
209.19, 151.00
209.55, 146.00
209.91, 148.00
210.27, 155.00
210.63, 145.00
210.99, 153.00
211.35, 148.00
211.71, 150.00
212.07, 150.00
212.43, 147.00
212.79, 146.00
213.15, 149.00
213.51, 147.00
213.87, 149.00
214.23, 152.00
214.59, 150.00
214.95, 147.00
215.31, 149.00
215.67, 147.00
216.03, 183.00
216.39, 147.00
216.75, 150.00
217.11, 149.00
217.47, 153.00
217.83, 150.00
218.19, 148.00
218.55, 154.00
218.91, 152.00
219.27, 143.00
219.63, 150.00
219.99, 148.00
220.35, 148.00
220.71, 156.00
221.07, 151.00
221.43, 150.00
221.79, 146.00
222.15, 149.00
222.51, 150.00
222.87, 147.00
223.23, 148.00
223.59, 142.00
223.95, 149.00
224.31, 144.00
224.67, 147.00
225.03, 153.00
225.39, 152.00
225.74, 150.00
226.10, 149.00
226.46, 147.00
226.82, 147.00
227.18, 150.00
227.54, 149.00
227.90, 156.00
228.26, 153.00
228.62, 159.00
228.98, 143.00
229.34, 144.00
229.69, 145.00
230.05, 153.00
230.41, 148.00
230.77, 152.00
231.13, 159.00
231.49, 155.00
231.85, 144.00
232.21, 154.00
232.57, 154.00
232.92, 148.00
233.28, 152.00
233.64, 152.00
234.00, 145.00
234.36, 148.00
234.72, 150.00
235.08, 149.00
235.44, 153.00
235.79, 145.00
236.15, 144.00
236.51, 144.00
236.87, 149.00
237.23, 150.00
237.59, 147.00
237.94, 156.00
238.30, 149.00
238.66, 143.00
239.02, 147.00
239.38, 143.00
239.74, 147.00
240.09, 155.00
240.45, 148.00
240.81, 146.00
241.17, 151.00
241.53, 151.00
241.89, 143.00
242.24, 151.00
242.60, 147.00
242.96, 153.00
243.32, 145.00
243.68, 145.00
244.03, 151.00
244.39, 149.00
244.75, 160.00
245.11, 144.00
245.46, 150.00
245.82, 169.00
246.18, 145.00
246.54, 150.00
246.90, 144.00
247.25, 143.00
247.61, 143.00
247.97, 187.00
248.33, 144.00
248.68, 141.00
249.04, 144.00
249.40, 144.00
249.76, 147.00
250.11, 147.00
250.47, 157.00
250.83, 153.00
251.19, 148.00
251.54, 154.00
251.90, 150.00
252.26, 146.00
252.62, 146.00
252.97, 149.00
253.33, 142.00
253.69, 148.00
254.05, 154.00
254.40, 148.00
254.76, 148.00
255.12, 177.00
255.47, 152.00
255.83, 151.00
256.19, 144.00
256.54, 142.00
256.90, 143.00
257.26, 144.00
257.62, 148.00
257.97, 145.00
258.33, 148.00
258.69, 143.00
259.04, 146.00
259.40, 145.00
259.76, 147.00
260.11, 152.00
260.47, 146.00
260.83, 147.00
261.18, 145.00
261.54, 152.00
261.90, 152.00
262.25, 150.00
262.61, 147.00
262.97, 147.00
263.32, 153.00
263.68, 147.00
264.04, 151.00
264.39, 147.00
264.75, 146.00
265.10, 146.00
265.46, 195.00
265.82, 162.00
266.17, 147.00
266.53, 146.00
266.89, 150.00
267.24, 153.00
267.60, 147.00
267.95, 144.00
268.31, 147.00
268.67, 148.00
269.02, 144.00
269.38, 139.00
269.74, 155.00
270.09, 144.00
270.45, 145.00
270.80, 163.00
271.16, 150.00
271.51, 146.00
271.87, 154.00
272.23, 153.00
272.58, 152.00
272.94, 145.00
273.29, 144.00
273.65, 188.00
274.00, 146.00
274.36, 151.00
274.72, 148.00
275.07, 145.00
275.43, 147.00
275.78, 153.00
276.14, 146.00
276.49, 153.00
276.85, 161.00
277.20, 164.00
277.56, 149.00
277.92, 147.00
278.27, 149.00
278.63, 151.00
278.98, 147.00
279.34, 144.00
279.69, 147.00
280.05, 163.00
280.40, 154.00
280.76, 158.00
281.11, 153.00
281.47, 149.00
281.82, 146.00
282.18, 149.00
282.53, 156.00
282.89, 156.00
283.24, 162.00
283.60, 155.00
283.95, 156.00
284.31, 149.00
284.66, 160.00
285.02, 152.00
285.37, 158.00
285.73, 157.00
286.08, 156.00
286.44, 150.00
286.79, 157.00
287.14, 158.00
287.50, 157.00
287.85, 151.00
288.21, 147.00
288.56, 149.00
288.92, 150.00
289.27, 148.00
289.63, 154.00
289.98, 163.00
290.34, 152.00
290.69, 159.00
291.04, 147.00
291.40, 148.00
291.75, 151.00
292.11, 151.00
292.46, 145.00
292.81, 152.00
293.17, 148.00
293.52, 151.00
293.88, 156.00
294.23, 156.00
294.59, 154.00
294.94, 157.00
295.29, 167.00
295.65, 169.00
296.00, 181.00
296.36, 162.00
296.71, 163.00
297.06, 160.00
297.42, 169.00
297.77, 166.00
298.12, 162.00
298.48, 162.00
298.83, 161.00
299.19, 163.00
299.54, 161.00
299.89, 161.00
300.25, 159.00
300.60, 166.00
300.95, 159.00
301.31, 157.00
301.66, 153.00
302.01, 158.00
302.37, 149.00
302.72, 154.00
303.07, 153.00
303.43, 159.00
303.78, 159.00
304.13, 164.00
304.49, 163.00
304.84, 166.00
305.19, 199.00
305.55, 161.00
305.90, 170.00
306.25, 200.00
306.61, 240.00
306.96, 270.00
307.31, 340.00
307.66, 476.00
308.02, 587.00
308.37, 681.00
308.72, 738.00
309.08, 750.00
309.43, 708.00
309.78, 613.00
310.13, 529.00
310.49, 457.00
310.84, 363.00
311.19, 325.00
311.54, 287.00
311.90, 244.00
312.25, 232.00
312.60, 235.00
312.95, 259.00
313.31, 278.00
313.66, 276.00
314.01, 291.00
314.36, 288.00
314.72, 301.00
315.07, 354.00
315.42, 388.00
315.77, 414.00
316.13, 341.00
316.48, 271.00
316.83, 218.00
317.18, 192.00
317.54, 170.00
317.89, 167.00
318.24, 169.00
318.59, 164.00
318.94, 157.00
319.30, 159.00
319.65, 165.00
320.00, 159.00
320.35, 160.00
320.70, 158.00
321.05, 159.00
321.41, 162.00
321.76, 162.00
322.11, 157.00
322.46, 158.00
322.81, 199.00
323.17, 160.00
323.52, 159.00
323.87, 156.00
324.22, 156.00
324.57, 160.00
324.92, 160.00
325.27, 164.00
325.63, 166.00
325.98, 163.00
326.33, 168.00
326.68, 165.00
327.03, 162.00
327.38, 164.00
327.73, 170.00
328.09, 184.00
328.44, 207.00
328.79, 183.00
329.14, 224.00
329.49, 190.00
329.84, 185.00
330.19, 186.00
330.54, 178.00
330.89, 183.00
331.25, 168.00
331.60, 169.00
331.95, 169.00
332.30, 164.00
332.65, 167.00
333.00, 176.00
333.35, 216.00
333.70, 214.00
334.05, 185.00
334.40, 192.00
334.75, 199.00
335.10, 231.00
335.45, 286.00
335.81, 371.00
336.16, 509.00
336.51, 666.00
336.86, 693.00
337.21, 623.00
337.56, 435.00
337.91, 309.00
338.26, 224.00
338.61, 185.00
338.96, 173.00
339.31, 163.00
339.66, 166.00
340.01, 169.00
340.36, 158.00
340.71, 158.00
341.06, 157.00
341.41, 161.00
341.76, 157.00
342.11, 162.00
342.46, 159.00
342.81, 163.00
343.16, 160.00
343.51, 166.00
343.86, 162.00
344.21, 155.00
344.56, 159.00
344.91, 158.00
345.26, 166.00
345.61, 157.00
345.96, 158.00
346.31, 158.00
346.66, 178.00
347.01, 156.00
347.36, 176.00
347.71, 158.00
348.06, 156.00
348.41, 170.00
348.76, 177.00
349.10, 169.00
349.45, 175.00
349.80, 176.00
350.15, 183.00
350.50, 177.00
350.85, 181.00
351.20, 181.00
351.55, 194.00
351.90, 218.00
352.25, 236.00
352.60, 279.00
352.95, 336.00
353.30, 374.00
353.64, 350.00
353.99, 288.00
354.34, 282.00
354.69, 269.00
355.04, 278.00
355.39, 313.00
355.74, 372.00
356.09, 422.00
356.44, 471.00
356.78, 558.00
357.13, 604.00
357.48, 580.00
357.83, 475.00
358.18, 355.00
358.53, 273.00
358.88, 204.00
359.22, 196.00
359.57, 167.00
359.92, 162.00
360.27, 161.00
360.62, 167.00
360.97, 164.00
361.32, 164.00
361.66, 163.00
362.01, 163.00
362.36, 166.00
362.71, 164.00
363.06, 168.00
363.40, 172.00
363.75, 164.00
364.10, 171.00
364.45, 168.00
364.80, 168.00
365.14, 163.00
365.49, 173.00
365.84, 164.00
366.19, 166.00
366.54, 171.00
366.88, 185.00
367.23, 160.00
367.58, 214.00
367.93, 160.00
368.28, 163.00
368.62, 164.00
368.97, 170.00
369.32, 174.00
369.67, 173.00
370.01, 197.00
370.36, 198.00
370.71, 222.00
371.06, 191.00
371.40, 189.00
371.75, 167.00
372.10, 172.00
372.45, 163.00
372.79, 167.00
373.14, 175.00
373.49, 182.00
373.83, 205.00
374.18, 232.00
374.53, 253.00
374.88, 288.00
375.22, 279.00
375.57, 256.00
375.92, 214.00
376.26, 192.00
376.61, 180.00
376.96, 163.00
377.30, 173.00
377.65, 179.00
378.00, 176.00
378.35, 197.00
378.69, 230.00
379.04, 239.00
379.39, 300.00
379.73, 332.00
380.08, 346.00
380.43, 293.00
380.77, 245.00
381.12, 225.00
381.47, 201.00
381.81, 174.00
382.16, 169.00
382.50, 169.00
382.85, 237.00
383.20, 170.00
383.54, 173.00
383.89, 176.00
384.24, 184.00
384.58, 191.00
384.93, 212.00
385.27, 202.00
385.62, 204.00
385.97, 202.00
386.31, 200.00
386.66, 232.00
387.00, 201.00
387.35, 211.00
387.70, 232.00
388.04, 329.00
388.39, 300.00
388.73, 383.00
389.08, 515.00
389.43, 665.00
389.77, 846.00
390.12, 1072.00
390.46, 1499.00
390.81, 1654.00
391.15, 1624.00
391.50, 1211.00
391.85, 765.00
392.19, 521.00
392.54, 335.00
392.88, 234.00
393.23, 207.00
393.57, 208.00
393.92, 200.00
394.26, 187.00
394.61, 176.00
394.95, 167.00
395.30, 165.00
395.64, 163.00
395.99, 198.00
396.33, 168.00
396.68, 164.00
397.02, 168.00
397.37, 174.00
397.71, 177.00
398.06, 183.00
398.40, 198.00
398.75, 218.00
399.09, 221.00
399.44, 225.00
399.78, 208.00
400.13, 188.00
400.47, 178.00
400.82, 163.00
401.16, 159.00
401.51, 166.00
401.85, 160.00
402.20, 158.00
402.54, 169.00
402.88, 166.00
403.23, 155.00
403.57, 173.00
403.92, 205.00
404.26, 258.00
404.61, 225.00
404.95, 267.00
405.30, 227.00
405.64, 216.00
405.98, 226.00
406.33, 195.00
406.67, 170.00
407.02, 164.00
407.36, 175.00
407.70, 172.00
408.05, 172.00
408.39, 176.00
408.74, 175.00
409.08, 190.00
409.42, 176.00
409.77, 172.00
410.11, 177.00
410.46, 166.00
410.80, 181.00
411.14, 178.00
411.49, 181.00
411.83, 189.00
412.17, 182.00
412.52, 183.00
412.86, 198.00
413.20, 200.00
413.55, 188.00
413.89, 187.00
414.23, 180.00
414.58, 220.00
414.92, 177.00
415.26, 174.00
415.61, 172.00
415.95, 174.00
416.29, 170.00
416.64, 172.00
416.98, 178.00
417.32, 178.00
417.67, 207.00
418.01, 215.00
418.35, 219.00
418.70, 236.00
419.04, 277.00
419.38, 261.00
419.72, 257.00
420.07, 231.00
420.41, 196.00
420.75, 183.00
421.10, 172.00
421.44, 184.00
421.78, 178.00
422.12, 183.00
422.47, 183.00
422.81, 194.00
423.15, 197.00
423.49, 206.00
423.84, 195.00
424.18, 208.00
424.52, 218.00
424.86, 245.00
425.21, 305.00
425.55, 337.00
425.89, 412.00
426.23, 486.00
426.57, 622.00
426.92, 688.00
427.26, 738.00
427.60, 630.00
427.94, 444.00
428.28, 337.00
428.63, 267.00
428.97, 215.00
429.31, 188.00
429.65, 173.00
429.99, 170.00
430.34, 170.00
430.68, 171.00
431.02, 175.00
431.36, 160.00
431.70, 171.00
432.04, 162.00
432.39, 168.00
432.73, 176.00
433.07, 180.00
433.41, 185.00
433.75, 193.00
434.09, 190.00
434.43, 190.00
434.78, 256.00
435.12, 305.00
435.46, 335.00
435.80, 301.00
436.14, 272.00
436.48, 237.00
436.82, 226.00
437.16, 205.00
437.51, 182.00
437.85, 179.00
438.19, 220.00
438.53, 178.00
438.87, 196.00
439.21, 181.00
439.55, 189.00
439.89, 190.00
440.23, 189.00
440.57, 193.00
440.91, 194.00
441.26, 184.00
441.60, 184.00
441.94, 180.00
442.28, 185.00
442.62, 178.00
442.96, 172.00
443.30, 181.00
443.64, 180.00
443.98, 173.00
444.32, 178.00
444.66, 175.00
445.00, 182.00
445.34, 185.00
445.68, 183.00
446.02, 182.00
446.36, 177.00
446.70, 179.00
447.04, 177.00
447.38, 197.00
447.72, 179.00
448.06, 178.00
448.40, 185.00
448.74, 174.00
449.08, 180.00
449.42, 181.00
449.76, 187.00
450.10, 182.00
450.44, 179.00
450.78, 173.00
451.12, 179.00
451.46, 180.00
451.80, 180.00
452.14, 170.00
452.48, 173.00
452.82, 177.00
453.16, 177.00
453.50, 176.00
453.84, 168.00
454.18, 208.00
454.52, 180.00
454.86, 179.00
455.19, 192.00
455.53, 182.00
455.87, 174.00
456.21, 181.00
456.55, 178.00
456.89, 187.00
457.23, 187.00
457.57, 187.00
457.91, 198.00
458.25, 196.00
458.59, 200.00
458.92, 221.00
459.26, 215.00
459.60, 217.00
459.94, 197.00
460.28, 186.00
460.62, 186.00
460.96, 178.00
461.30, 175.00
461.63, 173.00
461.97, 174.00
462.31, 171.00
462.65, 169.00
462.99, 182.00
463.33, 177.00
463.67, 184.00
464.00, 187.00
464.34, 188.00
464.68, 186.00
465.02, 199.00
465.36, 192.00
465.70, 183.00
466.03, 190.00
466.37, 177.00
466.71, 184.00
467.05, 190.00
467.39, 205.00
467.72, 220.00
468.06, 226.00
468.40, 233.00
468.74, 247.00
469.08, 249.00
469.41, 267.00
469.75, 301.00
470.09, 313.00
470.43, 321.00
470.76, 280.00
471.10, 256.00
471.44, 245.00
471.78, 218.00
472.11, 209.00
472.45, 199.00
472.79, 188.00
473.13, 188.00
473.46, 194.00
473.80, 185.00
474.14, 183.00
474.48, 190.00
474.81, 176.00
475.15, 177.00
475.49, 183.00
475.82, 186.00
476.16, 184.00
476.50, 181.00
476.84, 186.00
477.17, 179.00
477.51, 186.00
477.85, 171.00
478.18, 194.00
478.52, 171.00
478.86, 222.00
479.19, 184.00
479.53, 179.00
479.87, 222.00
480.20, 184.00
480.54, 183.00
480.88, 178.00
481.21, 184.00
481.55, 181.00
481.89, 186.00
482.22, 186.00
482.56, 197.00
482.90, 196.00
483.23, 200.00
483.57, 204.00
483.90, 207.00
484.24, 212.00
484.58, 221.00
484.91, 229.00
485.25, 231.00
485.58, 235.00
485.92, 242.00
486.26, 243.00
486.59, 244.00
486.93, 252.00
487.26, 242.00
487.60, 253.00
487.94, 244.00
488.27, 242.00
488.61, 234.00
488.94, 243.00
489.28, 240.00
489.61, 233.00
489.95, 230.00
490.29, 237.00
490.62, 239.00
490.96, 231.00
491.29, 237.00
491.63, 233.00
491.96, 226.00
492.30, 233.00
492.63, 220.00
492.97, 219.00
493.30, 216.00
493.64, 213.00
493.97, 216.00
494.31, 217.00
494.64, 220.00
494.98, 222.00
495.31, 222.00
495.65, 207.00
495.98, 215.00
496.32, 203.00
496.65, 242.00
496.99, 203.00
497.32, 201.00
497.66, 198.00
497.99, 197.00
498.33, 192.00
498.66, 191.00
499.00, 194.00
499.33, 186.00
499.67, 195.00
500.00, 187.00
500.34, 202.00
500.67, 202.00
501.00, 201.00
501.34, 191.00
501.67, 184.00
502.01, 193.00
502.34, 181.00
502.68, 189.00
503.01, 198.00
503.34, 191.00
503.68, 198.00
504.01, 192.00
504.35, 189.00
504.68, 194.00
505.01, 194.00
505.35, 187.00
505.68, 193.00
506.02, 189.00
506.35, 197.00
506.68, 209.00
507.02, 201.00
507.35, 197.00
507.68, 197.00
508.02, 197.00
508.35, 197.00
508.69, 182.00
509.02, 175.00
509.35, 187.00
509.69, 177.00
510.02, 189.00
510.35, 182.00
510.69, 176.00
511.02, 181.00
511.35, 178.00
511.69, 185.00
512.02, 179.00
512.35, 182.00
512.68, 180.00
513.02, 188.00
513.35, 182.00
513.68, 180.00
514.02, 185.00
514.35, 179.00
514.68, 183.00
515.01, 174.00
515.35, 182.00
515.68, 178.00
516.01, 176.00
516.35, 178.00
516.68, 171.00
517.01, 177.00
517.34, 177.00
517.68, 173.00
518.01, 184.00
518.34, 175.00
518.67, 178.00
519.01, 181.00
519.34, 177.00
519.67, 193.00
520.00, 191.00
520.33, 191.00
520.67, 182.00
521.00, 186.00
521.33, 187.00
521.66, 197.00
522.00, 203.00
522.33, 207.00
522.66, 191.00
522.99, 185.00
523.32, 191.00
523.65, 183.00
523.99, 184.00
524.32, 184.00
524.65, 184.00
524.98, 184.00
525.31, 188.00
525.65, 215.00
525.98, 185.00
526.31, 177.00
526.64, 196.00
526.97, 181.00
527.30, 178.00
527.63, 181.00
527.97, 178.00
528.30, 179.00
528.63, 182.00
528.96, 207.00
529.29, 173.00
529.62, 181.00
529.95, 171.00
530.28, 176.00
530.61, 175.00
530.95, 169.00
531.28, 169.00
531.61, 180.00
531.94, 178.00
532.27, 190.00
532.60, 184.00
532.93, 183.00
533.26, 175.00
533.59, 177.00
533.92, 187.00
534.25, 179.00
534.58, 212.00
534.91, 185.00
535.25, 181.00
535.58, 171.00
535.91, 173.00
536.24, 190.00
536.57, 195.00
536.90, 188.00
537.23, 201.00
537.56, 233.00
537.89, 199.00
538.22, 212.00
538.55, 210.00
538.88, 224.00
539.21, 334.00
539.54, 233.00
539.87, 247.00
540.20, 284.00
540.53, 301.00
540.86, 378.00
541.19, 382.00
541.52, 411.00
541.85, 442.00
542.18, 453.00
542.51, 458.00
542.84, 468.00
543.17, 474.00
543.50, 459.00
543.82, 458.00
544.15, 456.00
544.48, 443.00
544.81, 468.00
545.14, 507.00
545.47, 475.00
545.80, 468.00
546.13, 383.00
546.46, 382.00
546.79, 345.00
547.12, 293.00
547.45, 282.00
547.78, 275.00
548.10, 268.00
548.43, 268.00
548.76, 257.00
549.09, 245.00
549.42, 244.00
549.75, 243.00
550.08, 234.00
550.41, 233.00
550.74, 245.00
551.06, 222.00
551.39, 235.00
551.72, 229.00
552.05, 212.00
552.38, 214.00
552.71, 207.00
553.03, 211.00
553.36, 202.00
553.69, 202.00
554.02, 191.00
554.35, 192.00
554.68, 184.00
555.00, 187.00
555.33, 192.00
555.66, 179.00
555.99, 204.00
556.32, 191.00
556.64, 190.00
556.97, 196.00
557.30, 191.00
557.63, 196.00
557.96, 196.00
558.28, 197.00
558.61, 195.00
558.94, 193.00
559.27, 194.00
559.59, 195.00
559.92, 189.00
560.25, 187.00
560.58, 186.00
560.90, 199.00
561.23, 189.00
561.56, 191.00
561.89, 186.00
562.21, 185.00
562.54, 183.00
562.87, 180.00
563.20, 180.00
563.52, 172.00
563.85, 170.00
564.18, 192.00
564.50, 174.00
564.83, 203.00
565.16, 226.00
565.48, 167.00
565.81, 176.00
566.14, 164.00
566.47, 166.00
566.79, 169.00
567.12, 159.00
567.45, 188.00
567.77, 167.00
568.10, 167.00
568.43, 168.00
568.75, 165.00
569.08, 174.00
569.40, 204.00
569.73, 167.00
570.06, 170.00
570.38, 165.00
570.71, 169.00
571.04, 165.00
571.36, 170.00
571.69, 173.00
572.01, 166.00
572.34, 170.00
572.67, 176.00
572.99, 166.00
573.32, 181.00
573.64, 167.00
573.97, 168.00
574.30, 174.00
574.62, 170.00
574.95, 172.00
575.27, 177.00
575.60, 170.00
575.92, 187.00
576.25, 182.00
576.58, 190.00
576.90, 181.00
577.23, 214.00
577.55, 188.00
577.88, 182.00
578.20, 182.00
578.53, 191.00
578.85, 209.00
579.18, 200.00
579.50, 194.00
579.83, 201.00
580.15, 204.00
580.48, 203.00
580.80, 204.00
581.13, 208.00
581.45, 201.00
581.78, 205.00
582.10, 210.00
582.43, 218.00
582.75, 214.00
583.08, 211.00
583.40, 210.00
583.73, 276.00
584.05, 223.00
584.38, 212.00
584.70, 261.00
585.03, 214.00
585.35, 214.00
585.67, 223.00
586.00, 236.00
586.32, 261.00
586.65, 270.00
586.97, 273.00
587.30, 269.00
587.62, 240.00
587.94, 240.00
588.27, 228.00
588.59, 216.00
588.92, 212.00
589.24, 200.00
589.56, 208.00
589.89, 214.00
590.21, 201.00
590.54, 197.00
590.86, 201.00
591.18, 194.00
591.51, 200.00
591.83, 212.00
592.15, 218.00
592.48, 217.00
592.80, 214.00
593.13, 204.00
593.45, 214.00
593.77, 211.00
594.10, 209.00
594.42, 202.00
594.74, 193.00
595.07, 201.00
595.39, 203.00
595.71, 205.00
596.03, 207.00
596.36, 209.00
596.68, 202.00
597.00, 208.00
597.33, 203.00
597.65, 213.00
597.97, 213.00
598.30, 215.00
598.62, 211.00
598.94, 220.00
599.26, 218.00
599.59, 211.00
599.91, 216.00
600.23, 197.00
600.55, 204.00
600.88, 201.00
601.20, 194.00
601.52, 191.00
601.84, 186.00
602.17, 183.00
602.49, 182.00
602.81, 172.00
603.13, 181.00
603.45, 178.00
603.78, 176.00
604.10, 177.00
604.42, 173.00
604.74, 174.00
605.07, 174.00
605.39, 175.00
605.71, 172.00
606.03, 180.00
606.35, 171.00
606.67, 188.00
607.00, 194.00
607.32, 182.00
607.64, 189.00
607.96, 190.00
608.28, 190.00
608.60, 202.00
608.93, 217.00
609.25, 252.00
609.57, 313.00
609.89, 379.00
610.21, 462.00
610.53, 498.00
610.85, 499.00
611.17, 466.00
611.50, 428.00
611.82, 396.00
612.14, 370.00
612.46, 344.00
612.78, 320.00
613.10, 306.00
613.42, 279.00
613.74, 286.00
614.06, 301.00
614.38, 277.00
614.70, 264.00
615.03, 260.00
615.35, 249.00
615.67, 328.00
615.99, 226.00
616.31, 213.00
616.63, 211.00
616.95, 201.00
617.27, 200.00
617.59, 189.00
617.91, 197.00
618.23, 197.00
618.55, 189.00
618.87, 191.00
619.19, 192.00
619.51, 189.00
619.83, 195.00
620.15, 188.00
620.47, 188.00
620.79, 196.00
621.11, 195.00
621.43, 192.00
621.75, 202.00
622.07, 186.00
622.39, 186.00
622.71, 190.00
623.03, 181.00
623.35, 230.00
623.67, 190.00
623.99, 182.00
624.31, 185.00
624.63, 191.00
624.95, 186.00
625.26, 185.00
625.58, 184.00
625.90, 211.00
626.22, 183.00
626.54, 181.00
626.86, 190.00
627.18, 182.00
627.50, 186.00
627.82, 184.00
628.14, 184.00
628.46, 192.00
628.77, 185.00
629.09, 196.00
629.41, 203.00
629.73, 207.00
630.05, 221.00
630.37, 217.00
630.69, 211.00
631.00, 216.00
631.32, 210.00
631.64, 201.00
631.96, 188.00
632.28, 191.00
632.60, 190.00
632.92, 178.00
633.23, 184.00
633.55, 188.00
633.87, 187.00
634.19, 181.00
634.51, 182.00
634.82, 197.00
635.14, 197.00
635.46, 187.00
635.78, 192.00
636.10, 188.00
636.41, 187.00
636.73, 189.00
637.05, 186.00
637.37, 189.00
637.68, 185.00
638.00, 185.00
638.32, 193.00
638.64, 200.00
638.95, 216.00
639.27, 205.00
639.59, 213.00
639.91, 203.00
640.22, 202.00
640.54, 193.00
640.86, 192.00
641.18, 197.00
641.49, 203.00
641.81, 188.00
642.13, 194.00
642.44, 173.00
642.76, 178.00
643.08, 176.00
643.40, 174.00
643.71, 174.00
644.03, 183.00
644.35, 181.00
644.66, 191.00
644.98, 183.00
645.30, 178.00
645.61, 193.00
645.93, 173.00
646.25, 173.00
646.56, 182.00
646.88, 198.00
647.19, 163.00
647.51, 172.00
647.83, 165.00
648.14, 162.00
648.46, 165.00
648.78, 174.00
649.09, 169.00
649.41, 210.00
649.72, 174.00
650.04, 179.00
650.36, 181.00
650.67, 176.00
650.99, 181.00
651.30, 176.00
651.62, 175.00
651.93, 173.00
652.25, 189.00
652.57, 216.00
652.88, 183.00
653.20, 182.00
653.51, 179.00
653.83, 178.00
654.14, 165.00
654.46, 181.00
654.77, 172.00
655.09, 177.00
655.40, 184.00
655.72, 169.00
656.04, 169.00
656.35, 170.00
656.67, 171.00
656.98, 164.00
657.30, 170.00
657.61, 170.00
657.93, 175.00
658.24, 172.00
658.55, 215.00
658.87, 176.00
659.18, 177.00
659.50, 176.00
659.81, 177.00
660.13, 178.00
660.44, 175.00
660.76, 177.00
661.07, 196.00
661.39, 175.00
661.70, 172.00
662.01, 171.00
662.33, 169.00
662.64, 167.00
662.96, 164.00
663.27, 164.00
663.59, 161.00
663.90, 167.00
664.21, 162.00
664.53, 186.00
664.84, 160.00
665.16, 187.00
665.47, 164.00
665.78, 165.00
666.10, 172.00
666.41, 185.00
666.72, 184.00
667.04, 200.00
667.35, 189.00
667.67, 187.00
667.98, 182.00
668.29, 179.00
668.61, 169.00
668.92, 171.00
669.23, 169.00
669.55, 171.00
669.86, 194.00
670.17, 170.00
670.48, 166.00
670.80, 166.00
671.11, 155.00
671.42, 156.00
671.74, 166.00
672.05, 160.00
672.36, 164.00
672.68, 159.00
672.99, 166.00
673.30, 165.00
673.61, 166.00
673.93, 161.00
674.24, 165.00
674.55, 163.00
674.86, 171.00
675.18, 169.00
675.49, 174.00
675.80, 172.00
676.11, 177.00
676.43, 176.00
676.74, 170.00
677.05, 169.00
677.36, 174.00
677.67, 169.00
677.99, 174.00
678.30, 165.00
678.61, 167.00
678.92, 170.00
679.23, 169.00
679.55, 170.00
679.86, 167.00
680.17, 169.00
680.48, 174.00
680.79, 167.00
681.10, 166.00
681.42, 173.00
681.73, 164.00
682.04, 157.00
682.35, 162.00
682.66, 161.00
682.97, 161.00
683.28, 160.00
683.60, 162.00
683.91, 161.00
684.22, 180.00
684.53, 169.00
684.84, 163.00
685.15, 161.00
685.46, 189.00
685.77, 160.00
686.08, 161.00
686.40, 194.00
686.71, 163.00
687.02, 162.00
687.33, 164.00
687.64, 157.00
687.95, 158.00
688.26, 154.00
688.57, 155.00
688.88, 157.00
689.19, 155.00
689.50, 158.00
689.81, 161.00
690.12, 150.00
690.43, 176.00
690.74, 154.00
691.05, 154.00
691.36, 167.00
691.67, 154.00
691.98, 158.00
692.29, 153.00
692.60, 159.00
692.91, 158.00
693.22, 154.00
693.53, 153.00
693.84, 158.00
694.15, 150.00
694.46, 152.00
694.77, 153.00
695.08, 153.00
695.39, 156.00
695.70, 150.00
696.01, 154.00
696.32, 148.00
696.63, 153.00
696.94, 148.00
697.25, 150.00
697.56, 158.00
697.87, 157.00
698.17, 188.00
698.48, 159.00
698.79, 155.00
699.10, 154.00
699.41, 158.00
699.72, 151.00
700.03, 153.00
700.34, 154.00
700.65, 159.00
700.95, 152.00
701.26, 156.00
701.57, 151.00
701.88, 150.00
702.19, 169.00
702.50, 159.00
702.81, 154.00
703.11, 178.00
703.42, 155.00
703.73, 156.00
704.04, 172.00
704.35, 167.00
704.66, 186.00
704.96, 257.00
705.27, 345.00
705.58, 395.00
705.89, 402.00
706.20, 329.00
706.50, 294.00
706.81, 278.00
707.12, 240.00
707.43, 220.00
707.73, 198.00
708.04, 180.00
708.35, 176.00
708.66, 168.00
708.97, 168.00
709.27, 167.00
709.58, 159.00
709.89, 157.00
710.19, 154.00
710.50, 159.00
710.81, 159.00
711.12, 164.00
711.42, 162.00
711.73, 166.00
712.04, 160.00
712.35, 159.00
712.65, 156.00
712.96, 160.00
713.27, 159.00
713.57, 177.00
713.88, 177.00
714.19, 151.00
714.49, 153.00
714.80, 157.00
715.11, 154.00
715.41, 152.00
715.72, 154.00
716.03, 152.00
716.33, 160.00
716.64, 148.00
716.94, 156.00
717.25, 150.00
717.56, 163.00
717.86, 152.00
718.17, 152.00
718.48, 149.00
718.78, 145.00
719.09, 150.00
719.39, 153.00
719.70, 157.00
720.01, 149.00
720.31, 153.00
720.62, 154.00
720.92, 150.00
721.23, 154.00
721.53, 157.00
721.84, 155.00
722.15, 158.00
722.45, 155.00
722.76, 155.00
723.06, 152.00
723.37, 148.00
723.67, 156.00
723.98, 153.00
724.28, 154.00
724.59, 155.00
724.89, 161.00
725.20, 155.00
725.50, 158.00
725.81, 151.00
726.11, 157.00
726.42, 157.00
726.72, 159.00
727.03, 209.00
727.33, 164.00
727.64, 168.00
727.94, 156.00
728.25, 156.00
728.55, 152.00
728.86, 174.00
729.16, 148.00
729.46, 145.00
729.77, 157.00
730.07, 156.00
730.38, 151.00
730.68, 149.00
730.99, 154.00
731.29, 147.00
731.59, 159.00
731.90, 151.00
732.20, 151.00
732.51, 151.00
732.81, 151.00
733.11, 156.00
733.42, 147.00
733.72, 156.00
734.02, 154.00
734.33, 154.00
734.63, 149.00
734.94, 154.00
735.24, 152.00
735.54, 152.00
735.85, 150.00
736.15, 150.00
736.45, 151.00
736.76, 149.00
737.06, 149.00
737.36, 147.00
737.67, 147.00
737.97, 153.00
738.27, 145.00
738.57, 149.00
738.88, 146.00
739.18, 190.00
739.48, 152.00
739.79, 143.00
740.09, 145.00
740.39, 149.00
740.69, 162.00
741.00, 144.00
741.30, 153.00
741.60, 148.00
741.90, 147.00
742.21, 148.00
742.51, 191.00
742.81, 153.00
743.11, 151.00
743.42, 179.00
743.72, 155.00
744.02, 152.00
744.32, 152.00
744.63, 160.00
744.93, 157.00
745.23, 160.00
745.53, 166.00
745.83, 157.00
746.13, 157.00
746.44, 154.00
746.74, 153.00
747.04, 149.00
747.34, 156.00
747.64, 157.00
747.94, 153.00
748.25, 155.00
748.55, 163.00
748.85, 158.00
749.15, 161.00
749.45, 179.00
749.75, 166.00
750.05, 156.00
750.35, 154.00
750.66, 167.00
750.96, 156.00
751.26, 150.00
751.56, 147.00
751.86, 156.00
752.16, 148.00
752.46, 148.00
752.76, 147.00
753.06, 146.00
753.36, 188.00
753.66, 147.00
753.96, 150.00
754.27, 152.00
754.57, 146.00
754.87, 149.00
755.17, 149.00
755.47, 149.00
755.77, 155.00
756.07, 150.00
756.37, 149.00
756.67, 152.00
756.97, 150.00
757.27, 155.00
757.57, 152.00
757.87, 159.00
758.17, 154.00
758.47, 154.00
758.77, 159.00
759.07, 152.00
759.37, 156.00
759.67, 153.00
759.97, 159.00
760.27, 149.00
760.57, 156.00
760.86, 150.00
761.16, 153.00
761.46, 155.00
761.76, 185.00
762.06, 149.00
762.36, 158.00
762.66, 157.00
762.96, 146.00
763.26, 158.00
763.56, 177.00
763.86, 155.00
764.16, 149.00
764.45, 165.00
764.75, 154.00
765.05, 158.00
765.35, 150.00
765.65, 149.00
765.95, 152.00
766.25, 161.00
766.55, 156.00
766.84, 160.00
767.14, 154.00
767.44, 152.00
767.74, 156.00
768.04, 159.00
768.34, 157.00
768.63, 154.00
768.93, 157.00
769.23, 157.00
769.53, 151.00
769.83, 150.00
770.12, 154.00
770.42, 159.00
770.72, 155.00
771.02, 151.00
771.32, 159.00
771.61, 150.00
771.91, 158.00
772.21, 154.00
772.51, 157.00
772.80, 159.00
773.10, 154.00
773.40, 161.00
773.70, 150.00
773.99, 160.00
774.29, 160.00
774.59, 159.00
774.88, 153.00
775.18, 164.00
775.48, 230.00
775.78, 385.00
776.07, 522.00
776.37, 589.00
776.67, 527.00
776.96, 397.00
777.26, 358.00
777.56, 279.00
777.85, 255.00
778.15, 232.00
778.45, 226.00
778.74, 210.00
779.04, 188.00
779.34, 169.00
779.63, 164.00
779.93, 151.00
780.22, 153.00
780.52, 148.00
780.82, 151.00
781.11, 144.00
781.41, 149.00
781.71, 148.00
782.00, 145.00
782.30, 152.00
782.59, 156.00
782.89, 148.00
783.19, 147.00
783.48, 150.00
783.78, 148.00
784.07, 161.00
784.37, 156.00
784.66, 151.00
784.96, 146.00
785.25, 143.00
785.55, 143.00
785.84, 150.00
786.14, 152.00
786.44, 149.00
786.73, 150.00
787.03, 148.00
787.32, 144.00
787.62, 149.00
787.91, 150.00
788.21, 153.00
788.50, 149.00
788.80, 146.00
789.09, 150.00
789.39, 151.00
789.68, 142.00
789.97, 149.00
790.27, 150.00
790.56, 155.00
790.86, 157.00
791.15, 147.00
791.45, 145.00
791.74, 166.00
792.04, 146.00
792.33, 145.00
792.62, 180.00
792.92, 145.00
793.21, 144.00
793.51, 153.00
793.80, 150.00
794.09, 149.00
794.39, 147.00
794.68, 143.00
794.98, 146.00
795.27, 146.00
795.56, 148.00
795.86, 146.00
796.15, 150.00
796.44, 148.00
796.74, 149.00
797.03, 149.00
797.32, 148.00
797.62, 148.00
797.91, 158.00
798.20, 145.00
798.50, 153.00
798.79, 155.00
799.08, 146.00
799.38, 146.00
799.67, 150.00
799.96, 159.00
800.26, 173.00
800.55, 144.00
800.84, 150.00
801.13, 144.00
801.43, 142.00
801.72, 178.00
802.01, 142.00
802.30, 143.00
802.60, 146.00
802.89, 152.00
803.18, 148.00
803.47, 142.00
803.77, 147.00
804.06, 150.00
804.35, 147.00
804.64, 167.00
804.94, 145.00
805.23, 145.00
805.52, 147.00
805.81, 149.00
806.10, 141.00
806.39, 145.00
806.69, 144.00
806.98, 146.00
807.27, 147.00
807.56, 155.00
807.85, 147.00
808.14, 144.00
808.44, 153.00
808.73, 149.00
809.02, 164.00
809.31, 152.00
809.60, 155.00
809.89, 152.00
810.18, 151.00
810.48, 157.00
810.77, 148.00
811.06, 145.00
811.35, 139.00
811.64, 150.00
811.93, 166.00
812.22, 149.00
812.51, 146.00
812.80, 143.00
813.09, 140.00
813.38, 142.00
813.67, 169.00
813.96, 150.00
814.26, 146.00
814.55, 142.00
814.84, 146.00
815.13, 151.00
815.42, 146.00
815.71, 144.00
816.00, 146.00
816.29, 155.00
816.58, 149.00
816.87, 149.00
817.16, 147.00
817.45, 156.00
817.74, 149.00
818.03, 147.00
818.32, 141.00
818.61, 153.00
818.90, 147.00
819.19, 146.00
819.48, 146.00
819.76, 146.00
820.05, 145.00
820.34, 148.00
820.63, 148.00
820.92, 153.00
821.21, 150.00
821.50, 144.00
821.79, 144.00
822.08, 149.00
822.37, 145.00
822.66, 142.00
822.95, 147.00
823.23, 141.00
823.52, 165.00
823.81, 148.00
824.10, 149.00
824.39, 144.00
824.68, 149.00
824.97, 166.00
825.26, 141.00
825.54, 190.00
825.83, 146.00
826.12, 147.00
826.41, 143.00
826.70, 150.00
826.99, 155.00
827.27, 149.00
827.56, 169.00
827.85, 145.00
828.14, 147.00
828.43, 149.00
828.71, 150.00
829.00, 148.00
829.29, 153.00
829.58, 151.00
829.86, 147.00
830.15, 147.00
830.44, 148.00
830.73, 150.00
831.01, 145.00
831.30, 142.00
831.59, 146.00
831.88, 146.00
832.16, 145.00
832.45, 148.00
832.74, 142.00
833.03, 145.00
833.31, 149.00
833.60, 145.00
833.89, 149.00
834.17, 150.00
834.46, 143.00
834.75, 148.00
835.03, 147.00
835.32, 145.00
835.61, 145.00
835.89, 162.00
836.18, 144.00
836.47, 147.00
836.75, 145.00
837.04, 152.00
837.33, 152.00
837.61, 147.00
837.90, 145.00
838.19, 142.00
838.47, 143.00
838.76, 144.00
839.04, 147.00
839.33, 142.00
839.62, 142.00
839.90, 147.00
840.19, 141.00
840.47, 149.00
840.76, 171.00
841.04, 148.00
841.33, 149.00
841.62, 141.00
841.90, 148.00
842.19, 145.00
842.47, 179.00
842.76, 150.00
843.04, 152.00
843.33, 169.00
843.61, 157.00
843.90, 164.00
844.18, 159.00
844.47, 156.00
844.75, 164.00
845.04, 153.00
845.32, 155.00
845.61, 151.00
845.89, 149.00
846.18, 150.00
846.46, 156.00
846.75, 151.00
847.03, 162.00
847.32, 146.00
847.60, 149.00
847.88, 146.00
848.17, 148.00
848.45, 168.00
848.74, 149.00
849.02, 143.00
849.31, 144.00
849.59, 145.00
849.87, 148.00
850.16, 147.00
850.44, 154.00
850.73, 172.00
851.01, 150.00
851.29, 140.00
851.58, 148.00
851.86, 138.00
852.14, 142.00
852.43, 146.00
852.71, 145.00
853.00, 146.00
853.28, 151.00
853.56, 147.00
853.85, 147.00
854.13, 145.00
854.41, 142.00
854.69, 148.00
854.98, 145.00
855.26, 195.00
855.54, 148.00
855.83, 144.00
856.11, 152.00
856.39, 147.00
856.68, 149.00
856.96, 145.00
857.24, 143.00
857.52, 147.00
857.81, 147.00
858.09, 147.00
858.37, 147.00
858.65, 146.00
858.94, 142.00
859.22, 147.00
