190.05, 0.00
190.41, 129.00
190.77, 138.00
191.14, 137.00
191.50, 135.00
191.86, 162.00
192.22, 146.00
192.58, 149.00
192.94, 144.00
193.31, 147.00
193.67, 140.00
194.03, 150.00
194.39, 148.00
194.75, 145.00
195.11, 151.00
195.47, 164.00
195.84, 146.00
196.20, 140.00
196.56, 165.00
196.92, 143.00
197.28, 148.00
197.64, 145.00
198.00, 143.00
198.37, 148.00
198.73, 139.00
199.09, 147.00
199.45, 144.00
199.81, 149.00
200.17, 150.00
200.53, 143.00
200.89, 149.00
201.25, 185.00
201.62, 146.00
201.98, 146.00
202.34, 143.00
202.70, 150.00
203.06, 148.00
203.42, 145.00
203.78, 148.00
204.14, 145.00
204.50, 175.00
204.86, 157.00
205.22, 151.00
205.58, 151.00
205.95, 144.00
206.31, 143.00
206.67, 148.00
207.03, 149.00
207.39, 155.00
207.75, 143.00
208.11, 146.00
208.47, 148.00
208.83, 152.00
209.19, 149.00
209.55, 148.00
209.91, 148.00
210.27, 147.00
210.63, 147.00
210.99, 156.00
211.35, 141.00
211.71, 149.00
212.07, 145.00
212.43, 148.00
212.79, 148.00
213.15, 146.00
213.51, 145.00
213.87, 153.00
214.23, 147.00
214.59, 145.00
214.95, 146.00
215.31, 138.00
215.67, 143.00
216.03, 179.00
216.39, 145.00
216.75, 146.00
217.11, 150.00
217.47, 145.00
217.83, 149.00
218.19, 154.00
218.55, 148.00
218.91, 148.00
219.27, 141.00
219.63, 142.00
219.99, 144.00
220.35, 147.00
220.71, 155.00
221.07, 148.00
221.43, 148.00
221.79, 142.00
222.15, 148.00
222.51, 147.00
222.87, 144.00
223.23, 144.00
223.59, 147.00
223.95, 147.00
224.31, 146.00
224.67, 144.00
225.03, 151.00
225.39, 155.00
225.74, 154.00
226.10, 145.00
226.46, 142.00
226.82, 146.00
227.18, 144.00
227.54, 145.00
227.90, 148.00
228.26, 146.00
228.62, 152.00
228.98, 147.00
229.34, 141.00
229.69, 145.00
230.05, 147.00
230.41, 142.00
230.77, 151.00
231.13, 156.00
231.49, 152.00
231.85, 147.00
232.21, 150.00
232.57, 152.00
232.92, 149.00
233.28, 152.00
233.64, 151.00
234.00, 142.00
234.36, 144.00
234.72, 140.00
235.08, 150.00
235.44, 152.00
235.79, 146.00
236.15, 148.00
236.51, 146.00
236.87, 145.00
237.23, 147.00
237.59, 146.00
237.94, 153.00
238.30, 149.00
238.66, 145.00
239.02, 144.00
239.38, 143.00
239.74, 149.00
240.09, 157.00
240.45, 146.00
240.81, 147.00
241.17, 151.00
241.53, 142.00
241.89, 147.00
242.24, 143.00
242.60, 142.00
242.96, 153.00
243.32, 147.00
243.68, 145.00
244.03, 148.00
244.39, 149.00
244.75, 167.00
245.11, 147.00
245.46, 150.00
245.82, 177.00
246.18, 150.00
246.54, 151.00
246.90, 150.00
247.25, 147.00
247.61, 146.00
247.97, 188.00
248.33, 148.00
248.68, 142.00
249.04, 147.00
249.40, 147.00
249.76, 151.00
250.11, 141.00
250.47, 146.00
250.83, 149.00
251.19, 153.00
251.54, 156.00
251.90, 148.00
252.26, 151.00
252.62, 141.00
252.97, 146.00
253.33, 146.00
253.69, 145.00
254.05, 153.00
254.40, 142.00
254.76, 146.00
255.12, 169.00
255.47, 146.00
255.83, 152.00
256.19, 151.00
256.54, 145.00
256.90, 147.00
257.26, 145.00
257.62, 147.00
257.97, 145.00
258.33, 148.00
258.69, 148.00
259.04, 147.00
259.40, 147.00
259.76, 151.00
260.11, 146.00
260.47, 143.00
260.83, 150.00
261.18, 148.00
261.54, 159.00
261.90, 148.00
262.25, 143.00
262.61, 146.00
262.97, 146.00
263.32, 147.00
263.68, 145.00
264.04, 145.00
264.39, 141.00
264.75, 141.00
265.10, 149.00
265.46, 189.00
265.82, 157.00
266.17, 141.00
266.53, 145.00
266.89, 145.00
267.24, 153.00
267.60, 144.00
267.95, 145.00
268.31, 148.00
268.67, 148.00
269.02, 145.00
269.38, 150.00
269.74, 151.00
270.09, 146.00
270.45, 147.00
270.80, 162.00
271.16, 148.00
271.51, 151.00
271.87, 148.00
272.23, 149.00
272.58, 151.00
272.94, 144.00
273.29, 140.00
273.65, 197.00
274.00, 143.00
274.36, 145.00
274.72, 143.00
275.07, 148.00
275.43, 147.00
275.78, 145.00
276.14, 145.00
276.49, 149.00
276.85, 154.00
277.20, 159.00
277.56, 140.00
277.92, 141.00
278.27, 146.00
278.63, 153.00
278.98, 145.00
279.34, 144.00
279.69, 145.00
280.05, 160.00
280.40, 150.00
280.76, 153.00
281.11, 146.00
281.47, 148.00
281.82, 146.00
282.18, 151.00
282.53, 150.00
282.89, 159.00
283.24, 156.00
283.60, 151.00
283.95, 153.00
284.31, 151.00
284.66, 151.00
285.02, 152.00
285.37, 152.00
285.73, 155.00
286.08, 155.00
286.44, 149.00
286.79, 156.00
287.14, 155.00
287.50, 152.00
287.85, 150.00
288.21, 150.00
288.56, 145.00
288.92, 146.00
289.27, 145.00
289.63, 145.00
289.98, 155.00
290.34, 145.00
290.69, 157.00
291.04, 149.00
291.40, 149.00
291.75, 147.00
292.11, 152.00
292.46, 147.00
292.81, 155.00
293.17, 146.00
293.52, 151.00
293.88, 148.00
294.23, 148.00
294.59, 153.00
294.94, 157.00
295.29, 156.00
295.65, 165.00
296.00, 177.00
296.36, 161.00
296.71, 159.00
297.06, 159.00
297.42, 161.00
297.77, 162.00
298.12, 161.00
298.48, 164.00
298.83, 155.00
299.19, 153.00
299.54, 151.00
299.89, 156.00
300.25, 153.00
300.60, 158.00
300.95, 154.00
301.31, 145.00
301.66, 153.00
302.01, 148.00
302.37, 146.00
302.72, 146.00
303.07, 150.00
303.43, 155.00
303.78, 150.00
304.13, 151.00
304.49, 150.00
304.84, 161.00
305.19, 205.00
305.55, 160.00
305.90, 163.00
306.25, 180.00
306.61, 218.00
306.96, 251.00
307.31, 309.00
307.66, 421.00
308.02, 529.00
308.37, 601.00
308.72, 652.00
309.08, 658.00
309.43, 623.00
309.78, 536.00
310.13, 467.00
310.49, 413.00
310.84, 325.00
311.19, 289.00
311.54, 262.00
311.90, 237.00
312.25, 219.00
312.60, 226.00
312.95, 249.00
313.31, 265.00
313.66, 264.00
314.01, 273.00
314.36, 276.00
314.72, 284.00
315.07, 345.00
315.42, 407.00
315.77, 438.00
316.13, 364.00
316.48, 277.00
316.83, 220.00
317.18, 185.00
317.54, 175.00
317.89, 157.00
318.24, 163.00
318.59, 156.00
318.94, 157.00
319.30, 155.00
319.65, 160.00
320.00, 164.00
320.35, 154.00
320.70, 155.00
321.05, 161.00
321.41, 153.00
321.76, 160.00
322.11, 151.00
322.46, 157.00
322.81, 187.00
323.17, 157.00
323.52, 152.00
323.87, 153.00
324.22, 146.00
324.57, 154.00
324.92, 156.00
325.27, 154.00
325.63, 159.00
325.98, 153.00
326.33, 161.00
326.68, 163.00
327.03, 156.00
327.38, 158.00
327.73, 160.00
328.09, 167.00
328.44, 202.00
328.79, 167.00
329.14, 211.00
329.49, 179.00
329.84, 177.00
330.19, 188.00
330.54, 170.00
330.89, 175.00
331.25, 169.00
331.60, 166.00
331.95, 160.00
332.30, 161.00
332.65, 164.00
333.00, 175.00
333.35, 214.00
333.70, 221.00
334.05, 183.00
334.40, 183.00
334.75, 189.00
335.10, 237.00
335.45, 294.00
335.81, 415.00
336.16, 599.00
336.51, 803.00
336.86, 850.00
337.21, 775.00
337.56, 516.00
337.91, 346.00
338.26, 249.00
338.61, 191.00
338.96, 172.00
339.31, 160.00
339.66, 158.00
340.01, 163.00
340.36, 155.00
340.71, 157.00
341.06, 154.00
341.41, 159.00
341.76, 153.00
342.11, 154.00
342.46, 155.00
342.81, 155.00
343.16, 154.00
343.51, 149.00
343.86, 162.00
344.21, 152.00
344.56, 154.00
344.91, 152.00
345.26, 160.00
345.61, 155.00
345.96, 156.00
346.31, 157.00
346.66, 185.00
347.01, 157.00
347.36, 174.00
347.71, 153.00
348.06, 147.00
348.41, 172.00
348.76, 173.00
349.10, 162.00
349.45, 184.00
349.80, 177.00
350.15, 170.00
350.50, 171.00
350.85, 172.00
351.20, 170.00
351.55, 189.00
351.90, 202.00
352.25, 237.00
352.60, 278.00
352.95, 330.00
353.30, 372.00
353.64, 334.00
353.99, 284.00
354.34, 257.00
354.69, 242.00
355.04, 257.00
355.39, 295.00
355.74, 356.00
356.09, 435.00
356.44, 520.00
356.78, 640.00
357.13, 732.00
357.48, 719.00
357.83, 569.00
358.18, 395.00
358.53, 297.00
358.88, 217.00
359.22, 191.00
359.57, 161.00
359.92, 157.00
360.27, 156.00
360.62, 154.00
360.97, 156.00
361.32, 156.00
361.66, 152.00
362.01, 157.00
362.36, 154.00
362.71, 158.00
363.06, 162.00
363.40, 159.00
363.75, 159.00
364.10, 164.00
364.45, 160.00
364.80, 156.00
365.14, 157.00
365.49, 162.00
365.84, 162.00
366.19, 164.00
366.54, 167.00
366.88, 185.00
367.23, 162.00
367.58, 214.00
367.93, 155.00
368.28, 159.00
368.62, 155.00
368.97, 168.00
369.32, 171.00
369.67, 176.00
370.01, 197.00
370.36, 206.00
370.71, 220.00
371.06, 190.00
371.40, 183.00
371.75, 164.00
372.10, 160.00
372.45, 156.00
372.79, 164.00
373.14, 177.00
373.49, 182.00
373.83, 208.00
374.18, 238.00
374.53, 272.00
374.88, 302.00
375.22, 312.00
375.57, 270.00
375.92, 225.00
376.26, 202.00
376.61, 172.00
376.96, 160.00
377.30, 165.00
377.65, 171.00
378.00, 177.00
378.35, 202.00
378.69, 239.00
379.04, 266.00
379.39, 339.00
379.73, 397.00
380.08, 394.00
380.43, 342.00
380.77, 268.00
381.12, 238.00
381.47, 205.00
381.81, 178.00
382.16, 160.00
382.50, 163.00
382.85, 234.00
383.20, 158.00
383.54, 161.00
383.89, 163.00
384.24, 167.00
384.58, 181.00
384.93, 204.00
385.27, 194.00
385.62, 194.00
385.97, 190.00
386.31, 179.00
386.66, 215.00
387.00, 186.00
387.35, 196.00
387.70, 209.00
388.04, 299.00
388.39, 306.00
388.73, 402.00
389.08, 537.00
389.43, 734.00
389.77, 955.00
390.12, 1253.00
390.46, 1759.00
390.81, 1972.00
391.15, 1885.00
391.50, 1437.00
391.85, 886.00
392.19, 580.00
392.54, 352.00
392.88, 236.00
393.23, 214.00
393.57, 206.00
393.92, 200.00
394.26, 181.00
394.61, 169.00
394.95, 168.00
395.30, 160.00
395.64, 151.00
395.99, 197.00
396.33, 156.00
396.68, 154.00
397.02, 157.00
397.37, 170.00
397.71, 174.00
398.06, 180.00
398.40, 200.00
398.75, 218.00
399.09, 235.00
399.44, 238.00
399.78, 210.00
400.13, 191.00
400.47, 172.00
400.82, 157.00
401.16, 155.00
401.51, 157.00
401.85, 157.00
402.20, 156.00
402.54, 158.00
402.88, 167.00
403.23, 171.00
403.57, 181.00
403.92, 205.00
404.26, 270.00
404.61, 229.00
404.95, 277.00
405.30, 244.00
405.64, 232.00
405.98, 236.00
406.33, 199.00
406.67, 175.00
407.02, 158.00
407.36, 167.00
407.70, 170.00
408.05, 161.00
408.39, 164.00
408.74, 174.00
409.08, 172.00
409.42, 164.00
409.77, 160.00
410.11, 167.00
410.46, 156.00
410.80, 160.00
411.14, 164.00
411.49, 169.00
411.83, 170.00
412.17, 175.00
412.52, 171.00
412.86, 180.00
413.20, 176.00
413.55, 171.00
413.89, 179.00
414.23, 169.00
414.58, 203.00
414.92, 162.00
415.26, 162.00
415.61, 162.00
415.95, 164.00
416.29, 167.00
416.64, 164.00
416.98, 163.00
417.32, 177.00
417.67, 190.00
418.01, 197.00
418.35, 206.00
418.70, 220.00
419.04, 250.00
419.38, 243.00
419.72, 234.00
420.07, 208.00
420.41, 185.00
420.75, 176.00
421.10, 171.00
421.44, 167.00
421.78, 173.00
422.12, 175.00
422.47, 170.00
422.81, 183.00
423.15, 193.00
423.49, 183.00
423.84, 190.00
424.18, 200.00
424.52, 215.00
424.86, 251.00
425.21, 316.00
425.55, 371.00
425.89, 449.00
426.23, 536.00
426.57, 699.00
426.92, 794.00
427.26, 842.00
427.60, 709.00
427.94, 504.00
428.28, 366.00
428.63, 296.00
428.97, 223.00
429.31, 188.00
429.65, 167.00
429.99, 164.00
430.34, 156.00
430.68, 156.00
431.02, 166.00
431.36, 160.00
431.70, 162.00
432.04, 166.00
432.39, 167.00
432.73, 174.00
433.07, 177.00
433.41, 180.00
433.75, 184.00
434.09, 186.00
434.43, 193.00
434.78, 255.00
435.12, 299.00
435.46, 344.00
435.80, 301.00
436.14, 270.00
436.48, 231.00
436.82, 217.00
437.16, 193.00
437.51, 177.00
437.85, 170.00
438.19, 207.00
438.53, 161.00
438.87, 183.00
439.21, 178.00
439.55, 174.00
439.89, 176.00
440.23, 169.00
440.57, 177.00
440.91, 181.00
441.26, 171.00
441.60, 165.00
441.94, 173.00
442.28, 173.00
442.62, 169.00
442.96, 167.00
443.30, 164.00
443.64, 167.00
443.98, 168.00
444.32, 173.00
444.66, 162.00
445.00, 164.00
445.34, 164.00
445.68, 162.00
446.02, 171.00
446.36, 161.00
446.70, 167.00
447.04, 172.00
447.38, 193.00
447.72, 177.00
448.06, 176.00
448.40, 178.00
448.74, 167.00
449.08, 167.00
449.42, 166.00
449.76, 172.00
450.10, 166.00
450.44, 164.00
450.78, 167.00
451.12, 167.00
451.46, 166.00
451.80, 172.00
452.14, 162.00
452.48, 165.00
452.82, 167.00
453.16, 165.00
453.50, 166.00
453.84, 168.00
454.18, 203.00
454.52, 166.00
454.86, 169.00
455.19, 182.00
455.53, 173.00
455.87, 167.00
456.21, 173.00
456.55, 169.00
456.89, 162.00
457.23, 169.00
457.57, 174.00
457.91, 183.00
458.25, 178.00
458.59, 197.00
458.92, 202.00
459.26, 194.00
459.60, 202.00
459.94, 186.00
460.28, 175.00
460.62, 171.00
460.96, 162.00
461.30, 165.00
461.63, 161.00
461.97, 160.00
462.31, 163.00
462.65, 168.00
462.99, 174.00
463.33, 167.00
463.67, 170.00
464.00, 169.00
464.34, 173.00
464.68, 184.00
465.02, 183.00
465.36, 182.00
465.70, 176.00
466.03, 185.00
466.37, 179.00
466.71, 178.00
467.05, 175.00
467.39, 190.00
467.72, 199.00
468.06, 207.00
468.40, 226.00
468.74, 244.00
469.08, 252.00
469.41, 276.00
469.75, 302.00
470.09, 333.00
470.43, 337.00
470.76, 280.00
471.10, 255.00
471.44, 232.00
471.78, 205.00
472.11, 191.00
472.45, 179.00
472.79, 177.00
473.13, 173.00
473.46, 180.00
473.80, 167.00
474.14, 167.00
474.48, 169.00
474.81, 162.00
475.15, 165.00
475.49, 171.00
475.82, 169.00
476.16, 167.00
476.50, 164.00
476.84, 169.00
477.17, 167.00
477.51, 162.00
477.85, 158.00
478.18, 175.00
478.52, 161.00
478.86, 220.00
479.19, 180.00
479.53, 166.00
479.87, 214.00
480.20, 179.00
480.54, 174.00
480.88, 172.00
481.21, 171.00
481.55, 170.00
481.89, 176.00
482.22, 180.00
482.56, 183.00
482.90, 182.00
483.23, 186.00
483.57, 187.00
483.90, 196.00
484.24, 203.00
484.58, 205.00
484.91, 220.00
485.25, 221.00
485.58, 230.00
485.92, 235.00
486.26, 240.00
486.59, 237.00
486.93, 239.00
487.26, 239.00
487.60, 246.00
487.94, 234.00
488.27, 232.00
488.61, 232.00
488.94, 234.00
489.28, 222.00
489.61, 223.00
489.95, 218.00
490.29, 225.00
490.62, 230.00
490.96, 219.00
491.29, 225.00
491.63, 230.00
491.96, 215.00
492.30, 213.00
492.63, 211.00
492.97, 204.00
493.30, 204.00
493.64, 206.00
493.97, 198.00
494.31, 205.00
494.64, 205.00
494.98, 200.00
495.31, 202.00
495.65, 196.00
495.98, 203.00
496.32, 204.00
496.65, 237.00
496.99, 196.00
497.32, 185.00
497.66, 183.00
497.99, 187.00
498.33, 175.00
498.66, 180.00
499.00, 185.00
499.33, 175.00
499.67, 172.00
500.00, 168.00
500.34, 185.00
500.67, 190.00
501.00, 189.00
501.34, 175.00
501.67, 179.00
502.01, 171.00
502.34, 176.00
502.68, 174.00
503.01, 174.00
503.34, 174.00
503.68, 175.00
504.01, 170.00
504.35, 174.00
504.68, 182.00
505.01, 169.00
505.35, 173.00
505.68, 173.00
506.02, 176.00
506.35, 177.00
506.68, 190.00
507.02, 187.00
507.35, 181.00
507.68, 172.00
508.02, 176.00
508.35, 181.00
508.69, 166.00
509.02, 168.00
509.35, 166.00
509.69, 166.00
510.02, 172.00
510.35, 172.00
510.69, 163.00
511.02, 165.00
511.35, 168.00
511.69, 173.00
512.02, 166.00
512.35, 168.00
512.68, 166.00
513.02, 170.00
513.35, 158.00
513.68, 161.00
514.02, 168.00
514.35, 171.00
514.68, 169.00
515.01, 157.00
515.35, 171.00
515.68, 155.00
516.01, 162.00
516.35, 166.00
516.68, 157.00
517.01, 158.00
517.34, 167.00
517.68, 165.00
518.01, 171.00
518.34, 164.00
518.67, 166.00
519.01, 169.00
519.34, 171.00
519.67, 185.00
520.00, 176.00
520.33, 172.00
520.67, 171.00
521.00, 170.00
521.33, 181.00
521.66, 197.00
522.00, 186.00
522.33, 188.00
522.66, 176.00
522.99, 168.00
523.32, 180.00
523.65, 168.00
523.99, 170.00
524.32, 172.00
524.65, 165.00
524.98, 171.00
525.31, 166.00
525.65, 201.00
525.98, 172.00
526.31, 166.00
526.64, 172.00
526.97, 169.00
527.30, 159.00
527.63, 164.00
527.97, 161.00
528.30, 164.00
528.63, 168.00
528.96, 192.00
529.29, 159.00
529.62, 170.00
529.95, 158.00
530.28, 159.00
530.61, 161.00
530.95, 154.00
531.28, 163.00
531.61, 167.00
531.94, 172.00
532.27, 174.00
532.60, 180.00
532.93, 175.00
533.26, 177.00
533.59, 159.00
533.92, 166.00
534.25, 160.00
534.58, 198.00
534.91, 167.00
535.25, 165.00
535.58, 165.00
535.91, 166.00
536.24, 168.00
536.57, 182.00
536.90, 167.00
537.23, 183.00
537.56, 225.00
537.89, 190.00
538.22, 192.00
538.55, 201.00
538.88, 212.00
539.21, 335.00
539.54, 227.00
539.87, 245.00
540.20, 276.00
540.53, 295.00
540.86, 373.00
541.19, 384.00
541.52, 417.00
541.85, 444.00
542.18, 463.00
542.51, 480.00
542.84, 478.00
543.17, 487.00
543.50, 465.00
543.82, 459.00
544.15, 449.00
544.48, 443.00
544.81, 479.00
545.14, 519.00
545.47, 481.00
545.80, 457.00
546.13, 384.00
546.46, 396.00
546.79, 342.00
547.12, 299.00
547.45, 273.00
547.78, 270.00
548.10, 261.00
548.43, 256.00
548.76, 241.00
549.09, 237.00
549.42, 237.00
549.75, 225.00
550.08, 228.00
550.41, 222.00
550.74, 221.00
551.06, 219.00
551.39, 223.00
551.72, 209.00
552.05, 209.00
552.38, 209.00
552.71, 200.00
553.03, 202.00
553.36, 197.00
553.69, 192.00
554.02, 186.00
554.35, 182.00
554.68, 177.00
555.00, 189.00
555.33, 175.00
555.66, 169.00
555.99, 189.00
556.32, 173.00
556.64, 174.00
556.97, 191.00
557.30, 176.00
557.63, 184.00
557.96, 189.00
558.28, 182.00
558.61, 176.00
558.94, 186.00
559.27, 179.00
559.59, 184.00
559.92, 177.00
560.25, 174.00
560.58, 176.00
560.90, 181.00
561.23, 174.00
561.56, 176.00
561.89, 175.00
562.21, 174.00
562.54, 169.00
562.87, 168.00
563.20, 171.00
563.52, 166.00
563.85, 162.00
564.18, 184.00
564.50, 166.00
564.83, 194.00
565.16, 220.00
565.48, 157.00
565.81, 166.00
566.14, 153.00
566.47, 154.00
566.79, 159.00
567.12, 156.00
567.45, 186.00
567.77, 163.00
568.10, 164.00
568.43, 159.00
568.75, 155.00
569.08, 163.00
569.40, 194.00
569.73, 163.00
570.06, 161.00
570.38, 149.00
570.71, 156.00
571.04, 154.00
571.36, 159.00
571.69, 156.00
572.01, 156.00
572.34, 151.00
572.67, 156.00
572.99, 154.00
573.32, 174.00
573.64, 156.00
573.97, 153.00
574.30, 158.00
574.62, 155.00
574.95, 162.00
575.27, 158.00
575.60, 170.00
575.92, 170.00
576.25, 180.00
576.58, 182.00
576.90, 175.00
577.23, 209.00
577.55, 179.00
577.88, 175.00
578.20, 181.00
578.53, 184.00
578.85, 208.00
579.18, 196.00
579.50, 190.00
579.83, 194.00
580.15, 193.00
580.48, 192.00
580.80, 193.00
581.13, 195.00
581.45, 195.00
581.78, 201.00
582.10, 200.00
582.43, 205.00
582.75, 206.00
583.08, 208.00
583.40, 215.00
583.73, 265.00
584.05, 213.00
584.38, 202.00
584.70, 248.00
585.03, 208.00
585.35, 207.00
585.67, 207.00
586.00, 230.00
586.32, 254.00
586.65, 267.00
586.97, 262.00
587.30, 254.00
587.62, 242.00
587.94, 245.00
588.27, 219.00
588.59, 202.00
588.92, 202.00
589.24, 205.00
589.56, 198.00
589.89, 199.00
590.21, 189.00
590.54, 190.00
590.86, 187.00
591.18, 187.00
591.51, 184.00
591.83, 212.00
592.15, 204.00
592.48, 198.00
592.80, 208.00
593.13, 196.00
593.45, 197.00
593.77, 194.00
594.10, 191.00
594.42, 199.00
594.74, 186.00
595.07, 179.00
595.39, 186.00
595.71, 190.00
596.03, 188.00
596.36, 193.00
596.68, 186.00
597.00, 191.00
597.33, 190.00
597.65, 192.00
597.97, 195.00
598.30, 193.00
598.62, 206.00
598.94, 201.00
599.26, 201.00
599.59, 195.00
599.91, 201.00
600.23, 194.00
600.55, 190.00
600.88, 183.00
601.20, 178.00
601.52, 172.00
601.84, 174.00
602.17, 167.00
602.49, 169.00
602.81, 162.00
603.13, 171.00
603.45, 172.00
603.78, 165.00
604.10, 172.00
604.42, 166.00
604.74, 164.00
605.07, 161.00
605.39, 172.00
605.71, 164.00
606.03, 177.00
606.35, 164.00
606.67, 182.00
607.00, 182.00
607.32, 179.00
607.64, 183.00
607.96, 186.00
608.28, 194.00
608.60, 197.00
608.93, 213.00
609.25, 256.00
609.57, 304.00
609.89, 388.00
610.21, 476.00
610.53, 518.00
610.85, 521.00
611.17, 475.00
611.50, 433.00
611.82, 407.00
612.14, 377.00
612.46, 350.00
612.78, 328.00
613.10, 313.00
613.42, 294.00
613.74, 287.00
614.06, 300.00
614.38, 273.00
614.70, 261.00
615.03, 269.00
615.35, 246.00
615.67, 330.00
615.99, 215.00
616.31, 209.00
616.63, 207.00
616.95, 191.00
617.27, 190.00
617.59, 181.00
617.91, 190.00
618.23, 197.00
618.55, 182.00
618.87, 185.00
619.19, 184.00
619.51, 185.00
619.83, 189.00
620.15, 186.00
620.47, 184.00
620.79, 187.00
621.11, 194.00
621.43, 189.00
621.75, 198.00
622.07, 188.00
622.39, 190.00
622.71, 179.00
623.03, 180.00
623.35, 224.00
623.67, 180.00
623.99, 185.00
624.31, 173.00
624.63, 182.00
624.95, 182.00
625.26, 175.00
625.58, 170.00
625.90, 204.00
626.22, 173.00
626.54, 174.00
626.86, 181.00
627.18, 179.00
627.50, 177.00
627.82, 175.00
628.14, 173.00
628.46, 185.00
628.77, 183.00
629.09, 190.00
629.41, 193.00
629.73, 197.00
630.05, 218.00
630.37, 211.00
630.69, 210.00
631.00, 211.00
631.32, 201.00
631.64, 187.00
631.96, 179.00
632.28, 182.00
632.60, 181.00
632.92, 173.00
633.23, 169.00
633.55, 182.00
633.87, 173.00
634.19, 170.00
634.51, 176.00
634.82, 186.00
635.14, 178.00
635.46, 176.00
635.78, 179.00
636.10, 174.00
636.41, 180.00
636.73, 174.00
637.05, 169.00
637.37, 173.00
637.68, 173.00
638.00, 170.00
638.32, 175.00
638.64, 188.00
638.95, 207.00
639.27, 191.00
639.59, 186.00
639.91, 180.00
640.22, 180.00
640.54, 178.00
640.86, 177.00
641.18, 177.00
641.49, 192.00
641.81, 182.00
642.13, 182.00
642.44, 170.00
642.76, 172.00
643.08, 162.00
643.40, 167.00
643.71, 174.00
644.03, 171.00
644.35, 175.00
644.66, 185.00
644.98, 171.00
645.30, 171.00
645.61, 187.00
645.93, 167.00
646.25, 160.00
646.56, 170.00
646.88, 201.00
647.19, 158.00
647.51, 168.00
647.83, 162.00
648.14, 158.00
648.46, 157.00
648.78, 160.00
649.09, 165.00
649.41, 208.00
649.72, 169.00
650.04, 175.00
650.36, 171.00
650.67, 170.00
650.99, 170.00
651.30, 170.00
651.62, 173.00
651.93, 167.00
652.25, 186.00
652.57, 210.00
652.88, 167.00
653.20, 169.00
653.51, 171.00
653.83, 167.00
654.14, 157.00
654.46, 161.00
654.77, 164.00
655.09, 173.00
655.40, 176.00
655.72, 168.00
656.04, 159.00
656.35, 168.00
656.67, 161.00
656.98, 167.00
657.30, 163.00
657.61, 168.00
657.93, 170.00
658.24, 162.00
658.55, 208.00
658.87, 167.00
659.18, 165.00
659.50, 167.00
659.81, 165.00
660.13, 163.00
660.44, 164.00
660.76, 169.00
661.07, 183.00
661.39, 174.00
661.70, 162.00
662.01, 164.00
662.33, 167.00
662.64, 171.00
662.96, 161.00
663.27, 157.00
663.59, 158.00
663.90, 159.00
664.21, 152.00
664.53, 175.00
664.84, 167.00
665.16, 182.00
665.47, 160.00
665.78, 156.00
666.10, 165.00
666.41, 178.00
666.72, 183.00
667.04, 197.00
667.35, 184.00
667.67, 183.00
667.98, 174.00
668.29, 173.00
668.61, 164.00
668.92, 164.00
669.23, 162.00
669.55, 162.00
669.86, 189.00
670.17, 159.00
670.48, 155.00
670.80, 150.00
671.11, 160.00
671.42, 156.00
671.74, 154.00
672.05, 148.00
672.36, 155.00
672.68, 150.00
672.99, 149.00
673.30, 152.00
673.61, 157.00
673.93, 160.00
674.24, 159.00
674.55, 159.00
674.86, 159.00
675.18, 159.00
675.49, 167.00
675.80, 158.00
676.11, 166.00
676.43, 168.00
676.74, 160.00
677.05, 159.00
677.36, 174.00
677.67, 163.00
677.99, 160.00
678.30, 163.00
678.61, 162.00
678.92, 161.00
679.23, 160.00
679.55, 162.00
679.86, 156.00
680.17, 159.00
680.48, 161.00
680.79, 160.00
681.10, 153.00
681.42, 160.00
681.73, 154.00
682.04, 154.00
682.35, 153.00
682.66, 158.00
682.97, 154.00
683.28, 159.00
683.60, 156.00
683.91, 162.00
684.22, 169.00
684.53, 159.00
684.84, 153.00
685.15, 158.00
685.46, 177.00
685.77, 149.00
686.08, 155.00
686.40, 191.00
686.71, 158.00
687.02, 161.00
687.33, 163.00
687.64, 155.00
687.95, 154.00
688.26, 153.00
688.57, 153.00
688.88, 153.00
689.19, 147.00
689.50, 154.00
689.81, 158.00
690.12, 152.00
690.43, 166.00
690.74, 148.00
691.05, 146.00
691.36, 163.00
691.67, 144.00
691.98, 144.00
692.29, 148.00
692.60, 153.00
692.91, 152.00
693.22, 148.00
693.53, 152.00
693.84, 151.00
694.15, 148.00
694.46, 150.00
694.77, 145.00
695.08, 146.00
695.39, 156.00
695.70, 151.00
696.01, 154.00
696.32, 143.00
696.63, 144.00
696.94, 156.00
697.25, 148.00
697.56, 152.00
697.87, 157.00
698.17, 185.00
698.48, 151.00
698.79, 146.00
699.10, 149.00
699.41, 154.00
699.72, 152.00
700.03, 147.00
700.34, 148.00
700.65, 150.00
700.95, 150.00
701.26, 153.00
701.57, 156.00
701.88, 150.00
702.19, 158.00
702.50, 155.00
702.81, 151.00
703.11, 174.00
703.42, 156.00
703.73, 160.00
704.04, 163.00
704.35, 167.00
704.66, 181.00
704.96, 264.00
705.27, 348.00
705.58, 394.00
705.89, 396.00
706.20, 320.00
706.50, 287.00
706.81, 271.00
707.12, 247.00
707.43, 221.00
707.73, 202.00
708.04, 173.00
708.35, 172.00
708.66, 159.00
708.97, 154.00
709.27, 162.00
709.58, 158.00
709.89, 152.00
710.19, 154.00
710.50, 160.00
710.81, 157.00
711.12, 164.00
711.42, 161.00
711.73, 164.00
712.04, 161.00
712.35, 157.00
712.65, 156.00
712.96, 154.00
713.27, 151.00
713.57, 177.00
713.88, 179.00
714.19, 146.00
714.49, 150.00
714.80, 153.00
715.11, 153.00
715.41, 149.00
715.72, 144.00
716.03, 147.00
716.33, 156.00
716.64, 149.00
716.94, 151.00
717.25, 149.00
717.56, 158.00
717.86, 151.00
718.17, 154.00
718.48, 147.00
718.78, 149.00
719.09, 148.00
719.39, 146.00
719.70, 148.00
720.01, 149.00
720.31, 149.00
720.62, 146.00
720.92, 145.00
721.23, 157.00
721.53, 151.00
721.84, 148.00
722.15, 153.00
722.45, 154.00
722.76, 148.00
723.06, 148.00
723.37, 145.00
723.67, 147.00
723.98, 150.00
724.28, 153.00
724.59, 157.00
724.89, 155.00
725.20, 153.00
725.50, 155.00
725.81, 149.00
726.11, 156.00
726.42, 152.00
726.72, 160.00
727.03, 194.00
727.33, 166.00
727.64, 162.00
727.94, 157.00
728.25, 153.00
728.55, 153.00
728.86, 173.00
729.16, 152.00
729.46, 150.00
729.77, 157.00
730.07, 142.00
730.38, 149.00
730.68, 150.00
730.99, 155.00
731.29, 155.00
731.59, 155.00
731.90, 147.00
732.20, 147.00
732.51, 148.00
732.81, 147.00
733.11, 149.00
733.42, 143.00
733.72, 149.00
734.02, 153.00
734.33, 149.00
734.63, 158.00
734.94, 147.00
735.24, 148.00
735.54, 152.00
735.85, 143.00
736.15, 143.00
736.45, 147.00
736.76, 147.00
737.06, 146.00
737.36, 148.00
737.67, 146.00
737.97, 154.00
738.27, 147.00
738.57, 153.00
738.88, 145.00
739.18, 188.00
739.48, 151.00
739.79, 146.00
740.09, 156.00
740.39, 156.00
740.69, 150.00
741.00, 146.00
741.30, 153.00
741.60, 150.00
741.90, 142.00
742.21, 149.00
742.51, 194.00
742.81, 147.00
743.11, 150.00
743.42, 170.00
743.72, 152.00
744.02, 145.00
744.32, 146.00
744.63, 149.00
744.93, 155.00
745.23, 150.00
745.53, 155.00
745.83, 148.00
746.13, 153.00
746.44, 149.00
746.74, 150.00
747.04, 151.00
747.34, 152.00
747.64, 151.00
747.94, 149.00
748.25, 155.00
748.55, 152.00
748.85, 159.00
749.15, 162.00
749.45, 183.00
749.75, 163.00
750.05, 159.00
750.35, 151.00
750.66, 168.00
750.96, 153.00
751.26, 151.00
751.56, 147.00
751.86, 157.00
752.16, 147.00
752.46, 147.00
752.76, 145.00
753.06, 148.00
753.36, 186.00
753.66, 148.00
753.96, 153.00
754.27, 143.00
754.57, 148.00
754.87, 147.00
755.17, 153.00
755.47, 146.00
755.77, 149.00
756.07, 144.00
756.37, 143.00
756.67, 152.00
756.97, 144.00
757.27, 152.00
757.57, 149.00
757.87, 150.00
758.17, 143.00
758.47, 150.00
758.77, 152.00
759.07, 147.00
759.37, 151.00
759.67, 146.00
759.97, 153.00
760.27, 150.00
760.57, 151.00
760.86, 146.00
761.16, 142.00
761.46, 148.00
761.76, 183.00
762.06, 149.00
762.36, 156.00
762.66, 151.00
762.96, 142.00
763.26, 150.00
763.56, 180.00
763.86, 152.00
764.16, 149.00
764.45, 162.00
764.75, 151.00
765.05, 152.00
765.35, 145.00
765.65, 143.00
765.95, 145.00
766.25, 152.00
766.55, 150.00
766.84, 149.00
767.14, 147.00
767.44, 148.00
767.74, 150.00
768.04, 151.00
768.34, 150.00
768.63, 148.00
768.93, 152.00
769.23, 153.00
769.53, 150.00
769.83, 149.00
770.12, 153.00
770.42, 150.00
770.72, 151.00
771.02, 154.00
771.32, 151.00
771.61, 146.00
771.91, 153.00
772.21, 151.00
772.51, 146.00
772.80, 152.00
773.10, 149.00
773.40, 154.00
773.70, 149.00
773.99, 154.00
774.29, 157.00
774.59, 153.00
774.88, 155.00
775.18, 158.00
775.48, 226.00
775.78, 343.00
776.07, 446.00
776.37, 508.00
776.67, 451.00
776.96, 337.00
777.26, 322.00
777.56, 248.00
777.85, 230.00
778.15, 217.00
778.45, 210.00
778.74, 197.00
779.04, 174.00
779.34, 160.00
779.63, 166.00
779.93, 148.00
780.22, 143.00
780.52, 145.00
780.82, 145.00
781.11, 145.00
781.41, 145.00
781.71, 150.00
782.00, 145.00
782.30, 146.00
782.59, 154.00
782.89, 149.00
783.19, 142.00
783.48, 145.00
783.78, 149.00
784.07, 154.00
784.37, 149.00
784.66, 145.00
784.96, 150.00
785.25, 145.00
785.55, 144.00
785.84, 147.00
786.14, 145.00
786.44, 143.00
786.73, 151.00
787.03, 149.00
787.32, 144.00
787.62, 150.00
787.91, 146.00
788.21, 149.00
788.50, 147.00
788.80, 143.00
789.09, 147.00
789.39, 148.00
789.68, 144.00
789.97, 154.00
790.27, 144.00
790.56, 152.00
790.86, 160.00
791.15, 153.00
791.45, 141.00
791.74, 171.00
792.04, 143.00
792.33, 147.00
792.62, 176.00
792.92, 142.00
793.21, 144.00
793.51, 150.00
793.80, 146.00
794.09, 146.00
794.39, 147.00
794.68, 147.00
794.98, 147.00
795.27, 143.00
795.56, 144.00
795.86, 153.00
796.15, 142.00
796.44, 150.00
796.74, 146.00
797.03, 137.00
797.32, 135.00
797.62, 139.00
797.91, 150.00
798.20, 145.00
798.50, 153.00
798.79, 158.00
799.08, 154.00
799.38, 147.00
799.67, 148.00
799.96, 153.00
800.26, 170.00
800.55, 144.00
800.84, 148.00
801.13, 145.00
801.43, 146.00
801.72, 182.00
802.01, 148.00
802.30, 148.00
802.60, 148.00
802.89, 148.00
803.18, 139.00
803.47, 149.00
803.77, 147.00
804.06, 154.00
804.35, 141.00
804.64, 165.00
804.94, 144.00
805.23, 144.00
805.52, 145.00
805.81, 148.00
806.10, 145.00
806.39, 146.00
806.69, 145.00
806.98, 146.00
807.27, 144.00
807.56, 153.00
807.85, 145.00
808.14, 143.00
808.44, 151.00
808.73, 145.00
809.02, 162.00
809.31, 146.00
809.60, 145.00
809.89, 156.00
810.18, 149.00
810.48, 157.00
810.77, 148.00
811.06, 143.00
811.35, 149.00
811.64, 155.00
811.93, 165.00
812.22, 148.00
812.51, 142.00
812.80, 145.00
813.09, 148.00
813.38, 147.00
813.67, 169.00
813.96, 145.00
814.26, 143.00
814.55, 140.00
814.84, 148.00
815.13, 153.00
815.42, 146.00
815.71, 149.00
816.00, 147.00
816.29, 156.00
816.58, 150.00
816.87, 144.00
817.16, 142.00
817.45, 151.00
817.74, 148.00
818.03, 150.00
818.32, 146.00
818.61, 147.00
818.90, 151.00
819.19, 148.00
819.48, 144.00
819.76, 143.00
820.05, 143.00
820.34, 141.00
820.63, 145.00
820.92, 145.00
821.21, 144.00
821.50, 152.00
821.79, 147.00
822.08, 147.00
822.37, 146.00
822.66, 147.00
822.95, 147.00
823.23, 143.00
823.52, 162.00
823.81, 151.00
824.10, 142.00
824.39, 147.00
824.68, 149.00
824.97, 156.00
825.26, 143.00
825.54, 188.00
825.83, 153.00
826.12, 146.00
826.41, 140.00
826.70, 145.00
826.99, 159.00
827.27, 143.00
827.56, 156.00
827.85, 146.00
828.14, 142.00
828.43, 143.00
828.71, 146.00
829.00, 148.00
829.29, 142.00
829.58, 147.00
829.86, 147.00
830.15, 145.00
830.44, 151.00
830.73, 153.00
831.01, 150.00
831.30, 146.00
831.59, 146.00
831.88, 148.00
832.16, 148.00
832.45, 154.00
832.74, 143.00
833.03, 142.00
833.31, 150.00
833.60, 144.00
833.89, 140.00
834.17, 146.00
834.46, 143.00
834.75, 146.00
835.03, 143.00
835.32, 145.00
835.61, 147.00
835.89, 156.00
836.18, 149.00
836.47, 142.00
836.75, 143.00
837.04, 140.00
837.33, 146.00
837.61, 143.00
837.90, 141.00
838.19, 146.00
838.47, 141.00
838.76, 146.00
839.04, 143.00
839.33, 147.00
839.62, 146.00
839.90, 144.00
840.19, 143.00
840.47, 146.00
840.76, 172.00
841.04, 146.00
841.33, 148.00
841.62, 143.00
841.90, 149.00
842.19, 145.00
842.47, 179.00
842.76, 141.00
843.04, 150.00
843.33, 172.00
843.61, 155.00
843.90, 160.00
844.18, 154.00
844.47, 153.00
844.75, 159.00
845.04, 147.00
845.32, 149.00
845.61, 152.00
845.89, 150.00
846.18, 145.00
846.46, 148.00
846.75, 141.00
847.03, 153.00
847.32, 149.00
847.60, 145.00
847.88, 147.00
848.17, 146.00
848.45, 165.00
848.74, 149.00
849.02, 143.00
849.31, 144.00
849.59, 143.00
849.87, 141.00
850.16, 140.00
850.44, 148.00
850.73, 174.00
851.01, 148.00
851.29, 143.00
851.58, 145.00
851.86, 143.00
852.14, 145.00
852.43, 150.00
852.71, 146.00
853.00, 141.00
853.28, 150.00
853.56, 146.00
853.85, 143.00
854.13, 142.00
854.41, 142.00
854.69, 144.00
854.98, 146.00
855.26, 196.00
855.54, 142.00
855.83, 139.00
856.11, 144.00
856.39, 141.00
856.68, 140.00
856.96, 143.00
857.24, 149.00
857.52, 146.00
857.81, 143.00
858.09, 143.00
858.37, 139.00
858.65, 142.00
858.94, 139.00
859.22, 144.00
