190.05, 0.00
190.41, 141.00
190.77, 143.00
191.14, 145.00
191.50, 147.00
191.86, 165.00
192.22, 150.00
192.58, 153.00
192.94, 148.00
193.31, 148.00
193.67, 152.00
194.03, 155.00
194.39, 148.00
194.75, 146.00
195.11, 161.00
195.47, 164.00
195.84, 149.00
196.20, 155.00
196.56, 165.00
196.92, 150.00
197.28, 154.00
197.64, 152.00
198.00, 150.00
198.37, 153.00
198.73, 150.00
199.09, 149.00
199.45, 147.00
199.81, 157.00
200.17, 156.00
200.53, 148.00
200.89, 159.00
201.25, 186.00
201.62, 145.00
201.98, 148.00
202.34, 149.00
202.70, 154.00
203.06, 149.00
203.42, 146.00
203.78, 151.00
204.14, 150.00
204.50, 171.00
204.86, 165.00
205.22, 155.00
205.58, 152.00
205.95, 152.00
206.31, 148.00
206.67, 154.00
207.03, 156.00
207.39, 156.00
207.75, 150.00
208.11, 151.00
208.47, 148.00
208.83, 157.00
209.19, 153.00
209.55, 153.00
209.91, 149.00
210.27, 155.00
210.63, 152.00
210.99, 159.00
211.35, 151.00
211.71, 158.00
212.07, 148.00
212.43, 154.00
212.79, 151.00
213.15, 148.00
213.51, 147.00
213.87, 153.00
214.23, 147.00
214.59, 152.00
214.95, 149.00
215.31, 147.00
215.67, 149.00
216.03, 179.00
216.39, 149.00
216.75, 152.00
217.11, 156.00
217.47, 149.00
217.83, 152.00
218.19, 151.00
218.55, 154.00
218.91, 155.00
219.27, 150.00
219.63, 153.00
219.99, 148.00
220.35, 150.00
220.71, 158.00
221.07, 150.00
221.43, 155.00
221.79, 150.00
222.15, 152.00
222.51, 153.00
222.87, 150.00
223.23, 152.00
223.59, 152.00
223.95, 152.00
224.31, 149.00
224.67, 148.00
225.03, 156.00
225.39, 155.00
225.74, 157.00
226.10, 148.00
226.46, 152.00
226.82, 157.00
227.18, 149.00
227.54, 152.00
227.90, 154.00
228.26, 154.00
228.62, 159.00
228.98, 146.00
229.34, 148.00
229.69, 147.00
230.05, 150.00
230.41, 148.00
230.77, 155.00
231.13, 157.00
231.49, 153.00
231.85, 145.00
232.21, 154.00
232.57, 152.00
232.92, 154.00
233.28, 150.00
233.64, 150.00
234.00, 151.00
234.36, 149.00
234.72, 148.00
235.08, 156.00
235.44, 151.00
235.79, 145.00
236.15, 156.00
236.51, 150.00
236.87, 147.00
237.23, 149.00
237.59, 147.00
237.94, 160.00
238.30, 152.00
238.66, 148.00
239.02, 150.00
239.38, 151.00
239.74, 142.00
240.09, 159.00
240.45, 149.00
240.81, 148.00
241.17, 155.00
241.53, 159.00
241.89, 147.00
242.24, 143.00
242.60, 152.00
242.96, 157.00
243.32, 152.00
243.68, 148.00
244.03, 151.00
244.39, 155.00
244.75, 172.00
245.11, 156.00
245.46, 157.00
245.82, 176.00
246.18, 150.00
246.54, 151.00
246.90, 150.00
247.25, 149.00
247.61, 150.00
247.97, 189.00
248.33, 147.00
248.68, 148.00
249.04, 153.00
249.40, 148.00
249.76, 151.00
250.11, 146.00
250.47, 150.00
250.83, 152.00
251.19, 151.00
251.54, 159.00
251.90, 151.00
252.26, 158.00
252.62, 146.00
252.97, 149.00
253.33, 146.00
253.69, 157.00
254.05, 155.00
254.40, 145.00
254.76, 141.00
255.12, 175.00
255.47, 151.00
255.83, 155.00
256.19, 155.00
256.54, 152.00
256.90, 146.00
257.26, 146.00
257.62, 151.00
257.97, 149.00
258.33, 148.00
258.69, 149.00
259.04, 148.00
259.40, 151.00
259.76, 150.00
260.11, 147.00
260.47, 152.00
260.83, 153.00
261.18, 148.00
261.54, 156.00
261.90, 152.00
262.25, 148.00
262.61, 149.00
262.97, 150.00
263.32, 150.00
263.68, 143.00
264.04, 154.00
264.39, 148.00
264.75, 149.00
265.10, 149.00
265.46, 201.00
265.82, 161.00
266.17, 147.00
266.53, 146.00
266.89, 157.00
267.24, 157.00
267.60, 149.00
267.95, 151.00
268.31, 147.00
268.67, 147.00
269.02, 147.00
269.38, 151.00
269.74, 162.00
270.09, 151.00
270.45, 152.00
270.80, 164.00
271.16, 143.00
271.51, 145.00
271.87, 155.00
272.23, 154.00
272.58, 150.00
272.94, 145.00
273.29, 146.00
273.65, 194.00
274.00, 148.00
274.36, 150.00
274.72, 147.00
275.07, 148.00
275.43, 148.00
275.78, 155.00
276.14, 150.00
276.49, 151.00
276.85, 158.00
277.20, 170.00
277.56, 147.00
277.92, 152.00
278.27, 149.00
278.63, 157.00
278.98, 151.00
279.34, 150.00
279.69, 148.00
280.05, 165.00
280.40, 153.00
280.76, 160.00
281.11, 148.00
281.47, 153.00
281.82, 147.00
282.18, 145.00
282.53, 151.00
282.89, 150.00
283.24, 154.00
283.60, 155.00
283.95, 151.00
284.31, 151.00
284.66, 148.00
285.02, 151.00
285.37, 146.00
285.73, 150.00
286.08, 153.00
286.44, 149.00
286.79, 154.00
287.14, 159.00
287.50, 162.00
287.85, 143.00
288.21, 151.00
288.56, 149.00
288.92, 146.00
289.27, 148.00
289.63, 150.00
289.98, 152.00
290.34, 150.00
290.69, 158.00
291.04, 148.00
291.40, 146.00
291.75, 145.00
292.11, 150.00
292.46, 146.00
292.81, 152.00
293.17, 154.00
293.52, 148.00
293.88, 145.00
294.23, 150.00
294.59, 149.00
294.94, 149.00
295.29, 146.00
295.65, 145.00
296.00, 170.00
296.36, 151.00
296.71, 147.00
297.06, 150.00
297.42, 148.00
297.77, 146.00
298.12, 153.00
298.48, 154.00
298.83, 148.00
299.19, 150.00
299.54, 149.00
299.89, 152.00
300.25, 148.00
300.60, 147.00
300.95, 151.00
301.31, 152.00
301.66, 146.00
302.01, 150.00
302.37, 146.00
302.72, 146.00
303.07, 145.00
303.43, 151.00
303.78, 145.00
304.13, 152.00
304.49, 151.00
304.84, 159.00
305.19, 195.00
305.55, 151.00
305.90, 148.00
306.25, 151.00
306.61, 148.00
306.96, 149.00
307.31, 147.00
307.66, 145.00
308.02, 155.00
308.37, 155.00
308.72, 154.00
309.08, 147.00
309.43, 161.00
309.78, 148.00
310.13, 145.00
310.49, 163.00
310.84, 149.00
311.19, 157.00
311.54, 156.00
311.90, 151.00
312.25, 155.00
312.60, 150.00
312.95, 143.00
313.31, 152.00
313.66, 149.00
314.01, 160.00
314.36, 160.00
314.72, 152.00
315.07, 148.00
315.42, 143.00
315.77, 180.00
316.13, 148.00
316.48, 148.00
316.83, 149.00
317.18, 152.00
317.54, 147.00
317.89, 155.00
318.24, 149.00
318.59, 148.00
318.94, 150.00
319.30, 148.00
319.65, 153.00
320.00, 145.00
320.35, 142.00
320.70, 153.00
321.05, 148.00
321.41, 150.00
321.76, 149.00
322.11, 149.00
322.46, 148.00
322.81, 190.00
323.17, 157.00
323.52, 147.00
323.87, 151.00
324.22, 150.00
324.57, 147.00
324.92, 148.00
325.27, 149.00
325.63, 150.00
325.98, 134.00
326.33, 154.00
326.68, 148.00
327.03, 149.00
327.38, 151.00
327.73, 144.00
328.09, 147.00
328.44, 175.00
328.79, 149.00
329.14, 180.00
329.49, 153.00
329.84, 153.00
330.19, 153.00
330.54, 145.00
330.89, 156.00
331.25, 151.00
331.60, 155.00
331.95, 153.00
332.30, 148.00
332.65, 147.00
333.00, 155.00
333.35, 188.00
333.70, 196.00
334.05, 157.00
334.40, 157.00
334.75, 148.00
335.10, 152.00
335.45, 145.00
335.81, 145.00
336.16, 152.00
336.51, 150.00
336.86, 144.00
337.21, 152.00
337.56, 158.00
337.91, 148.00
338.26, 145.00
338.61, 148.00
338.96, 151.00
339.31, 145.00
339.66, 146.00
340.01, 156.00
340.36, 153.00
340.71, 152.00
341.06, 145.00
341.41, 154.00
341.76, 149.00
342.11, 150.00
342.46, 146.00
342.81, 155.00
343.16, 148.00
343.51, 148.00
343.86, 153.00
344.21, 148.00
344.56, 149.00
344.91, 150.00
345.26, 154.00
345.61, 148.00
345.96, 145.00
346.31, 151.00
346.66, 174.00
347.01, 147.00
347.36, 167.00
347.71, 152.00
348.06, 146.00
348.41, 161.00
348.76, 157.00
349.10, 153.00
349.45, 143.00
349.80, 144.00
350.15, 152.00
350.50, 154.00
350.85, 159.00
351.20, 146.00
351.55, 156.00
351.90, 152.00
352.25, 150.00
352.60, 149.00
352.95, 154.00
353.30, 169.00
353.64, 151.00
353.99, 147.00
354.34, 151.00
354.69, 150.00
355.04, 154.00
355.39, 145.00
355.74, 144.00
356.09, 148.00
356.44, 148.00
356.78, 150.00
357.13, 146.00
357.48, 155.00
357.83, 150.00
358.18, 150.00
358.53, 155.00
358.88, 154.00
359.22, 166.00
359.57, 149.00
359.92, 150.00
360.27, 146.00
360.62, 147.00
360.97, 147.00
361.32, 143.00
361.66, 150.00
362.01, 146.00
362.36, 148.00
362.71, 148.00
363.06, 141.00
363.40, 146.00
363.75, 145.00
364.10, 153.00
364.45, 155.00
364.80, 154.00
365.14, 151.00
365.49, 157.00
365.84, 149.00
366.19, 150.00
366.54, 154.00
366.88, 168.00
367.23, 146.00
367.58, 201.00
367.93, 151.00
368.28, 151.00
368.62, 151.00
368.97, 154.00
369.32, 160.00
369.67, 154.00
370.01, 158.00
370.36, 150.00
370.71, 168.00
371.06, 143.00
371.40, 156.00
371.75, 148.00
372.10, 147.00
372.45, 147.00
372.79, 147.00
373.14, 152.00
373.49, 151.00
373.83, 150.00
374.18, 147.00
374.53, 146.00
374.88, 151.00
375.22, 149.00
375.57, 153.00
375.92, 152.00
376.26, 150.00
376.61, 152.00
376.96, 147.00
377.30, 154.00
377.65, 152.00
378.00, 146.00
378.35, 155.00
378.69, 153.00
379.04, 149.00
379.39, 151.00
379.73, 148.00
380.08, 150.00
380.43, 145.00
380.77, 147.00
381.12, 151.00
381.47, 150.00
381.81, 148.00
382.16, 150.00
382.50, 156.00
382.85, 212.00
383.20, 145.00
383.54, 147.00
383.89, 146.00
384.24, 148.00
384.58, 157.00
384.93, 164.00
385.27, 150.00
385.62, 152.00
385.97, 150.00
386.31, 152.00
386.66, 180.00
387.00, 154.00
387.35, 151.00
387.70, 147.00
388.04, 205.00
388.39, 150.00
388.73, 148.00
389.08, 148.00
389.43, 148.00
389.77, 150.00
390.12, 148.00
390.46, 144.00
390.81, 150.00
391.15, 145.00
391.50, 145.00
391.85, 148.00
392.19, 148.00
392.54, 144.00
392.88, 149.00
393.23, 150.00
393.57, 154.00
393.92, 151.00
394.26, 152.00
394.61, 146.00
394.95, 150.00
395.30, 147.00
395.64, 146.00
395.99, 184.00
396.33, 150.00
396.68, 146.00
397.02, 149.00
397.37, 148.00
397.71, 151.00
398.06, 152.00
398.40, 140.00
398.75, 146.00
399.09, 150.00
399.44, 149.00
399.78, 149.00
400.13, 148.00
400.47, 147.00
400.82, 144.00
401.16, 150.00
401.51, 152.00
401.85, 152.00
402.20, 155.00
402.54, 152.00
402.88, 157.00
403.23, 147.00
403.57, 163.00
403.92, 176.00
404.26, 228.00
404.61, 177.00
404.95, 195.00
405.30, 152.00
405.64, 160.00
405.98, 185.00
406.33, 161.00
406.67, 147.00
407.02, 146.00
407.36, 158.00
407.70, 154.00
408.05, 146.00
408.39, 147.00
408.74, 150.00
409.08, 155.00
409.42, 152.00
409.77, 149.00
410.11, 152.00
410.46, 149.00
410.80, 154.00
411.14, 146.00
411.49, 145.00
411.83, 148.00
412.17, 150.00
412.52, 146.00
412.86, 151.00
413.20, 147.00
413.55, 150.00
413.89, 154.00
414.23, 155.00
414.58, 192.00
414.92, 149.00
415.26, 150.00
415.61, 153.00
415.95, 150.00
416.29, 151.00
416.64, 150.00
416.98, 145.00
417.32, 152.00
417.67, 155.00
418.01, 161.00
418.35, 151.00
418.70, 153.00
419.04, 163.00
419.38, 149.00
419.72, 146.00
420.07, 154.00
420.41, 145.00
420.75, 142.00
421.10, 144.00
421.44, 151.00
421.78, 150.00
422.12, 148.00
422.47, 147.00
422.81, 148.00
423.15, 155.00
423.49, 154.00
423.84, 148.00
424.18, 154.00
424.52, 154.00
424.86, 150.00
425.21, 155.00
425.55, 159.00
425.89, 154.00
426.23, 155.00
426.57, 154.00
426.92, 165.00
427.26, 156.00
427.60, 156.00
427.94, 159.00
428.28, 155.00
428.63, 156.00
428.97, 155.00
429.31, 153.00
429.65, 157.00
429.99, 158.00
430.34, 154.00
430.68, 156.00
431.02, 163.00
431.36, 155.00
431.70, 158.00
432.04, 153.00
432.39, 153.00
432.73, 161.00
433.07, 152.00
433.41, 151.00
433.75, 160.00
434.09, 158.00
434.43, 169.00
434.78, 251.00
435.12, 296.00
435.46, 346.00
435.80, 298.00
436.14, 255.00
436.48, 210.00
436.82, 200.00
437.16, 172.00
437.51, 167.00
437.85, 155.00
438.19, 193.00
438.53, 160.00
438.87, 172.00
439.21, 161.00
439.55, 161.00
439.89, 162.00
440.23, 155.00
440.57, 152.00
440.91, 156.00
441.26, 158.00
441.60, 161.00
441.94, 155.00
442.28, 158.00
442.62, 162.00
442.96, 157.00
443.30, 163.00
443.64, 158.00
443.98, 163.00
444.32, 161.00
444.66, 162.00
445.00, 159.00
445.34, 156.00
445.68, 157.00
446.02, 166.00
446.36, 156.00
446.70, 156.00
447.04, 157.00
447.38, 186.00
447.72, 160.00
448.06, 160.00
448.40, 162.00
448.74, 158.00
449.08, 166.00
449.42, 156.00
449.76, 159.00
450.10, 157.00
450.44, 157.00
450.78, 163.00
451.12, 155.00
451.46, 160.00
451.80, 163.00
452.14, 160.00
452.48, 162.00
452.82, 165.00
453.16, 158.00
453.50, 160.00
453.84, 156.00
454.18, 198.00
454.52, 160.00
454.86, 162.00
455.19, 171.00
455.53, 163.00
455.87, 163.00
456.21, 161.00
456.55, 158.00
456.89, 157.00
457.23, 155.00
457.57, 150.00
457.91, 155.00
458.25, 150.00
458.59, 153.00
458.92, 156.00
459.26, 156.00
459.60, 158.00
459.94, 159.00
460.28, 155.00
460.62, 156.00
460.96, 155.00
461.30, 159.00
461.63, 160.00
461.97, 158.00
462.31, 159.00
462.65, 156.00
462.99, 162.00
463.33, 157.00
463.67, 157.00
464.00, 158.00
464.34, 158.00
464.68, 161.00
465.02, 169.00
465.36, 158.00
465.70, 159.00
466.03, 161.00
466.37, 163.00
466.71, 158.00
467.05, 155.00
467.39, 156.00
467.72, 157.00
468.06, 156.00
468.40, 159.00
468.74, 155.00
469.08, 158.00
469.41, 158.00
469.75, 156.00
470.09, 154.00
470.43, 159.00
470.76, 159.00
471.10, 159.00
471.44, 158.00
471.78, 154.00
472.11, 161.00
472.45, 161.00
472.79, 162.00
473.13, 154.00
473.46, 162.00
473.80, 158.00
474.14, 154.00
474.48, 159.00
474.81, 163.00
475.15, 161.00
475.49, 164.00
475.82, 161.00
476.16, 155.00
476.50, 153.00
476.84, 162.00
477.17, 157.00
477.51, 153.00
477.85, 155.00
478.18, 166.00
478.52, 158.00
478.86, 205.00
479.19, 163.00
479.53, 156.00
479.87, 198.00
480.20, 166.00
480.54, 161.00
480.88, 167.00
481.21, 159.00
481.55, 158.00
481.89, 164.00
482.22, 172.00
482.56, 176.00
482.90, 174.00
483.23, 184.00
483.57, 181.00
483.90, 191.00
484.24, 197.00
484.58, 206.00
484.91, 211.00
485.25, 218.00
485.58, 221.00
485.92, 224.00
486.26, 234.00
486.59, 231.00
486.93, 239.00
487.26, 227.00
487.60, 234.00
487.94, 226.00
488.27, 226.00
488.61, 224.00
488.94, 227.00
489.28, 227.00
489.61, 223.00
489.95, 212.00
490.29, 222.00
490.62, 219.00
490.96, 222.00
491.29, 214.00
491.63, 209.00
491.96, 201.00
492.30, 209.00
492.63, 197.00
492.97, 201.00
493.30, 199.00
493.64, 193.00
493.97, 189.00
494.31, 196.00
494.64, 199.00
494.98, 193.00
495.31, 197.00
495.65, 190.00
495.98, 191.00
496.32, 187.00
496.65, 218.00
496.99, 193.00
497.32, 184.00
497.66, 182.00
497.99, 169.00
498.33, 176.00
498.66, 179.00
499.00, 179.00
499.33, 164.00
499.67, 170.00
500.00, 167.00
500.34, 161.00
500.67, 164.00
501.00, 157.00
501.34, 159.00
501.67, 158.00
502.01, 162.00
502.34, 160.00
502.68, 163.00
503.01, 160.00
503.34, 157.00
503.68, 153.00
504.01, 154.00
504.35, 151.00
504.68, 158.00
505.01, 154.00
505.35, 151.00
505.68, 151.00
506.02, 158.00
506.35, 151.00
506.68, 163.00
507.02, 155.00
507.35, 145.00
507.68, 158.00
508.02, 155.00
508.35, 156.00
508.69, 155.00
509.02, 157.00
509.35, 154.00
509.69, 150.00
510.02, 157.00
510.35, 153.00
510.69, 148.00
511.02, 149.00
511.35, 153.00
511.69, 153.00
512.02, 152.00
512.35, 154.00
512.68, 158.00
513.02, 162.00
513.35, 159.00
513.68, 154.00
514.02, 150.00
514.35, 152.00
514.68, 156.00
515.01, 153.00
515.35, 159.00
515.68, 152.00
516.01, 151.00
516.35, 152.00
516.68, 151.00
517.01, 152.00
517.34, 155.00
517.68, 152.00
518.01, 154.00
518.34, 151.00
518.67, 153.00
519.01, 153.00
519.34, 156.00
519.67, 162.00
520.00, 154.00
520.33, 156.00
520.67, 153.00
521.00, 151.00
521.33, 153.00
521.66, 156.00
522.00, 152.00
522.33, 150.00
522.66, 147.00
522.99, 152.00
523.32, 165.00
523.65, 154.00
523.99, 156.00
524.32, 158.00
524.65, 145.00
524.98, 155.00
525.31, 148.00
525.65, 178.00
525.98, 155.00
526.31, 147.00
526.64, 158.00
526.97, 151.00
527.30, 150.00
527.63, 148.00
527.97, 148.00
528.30, 153.00
528.63, 157.00
528.96, 174.00
529.29, 149.00
529.62, 156.00
529.95, 149.00
530.28, 150.00
530.61, 148.00
530.95, 153.00
531.28, 154.00
531.61, 155.00
531.94, 158.00
532.27, 155.00
532.60, 162.00
532.93, 160.00
533.26, 163.00
533.59, 154.00
533.92, 162.00
534.25, 155.00
534.58, 191.00
534.91, 164.00
535.25, 164.00
535.58, 161.00
535.91, 163.00
536.24, 171.00
536.57, 174.00
536.90, 170.00
537.23, 184.00
537.56, 221.00
537.89, 200.00
538.22, 206.00
538.55, 200.00
538.88, 214.00
539.21, 328.00
539.54, 243.00
539.87, 252.00
540.20, 292.00
540.53, 332.00
540.86, 397.00
541.19, 416.00
541.52, 438.00
541.85, 452.00
542.18, 474.00
542.51, 482.00
542.84, 476.00
543.17, 478.00
543.50, 473.00
543.82, 453.00
544.15, 463.00
544.48, 451.00
544.81, 497.00
545.14, 531.00
545.47, 509.00
545.80, 484.00
546.13, 404.00
546.46, 404.00
546.79, 355.00
547.12, 309.00
547.45, 279.00
547.78, 279.00
548.10, 273.00
548.43, 263.00
548.76, 251.00
549.09, 247.00
549.42, 245.00
549.75, 234.00
550.08, 228.00
550.41, 226.00
550.74, 229.00
551.06, 216.00
551.39, 228.00
551.72, 211.00
552.05, 201.00
552.38, 204.00
552.71, 198.00
553.03, 200.00
553.36, 194.00
553.69, 189.00
554.02, 175.00
554.35, 179.00
554.68, 163.00
555.00, 166.00
555.33, 164.00
555.66, 159.00
555.99, 171.00
556.32, 163.00
556.64, 158.00
556.97, 166.00
557.30, 151.00
557.63, 153.00
557.96, 153.00
558.28, 154.00
558.61, 154.00
558.94, 155.00
559.27, 157.00
559.59, 147.00
559.92, 152.00
560.25, 155.00
560.58, 152.00
560.90, 154.00
561.23, 155.00
561.56, 150.00
561.89, 155.00
562.21, 149.00
562.54, 155.00
562.87, 154.00
563.20, 159.00
563.52, 154.00
563.85, 149.00
564.18, 173.00
564.50, 156.00
564.83, 184.00
565.16, 211.00
565.48, 152.00
565.81, 159.00
566.14, 149.00
566.47, 153.00
566.79, 156.00
567.12, 149.00
567.45, 180.00
567.77, 157.00
568.10, 153.00
568.43, 157.00
568.75, 154.00
569.08, 157.00
569.40, 189.00
569.73, 153.00
570.06, 151.00
570.38, 155.00
570.71, 153.00
571.04, 148.00
571.36, 156.00
571.69, 151.00
572.01, 153.00
572.34, 146.00
572.67, 156.00
572.99, 153.00
573.32, 168.00
573.64, 149.00
573.97, 151.00
574.30, 154.00
574.62, 158.00
574.95, 157.00
575.27, 158.00
575.60, 162.00
575.92, 170.00
576.25, 177.00
576.58, 186.00
576.90, 171.00
577.23, 199.00
577.55, 173.00
577.88, 171.00
578.20, 182.00
578.53, 180.00
578.85, 198.00
579.18, 196.00
579.50, 192.00
579.83, 195.00
580.15, 193.00
580.48, 191.00
580.80, 185.00
581.13, 196.00
581.45, 199.00
581.78, 184.00
582.10, 199.00
582.43, 215.00
582.75, 205.00
583.08, 205.00
583.40, 205.00
583.73, 268.00
584.05, 205.00
584.38, 204.00
584.70, 240.00
585.03, 205.00
585.35, 204.00
585.67, 202.00
586.00, 216.00
586.32, 221.00
586.65, 230.00
586.97, 230.00
587.30, 226.00
587.62, 211.00
587.94, 220.00
588.27, 202.00
588.59, 194.00
588.92, 193.00
589.24, 188.00
589.56, 198.00
589.89, 194.00
590.21, 185.00
590.54, 186.00
590.86, 187.00
591.18, 190.00
591.51, 184.00
591.83, 204.00
592.15, 202.00
592.48, 197.00
592.80, 201.00
593.13, 197.00
593.45, 194.00
593.77, 184.00
594.10, 179.00
594.42, 177.00
594.74, 161.00
595.07, 171.00
595.39, 168.00
595.71, 166.00
596.03, 170.00
596.36, 161.00
596.68, 160.00
597.00, 168.00
597.33, 166.00
597.65, 167.00
597.97, 176.00
598.30, 169.00
598.62, 175.00
598.94, 179.00
599.26, 177.00
599.59, 183.00
599.91, 179.00
600.23, 171.00
600.55, 168.00
600.88, 172.00
601.20, 162.00
601.52, 167.00
601.84, 159.00
602.17, 165.00
602.49, 165.00
602.81, 160.00
603.13, 165.00
603.45, 169.00
603.78, 156.00
604.10, 162.00
604.42, 160.00
604.74, 153.00
605.07, 159.00
605.39, 160.00
605.71, 159.00
606.03, 170.00
606.35, 163.00
606.67, 178.00
607.00, 177.00
607.32, 175.00
607.64, 180.00
607.96, 182.00
608.28, 195.00
608.60, 196.00
608.93, 218.00
609.25, 256.00
609.57, 302.00
609.89, 428.00
610.21, 500.00
610.53, 561.00
610.85, 544.00
611.17, 511.00
611.50, 468.00
611.82, 432.00
612.14, 389.00
612.46, 367.00
612.78, 352.00
613.10, 331.00
613.42, 304.00
613.74, 294.00
614.06, 302.00
614.38, 261.00
614.70, 240.00
615.03, 241.00
615.35, 227.00
615.67, 316.00
615.99, 202.00
616.31, 199.00
616.63, 203.00
616.95, 191.00
617.27, 187.00
617.59, 181.00
617.91, 187.00
618.23, 192.00
618.55, 184.00
618.87, 185.00
619.19, 179.00
619.51, 182.00
619.83, 191.00
620.15, 188.00
620.47, 189.00
620.79, 188.00
621.11, 191.00
621.43, 185.00
621.75, 196.00
622.07, 187.00
622.39, 185.00
622.71, 181.00
623.03, 188.00
623.35, 225.00
623.67, 183.00
623.99, 180.00
624.31, 184.00
624.63, 183.00
624.95, 180.00
625.26, 179.00
625.58, 182.00
625.90, 204.00
626.22, 172.00
626.54, 177.00
626.86, 186.00
627.18, 173.00
627.50, 178.00
627.82, 177.00
628.14, 179.00
628.46, 182.00
628.77, 180.00
629.09, 189.00
629.41, 194.00
629.73, 203.00
630.05, 218.00
630.37, 209.00
630.69, 216.00
631.00, 212.00
631.32, 200.00
631.64, 178.00
631.96, 174.00
632.28, 178.00
632.60, 169.00
632.92, 161.00
633.23, 158.00
633.55, 165.00
633.87, 162.00
634.19, 157.00
634.51, 154.00
634.82, 164.00
635.14, 157.00
635.46, 157.00
635.78, 159.00
636.10, 154.00
636.41, 152.00
636.73, 153.00
637.05, 156.00
637.37, 150.00
637.68, 154.00
638.00, 152.00
638.32, 152.00
638.64, 149.00
638.95, 160.00
639.27, 155.00
639.59, 158.00
639.91, 149.00
640.22, 160.00
640.54, 156.00
640.86, 152.00
641.18, 166.00
641.49, 166.00
641.81, 167.00
642.13, 158.00
642.44, 156.00
642.76, 154.00
643.08, 152.00
643.40, 160.00
643.71, 160.00
644.03, 159.00
644.35, 156.00
644.66, 158.00
644.98, 153.00
645.30, 155.00
645.61, 173.00
645.93, 154.00
646.25, 154.00
646.56, 165.00
646.88, 187.00
647.19, 153.00
647.51, 159.00
647.83, 157.00
648.14, 163.00
648.46, 151.00
648.78, 162.00
649.09, 161.00
649.41, 202.00
649.72, 158.00
650.04, 168.00
650.36, 157.00
650.67, 160.00
650.99, 158.00
651.30, 160.00
651.62, 158.00
651.93, 157.00
652.25, 167.00
652.57, 192.00
652.88, 153.00
653.20, 160.00
653.51, 161.00
653.83, 157.00
654.14, 159.00
654.46, 157.00
654.77, 152.00
655.09, 158.00
655.40, 165.00
655.72, 154.00
656.04, 154.00
656.35, 159.00
656.67, 154.00
656.98, 151.00
657.30, 153.00
657.61, 152.00
657.93, 150.00
658.24, 155.00
658.55, 185.00
658.87, 151.00
659.18, 155.00
659.50, 149.00
659.81, 152.00
660.13, 157.00
660.44, 151.00
660.76, 147.00
661.07, 168.00
661.39, 156.00
661.70, 153.00
662.01, 155.00
662.33, 157.00
662.64, 156.00
662.96, 162.00
663.27, 156.00
663.59, 152.00
663.90, 155.00
664.21, 152.00
664.53, 174.00
664.84, 159.00
665.16, 177.00
665.47, 152.00
665.78, 149.00
666.10, 155.00
666.41, 153.00
666.72, 157.00
667.04, 158.00
667.35, 152.00
667.67, 150.00
667.98, 150.00
668.29, 151.00
668.61, 151.00
668.92, 146.00
669.23, 151.00
669.55, 153.00
669.86, 174.00
670.17, 154.00
670.48, 156.00
670.80, 153.00
671.11, 150.00
671.42, 148.00
671.74, 156.00
672.05, 153.00
672.36, 155.00
672.68, 149.00
672.99, 148.00
673.30, 151.00
673.61, 152.00
673.93, 146.00
674.24, 146.00
674.55, 149.00
674.86, 149.00
675.18, 157.00
675.49, 154.00
675.80, 153.00
676.11, 155.00
676.43, 154.00
676.74, 147.00
677.05, 147.00
677.36, 155.00
677.67, 155.00
677.99, 152.00
678.30, 151.00
678.61, 152.00
678.92, 157.00
679.23, 158.00
679.55, 154.00
679.86, 151.00
680.17, 158.00
680.48, 167.00
680.79, 158.00
681.10, 150.00
681.42, 155.00
681.73, 149.00
682.04, 152.00
682.35, 149.00
682.66, 158.00
682.97, 152.00
683.28, 151.00
683.60, 155.00
683.91, 150.00
684.22, 165.00
684.53, 153.00
684.84, 152.00
685.15, 157.00
685.46, 183.00
685.77, 152.00
686.08, 153.00
686.40, 186.00
686.71, 160.00
687.02, 157.00
687.33, 159.00
687.64, 153.00
687.95, 157.00
688.26, 154.00
688.57, 154.00
688.88, 155.00
689.19, 149.00
689.50, 152.00
689.81, 154.00
690.12, 152.00
690.43, 165.00
690.74, 146.00
691.05, 149.00
691.36, 166.00
691.67, 148.00
691.98, 149.00
692.29, 150.00
692.60, 149.00
692.91, 156.00
693.22, 147.00
693.53, 149.00
693.84, 157.00
694.15, 151.00
694.46, 150.00
694.77, 152.00
695.08, 153.00
695.39, 154.00
695.70, 147.00
696.01, 156.00
696.32, 147.00
696.63, 152.00
696.94, 153.00
697.25, 153.00
697.56, 155.00
697.87, 158.00
698.17, 189.00
698.48, 153.00
698.79, 150.00
699.10, 146.00
699.41, 156.00
699.72, 149.00
700.03, 150.00
700.34, 147.00
700.65, 151.00
700.95, 146.00
701.26, 150.00
701.57, 153.00
701.88, 148.00
702.19, 157.00
702.50, 152.00
702.81, 146.00
703.11, 165.00
703.42, 146.00
703.73, 157.00
704.04, 158.00
704.35, 156.00
704.66, 159.00
704.96, 155.00
705.27, 159.00
705.58, 156.00
705.89, 162.00
706.20, 162.00
706.50, 163.00
706.81, 163.00
707.12, 163.00
707.43, 159.00
707.73, 169.00
708.04, 168.00
708.35, 166.00
708.66, 160.00
708.97, 165.00
709.27, 158.00
709.58, 155.00
709.89, 157.00
710.19, 153.00
710.50, 160.00
710.81, 159.00
711.12, 165.00
711.42, 157.00
711.73, 159.00
712.04, 154.00
712.35, 159.00
712.65, 157.00
712.96, 159.00
713.27, 154.00
713.57, 176.00
713.88, 168.00
714.19, 152.00
714.49, 150.00
714.80, 147.00
715.11, 148.00
715.41, 145.00
715.72, 142.00
716.03, 146.00
716.33, 159.00
716.64, 149.00
716.94, 150.00
717.25, 149.00
717.56, 160.00
717.86, 154.00
718.17, 148.00
718.48, 141.00
718.78, 147.00
719.09, 149.00
719.39, 150.00
719.70, 149.00
720.01, 148.00
720.31, 151.00
720.62, 150.00
720.92, 148.00
721.23, 153.00
721.53, 148.00
721.84, 147.00
722.15, 157.00
722.45, 150.00
722.76, 147.00
723.06, 153.00
723.37, 153.00
723.67, 144.00
723.98, 148.00
724.28, 146.00
724.59, 153.00
724.89, 154.00
725.20, 148.00
725.50, 150.00
725.81, 145.00
726.11, 151.00
726.42, 147.00
726.72, 149.00
727.03, 182.00
727.33, 151.00
727.64, 157.00
727.94, 148.00
728.25, 150.00
728.55, 147.00
728.86, 166.00
729.16, 145.00
729.46, 146.00
729.77, 150.00
730.07, 148.00
730.38, 151.00
730.68, 149.00
730.99, 162.00
731.29, 151.00
731.59, 149.00
731.90, 153.00
732.20, 149.00
732.51, 148.00
732.81, 150.00
733.11, 154.00
733.42, 150.00
733.72, 149.00
734.02, 146.00
734.33, 145.00
734.63, 144.00
734.94, 145.00
735.24, 150.00
735.54, 145.00
735.85, 146.00
736.15, 147.00
736.45, 149.00
736.76, 151.00
737.06, 148.00
737.36, 153.00
737.67, 147.00
737.97, 148.00
738.27, 153.00
738.57, 150.00
738.88, 145.00
739.18, 188.00
739.48, 152.00
739.79, 149.00
740.09, 157.00
740.39, 149.00
740.69, 155.00
741.00, 149.00
741.30, 154.00
741.60, 157.00
741.90, 149.00
742.21, 150.00
742.51, 187.00
742.81, 141.00
743.11, 147.00
743.42, 169.00
743.72, 148.00
744.02, 152.00
744.32, 141.00
744.63, 150.00
744.93, 148.00
745.23, 149.00
745.53, 153.00
745.83, 149.00
746.13, 150.00
746.44, 147.00
746.74, 146.00
747.04, 149.00
747.34, 146.00
747.64, 145.00
747.94, 146.00
748.25, 146.00
748.55, 150.00
748.85, 146.00
749.15, 154.00
749.45, 177.00
749.75, 153.00
750.05, 153.00
750.35, 146.00
750.66, 166.00
750.96, 150.00
751.26, 151.00
751.56, 145.00
751.86, 156.00
752.16, 145.00
752.46, 142.00
752.76, 144.00
753.06, 146.00
753.36, 187.00
753.66, 149.00
753.96, 153.00
754.27, 145.00
754.57, 138.00
754.87, 147.00
755.17, 148.00
755.47, 149.00
755.77, 146.00
756.07, 149.00
756.37, 148.00
756.67, 150.00
756.97, 149.00
757.27, 152.00
757.57, 150.00
757.87, 148.00
758.17, 146.00
758.47, 153.00
758.77, 152.00
759.07, 154.00
759.37, 152.00
759.67, 155.00
759.97, 155.00
760.27, 144.00
760.57, 148.00
760.86, 149.00
761.16, 147.00
761.46, 149.00
761.76, 175.00
762.06, 148.00
762.36, 149.00
762.66, 150.00
762.96, 149.00
763.26, 148.00
763.56, 176.00
763.86, 157.00
764.16, 145.00
764.45, 163.00
764.75, 153.00
765.05, 146.00
765.35, 150.00
765.65, 149.00
765.95, 151.00
766.25, 152.00
766.55, 157.00
766.84, 151.00
767.14, 155.00
767.44, 146.00
767.74, 148.00
768.04, 154.00
768.34, 148.00
768.63, 150.00
768.93, 149.00
769.23, 153.00
769.53, 150.00
769.83, 147.00
770.12, 148.00
770.42, 148.00
770.72, 142.00
771.02, 147.00
771.32, 151.00
771.61, 145.00
771.91, 152.00
772.21, 150.00
772.51, 150.00
772.80, 152.00
773.10, 151.00
773.40, 148.00
773.70, 149.00
773.99, 152.00
774.29, 154.00
774.59, 153.00
774.88, 151.00
775.18, 143.00
775.48, 150.00
775.78, 148.00
776.07, 143.00
776.37, 149.00
776.67, 148.00
776.96, 146.00
777.26, 192.00
777.56, 152.00
777.85, 148.00
778.15, 148.00
778.45, 152.00
778.74, 153.00
779.04, 147.00
779.34, 152.00
779.63, 157.00
779.93, 150.00
780.22, 150.00
780.52, 151.00
780.82, 147.00
781.11, 149.00
781.41, 145.00
781.71, 148.00
782.00, 150.00
782.30, 151.00
782.59, 157.00
782.89, 149.00
783.19, 145.00
783.48, 149.00
783.78, 146.00
784.07, 156.00
784.37, 151.00
784.66, 146.00
784.96, 150.00
785.25, 145.00
785.55, 144.00
785.84, 150.00
786.14, 148.00
786.44, 145.00
786.73, 145.00
787.03, 147.00
787.32, 147.00
787.62, 143.00
787.91, 148.00
788.21, 156.00
788.50, 149.00
788.80, 149.00
789.09, 155.00
789.39, 155.00
789.68, 150.00
789.97, 154.00
790.27, 149.00
790.56, 152.00
790.86, 157.00
791.15, 151.00
791.45, 153.00
791.74, 171.00
792.04, 150.00
792.33, 147.00
792.62, 172.00
792.92, 147.00
793.21, 147.00
793.51, 152.00
793.80, 150.00
794.09, 145.00
794.39, 150.00
794.68, 145.00
794.98, 148.00
795.27, 147.00
795.56, 147.00
795.86, 152.00
796.15, 141.00
796.44, 149.00
796.74, 145.00
797.03, 148.00
797.32, 149.00
797.62, 147.00
797.91, 158.00
798.20, 147.00
798.50, 159.00
798.79, 163.00
799.08, 150.00
799.38, 150.00
799.67, 149.00
799.96, 159.00
800.26, 173.00
800.55, 154.00
800.84, 157.00
801.13, 149.00
801.43, 150.00
801.72, 184.00
802.01, 151.00
802.30, 151.00
802.60, 152.00
802.89, 150.00
803.18, 147.00
803.47, 150.00
803.77, 152.00
804.06, 150.00
804.35, 153.00
804.64, 166.00
804.94, 148.00
805.23, 143.00
805.52, 147.00
805.81, 148.00
806.10, 144.00
806.39, 147.00
806.69, 150.00
806.98, 148.00
807.27, 152.00
807.56, 152.00
807.85, 150.00
808.14, 151.00
808.44, 158.00
808.73, 148.00
809.02, 162.00
809.31, 151.00
809.60, 158.00
809.89, 150.00
810.18, 152.00
810.48, 160.00
810.77, 150.00
811.06, 152.00
811.35, 155.00
811.64, 152.00
811.93, 169.00
812.22, 147.00
812.51, 148.00
812.80, 147.00
813.09, 146.00
813.38, 151.00
813.67, 169.00
813.96, 148.00
814.26, 148.00
814.55, 148.00
814.84, 150.00
815.13, 151.00
815.42, 156.00
815.71, 152.00
816.00, 147.00
816.29, 155.00
816.58, 150.00
816.87, 149.00
817.16, 150.00
817.45, 157.00
817.74, 148.00
818.03, 147.00
818.32, 147.00
818.61, 152.00
818.90, 152.00
819.19, 147.00
819.48, 148.00
819.76, 149.00
820.05, 153.00
820.34, 150.00
820.63, 148.00
820.92, 152.00
821.21, 149.00
821.50, 149.00
821.79, 144.00
822.08, 151.00
822.37, 152.00
822.66, 152.00
822.95, 154.00
823.23, 150.00
823.52, 166.00
823.81, 149.00
824.10, 151.00
824.39, 149.00
824.68, 152.00
824.97, 164.00
825.26, 150.00
825.54, 189.00
825.83, 149.00
826.12, 154.00
826.41, 151.00
826.70, 146.00
826.99, 155.00
827.27, 151.00
827.56, 168.00
827.85, 150.00
828.14, 151.00
828.43, 154.00
828.71, 154.00
829.00, 148.00
829.29, 140.00
829.58, 150.00
829.86, 154.00
830.15, 151.00
830.44, 152.00
830.73, 151.00
831.01, 146.00
831.30, 150.00
831.59, 149.00
831.88, 148.00
832.16, 150.00
832.45, 155.00
832.74, 147.00
833.03, 152.00
833.31, 152.00
833.60, 148.00
833.89, 146.00
834.17, 152.00
834.46, 144.00
834.75, 143.00
835.03, 147.00
835.32, 145.00
835.61, 146.00
835.89, 169.00
836.18, 146.00
836.47, 143.00
836.75, 151.00
837.04, 149.00
837.33, 152.00
837.61, 149.00
837.90, 148.00
838.19, 147.00
838.47, 147.00
838.76, 149.00
839.04, 147.00
839.33, 149.00
839.62, 150.00
839.90, 145.00
840.19, 147.00
840.47, 143.00
840.76, 175.00
841.04, 148.00
841.33, 155.00
841.62, 152.00
841.90, 154.00
842.19, 152.00
842.47, 293.00
842.76, 144.00
843.04, 150.00
843.33, 169.00
843.61, 152.00
843.90, 148.00
844.18, 145.00
844.47, 146.00
844.75, 155.00
845.04, 148.00
845.32, 149.00
845.61, 147.00
845.89, 143.00
846.18, 145.00
846.46, 149.00
846.75, 148.00
847.03, 159.00
847.32, 147.00
847.60, 149.00
847.88, 151.00
848.17, 152.00
848.45, 165.00
848.74, 153.00
849.02, 150.00
849.31, 149.00
849.59, 149.00
849.87, 148.00
850.16, 150.00
850.44, 153.00
850.73, 184.00
851.01, 150.00
851.29, 152.00
851.58, 149.00
851.86, 144.00
852.14, 150.00
852.43, 151.00
852.71, 154.00
853.00, 148.00
853.28, 154.00
853.56, 150.00
853.85, 147.00
854.13, 152.00
854.41, 151.00
854.69, 150.00
854.98, 148.00
855.26, 202.00
855.54, 148.00
855.83, 150.00
856.11, 150.00
856.39, 148.00
856.68, 146.00
856.96, 149.00
857.24, 146.00
857.52, 149.00
857.81, 149.00
858.09, 145.00
858.37, 149.00
858.65, 142.00
858.94, 150.00
859.22, 147.00
