190.05, 0.00
190.41, 134.00
190.77, 135.00
191.14, 137.00
191.50, 136.00
191.86, 159.00
192.22, 149.00
192.58, 151.00
192.94, 145.00
193.31, 146.00
193.67, 149.00
194.03, 150.00
194.39, 142.00
194.75, 141.00
195.11, 149.00
195.47, 163.00
195.84, 144.00
196.20, 148.00
196.56, 164.00
196.92, 145.00
197.28, 146.00
197.64, 142.00
198.00, 139.00
198.37, 150.00
198.73, 144.00
199.09, 141.00
199.45, 146.00
199.81, 146.00
200.17, 156.00
200.53, 145.00
200.89, 151.00
201.25, 178.00
201.62, 143.00
201.98, 142.00
202.34, 148.00
202.70, 156.00
203.06, 144.00
203.42, 146.00
203.78, 149.00
204.14, 145.00
204.50, 170.00
204.86, 153.00
205.22, 153.00
205.58, 150.00
205.95, 151.00
206.31, 154.00
206.67, 151.00
207.03, 145.00
207.39, 152.00
207.75, 151.00
208.11, 148.00
208.47, 152.00
208.83, 150.00
209.19, 148.00
209.55, 144.00
209.91, 148.00
210.27, 150.00
210.63, 146.00
210.99, 155.00
211.35, 150.00
211.71, 149.00
212.07, 151.00
212.43, 151.00
212.79, 138.00
213.15, 143.00
213.51, 142.00
213.87, 152.00
214.23, 149.00
214.59, 151.00
214.95, 147.00
215.31, 146.00
215.67, 148.00
216.03, 178.00
216.39, 148.00
216.75, 150.00
217.11, 154.00
217.47, 150.00
217.83, 149.00
218.19, 152.00
218.55, 148.00
218.91, 153.00
219.27, 149.00
219.63, 147.00
219.99, 147.00
220.35, 148.00
220.71, 154.00
221.07, 146.00
221.43, 144.00
221.79, 147.00
222.15, 150.00
222.51, 146.00
222.87, 144.00
223.23, 148.00
223.59, 153.00
223.95, 151.00
224.31, 149.00
224.67, 145.00
225.03, 153.00
225.39, 151.00
225.74, 149.00
226.10, 150.00
226.46, 145.00
226.82, 150.00
227.18, 147.00
227.54, 146.00
227.90, 146.00
228.26, 149.00
228.62, 157.00
228.98, 142.00
229.34, 145.00
229.69, 149.00
230.05, 148.00
230.41, 146.00
230.77, 151.00
231.13, 159.00
231.49, 150.00
231.85, 142.00
232.21, 152.00
232.57, 146.00
232.92, 143.00
233.28, 150.00
233.64, 146.00
234.00, 149.00
234.36, 146.00
234.72, 147.00
235.08, 149.00
235.44, 150.00
235.79, 142.00
236.15, 147.00
236.51, 149.00
236.87, 139.00
237.23, 146.00
237.59, 147.00
237.94, 158.00
238.30, 149.00
238.66, 146.00
239.02, 145.00
239.38, 144.00
239.74, 141.00
240.09, 157.00
240.45, 146.00
240.81, 146.00
241.17, 152.00
241.53, 147.00
241.89, 147.00
242.24, 143.00
242.60, 146.00
242.96, 152.00
243.32, 152.00
243.68, 146.00
244.03, 143.00
244.39, 151.00
244.75, 164.00
245.11, 152.00
245.46, 155.00
245.82, 178.00
246.18, 148.00
246.54, 152.00
246.90, 146.00
247.25, 144.00
247.61, 146.00
247.97, 186.00
248.33, 144.00
248.68, 146.00
249.04, 145.00
249.40, 142.00
249.76, 146.00
250.11, 142.00
250.47, 152.00
250.83, 150.00
251.19, 148.00
251.54, 155.00
251.90, 149.00
252.26, 151.00
252.62, 146.00
252.97, 153.00
253.33, 148.00
253.69, 150.00
254.05, 155.00
254.40, 150.00
254.76, 148.00
255.12, 172.00
255.47, 156.00
255.83, 152.00
256.19, 149.00
256.54, 146.00
256.90, 147.00
257.26, 149.00
257.62, 151.00
257.97, 147.00
258.33, 150.00
258.69, 145.00
259.04, 144.00
259.40, 142.00
259.76, 149.00
260.11, 146.00
260.47, 147.00
260.83, 147.00
261.18, 140.00
261.54, 147.00
261.90, 145.00
262.25, 143.00
262.61, 142.00
262.97, 138.00
263.32, 142.00
263.68, 145.00
264.04, 151.00
264.39, 148.00
264.75, 146.00
265.10, 153.00
265.46, 190.00
265.82, 158.00
266.17, 144.00
266.53, 151.00
266.89, 153.00
267.24, 153.00
267.60, 146.00
267.95, 146.00
268.31, 148.00
268.67, 147.00
269.02, 149.00
269.38, 144.00
269.74, 150.00
270.09, 145.00
270.45, 143.00
270.80, 163.00
271.16, 151.00
271.51, 151.00
271.87, 152.00
272.23, 155.00
272.58, 153.00
272.94, 144.00
273.29, 143.00
273.65, 193.00
274.00, 147.00
274.36, 148.00
274.72, 146.00
275.07, 148.00
275.43, 141.00
275.78, 151.00
276.14, 148.00
276.49, 151.00
276.85, 154.00
277.20, 165.00
277.56, 144.00
277.92, 145.00
278.27, 146.00
278.63, 159.00
278.98, 145.00
279.34, 147.00
279.69, 148.00
280.05, 167.00
280.40, 153.00
280.76, 156.00
281.11, 153.00
281.47, 145.00
281.82, 145.00
282.18, 150.00
282.53, 160.00
282.89, 157.00
283.24, 157.00
283.60, 154.00
283.95, 153.00
284.31, 155.00
284.66, 154.00
285.02, 156.00
285.37, 152.00
285.73, 157.00
286.08, 168.00
286.44, 144.00
286.79, 153.00
287.14, 156.00
287.50, 154.00
287.85, 152.00
288.21, 150.00
288.56, 145.00
288.92, 148.00
289.27, 153.00
289.63, 152.00
289.98, 154.00
290.34, 150.00
290.69, 158.00
291.04, 145.00
291.40, 145.00
291.75, 148.00
292.11, 155.00
292.46, 156.00
292.81, 156.00
293.17, 148.00
293.52, 152.00
293.88, 157.00
294.23, 158.00
294.59, 159.00
294.94, 159.00
295.29, 160.00
295.65, 161.00
296.00, 180.00
296.36, 165.00
296.71, 163.00
297.06, 165.00
297.42, 169.00
297.77, 163.00
298.12, 161.00
298.48, 163.00
298.83, 160.00
299.19, 156.00
299.54, 156.00
299.89, 157.00
300.25, 158.00
300.60, 162.00
300.95, 165.00
301.31, 152.00
301.66, 148.00
302.01, 148.00
302.37, 145.00
302.72, 148.00
303.07, 157.00
303.43, 158.00
303.78, 157.00
304.13, 163.00
304.49, 162.00
304.84, 163.00
305.19, 201.00
305.55, 157.00
305.90, 173.00
306.25, 199.00
306.61, 229.00
306.96, 278.00
307.31, 342.00
307.66, 456.00
308.02, 587.00
308.37, 680.00
308.72, 713.00
309.08, 722.00
309.43, 693.00
309.78, 607.00
310.13, 522.00
310.49, 453.00
310.84, 364.00
311.19, 324.00
311.54, 280.00
311.90, 246.00
312.25, 234.00
312.60, 222.00
312.95, 258.00
313.31, 275.00
313.66, 272.00
314.01, 280.00
314.36, 290.00
314.72, 296.00
315.07, 335.00
315.42, 378.00
315.77, 416.00
316.13, 332.00
316.48, 271.00
316.83, 218.00
317.18, 196.00
317.54, 169.00
317.89, 165.00
318.24, 165.00
318.59, 158.00
318.94, 158.00
319.30, 164.00
319.65, 164.00
320.00, 156.00
320.35, 161.00
320.70, 162.00
321.05, 157.00
321.41, 162.00
321.76, 170.00
322.11, 156.00
322.46, 158.00
322.81, 202.00
323.17, 156.00
323.52, 154.00
323.87, 156.00
324.22, 149.00
324.57, 153.00
324.92, 157.00
325.27, 156.00
325.63, 166.00
325.98, 163.00
326.33, 166.00
326.68, 155.00
327.03, 159.00
327.38, 163.00
327.73, 168.00
328.09, 179.00
328.44, 213.00
328.79, 180.00
329.14, 217.00
329.49, 184.00
329.84, 180.00
330.19, 187.00
330.54, 176.00
330.89, 186.00
331.25, 170.00
331.60, 165.00
331.95, 168.00
332.30, 164.00
332.65, 166.00
333.00, 175.00
333.35, 218.00
333.70, 218.00
334.05, 187.00
334.40, 191.00
334.75, 197.00
335.10, 236.00
335.45, 278.00
335.81, 362.00
336.16, 507.00
336.51, 655.00
336.86, 685.00
337.21, 611.00
337.56, 431.00
337.91, 313.00
338.26, 231.00
338.61, 191.00
338.96, 174.00
339.31, 167.00
339.66, 163.00
340.01, 168.00
340.36, 164.00
340.71, 162.00
341.06, 157.00
341.41, 167.00
341.76, 156.00
342.11, 165.00
342.46, 157.00
342.81, 158.00
343.16, 159.00
343.51, 158.00
343.86, 161.00
344.21, 158.00
344.56, 161.00
344.91, 161.00
345.26, 163.00
345.61, 157.00
345.96, 154.00
346.31, 162.00
346.66, 187.00
347.01, 160.00
347.36, 179.00
347.71, 156.00
348.06, 148.00
348.41, 167.00
348.76, 172.00
349.10, 168.00
349.45, 182.00
349.80, 173.00
350.15, 180.00
350.50, 172.00
350.85, 180.00
351.20, 174.00
351.55, 195.00
351.90, 205.00
352.25, 240.00
352.60, 280.00
352.95, 327.00
353.30, 363.00
353.64, 338.00
353.99, 290.00
354.34, 267.00
354.69, 264.00
355.04, 271.00
355.39, 316.00
355.74, 361.00
356.09, 412.00
356.44, 470.00
356.78, 567.00
357.13, 599.00
357.48, 587.00
357.83, 475.00
358.18, 351.00
358.53, 277.00
358.88, 207.00
359.22, 193.00
359.57, 161.00
359.92, 164.00
360.27, 162.00
360.62, 165.00
360.97, 163.00
361.32, 163.00
361.66, 160.00
362.01, 166.00
362.36, 162.00
362.71, 167.00
363.06, 171.00
363.40, 166.00
363.75, 165.00
364.10, 168.00
364.45, 173.00
364.80, 165.00
365.14, 167.00
365.49, 162.00
365.84, 166.00
366.19, 168.00
366.54, 172.00
366.88, 191.00
367.23, 165.00
367.58, 213.00
367.93, 165.00
368.28, 163.00
368.62, 161.00
368.97, 167.00
369.32, 174.00
369.67, 176.00
370.01, 194.00
370.36, 197.00
370.71, 218.00
371.06, 194.00
371.40, 186.00
371.75, 171.00
372.10, 159.00
372.45, 161.00
372.79, 168.00
373.14, 174.00
373.49, 189.00
373.83, 205.00
374.18, 235.00
374.53, 263.00
374.88, 285.00
375.22, 284.00
375.57, 257.00
375.92, 220.00
376.26, 197.00
376.61, 179.00
376.96, 159.00
377.30, 175.00
377.65, 175.00
378.00, 174.00
378.35, 200.00
378.69, 225.00
379.04, 250.00
379.39, 295.00
379.73, 346.00
380.08, 347.00
380.43, 301.00
380.77, 240.00
381.12, 226.00
381.47, 192.00
381.81, 174.00
382.16, 167.00
382.50, 172.00
382.85, 239.00
383.20, 161.00
383.54, 166.00
383.89, 173.00
384.24, 173.00
384.58, 183.00
384.93, 211.00
385.27, 206.00
385.62, 207.00
385.97, 200.00
386.31, 198.00
386.66, 227.00
387.00, 205.00
387.35, 210.00
387.70, 228.00
388.04, 316.00
388.39, 303.00
388.73, 372.00
389.08, 484.00
389.43, 642.00
389.77, 807.00
390.12, 1043.00
390.46, 1471.00
390.81, 1613.00
391.15, 1556.00
391.50, 1192.00
391.85, 757.00
392.19, 515.00
392.54, 323.00
392.88, 228.00
393.23, 211.00
393.57, 208.00
393.92, 194.00
394.26, 185.00
394.61, 178.00
394.95, 167.00
395.30, 164.00
395.64, 154.00
395.99, 194.00
396.33, 168.00
396.68, 161.00
397.02, 162.00
397.37, 167.00
397.71, 180.00
398.06, 187.00
398.40, 203.00
398.75, 208.00
399.09, 225.00
399.44, 229.00
399.78, 208.00
400.13, 189.00
400.47, 175.00
400.82, 172.00
401.16, 161.00
401.51, 164.00
401.85, 166.00
402.20, 162.00
402.54, 169.00
402.88, 169.00
403.23, 171.00
403.57, 175.00
403.92, 201.00
404.26, 264.00
404.61, 222.00
404.95, 267.00
405.30, 224.00
405.64, 221.00
405.98, 223.00
406.33, 193.00
406.67, 173.00
407.02, 164.00
407.36, 171.00
407.70, 182.00
408.05, 172.00
408.39, 178.00
408.74, 178.00
409.08, 182.00
409.42, 178.00
409.77, 172.00
410.11, 177.00
410.46, 170.00
410.80, 181.00
411.14, 178.00
411.49, 187.00
411.83, 191.00
412.17, 178.00
412.52, 188.00
412.86, 189.00
413.20, 193.00
413.55, 188.00
413.89, 193.00
414.23, 184.00
414.58, 217.00
414.92, 165.00
415.26, 172.00
415.61, 171.00
415.95, 170.00
416.29, 174.00
416.64, 174.00
416.98, 181.00
417.32, 183.00
417.67, 206.00
418.01, 216.00
418.35, 217.00
418.70, 234.00
419.04, 264.00
419.38, 249.00
419.72, 247.00
420.07, 225.00
420.41, 196.00
420.75, 179.00
421.10, 179.00
421.44, 178.00
421.78, 181.00
422.12, 174.00
422.47, 190.00
422.81, 188.00
423.15, 205.00
423.49, 202.00
423.84, 196.00
424.18, 199.00
424.52, 212.00
424.86, 247.00
425.21, 302.00
425.55, 335.00
425.89, 394.00
426.23, 460.00
426.57, 588.00
426.92, 665.00
427.26, 713.00
427.60, 619.00
427.94, 448.00
428.28, 333.00
428.63, 265.00
428.97, 212.00
429.31, 185.00
429.65, 163.00
429.99, 171.00
430.34, 169.00
430.68, 163.00
431.02, 178.00
431.36, 165.00
431.70, 166.00
432.04, 172.00
432.39, 173.00
432.73, 179.00
433.07, 178.00
433.41, 181.00
433.75, 187.00
434.09, 188.00
434.43, 192.00
434.78, 247.00
435.12, 303.00
435.46, 335.00
435.80, 313.00
436.14, 274.00
436.48, 237.00
436.82, 225.00
437.16, 196.00
437.51, 179.00
437.85, 181.00
438.19, 216.00
438.53, 174.00
438.87, 193.00
439.21, 183.00
439.55, 187.00
439.89, 189.00
440.23, 187.00
440.57, 191.00
440.91, 197.00
441.26, 188.00
441.60, 184.00
441.94, 173.00
442.28, 183.00
442.62, 181.00
442.96, 173.00
443.30, 183.00
443.64, 175.00
443.98, 171.00
444.32, 179.00
444.66, 167.00
445.00, 170.00
445.34, 181.00
445.68, 181.00
446.02, 181.00
446.36, 177.00
446.70, 178.00
447.04, 178.00
447.38, 205.00
447.72, 179.00
448.06, 181.00
448.40, 185.00
448.74, 177.00
449.08, 175.00
449.42, 177.00
449.76, 179.00
450.10, 179.00
450.44, 173.00
450.78, 179.00
451.12, 177.00
451.46, 184.00
451.80, 180.00
452.14, 172.00
452.48, 175.00
452.82, 172.00
453.16, 177.00
453.50, 170.00
453.84, 168.00
454.18, 213.00
454.52, 179.00
454.86, 180.00
455.19, 192.00
455.53, 177.00
455.87, 171.00
456.21, 189.00
456.55, 184.00
456.89, 185.00
457.23, 184.00
457.57, 186.00
457.91, 197.00
458.25, 192.00
458.59, 201.00
458.92, 218.00
459.26, 213.00
459.60, 220.00
459.94, 201.00
460.28, 186.00
460.62, 185.00
460.96, 177.00
461.30, 171.00
461.63, 166.00
461.97, 178.00
462.31, 172.00
462.65, 174.00
462.99, 183.00
463.33, 184.00
463.67, 179.00
464.00, 186.00
464.34, 184.00
464.68, 189.00
465.02, 189.00
465.36, 193.00
465.70, 182.00
466.03, 191.00
466.37, 177.00
466.71, 185.00
467.05, 191.00
467.39, 195.00
467.72, 207.00
468.06, 225.00
468.40, 230.00
468.74, 236.00
469.08, 251.00
469.41, 265.00
469.75, 294.00
470.09, 314.00
470.43, 316.00
470.76, 275.00
471.10, 252.00
471.44, 236.00
471.78, 214.00
472.11, 204.00
472.45, 201.00
472.79, 191.00
473.13, 191.00
473.46, 190.00
473.80, 183.00
474.14, 176.00
474.48, 182.00
474.81, 176.00
475.15, 176.00
475.49, 182.00
475.82, 180.00
476.16, 185.00
476.50, 174.00
476.84, 181.00
477.17, 175.00
477.51, 176.00
477.85, 170.00
478.18, 187.00
478.52, 176.00
478.86, 229.00
479.19, 184.00
479.53, 174.00
479.87, 220.00
480.20, 185.00
480.54, 187.00
480.88, 181.00
481.21, 177.00
481.55, 185.00
481.89, 184.00
482.22, 187.00
482.56, 200.00
482.90, 198.00
483.23, 197.00
483.57, 202.00
483.90, 211.00
484.24, 213.00
484.58, 214.00
484.91, 229.00
485.25, 236.00
485.58, 238.00
485.92, 236.00
486.26, 241.00
486.59, 237.00
486.93, 250.00
487.26, 247.00
487.60, 247.00
487.94, 246.00
488.27, 242.00
488.61, 239.00
488.94, 255.00
489.28, 230.00
489.61, 241.00
489.95, 237.00
490.29, 234.00
490.62, 240.00
490.96, 236.00
491.29, 236.00
491.63, 224.00
491.96, 225.00
492.30, 224.00
492.63, 219.00
492.97, 217.00
493.30, 221.00
493.64, 211.00
493.97, 212.00
494.31, 218.00
494.64, 225.00
494.98, 225.00
495.31, 223.00
495.65, 213.00
495.98, 216.00
496.32, 204.00
496.65, 238.00
496.99, 206.00
497.32, 200.00
497.66, 198.00
497.99, 200.00
498.33, 194.00
498.66, 197.00
499.00, 192.00
499.33, 194.00
499.67, 184.00
500.00, 190.00
500.34, 197.00
500.67, 205.00
501.00, 200.00
501.34, 193.00
501.67, 191.00
502.01, 182.00
502.34, 180.00
502.68, 191.00
503.01, 196.00
503.34, 195.00
503.68, 190.00
504.01, 187.00
504.35, 189.00
504.68, 202.00
505.01, 198.00
505.35, 187.00
505.68, 191.00
506.02, 198.00
506.35, 196.00
506.68, 203.00
507.02, 197.00
507.35, 196.00
507.68, 190.00
508.02, 194.00
508.35, 192.00
508.69, 186.00
509.02, 187.00
509.35, 180.00
509.69, 183.00
510.02, 187.00
510.35, 184.00
510.69, 182.00
511.02, 176.00
511.35, 184.00
511.69, 184.00
512.02, 176.00
512.35, 181.00
512.68, 180.00
513.02, 178.00
513.35, 180.00
513.68, 178.00
514.02, 182.00
514.35, 180.00
514.68, 183.00
515.01, 175.00
515.35, 186.00
515.68, 172.00
516.01, 171.00
516.35, 174.00
516.68, 171.00
517.01, 173.00
517.34, 170.00
517.68, 171.00
518.01, 180.00
518.34, 173.00
518.67, 177.00
519.01, 178.00
519.34, 183.00
519.67, 192.00
520.00, 182.00
520.33, 179.00
520.67, 178.00
521.00, 187.00
521.33, 192.00
521.66, 196.00
522.00, 196.00
522.33, 195.00
522.66, 186.00
522.99, 181.00
523.32, 187.00
523.65, 184.00
523.99, 185.00
524.32, 178.00
524.65, 181.00
524.98, 182.00
525.31, 180.00
525.65, 207.00
525.98, 183.00
526.31, 174.00
526.64, 190.00
526.97, 178.00
527.30, 182.00
527.63, 179.00
527.97, 170.00
528.30, 175.00
528.63, 181.00
528.96, 202.00
529.29, 176.00
529.62, 180.00
529.95, 166.00
530.28, 173.00
530.61, 172.00
530.95, 170.00
531.28, 170.00
531.61, 179.00
531.94, 184.00
532.27, 182.00
532.60, 189.00
532.93, 191.00
533.26, 187.00
533.59, 183.00
533.92, 179.00
534.25, 177.00
534.58, 214.00
534.91, 186.00
535.25, 179.00
535.58, 176.00
535.91, 184.00
536.24, 183.00
536.57, 185.00
536.90, 184.00
537.23, 188.00
537.56, 234.00
537.89, 207.00
538.22, 203.00
538.55, 212.00
538.88, 216.00
539.21, 339.00
539.54, 239.00
539.87, 249.00
540.20, 274.00
540.53, 315.00
540.86, 362.00
541.19, 374.00
541.52, 417.00
541.85, 433.00
542.18, 456.00
542.51, 469.00
542.84, 470.00
543.17, 470.00
543.50, 459.00
543.82, 454.00
544.15, 435.00
544.48, 437.00
544.81, 475.00
545.14, 514.00
545.47, 463.00
545.80, 456.00
546.13, 381.00
546.46, 389.00
546.79, 338.00
547.12, 295.00
547.45, 281.00
547.78, 277.00
548.10, 267.00
548.43, 266.00
548.76, 259.00
549.09, 253.00
549.42, 245.00
549.75, 234.00
550.08, 233.00
550.41, 229.00
550.74, 237.00
551.06, 223.00
551.39, 233.00
551.72, 224.00
552.05, 218.00
552.38, 208.00
552.71, 215.00
553.03, 206.00
553.36, 199.00
553.69, 207.00
554.02, 191.00
554.35, 192.00
554.68, 185.00
555.00, 189.00
555.33, 183.00
555.66, 183.00
555.99, 199.00
556.32, 186.00
556.64, 184.00
556.97, 205.00
557.30, 189.00
557.63, 191.00
557.96, 195.00
558.28, 199.00
558.61, 184.00
558.94, 190.00
559.27, 194.00
559.59, 191.00
559.92, 189.00
560.25, 184.00
560.58, 192.00
560.90, 189.00
561.23, 188.00
561.56, 181.00
561.89, 191.00
562.21, 183.00
562.54, 184.00
562.87, 185.00
563.20, 179.00
563.52, 174.00
563.85, 170.00
564.18, 195.00
564.50, 173.00
564.83, 204.00
565.16, 228.00
565.48, 169.00
565.81, 170.00
566.14, 161.00
566.47, 162.00
566.79, 164.00
567.12, 164.00
567.45, 190.00
567.77, 166.00
568.10, 165.00
568.43, 169.00
568.75, 165.00
569.08, 170.00
569.40, 208.00
569.73, 164.00
570.06, 159.00
570.38, 164.00
570.71, 168.00
571.04, 168.00
571.36, 173.00
571.69, 170.00
572.01, 161.00
572.34, 166.00
572.67, 171.00
572.99, 162.00
573.32, 182.00
573.64, 167.00
573.97, 168.00
574.30, 163.00
574.62, 163.00
574.95, 172.00
575.27, 169.00
575.60, 182.00
575.92, 182.00
576.25, 189.00
576.58, 191.00
576.90, 178.00
577.23, 219.00
577.55, 187.00
577.88, 183.00
578.20, 185.00
578.53, 188.00
578.85, 204.00
579.18, 207.00
579.50, 202.00
579.83, 200.00
580.15, 191.00
580.48, 201.00
580.80, 200.00
581.13, 200.00
581.45, 208.00
581.78, 197.00
582.10, 205.00
582.43, 215.00
582.75, 216.00
583.08, 216.00
583.40, 214.00
583.73, 278.00
584.05, 216.00
584.38, 209.00
584.70, 258.00
585.03, 217.00
585.35, 215.00
585.67, 221.00
586.00, 235.00
586.32, 264.00
586.65, 276.00
586.97, 273.00
587.30, 263.00
587.62, 245.00
587.94, 253.00
588.27, 225.00
588.59, 214.00
588.92, 217.00
589.24, 209.00
589.56, 208.00
589.89, 205.00
590.21, 200.00
590.54, 199.00
590.86, 195.00
591.18, 195.00
591.51, 199.00
591.83, 221.00
592.15, 217.00
592.48, 206.00
592.80, 217.00
593.13, 208.00
593.45, 204.00
593.77, 207.00
594.10, 200.00
594.42, 206.00
594.74, 198.00
595.07, 194.00
595.39, 199.00
595.71, 198.00
596.03, 202.00
596.36, 201.00
596.68, 200.00
597.00, 207.00
597.33, 201.00
597.65, 207.00
597.97, 212.00
598.30, 210.00
598.62, 216.00
598.94, 212.00
599.26, 209.00
599.59, 209.00
599.91, 212.00
600.23, 201.00
600.55, 194.00
600.88, 199.00
601.20, 186.00
601.52, 188.00
601.84, 181.00
602.17, 188.00
602.49, 183.00
602.81, 175.00
603.13, 176.00
603.45, 184.00
603.78, 176.00
604.10, 176.00
604.42, 173.00
604.74, 171.00
605.07, 171.00
605.39, 174.00
605.71, 166.00
606.03, 181.00
606.35, 177.00
606.67, 194.00
607.00, 188.00
607.32, 182.00
607.64, 189.00
607.96, 188.00
608.28, 197.00
608.60, 201.00
608.93, 219.00
609.25, 252.00
609.57, 310.00
609.89, 391.00
610.21, 469.00
610.53, 502.00
610.85, 506.00
611.17, 464.00
611.50, 430.00
611.82, 397.00
612.14, 364.00
612.46, 347.00
612.78, 321.00
613.10, 306.00
613.42, 290.00
613.74, 284.00
614.06, 307.00
614.38, 266.00
614.70, 266.00
615.03, 260.00
615.35, 250.00
615.67, 338.00
615.99, 218.00
616.31, 207.00
616.63, 215.00
616.95, 198.00
617.27, 193.00
617.59, 194.00
617.91, 202.00
618.23, 194.00
618.55, 192.00
618.87, 188.00
619.19, 188.00
619.51, 189.00
619.83, 194.00
620.15, 193.00
620.47, 199.00
620.79, 193.00
621.11, 194.00
621.43, 190.00
621.75, 199.00
622.07, 190.00
622.39, 189.00
622.71, 188.00
623.03, 187.00
623.35, 225.00
623.67, 185.00
623.99, 185.00
624.31, 193.00
624.63, 186.00
624.95, 181.00
625.26, 179.00
625.58, 186.00
625.90, 204.00
626.22, 183.00
626.54, 180.00
626.86, 184.00
627.18, 185.00
627.50, 182.00
627.82, 185.00
628.14, 178.00
628.46, 186.00
628.77, 186.00
629.09, 187.00
629.41, 198.00
629.73, 207.00
630.05, 220.00
630.37, 211.00
630.69, 221.00
631.00, 217.00
631.32, 205.00
631.64, 198.00
631.96, 190.00
632.28, 190.00
632.60, 189.00
632.92, 185.00
633.23, 179.00
633.55, 190.00
633.87, 177.00
634.19, 182.00
634.51, 185.00
634.82, 193.00
635.14, 192.00
635.46, 185.00
635.78, 194.00
636.10, 181.00
636.41, 187.00
636.73, 188.00
637.05, 179.00
637.37, 180.00
637.68, 183.00
638.00, 182.00
638.32, 182.00
638.64, 202.00
638.95, 216.00
639.27, 211.00
639.59, 205.00
639.91, 193.00
640.22, 198.00
640.54, 198.00
640.86, 187.00
641.18, 189.00
641.49, 205.00
641.81, 193.00
642.13, 187.00
642.44, 179.00
642.76, 171.00
643.08, 177.00
643.40, 174.00
643.71, 183.00
644.03, 177.00
644.35, 182.00
644.66, 186.00
644.98, 181.00
645.30, 171.00
645.61, 190.00
645.93, 191.00
646.25, 169.00
646.56, 173.00
646.88, 199.00
647.19, 172.00
647.51, 174.00
647.83, 167.00
648.14, 161.00
648.46, 165.00
648.78, 169.00
649.09, 171.00
649.41, 217.00
649.72, 172.00
650.04, 186.00
650.36, 174.00
650.67, 177.00
650.99, 172.00
651.30, 169.00
651.62, 179.00
651.93, 184.00
652.25, 190.00
652.57, 214.00
652.88, 177.00
653.20, 174.00
653.51, 176.00
653.83, 173.00
654.14, 170.00
654.46, 170.00
654.77, 166.00
655.09, 177.00
655.40, 187.00
655.72, 174.00
656.04, 166.00
656.35, 170.00
656.67, 162.00
656.98, 167.00
657.30, 167.00
657.61, 169.00
657.93, 169.00
658.24, 178.00
658.55, 210.00
658.87, 179.00
659.18, 173.00
659.50, 179.00
659.81, 184.00
660.13, 171.00
660.44, 168.00
660.76, 176.00
661.07, 191.00
661.39, 176.00
661.70, 176.00
662.01, 171.00
662.33, 167.00
662.64, 178.00
662.96, 165.00
663.27, 169.00
663.59, 165.00
663.90, 159.00
664.21, 159.00
664.53, 182.00
664.84, 165.00
665.16, 190.00
665.47, 167.00
665.78, 170.00
666.10, 177.00
666.41, 181.00
666.72, 196.00
667.04, 197.00
667.35, 190.00
667.67, 184.00
667.98, 179.00
668.29, 175.00
668.61, 173.00
668.92, 166.00
669.23, 170.00
669.55, 164.00
669.86, 197.00
670.17, 164.00
670.48, 164.00
670.80, 159.00
671.11, 162.00
671.42, 156.00
671.74, 163.00
672.05, 157.00
672.36, 162.00
672.68, 162.00
672.99, 161.00
673.30, 159.00
673.61, 161.00
673.93, 159.00
674.24, 166.00
674.55, 166.00
674.86, 168.00
675.18, 173.00
675.49, 172.00
675.80, 169.00
676.11, 169.00
676.43, 172.00
676.74, 167.00
677.05, 166.00
677.36, 180.00
677.67, 167.00
677.99, 171.00
678.30, 166.00
678.61, 169.00
678.92, 158.00
679.23, 170.00
679.55, 166.00
679.86, 165.00
680.17, 158.00
680.48, 175.00
680.79, 166.00
681.10, 160.00
681.42, 169.00
681.73, 159.00
682.04, 160.00
682.35, 156.00
682.66, 163.00
682.97, 160.00
683.28, 163.00
683.60, 160.00
683.91, 165.00
684.22, 184.00
684.53, 159.00
684.84, 163.00
685.15, 167.00
685.46, 185.00
685.77, 160.00
686.08, 158.00
686.40, 195.00
686.71, 162.00
687.02, 163.00
687.33, 161.00
687.64, 158.00
687.95, 158.00
688.26, 152.00
688.57, 151.00
688.88, 158.00
689.19, 150.00
689.50, 154.00
689.81, 156.00
690.12, 145.00
690.43, 166.00
690.74, 151.00
691.05, 151.00
691.36, 164.00
691.67, 155.00
691.98, 151.00
692.29, 152.00
692.60, 154.00
692.91, 156.00
693.22, 153.00
693.53, 148.00
693.84, 160.00
694.15, 151.00
694.46, 149.00
694.77, 154.00
695.08, 153.00
695.39, 165.00
695.70, 155.00
696.01, 157.00
696.32, 148.00
696.63, 150.00
696.94, 156.00
697.25, 149.00
697.56, 157.00
697.87, 161.00
698.17, 192.00
698.48, 155.00
698.79, 153.00
699.10, 154.00
699.41, 159.00
699.72, 149.00
700.03, 152.00
700.34, 156.00
700.65, 152.00
700.95, 154.00
701.26, 151.00
701.57, 155.00
701.88, 153.00
702.19, 162.00
702.50, 158.00
702.81, 155.00
703.11, 178.00
703.42, 159.00
703.73, 159.00
704.04, 162.00
704.35, 167.00
704.66, 182.00
704.96, 253.00
705.27, 336.00
705.58, 377.00
705.89, 380.00
706.20, 319.00
706.50, 289.00
706.81, 262.00
707.12, 242.00
707.43, 221.00
707.73, 204.00
708.04, 178.00
708.35, 174.00
708.66, 166.00
708.97, 160.00
709.27, 160.00
709.58, 160.00
709.89, 156.00
710.19, 155.00
710.50, 160.00
710.81, 165.00
711.12, 162.00
711.42, 158.00
711.73, 163.00
712.04, 155.00
712.35, 160.00
712.65, 157.00
712.96, 162.00
713.27, 160.00
713.57, 173.00
713.88, 176.00
714.19, 150.00
714.49, 153.00
714.80, 157.00
715.11, 152.00
715.41, 154.00
715.72, 155.00
716.03, 149.00
716.33, 158.00
716.64, 153.00
716.94, 156.00
717.25, 152.00
717.56, 161.00
717.86, 153.00
718.17, 157.00
718.48, 152.00
718.78, 150.00
719.09, 149.00
719.39, 152.00
719.70, 150.00
720.01, 150.00
720.31, 149.00
720.62, 150.00
720.92, 150.00
721.23, 154.00
721.53, 154.00
721.84, 149.00
722.15, 153.00
722.45, 154.00
722.76, 148.00
723.06, 151.00
723.37, 150.00
723.67, 151.00
723.98, 154.00
724.28, 152.00
724.59, 158.00
724.89, 159.00
725.20, 152.00
725.50, 161.00
725.81, 156.00
726.11, 156.00
726.42, 161.00
726.72, 162.00
727.03, 196.00
727.33, 168.00
727.64, 168.00
727.94, 162.00
728.25, 154.00
728.55, 152.00
728.86, 174.00
729.16, 152.00
729.46, 153.00
729.77, 152.00
730.07, 153.00
730.38, 146.00
730.68, 150.00
730.99, 161.00
731.29, 152.00
731.59, 149.00
731.90, 148.00
732.20, 147.00
732.51, 149.00
732.81, 150.00
733.11, 148.00
733.42, 149.00
733.72, 158.00
734.02, 150.00
734.33, 148.00
734.63, 151.00
734.94, 152.00
735.24, 155.00
735.54, 153.00
735.85, 152.00
736.15, 145.00
736.45, 150.00
736.76, 146.00
737.06, 152.00
737.36, 153.00
737.67, 151.00
737.97, 149.00
738.27, 155.00
738.57, 150.00
738.88, 152.00
739.18, 189.00
739.48, 152.00
739.79, 149.00
740.09, 155.00
740.39, 153.00
740.69, 153.00
741.00, 144.00
741.30, 152.00
741.60, 149.00
741.90, 146.00
742.21, 151.00
742.51, 189.00
742.81, 149.00
743.11, 148.00
743.42, 174.00
743.72, 151.00
744.02, 154.00
744.32, 150.00
744.63, 156.00
744.93, 157.00
745.23, 154.00
745.53, 161.00
745.83, 155.00
746.13, 154.00
746.44, 159.00
746.74, 156.00
747.04, 152.00
747.34, 149.00
747.64, 158.00
747.94, 154.00
748.25, 152.00
748.55, 157.00
748.85, 161.00
749.15, 162.00
749.45, 184.00
749.75, 167.00
750.05, 162.00
750.35, 158.00
750.66, 161.00
750.96, 155.00
751.26, 155.00
751.56, 150.00
751.86, 161.00
752.16, 143.00
752.46, 151.00
752.76, 147.00
753.06, 145.00
753.36, 192.00
753.66, 152.00
753.96, 153.00
754.27, 151.00
754.57, 148.00
754.87, 149.00
755.17, 150.00
755.47, 147.00
755.77, 147.00
756.07, 153.00
756.37, 155.00
756.67, 158.00
756.97, 152.00
757.27, 159.00
757.57, 157.00
757.87, 157.00
758.17, 155.00
758.47, 159.00
758.77, 157.00
759.07, 155.00
759.37, 155.00
759.67, 155.00
759.97, 156.00
760.27, 152.00
760.57, 152.00
760.86, 154.00
761.16, 150.00
761.46, 149.00
761.76, 179.00
762.06, 151.00
762.36, 159.00
762.66, 153.00
762.96, 150.00
763.26, 153.00
763.56, 180.00
763.86, 162.00
764.16, 146.00
764.45, 167.00
764.75, 152.00
765.05, 153.00
765.35, 148.00
765.65, 151.00
765.95, 151.00
766.25, 153.00
766.55, 156.00
766.84, 153.00
767.14, 156.00
767.44, 150.00
767.74, 154.00
768.04, 155.00
768.34, 153.00
768.63, 153.00
768.93, 154.00
769.23, 156.00
769.53, 155.00
769.83, 154.00
770.12, 150.00
770.42, 154.00
770.72, 155.00
771.02, 157.00
771.32, 155.00
771.61, 155.00
771.91, 159.00
772.21, 154.00
772.51, 154.00
772.80, 155.00
773.10, 151.00
773.40, 163.00
773.70, 151.00
773.99, 156.00
774.29, 163.00
774.59, 164.00
774.88, 156.00
775.18, 160.00
775.48, 230.00
775.78, 369.00
776.07, 501.00
776.37, 552.00
776.67, 508.00
776.96, 377.00
777.26, 353.00
777.56, 264.00
777.85, 243.00
778.15, 230.00
778.45, 223.00
778.74, 205.00
779.04, 187.00
779.34, 170.00
779.63, 161.00
779.93, 155.00
780.22, 152.00
780.52, 152.00
780.82, 152.00
781.11, 147.00
781.41, 150.00
781.71, 150.00
782.00, 147.00
782.30, 153.00
782.59, 152.00
782.89, 147.00
783.19, 148.00
783.48, 146.00
783.78, 149.00
784.07, 157.00
784.37, 153.00
784.66, 145.00
784.96, 143.00
785.25, 146.00
785.55, 149.00
785.84, 154.00
786.14, 147.00
786.44, 148.00
786.73, 150.00
787.03, 150.00
787.32, 143.00
787.62, 143.00
787.91, 146.00
788.21, 153.00
788.50, 145.00
788.80, 145.00
789.09, 154.00
789.39, 150.00
789.68, 150.00
789.97, 154.00
790.27, 148.00
790.56, 150.00
790.86, 154.00
791.15, 147.00
791.45, 145.00
791.74, 168.00
792.04, 152.00
792.33, 150.00
792.62, 170.00
792.92, 148.00
793.21, 146.00
793.51, 152.00
793.80, 145.00
794.09, 150.00
794.39, 149.00
794.68, 145.00
794.98, 142.00
795.27, 145.00
795.56, 142.00
795.86, 143.00
796.15, 146.00
796.44, 153.00
796.74, 147.00
797.03, 143.00
797.32, 149.00
797.62, 144.00
797.91, 155.00
798.20, 151.00
798.50, 155.00
798.79, 159.00
799.08, 150.00
799.38, 147.00
799.67, 146.00
799.96, 157.00
800.26, 170.00
800.55, 148.00
800.84, 153.00
801.13, 144.00
801.43, 152.00
801.72, 182.00
802.01, 146.00
802.30, 147.00
802.60, 152.00
802.89, 153.00
803.18, 151.00
803.47, 143.00
803.77, 150.00
804.06, 150.00
804.35, 149.00
804.64, 166.00
804.94, 145.00
805.23, 153.00
805.52, 145.00
805.81, 142.00
806.10, 147.00
806.39, 143.00
806.69, 145.00
806.98, 145.00
807.27, 143.00
807.56, 153.00
807.85, 153.00
808.14, 144.00
808.44, 156.00
808.73, 151.00
809.02, 162.00
809.31, 151.00
809.60, 149.00
809.89, 159.00
810.18, 149.00
810.48, 152.00
810.77, 146.00
811.06, 146.00
811.35, 148.00
811.64, 148.00
811.93, 168.00
812.22, 144.00
812.51, 142.00
812.80, 145.00
813.09, 141.00
813.38, 145.00
813.67, 165.00
813.96, 146.00
814.26, 145.00
814.55, 145.00
814.84, 147.00
815.13, 150.00
815.42, 149.00
815.71, 144.00
816.00, 145.00
816.29, 152.00
816.58, 151.00
816.87, 145.00
817.16, 143.00
817.45, 151.00
817.74, 148.00
818.03, 150.00
818.32, 141.00
818.61, 142.00
818.90, 148.00
819.19, 150.00
819.48, 145.00
819.76, 143.00
820.05, 148.00
820.34, 153.00
820.63, 140.00
820.92, 146.00
821.21, 143.00
821.50, 149.00
821.79, 142.00
822.08, 143.00
822.37, 148.00
822.66, 149.00
822.95, 149.00
823.23, 147.00
823.52, 167.00
823.81, 146.00
824.10, 142.00
824.39, 143.00
824.68, 150.00
824.97, 158.00
825.26, 149.00
825.54, 189.00
825.83, 148.00
826.12, 143.00
826.41, 139.00
826.70, 142.00
826.99, 152.00
827.27, 148.00
827.56, 161.00
827.85, 145.00
828.14, 146.00
828.43, 151.00
828.71, 150.00
829.00, 146.00
829.29, 146.00
829.58, 148.00
829.86, 144.00
830.15, 147.00
830.44, 148.00
830.73, 148.00
831.01, 144.00
831.30, 146.00
831.59, 142.00
831.88, 148.00
832.16, 148.00
832.45, 156.00
832.74, 144.00
833.03, 150.00
833.31, 147.00
833.60, 150.00
833.89, 142.00
834.17, 148.00
834.46, 148.00
834.75, 147.00
835.03, 136.00
835.32, 140.00
835.61, 151.00
835.89, 165.00
836.18, 142.00
836.47, 146.00
836.75, 145.00
837.04, 142.00
837.33, 150.00
837.61, 144.00
837.90, 143.00
838.19, 145.00
838.47, 144.00
838.76, 148.00
839.04, 144.00
839.33, 145.00
839.62, 145.00
839.90, 148.00
840.19, 143.00
840.47, 144.00
840.76, 172.00
841.04, 147.00
841.33, 145.00
841.62, 148.00
841.90, 143.00
842.19, 145.00
842.47, 295.00
842.76, 146.00
843.04, 154.00
843.33, 174.00
843.61, 161.00
843.90, 167.00
844.18, 155.00
844.47, 157.00
844.75, 160.00
845.04, 153.00
845.32, 147.00
845.61, 149.00
845.89, 147.00
846.18, 151.00
846.46, 150.00
846.75, 150.00
847.03, 157.00
847.32, 147.00
847.60, 145.00
847.88, 145.00
848.17, 147.00
848.45, 169.00
848.74, 151.00
849.02, 144.00
849.31, 140.00
849.59, 147.00
849.87, 144.00
850.16, 149.00
850.44, 148.00
850.73, 168.00
851.01, 150.00
851.29, 145.00
851.58, 149.00
851.86, 145.00
852.14, 142.00
852.43, 149.00
852.71, 142.00
853.00, 147.00
853.28, 151.00
853.56, 144.00
853.85, 142.00
854.13, 145.00
854.41, 146.00
854.69, 142.00
854.98, 145.00
855.26, 197.00
855.54, 144.00
855.83, 147.00
856.11, 150.00
856.39, 145.00
856.68, 145.00
856.96, 144.00
857.24, 146.00
857.52, 148.00
857.81, 145.00
858.09, 149.00
858.37, 143.00
858.65, 144.00
858.94, 146.00
859.22, 147.00
