190.05, 0.00
190.41, 139.00
190.77, 137.00
191.14, 137.00
191.50, 138.00
191.86, 163.00
192.22, 147.00
192.58, 152.00
192.94, 143.00
193.31, 146.00
193.67, 147.00
194.03, 157.00
194.39, 148.00
194.75, 141.00
195.11, 162.00
195.47, 161.00
195.84, 147.00
196.20, 145.00
196.56, 162.00
196.92, 146.00
197.28, 149.00
197.64, 145.00
198.00, 145.00
198.37, 150.00
198.73, 144.00
199.09, 148.00
199.45, 144.00
199.81, 151.00
200.17, 155.00
200.53, 151.00
200.89, 159.00
201.25, 183.00
201.62, 151.00
201.98, 147.00
202.34, 144.00
202.70, 158.00
203.06, 143.00
203.42, 147.00
203.78, 147.00
204.14, 149.00
204.50, 174.00
204.86, 160.00
205.22, 157.00
205.58, 153.00
205.95, 149.00
206.31, 146.00
206.67, 147.00
207.03, 147.00
207.39, 158.00
207.75, 146.00
208.11, 146.00
208.47, 149.00
208.83, 146.00
209.19, 146.00
209.55, 149.00
209.91, 151.00
210.27, 150.00
210.63, 144.00
210.99, 157.00
211.35, 145.00
211.71, 155.00
212.07, 149.00
212.43, 151.00
212.79, 146.00
213.15, 148.00
213.51, 148.00
213.87, 151.00
214.23, 151.00
214.59, 150.00
214.95, 151.00
215.31, 147.00
215.67, 149.00
216.03, 182.00
216.39, 148.00
216.75, 151.00
217.11, 151.00
217.47, 148.00
217.83, 149.00
218.19, 154.00
218.55, 150.00
218.91, 149.00
219.27, 146.00
219.63, 147.00
219.99, 146.00
220.35, 144.00
220.71, 146.00
221.07, 151.00
221.43, 147.00
221.79, 143.00
222.15, 144.00
222.51, 147.00
222.87, 147.00
223.23, 139.00
223.59, 152.00
223.95, 148.00
224.31, 150.00
224.67, 144.00
225.03, 151.00
225.39, 157.00
225.74, 154.00
226.10, 148.00
226.46, 145.00
226.82, 152.00
227.18, 153.00
227.54, 153.00
227.90, 152.00
228.26, 145.00
228.62, 160.00
228.98, 147.00
229.34, 143.00
229.69, 145.00
230.05, 148.00
230.41, 147.00
230.77, 155.00
231.13, 157.00
231.49, 148.00
231.85, 149.00
232.21, 156.00
232.57, 151.00
232.92, 144.00
233.28, 146.00
233.64, 148.00
234.00, 147.00
234.36, 145.00
234.72, 144.00
235.08, 150.00
235.44, 151.00
235.79, 146.00
236.15, 145.00
236.51, 145.00
236.87, 150.00
237.23, 150.00
237.59, 144.00
237.94, 158.00
238.30, 150.00
238.66, 147.00
239.02, 149.00
239.38, 149.00
239.74, 145.00
240.09, 154.00
240.45, 146.00
240.81, 147.00
241.17, 155.00
241.53, 149.00
241.89, 148.00
242.24, 147.00
242.60, 147.00
242.96, 154.00
243.32, 150.00
243.68, 148.00
244.03, 150.00
244.39, 153.00
244.75, 172.00
245.11, 155.00
245.46, 153.00
245.82, 173.00
246.18, 156.00
246.54, 156.00
246.90, 144.00
247.25, 144.00
247.61, 145.00
247.97, 184.00
248.33, 147.00
248.68, 148.00
249.04, 146.00
249.40, 149.00
249.76, 147.00
250.11, 143.00
250.47, 153.00
250.83, 150.00
251.19, 149.00
251.54, 157.00
251.90, 152.00
252.26, 149.00
252.62, 149.00
252.97, 153.00
253.33, 145.00
253.69, 147.00
254.05, 152.00
254.40, 146.00
254.76, 142.00
255.12, 177.00
255.47, 152.00
255.83, 150.00
256.19, 151.00
256.54, 144.00
256.90, 149.00
257.26, 147.00
257.62, 145.00
257.97, 142.00
258.33, 150.00
258.69, 145.00
259.04, 143.00
259.40, 146.00
259.76, 150.00
260.11, 146.00
260.47, 143.00
260.83, 151.00
261.18, 148.00
261.54, 155.00
261.90, 153.00
262.25, 149.00
262.61, 149.00
262.97, 147.00
263.32, 143.00
263.68, 146.00
264.04, 155.00
264.39, 149.00
264.75, 143.00
265.10, 152.00
265.46, 197.00
265.82, 161.00
266.17, 149.00
266.53, 142.00
266.89, 156.00
267.24, 154.00
267.60, 151.00
267.95, 149.00
268.31, 144.00
268.67, 149.00
269.02, 149.00
269.38, 144.00
269.74, 156.00
270.09, 144.00
270.45, 151.00
270.80, 169.00
271.16, 151.00
271.51, 157.00
271.87, 152.00
272.23, 159.00
272.58, 153.00
272.94, 150.00
273.29, 150.00
273.65, 195.00
274.00, 145.00
274.36, 154.00
274.72, 148.00
275.07, 149.00
275.43, 148.00
275.78, 152.00
276.14, 148.00
276.49, 153.00
276.85, 163.00
277.20, 169.00
277.56, 146.00
277.92, 150.00
278.27, 153.00
278.63, 159.00
278.98, 154.00
279.34, 155.00
279.69, 155.00
280.05, 173.00
280.40, 160.00
280.76, 172.00
281.11, 160.00
281.47, 162.00
281.82, 152.00
282.18, 158.00
282.53, 165.00
282.89, 164.00
283.24, 168.00
283.60, 167.00
283.95, 177.00
284.31, 181.00
284.66, 181.00
285.02, 185.00
285.37, 187.00
285.73, 181.00
286.08, 182.00
286.44, 166.00
286.79, 171.00
287.14, 166.00
287.50, 161.00
287.85, 163.00
288.21, 159.00
288.56, 166.00
288.92, 162.00
289.27, 170.00
289.63, 160.00
289.98, 167.00
290.34, 163.00
290.69, 168.00
291.04, 158.00
291.40, 157.00
291.75, 159.00
292.11, 160.00
292.46, 158.00
292.81, 169.00
293.17, 166.00
293.52, 175.00
293.88, 182.00
294.23, 189.00
294.59, 202.00
294.94, 211.00
295.29, 224.00
295.65, 232.00
296.00, 254.00
296.36, 220.00
296.71, 220.00
297.06, 216.00
297.42, 216.00
297.77, 224.00
298.12, 205.00
298.48, 194.00
298.83, 199.00
299.19, 199.00
299.54, 216.00
299.89, 213.00
300.25, 204.00
300.60, 205.00
300.95, 196.00
301.31, 174.00
301.66, 177.00
302.01, 175.00
302.37, 172.00
302.72, 172.00
303.07, 179.00
303.43, 188.00
303.78, 189.00
304.13, 199.00
304.49, 199.00
304.84, 199.00
305.19, 242.00
305.55, 200.00
305.90, 222.00
306.25, 301.00
306.61, 400.00
306.96, 492.00
307.31, 639.00
307.66, 903.00
308.02, 1179.00
308.37, 1383.00
308.72, 1590.00
309.08, 1603.00
309.43, 1503.00
309.78, 1285.00
310.13, 1108.00
310.49, 941.00
310.84, 772.00
311.19, 661.00
311.54, 587.00
311.90, 495.00
312.25, 464.00
312.60, 448.00
312.95, 527.00
313.31, 579.00
313.66, 594.00
314.01, 575.00
314.36, 610.00
314.72, 688.00
315.07, 872.00
315.42, 1032.00
315.77, 1062.00
316.13, 865.00
316.48, 589.00
316.83, 409.00
317.18, 310.00
317.54, 248.00
317.89, 219.00
318.24, 207.00
318.59, 203.00
318.94, 203.00
319.30, 192.00
319.65, 202.00
320.00, 209.00
320.35, 203.00
320.70, 199.00
321.05, 207.00
321.41, 205.00
321.76, 209.00
322.11, 191.00
322.46, 197.00
322.81, 224.00
323.17, 187.00
323.52, 185.00
323.87, 181.00
324.22, 189.00
324.57, 192.00
324.92, 197.00
325.27, 203.00
325.63, 219.00
325.98, 219.00
326.33, 237.00
326.68, 233.00
327.03, 230.00
327.38, 229.00
327.73, 235.00
328.09, 252.00
328.44, 279.00
328.79, 236.00
329.14, 260.00
329.49, 222.00
329.84, 216.00
330.19, 237.00
330.54, 212.00
330.89, 225.00
331.25, 208.00
331.60, 210.00
331.95, 201.00
332.30, 210.00
332.65, 221.00
333.00, 238.00
333.35, 307.00
333.70, 318.00
334.05, 299.00
334.40, 337.00
334.75, 384.00
335.10, 521.00
335.45, 722.00
335.81, 1045.00
336.16, 1491.00
336.51, 2033.00
336.86, 2071.00
337.21, 1826.00
337.56, 1126.00
337.91, 700.00
338.26, 446.00
338.61, 307.00
338.96, 258.00
339.31, 223.00
339.66, 214.00
340.01, 213.00
340.36, 200.00
340.71, 194.00
341.06, 192.00
341.41, 197.00
341.76, 191.00
342.11, 200.00
342.46, 188.00
342.81, 203.00
343.16, 190.00
343.51, 187.00
343.86, 204.00
344.21, 199.00
344.56, 197.00
344.91, 201.00
345.26, 194.00
345.61, 200.00
345.96, 190.00
346.31, 199.00
346.66, 221.00
347.01, 200.00
347.36, 227.00
347.71, 194.00
348.06, 198.00
348.41, 223.00
348.76, 231.00
349.10, 241.00
349.45, 259.00
349.80, 257.00
350.15, 251.00
350.50, 239.00
350.85, 253.00
351.20, 262.00
351.55, 310.00
351.90, 372.00
352.25, 455.00
352.60, 580.00
352.95, 724.00
353.30, 796.00
353.64, 706.00
353.99, 535.00
354.34, 449.00
354.69, 391.00
355.04, 406.00
355.39, 483.00
355.74, 626.00
356.09, 827.00
356.44, 1077.00
356.78, 1464.00
357.13, 1665.00
357.48, 1597.00
357.83, 1228.00
358.18, 813.00
358.53, 531.00
358.88, 341.00
359.22, 265.00
359.57, 214.00
359.92, 209.00
360.27, 206.00
360.62, 197.00
360.97, 203.00
361.32, 207.00
361.66, 204.00
362.01, 208.00
362.36, 205.00
362.71, 207.00
363.06, 215.00
363.40, 220.00
363.75, 221.00
364.10, 230.00
364.45, 211.00
364.80, 213.00
365.14, 211.00
365.49, 225.00
365.84, 226.00
366.19, 237.00
366.54, 261.00
366.88, 264.00
367.23, 227.00
367.58, 269.00
367.93, 213.00
368.28, 216.00
368.62, 215.00
368.97, 237.00
369.32, 260.00
369.67, 271.00
370.01, 336.00
370.36, 358.00
370.71, 378.00
371.06, 323.00
371.40, 295.00
371.75, 253.00
372.10, 234.00
372.45, 232.00
372.79, 249.00
373.14, 282.00
373.49, 341.00
373.83, 404.00
374.18, 506.00
374.53, 626.00
374.88, 706.00
375.22, 697.00
375.57, 554.00
375.92, 426.00
376.26, 337.00
376.61, 278.00
376.96, 244.00
377.30, 255.00
377.65, 269.00
378.00, 303.00
378.35, 373.00
378.69, 458.00
379.04, 559.00
379.39, 730.00
379.73, 873.00
380.08, 878.00
380.43, 684.00
380.77, 490.00
381.12, 411.00
381.47, 324.00
381.81, 265.00
382.16, 233.00
382.50, 224.00
382.85, 288.00
383.20, 217.00
383.54, 219.00
383.89, 233.00
384.24, 232.00
384.58, 243.00
384.93, 274.00
385.27, 271.00
385.62, 268.00
385.97, 266.00
386.31, 250.00
386.66, 288.00
387.00, 262.00
387.35, 264.00
387.70, 284.00
388.04, 371.00
388.39, 363.00
388.73, 419.00
389.08, 473.00
389.43, 515.00
389.77, 555.00
390.12, 641.00
390.46, 835.00
390.81, 910.00
391.15, 882.00
391.50, 718.00
391.85, 516.00
392.19, 420.00
392.54, 336.00
392.88, 310.00
393.23, 332.00
393.57, 342.00
393.92, 339.00
394.26, 296.00
394.61, 263.00
394.95, 245.00
395.30, 211.00
395.64, 210.00
395.99, 252.00
396.33, 219.00
396.68, 230.00
397.02, 247.00
397.37, 267.00
397.71, 291.00
398.06, 330.00
398.40, 370.00
398.75, 438.00
399.09, 465.00
399.44, 470.00
399.78, 394.00
400.13, 327.00
400.47, 273.00
400.82, 236.00
401.16, 221.00
401.51, 217.00
401.85, 213.00
402.20, 216.00
402.54, 228.00
402.88, 241.00
403.23, 248.00
403.57, 269.00
403.92, 307.00
404.26, 391.00
404.61, 384.00
404.95, 477.00
405.30, 427.00
405.64, 393.00
405.98, 356.00
406.33, 296.00
406.67, 256.00
407.02, 233.00
407.36, 227.00
407.70, 233.00
408.05, 233.00
408.39, 250.00
408.74, 245.00
409.08, 251.00
409.42, 243.00
409.77, 234.00
410.11, 242.00
410.46, 226.00
410.80, 236.00
411.14, 234.00
411.49, 242.00
411.83, 255.00
412.17, 248.00
412.52, 265.00
412.86, 275.00
413.20, 282.00
413.55, 290.00
413.89, 266.00
414.23, 255.00
414.58, 277.00
414.92, 227.00
415.26, 224.00
415.61, 218.00
415.95, 228.00
416.29, 226.00
416.64, 233.00
416.98, 244.00
417.32, 241.00
417.67, 274.00
418.01, 274.00
418.35, 286.00
418.70, 309.00
419.04, 349.00
419.38, 338.00
419.72, 334.00
420.07, 306.00
420.41, 258.00
420.75, 243.00
421.10, 237.00
421.44, 225.00
421.78, 233.00
422.12, 222.00
422.47, 236.00
422.81, 244.00
423.15, 259.00
423.49, 253.00
423.84, 244.00
424.18, 260.00
424.52, 268.00
424.86, 298.00
425.21, 339.00
425.55, 367.00
425.89, 407.00
426.23, 455.00
426.57, 511.00
426.92, 505.00
427.26, 506.00
427.60, 449.00
427.94, 351.00
428.28, 291.00
428.63, 257.00
428.97, 243.00
429.31, 229.00
429.65, 224.00
429.99, 222.00
430.34, 225.00
430.68, 222.00
431.02, 233.00
431.36, 217.00
431.70, 234.00
432.04, 243.00
432.39, 244.00
432.73, 258.00
433.07, 261.00
433.41, 294.00
433.75, 286.00
434.09, 291.00
434.43, 293.00
434.78, 331.00
435.12, 377.00
435.46, 409.00
435.80, 382.00
436.14, 342.00
436.48, 295.00
436.82, 285.00
437.16, 271.00
437.51, 247.00
437.85, 233.00
438.19, 281.00
438.53, 240.00
438.87, 257.00
439.21, 247.00
439.55, 256.00
439.89, 265.00
440.23, 262.00
440.57, 277.00
440.91, 285.00
441.26, 272.00
441.60, 258.00
441.94, 249.00
442.28, 238.00
442.62, 244.00
442.96, 244.00
443.30, 239.00
443.64, 237.00
443.98, 237.00
444.32, 243.00
444.66, 231.00
445.00, 234.00
445.34, 246.00
445.68, 240.00
446.02, 245.00
446.36, 237.00
446.70, 244.00
447.04, 246.00
447.38, 259.00
447.72, 256.00
448.06, 260.00
448.40, 255.00
448.74, 254.00
449.08, 261.00
449.42, 236.00
449.76, 239.00
450.10, 237.00
450.44, 220.00
450.78, 225.00
451.12, 236.00
451.46, 229.00
451.80, 239.00
452.14, 222.00
452.48, 231.00
452.82, 233.00
453.16, 230.00
453.50, 236.00
453.84, 234.00
454.18, 266.00
454.52, 252.00
454.86, 246.00
455.19, 264.00
455.53, 250.00
455.87, 256.00
456.21, 268.00
456.55, 257.00
456.89, 253.00
457.23, 257.00
457.57, 247.00
457.91, 254.00
458.25, 247.00
458.59, 260.00
458.92, 261.00
459.26, 241.00
459.60, 264.00
459.94, 247.00
460.28, 236.00
460.62, 242.00
460.96, 229.00
461.30, 221.00
461.63, 228.00
461.97, 238.00
462.31, 231.00
462.65, 242.00
462.99, 252.00
463.33, 247.00
463.67, 252.00
464.00, 259.00
464.34, 253.00
464.68, 255.00
465.02, 273.00
465.36, 269.00
465.70, 268.00
466.03, 261.00
466.37, 248.00
466.71, 255.00
467.05, 249.00
467.39, 270.00
467.72, 261.00
468.06, 280.00
468.40, 290.00
468.74, 287.00
469.08, 287.00
469.41, 303.00
469.75, 312.00
470.09, 325.00
470.43, 330.00
470.76, 308.00
471.10, 304.00
471.44, 305.00
471.78, 284.00
472.11, 278.00
472.45, 280.00
472.79, 268.00
473.13, 267.00
473.46, 270.00
473.80, 264.00
474.14, 258.00
474.48, 265.00
474.81, 263.00
475.15, 266.00
475.49, 270.00
475.82, 269.00
476.16, 270.00
476.50, 262.00
476.84, 270.00
477.17, 261.00
477.51, 261.00
477.85, 268.00
478.18, 279.00
478.52, 262.00
478.86, 313.00
479.19, 281.00
479.53, 273.00
479.87, 315.00
480.20, 294.00
480.54, 282.00
480.88, 289.00
481.21, 283.00
481.55, 277.00
481.89, 283.00
482.22, 280.00
482.56, 290.00
482.90, 289.00
483.23, 296.00
483.57, 296.00
483.90, 296.00
484.24, 302.00
484.58, 320.00
484.91, 321.00
485.25, 339.00
485.58, 333.00
485.92, 343.00
486.26, 341.00
486.59, 336.00
486.93, 344.00
487.26, 343.00
487.60, 344.00
487.94, 346.00
488.27, 339.00
488.61, 341.00
488.94, 342.00
489.28, 338.00
489.61, 339.00
489.95, 340.00
490.29, 346.00
490.62, 348.00
490.96, 348.00
491.29, 348.00
491.63, 333.00
491.96, 329.00
492.30, 319.00
492.63, 327.00
492.97, 311.00
493.30, 317.00
493.64, 313.00
493.97, 309.00
494.31, 313.00
494.64, 315.00
494.98, 312.00
495.31, 316.00
495.65, 308.00
495.98, 323.00
496.32, 313.00
496.65, 337.00
496.99, 310.00
497.32, 298.00
497.66, 291.00
497.99, 286.00
498.33, 289.00
498.66, 288.00
499.00, 290.00
499.33, 282.00
499.67, 287.00
500.00, 284.00
500.34, 286.00
500.67, 290.00
501.00, 282.00
501.34, 274.00
501.67, 281.00
502.01, 280.00
502.34, 276.00
502.68, 283.00
503.01, 291.00
503.34, 288.00
503.68, 286.00
504.01, 285.00
504.35, 281.00
504.68, 285.00
505.01, 289.00
505.35, 293.00
505.68, 286.00
506.02, 284.00
506.35, 284.00
506.68, 294.00
507.02, 293.00
507.35, 286.00
507.68, 277.00
508.02, 281.00
508.35, 287.00
508.69, 278.00
509.02, 274.00
509.35, 276.00
509.69, 273.00
510.02, 274.00
510.35, 269.00
510.69, 275.00
511.02, 274.00
511.35, 268.00
511.69, 275.00
512.02, 266.00
512.35, 274.00
512.68, 273.00
513.02, 261.00
513.35, 275.00
513.68, 262.00
514.02, 270.00
514.35, 258.00
514.68, 270.00
515.01, 266.00
515.35, 277.00
515.68, 263.00
516.01, 261.00
516.35, 263.00
516.68, 269.00
517.01, 258.00
517.34, 266.00
517.68, 268.00
518.01, 278.00
518.34, 259.00
518.67, 260.00
519.01, 268.00
519.34, 270.00
519.67, 269.00
520.00, 258.00
520.33, 259.00
520.67, 267.00
521.00, 260.00
521.33, 270.00
521.66, 273.00
522.00, 274.00
522.33, 272.00
522.66, 269.00
522.99, 261.00
523.32, 273.00
523.65, 263.00
523.99, 269.00
524.32, 269.00
524.65, 267.00
524.98, 264.00
525.31, 262.00
525.65, 297.00
525.98, 263.00
526.31, 261.00
526.64, 267.00
526.97, 263.00
527.30, 256.00
527.63, 266.00
527.97, 255.00
528.30, 257.00
528.63, 270.00
528.96, 285.00
529.29, 261.00
529.62, 257.00
529.95, 258.00
530.28, 255.00
530.61, 253.00
530.95, 254.00
531.28, 262.00
531.61, 266.00
531.94, 267.00
532.27, 272.00
532.60, 271.00
532.93, 273.00
533.26, 267.00
533.59, 259.00
533.92, 265.00
534.25, 259.00
534.58, 288.00
534.91, 270.00
535.25, 262.00
535.58, 259.00
535.91, 254.00
536.24, 266.00
536.57, 274.00
536.90, 265.00
537.23, 281.00
537.56, 320.00
537.89, 289.00
538.22, 287.00
538.55, 283.00
538.88, 295.00
539.21, 416.00
539.54, 316.00
539.87, 326.00
540.20, 360.00
540.53, 378.00
540.86, 447.00
541.19, 461.00
541.52, 480.00
541.85, 502.00
542.18, 529.00
542.51, 538.00
542.84, 545.00
543.17, 540.00
543.50, 526.00
543.82, 511.00
544.15, 519.00
544.48, 504.00
544.81, 549.00
545.14, 578.00
545.47, 546.00
545.80, 531.00
546.13, 455.00
546.46, 463.00
546.79, 415.00
547.12, 364.00
547.45, 352.00
547.78, 351.00
548.10, 340.00
548.43, 338.00
548.76, 329.00
549.09, 319.00
549.42, 321.00
549.75, 308.00
550.08, 310.00
550.41, 302.00
550.74, 309.00
551.06, 295.00
551.39, 311.00
551.72, 293.00
552.05, 282.00
552.38, 291.00
552.71, 279.00
553.03, 273.00
553.36, 284.00
553.69, 281.00
554.02, 265.00
554.35, 259.00
554.68, 271.00
555.00, 262.00
555.33, 250.00
555.66, 244.00
555.99, 271.00
556.32, 247.00
556.64, 249.00
556.97, 258.00
557.30, 257.00
557.63, 252.00
557.96, 262.00
558.28, 253.00
558.61, 257.00
558.94, 258.00
559.27, 253.00
559.59, 256.00
559.92, 249.00
560.25, 247.00
560.58, 244.00
560.90, 253.00
561.23, 243.00
561.56, 240.00
561.89, 237.00
562.21, 240.00
562.54, 236.00
562.87, 239.00
563.20, 242.00
563.52, 233.00
563.85, 226.00
564.18, 251.00
564.50, 239.00
564.83, 263.00
565.16, 286.00
565.48, 226.00
565.81, 225.00
566.14, 222.00
566.47, 221.00
566.79, 228.00
567.12, 224.00
567.45, 249.00
567.77, 227.00
568.10, 235.00
568.43, 226.00
568.75, 220.00
569.08, 230.00
569.40, 266.00
569.73, 236.00
570.06, 226.00
570.38, 225.00
570.71, 219.00
571.04, 227.00
571.36, 230.00
571.69, 231.00
572.01, 232.00
572.34, 224.00
572.67, 237.00
572.99, 223.00
573.32, 248.00
573.64, 227.00
573.97, 230.00
574.30, 228.00
574.62, 221.00
574.95, 228.00
575.27, 238.00
575.60, 234.00
575.92, 242.00
576.25, 239.00
576.58, 253.00
576.90, 246.00
577.23, 270.00
577.55, 246.00
577.88, 246.00
578.20, 248.00
578.53, 253.00
578.85, 268.00
579.18, 264.00
579.50, 266.00
579.83, 273.00
580.15, 266.00
580.48, 268.00
580.80, 260.00
581.13, 267.00
581.45, 265.00
581.78, 267.00
582.10, 265.00
582.43, 274.00
582.75, 278.00
583.08, 278.00
583.40, 274.00
583.73, 351.00
584.05, 283.00
584.38, 270.00
584.70, 313.00
585.03, 266.00
585.35, 277.00
585.67, 270.00
586.00, 290.00
586.32, 301.00
586.65, 317.00
586.97, 314.00
587.30, 319.00
587.62, 290.00
587.94, 299.00
588.27, 277.00
588.59, 268.00
588.92, 280.00
589.24, 268.00
589.56, 267.00
589.89, 269.00
590.21, 250.00
590.54, 255.00
590.86, 258.00
591.18, 254.00
591.51, 262.00
591.83, 285.00
592.15, 285.00
592.48, 285.00
592.80, 282.00
593.13, 275.00
593.45, 273.00
593.77, 274.00
594.10, 278.00
594.42, 276.00
594.74, 266.00
595.07, 267.00
595.39, 268.00
595.71, 259.00
596.03, 257.00
596.36, 256.00
596.68, 265.00
597.00, 264.00
597.33, 267.00
597.65, 275.00
597.97, 275.00
598.30, 280.00
598.62, 279.00
598.94, 280.00
599.26, 279.00
599.59, 279.00
599.91, 280.00
600.23, 270.00
600.55, 264.00
600.88, 259.00
601.20, 244.00
601.52, 249.00
601.84, 243.00
602.17, 241.00
602.49, 240.00
602.81, 240.00
603.13, 226.00
603.45, 241.00
603.78, 233.00
604.10, 232.00
604.42, 230.00
604.74, 237.00
605.07, 237.00
605.39, 231.00
605.71, 226.00
606.03, 232.00
606.35, 233.00
606.67, 237.00
607.00, 233.00
607.32, 226.00
607.64, 240.00
607.96, 243.00
608.28, 248.00
608.60, 252.00
608.93, 268.00
609.25, 303.00
609.57, 354.00
609.89, 431.00
610.21, 503.00
610.53, 558.00
610.85, 550.00
611.17, 502.00
611.50, 469.00
611.82, 436.00
612.14, 414.00
612.46, 383.00
612.78, 364.00
613.10, 343.00
613.42, 330.00
613.74, 330.00
614.06, 349.00
614.38, 309.00
614.70, 308.00
615.03, 305.00
615.35, 298.00
615.67, 386.00
615.99, 264.00
616.31, 255.00
616.63, 251.00
616.95, 246.00
617.27, 235.00
617.59, 229.00
617.91, 243.00
618.23, 238.00
618.55, 233.00
618.87, 231.00
619.19, 232.00
619.51, 229.00
619.83, 233.00
620.15, 231.00
620.47, 235.00
620.79, 229.00
621.11, 236.00
621.43, 231.00
621.75, 238.00
622.07, 239.00
622.39, 229.00
622.71, 231.00
623.03, 221.00
623.35, 267.00
623.67, 232.00
623.99, 224.00
624.31, 235.00
624.63, 231.00
624.95, 225.00
625.26, 221.00
625.58, 226.00
625.90, 250.00
626.22, 224.00
626.54, 218.00
626.86, 227.00
627.18, 228.00
627.50, 232.00
627.82, 229.00
628.14, 223.00
628.46, 232.00
628.77, 236.00
629.09, 239.00
629.41, 246.00
629.73, 244.00
630.05, 261.00
630.37, 257.00
630.69, 258.00
631.00, 258.00
631.32, 256.00
631.64, 231.00
631.96, 230.00
632.28, 229.00
632.60, 231.00
632.92, 224.00
633.23, 229.00
633.55, 223.00
633.87, 223.00
634.19, 226.00
634.51, 228.00
634.82, 232.00
635.14, 241.00
635.46, 235.00
635.78, 236.00
636.10, 233.00
636.41, 232.00
636.73, 232.00
637.05, 229.00
637.37, 230.00
637.68, 233.00
638.00, 229.00
638.32, 234.00
638.64, 231.00
638.95, 242.00
639.27, 229.00
639.59, 235.00
639.91, 222.00
640.22, 229.00
640.54, 227.00
640.86, 217.00
641.18, 237.00
641.49, 240.00
641.81, 237.00
642.13, 235.00
642.44, 224.00
642.76, 232.00
643.08, 233.00
643.40, 239.00
643.71, 233.00
644.03, 238.00
644.35, 248.00
644.66, 249.00
644.98, 242.00
645.30, 245.00
645.61, 257.00
645.93, 232.00
646.25, 231.00
646.56, 235.00
646.88, 254.00
647.19, 219.00
647.51, 228.00
647.83, 221.00
648.14, 218.00
648.46, 221.00
648.78, 222.00
649.09, 230.00
649.41, 273.00
649.72, 249.00
650.04, 254.00
650.36, 256.00
650.67, 250.00
650.99, 261.00
651.30, 252.00
651.62, 252.00
651.93, 260.00
652.25, 271.00
652.57, 299.00
652.88, 260.00
653.20, 252.00
653.51, 258.00
653.83, 243.00
654.14, 236.00
654.46, 241.00
654.77, 231.00
655.09, 243.00
655.40, 248.00
655.72, 237.00
656.04, 228.00
656.35, 231.00
656.67, 225.00
656.98, 221.00
657.30, 230.00
657.61, 230.00
657.93, 232.00
658.24, 240.00
658.55, 272.00
658.87, 241.00
659.18, 234.00
659.50, 233.00
659.81, 244.00
660.13, 239.00
660.44, 240.00
660.76, 239.00
661.07, 261.00
661.39, 238.00
661.70, 233.00
662.01, 231.00
662.33, 223.00
662.64, 216.00
662.96, 216.00
663.27, 207.00
663.59, 205.00
663.90, 205.00
664.21, 198.00
664.53, 228.00
664.84, 211.00
665.16, 237.00
665.47, 215.00
665.78, 206.00
666.10, 221.00
666.41, 220.00
666.72, 218.00
667.04, 230.00
667.35, 219.00
667.67, 223.00
667.98, 219.00
668.29, 219.00
668.61, 223.00
668.92, 215.00
669.23, 221.00
669.55, 218.00
669.86, 243.00
670.17, 209.00
670.48, 208.00
670.80, 201.00
671.11, 208.00
671.42, 199.00
671.74, 208.00
672.05, 199.00
672.36, 207.00
672.68, 207.00
672.99, 213.00
673.30, 215.00
673.61, 224.00
673.93, 227.00
674.24, 233.00
674.55, 228.00
674.86, 236.00
675.18, 246.00
675.49, 244.00
675.80, 249.00
676.11, 247.00
676.43, 246.00
676.74, 242.00
677.05, 241.00
677.36, 255.00
677.67, 245.00
677.99, 234.00
678.30, 233.00
678.61, 225.00
678.92, 212.00
679.23, 216.00
679.55, 204.00
679.86, 205.00
680.17, 207.00
680.48, 204.00
680.79, 204.00
681.10, 189.00
681.42, 192.00
681.73, 193.00
682.04, 186.00
682.35, 189.00
682.66, 203.00
682.97, 190.00
683.28, 191.00
683.60, 194.00
683.91, 193.00
684.22, 209.00
684.53, 189.00
684.84, 192.00
685.15, 191.00
685.46, 218.00
685.77, 189.00
686.08, 195.00
686.40, 227.00
686.71, 196.00
687.02, 197.00
687.33, 188.00
687.64, 182.00
687.95, 186.00
688.26, 183.00
688.57, 183.00
688.88, 180.00
689.19, 179.00
689.50, 178.00
689.81, 178.00
690.12, 171.00
690.43, 188.00
690.74, 165.00
691.05, 173.00
691.36, 186.00
691.67, 177.00
691.98, 170.00
692.29, 172.00
692.60, 180.00
692.91, 175.00
693.22, 173.00
693.53, 181.00
693.84, 179.00
694.15, 168.00
694.46, 173.00
694.77, 170.00
695.08, 171.00
695.39, 175.00
695.70, 168.00
696.01, 175.00
696.32, 170.00
696.63, 171.00
696.94, 177.00
697.25, 164.00
697.56, 175.00
697.87, 172.00
698.17, 207.00
698.48, 178.00
698.79, 165.00
699.10, 171.00
699.41, 173.00
699.72, 168.00
700.03, 171.00
700.34, 170.00
700.65, 170.00
700.95, 168.00
701.26, 179.00
701.57, 174.00
701.88, 169.00
702.19, 181.00
702.50, 175.00
702.81, 169.00
703.11, 190.00
703.42, 168.00
703.73, 176.00
704.04, 174.00
704.35, 173.00
704.66, 178.00
704.96, 195.00
705.27, 215.00
705.58, 219.00
705.89, 226.00
706.20, 216.00
706.50, 206.00
706.81, 206.00
707.12, 195.00
707.43, 192.00
707.73, 194.00
708.04, 177.00
708.35, 185.00
708.66, 183.00
708.97, 178.00
709.27, 180.00
709.58, 173.00
709.89, 176.00
710.19, 170.00
710.50, 184.00
710.81, 178.00
711.12, 185.00
711.42, 178.00
711.73, 180.00
712.04, 180.00
712.35, 180.00
712.65, 183.00
712.96, 183.00
713.27, 179.00
713.57, 200.00
713.88, 199.00
714.19, 173.00
714.49, 170.00
714.80, 179.00
715.11, 168.00
715.41, 173.00
715.72, 174.00
716.03, 171.00
716.33, 181.00
716.64, 171.00
716.94, 170.00
717.25, 169.00
717.56, 174.00
717.86, 170.00
718.17, 158.00
718.48, 166.00
718.78, 168.00
719.09, 162.00
719.39, 165.00
719.70, 164.00
720.01, 164.00
720.31, 171.00
720.62, 162.00
720.92, 167.00
721.23, 172.00
721.53, 180.00
721.84, 171.00
722.15, 175.00
722.45, 170.00
722.76, 172.00
723.06, 173.00
723.37, 176.00
723.67, 173.00
723.98, 175.00
724.28, 172.00
724.59, 178.00
724.89, 185.00
725.20, 174.00
725.50, 183.00
725.81, 174.00
726.11, 172.00
726.42, 172.00
726.72, 170.00
727.03, 201.00
727.33, 168.00
727.64, 170.00
727.94, 168.00
728.25, 167.00
728.55, 166.00
728.86, 203.00
729.16, 166.00
729.46, 163.00
729.77, 163.00
730.07, 161.00
730.38, 166.00
730.68, 163.00
730.99, 169.00
731.29, 166.00
731.59, 173.00
731.90, 162.00
732.20, 173.00
732.51, 171.00
732.81, 163.00
733.11, 180.00
733.42, 171.00
733.72, 176.00
734.02, 175.00
734.33, 176.00
734.63, 168.00
734.94, 172.00
735.24, 174.00
735.54, 172.00
735.85, 168.00
736.15, 169.00
736.45, 169.00
736.76, 167.00
737.06, 169.00
737.36, 168.00
737.67, 171.00
737.97, 172.00
738.27, 167.00
738.57, 170.00
738.88, 169.00
739.18, 206.00
739.48, 173.00
739.79, 164.00
740.09, 172.00
740.39, 167.00
740.69, 175.00
741.00, 167.00
741.30, 172.00
741.60, 174.00
741.90, 164.00
742.21, 168.00
742.51, 219.00
742.81, 178.00
743.11, 184.00
743.42, 207.00
743.72, 183.00
744.02, 189.00
744.32, 189.00
744.63, 197.00
744.93, 199.00
745.23, 202.00
745.53, 203.00
745.83, 206.00
746.13, 197.00
746.44, 197.00
746.74, 205.00
747.04, 205.00
747.34, 208.00
747.64, 201.00
747.94, 204.00
748.25, 207.00
748.55, 210.00
748.85, 202.00
749.15, 204.00
749.45, 228.00
749.75, 200.00
750.05, 194.00
750.35, 186.00
750.66, 194.00
750.96, 179.00
751.26, 177.00
751.56, 173.00
751.86, 177.00
752.16, 168.00
752.46, 171.00
752.76, 161.00
753.06, 170.00
753.36, 202.00
753.66, 163.00
753.96, 172.00
754.27, 166.00
754.57, 171.00
754.87, 170.00
755.17, 169.00
755.47, 166.00
755.77, 173.00
756.07, 179.00
756.37, 180.00
756.67, 181.00
756.97, 180.00
757.27, 189.00
757.57, 184.00
757.87, 186.00
758.17, 185.00
758.47, 184.00
758.77, 193.00
759.07, 183.00
759.37, 183.00
759.67, 182.00
759.97, 187.00
760.27, 181.00
760.57, 179.00
760.86, 180.00
761.16, 182.00
761.46, 180.00
761.76, 206.00
762.06, 176.00
762.36, 184.00
762.66, 168.00
762.96, 162.00
763.26, 175.00
763.56, 190.00
763.86, 174.00
764.16, 164.00
764.45, 178.00
764.75, 163.00
765.05, 159.00
765.35, 169.00
765.65, 161.00
765.95, 161.00
766.25, 168.00
766.55, 169.00
766.84, 171.00
767.14, 169.00
767.44, 168.00
767.74, 172.00
768.04, 170.00
768.34, 168.00
768.63, 172.00
768.93, 173.00
769.23, 180.00
769.53, 176.00
769.83, 169.00
770.12, 176.00
770.42, 175.00
770.72, 180.00
771.02, 171.00
771.32, 170.00
771.61, 175.00
771.91, 179.00
772.21, 178.00
772.51, 180.00
772.80, 176.00
773.10, 175.00
773.40, 178.00
773.70, 172.00
773.99, 182.00
774.29, 182.00
774.59, 177.00
774.88, 171.00
775.18, 174.00
775.48, 261.00
775.78, 462.00
776.07, 646.00
776.37, 724.00
776.67, 653.00
776.96, 495.00
777.26, 426.00
777.56, 317.00
777.85, 300.00
778.15, 270.00
778.45, 257.00
778.74, 227.00
779.04, 211.00
779.34, 183.00
779.63, 180.00
779.93, 159.00
780.22, 164.00
780.52, 157.00
780.82, 149.00
781.11, 156.00
781.41, 161.00
781.71, 158.00
782.00, 155.00
782.30, 153.00
782.59, 164.00
782.89, 158.00
783.19, 159.00
783.48, 153.00
783.78, 152.00
784.07, 166.00
784.37, 165.00
784.66, 157.00
784.96, 156.00
785.25, 151.00
785.55, 159.00
785.84, 161.00
786.14, 157.00
786.44, 152.00
786.73, 155.00
787.03, 156.00
787.32, 154.00
787.62, 152.00
787.91, 154.00
788.21, 155.00
788.50, 155.00
788.80, 151.00
789.09, 156.00
789.39, 158.00
789.68, 154.00
789.97, 159.00
790.27, 151.00
790.56, 156.00
790.86, 164.00
791.15, 152.00
791.45, 152.00
791.74, 174.00
792.04, 148.00
792.33, 146.00
792.62, 181.00
792.92, 156.00
793.21, 150.00
793.51, 159.00
793.80, 149.00
794.09, 154.00
794.39, 153.00
794.68, 149.00
794.98, 151.00
795.27, 154.00
795.56, 152.00
795.86, 150.00
796.15, 153.00
796.44, 155.00
796.74, 147.00
797.03, 151.00
797.32, 152.00
797.62, 152.00
797.91, 165.00
798.20, 154.00
798.50, 161.00
798.79, 164.00
799.08, 153.00
799.38, 159.00
799.67, 150.00
799.96, 161.00
800.26, 174.00
800.55, 150.00
800.84, 160.00
801.13, 153.00
801.43, 149.00
801.72, 191.00
802.01, 152.00
802.30, 149.00
802.60, 152.00
802.89, 158.00
803.18, 155.00
803.47, 150.00
803.77, 156.00
804.06, 158.00
804.35, 162.00
804.64, 172.00
804.94, 159.00
805.23, 150.00
805.52, 151.00
805.81, 153.00
806.10, 154.00
806.39, 153.00
806.69, 150.00
806.98, 152.00
807.27, 151.00
807.56, 158.00
807.85, 157.00
808.14, 152.00
808.44, 163.00
808.73, 155.00
809.02, 170.00
809.31, 155.00
809.60, 157.00
809.89, 166.00
810.18, 151.00
810.48, 160.00
810.77, 152.00
811.06, 145.00
811.35, 156.00
811.64, 153.00
811.93, 166.00
812.22, 149.00
812.51, 149.00
812.80, 150.00
813.09, 147.00
813.38, 148.00
813.67, 169.00
813.96, 148.00
814.26, 150.00
814.55, 149.00
814.84, 146.00
815.13, 157.00
815.42, 147.00
815.71, 153.00
816.00, 144.00
816.29, 155.00
816.58, 153.00
816.87, 148.00
817.16, 150.00
817.45, 155.00
817.74, 154.00
818.03, 150.00
818.32, 144.00
818.61, 149.00
818.90, 150.00
819.19, 149.00
819.48, 149.00
819.76, 150.00
820.05, 147.00
820.34, 148.00
820.63, 148.00
820.92, 152.00
821.21, 150.00
821.50, 150.00
821.79, 151.00
822.08, 146.00
822.37, 151.00
822.66, 146.00
822.95, 153.00
823.23, 148.00
823.52, 165.00
823.81, 151.00
824.10, 147.00
824.39, 150.00
824.68, 147.00
824.97, 171.00
825.26, 151.00
825.54, 193.00
825.83, 145.00
826.12, 154.00
826.41, 151.00
826.70, 151.00
826.99, 158.00
827.27, 150.00
827.56, 164.00
827.85, 150.00
828.14, 151.00
828.43, 150.00
828.71, 152.00
829.00, 147.00
829.29, 150.00
829.58, 154.00
829.86, 148.00
830.15, 149.00
830.44, 150.00
830.73, 153.00
831.01, 148.00
831.30, 147.00
831.59, 148.00
831.88, 147.00
832.16, 150.00
832.45, 154.00
832.74, 145.00
833.03, 147.00
833.31, 152.00
833.60, 148.00
833.89, 145.00
834.17, 151.00
834.46, 150.00
834.75, 153.00
835.03, 148.00
835.32, 149.00
835.61, 153.00
835.89, 163.00
836.18, 151.00
836.47, 149.00
836.75, 150.00
837.04, 152.00
837.33, 154.00
837.61, 148.00
837.90, 148.00
838.19, 147.00
838.47, 148.00
838.76, 147.00
839.04, 149.00
839.33, 146.00
839.62, 148.00
839.90, 146.00
840.19, 145.00
840.47, 146.00
840.76, 172.00
841.04, 149.00
841.33, 157.00
841.62, 145.00
841.90, 153.00
842.19, 147.00
842.47, 180.00
842.76, 146.00
843.04, 154.00
843.33, 176.00
843.61, 162.00
843.90, 164.00
844.18, 164.00
844.47, 162.00
844.75, 168.00
845.04, 151.00
845.32, 157.00
845.61, 154.00
845.89, 156.00
846.18, 159.00
846.46, 153.00
846.75, 152.00
847.03, 162.00
847.32, 154.00
847.60, 151.00
847.88, 148.00
848.17, 149.00
848.45, 164.00
848.74, 153.00
849.02, 146.00
849.31, 152.00
849.59, 148.00
849.87, 149.00
850.16, 147.00
850.44, 148.00
850.73, 169.00
851.01, 142.00
851.29, 145.00
851.58, 152.00
851.86, 153.00
852.14, 148.00
852.43, 152.00
852.71, 149.00
853.00, 153.00
853.28, 155.00
853.56, 150.00
853.85, 151.00
854.13, 151.00
854.41, 149.00
854.69, 147.00
854.98, 148.00
855.26, 202.00
855.54, 153.00
855.83, 153.00
856.11, 154.00
856.39, 150.00
856.68, 147.00
856.96, 148.00
857.24, 150.00
857.52, 153.00
857.81, 149.00
858.09, 149.00
858.37, 147.00
858.65, 143.00
858.94, 143.00
859.22, 146.00
