190.05, 0.00
190.41, 135.00
190.77, 139.00
191.14, 140.00
191.50, 140.00
191.86, 163.00
192.22, 154.00
192.58, 151.00
192.94, 150.00
193.31, 148.00
193.67, 151.00
194.03, 157.00
194.39, 147.00
194.75, 146.00
195.11, 155.00
195.47, 162.00
195.84, 148.00
196.20, 145.00
196.56, 164.00
196.92, 147.00
197.28, 150.00
197.64, 144.00
198.00, 151.00
198.37, 155.00
198.73, 148.00
199.09, 150.00
199.45, 148.00
199.81, 144.00
200.17, 158.00
200.53, 147.00
200.89, 157.00
201.25, 181.00
201.62, 146.00
201.98, 148.00
202.34, 145.00
202.70, 153.00
203.06, 144.00
203.42, 148.00
203.78, 149.00
204.14, 150.00
204.50, 166.00
204.86, 160.00
205.22, 154.00
205.58, 151.00
205.95, 152.00
206.31, 150.00
206.67, 153.00
207.03, 160.00
207.39, 158.00
207.75, 149.00
208.11, 145.00
208.47, 150.00
208.83, 150.00
209.19, 151.00
209.55, 149.00
209.91, 149.00
210.27, 151.00
210.63, 150.00
210.99, 155.00
211.35, 150.00
211.71, 154.00
212.07, 150.00
212.43, 155.00
212.79, 148.00
213.15, 148.00
213.51, 143.00
213.87, 155.00
214.23, 147.00
214.59, 147.00
214.95, 149.00
215.31, 145.00
215.67, 147.00
216.03, 179.00
216.39, 151.00
216.75, 149.00
217.11, 152.00
217.47, 147.00
217.83, 153.00
218.19, 154.00
218.55, 158.00
218.91, 156.00
219.27, 155.00
219.63, 149.00
219.99, 148.00
220.35, 151.00
220.71, 154.00
221.07, 145.00
221.43, 149.00
221.79, 150.00
222.15, 152.00
222.51, 150.00
222.87, 157.00
223.23, 142.00
223.59, 147.00
223.95, 147.00
224.31, 147.00
224.67, 145.00
225.03, 150.00
225.39, 156.00
225.74, 153.00
226.10, 147.00
226.46, 151.00
226.82, 152.00
227.18, 150.00
227.54, 146.00
227.90, 152.00
228.26, 154.00
228.62, 161.00
228.98, 149.00
229.34, 146.00
229.69, 151.00
230.05, 153.00
230.41, 145.00
230.77, 155.00
231.13, 151.00
231.49, 153.00
231.85, 146.00
232.21, 154.00
232.57, 153.00
232.92, 144.00
233.28, 145.00
233.64, 149.00
234.00, 150.00
234.36, 141.00
234.72, 147.00
235.08, 152.00
235.44, 151.00
235.79, 140.00
236.15, 153.00
236.51, 145.00
236.87, 142.00
237.23, 151.00
237.59, 144.00
237.94, 153.00
238.30, 145.00
238.66, 149.00
239.02, 147.00
239.38, 148.00
239.74, 142.00
240.09, 156.00
240.45, 150.00
240.81, 147.00
241.17, 156.00
241.53, 148.00
241.89, 149.00
242.24, 148.00
242.60, 146.00
242.96, 152.00
243.32, 151.00
243.68, 147.00
244.03, 152.00
244.39, 153.00
244.75, 164.00
245.11, 155.00
245.46, 149.00
245.82, 176.00
246.18, 148.00
246.54, 151.00
246.90, 146.00
247.25, 144.00
247.61, 145.00
247.97, 182.00
248.33, 147.00
248.68, 146.00
249.04, 148.00
249.40, 146.00
249.76, 152.00
250.11, 150.00
250.47, 149.00
250.83, 150.00
251.19, 152.00
251.54, 158.00
251.90, 153.00
252.26, 151.00
252.62, 148.00
252.97, 150.00
253.33, 145.00
253.69, 148.00
254.05, 153.00
254.40, 147.00
254.76, 149.00
255.12, 178.00
255.47, 149.00
255.83, 151.00
256.19, 149.00
256.54, 145.00
256.90, 151.00
257.26, 147.00
257.62, 152.00
257.97, 147.00
258.33, 149.00
258.69, 145.00
259.04, 145.00
259.40, 147.00
259.76, 153.00
260.11, 141.00
260.47, 149.00
260.83, 154.00
261.18, 150.00
261.54, 159.00
261.90, 146.00
262.25, 142.00
262.61, 144.00
262.97, 144.00
263.32, 143.00
263.68, 146.00
264.04, 154.00
264.39, 144.00
264.75, 147.00
265.10, 151.00
265.46, 194.00
265.82, 161.00
266.17, 147.00
266.53, 147.00
266.89, 150.00
267.24, 156.00
267.60, 151.00
267.95, 148.00
268.31, 143.00
268.67, 147.00
269.02, 147.00
269.38, 144.00
269.74, 155.00
270.09, 146.00
270.45, 146.00
270.80, 167.00
271.16, 147.00
271.51, 150.00
271.87, 154.00
272.23, 154.00
272.58, 153.00
272.94, 148.00
273.29, 146.00
273.65, 191.00
274.00, 141.00
274.36, 146.00
274.72, 143.00
275.07, 139.00
275.43, 145.00
275.78, 151.00
276.14, 143.00
276.49, 149.00
276.85, 161.00
277.20, 163.00
277.56, 143.00
277.92, 146.00
278.27, 148.00
278.63, 158.00
278.98, 145.00
279.34, 150.00
279.69, 152.00
280.05, 164.00
280.40, 152.00
280.76, 162.00
281.11, 152.00
281.47, 145.00
281.82, 146.00
282.18, 147.00
282.53, 156.00
282.89, 159.00
283.24, 159.00
283.60, 153.00
283.95, 153.00
284.31, 151.00
284.66, 153.00
285.02, 157.00
285.37, 167.00
285.73, 148.00
286.08, 157.00
286.44, 144.00
286.79, 155.00
287.14, 158.00
287.50, 152.00
287.85, 155.00
288.21, 154.00
288.56, 148.00
288.92, 148.00
289.27, 150.00
289.63, 147.00
289.98, 153.00
290.34, 145.00
290.69, 161.00
291.04, 145.00
291.40, 146.00
291.75, 149.00
292.11, 154.00
292.46, 153.00
292.81, 155.00
293.17, 148.00
293.52, 151.00
293.88, 149.00
294.23, 150.00
294.59, 158.00
294.94, 155.00
295.29, 153.00
295.65, 167.00
296.00, 175.00
296.36, 159.00
296.71, 158.00
297.06, 162.00
297.42, 161.00
297.77, 155.00
298.12, 154.00
298.48, 162.00
298.83, 165.00
299.19, 156.00
299.54, 156.00
299.89, 156.00
300.25, 158.00
300.60, 162.00
300.95, 157.00
301.31, 153.00
301.66, 144.00
302.01, 148.00
302.37, 150.00
302.72, 152.00
303.07, 147.00
303.43, 156.00
303.78, 150.00
304.13, 153.00
304.49, 154.00
304.84, 163.00
305.19, 193.00
305.55, 157.00
305.90, 158.00
306.25, 184.00
306.61, 212.00
306.96, 238.00
307.31, 293.00
307.66, 392.00
308.02, 482.00
308.37, 557.00
308.72, 591.00
309.08, 576.00
309.43, 570.00
309.78, 491.00
310.13, 428.00
310.49, 376.00
310.84, 309.00
311.19, 278.00
311.54, 245.00
311.90, 220.00
312.25, 215.00
312.60, 210.00
312.95, 226.00
313.31, 242.00
313.66, 250.00
314.01, 262.00
314.36, 272.00
314.72, 263.00
315.07, 303.00
315.42, 334.00
315.77, 373.00
316.13, 305.00
316.48, 243.00
316.83, 213.00
317.18, 185.00
317.54, 169.00
317.89, 158.00
318.24, 161.00
318.59, 152.00
318.94, 155.00
319.30, 156.00
319.65, 157.00
320.00, 159.00
320.35, 156.00
320.70, 156.00
321.05, 155.00
321.41, 161.00
321.76, 157.00
322.11, 161.00
322.46, 156.00
322.81, 196.00
323.17, 162.00
323.52, 152.00
323.87, 157.00
324.22, 155.00
324.57, 163.00
324.92, 155.00
325.27, 156.00
325.63, 165.00
325.98, 160.00
326.33, 159.00
326.68, 161.00
327.03, 155.00
327.38, 155.00
327.73, 167.00
328.09, 170.00
328.44, 198.00
328.79, 169.00
329.14, 208.00
329.49, 181.00
329.84, 177.00
330.19, 185.00
330.54, 175.00
330.89, 181.00
331.25, 163.00
331.60, 165.00
331.95, 166.00
332.30, 158.00
332.65, 165.00
333.00, 173.00
333.35, 212.00
333.70, 212.00
334.05, 175.00
334.40, 176.00
334.75, 186.00
335.10, 212.00
335.45, 250.00
335.81, 321.00
336.16, 439.00
336.51, 586.00
336.86, 622.00
337.21, 559.00
337.56, 388.00
337.91, 282.00
338.26, 215.00
338.61, 182.00
338.96, 168.00
339.31, 161.00
339.66, 159.00
340.01, 159.00
340.36, 156.00
340.71, 161.00
341.06, 154.00
341.41, 158.00
341.76, 155.00
342.11, 158.00
342.46, 159.00
342.81, 158.00
343.16, 159.00
343.51, 157.00
343.86, 157.00
344.21, 159.00
344.56, 159.00
344.91, 161.00
345.26, 167.00
345.61, 153.00
345.96, 152.00
346.31, 151.00
346.66, 184.00
347.01, 148.00
347.36, 169.00
347.71, 156.00
348.06, 151.00
348.41, 169.00
348.76, 172.00
349.10, 166.00
349.45, 171.00
349.80, 168.00
350.15, 172.00
350.50, 172.00
350.85, 178.00
351.20, 174.00
351.55, 191.00
351.90, 197.00
352.25, 219.00
352.60, 252.00
352.95, 291.00
353.30, 317.00
353.64, 294.00
353.99, 262.00
354.34, 241.00
354.69, 241.00
355.04, 255.00
355.39, 285.00
355.74, 338.00
356.09, 382.00
356.44, 433.00
356.78, 509.00
357.13, 544.00
357.48, 537.00
357.83, 439.00
358.18, 332.00
358.53, 261.00
358.88, 200.00
359.22, 185.00
359.57, 163.00
359.92, 158.00
360.27, 165.00
360.62, 163.00
360.97, 163.00
361.32, 165.00
361.66, 163.00
362.01, 163.00
362.36, 166.00
362.71, 162.00
363.06, 167.00
363.40, 167.00
363.75, 168.00
364.10, 173.00
364.45, 166.00
364.80, 165.00
365.14, 164.00
365.49, 163.00
365.84, 160.00
366.19, 168.00
366.54, 167.00
366.88, 186.00
367.23, 156.00
367.58, 212.00
367.93, 162.00
368.28, 157.00
368.62, 159.00
368.97, 169.00
369.32, 171.00
369.67, 165.00
370.01, 186.00
370.36, 184.00
370.71, 203.00
371.06, 181.00
371.40, 176.00
371.75, 163.00
372.10, 162.00
372.45, 158.00
372.79, 161.00
373.14, 170.00
373.49, 182.00
373.83, 190.00
374.18, 207.00
374.53, 237.00
374.88, 251.00
375.22, 251.00
375.57, 230.00
375.92, 211.00
376.26, 184.00
376.61, 171.00
376.96, 163.00
377.30, 169.00
377.65, 173.00
378.00, 170.00
378.35, 187.00
378.69, 212.00
379.04, 237.00
379.39, 283.00
379.73, 312.00
380.08, 311.00
380.43, 283.00
380.77, 225.00
381.12, 214.00
381.47, 181.00
381.81, 169.00
382.16, 161.00
382.50, 161.00
382.85, 235.00
383.20, 167.00
383.54, 171.00
383.89, 172.00
384.24, 179.00
384.58, 182.00
384.93, 205.00
385.27, 204.00
385.62, 204.00
385.97, 203.00
386.31, 196.00
386.66, 230.00
387.00, 203.00
387.35, 212.00
387.70, 228.00
388.04, 321.00
388.39, 321.00
388.73, 439.00
389.08, 604.00
389.43, 840.00
389.77, 1108.00
390.12, 1467.00
390.46, 2088.00
390.81, 2284.00
391.15, 2222.00
391.50, 1669.00
391.85, 1032.00
392.19, 676.00
392.54, 388.00
392.88, 244.00
393.23, 204.00
393.57, 197.00
393.92, 189.00
394.26, 172.00
394.61, 170.00
394.95, 162.00
395.30, 156.00
395.64, 157.00
395.99, 194.00
396.33, 158.00
396.68, 158.00
397.02, 163.00
397.37, 166.00
397.71, 179.00
398.06, 177.00
398.40, 187.00
398.75, 201.00
399.09, 207.00
399.44, 207.00
399.78, 193.00
400.13, 174.00
400.47, 162.00
400.82, 162.00
401.16, 155.00
401.51, 163.00
401.85, 157.00
402.20, 157.00
402.54, 160.00
402.88, 161.00
403.23, 158.00
403.57, 178.00
403.92, 191.00
404.26, 252.00
404.61, 213.00
404.95, 255.00
405.30, 218.00
405.64, 210.00
405.98, 214.00
406.33, 182.00
406.67, 168.00
407.02, 159.00
407.36, 165.00
407.70, 168.00
408.05, 168.00
408.39, 175.00
408.74, 178.00
409.08, 185.00
409.42, 174.00
409.77, 166.00
410.11, 174.00
410.46, 172.00
410.80, 175.00
411.14, 175.00
411.49, 180.00
411.83, 187.00
412.17, 186.00
412.52, 187.00
412.86, 186.00
413.20, 182.00
413.55, 182.00
413.89, 182.00
414.23, 177.00
414.58, 209.00
414.92, 169.00
415.26, 165.00
415.61, 166.00
415.95, 166.00
416.29, 168.00
416.64, 168.00
416.98, 172.00
417.32, 170.00
417.67, 200.00
418.01, 196.00
418.35, 197.00
418.70, 226.00
419.04, 250.00
419.38, 234.00
419.72, 231.00
420.07, 212.00
420.41, 185.00
420.75, 183.00
421.10, 174.00
421.44, 174.00
421.78, 171.00
422.12, 178.00
422.47, 179.00
422.81, 188.00
423.15, 203.00
423.49, 191.00
423.84, 193.00
424.18, 209.00
424.52, 231.00
424.86, 265.00
425.21, 346.00
425.55, 404.00
425.89, 493.00
426.23, 589.00
426.57, 790.00
426.92, 895.00
427.26, 948.00
427.60, 823.00
427.94, 565.00
428.28, 409.00
428.63, 320.00
428.97, 233.00
429.31, 196.00
429.65, 166.00
429.99, 167.00
430.34, 160.00
430.68, 165.00
431.02, 168.00
431.36, 161.00
431.70, 168.00
432.04, 167.00
432.39, 162.00
432.73, 169.00
433.07, 168.00
433.41, 172.00
433.75, 182.00
434.09, 180.00
434.43, 188.00
434.78, 239.00
435.12, 294.00
435.46, 328.00
435.80, 306.00
436.14, 271.00
436.48, 241.00
436.82, 224.00
437.16, 202.00
437.51, 189.00
437.85, 174.00
438.19, 216.00
438.53, 172.00
438.87, 195.00
439.21, 180.00
439.55, 187.00
439.89, 191.00
440.23, 183.00
440.57, 187.00
440.91, 187.00
441.26, 175.00
441.60, 181.00
441.94, 178.00
442.28, 180.00
442.62, 175.00
442.96, 168.00
443.30, 171.00
443.64, 169.00
443.98, 171.00
444.32, 172.00
444.66, 167.00
445.00, 164.00
445.34, 173.00
445.68, 170.00
446.02, 166.00
446.36, 163.00
446.70, 169.00
447.04, 178.00
447.38, 194.00
447.72, 167.00
448.06, 173.00
448.40, 173.00
448.74, 171.00
449.08, 168.00
449.42, 170.00
449.76, 174.00
450.10, 164.00
450.44, 168.00
450.78, 164.00
451.12, 174.00
451.46, 169.00
451.80, 175.00
452.14, 161.00
452.48, 165.00
452.82, 173.00
453.16, 162.00
453.50, 169.00
453.84, 163.00
454.18, 197.00
454.52, 170.00
454.86, 172.00
455.19, 183.00
455.53, 167.00
455.87, 168.00
456.21, 172.00
456.55, 179.00
456.89, 175.00
457.23, 174.00
457.57, 177.00
457.91, 184.00
458.25, 180.00
458.59, 193.00
458.92, 202.00
459.26, 204.00
459.60, 203.00
459.94, 196.00
460.28, 178.00
460.62, 173.00
460.96, 167.00
461.30, 163.00
461.63, 167.00
461.97, 164.00
462.31, 162.00
462.65, 170.00
462.99, 169.00
463.33, 175.00
463.67, 176.00
464.00, 177.00
464.34, 176.00
464.68, 180.00
465.02, 188.00
465.36, 180.00
465.70, 174.00
466.03, 181.00
466.37, 177.00
466.71, 177.00
467.05, 187.00
467.39, 203.00
467.72, 214.00
468.06, 231.00
468.40, 246.00
468.74, 256.00
469.08, 274.00
469.41, 305.00
469.75, 337.00
470.09, 369.00
470.43, 382.00
470.76, 313.00
471.10, 281.00
471.44, 254.00
471.78, 227.00
472.11, 205.00
472.45, 199.00
472.79, 193.00
473.13, 186.00
473.46, 188.00
473.80, 172.00
474.14, 175.00
474.48, 184.00
474.81, 175.00
475.15, 171.00
475.49, 171.00
475.82, 178.00
476.16, 176.00
476.50, 166.00
476.84, 175.00
477.17, 163.00
477.51, 165.00
477.85, 168.00
478.18, 183.00
478.52, 171.00
478.86, 215.00
479.19, 177.00
479.53, 163.00
479.87, 207.00
480.20, 179.00
480.54, 172.00
480.88, 165.00
481.21, 169.00
481.55, 176.00
481.89, 172.00
482.22, 175.00
482.56, 187.00
482.90, 185.00
483.23, 183.00
483.57, 191.00
483.90, 200.00
484.24, 198.00
484.58, 205.00
484.91, 220.00
485.25, 219.00
485.58, 224.00
485.92, 227.00
486.26, 232.00
486.59, 233.00
486.93, 232.00
487.26, 242.00
487.60, 228.00
487.94, 230.00
488.27, 231.00
488.61, 226.00
488.94, 230.00
489.28, 226.00
489.61, 225.00
489.95, 220.00
490.29, 226.00
490.62, 226.00
490.96, 215.00
491.29, 226.00
491.63, 207.00
491.96, 210.00
492.30, 208.00
492.63, 214.00
492.97, 206.00
493.30, 196.00
493.64, 202.00
493.97, 197.00
494.31, 202.00
494.64, 207.00
494.98, 203.00
495.31, 201.00
495.65, 199.00
495.98, 208.00
496.32, 194.00
496.65, 225.00
496.99, 196.00
497.32, 191.00
497.66, 180.00
497.99, 186.00
498.33, 181.00
498.66, 178.00
499.00, 183.00
499.33, 169.00
499.67, 171.00
500.00, 177.00
500.34, 182.00
500.67, 181.00
501.00, 181.00
501.34, 182.00
501.67, 178.00
502.01, 174.00
502.34, 176.00
502.68, 175.00
503.01, 185.00
503.34, 183.00
503.68, 177.00
504.01, 179.00
504.35, 181.00
504.68, 184.00
505.01, 184.00
505.35, 180.00
505.68, 184.00
506.02, 183.00
506.35, 181.00
506.68, 194.00
507.02, 182.00
507.35, 183.00
507.68, 178.00
508.02, 185.00
508.35, 189.00
508.69, 176.00
509.02, 176.00
509.35, 176.00
509.69, 177.00
510.02, 179.00
510.35, 172.00
510.69, 159.00
511.02, 170.00
511.35, 163.00
511.69, 176.00
512.02, 170.00
512.35, 173.00
512.68, 164.00
513.02, 176.00
513.35, 169.00
513.68, 169.00
514.02, 177.00
514.35, 167.00
514.68, 175.00
515.01, 167.00
515.35, 179.00
515.68, 164.00
516.01, 165.00
516.35, 164.00
516.68, 163.00
517.01, 165.00
517.34, 168.00
517.68, 164.00
518.01, 169.00
518.34, 163.00
518.67, 161.00
519.01, 168.00
519.34, 178.00
519.67, 183.00
520.00, 178.00
520.33, 178.00
520.67, 182.00
521.00, 179.00
521.33, 183.00
521.66, 197.00
522.00, 202.00
522.33, 191.00
522.66, 190.00
522.99, 184.00
523.32, 178.00
523.65, 182.00
523.99, 173.00
524.32, 175.00
524.65, 172.00
524.98, 181.00
525.31, 175.00
525.65, 200.00
525.98, 172.00
526.31, 172.00
526.64, 175.00
526.97, 170.00
527.30, 169.00
527.63, 169.00
527.97, 166.00
528.30, 169.00
528.63, 175.00
528.96, 192.00
529.29, 168.00
529.62, 167.00
529.95, 160.00
530.28, 158.00
530.61, 157.00
530.95, 159.00
531.28, 168.00
531.61, 171.00
531.94, 185.00
532.27, 188.00
532.60, 182.00
532.93, 188.00
533.26, 168.00
533.59, 173.00
533.92, 171.00
534.25, 163.00
534.58, 201.00
534.91, 169.00
535.25, 161.00
535.58, 164.00
535.91, 168.00
536.24, 170.00
536.57, 183.00
536.90, 172.00
537.23, 185.00
537.56, 224.00
537.89, 192.00
538.22, 192.00
538.55, 204.00
538.88, 217.00
539.21, 326.00
539.54, 221.00
539.87, 236.00
540.20, 258.00
540.53, 289.00
540.86, 357.00
541.19, 363.00
541.52, 396.00
541.85, 418.00
542.18, 437.00
542.51, 458.00
542.84, 463.00
543.17, 472.00
543.50, 449.00
543.82, 445.00
544.15, 435.00
544.48, 430.00
544.81, 456.00
545.14, 483.00
545.47, 458.00
545.80, 443.00
546.13, 368.00
546.46, 368.00
546.79, 325.00
547.12, 284.00
547.45, 276.00
547.78, 265.00
548.10, 253.00
548.43, 253.00
548.76, 243.00
549.09, 239.00
549.42, 236.00
549.75, 233.00
550.08, 234.00
550.41, 226.00
550.74, 229.00
551.06, 223.00
551.39, 227.00
551.72, 210.00
552.05, 211.00
552.38, 207.00
552.71, 199.00
553.03, 197.00
553.36, 190.00
553.69, 198.00
554.02, 184.00
554.35, 195.00
554.68, 177.00
555.00, 185.00
555.33, 176.00
555.66, 178.00
555.99, 198.00
556.32, 180.00
556.64, 187.00
556.97, 187.00
557.30, 196.00
557.63, 199.00
557.96, 194.00
558.28, 197.00
558.61, 201.00
558.94, 196.00
559.27, 196.00
559.59, 195.00
559.92, 193.00
560.25, 188.00
560.58, 190.00
560.90, 193.00
561.23, 186.00
561.56, 186.00
561.89, 185.00
562.21, 182.00
562.54, 181.00
562.87, 176.00
563.20, 179.00
563.52, 164.00
563.85, 168.00
564.18, 183.00
564.50, 169.00
564.83, 199.00
565.16, 220.00
565.48, 157.00
565.81, 167.00
566.14, 155.00
566.47, 154.00
566.79, 159.00
567.12, 158.00
567.45, 183.00
567.77, 167.00
568.10, 165.00
568.43, 162.00
568.75, 156.00
569.08, 159.00
569.40, 193.00
569.73, 162.00
570.06, 162.00
570.38, 159.00
570.71, 160.00
571.04, 156.00
571.36, 169.00
571.69, 163.00
572.01, 162.00
572.34, 162.00
572.67, 160.00
572.99, 163.00
573.32, 180.00
573.64, 163.00
573.97, 161.00
574.30, 165.00
574.62, 153.00
574.95, 153.00
575.27, 164.00
575.60, 166.00
575.92, 177.00
576.25, 180.00
576.58, 174.00
576.90, 181.00
577.23, 206.00
577.55, 174.00
577.88, 177.00
578.20, 178.00
578.53, 176.00
578.85, 203.00
579.18, 199.00
579.50, 184.00
579.83, 190.00
580.15, 196.00
580.48, 193.00
580.80, 193.00
581.13, 203.00
581.45, 192.00
581.78, 197.00
582.10, 198.00
582.43, 209.00
582.75, 209.00
583.08, 209.00
583.40, 207.00
583.73, 273.00
584.05, 211.00
584.38, 199.00
584.70, 242.00
585.03, 204.00
585.35, 201.00
585.67, 208.00
586.00, 223.00
586.32, 257.00
586.65, 262.00
586.97, 258.00
587.30, 257.00
587.62, 234.00
587.94, 236.00
588.27, 218.00
588.59, 210.00
588.92, 202.00
589.24, 197.00
589.56, 197.00
589.89, 195.00
590.21, 194.00
590.54, 183.00
590.86, 190.00
591.18, 185.00
591.51, 190.00
591.83, 204.00
592.15, 204.00
592.48, 196.00
592.80, 204.00
593.13, 202.00
593.45, 199.00
593.77, 191.00
594.10, 200.00
594.42, 201.00
594.74, 190.00
595.07, 185.00
595.39, 192.00
595.71, 200.00
596.03, 200.00
596.36, 205.00
596.68, 194.00
597.00, 201.00
597.33, 208.00
597.65, 210.00
597.97, 217.00
598.30, 211.00
598.62, 212.00
598.94, 208.00
599.26, 213.00
599.59, 218.00
599.91, 210.00
600.23, 198.00
600.55, 196.00
600.88, 190.00
601.20, 192.00
601.52, 183.00
601.84, 182.00
602.17, 183.00
602.49, 175.00
602.81, 169.00
603.13, 177.00
603.45, 175.00
603.78, 172.00
604.10, 170.00
604.42, 167.00
604.74, 166.00
605.07, 164.00
605.39, 168.00
605.71, 166.00
606.03, 177.00
606.35, 168.00
606.67, 175.00
607.00, 185.00
607.32, 172.00
607.64, 183.00
607.96, 186.00
608.28, 190.00
608.60, 200.00
608.93, 209.00
609.25, 241.00
609.57, 284.00
609.89, 377.00
610.21, 439.00
610.53, 484.00
610.85, 475.00
611.17, 446.00
611.50, 407.00
611.82, 393.00
612.14, 354.00
612.46, 326.00
612.78, 310.00
613.10, 297.00
613.42, 280.00
613.74, 285.00
614.06, 299.00
614.38, 278.00
614.70, 263.00
615.03, 266.00
615.35, 258.00
615.67, 323.00
615.99, 222.00
616.31, 213.00
616.63, 213.00
616.95, 195.00
617.27, 190.00
617.59, 187.00
617.91, 195.00
618.23, 196.00
618.55, 183.00
618.87, 178.00
619.19, 181.00
619.51, 182.00
619.83, 187.00
620.15, 187.00
620.47, 187.00
620.79, 183.00
621.11, 187.00
621.43, 184.00
621.75, 191.00
622.07, 186.00
622.39, 181.00
622.71, 178.00
623.03, 186.00
623.35, 223.00
623.67, 183.00
623.99, 180.00
624.31, 180.00
624.63, 187.00
624.95, 174.00
625.26, 177.00
625.58, 177.00
625.90, 203.00
626.22, 178.00
626.54, 179.00
626.86, 184.00
627.18, 173.00
627.50, 179.00
627.82, 174.00
628.14, 178.00
628.46, 186.00
628.77, 186.00
629.09, 190.00
629.41, 193.00
629.73, 199.00
630.05, 210.00
630.37, 206.00
630.69, 206.00
631.00, 207.00
631.32, 203.00
631.64, 193.00
631.96, 189.00
632.28, 184.00
632.60, 183.00
632.92, 177.00
633.23, 178.00
633.55, 177.00
633.87, 176.00
634.19, 176.00
634.51, 183.00
634.82, 198.00
635.14, 192.00
635.46, 189.00
635.78, 182.00
636.10, 183.00
636.41, 183.00
636.73, 186.00
637.05, 182.00
637.37, 183.00
637.68, 187.00
638.00, 185.00
638.32, 193.00
638.64, 195.00
638.95, 215.00
639.27, 198.00
639.59, 201.00
639.91, 198.00
640.22, 193.00
640.54, 193.00
640.86, 183.00
641.18, 192.00
641.49, 204.00
641.81, 182.00
642.13, 184.00
642.44, 171.00
642.76, 170.00
643.08, 168.00
643.40, 165.00
643.71, 172.00
644.03, 178.00
644.35, 182.00
644.66, 182.00
644.98, 177.00
645.30, 173.00
645.61, 185.00
645.93, 171.00
646.25, 167.00
646.56, 173.00
646.88, 194.00
647.19, 161.00
647.51, 165.00
647.83, 160.00
648.14, 157.00
648.46, 164.00
648.78, 170.00
649.09, 167.00
649.41, 209.00
649.72, 162.00
650.04, 172.00
650.36, 170.00
650.67, 166.00
650.99, 168.00
651.30, 165.00
651.62, 162.00
651.93, 168.00
652.25, 179.00
652.57, 204.00
652.88, 164.00
653.20, 165.00
653.51, 170.00
653.83, 163.00
654.14, 159.00
654.46, 166.00
654.77, 157.00
655.09, 170.00
655.40, 179.00
655.72, 169.00
656.04, 158.00
656.35, 161.00
656.67, 162.00
656.98, 159.00
657.30, 158.00
657.61, 161.00
657.93, 162.00
658.24, 164.00
658.55, 202.00
658.87, 168.00
659.18, 166.00
659.50, 166.00
659.81, 170.00
660.13, 163.00
660.44, 167.00
660.76, 165.00
661.07, 182.00
661.39, 167.00
661.70, 171.00
662.01, 168.00
662.33, 169.00
662.64, 166.00
662.96, 163.00
663.27, 157.00
663.59, 152.00
663.90, 160.00
664.21, 156.00
664.53, 179.00
664.84, 159.00
665.16, 185.00
665.47, 156.00
665.78, 155.00
666.10, 165.00
666.41, 181.00
666.72, 185.00
667.04, 193.00
667.35, 176.00
667.67, 182.00
667.98, 175.00
668.29, 172.00
668.61, 170.00
668.92, 170.00
669.23, 166.00
669.55, 168.00
669.86, 188.00
670.17, 162.00
670.48, 160.00
670.80, 158.00
671.11, 159.00
671.42, 156.00
671.74, 163.00
672.05, 160.00
672.36, 154.00
672.68, 153.00
672.99, 160.00
673.30, 158.00
673.61, 153.00
673.93, 154.00
674.24, 155.00
674.55, 160.00
674.86, 157.00
675.18, 166.00
675.49, 170.00
675.80, 163.00
676.11, 165.00
676.43, 166.00
676.74, 162.00
677.05, 160.00
677.36, 174.00
677.67, 163.00
677.99, 165.00
678.30, 160.00
678.61, 166.00
678.92, 164.00
679.23, 171.00
679.55, 164.00
679.86, 169.00
680.17, 162.00
680.48, 170.00
680.79, 168.00
681.10, 159.00
681.42, 165.00
681.73, 160.00
682.04, 156.00
682.35, 152.00
682.66, 157.00
682.97, 158.00
683.28, 160.00
683.60, 162.00
683.91, 162.00
684.22, 178.00
684.53, 155.00
684.84, 153.00
685.15, 162.00
685.46, 180.00
685.77, 156.00
686.08, 156.00
686.40, 191.00
686.71, 163.00
687.02, 159.00
687.33, 155.00
687.64, 152.00
687.95, 155.00
688.26, 152.00
688.57, 155.00
688.88, 159.00
689.19, 148.00
689.50, 152.00
689.81, 152.00
690.12, 152.00
690.43, 166.00
690.74, 151.00
691.05, 147.00
691.36, 161.00
691.67, 150.00
691.98, 149.00
692.29, 152.00
692.60, 153.00
692.91, 155.00
693.22, 154.00
693.53, 155.00
693.84, 157.00
694.15, 150.00
694.46, 149.00
694.77, 153.00
695.08, 156.00
695.39, 156.00
695.70, 149.00
696.01, 156.00
696.32, 145.00
696.63, 150.00
696.94, 153.00
697.25, 149.00
697.56, 157.00
697.87, 162.00
698.17, 191.00
698.48, 150.00
698.79, 149.00
699.10, 153.00
699.41, 150.00
699.72, 151.00
700.03, 147.00
700.34, 149.00
700.65, 155.00
700.95, 153.00
701.26, 157.00
701.57, 149.00
701.88, 154.00
702.19, 167.00
702.50, 162.00
702.81, 154.00
703.11, 173.00
703.42, 157.00
703.73, 157.00
704.04, 162.00
704.35, 164.00
704.66, 182.00
704.96, 262.00
705.27, 367.00
705.58, 426.00
705.89, 433.00
706.20, 358.00
706.50, 308.00
706.81, 284.00
707.12, 261.00
707.43, 215.00
707.73, 214.00
708.04, 178.00
708.35, 179.00
708.66, 160.00
708.97, 159.00
709.27, 162.00
709.58, 158.00
709.89, 153.00
710.19, 156.00
710.50, 161.00
710.81, 155.00
711.12, 162.00
711.42, 161.00
711.73, 165.00
712.04, 161.00
712.35, 159.00
712.65, 157.00
712.96, 157.00
713.27, 154.00
713.57, 176.00
713.88, 178.00
714.19, 151.00
714.49, 149.00
714.80, 154.00
715.11, 153.00
715.41, 149.00
715.72, 149.00
716.03, 150.00
716.33, 153.00
716.64, 148.00
716.94, 154.00
717.25, 154.00
717.56, 160.00
717.86, 150.00
718.17, 148.00
718.48, 147.00
718.78, 152.00
719.09, 143.00
719.39, 149.00
719.70, 147.00
720.01, 148.00
720.31, 153.00
720.62, 146.00
720.92, 149.00
721.23, 149.00
721.53, 150.00
721.84, 151.00
722.15, 154.00
722.45, 149.00
722.76, 148.00
723.06, 146.00
723.37, 148.00
723.67, 151.00
723.98, 149.00
724.28, 153.00
724.59, 158.00
724.89, 159.00
725.20, 156.00
725.50, 164.00
725.81, 158.00
726.11, 152.00
726.42, 160.00
726.72, 171.00
727.03, 199.00
727.33, 172.00
727.64, 169.00
727.94, 163.00
728.25, 157.00
728.55, 156.00
728.86, 174.00
729.16, 147.00
729.46, 147.00
729.77, 152.00
730.07, 150.00
730.38, 149.00
730.68, 145.00
730.99, 163.00
731.29, 147.00
731.59, 151.00
731.90, 147.00
732.20, 151.00
732.51, 158.00
732.81, 151.00
733.11, 158.00
733.42, 149.00
733.72, 152.00
734.02, 154.00
734.33, 144.00
734.63, 150.00
734.94, 143.00
735.24, 153.00
735.54, 150.00
735.85, 148.00
736.15, 147.00
736.45, 147.00
736.76, 152.00
737.06, 154.00
737.36, 151.00
737.67, 149.00
737.97, 153.00
738.27, 147.00
738.57, 151.00
738.88, 144.00
739.18, 187.00
739.48, 158.00
739.79, 150.00
740.09, 149.00
740.39, 153.00
740.69, 160.00
741.00, 147.00
741.30, 156.00
741.60, 155.00
741.90, 144.00
742.21, 147.00
742.51, 183.00
742.81, 147.00
743.11, 149.00
743.42, 169.00
743.72, 147.00
744.02, 148.00
744.32, 149.00
744.63, 154.00
744.93, 154.00
745.23, 157.00
745.53, 159.00
745.83, 151.00
746.13, 154.00
746.44, 150.00
746.74, 153.00
747.04, 150.00
747.34, 151.00
747.64, 154.00
747.94, 146.00
748.25, 154.00
748.55, 154.00
748.85, 152.00
749.15, 156.00
749.45, 176.00
749.75, 159.00
750.05, 155.00
750.35, 148.00
750.66, 167.00
750.96, 148.00
751.26, 149.00
751.56, 155.00
751.86, 151.00
752.16, 147.00
752.46, 147.00
752.76, 150.00
753.06, 149.00
753.36, 191.00
753.66, 147.00
753.96, 154.00
754.27, 154.00
754.57, 148.00
754.87, 147.00
755.17, 145.00
755.47, 147.00
755.77, 145.00
756.07, 151.00
756.37, 149.00
756.67, 155.00
756.97, 153.00
757.27, 158.00
757.57, 150.00
757.87, 149.00
758.17, 148.00
758.47, 155.00
758.77, 152.00
759.07, 150.00
759.37, 158.00
759.67, 150.00
759.97, 154.00
760.27, 153.00
760.57, 150.00
760.86, 148.00
761.16, 148.00
761.46, 147.00
761.76, 167.00
762.06, 145.00
762.36, 155.00
762.66, 147.00
762.96, 147.00
763.26, 157.00
763.56, 182.00
763.86, 156.00
764.16, 150.00
764.45, 167.00
764.75, 155.00
765.05, 149.00
765.35, 147.00
765.65, 146.00
765.95, 146.00
766.25, 149.00
766.55, 156.00
766.84, 154.00
767.14, 159.00
767.44, 147.00
767.74, 153.00
768.04, 154.00
768.34, 151.00
768.63, 152.00
768.93, 153.00
769.23, 158.00
769.53, 151.00
769.83, 152.00
770.12, 150.00
770.42, 156.00
770.72, 153.00
771.02, 157.00
771.32, 151.00
771.61, 151.00
771.91, 153.00
772.21, 148.00
772.51, 148.00
772.80, 149.00
773.10, 159.00
773.40, 151.00
773.70, 152.00
773.99, 153.00
774.29, 161.00
774.59, 163.00
774.88, 155.00
775.18, 164.00
775.48, 223.00
775.78, 393.00
776.07, 535.00
776.37, 609.00
776.67, 558.00
776.96, 429.00
777.26, 380.00
777.56, 290.00
777.85, 260.00
778.15, 246.00
778.45, 235.00
778.74, 217.00
779.04, 194.00
779.34, 173.00
779.63, 166.00
779.93, 155.00
780.22, 154.00
780.52, 151.00
780.82, 146.00
781.11, 149.00
781.41, 151.00
781.71, 150.00
782.00, 146.00
782.30, 151.00
782.59, 146.00
782.89, 147.00
783.19, 149.00
783.48, 146.00
783.78, 148.00
784.07, 161.00
784.37, 150.00
784.66, 151.00
784.96, 144.00
785.25, 148.00
785.55, 146.00
785.84, 151.00
786.14, 147.00
786.44, 147.00
786.73, 150.00
787.03, 149.00
787.32, 154.00
787.62, 153.00
787.91, 148.00
788.21, 153.00
788.50, 145.00
788.80, 146.00
789.09, 148.00
789.39, 152.00
789.68, 149.00
789.97, 156.00
790.27, 152.00
790.56, 148.00
790.86, 160.00
791.15, 148.00
791.45, 144.00
791.74, 168.00
792.04, 149.00
792.33, 145.00
792.62, 178.00
792.92, 147.00
793.21, 145.00
793.51, 149.00
793.80, 145.00
794.09, 145.00
794.39, 144.00
794.68, 148.00
794.98, 149.00
795.27, 143.00
795.56, 151.00
795.86, 150.00
796.15, 146.00
796.44, 148.00
796.74, 150.00
797.03, 148.00
797.32, 151.00
797.62, 148.00
797.91, 154.00
798.20, 149.00
798.50, 158.00
798.79, 153.00
799.08, 144.00
799.38, 149.00
799.67, 150.00
799.96, 158.00
800.26, 170.00
800.55, 147.00
800.84, 147.00
801.13, 146.00
801.43, 147.00
801.72, 181.00
802.01, 150.00
802.30, 144.00
802.60, 150.00
802.89, 149.00
803.18, 144.00
803.47, 148.00
803.77, 152.00
804.06, 153.00
804.35, 145.00
804.64, 166.00
804.94, 151.00
805.23, 149.00
805.52, 149.00
805.81, 148.00
806.10, 149.00
806.39, 151.00
806.69, 151.00
806.98, 147.00
807.27, 147.00
807.56, 154.00
807.85, 153.00
808.14, 145.00
808.44, 155.00
808.73, 149.00
809.02, 163.00
809.31, 152.00
809.60, 155.00
809.89, 152.00
810.18, 151.00
810.48, 157.00
810.77, 153.00
811.06, 147.00
811.35, 150.00
811.64, 152.00
811.93, 166.00
812.22, 147.00
812.51, 141.00
812.80, 145.00
813.09, 145.00
813.38, 150.00
813.67, 161.00
813.96, 150.00
814.26, 147.00
814.55, 149.00
814.84, 144.00
815.13, 153.00
815.42, 149.00
815.71, 151.00
816.00, 148.00
816.29, 155.00
816.58, 149.00
816.87, 150.00
817.16, 154.00
817.45, 153.00
817.74, 154.00
818.03, 150.00
818.32, 147.00
818.61, 149.00
818.90, 153.00
819.19, 146.00
819.48, 151.00
819.76, 148.00
820.05, 145.00
820.34, 147.00
820.63, 149.00
820.92, 151.00
821.21, 152.00
821.50, 149.00
821.79, 153.00
822.08, 145.00
822.37, 148.00
822.66, 148.00
822.95, 154.00
823.23, 149.00
823.52, 169.00
823.81, 155.00
824.10, 145.00
824.39, 147.00
824.68, 146.00
824.97, 156.00
825.26, 151.00
825.54, 189.00
825.83, 149.00
826.12, 149.00
826.41, 151.00
826.70, 144.00
826.99, 153.00
827.27, 150.00
827.56, 167.00
827.85, 147.00
828.14, 144.00
828.43, 147.00
828.71, 152.00
829.00, 148.00
829.29, 145.00
829.58, 144.00
829.86, 142.00
830.15, 144.00
830.44, 153.00
830.73, 150.00
831.01, 148.00
831.30, 147.00
831.59, 143.00
831.88, 143.00
832.16, 142.00
832.45, 153.00
832.74, 144.00
833.03, 147.00
833.31, 148.00
833.60, 145.00
833.89, 145.00
834.17, 149.00
834.46, 151.00
834.75, 143.00
835.03, 151.00
835.32, 148.00
835.61, 149.00
835.89, 164.00
836.18, 151.00
836.47, 148.00
836.75, 147.00
837.04, 153.00
837.33, 153.00
837.61, 148.00
837.90, 149.00
838.19, 148.00
838.47, 146.00
838.76, 144.00
839.04, 144.00
839.33, 146.00
839.62, 146.00
839.90, 149.00
840.19, 149.00
840.47, 146.00
840.76, 169.00
841.04, 143.00
841.33, 145.00
841.62, 150.00
841.90, 151.00
842.19, 146.00
842.47, 182.00
842.76, 148.00
843.04, 160.00
843.33, 176.00
843.61, 159.00
843.90, 161.00
844.18, 164.00
844.47, 158.00
844.75, 162.00
845.04, 163.00
845.32, 155.00
845.61, 153.00
845.89, 150.00
846.18, 159.00
846.46, 156.00
846.75, 152.00
847.03, 161.00
847.32, 145.00
847.60, 150.00
847.88, 149.00
848.17, 151.00
848.45, 164.00
848.74, 153.00
849.02, 149.00
849.31, 149.00
849.59, 147.00
849.87, 145.00
850.16, 145.00
850.44, 155.00
850.73, 171.00
851.01, 151.00
851.29, 145.00
851.58, 149.00
851.86, 139.00
852.14, 147.00
852.43, 149.00
852.71, 147.00
853.00, 150.00
853.28, 150.00
853.56, 145.00
853.85, 150.00
854.13, 148.00
854.41, 145.00
854.69, 148.00
854.98, 149.00
855.26, 197.00
855.54, 150.00
855.83, 146.00
856.11, 151.00
856.39, 146.00
856.68, 143.00
856.96, 147.00
857.24, 151.00
857.52, 149.00
857.81, 150.00
858.09, 148.00
858.37, 148.00
858.65, 146.00
858.94, 152.00
859.22, 146.00
