190.05, 0.00
190.41, 134.00
190.77, 129.00
191.14, 133.00
191.50, 137.00
191.86, 160.00
192.22, 146.00
192.58, 149.00
192.94, 145.00
193.31, 145.00
193.67, 145.00
194.03, 154.00
194.39, 145.00
194.75, 142.00
195.11, 154.00
195.47, 157.00
195.84, 143.00
196.20, 148.00
196.56, 164.00
196.92, 140.00
197.28, 149.00
197.64, 147.00
198.00, 149.00
198.37, 151.00
198.73, 140.00
199.09, 143.00
199.45, 142.00
199.81, 149.00
200.17, 154.00
200.53, 146.00
200.89, 154.00
201.25, 181.00
201.62, 146.00
201.98, 144.00
202.34, 143.00
202.70, 158.00
203.06, 139.00
203.42, 140.00
203.78, 144.00
204.14, 146.00
204.50, 167.00
204.86, 153.00
205.22, 153.00
205.58, 141.00
205.95, 144.00
206.31, 147.00
206.67, 149.00
207.03, 148.00
207.39, 153.00
207.75, 144.00
208.11, 145.00
208.47, 144.00
208.83, 148.00
209.19, 145.00
209.55, 147.00
209.91, 146.00
210.27, 149.00
210.63, 146.00
210.99, 151.00
211.35, 146.00
211.71, 152.00
212.07, 144.00
212.43, 149.00
212.79, 148.00
213.15, 143.00
213.51, 141.00
213.87, 150.00
214.23, 144.00
214.59, 144.00
214.95, 145.00
215.31, 147.00
215.67, 145.00
216.03, 174.00
216.39, 150.00
216.75, 141.00
217.11, 151.00
217.47, 150.00
217.83, 146.00
218.19, 148.00
218.55, 146.00
218.91, 150.00
219.27, 146.00
219.63, 147.00
219.99, 141.00
220.35, 145.00
220.71, 150.00
221.07, 145.00
221.43, 144.00
221.79, 146.00
222.15, 149.00
222.51, 147.00
222.87, 145.00
223.23, 143.00
223.59, 141.00
223.95, 144.00
224.31, 148.00
224.67, 146.00
225.03, 151.00
225.39, 154.00
225.74, 147.00
226.10, 146.00
226.46, 149.00
226.82, 144.00
227.18, 149.00
227.54, 144.00
227.90, 152.00
228.26, 149.00
228.62, 153.00
228.98, 149.00
229.34, 141.00
229.69, 145.00
230.05, 150.00
230.41, 145.00
230.77, 151.00
231.13, 151.00
231.49, 145.00
231.85, 141.00
232.21, 145.00
232.57, 148.00
232.92, 143.00
233.28, 147.00
233.64, 148.00
234.00, 147.00
234.36, 146.00
234.72, 146.00
235.08, 147.00
235.44, 151.00
235.79, 146.00
236.15, 146.00
236.51, 147.00
236.87, 146.00
237.23, 146.00
237.59, 148.00
237.94, 152.00
238.30, 145.00
238.66, 139.00
239.02, 144.00
239.38, 144.00
239.74, 145.00
240.09, 157.00
240.45, 145.00
240.81, 143.00
241.17, 157.00
241.53, 140.00
241.89, 145.00
242.24, 148.00
242.60, 144.00
242.96, 147.00
243.32, 144.00
243.68, 143.00
244.03, 146.00
244.39, 144.00
244.75, 168.00
245.11, 147.00
245.46, 151.00
245.82, 177.00
246.18, 147.00
246.54, 148.00
246.90, 143.00
247.25, 144.00
247.61, 145.00
247.97, 181.00
248.33, 143.00
248.68, 140.00
249.04, 141.00
249.40, 140.00
249.76, 150.00
250.11, 142.00
250.47, 148.00
250.83, 151.00
251.19, 145.00
251.54, 151.00
251.90, 144.00
252.26, 142.00
252.62, 144.00
252.97, 139.00
253.33, 138.00
253.69, 142.00
254.05, 147.00
254.40, 144.00
254.76, 138.00
255.12, 169.00
255.47, 151.00
255.83, 149.00
256.19, 147.00
256.54, 149.00
256.90, 146.00
257.26, 144.00
257.62, 148.00
257.97, 146.00
258.33, 145.00
258.69, 144.00
259.04, 141.00
259.40, 139.00
259.76, 145.00
260.11, 143.00
260.47, 143.00
260.83, 148.00
261.18, 147.00
261.54, 151.00
261.90, 149.00
262.25, 146.00
262.61, 144.00
262.97, 143.00
263.32, 141.00
263.68, 143.00
264.04, 147.00
264.39, 146.00
264.75, 143.00
265.10, 148.00
265.46, 194.00
265.82, 162.00
266.17, 144.00
266.53, 144.00
266.89, 148.00
267.24, 154.00
267.60, 148.00
267.95, 144.00
268.31, 136.00
268.67, 138.00
269.02, 147.00
269.38, 138.00
269.74, 152.00
270.09, 145.00
270.45, 139.00
270.80, 168.00
271.16, 145.00
271.51, 149.00
271.87, 153.00
272.23, 152.00
272.58, 152.00
272.94, 143.00
273.29, 143.00
273.65, 190.00
274.00, 143.00
274.36, 144.00
274.72, 144.00
275.07, 142.00
275.43, 142.00
275.78, 148.00
276.14, 143.00
276.49, 142.00
276.85, 154.00
277.20, 163.00
277.56, 145.00
277.92, 143.00
278.27, 149.00
278.63, 153.00
278.98, 143.00
279.34, 144.00
279.69, 142.00
280.05, 164.00
280.40, 149.00
280.76, 153.00
281.11, 143.00
281.47, 140.00
281.82, 144.00
282.18, 139.00
282.53, 148.00
282.89, 154.00
283.24, 144.00
283.60, 145.00
283.95, 147.00
284.31, 144.00
284.66, 144.00
285.02, 144.00
285.37, 144.00
285.73, 144.00
286.08, 153.00
286.44, 143.00
286.79, 152.00
287.14, 154.00
287.50, 149.00
287.85, 145.00
288.21, 148.00
288.56, 142.00
288.92, 145.00
289.27, 142.00
289.63, 138.00
289.98, 146.00
290.34, 142.00
290.69, 152.00
291.04, 141.00
291.40, 145.00
291.75, 144.00
292.11, 152.00
292.46, 142.00
292.81, 148.00
293.17, 142.00
293.52, 148.00
293.88, 142.00
294.23, 142.00
294.59, 146.00
294.94, 142.00
295.29, 145.00
295.65, 147.00
296.00, 166.00
296.36, 147.00
296.71, 146.00
297.06, 143.00
297.42, 142.00
297.77, 145.00
298.12, 145.00
298.48, 150.00
298.83, 149.00
299.19, 140.00
299.54, 148.00
299.89, 143.00
300.25, 143.00
300.60, 151.00
300.95, 148.00
301.31, 147.00
301.66, 139.00
302.01, 138.00
302.37, 145.00
302.72, 143.00
303.07, 145.00
303.43, 145.00
303.78, 142.00
304.13, 149.00
304.49, 145.00
304.84, 150.00
305.19, 177.00
305.55, 146.00
305.90, 145.00
306.25, 142.00
306.61, 147.00
306.96, 148.00
307.31, 142.00
307.66, 146.00
308.02, 147.00
308.37, 153.00
308.72, 149.00
309.08, 144.00
309.43, 144.00
309.78, 146.00
310.13, 141.00
310.49, 157.00
310.84, 146.00
311.19, 152.00
311.54, 149.00
311.90, 146.00
312.25, 147.00
312.60, 147.00
312.95, 146.00
313.31, 145.00
313.66, 145.00
314.01, 156.00
314.36, 159.00
314.72, 141.00
315.07, 138.00
315.42, 141.00
315.77, 174.00
316.13, 139.00
316.48, 140.00
316.83, 142.00
317.18, 145.00
317.54, 140.00
317.89, 143.00
318.24, 143.00
318.59, 143.00
318.94, 142.00
319.30, 141.00
319.65, 147.00
320.00, 145.00
320.35, 145.00
320.70, 143.00
321.05, 141.00
321.41, 139.00
321.76, 144.00
322.11, 142.00
322.46, 141.00
322.81, 179.00
323.17, 149.00
323.52, 142.00
323.87, 141.00
324.22, 145.00
324.57, 145.00
324.92, 147.00
325.27, 140.00
325.63, 149.00
325.98, 146.00
326.33, 146.00
326.68, 142.00
327.03, 138.00
327.38, 137.00
327.73, 139.00
328.09, 145.00
328.44, 170.00
328.79, 141.00
329.14, 177.00
329.49, 148.00
329.84, 146.00
330.19, 149.00
330.54, 139.00
330.89, 145.00
331.25, 143.00
331.60, 150.00
331.95, 143.00
332.30, 143.00
332.65, 142.00
333.00, 148.00
333.35, 184.00
333.70, 190.00
334.05, 151.00
334.40, 150.00
334.75, 145.00
335.10, 146.00
335.45, 146.00
335.81, 141.00
336.16, 147.00
336.51, 144.00
336.86, 141.00
337.21, 141.00
337.56, 152.00
337.91, 143.00
338.26, 138.00
338.61, 149.00
338.96, 146.00
339.31, 138.00
339.66, 142.00
340.01, 150.00
340.36, 145.00
340.71, 145.00
341.06, 142.00
341.41, 145.00
341.76, 140.00
342.11, 143.00
342.46, 147.00
342.81, 148.00
343.16, 143.00
343.51, 141.00
343.86, 149.00
344.21, 146.00
344.56, 145.00
344.91, 138.00
345.26, 150.00
345.61, 142.00
345.96, 142.00
346.31, 145.00
346.66, 165.00
347.01, 143.00
347.36, 164.00
347.71, 142.00
348.06, 146.00
348.41, 160.00
348.76, 158.00
349.10, 143.00
349.45, 150.00
349.80, 147.00
350.15, 147.00
350.50, 150.00
350.85, 150.00
351.20, 143.00
351.55, 155.00
351.90, 149.00
352.25, 141.00
352.60, 141.00
352.95, 147.00
353.30, 160.00
353.64, 144.00
353.99, 141.00
354.34, 141.00
354.69, 143.00
355.04, 141.00
355.39, 143.00
355.74, 144.00
356.09, 145.00
356.44, 144.00
356.78, 143.00
357.13, 145.00
357.48, 141.00
357.83, 144.00
358.18, 141.00
358.53, 151.00
358.88, 145.00
359.22, 160.00
359.57, 146.00
359.92, 141.00
360.27, 143.00
360.62, 141.00
360.97, 135.00
361.32, 147.00
361.66, 141.00
362.01, 141.00
362.36, 140.00
362.71, 144.00
363.06, 141.00
363.40, 143.00
363.75, 141.00
364.10, 149.00
364.45, 144.00
364.80, 149.00
365.14, 145.00
365.49, 149.00
365.84, 151.00
366.19, 141.00
366.54, 142.00
366.88, 161.00
367.23, 142.00
367.58, 191.00
367.93, 141.00
368.28, 143.00
368.62, 141.00
368.97, 149.00
369.32, 152.00
369.67, 144.00
370.01, 151.00
370.36, 142.00
370.71, 164.00
371.06, 148.00
371.40, 153.00
371.75, 143.00
372.10, 140.00
372.45, 144.00
372.79, 141.00
373.14, 143.00
373.49, 142.00
373.83, 142.00
374.18, 140.00
374.53, 140.00
374.88, 145.00
375.22, 140.00
375.57, 144.00
375.92, 147.00
376.26, 148.00
376.61, 152.00
376.96, 142.00
377.30, 151.00
377.65, 152.00
378.00, 144.00
378.35, 144.00
378.69, 149.00
379.04, 142.00
379.39, 144.00
379.73, 146.00
380.08, 146.00
380.43, 142.00
380.77, 142.00
381.12, 147.00
381.47, 147.00
381.81, 141.00
382.16, 144.00
382.50, 151.00
382.85, 215.00
383.20, 146.00
383.54, 141.00
383.89, 141.00
384.24, 143.00
384.58, 143.00
384.93, 163.00
385.27, 150.00
385.62, 145.00
385.97, 150.00
386.31, 141.00
386.66, 173.00
387.00, 150.00
387.35, 142.00
387.70, 144.00
388.04, 206.00
388.39, 146.00
388.73, 142.00
389.08, 139.00
389.43, 138.00
389.77, 144.00
390.12, 138.00
390.46, 144.00
390.81, 142.00
391.15, 142.00
391.50, 144.00
391.85, 141.00
392.19, 143.00
392.54, 145.00
392.88, 145.00
393.23, 142.00
393.57, 150.00
393.92, 143.00
394.26, 141.00
394.61, 144.00
394.95, 143.00
395.30, 142.00
395.64, 143.00
395.99, 180.00
396.33, 151.00
396.68, 140.00
397.02, 142.00
397.37, 146.00
397.71, 143.00
398.06, 147.00
398.40, 144.00
398.75, 141.00
399.09, 144.00
399.44, 139.00
399.78, 140.00
400.13, 140.00
400.47, 137.00
400.82, 142.00
401.16, 140.00
401.51, 148.00
401.85, 144.00
402.20, 146.00
402.54, 142.00
402.88, 145.00
403.23, 142.00
403.57, 153.00
403.92, 174.00
404.26, 223.00
404.61, 175.00
404.95, 197.00
405.30, 155.00
405.64, 145.00
405.98, 178.00
406.33, 155.00
406.67, 144.00
407.02, 148.00
407.36, 147.00
407.70, 153.00
408.05, 142.00
408.39, 151.00
408.74, 143.00
409.08, 147.00
409.42, 148.00
409.77, 139.00
410.11, 149.00
410.46, 145.00
410.80, 140.00
411.14, 144.00
411.49, 142.00
411.83, 152.00
412.17, 138.00
412.52, 140.00
412.86, 147.00
413.20, 148.00
413.55, 145.00
413.89, 144.00
414.23, 149.00
414.58, 187.00
414.92, 147.00
415.26, 144.00
415.61, 151.00
415.95, 144.00
416.29, 147.00
416.64, 141.00
416.98, 142.00
417.32, 147.00
417.67, 155.00
418.01, 155.00
418.35, 153.00
418.70, 145.00
419.04, 158.00
419.38, 142.00
419.72, 143.00
420.07, 150.00
420.41, 142.00
420.75, 148.00
421.10, 142.00
421.44, 145.00
421.78, 142.00
422.12, 147.00
422.47, 145.00
422.81, 141.00
423.15, 150.00
423.49, 148.00
423.84, 141.00
424.18, 146.00
424.52, 140.00
424.86, 143.00
425.21, 155.00
425.55, 145.00
425.89, 148.00
426.23, 159.00
426.57, 149.00
426.92, 150.00
427.26, 147.00
427.60, 147.00
427.94, 148.00
428.28, 153.00
428.63, 143.00
428.97, 145.00
429.31, 150.00
429.65, 151.00
429.99, 158.00
430.34, 147.00
430.68, 152.00
431.02, 158.00
431.36, 144.00
431.70, 148.00
432.04, 149.00
432.39, 146.00
432.73, 159.00
433.07, 151.00
433.41, 144.00
433.75, 153.00
434.09, 156.00
434.43, 166.00
434.78, 233.00
435.12, 289.00
435.46, 325.00
435.80, 293.00
436.14, 246.00
436.48, 210.00
436.82, 194.00
437.16, 173.00
437.51, 158.00
437.85, 149.00
438.19, 190.00
438.53, 153.00
438.87, 169.00
439.21, 153.00
439.55, 161.00
439.89, 155.00
440.23, 150.00
440.57, 155.00
440.91, 155.00
441.26, 149.00
441.60, 146.00
441.94, 148.00
442.28, 155.00
442.62, 156.00
442.96, 151.00
443.30, 159.00
443.64, 157.00
443.98, 153.00
444.32, 161.00
444.66, 154.00
445.00, 156.00
445.34, 157.00
445.68, 153.00
446.02, 154.00
446.36, 148.00
446.70, 150.00
447.04, 154.00
447.38, 171.00
447.72, 143.00
448.06, 149.00
448.40, 150.00
448.74, 152.00
449.08, 154.00
449.42, 151.00
449.76, 156.00
450.10, 151.00
450.44, 149.00
450.78, 152.00
451.12, 149.00
451.46, 157.00
451.80, 157.00
452.14, 153.00
452.48, 158.00
452.82, 158.00
453.16, 152.00
453.50, 157.00
453.84, 152.00
454.18, 194.00
454.52, 159.00
454.86, 152.00
455.19, 166.00
455.53, 155.00
455.87, 151.00
456.21, 160.00
456.55, 151.00
456.89, 153.00
457.23, 154.00
457.57, 150.00
457.91, 155.00
458.25, 151.00
458.59, 151.00
458.92, 152.00
459.26, 153.00
459.60, 154.00
459.94, 149.00
460.28, 143.00
460.62, 151.00
460.96, 148.00
461.30, 148.00
461.63, 150.00
461.97, 149.00
462.31, 152.00
462.65, 152.00
462.99, 156.00
463.33, 156.00
463.67, 151.00
464.00, 152.00
464.34, 151.00
464.68, 150.00
465.02, 164.00
465.36, 162.00
465.70, 152.00
466.03, 155.00
466.37, 150.00
466.71, 149.00
467.05, 153.00
467.39, 157.00
467.72, 153.00
468.06, 152.00
468.40, 148.00
468.74, 148.00
469.08, 151.00
469.41, 150.00
469.75, 150.00
470.09, 150.00
470.43, 150.00
470.76, 149.00
471.10, 151.00
471.44, 154.00
471.78, 153.00
472.11, 147.00
472.45, 152.00
472.79, 153.00
473.13, 149.00
473.46, 155.00
473.80, 146.00
474.14, 149.00
474.48, 153.00
474.81, 147.00
475.15, 150.00
475.49, 161.00
475.82, 157.00
476.16, 159.00
476.50, 148.00
476.84, 155.00
477.17, 151.00
477.51, 150.00
477.85, 153.00
478.18, 165.00
478.52, 151.00
478.86, 201.00
479.19, 165.00
479.53, 157.00
479.87, 192.00
480.20, 156.00
480.54, 158.00
480.88, 155.00
481.21, 160.00
481.55, 156.00
481.89, 157.00
482.22, 163.00
482.56, 179.00
482.90, 165.00
483.23, 174.00
483.57, 174.00
483.90, 185.00
484.24, 191.00
484.58, 203.00
484.91, 204.00
485.25, 209.00
485.58, 212.00
485.92, 224.00
486.26, 221.00
486.59, 226.00
486.93, 226.00
487.26, 221.00
487.60, 233.00
487.94, 223.00
488.27, 227.00
488.61, 221.00
488.94, 221.00
489.28, 222.00
489.61, 217.00
489.95, 213.00
490.29, 219.00
490.62, 218.00
490.96, 202.00
491.29, 217.00
491.63, 206.00
491.96, 204.00
492.30, 195.00
492.63, 207.00
492.97, 197.00
493.30, 189.00
493.64, 207.00
493.97, 190.00
494.31, 191.00
494.64, 193.00
494.98, 190.00
495.31, 189.00
495.65, 179.00
495.98, 187.00
496.32, 186.00
496.65, 218.00
496.99, 182.00
497.32, 174.00
497.66, 173.00
497.99, 171.00
498.33, 172.00
498.66, 175.00
499.00, 170.00
499.33, 171.00
499.67, 167.00
500.00, 161.00
500.34, 162.00
500.67, 164.00
501.00, 155.00
501.34, 152.00
501.67, 153.00
502.01, 150.00
502.34, 150.00
502.68, 154.00
503.01, 160.00
503.34, 150.00
503.68, 149.00
504.01, 149.00
504.35, 146.00
504.68, 148.00
505.01, 148.00
505.35, 152.00
505.68, 152.00
506.02, 150.00
506.35, 146.00
506.68, 156.00
507.02, 146.00
507.35, 146.00
507.68, 148.00
508.02, 151.00
508.35, 152.00
508.69, 146.00
509.02, 143.00
509.35, 154.00
509.69, 150.00
510.02, 156.00
510.35, 149.00
510.69, 146.00
511.02, 146.00
511.35, 148.00
511.69, 150.00
512.02, 149.00
512.35, 144.00
512.68, 148.00
513.02, 150.00
513.35, 145.00
513.68, 141.00
514.02, 149.00
514.35, 148.00
514.68, 155.00
515.01, 148.00
515.35, 152.00
515.68, 145.00
516.01, 150.00
516.35, 145.00
516.68, 147.00
517.01, 148.00
517.34, 151.00
517.68, 140.00
518.01, 154.00
518.34, 148.00
518.67, 144.00
519.01, 148.00
519.34, 146.00
519.67, 154.00
520.00, 143.00
520.33, 150.00
520.67, 147.00
521.00, 143.00
521.33, 146.00
521.66, 149.00
522.00, 139.00
522.33, 144.00
522.66, 150.00
522.99, 145.00
523.32, 161.00
523.65, 148.00
523.99, 147.00
524.32, 150.00
524.65, 149.00
524.98, 149.00
525.31, 143.00
525.65, 175.00
525.98, 149.00
526.31, 145.00
526.64, 154.00
526.97, 147.00
527.30, 149.00
527.63, 144.00
527.97, 148.00
528.30, 144.00
528.63, 157.00
528.96, 170.00
529.29, 146.00
529.62, 151.00
529.95, 145.00
530.28, 139.00
530.61, 145.00
530.95, 148.00
531.28, 147.00
531.61, 149.00
531.94, 149.00
532.27, 151.00
532.60, 149.00
532.93, 163.00
533.26, 151.00
533.59, 152.00
533.92, 160.00
534.25, 155.00
534.58, 188.00
534.91, 161.00
535.25, 152.00
535.58, 158.00
535.91, 156.00
536.24, 163.00
536.57, 171.00
536.90, 167.00
537.23, 179.00
537.56, 216.00
537.89, 194.00
538.22, 189.00
538.55, 192.00
538.88, 203.00
539.21, 331.00
539.54, 229.00
539.87, 239.00
540.20, 263.00
540.53, 304.00
540.86, 376.00
541.19, 399.00
541.52, 429.00
541.85, 458.00
542.18, 478.00
542.51, 492.00
542.84, 492.00
543.17, 488.00
543.50, 490.00
543.82, 485.00
544.15, 469.00
544.48, 457.00
544.81, 506.00
545.14, 535.00
545.47, 497.00
545.80, 492.00
546.13, 396.00
546.46, 406.00
546.79, 362.00
547.12, 296.00
547.45, 281.00
547.78, 274.00
548.10, 268.00
548.43, 259.00
548.76, 241.00
549.09, 238.00
549.42, 236.00
549.75, 226.00
550.08, 226.00
550.41, 218.00
550.74, 227.00
551.06, 213.00
551.39, 216.00
551.72, 212.00
552.05, 199.00
552.38, 200.00
552.71, 192.00
553.03, 188.00
553.36, 179.00
553.69, 183.00
554.02, 167.00
554.35, 170.00
554.68, 156.00
555.00, 165.00
555.33, 158.00
555.66, 155.00
555.99, 174.00
556.32, 152.00
556.64, 148.00
556.97, 166.00
557.30, 150.00
557.63, 152.00
557.96, 152.00
558.28, 154.00
558.61, 149.00
558.94, 153.00
559.27, 152.00
559.59, 146.00
559.92, 144.00
560.25, 146.00
560.58, 145.00
560.90, 150.00
561.23, 148.00
561.56, 150.00
561.89, 146.00
562.21, 147.00
562.54, 146.00
562.87, 142.00
563.20, 156.00
563.52, 147.00
563.85, 147.00
564.18, 162.00
564.50, 152.00
564.83, 181.00
565.16, 203.00
565.48, 151.00
565.81, 150.00
566.14, 143.00
566.47, 146.00
566.79, 152.00
567.12, 142.00
567.45, 175.00
567.77, 145.00
568.10, 150.00
568.43, 147.00
568.75, 149.00
569.08, 146.00
569.40, 186.00
569.73, 153.00
570.06, 144.00
570.38, 147.00
570.71, 144.00
571.04, 143.00
571.36, 150.00
571.69, 148.00
572.01, 148.00
572.34, 143.00
572.67, 146.00
572.99, 149.00
573.32, 165.00
573.64, 153.00
573.97, 145.00
574.30, 147.00
574.62, 147.00
574.95, 147.00
575.27, 155.00
575.60, 160.00
575.92, 163.00
576.25, 176.00
576.58, 177.00
576.90, 171.00
577.23, 202.00
577.55, 169.00
577.88, 175.00
578.20, 175.00
578.53, 177.00
578.85, 198.00
579.18, 197.00
579.50, 187.00
579.83, 191.00
580.15, 189.00
580.48, 191.00
580.80, 191.00
581.13, 196.00
581.45, 182.00
581.78, 189.00
582.10, 205.00
582.43, 203.00
582.75, 212.00
583.08, 206.00
583.40, 207.00
583.73, 274.00
584.05, 214.00
584.38, 200.00
584.70, 245.00
585.03, 203.00
585.35, 202.00
585.67, 208.00
586.00, 218.00
586.32, 220.00
586.65, 228.00
586.97, 225.00
587.30, 222.00
587.62, 210.00
587.94, 223.00
588.27, 201.00
588.59, 194.00
588.92, 191.00
589.24, 188.00
589.56, 190.00
589.89, 189.00
590.21, 185.00
590.54, 182.00
590.86, 180.00
591.18, 182.00
591.51, 187.00
591.83, 204.00
592.15, 203.00
592.48, 196.00
592.80, 195.00
593.13, 188.00
593.45, 186.00
593.77, 185.00
594.10, 180.00
594.42, 180.00
594.74, 173.00
595.07, 172.00
595.39, 156.00
595.71, 167.00
596.03, 156.00
596.36, 157.00
596.68, 156.00
597.00, 163.00
597.33, 159.00
597.65, 168.00
597.97, 171.00
598.30, 168.00
598.62, 176.00
598.94, 180.00
599.26, 173.00
599.59, 174.00
599.91, 174.00
600.23, 168.00
600.55, 170.00
600.88, 167.00
601.20, 159.00
601.52, 158.00
601.84, 154.00
602.17, 159.00
602.49, 156.00
602.81, 156.00
603.13, 162.00
603.45, 165.00
603.78, 155.00
604.10, 154.00
604.42, 157.00
604.74, 158.00
605.07, 161.00
605.39, 156.00
605.71, 158.00
606.03, 168.00
606.35, 155.00
606.67, 183.00
607.00, 176.00
607.32, 174.00
607.64, 178.00
607.96, 180.00
608.28, 184.00
608.60, 203.00
608.93, 214.00
609.25, 267.00
609.57, 317.00
609.89, 421.00
610.21, 524.00
610.53, 567.00
610.85, 574.00
611.17, 518.00
611.50, 492.00
611.82, 458.00
612.14, 418.00
612.46, 394.00
612.78, 355.00
613.10, 337.00
613.42, 308.00
613.74, 302.00
614.06, 313.00
614.38, 263.00
614.70, 249.00
615.03, 236.00
615.35, 231.00
615.67, 321.00
615.99, 210.00
616.31, 198.00
616.63, 202.00
616.95, 193.00
617.27, 184.00
617.59, 187.00
617.91, 186.00
618.23, 187.00
618.55, 184.00
618.87, 187.00
619.19, 189.00
619.51, 189.00
619.83, 191.00
620.15, 189.00
620.47, 189.00
620.79, 179.00
621.11, 196.00
621.43, 180.00
621.75, 196.00
622.07, 185.00
622.39, 180.00
622.71, 184.00
623.03, 183.00
623.35, 227.00
623.67, 179.00
623.99, 173.00
624.31, 175.00
624.63, 181.00
624.95, 179.00
625.26, 178.00
625.58, 176.00
625.90, 204.00
626.22, 175.00
626.54, 175.00
626.86, 178.00
627.18, 174.00
627.50, 178.00
627.82, 172.00
628.14, 176.00
628.46, 177.00
628.77, 181.00
629.09, 178.00
629.41, 198.00
629.73, 200.00
630.05, 212.00
630.37, 209.00
630.69, 211.00
631.00, 201.00
631.32, 196.00
631.64, 173.00
631.96, 171.00
632.28, 167.00
632.60, 164.00
632.92, 165.00
633.23, 162.00
633.55, 158.00
633.87, 151.00
634.19, 149.00
634.51, 154.00
634.82, 157.00
635.14, 159.00
635.46, 149.00
635.78, 151.00
636.10, 145.00
636.41, 148.00
636.73, 144.00
637.05, 149.00
637.37, 151.00
637.68, 152.00
638.00, 150.00
638.32, 143.00
638.64, 148.00
638.95, 157.00
639.27, 147.00
639.59, 148.00
639.91, 142.00
640.22, 149.00
640.54, 148.00
640.86, 145.00
641.18, 155.00
641.49, 170.00
641.81, 151.00
642.13, 157.00
642.44, 150.00
642.76, 152.00
643.08, 144.00
643.40, 145.00
643.71, 153.00
644.03, 146.00
644.35, 152.00
644.66, 157.00
644.98, 143.00
645.30, 145.00
645.61, 169.00
645.93, 145.00
646.25, 154.00
646.56, 155.00
646.88, 183.00
647.19, 151.00
647.51, 157.00
647.83, 149.00
648.14, 150.00
648.46, 147.00
648.78, 153.00
649.09, 160.00
649.41, 201.00
649.72, 159.00
650.04, 164.00
650.36, 154.00
650.67, 156.00
650.99, 157.00
651.30, 153.00
651.62, 150.00
651.93, 147.00
652.25, 168.00
652.57, 191.00
652.88, 149.00
653.20, 156.00
653.51, 152.00
653.83, 155.00
654.14, 147.00
654.46, 152.00
654.77, 152.00
655.09, 148.00
655.40, 161.00
655.72, 147.00
656.04, 146.00
656.35, 151.00
656.67, 144.00
656.98, 151.00
657.30, 150.00
657.61, 150.00
657.93, 148.00
658.24, 147.00
658.55, 186.00
658.87, 146.00
659.18, 145.00
659.50, 143.00
659.81, 153.00
660.13, 147.00
660.44, 147.00
660.76, 151.00
661.07, 168.00
661.39, 151.00
661.70, 152.00
662.01, 157.00
662.33, 150.00
662.64, 152.00
662.96, 153.00
663.27, 147.00
663.59, 147.00
663.90, 147.00
664.21, 149.00
664.53, 167.00
664.84, 151.00
665.16, 170.00
665.47, 151.00
665.78, 147.00
666.10, 155.00
666.41, 143.00
666.72, 145.00
667.04, 154.00
667.35, 151.00
667.67, 149.00
667.98, 153.00
668.29, 145.00
668.61, 146.00
668.92, 146.00
669.23, 142.00
669.55, 148.00
669.86, 179.00
670.17, 153.00
670.48, 150.00
670.80, 150.00
671.11, 147.00
671.42, 141.00
671.74, 151.00
672.05, 146.00
672.36, 148.00
672.68, 150.00
672.99, 143.00
673.30, 145.00
673.61, 142.00
673.93, 144.00
674.24, 145.00
674.55, 145.00
674.86, 148.00
675.18, 146.00
675.49, 150.00
675.80, 144.00
676.11, 146.00
676.43, 148.00
676.74, 145.00
677.05, 151.00
677.36, 154.00
677.67, 146.00
677.99, 146.00
678.30, 149.00
678.61, 153.00
678.92, 149.00
679.23, 153.00
679.55, 146.00
679.86, 149.00
680.17, 147.00
680.48, 161.00
680.79, 152.00
681.10, 144.00
681.42, 150.00
681.73, 147.00
682.04, 146.00
682.35, 143.00
682.66, 146.00
682.97, 141.00
683.28, 150.00
683.60, 153.00
683.91, 149.00
684.22, 166.00
684.53, 147.00
684.84, 151.00
685.15, 147.00
685.46, 172.00
685.77, 148.00
686.08, 150.00
686.40, 189.00
686.71, 153.00
687.02, 155.00
687.33, 156.00
687.64, 149.00
687.95, 150.00
688.26, 150.00
688.57, 151.00
688.88, 150.00
689.19, 148.00
689.50, 148.00
689.81, 153.00
690.12, 145.00
690.43, 159.00
690.74, 139.00
691.05, 143.00
691.36, 159.00
691.67, 142.00
691.98, 146.00
692.29, 146.00
692.60, 153.00
692.91, 152.00
693.22, 146.00
693.53, 149.00
693.84, 157.00
694.15, 144.00
694.46, 143.00
694.77, 138.00
695.08, 147.00
695.39, 146.00
695.70, 146.00
696.01, 148.00
696.32, 144.00
696.63, 141.00
696.94, 144.00
697.25, 144.00
697.56, 155.00
697.87, 151.00
698.17, 189.00
698.48, 149.00
698.79, 141.00
699.10, 139.00
699.41, 150.00
699.72, 145.00
700.03, 146.00
700.34, 143.00
700.65, 149.00
700.95, 142.00
701.26, 144.00
701.57, 140.00
701.88, 141.00
702.19, 156.00
702.50, 147.00
702.81, 144.00
703.11, 161.00
703.42, 147.00
703.73, 150.00
704.04, 147.00
704.35, 154.00
704.66, 151.00
704.96, 139.00
705.27, 151.00
705.58, 157.00
705.89, 154.00
706.20, 153.00
706.50, 152.00
706.81, 158.00
707.12, 155.00
707.43, 160.00
707.73, 166.00
708.04, 161.00
708.35, 170.00
708.66, 159.00
708.97, 154.00
709.27, 161.00
709.58, 155.00
709.89, 151.00
710.19, 152.00
710.50, 159.00
710.81, 148.00
711.12, 159.00
711.42, 157.00
711.73, 160.00
712.04, 155.00
712.35, 157.00
712.65, 150.00
712.96, 152.00
713.27, 148.00
713.57, 176.00
713.88, 165.00
714.19, 146.00
714.49, 144.00
714.80, 144.00
715.11, 142.00
715.41, 142.00
715.72, 139.00
716.03, 138.00
716.33, 156.00
716.64, 143.00
716.94, 148.00
717.25, 143.00
717.56, 150.00
717.86, 144.00
718.17, 144.00
718.48, 147.00
718.78, 145.00
719.09, 143.00
719.39, 141.00
719.70, 143.00
720.01, 141.00
720.31, 144.00
720.62, 138.00
720.92, 146.00
721.23, 149.00
721.53, 148.00
721.84, 140.00
722.15, 150.00
722.45, 143.00
722.76, 144.00
723.06, 147.00
723.37, 143.00
723.67, 143.00
723.98, 146.00
724.28, 143.00
724.59, 150.00
724.89, 150.00
725.20, 141.00
725.50, 150.00
725.81, 143.00
726.11, 143.00
726.42, 140.00
726.72, 139.00
727.03, 168.00
727.33, 146.00
727.64, 147.00
727.94, 141.00
728.25, 142.00
728.55, 142.00
728.86, 160.00
729.16, 145.00
729.46, 147.00
729.77, 147.00
730.07, 141.00
730.38, 140.00
730.68, 140.00
730.99, 152.00
731.29, 139.00
731.59, 148.00
731.90, 142.00
732.20, 144.00
732.51, 144.00
732.81, 145.00
733.11, 150.00
733.42, 142.00
733.72, 153.00
734.02, 150.00
734.33, 143.00
734.63, 143.00
734.94, 137.00
735.24, 142.00
735.54, 144.00
735.85, 140.00
736.15, 142.00
736.45, 145.00
736.76, 144.00
737.06, 144.00
737.36, 146.00
737.67, 143.00
737.97, 144.00
738.27, 148.00
738.57, 143.00
738.88, 144.00
739.18, 186.00
739.48, 146.00
739.79, 140.00
740.09, 142.00
740.39, 143.00
740.69, 158.00
741.00, 143.00
741.30, 150.00
741.60, 145.00
741.90, 144.00
742.21, 145.00
742.51, 189.00
742.81, 147.00
743.11, 141.00
743.42, 168.00
743.72, 142.00
744.02, 144.00
744.32, 148.00
744.63, 150.00
744.93, 149.00
745.23, 143.00
745.53, 151.00
745.83, 138.00
746.13, 140.00
746.44, 140.00
746.74, 142.00
747.04, 140.00
747.34, 138.00
747.64, 143.00
747.94, 141.00
748.25, 145.00
748.55, 146.00
748.85, 138.00
749.15, 146.00
749.45, 167.00
749.75, 151.00
750.05, 150.00
750.35, 147.00
750.66, 155.00
750.96, 148.00
751.26, 138.00
751.56, 147.00
751.86, 152.00
752.16, 143.00
752.46, 148.00
752.76, 149.00
753.06, 143.00
753.36, 190.00
753.66, 140.00
753.96, 150.00
754.27, 146.00
754.57, 141.00
754.87, 145.00
755.17, 140.00
755.47, 143.00
755.77, 147.00
756.07, 141.00
756.37, 143.00
756.67, 145.00
756.97, 147.00
757.27, 147.00
757.57, 141.00
757.87, 147.00
758.17, 140.00
758.47, 146.00
758.77, 153.00
759.07, 145.00
759.37, 147.00
759.67, 143.00
759.97, 154.00
760.27, 143.00
760.57, 142.00
760.86, 141.00
761.16, 143.00
761.46, 141.00
761.76, 173.00
762.06, 144.00
762.36, 152.00
762.66, 148.00
762.96, 146.00
763.26, 146.00
763.56, 176.00
763.86, 152.00
764.16, 146.00
764.45, 160.00
764.75, 150.00
765.05, 149.00
765.35, 143.00
765.65, 148.00
765.95, 145.00
766.25, 145.00
766.55, 150.00
766.84, 146.00
767.14, 142.00
767.44, 144.00
767.74, 145.00
768.04, 149.00
768.34, 143.00
768.63, 144.00
768.93, 140.00
769.23, 146.00
769.53, 145.00
769.83, 144.00
770.12, 142.00
770.42, 142.00
770.72, 142.00
771.02, 143.00
771.32, 142.00
771.61, 149.00
771.91, 152.00
772.21, 147.00
772.51, 148.00
772.80, 145.00
773.10, 148.00
773.40, 149.00
773.70, 146.00
773.99, 144.00
774.29, 149.00
774.59, 146.00
774.88, 143.00
775.18, 142.00
775.48, 148.00
775.78, 143.00
776.07, 141.00
776.37, 141.00
776.67, 138.00
776.96, 143.00
777.26, 192.00
777.56, 141.00
777.85, 140.00
778.15, 142.00
778.45, 150.00
778.74, 146.00
779.04, 149.00
779.34, 140.00
779.63, 147.00
779.93, 150.00
780.22, 149.00
780.52, 141.00
780.82, 141.00
781.11, 146.00
781.41, 145.00
781.71, 141.00
782.00, 142.00
782.30, 146.00
782.59, 152.00
782.89, 147.00
783.19, 143.00
783.48, 146.00
783.78, 139.00
784.07, 155.00
784.37, 151.00
784.66, 146.00
784.96, 141.00
785.25, 145.00
785.55, 145.00
785.84, 145.00
786.14, 144.00
786.44, 146.00
786.73, 142.00
787.03, 145.00
787.32, 145.00
787.62, 144.00
787.91, 144.00
788.21, 144.00
788.50, 139.00
788.80, 136.00
789.09, 147.00
789.39, 149.00
789.68, 146.00
789.97, 157.00
790.27, 146.00
790.56, 145.00
790.86, 152.00
791.15, 149.00
791.45, 144.00
791.74, 165.00
792.04, 145.00
792.33, 145.00
792.62, 173.00
792.92, 144.00
793.21, 145.00
793.51, 149.00
793.80, 144.00
794.09, 146.00
794.39, 139.00
794.68, 144.00
794.98, 145.00
795.27, 143.00
795.56, 141.00
795.86, 150.00
796.15, 145.00
796.44, 148.00
796.74, 146.00
797.03, 142.00
797.32, 141.00
797.62, 139.00
797.91, 153.00
798.20, 143.00
798.50, 153.00
798.79, 151.00
799.08, 141.00
799.38, 145.00
799.67, 142.00
799.96, 149.00
800.26, 163.00
800.55, 143.00
800.84, 145.00
801.13, 146.00
801.43, 146.00
801.72, 179.00
802.01, 142.00
802.30, 140.00
802.60, 141.00
802.89, 147.00
803.18, 145.00
803.47, 142.00
803.77, 146.00
804.06, 151.00
804.35, 147.00
804.64, 164.00
804.94, 141.00
805.23, 144.00
805.52, 147.00
805.81, 141.00
806.10, 143.00
806.39, 142.00
806.69, 141.00
806.98, 145.00
807.27, 145.00
807.56, 146.00
807.85, 144.00
808.14, 145.00
808.44, 153.00
808.73, 140.00
809.02, 161.00
809.31, 145.00
809.60, 148.00
809.89, 149.00
810.18, 142.00
810.48, 148.00
810.77, 145.00
811.06, 143.00
811.35, 138.00
811.64, 149.00
811.93, 162.00
812.22, 145.00
812.51, 142.00
812.80, 146.00
813.09, 144.00
813.38, 147.00
813.67, 167.00
813.96, 146.00
814.26, 142.00
814.55, 145.00
814.84, 147.00
815.13, 149.00
815.42, 145.00
815.71, 150.00
816.00, 145.00
816.29, 146.00
816.58, 149.00
816.87, 140.00
817.16, 139.00
817.45, 145.00
817.74, 144.00
818.03, 141.00
818.32, 152.00
818.61, 144.00
818.90, 147.00
819.19, 141.00
819.48, 138.00
819.76, 140.00
820.05, 141.00
820.34, 146.00
820.63, 140.00
820.92, 141.00
821.21, 144.00
821.50, 144.00
821.79, 142.00
822.08, 145.00
822.37, 146.00
822.66, 141.00
822.95, 142.00
823.23, 145.00
823.52, 159.00
823.81, 151.00
824.10, 145.00
824.39, 147.00
824.68, 144.00
824.97, 155.00
825.26, 140.00
825.54, 189.00
825.83, 148.00
826.12, 145.00
826.41, 146.00
826.70, 146.00
826.99, 150.00
827.27, 144.00
827.56, 165.00
827.85, 139.00
828.14, 140.00
828.43, 146.00
828.71, 146.00
829.00, 145.00
829.29, 142.00
829.58, 148.00
829.86, 142.00
830.15, 144.00
830.44, 148.00
830.73, 145.00
831.01, 137.00
831.30, 143.00
831.59, 140.00
831.88, 138.00
832.16, 140.00
832.45, 146.00
832.74, 144.00
833.03, 143.00
833.31, 145.00
833.60, 144.00
833.89, 144.00
834.17, 145.00
834.46, 138.00
834.75, 143.00
835.03, 142.00
835.32, 141.00
835.61, 147.00
835.89, 156.00
836.18, 146.00
836.47, 141.00
836.75, 142.00
837.04, 143.00
837.33, 151.00
837.61, 142.00
837.90, 140.00
838.19, 139.00
838.47, 139.00
838.76, 147.00
839.04, 139.00
839.33, 139.00
839.62, 141.00
839.90, 142.00
840.19, 145.00
840.47, 142.00
840.76, 164.00
841.04, 142.00
841.33, 146.00
841.62, 146.00
841.90, 138.00
842.19, 146.00
842.47, 298.00
842.76, 143.00
843.04, 150.00
843.33, 157.00
843.61, 148.00
843.90, 142.00
844.18, 146.00
844.47, 136.00
844.75, 146.00
845.04, 144.00
845.32, 144.00
845.61, 142.00
845.89, 144.00
846.18, 141.00
846.46, 143.00
846.75, 141.00
847.03, 153.00
847.32, 141.00
847.60, 145.00
847.88, 140.00
848.17, 145.00
848.45, 158.00
848.74, 151.00
849.02, 140.00
849.31, 142.00
849.59, 149.00
849.87, 143.00
850.16, 140.00
850.44, 145.00
850.73, 170.00
851.01, 150.00
851.29, 141.00
851.58, 151.00
851.86, 142.00
852.14, 142.00
852.43, 147.00
852.71, 142.00
853.00, 142.00
853.28, 149.00
853.56, 149.00
853.85, 144.00
854.13, 141.00
854.41, 144.00
854.69, 150.00
854.98, 148.00
855.26, 198.00
855.54, 141.00
855.83, 141.00
856.11, 152.00
856.39, 145.00
856.68, 138.00
856.96, 145.00
857.24, 146.00
857.52, 148.00
857.81, 142.00
858.09, 143.00
858.37, 142.00
858.65, 141.00
858.94, 139.00
859.22, 143.00
