190.05, 0.00
190.41, 134.00
190.77, 134.00
191.14, 143.00
191.50, 137.00
191.86, 159.00
192.22, 148.00
192.58, 151.00
192.94, 147.00
193.31, 145.00
193.67, 144.00
194.03, 149.00
194.39, 142.00
194.75, 141.00
195.11, 148.00
195.47, 163.00
195.84, 147.00
196.20, 145.00
196.56, 159.00
196.92, 147.00
197.28, 147.00
197.64, 144.00
198.00, 139.00
198.37, 148.00
198.73, 138.00
199.09, 141.00
199.45, 139.00
199.81, 151.00
200.17, 154.00
200.53, 148.00
200.89, 155.00
201.25, 182.00
201.62, 146.00
201.98, 142.00
202.34, 143.00
202.70, 149.00
203.06, 143.00
203.42, 143.00
203.78, 142.00
204.14, 144.00
204.50, 171.00
204.86, 157.00
205.22, 156.00
205.58, 145.00
205.95, 146.00
206.31, 145.00
206.67, 148.00
207.03, 146.00
207.39, 152.00
207.75, 144.00
208.11, 145.00
208.47, 140.00
208.83, 146.00
209.19, 144.00
209.55, 141.00
209.91, 144.00
210.27, 145.00
210.63, 145.00
210.99, 153.00
211.35, 146.00
211.71, 152.00
212.07, 144.00
212.43, 151.00
212.79, 143.00
213.15, 149.00
213.51, 149.00
213.87, 152.00
214.23, 150.00
214.59, 144.00
214.95, 145.00
215.31, 148.00
215.67, 146.00
216.03, 178.00
216.39, 148.00
216.75, 147.00
217.11, 146.00
217.47, 145.00
217.83, 149.00
218.19, 147.00
218.55, 153.00
218.91, 151.00
219.27, 151.00
219.63, 146.00
219.99, 140.00
220.35, 145.00
220.71, 158.00
221.07, 148.00
221.43, 147.00
221.79, 145.00
222.15, 149.00
222.51, 146.00
222.87, 148.00
223.23, 146.00
223.59, 149.00
223.95, 146.00
224.31, 149.00
224.67, 145.00
225.03, 149.00
225.39, 154.00
225.74, 150.00
226.10, 139.00
226.46, 143.00
226.82, 147.00
227.18, 148.00
227.54, 149.00
227.90, 153.00
228.26, 147.00
228.62, 158.00
228.98, 143.00
229.34, 147.00
229.69, 145.00
230.05, 145.00
230.41, 140.00
230.77, 155.00
231.13, 151.00
231.49, 148.00
231.85, 140.00
232.21, 152.00
232.57, 147.00
232.92, 146.00
233.28, 146.00
233.64, 150.00
234.00, 146.00
234.36, 145.00
234.72, 145.00
235.08, 152.00
235.44, 151.00
235.79, 149.00
236.15, 155.00
236.51, 144.00
236.87, 142.00
237.23, 150.00
237.59, 147.00
237.94, 150.00
238.30, 152.00
238.66, 145.00
239.02, 145.00
239.38, 146.00
239.74, 145.00
240.09, 155.00
240.45, 149.00
240.81, 142.00
241.17, 153.00
241.53, 147.00
241.89, 141.00
242.24, 151.00
242.60, 140.00
242.96, 146.00
243.32, 150.00
243.68, 145.00
244.03, 147.00
244.39, 145.00
244.75, 175.00
245.11, 149.00
245.46, 147.00
245.82, 171.00
246.18, 145.00
246.54, 151.00
246.90, 146.00
247.25, 145.00
247.61, 146.00
247.97, 182.00
248.33, 146.00
248.68, 148.00
249.04, 146.00
249.40, 144.00
249.76, 150.00
250.11, 146.00
250.47, 150.00
250.83, 149.00
251.19, 152.00
251.54, 153.00
251.90, 147.00
252.26, 151.00
252.62, 145.00
252.97, 148.00
253.33, 147.00
253.69, 147.00
254.05, 150.00
254.40, 147.00
254.76, 142.00
255.12, 175.00
255.47, 150.00
255.83, 147.00
256.19, 148.00
256.54, 145.00
256.90, 143.00
257.26, 148.00
257.62, 146.00
257.97, 144.00
258.33, 152.00
258.69, 143.00
259.04, 143.00
259.40, 144.00
259.76, 149.00
260.11, 144.00
260.47, 145.00
260.83, 149.00
261.18, 145.00
261.54, 151.00
261.90, 155.00
262.25, 146.00
262.61, 146.00
262.97, 145.00
263.32, 143.00
263.68, 144.00
264.04, 152.00
264.39, 147.00
264.75, 143.00
265.10, 150.00
265.46, 194.00
265.82, 155.00
266.17, 145.00
266.53, 143.00
266.89, 147.00
267.24, 153.00
267.60, 147.00
267.95, 148.00
268.31, 143.00
268.67, 143.00
269.02, 149.00
269.38, 140.00
269.74, 152.00
270.09, 144.00
270.45, 141.00
270.80, 162.00
271.16, 146.00
271.51, 150.00
271.87, 152.00
272.23, 148.00
272.58, 149.00
272.94, 145.00
273.29, 149.00
273.65, 197.00
274.00, 145.00
274.36, 150.00
274.72, 146.00
275.07, 145.00
275.43, 144.00
275.78, 148.00
276.14, 146.00
276.49, 153.00
276.85, 161.00
277.20, 168.00
277.56, 145.00
277.92, 147.00
278.27, 146.00
278.63, 153.00
278.98, 142.00
279.34, 146.00
279.69, 148.00
280.05, 162.00
280.40, 153.00
280.76, 157.00
281.11, 150.00
281.47, 143.00
281.82, 145.00
282.18, 148.00
282.53, 152.00
282.89, 161.00
283.24, 151.00
283.60, 153.00
283.95, 154.00
284.31, 149.00
284.66, 153.00
285.02, 151.00
285.37, 151.00
285.73, 149.00
286.08, 164.00
286.44, 151.00
286.79, 152.00
287.14, 157.00
287.50, 153.00
287.85, 148.00
288.21, 153.00
288.56, 148.00
288.92, 147.00
289.27, 143.00
289.63, 147.00
289.98, 152.00
290.34, 148.00
290.69, 158.00
291.04, 146.00
291.40, 145.00
291.75, 149.00
292.11, 152.00
292.46, 149.00
292.81, 155.00
293.17, 151.00
293.52, 144.00
293.88, 147.00
294.23, 154.00
294.59, 149.00
294.94, 155.00
295.29, 157.00
295.65, 164.00
296.00, 178.00
296.36, 158.00
296.71, 158.00
297.06, 163.00
297.42, 166.00
297.77, 161.00
298.12, 166.00
298.48, 159.00
298.83, 161.00
299.19, 157.00
299.54, 156.00
299.89, 161.00
300.25, 156.00
300.60, 160.00
300.95, 160.00
301.31, 150.00
301.66, 154.00
302.01, 148.00
302.37, 153.00
302.72, 155.00
303.07, 151.00
303.43, 154.00
303.78, 150.00
304.13, 155.00
304.49, 154.00
304.84, 160.00
305.19, 192.00
305.55, 157.00
305.90, 161.00
306.25, 182.00
306.61, 220.00
306.96, 252.00
307.31, 322.00
307.66, 427.00
308.02, 524.00
308.37, 619.00
308.72, 651.00
309.08, 640.00
309.43, 621.00
309.78, 536.00
310.13, 466.00
310.49, 408.00
310.84, 326.00
311.19, 294.00
311.54, 262.00
311.90, 228.00
312.25, 226.00
312.60, 225.00
312.95, 251.00
313.31, 277.00
313.66, 262.00
314.01, 283.00
314.36, 284.00
314.72, 292.00
315.07, 345.00
315.42, 400.00
315.77, 443.00
316.13, 355.00
316.48, 273.00
316.83, 222.00
317.18, 185.00
317.54, 169.00
317.89, 161.00
318.24, 161.00
318.59, 155.00
318.94, 151.00
319.30, 156.00
319.65, 159.00
320.00, 160.00
320.35, 155.00
320.70, 154.00
321.05, 152.00
321.41, 161.00
321.76, 161.00
322.11, 151.00
322.46, 154.00
322.81, 191.00
323.17, 157.00
323.52, 151.00
323.87, 150.00
324.22, 147.00
324.57, 152.00
324.92, 159.00
325.27, 154.00
325.63, 161.00
325.98, 159.00
326.33, 157.00
326.68, 155.00
327.03, 157.00
327.38, 157.00
327.73, 159.00
328.09, 179.00
328.44, 198.00
328.79, 175.00
329.14, 206.00
329.49, 172.00
329.84, 176.00
330.19, 185.00
330.54, 173.00
330.89, 174.00
331.25, 164.00
331.60, 163.00
331.95, 160.00
332.30, 161.00
332.65, 165.00
333.00, 171.00
333.35, 218.00
333.70, 219.00
334.05, 178.00
334.40, 185.00
334.75, 191.00
335.10, 234.00
335.45, 295.00
335.81, 414.00
336.16, 605.00
336.51, 834.00
336.86, 871.00
337.21, 768.00
337.56, 521.00
337.91, 347.00
338.26, 248.00
338.61, 185.00
338.96, 171.00
339.31, 161.00
339.66, 161.00
340.01, 159.00
340.36, 152.00
340.71, 156.00
341.06, 147.00
341.41, 159.00
341.76, 160.00
342.11, 164.00
342.46, 153.00
342.81, 160.00
343.16, 154.00
343.51, 153.00
343.86, 156.00
344.21, 151.00
344.56, 152.00
344.91, 149.00
345.26, 160.00
345.61, 153.00
345.96, 153.00
346.31, 151.00
346.66, 176.00
347.01, 155.00
347.36, 175.00
347.71, 152.00
348.06, 156.00
348.41, 169.00
348.76, 175.00
349.10, 163.00
349.45, 178.00
349.80, 169.00
350.15, 177.00
350.50, 172.00
350.85, 177.00
351.20, 167.00
351.55, 193.00
351.90, 201.00
352.25, 229.00
352.60, 278.00
352.95, 328.00
353.30, 371.00
353.64, 336.00
353.99, 287.00
354.34, 260.00
354.69, 249.00
355.04, 262.00
355.39, 297.00
355.74, 361.00
356.09, 440.00
356.44, 523.00
356.78, 662.00
357.13, 748.00
357.48, 717.00
357.83, 575.00
358.18, 416.00
358.53, 295.00
358.88, 213.00
359.22, 191.00
359.57, 166.00
359.92, 156.00
360.27, 154.00
360.62, 157.00
360.97, 155.00
361.32, 157.00
361.66, 157.00
362.01, 156.00
362.36, 158.00
362.71, 154.00
363.06, 160.00
363.40, 153.00
363.75, 157.00
364.10, 160.00
364.45, 157.00
364.80, 156.00
365.14, 158.00
365.49, 160.00
365.84, 160.00
366.19, 160.00
366.54, 166.00
366.88, 182.00
367.23, 160.00
367.58, 211.00
367.93, 155.00
368.28, 152.00
368.62, 158.00
368.97, 169.00
369.32, 170.00
369.67, 171.00
370.01, 197.00
370.36, 200.00
370.71, 222.00
371.06, 192.00
371.40, 185.00
371.75, 164.00
372.10, 161.00
372.45, 155.00
372.79, 161.00
373.14, 170.00
373.49, 183.00
373.83, 212.00
374.18, 236.00
374.53, 277.00
374.88, 303.00
375.22, 302.00
375.57, 264.00
375.92, 226.00
376.26, 190.00
376.61, 174.00
376.96, 160.00
377.30, 166.00
377.65, 180.00
378.00, 180.00
378.35, 200.00
378.69, 238.00
379.04, 276.00
379.39, 342.00
379.73, 397.00
380.08, 403.00
380.43, 341.00
380.77, 268.00
381.12, 242.00
381.47, 207.00
381.81, 177.00
382.16, 169.00
382.50, 166.00
382.85, 239.00
383.20, 160.00
383.54, 167.00
383.89, 173.00
384.24, 171.00
384.58, 177.00
384.93, 200.00
385.27, 187.00
385.62, 191.00
385.97, 189.00
386.31, 177.00
386.66, 223.00
387.00, 191.00
387.35, 203.00
387.70, 215.00
388.04, 312.00
388.39, 302.00
388.73, 411.00
389.08, 534.00
389.43, 757.00
389.77, 984.00
390.12, 1258.00
390.46, 1795.00
390.81, 1949.00
391.15, 1925.00
391.50, 1458.00
391.85, 881.00
392.19, 573.00
392.54, 348.00
392.88, 244.00
393.23, 210.00
393.57, 208.00
393.92, 201.00
394.26, 186.00
394.61, 171.00
394.95, 167.00
395.30, 163.00
395.64, 151.00
395.99, 196.00
396.33, 160.00
396.68, 162.00
397.02, 159.00
397.37, 167.00
397.71, 176.00
398.06, 178.00
398.40, 201.00
398.75, 219.00
399.09, 234.00
399.44, 237.00
399.78, 214.00
400.13, 192.00
400.47, 170.00
400.82, 167.00
401.16, 156.00
401.51, 158.00
401.85, 155.00
402.20, 162.00
402.54, 156.00
402.88, 164.00
403.23, 157.00
403.57, 177.00
403.92, 205.00
404.26, 273.00
404.61, 227.00
404.95, 277.00
405.30, 239.00
405.64, 228.00
405.98, 245.00
406.33, 199.00
406.67, 173.00
407.02, 169.00
407.36, 161.00
407.70, 168.00
408.05, 166.00
408.39, 171.00
408.74, 169.00
409.08, 169.00
409.42, 170.00
409.77, 158.00
410.11, 170.00
410.46, 162.00
410.80, 165.00
411.14, 164.00
411.49, 176.00
411.83, 176.00
412.17, 166.00
412.52, 169.00
412.86, 177.00
413.20, 175.00
413.55, 175.00
413.89, 175.00
414.23, 174.00
414.58, 204.00
414.92, 162.00
415.26, 155.00
415.61, 163.00
415.95, 164.00
416.29, 165.00
416.64, 163.00
416.98, 168.00
417.32, 174.00
417.67, 193.00
418.01, 202.00
418.35, 205.00
418.70, 224.00
419.04, 252.00
419.38, 239.00
419.72, 240.00
420.07, 209.00
420.41, 192.00
420.75, 178.00
421.10, 167.00
421.44, 169.00
421.78, 174.00
422.12, 165.00
422.47, 180.00
422.81, 184.00
423.15, 197.00
423.49, 198.00
423.84, 194.00
424.18, 205.00
424.52, 224.00
424.86, 264.00
425.21, 318.00
425.55, 368.00
425.89, 446.00
426.23, 553.00
426.57, 718.00
426.92, 809.00
427.26, 847.00
427.60, 738.00
427.94, 500.00
428.28, 374.00
428.63, 285.00
428.97, 224.00
429.31, 181.00
429.65, 171.00
429.99, 168.00
430.34, 159.00
430.68, 163.00
431.02, 170.00
431.36, 156.00
431.70, 160.00
432.04, 162.00
432.39, 169.00
432.73, 177.00
433.07, 181.00
433.41, 184.00
433.75, 187.00
434.09, 187.00
434.43, 189.00
434.78, 250.00
435.12, 310.00
435.46, 332.00
435.80, 306.00
436.14, 268.00
436.48, 227.00
436.82, 212.00
437.16, 191.00
437.51, 176.00
437.85, 172.00
438.19, 211.00
438.53, 167.00
438.87, 187.00
439.21, 166.00
439.55, 176.00
439.89, 172.00
440.23, 177.00
440.57, 179.00
440.91, 181.00
441.26, 177.00
441.60, 173.00
441.94, 168.00
442.28, 175.00
442.62, 168.00
442.96, 164.00
443.30, 167.00
443.64, 164.00
443.98, 166.00
444.32, 173.00
444.66, 166.00
445.00, 165.00
445.34, 171.00
445.68, 168.00
446.02, 167.00
446.36, 165.00
446.70, 168.00
447.04, 173.00
447.38, 192.00
447.72, 174.00
448.06, 172.00
448.40, 174.00
448.74, 175.00
449.08, 161.00
449.42, 167.00
449.76, 169.00
450.10, 166.00
450.44, 166.00
450.78, 169.00
451.12, 168.00
451.46, 170.00
451.80, 172.00
452.14, 162.00
452.48, 161.00
452.82, 167.00
453.16, 161.00
453.50, 171.00
453.84, 161.00
454.18, 205.00
454.52, 171.00
454.86, 170.00
455.19, 187.00
455.53, 171.00
455.87, 175.00
456.21, 181.00
456.55, 179.00
456.89, 178.00
457.23, 179.00
457.57, 176.00
457.91, 183.00
458.25, 175.00
458.59, 188.00
458.92, 198.00
459.26, 199.00
459.60, 197.00
459.94, 183.00
460.28, 177.00
460.62, 173.00
460.96, 164.00
461.30, 165.00
461.63, 165.00
461.97, 162.00
462.31, 159.00
462.65, 167.00
462.99, 174.00
463.33, 173.00
463.67, 172.00
464.00, 177.00
464.34, 173.00
464.68, 173.00
465.02, 189.00
465.36, 185.00
465.70, 177.00
466.03, 184.00
466.37, 181.00
466.71, 177.00
467.05, 181.00
467.39, 186.00
467.72, 204.00
468.06, 216.00
468.40, 229.00
468.74, 241.00
469.08, 255.00
469.41, 272.00
469.75, 300.00
470.09, 336.00
470.43, 339.00
470.76, 288.00
471.10, 252.00
471.44, 232.00
471.78, 209.00
472.11, 190.00
472.45, 177.00
472.79, 179.00
473.13, 177.00
473.46, 171.00
473.80, 177.00
474.14, 166.00
474.48, 168.00
474.81, 162.00
475.15, 165.00
475.49, 167.00
475.82, 171.00
476.16, 171.00
476.50, 167.00
476.84, 171.00
477.17, 169.00
477.51, 163.00
477.85, 160.00
478.18, 184.00
478.52, 164.00
478.86, 207.00
479.19, 179.00
479.53, 170.00
479.87, 205.00
480.20, 173.00
480.54, 174.00
480.88, 166.00
481.21, 173.00
481.55, 170.00
481.89, 175.00
482.22, 186.00
482.56, 186.00
482.90, 186.00
483.23, 189.00
483.57, 194.00
483.90, 197.00
484.24, 204.00
484.58, 202.00
484.91, 214.00
485.25, 217.00
485.58, 224.00
485.92, 228.00
486.26, 228.00
486.59, 239.00
486.93, 234.00
487.26, 227.00
487.60, 235.00
487.94, 234.00
488.27, 228.00
488.61, 228.00
488.94, 236.00
489.28, 224.00
489.61, 222.00
489.95, 225.00
490.29, 229.00
490.62, 234.00
490.96, 221.00
491.29, 234.00
491.63, 225.00
491.96, 217.00
492.30, 215.00
492.63, 217.00
492.97, 204.00
493.30, 210.00
493.64, 204.00
493.97, 204.00
494.31, 203.00
494.64, 210.00
494.98, 197.00
495.31, 197.00
495.65, 191.00
495.98, 199.00
496.32, 188.00
496.65, 228.00
496.99, 196.00
497.32, 183.00
497.66, 181.00
497.99, 177.00
498.33, 181.00
498.66, 177.00
499.00, 183.00
499.33, 180.00
499.67, 173.00
500.00, 179.00
500.34, 186.00
500.67, 191.00
501.00, 190.00
501.34, 181.00
501.67, 179.00
502.01, 175.00
502.34, 175.00
502.68, 178.00
503.01, 180.00
503.34, 175.00
503.68, 167.00
504.01, 167.00
504.35, 176.00
504.68, 179.00
505.01, 175.00
505.35, 172.00
505.68, 178.00
506.02, 180.00
506.35, 179.00
506.68, 182.00
507.02, 179.00
507.35, 185.00
507.68, 176.00
508.02, 175.00
508.35, 174.00
508.69, 174.00
509.02, 169.00
509.35, 167.00
509.69, 164.00
510.02, 172.00
510.35, 164.00
510.69, 170.00
511.02, 162.00
511.35, 165.00
511.69, 163.00
512.02, 163.00
512.35, 172.00
512.68, 172.00
513.02, 170.00
513.35, 168.00
513.68, 168.00
514.02, 171.00
514.35, 157.00
514.68, 168.00
515.01, 161.00
515.35, 161.00
515.68, 163.00
516.01, 161.00
516.35, 162.00
516.68, 162.00
517.01, 165.00
517.34, 168.00
517.68, 163.00
518.01, 174.00
518.34, 160.00
518.67, 163.00
519.01, 167.00
519.34, 157.00
519.67, 180.00
520.00, 171.00
520.33, 173.00
520.67, 173.00
521.00, 176.00
521.33, 177.00
521.66, 196.00
522.00, 198.00
522.33, 186.00
522.66, 179.00
522.99, 170.00
523.32, 177.00
523.65, 171.00
523.99, 173.00
524.32, 175.00
524.65, 172.00
524.98, 176.00
525.31, 167.00
525.65, 203.00
525.98, 170.00
526.31, 165.00
526.64, 174.00
526.97, 168.00
527.30, 165.00
527.63, 167.00
527.97, 163.00
528.30, 164.00
528.63, 175.00
528.96, 184.00
529.29, 157.00
529.62, 170.00
529.95, 163.00
530.28, 153.00
530.61, 158.00
530.95, 157.00
531.28, 157.00
531.61, 162.00
531.94, 177.00
532.27, 174.00
532.60, 174.00
532.93, 179.00
533.26, 176.00
533.59, 169.00
533.92, 168.00
534.25, 163.00
534.58, 198.00
534.91, 172.00
535.25, 161.00
535.58, 162.00
535.91, 165.00
536.24, 172.00
536.57, 178.00
536.90, 183.00
537.23, 192.00
537.56, 223.00
537.89, 195.00
538.22, 199.00
538.55, 201.00
538.88, 213.00
539.21, 332.00
539.54, 228.00
539.87, 243.00
540.20, 272.00
540.53, 307.00
540.86, 373.00
541.19, 380.00
541.52, 411.00
541.85, 436.00
542.18, 466.00
542.51, 465.00
542.84, 478.00
543.17, 472.00
543.50, 459.00
543.82, 458.00
544.15, 446.00
544.48, 436.00
544.81, 473.00
545.14, 503.00
545.47, 472.00
545.80, 466.00
546.13, 371.00
546.46, 380.00
546.79, 346.00
547.12, 292.00
547.45, 279.00
547.78, 274.00
548.10, 248.00
548.43, 256.00
548.76, 246.00
549.09, 243.00
549.42, 240.00
549.75, 233.00
550.08, 231.00
550.41, 233.00
550.74, 232.00
551.06, 216.00
551.39, 215.00
551.72, 210.00
552.05, 210.00
552.38, 208.00
552.71, 199.00
553.03, 200.00
553.36, 197.00
553.69, 196.00
554.02, 174.00
554.35, 186.00
554.68, 170.00
555.00, 183.00
555.33, 169.00
555.66, 173.00
555.99, 192.00
556.32, 175.00
556.64, 174.00
556.97, 187.00
557.30, 174.00
557.63, 177.00
557.96, 188.00
558.28, 182.00
558.61, 182.00
558.94, 181.00
559.27, 180.00
559.59, 180.00
559.92, 176.00
560.25, 185.00
560.58, 176.00
560.90, 181.00
561.23, 176.00
561.56, 178.00
561.89, 176.00
562.21, 174.00
562.54, 170.00
562.87, 165.00
563.20, 172.00
563.52, 164.00
563.85, 158.00
564.18, 182.00
564.50, 163.00
564.83, 181.00
565.16, 218.00
565.48, 158.00
565.81, 168.00
566.14, 158.00
566.47, 154.00
566.79, 157.00
567.12, 156.00
567.45, 180.00
567.77, 159.00
568.10, 162.00
568.43, 160.00
568.75, 152.00
569.08, 159.00
569.40, 191.00
569.73, 160.00
570.06, 156.00
570.38, 155.00
570.71, 159.00
571.04, 159.00
571.36, 162.00
571.69, 162.00
572.01, 155.00
572.34, 161.00
572.67, 165.00
572.99, 162.00
573.32, 174.00
573.64, 155.00
573.97, 156.00
574.30, 155.00
574.62, 158.00
574.95, 159.00
575.27, 166.00
575.60, 164.00
575.92, 177.00
576.25, 181.00
576.58, 178.00
576.90, 175.00
577.23, 212.00
577.55, 180.00
577.88, 177.00
578.20, 180.00
578.53, 185.00
578.85, 206.00
579.18, 203.00
579.50, 192.00
579.83, 194.00
580.15, 201.00
580.48, 192.00
580.80, 200.00
581.13, 196.00
581.45, 195.00
581.78, 199.00
582.10, 199.00
582.43, 212.00
582.75, 207.00
583.08, 210.00
583.40, 209.00
583.73, 275.00
584.05, 214.00
584.38, 198.00
584.70, 259.00
585.03, 205.00
585.35, 203.00
585.67, 219.00
586.00, 222.00
586.32, 257.00
586.65, 269.00
586.97, 261.00
587.30, 254.00
587.62, 225.00
587.94, 230.00
588.27, 215.00
588.59, 211.00
588.92, 199.00
589.24, 198.00
589.56, 201.00
589.89, 207.00
590.21, 188.00
590.54, 190.00
590.86, 184.00
591.18, 182.00
591.51, 193.00
591.83, 209.00
592.15, 209.00
592.48, 211.00
592.80, 205.00
593.13, 197.00
593.45, 198.00
593.77, 194.00
594.10, 196.00
594.42, 194.00
594.74, 186.00
595.07, 188.00
595.39, 186.00
595.71, 190.00
596.03, 188.00
596.36, 185.00
596.68, 188.00
597.00, 185.00
597.33, 190.00
597.65, 189.00
597.97, 199.00
598.30, 199.00
598.62, 202.00
598.94, 191.00
599.26, 198.00
599.59, 199.00
599.91, 199.00
600.23, 195.00
600.55, 189.00
600.88, 187.00
601.20, 180.00
601.52, 178.00
601.84, 173.00
602.17, 173.00
602.49, 168.00
602.81, 166.00
603.13, 175.00
603.45, 170.00
603.78, 171.00
604.10, 165.00
604.42, 167.00
604.74, 175.00
605.07, 168.00
605.39, 165.00
605.71, 163.00
606.03, 177.00
606.35, 167.00
606.67, 182.00
607.00, 176.00
607.32, 181.00
607.64, 182.00
607.96, 181.00
608.28, 192.00
608.60, 203.00
608.93, 214.00
609.25, 250.00
609.57, 304.00
609.89, 393.00
610.21, 465.00
610.53, 518.00
610.85, 506.00
611.17, 464.00
611.50, 439.00
611.82, 399.00
612.14, 375.00
612.46, 349.00
612.78, 317.00
613.10, 316.00
613.42, 295.00
613.74, 287.00
614.06, 310.00
614.38, 274.00
614.70, 266.00
615.03, 262.00
615.35, 253.00
615.67, 335.00
615.99, 221.00
616.31, 205.00
616.63, 213.00
616.95, 198.00
617.27, 195.00
617.59, 187.00
617.91, 188.00
618.23, 188.00
618.55, 184.00
618.87, 183.00
619.19, 183.00
619.51, 187.00
619.83, 187.00
620.15, 190.00
620.47, 188.00
620.79, 190.00
621.11, 194.00
621.43, 182.00
621.75, 195.00
622.07, 188.00
622.39, 186.00
622.71, 183.00
623.03, 187.00
623.35, 221.00
623.67, 185.00
623.99, 178.00
624.31, 178.00
624.63, 182.00
624.95, 173.00
625.26, 177.00
625.58, 174.00
625.90, 204.00
626.22, 182.00
626.54, 178.00
626.86, 180.00
627.18, 179.00
627.50, 182.00
627.82, 179.00
628.14, 178.00
628.46, 182.00
628.77, 179.00
629.09, 192.00
629.41, 197.00
629.73, 202.00
630.05, 219.00
630.37, 205.00
630.69, 214.00
631.00, 209.00
631.32, 198.00
631.64, 182.00
631.96, 175.00
632.28, 177.00
632.60, 179.00
632.92, 174.00
633.23, 175.00
633.55, 175.00
633.87, 169.00
634.19, 175.00
634.51, 177.00
634.82, 183.00
635.14, 178.00
635.46, 187.00
635.78, 177.00
636.10, 172.00
636.41, 178.00
636.73, 175.00
637.05, 176.00
637.37, 174.00
637.68, 172.00
638.00, 175.00
638.32, 180.00
638.64, 184.00
638.95, 196.00
639.27, 186.00
639.59, 188.00
639.91, 183.00
640.22, 182.00
640.54, 184.00
640.86, 171.00
641.18, 186.00
641.49, 193.00
641.81, 180.00
642.13, 176.00
642.44, 172.00
642.76, 162.00
643.08, 171.00
643.40, 165.00
643.71, 170.00
644.03, 172.00
644.35, 176.00
644.66, 183.00
644.98, 172.00
645.30, 172.00
645.61, 189.00
645.93, 162.00
646.25, 163.00
646.56, 178.00
646.88, 197.00
647.19, 163.00
647.51, 167.00
647.83, 162.00
648.14, 161.00
648.46, 158.00
648.78, 167.00
649.09, 170.00
649.41, 216.00
649.72, 170.00
650.04, 179.00
650.36, 166.00
650.67, 173.00
650.99, 171.00
651.30, 170.00
651.62, 172.00
651.93, 167.00
652.25, 182.00
652.57, 199.00
652.88, 165.00
653.20, 175.00
653.51, 174.00
653.83, 168.00
654.14, 165.00
654.46, 163.00
654.77, 163.00
655.09, 172.00
655.40, 177.00
655.72, 170.00
656.04, 162.00
656.35, 163.00
656.67, 163.00
656.98, 165.00
657.30, 161.00
657.61, 162.00
657.93, 171.00
658.24, 164.00
658.55, 205.00
658.87, 173.00
659.18, 169.00
659.50, 166.00
659.81, 170.00
660.13, 167.00
660.44, 163.00
660.76, 164.00
661.07, 185.00
661.39, 170.00
661.70, 168.00
662.01, 166.00
662.33, 162.00
662.64, 171.00
662.96, 164.00
663.27, 149.00
663.59, 154.00
663.90, 155.00
664.21, 153.00
664.53, 175.00
664.84, 163.00
665.16, 185.00
665.47, 156.00
665.78, 158.00
666.10, 165.00
666.41, 173.00
666.72, 183.00
667.04, 189.00
667.35, 186.00
667.67, 173.00
667.98, 170.00
668.29, 171.00
668.61, 171.00
668.92, 167.00
669.23, 164.00
669.55, 164.00
669.86, 192.00
670.17, 161.00
670.48, 161.00
670.80, 157.00
671.11, 158.00
671.42, 157.00
671.74, 161.00
672.05, 155.00
672.36, 159.00
672.68, 157.00
672.99, 156.00
673.30, 152.00
673.61, 157.00
673.93, 155.00
674.24, 164.00
674.55, 162.00
674.86, 160.00
675.18, 162.00
675.49, 168.00
675.80, 159.00
676.11, 163.00
676.43, 163.00
676.74, 160.00
677.05, 158.00
677.36, 167.00
677.67, 162.00
677.99, 160.00
678.30, 160.00
678.61, 165.00
678.92, 157.00
679.23, 169.00
679.55, 161.00
679.86, 159.00
680.17, 162.00
680.48, 163.00
680.79, 165.00
681.10, 152.00
681.42, 155.00
681.73, 157.00
682.04, 153.00
682.35, 155.00
682.66, 160.00
682.97, 151.00
683.28, 162.00
683.60, 159.00
683.91, 156.00
684.22, 171.00
684.53, 158.00
684.84, 148.00
685.15, 153.00
685.46, 178.00
685.77, 159.00
686.08, 157.00
686.40, 196.00
686.71, 160.00
687.02, 160.00
687.33, 155.00
687.64, 152.00
687.95, 151.00
688.26, 151.00
688.57, 153.00
688.88, 154.00
689.19, 151.00
689.50, 150.00
689.81, 154.00
690.12, 148.00
690.43, 169.00
690.74, 151.00
691.05, 142.00
691.36, 158.00
691.67, 150.00
691.98, 141.00
692.29, 152.00
692.60, 159.00
692.91, 150.00
693.22, 150.00
693.53, 149.00
693.84, 152.00
694.15, 147.00
694.46, 156.00
694.77, 148.00
695.08, 150.00
695.39, 156.00
695.70, 148.00
696.01, 148.00
696.32, 148.00
696.63, 143.00
696.94, 156.00
697.25, 145.00
697.56, 158.00
697.87, 155.00
698.17, 188.00
698.48, 150.00
698.79, 145.00
699.10, 151.00
699.41, 156.00
699.72, 153.00
700.03, 146.00
700.34, 147.00
700.65, 151.00
700.95, 150.00
701.26, 144.00
701.57, 149.00
701.88, 151.00
702.19, 161.00
702.50, 156.00
702.81, 150.00
703.11, 177.00
703.42, 149.00
703.73, 158.00
704.04, 154.00
704.35, 164.00
704.66, 180.00
704.96, 267.00
705.27, 362.00
705.58, 392.00
705.89, 397.00
706.20, 332.00
706.50, 298.00
706.81, 270.00
707.12, 238.00
707.43, 220.00
707.73, 207.00
708.04, 181.00
708.35, 172.00
708.66, 167.00
708.97, 162.00
709.27, 161.00
709.58, 160.00
709.89, 156.00
710.19, 152.00
710.50, 163.00
710.81, 157.00
711.12, 160.00
711.42, 158.00
711.73, 164.00
712.04, 151.00
712.35, 158.00
712.65, 160.00
712.96, 155.00
713.27, 153.00
713.57, 172.00
713.88, 171.00
714.19, 150.00
714.49, 145.00
714.80, 151.00
715.11, 149.00
715.41, 146.00
715.72, 147.00
716.03, 146.00
716.33, 150.00
716.64, 148.00
716.94, 148.00
717.25, 149.00
717.56, 163.00
717.86, 152.00
718.17, 145.00
718.48, 144.00
718.78, 147.00
719.09, 147.00
719.39, 148.00
719.70, 148.00
720.01, 144.00
720.31, 148.00
720.62, 146.00
720.92, 143.00
721.23, 151.00
721.53, 160.00
721.84, 152.00
722.15, 150.00
722.45, 151.00
722.76, 144.00
723.06, 146.00
723.37, 153.00
723.67, 153.00
723.98, 151.00
724.28, 151.00
724.59, 158.00
724.89, 156.00
725.20, 150.00
725.50, 160.00
725.81, 145.00
726.11, 154.00
726.42, 149.00
726.72, 160.00
727.03, 204.00
727.33, 164.00
727.64, 158.00
727.94, 154.00
728.25, 154.00
728.55, 151.00
728.86, 169.00
729.16, 146.00
729.46, 148.00
729.77, 154.00
730.07, 145.00
730.38, 149.00
730.68, 147.00
730.99, 154.00
731.29, 143.00
731.59, 149.00
731.90, 143.00
732.20, 148.00
732.51, 147.00
732.81, 149.00
733.11, 149.00
733.42, 146.00
733.72, 151.00
734.02, 149.00
734.33, 149.00
734.63, 145.00
734.94, 144.00
735.24, 150.00
735.54, 150.00
735.85, 147.00
736.15, 144.00
736.45, 147.00
736.76, 146.00
737.06, 148.00
737.36, 151.00
737.67, 149.00
737.97, 146.00
738.27, 144.00
738.57, 149.00
738.88, 146.00
739.18, 187.00
739.48, 152.00
739.79, 146.00
740.09, 148.00
740.39, 149.00
740.69, 150.00
741.00, 146.00
741.30, 158.00
741.60, 150.00
741.90, 150.00
742.21, 147.00
742.51, 194.00
742.81, 146.00
743.11, 150.00
743.42, 171.00
743.72, 148.00
744.02, 153.00
744.32, 150.00
744.63, 155.00
744.93, 154.00
745.23, 151.00
745.53, 152.00
745.83, 150.00
746.13, 152.00
746.44, 147.00
746.74, 149.00
747.04, 152.00
747.34, 150.00
747.64, 152.00
747.94, 150.00
748.25, 149.00
748.55, 149.00
748.85, 154.00
749.15, 151.00
749.45, 180.00
749.75, 155.00
750.05, 156.00
750.35, 151.00
750.66, 168.00
750.96, 155.00
751.26, 150.00
751.56, 149.00
751.86, 155.00
752.16, 149.00
752.46, 147.00
752.76, 150.00
753.06, 147.00
753.36, 189.00
753.66, 148.00
753.96, 153.00
754.27, 142.00
754.57, 148.00
754.87, 147.00
755.17, 149.00
755.47, 148.00
755.77, 151.00
756.07, 150.00
756.37, 149.00
756.67, 154.00
756.97, 152.00
757.27, 154.00
757.57, 148.00
757.87, 155.00
758.17, 149.00
758.47, 154.00
758.77, 150.00
759.07, 150.00
759.37, 152.00
759.67, 155.00
759.97, 144.00
760.27, 150.00
760.57, 151.00
760.86, 149.00
761.16, 148.00
761.46, 147.00
761.76, 175.00
762.06, 151.00
762.36, 154.00
762.66, 156.00
762.96, 146.00
763.26, 150.00
763.56, 179.00
763.86, 155.00
764.16, 146.00
764.45, 164.00
764.75, 156.00
765.05, 156.00
765.35, 150.00
765.65, 143.00
765.95, 146.00
766.25, 150.00
766.55, 151.00
766.84, 149.00
767.14, 150.00
767.44, 142.00
767.74, 148.00
768.04, 153.00
768.34, 146.00
768.63, 144.00
768.93, 148.00
769.23, 149.00
769.53, 145.00
769.83, 149.00
770.12, 158.00
770.42, 151.00
770.72, 152.00
771.02, 145.00
771.32, 146.00
771.61, 145.00
771.91, 158.00
772.21, 151.00
772.51, 147.00
772.80, 151.00
773.10, 149.00
773.40, 155.00
773.70, 151.00
773.99, 154.00
774.29, 156.00
774.59, 156.00
774.88, 157.00
775.18, 154.00
775.48, 219.00
775.78, 349.00
776.07, 451.00
776.37, 501.00
776.67, 446.00
776.96, 337.00
777.26, 329.00
777.56, 248.00
777.85, 229.00
778.15, 218.00
778.45, 209.00
778.74, 191.00
779.04, 175.00
779.34, 164.00
779.63, 164.00
779.93, 154.00
780.22, 147.00
780.52, 144.00
780.82, 148.00
781.11, 148.00
781.41, 147.00
781.71, 140.00
782.00, 145.00
782.30, 146.00
782.59, 154.00
782.89, 146.00
783.19, 148.00
783.48, 144.00
783.78, 146.00
784.07, 159.00
784.37, 155.00
784.66, 144.00
784.96, 147.00
785.25, 146.00
785.55, 149.00
785.84, 150.00
786.14, 148.00
786.44, 146.00
786.73, 147.00
787.03, 146.00
787.32, 144.00
787.62, 148.00
787.91, 151.00
788.21, 150.00
788.50, 149.00
788.80, 144.00
789.09, 149.00
789.39, 149.00
789.68, 138.00
789.97, 144.00
790.27, 148.00
790.56, 153.00
790.86, 157.00
791.15, 149.00
791.45, 143.00
791.74, 167.00
792.04, 144.00
792.33, 142.00
792.62, 170.00
792.92, 144.00
793.21, 146.00
793.51, 148.00
793.80, 138.00
794.09, 144.00
794.39, 143.00
794.68, 145.00
794.98, 143.00
795.27, 146.00
795.56, 143.00
795.86, 144.00
796.15, 147.00
796.44, 148.00
796.74, 146.00
797.03, 140.00
797.32, 143.00
797.62, 146.00
797.91, 154.00
798.20, 146.00
798.50, 151.00
798.79, 155.00
799.08, 147.00
799.38, 144.00
799.67, 141.00
799.96, 154.00
800.26, 166.00
800.55, 142.00
800.84, 145.00
801.13, 146.00
801.43, 146.00
801.72, 184.00
802.01, 146.00
802.30, 144.00
802.60, 147.00
802.89, 154.00
803.18, 143.00
803.47, 147.00
803.77, 148.00
804.06, 151.00
804.35, 149.00
804.64, 161.00
804.94, 146.00
805.23, 144.00
805.52, 145.00
805.81, 149.00
806.10, 143.00
806.39, 145.00
806.69, 146.00
806.98, 145.00
807.27, 149.00
807.56, 152.00
807.85, 148.00
808.14, 141.00
808.44, 153.00
808.73, 146.00
809.02, 165.00
809.31, 148.00
809.60, 147.00
809.89, 148.00
810.18, 145.00
810.48, 160.00
810.77, 147.00
811.06, 146.00
811.35, 144.00
811.64, 147.00
811.93, 161.00
812.22, 141.00
812.51, 141.00
812.80, 138.00
813.09, 138.00
813.38, 140.00
813.67, 163.00
813.96, 147.00
814.26, 142.00
814.55, 144.00
814.84, 141.00
815.13, 151.00
815.42, 143.00
815.71, 152.00
816.00, 144.00
816.29, 153.00
816.58, 153.00
816.87, 143.00
817.16, 142.00
817.45, 152.00
817.74, 142.00
818.03, 146.00
818.32, 142.00
818.61, 148.00
818.90, 146.00
819.19, 146.00
819.48, 147.00
819.76, 134.00
820.05, 145.00
820.34, 143.00
820.63, 143.00
820.92, 139.00
821.21, 145.00
821.50, 145.00
821.79, 142.00
822.08, 147.00
822.37, 149.00
822.66, 150.00
822.95, 149.00
823.23, 143.00
823.52, 164.00
823.81, 146.00
824.10, 143.00
824.39, 146.00
824.68, 147.00
824.97, 159.00
825.26, 145.00
825.54, 201.00
825.83, 145.00
826.12, 143.00
826.41, 144.00
826.70, 145.00
826.99, 150.00
827.27, 145.00
827.56, 169.00
827.85, 144.00
828.14, 144.00
828.43, 151.00
828.71, 154.00
829.00, 147.00
829.29, 142.00
829.58, 146.00
829.86, 138.00
830.15, 144.00
830.44, 145.00
830.73, 148.00
831.01, 146.00
831.30, 140.00
831.59, 145.00
831.88, 144.00
832.16, 144.00
832.45, 150.00
832.74, 147.00
833.03, 140.00
833.31, 148.00
833.60, 143.00
833.89, 144.00
834.17, 154.00
834.46, 145.00
834.75, 143.00
835.03, 145.00
835.32, 145.00
835.61, 144.00
835.89, 156.00
836.18, 146.00
836.47, 144.00
836.75, 143.00
837.04, 150.00
837.33, 143.00
837.61, 144.00
837.90, 147.00
838.19, 140.00
838.47, 140.00
838.76, 144.00
839.04, 140.00
839.33, 142.00
839.62, 142.00
839.90, 144.00
840.19, 142.00
840.47, 142.00
840.76, 168.00
841.04, 147.00
841.33, 148.00
841.62, 145.00
841.90, 147.00
842.19, 150.00
842.47, 291.00
842.76, 145.00
843.04, 148.00
843.33, 173.00
843.61, 156.00
843.90, 158.00
844.18, 157.00
844.47, 161.00
844.75, 165.00
845.04, 153.00
845.32, 155.00
845.61, 148.00
845.89, 144.00
846.18, 146.00
846.46, 146.00
846.75, 147.00
847.03, 161.00
847.32, 149.00
847.60, 142.00
847.88, 142.00
848.17, 143.00
848.45, 161.00
848.74, 146.00
849.02, 143.00
849.31, 140.00
849.59, 142.00
849.87, 144.00
850.16, 146.00
850.44, 146.00
850.73, 174.00
851.01, 146.00
851.29, 146.00
851.58, 146.00
851.86, 143.00
852.14, 142.00
852.43, 143.00
852.71, 147.00
853.00, 141.00
853.28, 152.00
853.56, 147.00
853.85, 144.00
854.13, 143.00
854.41, 146.00
854.69, 145.00
854.98, 145.00
855.26, 198.00
855.54, 146.00
855.83, 148.00
856.11, 152.00
856.39, 146.00
856.68, 142.00
856.96, 145.00
857.24, 146.00
857.52, 150.00
857.81, 149.00
858.09, 145.00
858.37, 146.00
858.65, 143.00
858.94, 142.00
859.22, 146.00
