190.05, 0.00
190.41, 137.00
190.77, 138.00
191.14, 140.00
191.50, 138.00
191.86, 164.00
192.22, 148.00
192.58, 149.00
192.94, 146.00
193.31, 144.00
193.67, 146.00
194.03, 153.00
194.39, 149.00
194.75, 144.00
195.11, 156.00
195.47, 169.00
195.84, 147.00
196.20, 149.00
196.56, 168.00
196.92, 146.00
197.28, 151.00
197.64, 145.00
198.00, 142.00
198.37, 153.00
198.73, 145.00
199.09, 149.00
199.45, 145.00
199.81, 148.00
200.17, 156.00
200.53, 147.00
200.89, 160.00
201.25, 184.00
201.62, 150.00
201.98, 146.00
202.34, 147.00
202.70, 154.00
203.06, 149.00
203.42, 149.00
203.78, 154.00
204.14, 151.00
204.50, 173.00
204.86, 157.00
205.22, 151.00
205.58, 151.00
205.95, 152.00
206.31, 148.00
206.67, 150.00
207.03, 153.00
207.39, 156.00
207.75, 153.00
208.11, 151.00
208.47, 146.00
208.83, 150.00
209.19, 149.00
209.55, 144.00
209.91, 152.00
210.27, 153.00
210.63, 149.00
210.99, 158.00
211.35, 150.00
211.71, 155.00
212.07, 146.00
212.43, 153.00
212.79, 156.00
213.15, 147.00
213.51, 155.00
213.87, 157.00
214.23, 153.00
214.59, 147.00
214.95, 153.00
215.31, 155.00
215.67, 152.00
216.03, 175.00
216.39, 149.00
216.75, 155.00
217.11, 155.00
217.47, 152.00
217.83, 147.00
218.19, 152.00
218.55, 156.00
218.91, 153.00
219.27, 143.00
219.63, 148.00
219.99, 146.00
220.35, 148.00
220.71, 153.00
221.07, 147.00
221.43, 150.00
221.79, 147.00
222.15, 152.00
222.51, 152.00
222.87, 147.00
223.23, 153.00
223.59, 148.00
223.95, 147.00
224.31, 154.00
224.67, 151.00
225.03, 154.00
225.39, 158.00
225.74, 155.00
226.10, 150.00
226.46, 149.00
226.82, 155.00
227.18, 151.00
227.54, 150.00
227.90, 150.00
228.26, 155.00
228.62, 154.00
228.98, 145.00
229.34, 147.00
229.69, 152.00
230.05, 149.00
230.41, 144.00
230.77, 155.00
231.13, 159.00
231.49, 143.00
231.85, 148.00
232.21, 156.00
232.57, 155.00
232.92, 140.00
233.28, 152.00
233.64, 151.00
234.00, 144.00
234.36, 145.00
234.72, 143.00
235.08, 150.00
235.44, 153.00
235.79, 148.00
236.15, 151.00
236.51, 150.00
236.87, 144.00
237.23, 148.00
237.59, 149.00
237.94, 156.00
238.30, 152.00
238.66, 146.00
239.02, 144.00
239.38, 148.00
239.74, 145.00
240.09, 157.00
240.45, 149.00
240.81, 148.00
241.17, 156.00
241.53, 154.00
241.89, 152.00
242.24, 146.00
242.60, 148.00
242.96, 155.00
243.32, 153.00
243.68, 146.00
244.03, 155.00
244.39, 158.00
244.75, 166.00
245.11, 150.00
245.46, 150.00
245.82, 178.00
246.18, 145.00
246.54, 150.00
246.90, 148.00
247.25, 145.00
247.61, 145.00
247.97, 186.00
248.33, 146.00
248.68, 145.00
249.04, 147.00
249.40, 146.00
249.76, 152.00
250.11, 143.00
250.47, 153.00
250.83, 148.00
251.19, 154.00
251.54, 160.00
251.90, 146.00
252.26, 150.00
252.62, 145.00
252.97, 150.00
253.33, 147.00
253.69, 147.00
254.05, 154.00
254.40, 142.00
254.76, 146.00
255.12, 172.00
255.47, 150.00
255.83, 147.00
256.19, 152.00
256.54, 149.00
256.90, 145.00
257.26, 155.00
257.62, 152.00
257.97, 145.00
258.33, 147.00
258.69, 142.00
259.04, 149.00
259.40, 144.00
259.76, 148.00
260.11, 146.00
260.47, 148.00
260.83, 155.00
261.18, 143.00
261.54, 151.00
261.90, 156.00
262.25, 148.00
262.61, 149.00
262.97, 143.00
263.32, 147.00
263.68, 149.00
264.04, 154.00
264.39, 148.00
264.75, 143.00
265.10, 152.00
265.46, 194.00
265.82, 163.00
266.17, 148.00
266.53, 143.00
266.89, 150.00
267.24, 155.00
267.60, 147.00
267.95, 150.00
268.31, 144.00
268.67, 147.00
269.02, 142.00
269.38, 142.00
269.74, 151.00
270.09, 146.00
270.45, 151.00
270.80, 171.00
271.16, 148.00
271.51, 146.00
271.87, 152.00
272.23, 154.00
272.58, 149.00
272.94, 146.00
273.29, 145.00
273.65, 192.00
274.00, 148.00
274.36, 153.00
274.72, 152.00
275.07, 150.00
275.43, 149.00
275.78, 148.00
276.14, 150.00
276.49, 152.00
276.85, 153.00
277.20, 170.00
277.56, 152.00
277.92, 140.00
278.27, 150.00
278.63, 152.00
278.98, 144.00
279.34, 144.00
279.69, 146.00
280.05, 164.00
280.40, 156.00
280.76, 155.00
281.11, 146.00
281.47, 146.00
281.82, 149.00
282.18, 149.00
282.53, 152.00
282.89, 161.00
283.24, 153.00
283.60, 155.00
283.95, 156.00
284.31, 154.00
284.66, 155.00
285.02, 153.00
285.37, 155.00
285.73, 160.00
286.08, 161.00
286.44, 146.00
286.79, 161.00
287.14, 160.00
287.50, 156.00
287.85, 148.00
288.21, 151.00
288.56, 146.00
288.92, 149.00
289.27, 150.00
289.63, 150.00
289.98, 156.00
290.34, 154.00
290.69, 161.00
291.04, 147.00
291.40, 150.00
291.75, 148.00
292.11, 153.00
292.46, 151.00
292.81, 157.00
293.17, 154.00
293.52, 153.00
293.88, 150.00
294.23, 155.00
294.59, 147.00
294.94, 151.00
295.29, 156.00
295.65, 159.00
296.00, 179.00
296.36, 162.00
296.71, 155.00
297.06, 154.00
297.42, 153.00
297.77, 159.00
298.12, 159.00
298.48, 158.00
298.83, 158.00
299.19, 161.00
299.54, 154.00
299.89, 159.00
300.25, 154.00
300.60, 163.00
300.95, 160.00
301.31, 156.00
301.66, 150.00
302.01, 149.00
302.37, 147.00
302.72, 146.00
303.07, 151.00
303.43, 155.00
303.78, 152.00
304.13, 156.00
304.49, 161.00
304.84, 164.00
305.19, 188.00
305.55, 152.00
305.90, 166.00
306.25, 184.00
306.61, 208.00
306.96, 236.00
307.31, 298.00
307.66, 394.00
308.02, 485.00
308.37, 563.00
308.72, 601.00
309.08, 605.00
309.43, 571.00
309.78, 496.00
310.13, 427.00
310.49, 381.00
310.84, 311.00
311.19, 279.00
311.54, 250.00
311.90, 224.00
312.25, 212.00
312.60, 218.00
312.95, 237.00
313.31, 250.00
313.66, 254.00
314.01, 267.00
314.36, 261.00
314.72, 271.00
315.07, 314.00
315.42, 338.00
315.77, 364.00
316.13, 293.00
316.48, 247.00
316.83, 206.00
317.18, 179.00
317.54, 165.00
317.89, 155.00
318.24, 165.00
318.59, 152.00
318.94, 158.00
319.30, 155.00
319.65, 159.00
320.00, 152.00
320.35, 157.00
320.70, 157.00
321.05, 153.00
321.41, 157.00
321.76, 163.00
322.11, 155.00
322.46, 159.00
322.81, 193.00
323.17, 159.00
323.52, 156.00
323.87, 154.00
324.22, 155.00
324.57, 155.00
324.92, 159.00
325.27, 155.00
325.63, 160.00
325.98, 158.00
326.33, 158.00
326.68, 158.00
327.03, 158.00
327.38, 159.00
327.73, 164.00
328.09, 171.00
328.44, 193.00
328.79, 170.00
329.14, 206.00
329.49, 173.00
329.84, 169.00
330.19, 175.00
330.54, 177.00
330.89, 178.00
331.25, 162.00
331.60, 161.00
331.95, 162.00
332.30, 158.00
332.65, 165.00
333.00, 170.00
333.35, 211.00
333.70, 214.00
334.05, 175.00
334.40, 184.00
334.75, 183.00
335.10, 216.00
335.45, 254.00
335.81, 333.00
336.16, 461.00
336.51, 602.00
336.86, 637.00
337.21, 561.00
337.56, 403.00
337.91, 290.00
338.26, 218.00
338.61, 175.00
338.96, 167.00
339.31, 158.00
339.66, 158.00
340.01, 159.00
340.36, 164.00
340.71, 150.00
341.06, 152.00
341.41, 161.00
341.76, 157.00
342.11, 163.00
342.46, 155.00
342.81, 162.00
343.16, 154.00
343.51, 153.00
343.86, 160.00
344.21, 158.00
344.56, 155.00
344.91, 151.00
345.26, 161.00
345.61, 157.00
345.96, 158.00
346.31, 153.00
346.66, 181.00
347.01, 152.00
347.36, 180.00
347.71, 152.00
348.06, 155.00
348.41, 163.00
348.76, 172.00
349.10, 162.00
349.45, 178.00
349.80, 171.00
350.15, 176.00
350.50, 167.00
350.85, 177.00
351.20, 173.00
351.55, 190.00
351.90, 200.00
352.25, 217.00
352.60, 247.00
352.95, 302.00
353.30, 318.00
353.64, 290.00
353.99, 259.00
354.34, 247.00
354.69, 241.00
355.04, 260.00
355.39, 292.00
355.74, 335.00
356.09, 395.00
356.44, 446.00
356.78, 510.00
357.13, 565.00
357.48, 550.00
357.83, 450.00
358.18, 346.00
358.53, 261.00
358.88, 201.00
359.22, 183.00
359.57, 168.00
359.92, 166.00
360.27, 160.00
360.62, 161.00
360.97, 159.00
361.32, 159.00
361.66, 161.00
362.01, 162.00
362.36, 163.00
362.71, 166.00
363.06, 172.00
363.40, 163.00
363.75, 166.00
364.10, 168.00
364.45, 168.00
364.80, 161.00
365.14, 168.00
365.49, 161.00
365.84, 163.00
366.19, 167.00
366.54, 158.00
366.88, 180.00
367.23, 160.00
367.58, 211.00
367.93, 158.00
368.28, 157.00
368.62, 157.00
368.97, 166.00
369.32, 169.00
369.67, 171.00
370.01, 188.00
370.36, 193.00
370.71, 211.00
371.06, 185.00
371.40, 177.00
371.75, 166.00
372.10, 163.00
372.45, 166.00
372.79, 166.00
373.14, 172.00
373.49, 187.00
373.83, 194.00
374.18, 212.00
374.53, 240.00
374.88, 261.00
375.22, 256.00
375.57, 234.00
375.92, 213.00
376.26, 182.00
376.61, 168.00
376.96, 157.00
377.30, 164.00
377.65, 174.00
378.00, 176.00
378.35, 188.00
378.69, 219.00
379.04, 238.00
379.39, 278.00
379.73, 304.00
380.08, 325.00
380.43, 272.00
380.77, 231.00
381.12, 216.00
381.47, 189.00
381.81, 173.00
382.16, 168.00
382.50, 168.00
382.85, 236.00
383.20, 176.00
383.54, 173.00
383.89, 183.00
384.24, 184.00
384.58, 189.00
384.93, 209.00
385.27, 200.00
385.62, 207.00
385.97, 204.00
386.31, 197.00
386.66, 227.00
387.00, 207.00
387.35, 214.00
387.70, 229.00
388.04, 329.00
388.39, 330.00
388.73, 445.00
389.08, 608.00
389.43, 872.00
389.77, 1135.00
390.12, 1478.00
390.46, 2143.00
390.81, 2359.00
391.15, 2280.00
391.50, 1723.00
391.85, 1055.00
392.19, 687.00
392.54, 408.00
392.88, 257.00
393.23, 210.00
393.57, 205.00
393.92, 190.00
394.26, 179.00
394.61, 171.00
394.95, 165.00
395.30, 157.00
395.64, 157.00
395.99, 196.00
396.33, 158.00
396.68, 162.00
397.02, 154.00
397.37, 162.00
397.71, 174.00
398.06, 175.00
398.40, 187.00
398.75, 200.00
399.09, 202.00
399.44, 208.00
399.78, 193.00
400.13, 181.00
400.47, 163.00
400.82, 163.00
401.16, 153.00
401.51, 161.00
401.85, 156.00
402.20, 158.00
402.54, 150.00
402.88, 163.00
403.23, 157.00
403.57, 171.00
403.92, 191.00
404.26, 248.00
404.61, 223.00
404.95, 251.00
405.30, 215.00
405.64, 209.00
405.98, 218.00
406.33, 187.00
406.67, 162.00
407.02, 159.00
407.36, 169.00
407.70, 173.00
408.05, 177.00
408.39, 175.00
408.74, 176.00
409.08, 186.00
409.42, 178.00
409.77, 172.00
410.11, 175.00
410.46, 170.00
410.80, 174.00
411.14, 176.00
411.49, 178.00
411.83, 185.00
412.17, 183.00
412.52, 179.00
412.86, 190.00
413.20, 187.00
413.55, 187.00
413.89, 179.00
414.23, 169.00
414.58, 209.00
414.92, 166.00
415.26, 159.00
415.61, 171.00
415.95, 163.00
416.29, 174.00
416.64, 167.00
416.98, 165.00
417.32, 180.00
417.67, 196.00
418.01, 202.00
418.35, 195.00
418.70, 222.00
419.04, 254.00
419.38, 241.00
419.72, 226.00
420.07, 213.00
420.41, 185.00
420.75, 185.00
421.10, 168.00
421.44, 171.00
421.78, 173.00
422.12, 172.00
422.47, 183.00
422.81, 193.00
423.15, 194.00
423.49, 196.00
423.84, 189.00
424.18, 201.00
424.52, 221.00
424.86, 271.00
425.21, 347.00
425.55, 402.00
425.89, 498.00
426.23, 601.00
426.57, 806.00
426.92, 907.00
427.26, 981.00
427.60, 841.00
427.94, 585.00
428.28, 414.00
428.63, 314.00
428.97, 243.00
429.31, 201.00
429.65, 174.00
429.99, 164.00
430.34, 159.00
430.68, 163.00
431.02, 170.00
431.36, 160.00
431.70, 169.00
432.04, 163.00
432.39, 162.00
432.73, 171.00
433.07, 171.00
433.41, 180.00
433.75, 182.00
434.09, 175.00
434.43, 183.00
434.78, 245.00
435.12, 294.00
435.46, 322.00
435.80, 298.00
436.14, 275.00
436.48, 236.00
436.82, 225.00
437.16, 209.00
437.51, 186.00
437.85, 183.00
438.19, 216.00
438.53, 173.00
438.87, 191.00
439.21, 180.00
439.55, 182.00
439.89, 189.00
440.23, 188.00
440.57, 184.00
440.91, 189.00
441.26, 184.00
441.60, 175.00
441.94, 180.00
442.28, 181.00
442.62, 178.00
442.96, 175.00
443.30, 168.00
443.64, 169.00
443.98, 172.00
444.32, 172.00
444.66, 171.00
445.00, 168.00
445.34, 176.00
445.68, 168.00
446.02, 170.00
446.36, 163.00
446.70, 163.00
447.04, 168.00
447.38, 191.00
447.72, 163.00
448.06, 171.00
448.40, 170.00
448.74, 165.00
449.08, 173.00
449.42, 170.00
449.76, 172.00
450.10, 166.00
450.44, 163.00
450.78, 171.00
451.12, 168.00
451.46, 173.00
451.80, 179.00
452.14, 161.00
452.48, 165.00
452.82, 164.00
453.16, 160.00
453.50, 168.00
453.84, 165.00
454.18, 205.00
454.52, 176.00
454.86, 168.00
455.19, 175.00
455.53, 176.00
455.87, 169.00
456.21, 176.00
456.55, 173.00
456.89, 175.00
457.23, 176.00
457.57, 179.00
457.91, 184.00
458.25, 187.00
458.59, 190.00
458.92, 200.00
459.26, 192.00
459.60, 204.00
459.94, 186.00
460.28, 172.00
460.62, 171.00
460.96, 166.00
461.30, 159.00
461.63, 166.00
461.97, 165.00
462.31, 165.00
462.65, 165.00
462.99, 168.00
463.33, 167.00
463.67, 175.00
464.00, 177.00
464.34, 174.00
464.68, 179.00
465.02, 192.00
465.36, 191.00
465.70, 177.00
466.03, 181.00
466.37, 169.00
466.71, 174.00
467.05, 190.00
467.39, 194.00
467.72, 220.00
468.06, 228.00
468.40, 248.00
468.74, 268.00
469.08, 266.00
469.41, 305.00
469.75, 353.00
470.09, 378.00
470.43, 383.00
470.76, 315.00
471.10, 277.00
471.44, 253.00
471.78, 229.00
472.11, 209.00
472.45, 193.00
472.79, 192.00
473.13, 186.00
473.46, 185.00
473.80, 176.00
474.14, 171.00
474.48, 173.00
474.81, 173.00
475.15, 168.00
475.49, 177.00
475.82, 177.00
476.16, 176.00
476.50, 165.00
476.84, 174.00
477.17, 162.00
477.51, 170.00
477.85, 169.00
478.18, 186.00
478.52, 171.00
478.86, 218.00
479.19, 177.00
479.53, 167.00
479.87, 211.00
480.20, 181.00
480.54, 173.00
480.88, 170.00
481.21, 176.00
481.55, 171.00
481.89, 178.00
482.22, 186.00
482.56, 184.00
482.90, 184.00
483.23, 184.00
483.57, 184.00
483.90, 197.00
484.24, 195.00
484.58, 200.00
484.91, 215.00
485.25, 220.00
485.58, 224.00
485.92, 226.00
486.26, 229.00
486.59, 229.00
486.93, 238.00
487.26, 238.00
487.60, 243.00
487.94, 233.00
488.27, 234.00
488.61, 224.00
488.94, 229.00
489.28, 226.00
489.61, 221.00
489.95, 216.00
490.29, 224.00
490.62, 223.00
490.96, 221.00
491.29, 227.00
491.63, 220.00
491.96, 208.00
492.30, 208.00
492.63, 214.00
492.97, 203.00
493.30, 203.00
493.64, 197.00
493.97, 198.00
494.31, 200.00
494.64, 205.00
494.98, 200.00
495.31, 197.00
495.65, 195.00
495.98, 200.00
496.32, 187.00
496.65, 224.00
496.99, 193.00
497.32, 185.00
497.66, 187.00
497.99, 187.00
498.33, 182.00
498.66, 181.00
499.00, 184.00
499.33, 172.00
499.67, 175.00
500.00, 177.00
500.34, 187.00
500.67, 197.00
501.00, 185.00
501.34, 189.00
501.67, 181.00
502.01, 173.00
502.34, 175.00
502.68, 176.00
503.01, 182.00
503.34, 182.00
503.68, 177.00
504.01, 177.00
504.35, 187.00
504.68, 179.00
505.01, 184.00
505.35, 184.00
505.68, 182.00
506.02, 179.00
506.35, 185.00
506.68, 197.00
507.02, 193.00
507.35, 180.00
507.68, 183.00
508.02, 189.00
508.35, 187.00
508.69, 175.00
509.02, 176.00
509.35, 176.00
509.69, 171.00
510.02, 180.00
510.35, 177.00
510.69, 173.00
511.02, 169.00
511.35, 172.00
511.69, 167.00
512.02, 163.00
512.35, 176.00
512.68, 175.00
513.02, 175.00
513.35, 172.00
513.68, 165.00
514.02, 173.00
514.35, 170.00
514.68, 169.00
515.01, 163.00
515.35, 172.00
515.68, 165.00
516.01, 160.00
516.35, 163.00
516.68, 158.00
517.01, 163.00
517.34, 163.00
517.68, 166.00
518.01, 178.00
518.34, 164.00
518.67, 168.00
519.01, 170.00
519.34, 179.00
519.67, 184.00
520.00, 179.00
520.33, 178.00
520.67, 184.00
521.00, 185.00
521.33, 187.00
521.66, 199.00
522.00, 200.00
522.33, 191.00
522.66, 189.00
522.99, 178.00
523.32, 188.00
523.65, 176.00
523.99, 172.00
524.32, 176.00
524.65, 173.00
524.98, 179.00
525.31, 173.00
525.65, 204.00
525.98, 176.00
526.31, 175.00
526.64, 179.00
526.97, 175.00
527.30, 169.00
527.63, 169.00
527.97, 169.00
528.30, 162.00
528.63, 173.00
528.96, 193.00
529.29, 163.00
529.62, 163.00
529.95, 156.00
530.28, 161.00
530.61, 160.00
530.95, 157.00
531.28, 165.00
531.61, 173.00
531.94, 179.00
532.27, 185.00
532.60, 185.00
532.93, 186.00
533.26, 180.00
533.59, 172.00
533.92, 172.00
534.25, 163.00
534.58, 206.00
534.91, 167.00
535.25, 164.00
535.58, 168.00
535.91, 163.00
536.24, 172.00
536.57, 178.00
536.90, 176.00
537.23, 183.00
537.56, 227.00
537.89, 187.00
538.22, 185.00
538.55, 203.00
538.88, 211.00
539.21, 318.00
539.54, 228.00
539.87, 227.00
540.20, 261.00
540.53, 289.00
540.86, 349.00
541.19, 376.00
541.52, 387.00
541.85, 415.00
542.18, 442.00
542.51, 450.00
542.84, 462.00
543.17, 472.00
543.50, 447.00
543.82, 443.00
544.15, 425.00
544.48, 426.00
544.81, 453.00
545.14, 494.00
545.47, 450.00
545.80, 435.00
546.13, 363.00
546.46, 361.00
546.79, 341.00
547.12, 289.00
547.45, 274.00
547.78, 261.00
548.10, 258.00
548.43, 256.00
548.76, 251.00
549.09, 234.00
549.42, 237.00
549.75, 233.00
550.08, 226.00
550.41, 228.00
550.74, 227.00
551.06, 214.00
551.39, 226.00
551.72, 216.00
552.05, 210.00
552.38, 205.00
552.71, 200.00
553.03, 199.00
553.36, 191.00
553.69, 191.00
554.02, 180.00
554.35, 192.00
554.68, 179.00
555.00, 183.00
555.33, 181.00
555.66, 179.00
555.99, 197.00
556.32, 183.00
556.64, 187.00
556.97, 201.00
557.30, 191.00
557.63, 198.00
557.96, 188.00
558.28, 200.00
558.61, 199.00
558.94, 196.00
559.27, 197.00
559.59, 191.00
559.92, 189.00
560.25, 194.00
560.58, 194.00
560.90, 196.00
561.23, 186.00
561.56, 183.00
561.89, 184.00
562.21, 179.00
562.54, 178.00
562.87, 177.00
563.20, 174.00
563.52, 173.00
563.85, 163.00
564.18, 179.00
564.50, 167.00
564.83, 194.00
565.16, 223.00
565.48, 163.00
565.81, 170.00
566.14, 158.00
566.47, 155.00
566.79, 159.00
567.12, 157.00
567.45, 185.00
567.77, 159.00
568.10, 162.00
568.43, 162.00
568.75, 160.00
569.08, 169.00
569.40, 195.00
569.73, 162.00
570.06, 162.00
570.38, 155.00
570.71, 161.00
571.04, 158.00
571.36, 161.00
571.69, 165.00
572.01, 163.00
572.34, 161.00
572.67, 162.00
572.99, 163.00
573.32, 168.00
573.64, 161.00
573.97, 159.00
574.30, 164.00
574.62, 158.00
574.95, 163.00
575.27, 151.00
575.60, 168.00
575.92, 169.00
576.25, 177.00
576.58, 177.00
576.90, 172.00
577.23, 201.00
577.55, 172.00
577.88, 182.00
578.20, 182.00
578.53, 180.00
578.85, 196.00
579.18, 198.00
579.50, 185.00
579.83, 193.00
580.15, 200.00
580.48, 194.00
580.80, 197.00
581.13, 200.00
581.45, 197.00
581.78, 199.00
582.10, 201.00
582.43, 212.00
582.75, 200.00
583.08, 208.00
583.40, 205.00
583.73, 268.00
584.05, 211.00
584.38, 201.00
584.70, 244.00
585.03, 198.00
585.35, 205.00
585.67, 215.00
586.00, 224.00
586.32, 250.00
586.65, 265.00
586.97, 255.00
587.30, 255.00
587.62, 236.00
587.94, 234.00
588.27, 217.00
588.59, 206.00
588.92, 199.00
589.24, 198.00
589.56, 205.00
589.89, 201.00
590.21, 195.00
590.54, 188.00
590.86, 188.00
591.18, 186.00
591.51, 197.00
591.83, 205.00
592.15, 205.00
592.48, 205.00
592.80, 206.00
593.13, 196.00
593.45, 199.00
593.77, 190.00
594.10, 190.00
594.42, 193.00
594.74, 189.00
595.07, 193.00
595.39, 191.00
595.71, 198.00
596.03, 199.00
596.36, 204.00
596.68, 194.00
597.00, 208.00
597.33, 207.00
597.65, 213.00
597.97, 215.00
598.30, 213.00
598.62, 210.00
598.94, 216.00
599.26, 209.00
599.59, 217.00
599.91, 204.00
600.23, 205.00
600.55, 203.00
600.88, 199.00
601.20, 190.00
601.52, 183.00
601.84, 180.00
602.17, 183.00
602.49, 174.00
602.81, 168.00
603.13, 180.00
603.45, 178.00
603.78, 174.00
604.10, 172.00
604.42, 168.00
604.74, 171.00
605.07, 170.00
605.39, 169.00
605.71, 171.00
606.03, 174.00
606.35, 169.00
606.67, 177.00
607.00, 181.00
607.32, 184.00
607.64, 184.00
607.96, 182.00
608.28, 188.00
608.60, 190.00
608.93, 205.00
609.25, 240.00
609.57, 300.00
609.89, 376.00
610.21, 445.00
610.53, 486.00
610.85, 476.00
611.17, 456.00
611.50, 408.00
611.82, 382.00
612.14, 357.00
612.46, 334.00
612.78, 318.00
613.10, 300.00
613.42, 282.00
613.74, 285.00
614.06, 292.00
614.38, 277.00
614.70, 264.00
615.03, 261.00
615.35, 258.00
615.67, 326.00
615.99, 230.00
616.31, 209.00
616.63, 209.00
616.95, 202.00
617.27, 191.00
617.59, 181.00
617.91, 195.00
618.23, 197.00
618.55, 186.00
618.87, 181.00
619.19, 188.00
619.51, 188.00
619.83, 184.00
620.15, 188.00
620.47, 182.00
620.79, 184.00
621.11, 196.00
621.43, 190.00
621.75, 191.00
622.07, 188.00
622.39, 181.00
622.71, 183.00
623.03, 185.00
623.35, 223.00
623.67, 182.00
623.99, 186.00
624.31, 180.00
624.63, 187.00
624.95, 182.00
625.26, 187.00
625.58, 175.00
625.90, 202.00
626.22, 173.00
626.54, 174.00
626.86, 180.00
627.18, 177.00
627.50, 182.00
627.82, 177.00
628.14, 173.00
628.46, 182.00
628.77, 176.00
629.09, 187.00
629.41, 192.00
629.73, 194.00
630.05, 214.00
630.37, 212.00
630.69, 207.00
631.00, 205.00
631.32, 203.00
631.64, 192.00
631.96, 181.00
632.28, 182.00
632.60, 183.00
632.92, 178.00
633.23, 182.00
633.55, 178.00
633.87, 180.00
634.19, 179.00
634.51, 182.00
634.82, 200.00
635.14, 191.00
635.46, 187.00
635.78, 186.00
636.10, 185.00
636.41, 192.00
636.73, 189.00
637.05, 182.00
637.37, 187.00
637.68, 186.00
638.00, 181.00
638.32, 190.00
638.64, 192.00
638.95, 207.00
639.27, 200.00
639.59, 202.00
639.91, 194.00
640.22, 191.00
640.54, 189.00
640.86, 181.00
641.18, 195.00
641.49, 195.00
641.81, 183.00
642.13, 185.00
642.44, 168.00
642.76, 166.00
643.08, 170.00
643.40, 175.00
643.71, 171.00
644.03, 173.00
644.35, 180.00
644.66, 193.00
644.98, 181.00
645.30, 179.00
645.61, 188.00
645.93, 168.00
646.25, 163.00
646.56, 169.00
646.88, 197.00
647.19, 161.00
647.51, 163.00
647.83, 160.00
648.14, 153.00
648.46, 159.00
648.78, 162.00
649.09, 162.00
649.41, 204.00
649.72, 169.00
650.04, 167.00
650.36, 167.00
650.67, 166.00
650.99, 163.00
651.30, 166.00
651.62, 168.00
651.93, 167.00
652.25, 173.00
652.57, 205.00
652.88, 162.00
653.20, 170.00
653.51, 163.00
653.83, 162.00
654.14, 165.00
654.46, 164.00
654.77, 160.00
655.09, 173.00
655.40, 177.00
655.72, 162.00
656.04, 160.00
656.35, 170.00
656.67, 159.00
656.98, 163.00
657.30, 159.00
657.61, 161.00
657.93, 163.00
658.24, 165.00
658.55, 200.00
658.87, 171.00
659.18, 164.00
659.50, 166.00
659.81, 171.00
660.13, 164.00
660.44, 159.00
660.76, 168.00
661.07, 179.00
661.39, 164.00
661.70, 168.00
662.01, 162.00
662.33, 164.00
662.64, 163.00
662.96, 165.00
663.27, 164.00
663.59, 160.00
663.90, 159.00
664.21, 153.00
664.53, 177.00
664.84, 160.00
665.16, 181.00
665.47, 161.00
665.78, 154.00
666.10, 167.00
666.41, 176.00
666.72, 184.00
667.04, 201.00
667.35, 190.00
667.67, 185.00
667.98, 181.00
668.29, 169.00
668.61, 170.00
668.92, 165.00
669.23, 169.00
669.55, 168.00
669.86, 185.00
670.17, 168.00
670.48, 158.00
670.80, 158.00
671.11, 157.00
671.42, 153.00
671.74, 164.00
672.05, 161.00
672.36, 157.00
672.68, 153.00
672.99, 157.00
673.30, 159.00
673.61, 157.00
673.93, 157.00
674.24, 153.00
674.55, 158.00
674.86, 156.00
675.18, 162.00
675.49, 165.00
675.80, 155.00
676.11, 164.00
676.43, 163.00
676.74, 165.00
677.05, 166.00
677.36, 180.00
677.67, 161.00
677.99, 170.00
678.30, 165.00
678.61, 162.00
678.92, 163.00
679.23, 173.00
679.55, 164.00
679.86, 167.00
680.17, 166.00
680.48, 174.00
680.79, 165.00
681.10, 164.00
681.42, 164.00
681.73, 161.00
682.04, 158.00
682.35, 160.00
682.66, 159.00
682.97, 153.00
683.28, 164.00
683.60, 161.00
683.91, 152.00
684.22, 174.00
684.53, 161.00
684.84, 155.00
685.15, 154.00
685.46, 180.00
685.77, 154.00
686.08, 155.00
686.40, 190.00
686.71, 163.00
687.02, 156.00
687.33, 160.00
687.64, 151.00
687.95, 156.00
688.26, 154.00
688.57, 153.00
688.88, 152.00
689.19, 148.00
689.50, 150.00
689.81, 156.00
690.12, 153.00
690.43, 167.00
690.74, 154.00
691.05, 154.00
691.36, 161.00
691.67, 149.00
691.98, 150.00
692.29, 153.00
692.60, 158.00
692.91, 152.00
693.22, 156.00
693.53, 152.00
693.84, 155.00
694.15, 156.00
694.46, 152.00
694.77, 145.00
695.08, 150.00
695.39, 159.00
695.70, 149.00
696.01, 152.00
696.32, 144.00
696.63, 149.00
696.94, 156.00
697.25, 152.00
697.56, 155.00
697.87, 154.00
698.17, 190.00
698.48, 154.00
698.79, 153.00
699.10, 153.00
699.41, 152.00
699.72, 150.00
700.03, 153.00
700.34, 154.00
700.65, 153.00
700.95, 153.00
701.26, 156.00
701.57, 153.00
701.88, 156.00
702.19, 163.00
702.50, 157.00
702.81, 151.00
703.11, 178.00
703.42, 155.00
703.73, 164.00
704.04, 159.00
704.35, 168.00
704.66, 185.00
704.96, 269.00
705.27, 364.00
705.58, 431.00
705.89, 428.00
706.20, 360.00
706.50, 310.00
706.81, 292.00
707.12, 255.00
707.43, 236.00
707.73, 208.00
708.04, 183.00
708.35, 172.00
708.66, 165.00
708.97, 161.00
709.27, 166.00
709.58, 157.00
709.89, 154.00
710.19, 157.00
710.50, 159.00
710.81, 154.00
711.12, 166.00
711.42, 162.00
711.73, 168.00
712.04, 158.00
712.35, 165.00
712.65, 159.00
712.96, 161.00
713.27, 160.00
713.57, 176.00
713.88, 168.00
714.19, 153.00
714.49, 150.00
714.80, 152.00
715.11, 154.00
715.41, 153.00
715.72, 154.00
716.03, 149.00
716.33, 159.00
716.64, 152.00
716.94, 155.00
717.25, 149.00
717.56, 158.00
717.86, 156.00
718.17, 151.00
718.48, 148.00
718.78, 151.00
719.09, 154.00
719.39, 153.00
719.70, 149.00
720.01, 150.00
720.31, 152.00
720.62, 147.00
720.92, 148.00
721.23, 158.00
721.53, 153.00
721.84, 151.00
722.15, 157.00
722.45, 148.00
722.76, 150.00
723.06, 148.00
723.37, 155.00
723.67, 149.00
723.98, 155.00
724.28, 151.00
724.59, 157.00
724.89, 155.00
725.20, 153.00
725.50, 162.00
725.81, 156.00
726.11, 157.00
726.42, 154.00
726.72, 160.00
727.03, 199.00
727.33, 174.00
727.64, 174.00
727.94, 161.00
728.25, 158.00
728.55, 153.00
728.86, 175.00
729.16, 156.00
729.46, 151.00
729.77, 156.00
730.07, 154.00
730.38, 153.00
730.68, 153.00
730.99, 160.00
731.29, 151.00
731.59, 152.00
731.90, 150.00
732.20, 150.00
732.51, 153.00
732.81, 153.00
733.11, 158.00
733.42, 147.00
733.72, 153.00
734.02, 152.00
734.33, 147.00
734.63, 151.00
734.94, 145.00
735.24, 149.00
735.54, 153.00
735.85, 152.00
736.15, 151.00
736.45, 145.00
736.76, 151.00
737.06, 146.00
737.36, 154.00
737.67, 153.00
737.97, 149.00
738.27, 149.00
738.57, 150.00
738.88, 150.00
739.18, 186.00
739.48, 155.00
739.79, 150.00
740.09, 152.00
740.39, 153.00
740.69, 153.00
741.00, 150.00
741.30, 156.00
741.60, 148.00
741.90, 149.00
742.21, 152.00
742.51, 192.00
742.81, 151.00
743.11, 145.00
743.42, 170.00
743.72, 150.00
744.02, 150.00
744.32, 144.00
744.63, 156.00
744.93, 155.00
745.23, 150.00
745.53, 161.00
745.83, 156.00
746.13, 153.00
746.44, 153.00
746.74, 142.00
747.04, 152.00
747.34, 152.00
747.64, 154.00
747.94, 152.00
748.25, 162.00
748.55, 153.00
748.85, 154.00
749.15, 157.00
749.45, 179.00
749.75, 161.00
750.05, 157.00
750.35, 156.00
750.66, 164.00
750.96, 160.00
751.26, 149.00
751.56, 154.00
751.86, 154.00
752.16, 149.00
752.46, 152.00
752.76, 151.00
753.06, 149.00
753.36, 185.00
753.66, 151.00
753.96, 151.00
754.27, 147.00
754.57, 144.00
754.87, 147.00
755.17, 145.00
755.47, 146.00
755.77, 150.00
756.07, 148.00
756.37, 149.00
756.67, 156.00
756.97, 147.00
757.27, 151.00
757.57, 146.00
757.87, 153.00
758.17, 148.00
758.47, 152.00
758.77, 150.00
759.07, 150.00
759.37, 158.00
759.67, 150.00
759.97, 156.00
760.27, 152.00
760.57, 149.00
760.86, 154.00
761.16, 152.00
761.46, 152.00
761.76, 184.00
762.06, 151.00
762.36, 159.00
762.66, 155.00
762.96, 150.00
763.26, 154.00
763.56, 182.00
763.86, 154.00
764.16, 148.00
764.45, 165.00
764.75, 151.00
765.05, 154.00
765.35, 148.00
765.65, 149.00
765.95, 143.00
766.25, 151.00
766.55, 155.00
766.84, 154.00
767.14, 152.00
767.44, 148.00
767.74, 149.00
768.04, 154.00
768.34, 157.00
768.63, 157.00
768.93, 150.00
769.23, 150.00
769.53, 148.00
769.83, 152.00
770.12, 157.00
770.42, 153.00
770.72, 149.00
771.02, 151.00
771.32, 148.00
771.61, 154.00
771.91, 154.00
772.21, 147.00
772.51, 155.00
772.80, 153.00
773.10, 153.00
773.40, 156.00
773.70, 153.00
773.99, 155.00
774.29, 156.00
774.59, 169.00
774.88, 154.00
775.18, 165.00
775.48, 230.00
775.78, 392.00
776.07, 546.00
776.37, 612.00
776.67, 563.00
776.96, 428.00
777.26, 372.00
777.56, 287.00
777.85, 258.00
778.15, 249.00
778.45, 226.00
778.74, 214.00
779.04, 195.00
779.34, 178.00
779.63, 167.00
779.93, 161.00
780.22, 152.00
780.52, 151.00
780.82, 151.00
781.11, 151.00
781.41, 151.00
781.71, 149.00
782.00, 148.00
782.30, 148.00
782.59, 158.00
782.89, 150.00
783.19, 154.00
783.48, 151.00
783.78, 149.00
784.07, 154.00
784.37, 154.00
784.66, 155.00
784.96, 146.00
785.25, 151.00
785.55, 145.00
785.84, 150.00
786.14, 152.00
786.44, 147.00
786.73, 149.00
787.03, 146.00
787.32, 146.00
787.62, 146.00
787.91, 149.00
788.21, 154.00
788.50, 147.00
788.80, 157.00
789.09, 154.00
789.39, 152.00
789.68, 141.00
789.97, 148.00
790.27, 142.00
790.56, 152.00
790.86, 159.00
791.15, 148.00
791.45, 144.00
791.74, 169.00
792.04, 148.00
792.33, 151.00
792.62, 176.00
792.92, 145.00
793.21, 149.00
793.51, 152.00
793.80, 142.00
794.09, 151.00
794.39, 151.00
794.68, 150.00
794.98, 147.00
795.27, 147.00
795.56, 145.00
795.86, 151.00
796.15, 149.00
796.44, 151.00
796.74, 146.00
797.03, 141.00
797.32, 148.00
797.62, 144.00
797.91, 154.00
798.20, 147.00
798.50, 154.00
798.79, 152.00
799.08, 148.00
799.38, 145.00
799.67, 145.00
799.96, 154.00
800.26, 172.00
800.55, 147.00
800.84, 150.00
801.13, 144.00
801.43, 148.00
801.72, 189.00
802.01, 147.00
802.30, 143.00
802.60, 149.00
802.89, 152.00
803.18, 150.00
803.47, 147.00
803.77, 152.00
804.06, 149.00
804.35, 153.00
804.64, 165.00
804.94, 148.00
805.23, 148.00
805.52, 152.00
805.81, 152.00
806.10, 150.00
806.39, 149.00
806.69, 146.00
806.98, 143.00
807.27, 151.00
807.56, 156.00
807.85, 153.00
808.14, 151.00
808.44, 148.00
808.73, 150.00
809.02, 162.00
809.31, 149.00
809.60, 154.00
809.89, 160.00
810.18, 150.00
810.48, 154.00
810.77, 150.00
811.06, 148.00
811.35, 147.00
811.64, 153.00
811.93, 169.00
812.22, 148.00
812.51, 146.00
812.80, 146.00
813.09, 149.00
813.38, 149.00
813.67, 168.00
813.96, 150.00
814.26, 148.00
814.55, 145.00
814.84, 147.00
815.13, 152.00
815.42, 145.00
815.71, 145.00
816.00, 143.00
816.29, 156.00
816.58, 148.00
816.87, 150.00
817.16, 145.00
817.45, 154.00
817.74, 154.00
818.03, 149.00
818.32, 148.00
818.61, 150.00
818.90, 152.00
819.19, 148.00
819.48, 145.00
819.76, 147.00
820.05, 153.00
820.34, 144.00
820.63, 147.00
820.92, 151.00
821.21, 146.00
821.50, 144.00
821.79, 151.00
822.08, 147.00
822.37, 152.00
822.66, 145.00
822.95, 152.00
823.23, 147.00
823.52, 164.00
823.81, 147.00
824.10, 143.00
824.39, 149.00
824.68, 148.00
824.97, 164.00
825.26, 145.00
825.54, 192.00
825.83, 150.00
826.12, 145.00
826.41, 149.00
826.70, 148.00
826.99, 153.00
827.27, 151.00
827.56, 163.00
827.85, 150.00
828.14, 144.00
828.43, 149.00
828.71, 152.00
829.00, 144.00
829.29, 146.00
829.58, 144.00
829.86, 148.00
830.15, 146.00
830.44, 149.00
830.73, 151.00
831.01, 148.00
831.30, 142.00
831.59, 151.00
831.88, 148.00
832.16, 154.00
832.45, 153.00
832.74, 147.00
833.03, 146.00
833.31, 154.00
833.60, 152.00
833.89, 146.00
834.17, 148.00
834.46, 150.00
834.75, 149.00
835.03, 145.00
835.32, 149.00
835.61, 147.00
835.89, 158.00
836.18, 148.00
836.47, 146.00
836.75, 145.00
837.04, 151.00
837.33, 151.00
837.61, 150.00
837.90, 143.00
838.19, 150.00
838.47, 146.00
838.76, 150.00
839.04, 145.00
839.33, 148.00
839.62, 145.00
839.90, 149.00
840.19, 146.00
840.47, 146.00
840.76, 171.00
841.04, 146.00
841.33, 152.00
841.62, 147.00
841.90, 152.00
842.19, 147.00
842.47, 178.00
842.76, 150.00
843.04, 151.00
843.33, 171.00
843.61, 158.00
843.90, 161.00
844.18, 165.00
844.47, 160.00
844.75, 167.00
845.04, 154.00
845.32, 158.00
845.61, 153.00
845.89, 154.00
846.18, 156.00
846.46, 149.00
846.75, 150.00
847.03, 160.00
847.32, 149.00
847.60, 151.00
847.88, 148.00
848.17, 149.00
848.45, 160.00
848.74, 154.00
849.02, 145.00
849.31, 140.00
849.59, 146.00
849.87, 147.00
850.16, 146.00
850.44, 150.00
850.73, 174.00
851.01, 151.00
851.29, 147.00
851.58, 148.00
851.86, 146.00
852.14, 143.00
852.43, 149.00
852.71, 144.00
853.00, 151.00
853.28, 151.00
853.56, 150.00
853.85, 152.00
854.13, 150.00
854.41, 146.00
854.69, 147.00
854.98, 147.00
855.26, 196.00
855.54, 145.00
855.83, 147.00
856.11, 153.00
856.39, 153.00
856.68, 146.00
856.96, 145.00
857.24, 145.00
857.52, 151.00
857.81, 140.00
858.09, 147.00
858.37, 146.00
858.65, 144.00
858.94, 143.00
859.22, 146.00
