190.05, 0.00
190.41, 134.00
190.77, 136.00
191.14, 141.00
191.50, 138.00
191.86, 162.00
192.22, 145.00
192.58, 145.00
192.94, 151.00
193.31, 143.00
193.67, 141.00
194.03, 153.00
194.39, 143.00
194.75, 146.00
195.11, 154.00
195.47, 162.00
195.84, 145.00
196.20, 145.00
196.56, 164.00
196.92, 141.00
197.28, 147.00
197.64, 150.00
198.00, 144.00
198.37, 152.00
198.73, 144.00
199.09, 144.00
199.45, 144.00
199.81, 149.00
200.17, 151.00
200.53, 145.00
200.89, 150.00
201.25, 176.00
201.62, 142.00
201.98, 143.00
202.34, 150.00
202.70, 153.00
203.06, 146.00
203.42, 138.00
203.78, 147.00
204.14, 142.00
204.50, 171.00
204.86, 155.00
205.22, 155.00
205.58, 150.00
205.95, 148.00
206.31, 149.00
206.67, 145.00
207.03, 153.00
207.39, 156.00
207.75, 148.00
208.11, 149.00
208.47, 145.00
208.83, 148.00
209.19, 146.00
209.55, 148.00
209.91, 146.00
210.27, 149.00
210.63, 146.00
210.99, 151.00
211.35, 148.00
211.71, 149.00
212.07, 148.00
212.43, 149.00
212.79, 147.00
213.15, 139.00
213.51, 148.00
213.87, 146.00
214.23, 145.00
214.59, 147.00
214.95, 142.00
215.31, 151.00
215.67, 149.00
216.03, 175.00
216.39, 143.00
216.75, 145.00
217.11, 150.00
217.47, 147.00
217.83, 148.00
218.19, 149.00
218.55, 150.00
218.91, 148.00
219.27, 149.00
219.63, 149.00
219.99, 147.00
220.35, 145.00
220.71, 153.00
221.07, 146.00
221.43, 149.00
221.79, 148.00
222.15, 155.00
222.51, 140.00
222.87, 141.00
223.23, 144.00
223.59, 142.00
223.95, 145.00
224.31, 147.00
224.67, 148.00
225.03, 147.00
225.39, 150.00
225.74, 152.00
226.10, 149.00
226.46, 143.00
226.82, 148.00
227.18, 150.00
227.54, 150.00
227.90, 144.00
228.26, 151.00
228.62, 156.00
228.98, 146.00
229.34, 140.00
229.69, 140.00
230.05, 149.00
230.41, 144.00
230.77, 156.00
231.13, 148.00
231.49, 148.00
231.85, 142.00
232.21, 150.00
232.57, 147.00
232.92, 146.00
233.28, 143.00
233.64, 151.00
234.00, 144.00
234.36, 144.00
234.72, 147.00
235.08, 152.00
235.44, 149.00
235.79, 142.00
236.15, 145.00
236.51, 144.00
236.87, 141.00
237.23, 147.00
237.59, 146.00
237.94, 153.00
238.30, 148.00
238.66, 143.00
239.02, 136.00
239.38, 145.00
239.74, 143.00
240.09, 154.00
240.45, 145.00
240.81, 148.00
241.17, 156.00
241.53, 146.00
241.89, 146.00
242.24, 144.00
242.60, 146.00
242.96, 155.00
243.32, 145.00
243.68, 144.00
244.03, 147.00
244.39, 147.00
244.75, 168.00
245.11, 152.00
245.46, 150.00
245.82, 173.00
246.18, 146.00
246.54, 150.00
246.90, 143.00
247.25, 143.00
247.61, 147.00
247.97, 179.00
248.33, 145.00
248.68, 144.00
249.04, 145.00
249.40, 141.00
249.76, 148.00
250.11, 148.00
250.47, 146.00
250.83, 148.00
251.19, 147.00
251.54, 149.00
251.90, 145.00
252.26, 150.00
252.62, 138.00
252.97, 149.00
253.33, 142.00
253.69, 142.00
254.05, 149.00
254.40, 144.00
254.76, 147.00
255.12, 173.00
255.47, 151.00
255.83, 147.00
256.19, 149.00
256.54, 149.00
256.90, 138.00
257.26, 147.00
257.62, 150.00
257.97, 147.00
258.33, 154.00
258.69, 150.00
259.04, 146.00
259.40, 138.00
259.76, 147.00
260.11, 141.00
260.47, 144.00
260.83, 150.00
261.18, 145.00
261.54, 152.00
261.90, 147.00
262.25, 144.00
262.61, 145.00
262.97, 145.00
263.32, 138.00
263.68, 138.00
264.04, 152.00
264.39, 142.00
264.75, 144.00
265.10, 145.00
265.46, 191.00
265.82, 160.00
266.17, 148.00
266.53, 139.00
266.89, 149.00
267.24, 150.00
267.60, 140.00
267.95, 143.00
268.31, 146.00
268.67, 143.00
269.02, 143.00
269.38, 144.00
269.74, 149.00
270.09, 146.00
270.45, 148.00
270.80, 165.00
271.16, 146.00
271.51, 143.00
271.87, 149.00
272.23, 151.00
272.58, 149.00
272.94, 144.00
273.29, 145.00
273.65, 191.00
274.00, 147.00
274.36, 150.00
274.72, 148.00
275.07, 150.00
275.43, 148.00
275.78, 150.00
276.14, 146.00
276.49, 147.00
276.85, 155.00
277.20, 166.00
277.56, 143.00
277.92, 143.00
278.27, 151.00
278.63, 150.00
278.98, 147.00
279.34, 144.00
279.69, 143.00
280.05, 163.00
280.40, 148.00
280.76, 160.00
281.11, 152.00
281.47, 145.00
281.82, 149.00
282.18, 151.00
282.53, 151.00
282.89, 156.00
283.24, 158.00
283.60, 154.00
283.95, 159.00
284.31, 148.00
284.66, 151.00
285.02, 152.00
285.37, 157.00
285.73, 153.00
286.08, 162.00
286.44, 149.00
286.79, 156.00
287.14, 153.00
287.50, 155.00
287.85, 148.00
288.21, 154.00
288.56, 148.00
288.92, 153.00
289.27, 150.00
289.63, 149.00
289.98, 154.00
290.34, 146.00
290.69, 158.00
291.04, 145.00
291.40, 144.00
291.75, 145.00
292.11, 153.00
292.46, 151.00
292.81, 161.00
293.17, 150.00
293.52, 146.00
293.88, 149.00
294.23, 150.00
294.59, 153.00
294.94, 158.00
295.29, 157.00
295.65, 167.00
296.00, 180.00
296.36, 164.00
296.71, 162.00
297.06, 165.00
297.42, 167.00
297.77, 170.00
298.12, 157.00
298.48, 160.00
298.83, 161.00
299.19, 154.00
299.54, 156.00
299.89, 151.00
300.25, 159.00
300.60, 162.00
300.95, 157.00
301.31, 152.00
301.66, 150.00
302.01, 155.00
302.37, 155.00
302.72, 146.00
303.07, 150.00
303.43, 157.00
303.78, 152.00
304.13, 153.00
304.49, 158.00
304.84, 159.00
305.19, 196.00
305.55, 156.00
305.90, 165.00
306.25, 187.00
306.61, 227.00
306.96, 253.00
307.31, 322.00
307.66, 425.00
308.02, 535.00
308.37, 625.00
308.72, 666.00
309.08, 650.00
309.43, 632.00
309.78, 533.00
310.13, 469.00
310.49, 429.00
310.84, 335.00
311.19, 294.00
311.54, 268.00
311.90, 233.00
312.25, 219.00
312.60, 221.00
312.95, 251.00
313.31, 269.00
313.66, 271.00
314.01, 274.00
314.36, 285.00
314.72, 276.00
315.07, 339.00
315.42, 404.00
315.77, 434.00
316.13, 358.00
316.48, 276.00
316.83, 226.00
317.18, 194.00
317.54, 172.00
317.89, 165.00
318.24, 158.00
318.59, 158.00
318.94, 152.00
319.30, 158.00
319.65, 164.00
320.00, 158.00
320.35, 153.00
320.70, 152.00
321.05, 160.00
321.41, 156.00
321.76, 163.00
322.11, 152.00
322.46, 150.00
322.81, 194.00
323.17, 158.00
323.52, 150.00
323.87, 151.00
324.22, 153.00
324.57, 156.00
324.92, 157.00
325.27, 153.00
325.63, 161.00
325.98, 154.00
326.33, 165.00
326.68, 154.00
327.03, 157.00
327.38, 156.00
327.73, 162.00
328.09, 175.00
328.44, 208.00
328.79, 172.00
329.14, 204.00
329.49, 176.00
329.84, 183.00
330.19, 178.00
330.54, 171.00
330.89, 174.00
331.25, 162.00
331.60, 168.00
331.95, 163.00
332.30, 162.00
332.65, 158.00
333.00, 166.00
333.35, 214.00
333.70, 216.00
334.05, 180.00
334.40, 178.00
334.75, 196.00
335.10, 233.00
335.45, 292.00
335.81, 408.00
336.16, 599.00
336.51, 810.00
336.86, 846.00
337.21, 768.00
337.56, 516.00
337.91, 350.00
338.26, 249.00
338.61, 188.00
338.96, 170.00
339.31, 159.00
339.66, 157.00
340.01, 165.00
340.36, 160.00
340.71, 153.00
341.06, 154.00
341.41, 157.00
341.76, 154.00
342.11, 154.00
342.46, 150.00
342.81, 154.00
343.16, 153.00
343.51, 157.00
343.86, 155.00
344.21, 151.00
344.56, 155.00
344.91, 156.00
345.26, 156.00
345.61, 149.00
345.96, 148.00
346.31, 156.00
346.66, 174.00
347.01, 154.00
347.36, 174.00
347.71, 154.00
348.06, 152.00
348.41, 168.00
348.76, 172.00
349.10, 172.00
349.45, 176.00
349.80, 172.00
350.15, 171.00
350.50, 174.00
350.85, 179.00
351.20, 166.00
351.55, 187.00
351.90, 210.00
352.25, 229.00
352.60, 269.00
352.95, 332.00
353.30, 373.00
353.64, 337.00
353.99, 287.00
354.34, 249.00
354.69, 248.00
355.04, 257.00
355.39, 294.00
355.74, 356.00
356.09, 437.00
356.44, 521.00
356.78, 657.00
357.13, 731.00
357.48, 702.00
357.83, 556.00
358.18, 406.00
358.53, 299.00
358.88, 215.00
359.22, 193.00
359.57, 164.00
359.92, 157.00
360.27, 149.00
360.62, 153.00
360.97, 155.00
361.32, 154.00
361.66, 159.00
362.01, 156.00
362.36, 157.00
362.71, 158.00
363.06, 153.00
363.40, 155.00
363.75, 155.00
364.10, 164.00
364.45, 160.00
364.80, 157.00
365.14, 156.00
365.49, 156.00
365.84, 159.00
366.19, 162.00
366.54, 162.00
366.88, 180.00
367.23, 169.00
367.58, 210.00
367.93, 158.00
368.28, 157.00
368.62, 158.00
368.97, 170.00
369.32, 171.00
369.67, 172.00
370.01, 197.00
370.36, 193.00
370.71, 216.00
371.06, 197.00
371.40, 188.00
371.75, 169.00
372.10, 163.00
372.45, 160.00
372.79, 167.00
373.14, 172.00
373.49, 186.00
373.83, 207.00
374.18, 235.00
374.53, 277.00
374.88, 300.00
375.22, 298.00
375.57, 275.00
375.92, 229.00
376.26, 190.00
376.61, 173.00
376.96, 156.00
377.30, 170.00
377.65, 179.00
378.00, 177.00
378.35, 209.00
378.69, 242.00
379.04, 270.00
379.39, 345.00
379.73, 408.00
380.08, 400.00
380.43, 343.00
380.77, 266.00
381.12, 240.00
381.47, 211.00
381.81, 175.00
382.16, 165.00
382.50, 163.00
382.85, 231.00
383.20, 166.00
383.54, 161.00
383.89, 161.00
384.24, 166.00
384.58, 174.00
384.93, 198.00
385.27, 192.00
385.62, 195.00
385.97, 181.00
386.31, 185.00
386.66, 213.00
387.00, 189.00
387.35, 194.00
387.70, 212.00
388.04, 310.00
388.39, 308.00
388.73, 407.00
389.08, 535.00
389.43, 743.00
389.77, 931.00
390.12, 1228.00
390.46, 1777.00
390.81, 1930.00
391.15, 1885.00
391.50, 1405.00
391.85, 876.00
392.19, 570.00
392.54, 343.00
392.88, 234.00
393.23, 209.00
393.57, 214.00
393.92, 201.00
394.26, 184.00
394.61, 177.00
394.95, 169.00
395.30, 162.00
395.64, 153.00
395.99, 200.00
396.33, 164.00
396.68, 160.00
397.02, 162.00
397.37, 165.00
397.71, 175.00
398.06, 189.00
398.40, 195.00
398.75, 220.00
399.09, 230.00
399.44, 230.00
399.78, 219.00
400.13, 191.00
400.47, 174.00
400.82, 158.00
401.16, 156.00
401.51, 160.00
401.85, 153.00
402.20, 157.00
402.54, 163.00
402.88, 164.00
403.23, 160.00
403.57, 182.00
403.92, 206.00
404.26, 271.00
404.61, 232.00
404.95, 280.00
405.30, 244.00
405.64, 234.00
405.98, 239.00
406.33, 196.00
406.67, 164.00
407.02, 165.00
407.36, 165.00
407.70, 168.00
408.05, 160.00
408.39, 163.00
408.74, 172.00
409.08, 171.00
409.42, 158.00
409.77, 160.00
410.11, 164.00
410.46, 157.00
410.80, 166.00
411.14, 167.00
411.49, 166.00
411.83, 171.00
412.17, 167.00
412.52, 169.00
412.86, 180.00
413.20, 181.00
413.55, 180.00
413.89, 175.00
414.23, 171.00
414.58, 207.00
414.92, 158.00
415.26, 160.00
415.61, 163.00
415.95, 169.00
416.29, 165.00
416.64, 169.00
416.98, 166.00
417.32, 182.00
417.67, 196.00
418.01, 200.00
418.35, 202.00
418.70, 221.00
419.04, 255.00
419.38, 236.00
419.72, 229.00
420.07, 213.00
420.41, 187.00
420.75, 181.00
421.10, 167.00
421.44, 173.00
421.78, 170.00
422.12, 167.00
422.47, 175.00
422.81, 183.00
423.15, 198.00
423.49, 192.00
423.84, 185.00
424.18, 194.00
424.52, 211.00
424.86, 254.00
425.21, 319.00
425.55, 358.00
425.89, 451.00
426.23, 536.00
426.57, 698.00
426.92, 775.00
427.26, 839.00
427.60, 703.00
427.94, 498.00
428.28, 364.00
428.63, 280.00
428.97, 218.00
429.31, 184.00
429.65, 173.00
429.99, 168.00
430.34, 159.00
430.68, 158.00
431.02, 162.00
431.36, 162.00
431.70, 166.00
432.04, 167.00
432.39, 167.00
432.73, 172.00
433.07, 179.00
433.41, 181.00
433.75, 186.00
434.09, 179.00
434.43, 188.00
434.78, 244.00
435.12, 297.00
435.46, 339.00
435.80, 313.00
436.14, 274.00
436.48, 221.00
436.82, 210.00
437.16, 192.00
437.51, 179.00
437.85, 172.00
438.19, 204.00
438.53, 171.00
438.87, 182.00
439.21, 170.00
439.55, 182.00
439.89, 178.00
440.23, 181.00
440.57, 173.00
440.91, 181.00
441.26, 174.00
441.60, 173.00
441.94, 168.00
442.28, 176.00
442.62, 168.00
442.96, 163.00
443.30, 162.00
443.64, 163.00
443.98, 175.00
444.32, 174.00
444.66, 162.00
445.00, 166.00
445.34, 179.00
445.68, 165.00
446.02, 169.00
446.36, 163.00
446.70, 166.00
447.04, 174.00
447.38, 198.00
447.72, 172.00
448.06, 180.00
448.40, 175.00
448.74, 169.00
449.08, 170.00
449.42, 166.00
449.76, 173.00
450.10, 163.00
450.44, 165.00
450.78, 167.00
451.12, 169.00
451.46, 168.00
451.80, 175.00
452.14, 163.00
452.48, 167.00
452.82, 166.00
453.16, 163.00
453.50, 165.00
453.84, 165.00
454.18, 199.00
454.52, 169.00
454.86, 164.00
455.19, 179.00
455.53, 179.00
455.87, 171.00
456.21, 181.00
456.55, 171.00
456.89, 173.00
457.23, 180.00
457.57, 177.00
457.91, 178.00
458.25, 179.00
458.59, 192.00
458.92, 196.00
459.26, 197.00
459.60, 203.00
459.94, 197.00
460.28, 180.00
460.62, 173.00
460.96, 169.00
461.30, 165.00
461.63, 165.00
461.97, 162.00
462.31, 163.00
462.65, 170.00
462.99, 168.00
463.33, 176.00
463.67, 171.00
464.00, 172.00
464.34, 181.00
464.68, 176.00
465.02, 192.00
465.36, 181.00
465.70, 172.00
466.03, 185.00
466.37, 178.00
466.71, 173.00
467.05, 177.00
467.39, 189.00
467.72, 203.00
468.06, 215.00
468.40, 227.00
468.74, 238.00
469.08, 252.00
469.41, 267.00
469.75, 304.00
470.09, 331.00
470.43, 327.00
470.76, 281.00
471.10, 256.00
471.44, 225.00
471.78, 206.00
472.11, 194.00
472.45, 181.00
472.79, 185.00
473.13, 175.00
473.46, 173.00
473.80, 167.00
474.14, 167.00
474.48, 173.00
474.81, 164.00
475.15, 163.00
475.49, 169.00
475.82, 171.00
476.16, 165.00
476.50, 169.00
476.84, 166.00
477.17, 163.00
477.51, 166.00
477.85, 164.00
478.18, 181.00
478.52, 166.00
478.86, 224.00
479.19, 172.00
479.53, 169.00
479.87, 214.00
480.20, 180.00
480.54, 171.00
480.88, 169.00
481.21, 171.00
481.55, 167.00
481.89, 169.00
482.22, 182.00
482.56, 186.00
482.90, 180.00
483.23, 185.00
483.57, 191.00
483.90, 197.00
484.24, 207.00
484.58, 209.00
484.91, 215.00
485.25, 227.00
485.58, 234.00
485.92, 233.00
486.26, 234.00
486.59, 235.00
486.93, 236.00
487.26, 237.00
487.60, 231.00
487.94, 226.00
488.27, 237.00
488.61, 237.00
488.94, 237.00
489.28, 223.00
489.61, 231.00
489.95, 221.00
490.29, 227.00
490.62, 222.00
490.96, 221.00
491.29, 227.00
491.63, 220.00
491.96, 213.00
492.30, 212.00
492.63, 212.00
492.97, 209.00
493.30, 212.00
493.64, 204.00
493.97, 195.00
494.31, 198.00
494.64, 208.00
494.98, 211.00
495.31, 204.00
495.65, 201.00
495.98, 202.00
496.32, 192.00
496.65, 231.00
496.99, 193.00
497.32, 189.00
497.66, 192.00
497.99, 186.00
498.33, 180.00
498.66, 182.00
499.00, 184.00
499.33, 172.00
499.67, 181.00
500.00, 176.00
500.34, 187.00
500.67, 188.00
501.00, 184.00
501.34, 181.00
501.67, 176.00
502.01, 175.00
502.34, 169.00
502.68, 174.00
503.01, 176.00
503.34, 168.00
503.68, 174.00
504.01, 170.00
504.35, 175.00
504.68, 175.00
505.01, 169.00
505.35, 171.00
505.68, 175.00
506.02, 178.00
506.35, 180.00
506.68, 194.00
507.02, 186.00
507.35, 177.00
507.68, 179.00
508.02, 177.00
508.35, 175.00
508.69, 171.00
509.02, 163.00
509.35, 169.00
509.69, 161.00
510.02, 176.00
510.35, 164.00
510.69, 167.00
511.02, 169.00
511.35, 163.00
511.69, 170.00
512.02, 161.00
512.35, 173.00
512.68, 168.00
513.02, 167.00
513.35, 167.00
513.68, 165.00
514.02, 169.00
514.35, 166.00
514.68, 178.00
515.01, 161.00
515.35, 170.00
515.68, 161.00
516.01, 155.00
516.35, 163.00
516.68, 161.00
517.01, 164.00
517.34, 159.00
517.68, 162.00
518.01, 170.00
518.34, 159.00
518.67, 159.00
519.01, 168.00
519.34, 169.00
519.67, 179.00
520.00, 172.00
520.33, 172.00
520.67, 174.00
521.00, 172.00
521.33, 183.00
521.66, 193.00
522.00, 189.00
522.33, 187.00
522.66, 177.00
522.99, 176.00
523.32, 175.00
523.65, 169.00
523.99, 166.00
524.32, 170.00
524.65, 172.00
524.98, 173.00
525.31, 165.00
525.65, 201.00
525.98, 170.00
526.31, 165.00
526.64, 173.00
526.97, 169.00
527.30, 164.00
527.63, 164.00
527.97, 160.00
528.30, 161.00
528.63, 172.00
528.96, 187.00
529.29, 161.00
529.62, 168.00
529.95, 162.00
530.28, 159.00
530.61, 160.00
530.95, 159.00
531.28, 155.00
531.61, 164.00
531.94, 171.00
532.27, 181.00
532.60, 178.00
532.93, 178.00
533.26, 169.00
533.59, 165.00
533.92, 172.00
534.25, 162.00
534.58, 200.00
534.91, 168.00
535.25, 167.00
535.58, 169.00
535.91, 166.00
536.24, 168.00
536.57, 178.00
536.90, 173.00
537.23, 182.00
537.56, 224.00
537.89, 193.00
538.22, 195.00
538.55, 205.00
538.88, 205.00
539.21, 322.00
539.54, 234.00
539.87, 246.00
540.20, 272.00
540.53, 306.00
540.86, 376.00
541.19, 390.00
541.52, 420.00
541.85, 441.00
542.18, 458.00
542.51, 467.00
542.84, 482.00
543.17, 482.00
543.50, 471.00
543.82, 461.00
544.15, 447.00
544.48, 450.00
544.81, 477.00
545.14, 521.00
545.47, 477.00
545.80, 469.00
546.13, 376.00
546.46, 382.00
546.79, 346.00
547.12, 294.00
547.45, 283.00
547.78, 266.00
548.10, 266.00
548.43, 256.00
548.76, 253.00
549.09, 246.00
549.42, 238.00
549.75, 231.00
550.08, 223.00
550.41, 220.00
550.74, 231.00
551.06, 220.00
551.39, 229.00
551.72, 212.00
552.05, 212.00
552.38, 200.00
552.71, 200.00
553.03, 201.00
553.36, 199.00
553.69, 189.00
554.02, 186.00
554.35, 182.00
554.68, 179.00
555.00, 179.00
555.33, 177.00
555.66, 178.00
555.99, 200.00
556.32, 176.00
556.64, 182.00
556.97, 184.00
557.30, 183.00
557.63, 184.00
557.96, 186.00
558.28, 179.00
558.61, 176.00
558.94, 183.00
559.27, 180.00
559.59, 183.00
559.92, 176.00
560.25, 182.00
560.58, 174.00
560.90, 179.00
561.23, 175.00
561.56, 169.00
561.89, 180.00
562.21, 174.00
562.54, 166.00
562.87, 168.00
563.20, 177.00
563.52, 167.00
563.85, 164.00
564.18, 183.00
564.50, 162.00
564.83, 199.00
565.16, 218.00
565.48, 159.00
565.81, 169.00
566.14, 153.00
566.47, 158.00
566.79, 161.00
567.12, 156.00
567.45, 184.00
567.77, 156.00
568.10, 163.00
568.43, 161.00
568.75, 157.00
569.08, 157.00
569.40, 195.00
569.73, 162.00
570.06, 159.00
570.38, 151.00
570.71, 152.00
571.04, 154.00
571.36, 164.00
571.69, 166.00
572.01, 154.00
572.34, 156.00
572.67, 164.00
572.99, 159.00
573.32, 176.00
573.64, 152.00
573.97, 159.00
574.30, 156.00
574.62, 157.00
574.95, 157.00
575.27, 165.00
575.60, 165.00
575.92, 178.00
576.25, 181.00
576.58, 185.00
576.90, 173.00
577.23, 207.00
577.55, 178.00
577.88, 181.00
578.20, 183.00
578.53, 187.00
578.85, 204.00
579.18, 196.00
579.50, 197.00
579.83, 198.00
580.15, 201.00
580.48, 192.00
580.80, 199.00
581.13, 198.00
581.45, 189.00
581.78, 194.00
582.10, 205.00
582.43, 210.00
582.75, 206.00
583.08, 210.00
583.40, 204.00
583.73, 273.00
584.05, 207.00
584.38, 205.00
584.70, 249.00
585.03, 210.00
585.35, 204.00
585.67, 217.00
586.00, 230.00
586.32, 257.00
586.65, 269.00
586.97, 260.00
587.30, 256.00
587.62, 229.00
587.94, 237.00
588.27, 211.00
588.59, 205.00
588.92, 199.00
589.24, 200.00
589.56, 205.00
589.89, 201.00
590.21, 197.00
590.54, 187.00
590.86, 191.00
591.18, 190.00
591.51, 197.00
591.83, 208.00
592.15, 212.00
592.48, 203.00
592.80, 201.00
593.13, 198.00
593.45, 196.00
593.77, 197.00
594.10, 189.00
594.42, 191.00
594.74, 181.00
595.07, 183.00
595.39, 180.00
595.71, 188.00
596.03, 189.00
596.36, 187.00
596.68, 185.00
597.00, 184.00
597.33, 192.00
597.65, 200.00
597.97, 194.00
598.30, 193.00
598.62, 200.00
598.94, 196.00
599.26, 193.00
599.59, 200.00
599.91, 197.00
600.23, 192.00
600.55, 185.00
600.88, 190.00
601.20, 181.00
601.52, 181.00
601.84, 171.00
602.17, 176.00
602.49, 170.00
602.81, 163.00
603.13, 169.00
603.45, 173.00
603.78, 168.00
604.10, 170.00
604.42, 161.00
604.74, 163.00
605.07, 165.00
605.39, 170.00
605.71, 168.00
606.03, 173.00
606.35, 171.00
606.67, 184.00
607.00, 175.00
607.32, 177.00
607.64, 187.00
607.96, 185.00
608.28, 192.00
608.60, 196.00
608.93, 212.00
609.25, 248.00
609.57, 316.00
609.89, 405.00
610.21, 476.00
610.53, 518.00
610.85, 519.00
611.17, 479.00
611.50, 436.00
611.82, 398.00
612.14, 378.00
612.46, 345.00
612.78, 332.00
613.10, 310.00
613.42, 288.00
613.74, 291.00
614.06, 298.00
614.38, 274.00
614.70, 265.00
615.03, 258.00
615.35, 261.00
615.67, 341.00
615.99, 218.00
616.31, 206.00
616.63, 201.00
616.95, 197.00
617.27, 188.00
617.59, 186.00
617.91, 189.00
618.23, 193.00
618.55, 184.00
618.87, 188.00
619.19, 187.00
619.51, 183.00
619.83, 190.00
620.15, 189.00
620.47, 191.00
620.79, 187.00
621.11, 194.00
621.43, 188.00
621.75, 189.00
622.07, 188.00
622.39, 183.00
622.71, 185.00
623.03, 187.00
623.35, 227.00
623.67, 186.00
623.99, 183.00
624.31, 179.00
624.63, 184.00
624.95, 177.00
625.26, 185.00
625.58, 181.00
625.90, 207.00
626.22, 176.00
626.54, 176.00
626.86, 181.00
627.18, 175.00
627.50, 176.00
627.82, 174.00
628.14, 181.00
628.46, 180.00
628.77, 180.00
629.09, 193.00
629.41, 196.00
629.73, 197.00
630.05, 210.00
630.37, 208.00
630.69, 214.00
631.00, 208.00
631.32, 196.00
631.64, 188.00
631.96, 186.00
632.28, 179.00
632.60, 171.00
632.92, 173.00
633.23, 174.00
633.55, 175.00
633.87, 170.00
634.19, 169.00
634.51, 174.00
634.82, 187.00
635.14, 178.00
635.46, 176.00
635.78, 176.00
636.10, 174.00
636.41, 176.00
636.73, 171.00
637.05, 176.00
637.37, 180.00
637.68, 175.00
638.00, 170.00
638.32, 178.00
638.64, 178.00
638.95, 202.00
639.27, 184.00
639.59, 189.00
639.91, 184.00
640.22, 182.00
640.54, 175.00
640.86, 178.00
641.18, 186.00
641.49, 192.00
641.81, 179.00
642.13, 184.00
642.44, 169.00
642.76, 169.00
643.08, 169.00
643.40, 165.00
643.71, 179.00
644.03, 174.00
644.35, 172.00
644.66, 177.00
644.98, 183.00
645.30, 166.00
645.61, 188.00
645.93, 161.00
646.25, 161.00
646.56, 173.00
646.88, 197.00
647.19, 161.00
647.51, 161.00
647.83, 160.00
648.14, 160.00
648.46, 153.00
648.78, 158.00
649.09, 161.00
649.41, 212.00
649.72, 169.00
650.04, 178.00
650.36, 175.00
650.67, 167.00
650.99, 173.00
651.30, 168.00
651.62, 163.00
651.93, 171.00
652.25, 181.00
652.57, 204.00
652.88, 167.00
653.20, 173.00
653.51, 163.00
653.83, 169.00
654.14, 159.00
654.46, 162.00
654.77, 172.00
655.09, 169.00
655.40, 173.00
655.72, 169.00
656.04, 164.00
656.35, 167.00
656.67, 162.00
656.98, 165.00
657.30, 159.00
657.61, 164.00
657.93, 164.00
658.24, 167.00
658.55, 204.00
658.87, 171.00
659.18, 171.00
659.50, 165.00
659.81, 171.00
660.13, 171.00
660.44, 159.00
660.76, 168.00
661.07, 188.00
661.39, 171.00
661.70, 168.00
662.01, 164.00
662.33, 162.00
662.64, 169.00
662.96, 166.00
663.27, 158.00
663.59, 157.00
663.90, 158.00
664.21, 157.00
664.53, 178.00
664.84, 166.00
665.16, 188.00
665.47, 160.00
665.78, 155.00
666.10, 169.00
666.41, 176.00
666.72, 187.00
667.04, 195.00
667.35, 177.00
667.67, 176.00
667.98, 169.00
668.29, 171.00
668.61, 164.00
668.92, 166.00
669.23, 160.00
669.55, 164.00
669.86, 189.00
670.17, 162.00
670.48, 158.00
670.80, 154.00
671.11, 151.00
671.42, 158.00
671.74, 156.00
672.05, 151.00
672.36, 163.00
672.68, 158.00
672.99, 157.00
673.30, 153.00
673.61, 153.00
673.93, 156.00
674.24, 155.00
674.55, 161.00
674.86, 162.00
675.18, 157.00
675.49, 164.00
675.80, 165.00
676.11, 164.00
676.43, 166.00
676.74, 162.00
677.05, 157.00
677.36, 169.00
677.67, 163.00
677.99, 165.00
678.30, 156.00
678.61, 160.00
678.92, 162.00
679.23, 164.00
679.55, 159.00
679.86, 165.00
680.17, 162.00
680.48, 157.00
680.79, 165.00
681.10, 153.00
681.42, 163.00
681.73, 154.00
682.04, 154.00
682.35, 151.00
682.66, 152.00
682.97, 154.00
683.28, 155.00
683.60, 161.00
683.91, 154.00
684.22, 172.00
684.53, 159.00
684.84, 158.00
685.15, 157.00
685.46, 178.00
685.77, 159.00
686.08, 156.00
686.40, 192.00
686.71, 158.00
687.02, 155.00
687.33, 158.00
687.64, 151.00
687.95, 151.00
688.26, 153.00
688.57, 152.00
688.88, 151.00
689.19, 147.00
689.50, 152.00
689.81, 152.00
690.12, 150.00
690.43, 165.00
690.74, 153.00
691.05, 150.00
691.36, 157.00
691.67, 148.00
691.98, 151.00
692.29, 148.00
692.60, 151.00
692.91, 152.00
693.22, 151.00
693.53, 149.00
693.84, 150.00
694.15, 149.00
694.46, 149.00
694.77, 154.00
695.08, 153.00
695.39, 159.00
695.70, 151.00
696.01, 155.00
696.32, 147.00
696.63, 151.00
696.94, 154.00
697.25, 153.00
697.56, 156.00
697.87, 157.00
698.17, 193.00
698.48, 154.00
698.79, 152.00
699.10, 145.00
699.41, 152.00
699.72, 153.00
700.03, 152.00
700.34, 148.00
700.65, 150.00
700.95, 154.00
701.26, 152.00
701.57, 148.00
701.88, 142.00
702.19, 162.00
702.50, 158.00
702.81, 156.00
703.11, 172.00
703.42, 158.00
703.73, 150.00
704.04, 159.00
704.35, 169.00
704.66, 179.00
704.96, 268.00
705.27, 344.00
705.58, 396.00
705.89, 396.00
706.20, 331.00
706.50, 287.00
706.81, 272.00
707.12, 241.00
707.43, 219.00
707.73, 201.00
708.04, 182.00
708.35, 175.00
708.66, 162.00
708.97, 157.00
709.27, 159.00
709.58, 160.00
709.89, 154.00
710.19, 154.00
710.50, 155.00
710.81, 158.00
711.12, 161.00
711.42, 161.00
711.73, 161.00
712.04, 162.00
712.35, 154.00
712.65, 161.00
712.96, 156.00
713.27, 152.00
713.57, 174.00
713.88, 167.00
714.19, 149.00
714.49, 150.00
714.80, 154.00
715.11, 152.00
715.41, 148.00
715.72, 146.00
716.03, 149.00
716.33, 152.00
716.64, 147.00
716.94, 151.00
717.25, 150.00
717.56, 159.00
717.86, 152.00
718.17, 148.00
718.48, 143.00
718.78, 147.00
719.09, 148.00
719.39, 143.00
719.70, 145.00
720.01, 148.00
720.31, 143.00
720.62, 148.00
720.92, 147.00
721.23, 150.00
721.53, 155.00
721.84, 149.00
722.15, 154.00
722.45, 148.00
722.76, 147.00
723.06, 150.00
723.37, 151.00
723.67, 145.00
723.98, 148.00
724.28, 147.00
724.59, 156.00
724.89, 155.00
725.20, 149.00
725.50, 156.00
725.81, 152.00
726.11, 151.00
726.42, 154.00
726.72, 162.00
727.03, 200.00
727.33, 163.00
727.64, 172.00
727.94, 158.00
728.25, 157.00
728.55, 154.00
728.86, 172.00
729.16, 149.00
729.46, 150.00
729.77, 155.00
730.07, 143.00
730.38, 147.00
730.68, 149.00
730.99, 159.00
731.29, 148.00
731.59, 155.00
731.90, 149.00
732.20, 148.00
732.51, 151.00
732.81, 149.00
733.11, 150.00
733.42, 149.00
733.72, 150.00
734.02, 153.00
734.33, 146.00
734.63, 150.00
734.94, 148.00
735.24, 153.00
735.54, 143.00
735.85, 147.00
736.15, 148.00
736.45, 144.00
736.76, 152.00
737.06, 144.00
737.36, 145.00
737.67, 149.00
737.97, 150.00
738.27, 150.00
738.57, 146.00
738.88, 145.00
739.18, 182.00
739.48, 149.00
739.79, 151.00
740.09, 156.00
740.39, 151.00
740.69, 155.00
741.00, 144.00
741.30, 155.00
741.60, 149.00
741.90, 148.00
742.21, 150.00
742.51, 194.00
742.81, 149.00
743.11, 141.00
743.42, 178.00
743.72, 151.00
744.02, 157.00
744.32, 151.00
744.63, 151.00
744.93, 154.00
745.23, 155.00
745.53, 154.00
745.83, 154.00
746.13, 150.00
746.44, 146.00
746.74, 151.00
747.04, 150.00
747.34, 150.00
747.64, 156.00
747.94, 151.00
748.25, 155.00
748.55, 156.00
748.85, 152.00
749.15, 160.00
749.45, 178.00
749.75, 166.00
750.05, 155.00
750.35, 152.00
750.66, 168.00
750.96, 153.00
751.26, 153.00
751.56, 150.00
751.86, 154.00
752.16, 149.00
752.46, 147.00
752.76, 146.00
753.06, 146.00
753.36, 188.00
753.66, 149.00
753.96, 148.00
754.27, 146.00
754.57, 151.00
754.87, 149.00
755.17, 147.00
755.47, 145.00
755.77, 143.00
756.07, 152.00
756.37, 147.00
756.67, 151.00
756.97, 150.00
757.27, 154.00
757.57, 145.00
757.87, 151.00
758.17, 152.00
758.47, 156.00
758.77, 155.00
759.07, 150.00
759.37, 147.00
759.67, 150.00
759.97, 153.00
760.27, 151.00
760.57, 150.00
760.86, 146.00
761.16, 154.00
761.46, 149.00
761.76, 186.00
762.06, 146.00
762.36, 153.00
762.66, 150.00
762.96, 149.00
763.26, 151.00
763.56, 181.00
763.86, 152.00
764.16, 146.00
764.45, 165.00
764.75, 151.00
765.05, 145.00
765.35, 142.00
765.65, 142.00
765.95, 147.00
766.25, 152.00
766.55, 154.00
766.84, 152.00
767.14, 149.00
767.44, 143.00
767.74, 148.00
768.04, 149.00
768.34, 149.00
768.63, 150.00
768.93, 148.00
769.23, 154.00
769.53, 150.00
769.83, 153.00
770.12, 153.00
770.42, 150.00
770.72, 154.00
771.02, 150.00
771.32, 149.00
771.61, 154.00
771.91, 155.00
772.21, 149.00
772.51, 152.00
772.80, 156.00
773.10, 151.00
773.40, 158.00
773.70, 150.00
773.99, 156.00
774.29, 156.00
774.59, 156.00
774.88, 146.00
775.18, 158.00
775.48, 223.00
775.78, 347.00
776.07, 455.00
776.37, 490.00
776.67, 433.00
776.96, 335.00
777.26, 324.00
777.56, 240.00
777.85, 229.00
778.15, 210.00
778.45, 205.00
778.74, 192.00
779.04, 178.00
779.34, 166.00
779.63, 162.00
779.93, 152.00
780.22, 144.00
780.52, 148.00
780.82, 144.00
781.11, 143.00
781.41, 145.00
781.71, 142.00
782.00, 147.00
782.30, 152.00
782.59, 154.00
782.89, 151.00
783.19, 139.00
783.48, 142.00
783.78, 143.00
784.07, 152.00
784.37, 151.00
784.66, 148.00
784.96, 140.00
785.25, 143.00
785.55, 150.00
785.84, 148.00
786.14, 148.00
786.44, 146.00
786.73, 146.00
787.03, 144.00
787.32, 145.00
787.62, 147.00
787.91, 141.00
788.21, 152.00
788.50, 149.00
788.80, 143.00
789.09, 148.00
789.39, 152.00
789.68, 145.00
789.97, 148.00
790.27, 145.00
790.56, 146.00
790.86, 153.00
791.15, 151.00
791.45, 145.00
791.74, 166.00
792.04, 148.00
792.33, 150.00
792.62, 172.00
792.92, 144.00
793.21, 145.00
793.51, 157.00
793.80, 148.00
794.09, 143.00
794.39, 140.00
794.68, 143.00
794.98, 144.00
795.27, 146.00
795.56, 148.00
795.86, 140.00
796.15, 156.00
796.44, 152.00
796.74, 147.00
797.03, 146.00
797.32, 143.00
797.62, 139.00
797.91, 156.00
798.20, 148.00
798.50, 150.00
798.79, 154.00
799.08, 151.00
799.38, 147.00
799.67, 143.00
799.96, 154.00
800.26, 169.00
800.55, 148.00
800.84, 150.00
801.13, 148.00
801.43, 146.00
801.72, 188.00
802.01, 150.00
802.30, 147.00
802.60, 145.00
802.89, 154.00
803.18, 147.00
803.47, 147.00
803.77, 151.00
804.06, 151.00
804.35, 143.00
804.64, 165.00
804.94, 146.00
805.23, 140.00
805.52, 142.00
805.81, 148.00
806.10, 141.00
806.39, 140.00
806.69, 145.00
806.98, 146.00
807.27, 143.00
807.56, 148.00
807.85, 146.00
808.14, 139.00
808.44, 150.00
808.73, 150.00
809.02, 164.00
809.31, 149.00
809.60, 151.00
809.89, 153.00
810.18, 142.00
810.48, 154.00
810.77, 149.00
811.06, 146.00
811.35, 149.00
811.64, 156.00
811.93, 167.00
812.22, 148.00
812.51, 146.00
812.80, 143.00
813.09, 142.00
813.38, 144.00
813.67, 162.00
813.96, 149.00
814.26, 144.00
814.55, 146.00
814.84, 142.00
815.13, 151.00
815.42, 143.00
815.71, 146.00
816.00, 145.00
816.29, 154.00
816.58, 150.00
816.87, 141.00
817.16, 142.00
817.45, 146.00
817.74, 145.00
818.03, 144.00
818.32, 144.00
818.61, 148.00
818.90, 142.00
819.19, 148.00
819.48, 143.00
819.76, 145.00
820.05, 144.00
820.34, 149.00
820.63, 147.00
820.92, 145.00
821.21, 148.00
821.50, 144.00
821.79, 148.00
822.08, 146.00
822.37, 148.00
822.66, 146.00
822.95, 151.00
823.23, 149.00
823.52, 162.00
823.81, 149.00
824.10, 149.00
824.39, 146.00
824.68, 146.00
824.97, 162.00
825.26, 146.00
825.54, 192.00
825.83, 146.00
826.12, 145.00
826.41, 142.00
826.70, 135.00
826.99, 151.00
827.27, 144.00
827.56, 155.00
827.85, 141.00
828.14, 143.00
828.43, 148.00
828.71, 150.00
829.00, 144.00
829.29, 142.00
829.58, 147.00
829.86, 146.00
830.15, 146.00
830.44, 147.00
830.73, 148.00
831.01, 145.00
831.30, 144.00
831.59, 147.00
831.88, 146.00
832.16, 145.00
832.45, 152.00
832.74, 145.00
833.03, 144.00
833.31, 148.00
833.60, 149.00
833.89, 146.00
834.17, 148.00
834.46, 141.00
834.75, 141.00
835.03, 139.00
835.32, 141.00
835.61, 143.00
835.89, 158.00
836.18, 149.00
836.47, 149.00
836.75, 146.00
837.04, 149.00
837.33, 147.00
837.61, 146.00
837.90, 144.00
838.19, 145.00
838.47, 143.00
838.76, 144.00
839.04, 143.00
839.33, 143.00
839.62, 144.00
839.90, 139.00
840.19, 145.00
840.47, 148.00
840.76, 178.00
841.04, 145.00
841.33, 148.00
841.62, 144.00
841.90, 149.00
842.19, 145.00
842.47, 178.00
842.76, 148.00
843.04, 148.00
843.33, 171.00
843.61, 157.00
843.90, 159.00
844.18, 157.00
844.47, 159.00
844.75, 158.00
845.04, 150.00
845.32, 151.00
845.61, 150.00
845.89, 150.00
846.18, 149.00
846.46, 146.00
846.75, 143.00
847.03, 159.00
847.32, 146.00
847.60, 141.00
847.88, 143.00
848.17, 146.00
848.45, 160.00
848.74, 148.00
849.02, 144.00
849.31, 143.00
849.59, 147.00
849.87, 143.00
850.16, 145.00
850.44, 149.00
850.73, 168.00
851.01, 151.00
851.29, 143.00
851.58, 145.00
851.86, 142.00
852.14, 147.00
852.43, 147.00
852.71, 145.00
853.00, 143.00
853.28, 150.00
853.56, 146.00
853.85, 146.00
854.13, 144.00
854.41, 144.00
854.69, 147.00
854.98, 141.00
855.26, 197.00
855.54, 144.00
855.83, 144.00
856.11, 144.00
856.39, 140.00
856.68, 145.00
856.96, 148.00
857.24, 143.00
857.52, 144.00
857.81, 142.00
858.09, 141.00
858.37, 150.00
858.65, 146.00
858.94, 146.00
859.22, 144.00
