190.05, 0.00
190.41, 144.00
190.77, 142.00
191.14, 143.00
191.50, 148.00
191.86, 163.00
192.22, 154.00
192.58, 153.00
192.94, 151.00
193.31, 154.00
193.67, 154.00
194.03, 159.00
194.39, 150.00
194.75, 150.00
195.11, 157.00
195.47, 162.00
195.84, 150.00
196.20, 149.00
196.56, 164.00
196.92, 155.00
197.28, 156.00
197.64, 150.00
198.00, 148.00
198.37, 151.00
198.73, 149.00
199.09, 148.00
199.45, 150.00
199.81, 148.00
200.17, 156.00
200.53, 151.00
200.89, 157.00
201.25, 181.00
201.62, 148.00
201.98, 145.00
202.34, 151.00
202.70, 155.00
203.06, 150.00
203.42, 149.00
203.78, 151.00
204.14, 153.00
204.50, 174.00
204.86, 159.00
205.22, 160.00
205.58, 156.00
205.95, 152.00
206.31, 148.00
206.67, 151.00
207.03, 153.00
207.39, 159.00
207.75, 153.00
208.11, 142.00
208.47, 148.00
208.83, 153.00
209.19, 147.00
209.55, 150.00
209.91, 146.00
210.27, 150.00
210.63, 148.00
210.99, 162.00
211.35, 146.00
211.71, 154.00
212.07, 142.00
212.43, 153.00
212.79, 151.00
213.15, 148.00
213.51, 153.00
213.87, 153.00
214.23, 151.00
214.59, 151.00
214.95, 149.00
215.31, 153.00
215.67, 148.00
216.03, 181.00
216.39, 150.00
216.75, 149.00
217.11, 158.00
217.47, 152.00
217.83, 150.00
218.19, 153.00
218.55, 154.00
218.91, 155.00
219.27, 150.00
219.63, 151.00
219.99, 149.00
220.35, 152.00
220.71, 161.00
221.07, 156.00
221.43, 156.00
221.79, 149.00
222.15, 151.00
222.51, 151.00
222.87, 153.00
223.23, 154.00
223.59, 151.00
223.95, 147.00
224.31, 150.00
224.67, 157.00
225.03, 157.00
225.39, 160.00
225.74, 152.00
226.10, 149.00
226.46, 155.00
226.82, 159.00
227.18, 155.00
227.54, 147.00
227.90, 153.00
228.26, 151.00
228.62, 158.00
228.98, 150.00
229.34, 150.00
229.69, 150.00
230.05, 157.00
230.41, 152.00
230.77, 149.00
231.13, 151.00
231.49, 153.00
231.85, 148.00
232.21, 158.00
232.57, 155.00
232.92, 149.00
233.28, 148.00
233.64, 149.00
234.00, 146.00
234.36, 147.00
234.72, 145.00
235.08, 149.00
235.44, 149.00
235.79, 152.00
236.15, 157.00
236.51, 145.00
236.87, 150.00
237.23, 157.00
237.59, 145.00
237.94, 159.00
238.30, 154.00
238.66, 151.00
239.02, 148.00
239.38, 153.00
239.74, 148.00
240.09, 164.00
240.45, 151.00
240.81, 146.00
241.17, 155.00
241.53, 146.00
241.89, 152.00
242.24, 149.00
242.60, 151.00
242.96, 149.00
243.32, 152.00
243.68, 152.00
244.03, 154.00
244.39, 154.00
244.75, 170.00
245.11, 153.00
245.46, 154.00
245.82, 180.00
246.18, 150.00
246.54, 154.00
246.90, 153.00
247.25, 150.00
247.61, 147.00
247.97, 181.00
248.33, 153.00
248.68, 149.00
249.04, 142.00
249.40, 146.00
249.76, 157.00
250.11, 148.00
250.47, 152.00
250.83, 153.00
251.19, 159.00
251.54, 152.00
251.90, 150.00
252.26, 152.00
252.62, 148.00
252.97, 152.00
253.33, 151.00
253.69, 152.00
254.05, 153.00
254.40, 151.00
254.76, 146.00
255.12, 173.00
255.47, 158.00
255.83, 153.00
256.19, 152.00
256.54, 146.00
256.90, 147.00
257.26, 155.00
257.62, 150.00
257.97, 145.00
258.33, 157.00
258.69, 149.00
259.04, 143.00
259.40, 150.00
259.76, 151.00
260.11, 143.00
260.47, 145.00
260.83, 154.00
261.18, 150.00
261.54, 151.00
261.90, 149.00
262.25, 148.00
262.61, 148.00
262.97, 143.00
263.32, 143.00
263.68, 145.00
264.04, 152.00
264.39, 148.00
264.75, 149.00
265.10, 149.00
265.46, 187.00
265.82, 162.00
266.17, 148.00
266.53, 148.00
266.89, 154.00
267.24, 155.00
267.60, 153.00
267.95, 149.00
268.31, 149.00
268.67, 146.00
269.02, 146.00
269.38, 149.00
269.74, 155.00
270.09, 145.00
270.45, 148.00
270.80, 165.00
271.16, 153.00
271.51, 153.00
271.87, 154.00
272.23, 152.00
272.58, 153.00
272.94, 154.00
273.29, 157.00
273.65, 196.00
274.00, 150.00
274.36, 152.00
274.72, 151.00
275.07, 145.00
275.43, 146.00
275.78, 154.00
276.14, 148.00
276.49, 154.00
276.85, 165.00
277.20, 166.00
277.56, 153.00
277.92, 144.00
278.27, 152.00
278.63, 154.00
278.98, 145.00
279.34, 147.00
279.69, 154.00
280.05, 168.00
280.40, 153.00
280.76, 161.00
281.11, 155.00
281.47, 144.00
281.82, 150.00
282.18, 149.00
282.53, 157.00
282.89, 161.00
283.24, 158.00
283.60, 152.00
283.95, 153.00
284.31, 151.00
284.66, 144.00
285.02, 149.00
285.37, 145.00
285.73, 150.00
286.08, 155.00
286.44, 154.00
286.79, 160.00
287.14, 160.00
287.50, 155.00
287.85, 150.00
288.21, 152.00
288.56, 150.00
288.92, 146.00
289.27, 147.00
289.63, 148.00
289.98, 155.00
290.34, 144.00
290.69, 157.00
291.04, 148.00
291.40, 147.00
291.75, 147.00
292.11, 152.00
292.46, 151.00
292.81, 158.00
293.17, 154.00
293.52, 142.00
293.88, 148.00
294.23, 142.00
294.59, 147.00
294.94, 148.00
295.29, 146.00
295.65, 154.00
296.00, 168.00
296.36, 154.00
296.71, 149.00
297.06, 148.00
297.42, 152.00
297.77, 146.00
298.12, 153.00
298.48, 154.00
298.83, 151.00
299.19, 148.00
299.54, 145.00
299.89, 154.00
300.25, 149.00
300.60, 156.00
300.95, 154.00
301.31, 143.00
301.66, 149.00
302.01, 152.00
302.37, 149.00
302.72, 152.00
303.07, 147.00
303.43, 157.00
303.78, 151.00
304.13, 158.00
304.49, 157.00
304.84, 155.00
305.19, 192.00
305.55, 153.00
305.90, 149.00
306.25, 148.00
306.61, 148.00
306.96, 151.00
307.31, 147.00
307.66, 151.00
308.02, 147.00
308.37, 155.00
308.72, 158.00
309.08, 150.00
309.43, 153.00
309.78, 145.00
310.13, 153.00
310.49, 162.00
310.84, 150.00
311.19, 146.00
311.54, 156.00
311.90, 153.00
312.25, 153.00
312.60, 146.00
312.95, 151.00
313.31, 156.00
313.66, 153.00
314.01, 162.00
314.36, 164.00
314.72, 149.00
315.07, 150.00
315.42, 149.00
315.77, 169.00
316.13, 152.00
316.48, 148.00
316.83, 151.00
317.18, 145.00
317.54, 150.00
317.89, 151.00
318.24, 149.00
318.59, 146.00
318.94, 149.00
319.30, 151.00
319.65, 153.00
320.00, 144.00
320.35, 148.00
320.70, 150.00
321.05, 146.00
321.41, 148.00
321.76, 153.00
322.11, 148.00
322.46, 145.00
322.81, 173.00
323.17, 146.00
323.52, 154.00
323.87, 146.00
324.22, 145.00
324.57, 150.00
324.92, 149.00
325.27, 147.00
325.63, 155.00
325.98, 149.00
326.33, 151.00
326.68, 146.00
327.03, 143.00
327.38, 150.00
327.73, 152.00
328.09, 152.00
328.44, 170.00
328.79, 151.00
329.14, 183.00
329.49, 158.00
329.84, 150.00
330.19, 152.00
330.54, 148.00
330.89, 150.00
331.25, 150.00
331.60, 155.00
331.95, 149.00
332.30, 146.00
332.65, 150.00
333.00, 151.00
333.35, 189.00
333.70, 189.00
334.05, 155.00
334.40, 153.00
334.75, 149.00
335.10, 148.00
335.45, 144.00
335.81, 148.00
336.16, 148.00
336.51, 155.00
336.86, 146.00
337.21, 150.00
337.56, 153.00
337.91, 153.00
338.26, 149.00
338.61, 155.00
338.96, 152.00
339.31, 146.00
339.66, 149.00
340.01, 154.00
340.36, 154.00
340.71, 154.00
341.06, 143.00
341.41, 152.00
341.76, 147.00
342.11, 156.00
342.46, 156.00
342.81, 149.00
343.16, 151.00
343.51, 151.00
343.86, 154.00
344.21, 147.00
344.56, 151.00
344.91, 151.00
345.26, 150.00
345.61, 150.00
345.96, 150.00
346.31, 154.00
346.66, 175.00
347.01, 147.00
347.36, 168.00
347.71, 150.00
348.06, 150.00
348.41, 155.00
348.76, 166.00
349.10, 151.00
349.45, 158.00
349.80, 155.00
350.15, 156.00
350.50, 155.00
350.85, 163.00
351.20, 152.00
351.55, 153.00
351.90, 151.00
352.25, 149.00
352.60, 151.00
352.95, 154.00
353.30, 163.00
353.64, 153.00
353.99, 152.00
354.34, 147.00
354.69, 150.00
355.04, 147.00
355.39, 148.00
355.74, 145.00
356.09, 148.00
356.44, 151.00
356.78, 151.00
357.13, 152.00
357.48, 146.00
357.83, 149.00
358.18, 146.00
358.53, 156.00
358.88, 150.00
359.22, 167.00
359.57, 152.00
359.92, 145.00
360.27, 149.00
360.62, 142.00
360.97, 150.00
361.32, 152.00
361.66, 146.00
362.01, 147.00
362.36, 151.00
362.71, 147.00
363.06, 147.00
363.40, 148.00
363.75, 149.00
364.10, 153.00
364.45, 154.00
364.80, 154.00
365.14, 154.00
365.49, 155.00
365.84, 148.00
366.19, 150.00
366.54, 152.00
366.88, 168.00
367.23, 147.00
367.58, 198.00
367.93, 149.00
368.28, 149.00
368.62, 145.00
368.97, 164.00
369.32, 147.00
369.67, 152.00
370.01, 153.00
370.36, 152.00
370.71, 161.00
371.06, 148.00
371.40, 157.00
371.75, 149.00
372.10, 149.00
372.45, 147.00
372.79, 147.00
373.14, 148.00
373.49, 145.00
373.83, 151.00
374.18, 147.00
374.53, 150.00
374.88, 154.00
375.22, 151.00
375.57, 153.00
375.92, 154.00
376.26, 151.00
376.61, 153.00
376.96, 149.00
377.30, 156.00
377.65, 155.00
378.00, 148.00
378.35, 153.00
378.69, 157.00
379.04, 150.00
379.39, 153.00
379.73, 148.00
380.08, 154.00
380.43, 150.00
380.77, 147.00
381.12, 150.00
381.47, 150.00
381.81, 145.00
382.16, 143.00
382.50, 151.00
382.85, 211.00
383.20, 151.00
383.54, 149.00
383.89, 150.00
384.24, 150.00
384.58, 155.00
384.93, 161.00
385.27, 156.00
385.62, 153.00
385.97, 155.00
386.31, 155.00
386.66, 179.00
387.00, 159.00
387.35, 152.00
387.70, 155.00
388.04, 203.00
388.39, 150.00
388.73, 150.00
389.08, 150.00
389.43, 144.00
389.77, 147.00
390.12, 151.00
390.46, 147.00
390.81, 145.00
391.15, 148.00
391.50, 151.00
391.85, 154.00
392.19, 147.00
392.54, 145.00
392.88, 151.00
393.23, 141.00
393.57, 151.00
393.92, 150.00
394.26, 148.00
394.61, 141.00
394.95, 148.00
395.30, 149.00
395.64, 147.00
395.99, 186.00
396.33, 149.00
396.68, 152.00
397.02, 147.00
397.37, 148.00
397.71, 149.00
398.06, 154.00
398.40, 149.00
398.75, 150.00
399.09, 152.00
399.44, 149.00
399.78, 148.00
400.13, 147.00
400.47, 147.00
400.82, 149.00
401.16, 149.00
401.51, 158.00
401.85, 152.00
402.20, 153.00
402.54, 152.00
402.88, 157.00
403.23, 150.00
403.57, 157.00
403.92, 170.00
404.26, 222.00
404.61, 174.00
404.95, 192.00
405.30, 157.00
405.64, 149.00
405.98, 188.00
406.33, 157.00
406.67, 149.00
407.02, 150.00
407.36, 153.00
407.70, 155.00
408.05, 153.00
408.39, 155.00
408.74, 146.00
409.08, 155.00
409.42, 156.00
409.77, 149.00
410.11, 155.00
410.46, 151.00
410.80, 150.00
411.14, 147.00
411.49, 152.00
411.83, 157.00
412.17, 150.00
412.52, 149.00
412.86, 156.00
413.20, 155.00
413.55, 146.00
413.89, 155.00
414.23, 153.00
414.58, 191.00
414.92, 152.00
415.26, 154.00
415.61, 153.00
415.95, 149.00
416.29, 156.00
416.64, 149.00
416.98, 155.00
417.32, 153.00
417.67, 162.00
418.01, 156.00
418.35, 150.00
418.70, 152.00
419.04, 170.00
419.38, 153.00
419.72, 149.00
420.07, 158.00
420.41, 145.00
420.75, 154.00
421.10, 150.00
421.44, 157.00
421.78, 153.00
422.12, 152.00
422.47, 153.00
422.81, 154.00
423.15, 156.00
423.49, 150.00
423.84, 152.00
424.18, 154.00
424.52, 150.00
424.86, 155.00
425.21, 160.00
425.55, 155.00
425.89, 154.00
426.23, 159.00
426.57, 149.00
426.92, 161.00
427.26, 147.00
427.60, 152.00
427.94, 156.00
428.28, 158.00
428.63, 151.00
428.97, 148.00
429.31, 157.00
429.65, 158.00
429.99, 151.00
430.34, 150.00
430.68, 158.00
431.02, 163.00
431.36, 151.00
431.70, 157.00
432.04, 154.00
432.39, 155.00
432.73, 156.00
433.07, 156.00
433.41, 155.00
433.75, 159.00
434.09, 162.00
434.43, 177.00
434.78, 239.00
435.12, 282.00
435.46, 314.00
435.80, 283.00
436.14, 245.00
436.48, 203.00
436.82, 198.00
437.16, 177.00
437.51, 161.00
437.85, 157.00
438.19, 186.00
438.53, 159.00
438.87, 175.00
439.21, 156.00
439.55, 164.00
439.89, 159.00
440.23, 153.00
440.57, 154.00
440.91, 153.00
441.26, 152.00
441.60, 156.00
441.94, 158.00
442.28, 163.00
442.62, 160.00
442.96, 157.00
443.30, 152.00
443.64, 155.00
443.98, 160.00
444.32, 162.00
444.66, 158.00
445.00, 161.00
445.34, 166.00
445.68, 157.00
446.02, 160.00
446.36, 155.00
446.70, 159.00
447.04, 162.00
447.38, 181.00
447.72, 155.00
448.06, 157.00
448.40, 156.00
448.74, 158.00
449.08, 159.00
449.42, 158.00
449.76, 159.00
450.10, 152.00
450.44, 154.00
450.78, 155.00
451.12, 157.00
451.46, 150.00
451.80, 165.00
452.14, 157.00
452.48, 162.00
452.82, 156.00
453.16, 160.00
453.50, 160.00
453.84, 155.00
454.18, 192.00
454.52, 160.00
454.86, 157.00
455.19, 172.00
455.53, 162.00
455.87, 156.00
456.21, 159.00
456.55, 158.00
456.89, 154.00
457.23, 158.00
457.57, 153.00
457.91, 156.00
458.25, 158.00
458.59, 159.00
458.92, 159.00
459.26, 163.00
459.60, 167.00
459.94, 159.00
460.28, 159.00
460.62, 159.00
460.96, 155.00
461.30, 156.00
461.63, 161.00
461.97, 153.00
462.31, 155.00
462.65, 156.00
462.99, 162.00
463.33, 159.00
463.67, 151.00
464.00, 158.00
464.34, 149.00
464.68, 158.00
465.02, 167.00
465.36, 161.00
465.70, 154.00
466.03, 162.00
466.37, 153.00
466.71, 157.00
467.05, 154.00
467.39, 159.00
467.72, 154.00
468.06, 156.00
468.40, 155.00
468.74, 157.00
469.08, 162.00
469.41, 160.00
469.75, 154.00
470.09, 151.00
470.43, 155.00
470.76, 158.00
471.10, 162.00
471.44, 155.00
471.78, 159.00
472.11, 162.00
472.45, 159.00
472.79, 159.00
473.13, 157.00
473.46, 164.00
473.80, 154.00
474.14, 155.00
474.48, 159.00
474.81, 154.00
475.15, 153.00
475.49, 155.00
475.82, 160.00
476.16, 156.00
476.50, 158.00
476.84, 159.00
477.17, 154.00
477.51, 156.00
477.85, 157.00
478.18, 172.00
478.52, 158.00
478.86, 205.00
479.19, 166.00
479.53, 157.00
479.87, 195.00
480.20, 168.00
480.54, 162.00
480.88, 163.00
481.21, 161.00
481.55, 164.00
481.89, 170.00
482.22, 168.00
482.56, 178.00
482.90, 176.00
483.23, 176.00
483.57, 179.00
483.90, 185.00
484.24, 194.00
484.58, 191.00
484.91, 203.00
485.25, 205.00
485.58, 209.00
485.92, 214.00
486.26, 217.00
486.59, 208.00
486.93, 221.00
487.26, 220.00
487.60, 215.00
487.94, 214.00
488.27, 221.00
488.61, 210.00
488.94, 216.00
489.28, 207.00
489.61, 211.00
489.95, 214.00
490.29, 215.00
490.62, 211.00
490.96, 198.00
491.29, 208.00
491.63, 201.00
491.96, 193.00
492.30, 196.00
492.63, 197.00
492.97, 191.00
493.30, 197.00
493.64, 193.00
493.97, 188.00
494.31, 190.00
494.64, 191.00
494.98, 186.00
495.31, 187.00
495.65, 174.00
495.98, 183.00
496.32, 179.00
496.65, 210.00
496.99, 180.00
497.32, 173.00
497.66, 170.00
497.99, 174.00
498.33, 171.00
498.66, 164.00
499.00, 170.00
499.33, 166.00
499.67, 161.00
500.00, 161.00
500.34, 157.00
500.67, 168.00
501.00, 157.00
501.34, 156.00
501.67, 159.00
502.01, 159.00
502.34, 156.00
502.68, 161.00
503.01, 162.00
503.34, 163.00
503.68, 163.00
504.01, 151.00
504.35, 154.00
504.68, 158.00
505.01, 156.00
505.35, 155.00
505.68, 149.00
506.02, 155.00
506.35, 146.00
506.68, 160.00
507.02, 150.00
507.35, 152.00
507.68, 155.00
508.02, 153.00
508.35, 152.00
508.69, 154.00
509.02, 150.00
509.35, 153.00
509.69, 152.00
510.02, 154.00
510.35, 152.00
510.69, 150.00
511.02, 152.00
511.35, 159.00
511.69, 158.00
512.02, 155.00
512.35, 153.00
512.68, 153.00
513.02, 155.00
513.35, 151.00
513.68, 144.00
514.02, 158.00
514.35, 155.00
514.68, 155.00
515.01, 151.00
515.35, 161.00
515.68, 151.00
516.01, 150.00
516.35, 153.00
516.68, 157.00
517.01, 154.00
517.34, 159.00
517.68, 148.00
518.01, 162.00
518.34, 147.00
518.67, 152.00
519.01, 149.00
519.34, 159.00
519.67, 157.00
520.00, 148.00
520.33, 149.00
520.67, 149.00
521.00, 148.00
521.33, 149.00
521.66, 156.00
522.00, 144.00
522.33, 150.00
522.66, 153.00
522.99, 148.00
523.32, 153.00
523.65, 152.00
523.99, 152.00
524.32, 155.00
524.65, 151.00
524.98, 152.00
525.31, 154.00
525.65, 187.00
525.98, 152.00
526.31, 153.00
526.64, 160.00
526.97, 155.00
527.30, 151.00
527.63, 151.00
527.97, 154.00
528.30, 151.00
528.63, 160.00
528.96, 172.00
529.29, 152.00
529.62, 162.00
529.95, 150.00
530.28, 152.00
530.61, 147.00
530.95, 150.00
531.28, 155.00
531.61, 148.00
531.94, 153.00
532.27, 149.00
532.60, 149.00
532.93, 156.00
533.26, 156.00
533.59, 151.00
533.92, 154.00
534.25, 162.00
534.58, 189.00
534.91, 161.00
535.25, 162.00
535.58, 157.00
535.91, 158.00
536.24, 164.00
536.57, 175.00
536.90, 166.00
537.23, 178.00
537.56, 216.00
537.89, 190.00
538.22, 189.00
538.55, 192.00
538.88, 207.00
539.21, 315.00
539.54, 221.00
539.87, 239.00
540.20, 256.00
540.53, 282.00
540.86, 347.00
541.19, 357.00
541.52, 391.00
541.85, 407.00
542.18, 428.00
542.51, 437.00
542.84, 429.00
543.17, 442.00
543.50, 420.00
543.82, 416.00
544.15, 414.00
544.48, 410.00
544.81, 437.00
545.14, 478.00
545.47, 454.00
545.80, 435.00
546.13, 362.00
546.46, 366.00
546.79, 321.00
547.12, 281.00
547.45, 263.00
547.78, 262.00
548.10, 250.00
548.43, 249.00
548.76, 245.00
549.09, 233.00
549.42, 223.00
549.75, 216.00
550.08, 217.00
550.41, 216.00
550.74, 220.00
551.06, 210.00
551.39, 211.00
551.72, 204.00
552.05, 196.00
552.38, 193.00
552.71, 187.00
553.03, 188.00
553.36, 186.00
553.69, 181.00
554.02, 175.00
554.35, 174.00
554.68, 162.00
555.00, 162.00
555.33, 162.00
555.66, 154.00
555.99, 176.00
556.32, 156.00
556.64, 155.00
556.97, 159.00
557.30, 150.00
557.63, 152.00
557.96, 154.00
558.28, 156.00
558.61, 156.00
558.94, 153.00
559.27, 156.00
559.59, 156.00
559.92, 151.00
560.25, 157.00
560.58, 154.00
560.90, 160.00
561.23, 151.00
561.56, 153.00
561.89, 157.00
562.21, 160.00
562.54, 153.00
562.87, 153.00
563.20, 156.00
563.52, 151.00
563.85, 159.00
564.18, 174.00
564.50, 156.00
564.83, 184.00
565.16, 207.00
565.48, 151.00
565.81, 160.00
566.14, 149.00
566.47, 147.00
566.79, 160.00
567.12, 155.00
567.45, 177.00
567.77, 153.00
568.10, 152.00
568.43, 158.00
568.75, 152.00
569.08, 156.00
569.40, 189.00
569.73, 151.00
570.06, 149.00
570.38, 152.00
570.71, 149.00
571.04, 151.00
571.36, 155.00
571.69, 155.00
572.01, 154.00
572.34, 146.00
572.67, 155.00
572.99, 156.00
573.32, 166.00
573.64, 155.00
573.97, 153.00
574.30, 154.00
574.62, 156.00
574.95, 151.00
575.27, 162.00
575.60, 164.00
575.92, 171.00
576.25, 174.00
576.58, 175.00
576.90, 169.00
577.23, 200.00
577.55, 171.00
577.88, 176.00
578.20, 175.00
578.53, 176.00
578.85, 194.00
579.18, 193.00
579.50, 184.00
579.83, 182.00
580.15, 186.00
580.48, 188.00
580.80, 187.00
581.13, 192.00
581.45, 188.00
581.78, 193.00
582.10, 192.00
582.43, 201.00
582.75, 198.00
583.08, 199.00
583.40, 206.00
583.73, 267.00
584.05, 194.00
584.38, 199.00
584.70, 239.00
585.03, 200.00
585.35, 196.00
585.67, 194.00
586.00, 205.00
586.32, 222.00
586.65, 224.00
586.97, 215.00
587.30, 218.00
587.62, 206.00
587.94, 212.00
588.27, 200.00
588.59, 187.00
588.92, 190.00
589.24, 180.00
589.56, 184.00
589.89, 190.00
590.21, 175.00
590.54, 179.00
590.86, 172.00
591.18, 181.00
591.51, 183.00
591.83, 200.00
592.15, 197.00
592.48, 193.00
592.80, 200.00
593.13, 193.00
593.45, 186.00
593.77, 181.00
594.10, 179.00
594.42, 174.00
594.74, 170.00
595.07, 170.00
595.39, 165.00
595.71, 168.00
596.03, 167.00
596.36, 158.00
596.68, 166.00
597.00, 164.00
597.33, 165.00
597.65, 171.00
597.97, 173.00
598.30, 172.00
598.62, 172.00
598.94, 171.00
599.26, 177.00
599.59, 178.00
599.91, 181.00
600.23, 167.00
600.55, 165.00
600.88, 166.00
601.20, 163.00
601.52, 158.00
601.84, 161.00
602.17, 161.00
602.49, 161.00
602.81, 165.00
603.13, 162.00
603.45, 168.00
603.78, 159.00
604.10, 157.00
604.42, 157.00
604.74, 162.00
605.07, 161.00
605.39, 160.00
605.71, 165.00
606.03, 170.00
606.35, 166.00
606.67, 174.00
607.00, 177.00
607.32, 179.00
607.64, 177.00
607.96, 173.00
608.28, 189.00
608.60, 194.00
608.93, 206.00
609.25, 232.00
609.57, 291.00
609.89, 380.00
610.21, 455.00
610.53, 497.00
610.85, 509.00
611.17, 461.00
611.50, 424.00
611.82, 403.00
612.14, 367.00
612.46, 346.00
612.78, 319.00
613.10, 305.00
613.42, 274.00
613.74, 274.00
614.06, 291.00
614.38, 245.00
614.70, 238.00
615.03, 225.00
615.35, 220.00
615.67, 306.00
615.99, 195.00
616.31, 194.00
616.63, 199.00
616.95, 188.00
617.27, 180.00
617.59, 185.00
617.91, 185.00
618.23, 190.00
618.55, 188.00
618.87, 187.00
619.19, 191.00
619.51, 190.00
619.83, 178.00
620.15, 186.00
620.47, 190.00
620.79, 182.00
621.11, 184.00
621.43, 183.00
621.75, 185.00
622.07, 179.00
622.39, 180.00
622.71, 175.00
623.03, 181.00
623.35, 225.00
623.67, 174.00
623.99, 177.00
624.31, 177.00
624.63, 178.00
624.95, 171.00
625.26, 177.00
625.58, 182.00
625.90, 200.00
626.22, 174.00
626.54, 174.00
626.86, 183.00
627.18, 179.00
627.50, 183.00
627.82, 171.00
628.14, 182.00
628.46, 177.00
628.77, 176.00
629.09, 182.00
629.41, 188.00
629.73, 192.00
630.05, 208.00
630.37, 199.00
630.69, 203.00
631.00, 202.00
631.32, 194.00
631.64, 179.00
631.96, 172.00
632.28, 172.00
632.60, 164.00
632.92, 160.00
633.23, 164.00
633.55, 162.00
633.87, 156.00
634.19, 159.00
634.51, 153.00
634.82, 163.00
635.14, 157.00
635.46, 158.00
635.78, 152.00
636.10, 151.00
636.41, 152.00
636.73, 155.00
637.05, 153.00
637.37, 155.00
637.68, 154.00
638.00, 157.00
638.32, 154.00
638.64, 153.00
638.95, 159.00
639.27, 155.00
639.59, 162.00
639.91, 152.00
640.22, 157.00
640.54, 158.00
640.86, 150.00
641.18, 165.00
641.49, 172.00
641.81, 168.00
642.13, 166.00
642.44, 152.00
642.76, 155.00
643.08, 152.00
643.40, 153.00
643.71, 160.00
644.03, 157.00
644.35, 152.00
644.66, 156.00
644.98, 156.00
645.30, 154.00
645.61, 171.00
645.93, 152.00
646.25, 147.00
646.56, 161.00
646.88, 181.00
647.19, 158.00
647.51, 158.00
647.83, 154.00
648.14, 155.00
648.46, 156.00
648.78, 161.00
649.09, 159.00
649.41, 193.00
649.72, 161.00
650.04, 167.00
650.36, 159.00
650.67, 160.00
650.99, 158.00
651.30, 155.00
651.62, 158.00
651.93, 158.00
652.25, 170.00
652.57, 191.00
652.88, 153.00
653.20, 159.00
653.51, 155.00
653.83, 154.00
654.14, 154.00
654.46, 162.00
654.77, 151.00
655.09, 149.00
655.40, 164.00
655.72, 151.00
656.04, 144.00
656.35, 154.00
656.67, 151.00
656.98, 148.00
657.30, 151.00
657.61, 153.00
657.93, 152.00
658.24, 152.00
658.55, 185.00
658.87, 150.00
659.18, 152.00
659.50, 150.00
659.81, 157.00
660.13, 152.00
660.44, 152.00
660.76, 157.00
661.07, 170.00
661.39, 154.00
661.70, 156.00
662.01, 155.00
662.33, 151.00
662.64, 159.00
662.96, 156.00
663.27, 155.00
663.59, 151.00
663.90, 154.00
664.21, 153.00
664.53, 173.00
664.84, 158.00
665.16, 172.00
665.47, 156.00
665.78, 148.00
666.10, 155.00
666.41, 153.00
666.72, 149.00
667.04, 152.00
667.35, 153.00
667.67, 155.00
667.98, 150.00
668.29, 151.00
668.61, 154.00
668.92, 149.00
669.23, 151.00
669.55, 154.00
669.86, 180.00
670.17, 150.00
670.48, 154.00
670.80, 147.00
671.11, 150.00
671.42, 153.00
671.74, 156.00
672.05, 151.00
672.36, 155.00
672.68, 151.00
672.99, 147.00
673.30, 151.00
673.61, 148.00
673.93, 147.00
674.24, 150.00
674.55, 152.00
674.86, 151.00
675.18, 152.00
675.49, 155.00
675.80, 154.00
676.11, 147.00
676.43, 155.00
676.74, 151.00
677.05, 147.00
677.36, 160.00
677.67, 149.00
677.99, 150.00
678.30, 152.00
678.61, 148.00
678.92, 154.00
679.23, 154.00
679.55, 155.00
679.86, 155.00
680.17, 154.00
680.48, 161.00
680.79, 162.00
681.10, 151.00
681.42, 155.00
681.73, 158.00
682.04, 150.00
682.35, 150.00
682.66, 151.00
682.97, 149.00
683.28, 152.00
683.60, 153.00
683.91, 153.00
684.22, 167.00
684.53, 153.00
684.84, 149.00
685.15, 153.00
685.46, 178.00
685.77, 154.00
686.08, 153.00
686.40, 190.00
686.71, 161.00
687.02, 152.00
687.33, 151.00
687.64, 159.00
687.95, 156.00
688.26, 154.00
688.57, 154.00
688.88, 157.00
689.19, 149.00
689.50, 151.00
689.81, 151.00
690.12, 153.00
690.43, 168.00
690.74, 148.00
691.05, 149.00
691.36, 157.00
691.67, 150.00
691.98, 147.00
692.29, 147.00
692.60, 156.00
692.91, 160.00
693.22, 151.00
693.53, 152.00
693.84, 157.00
694.15, 151.00
694.46, 149.00
694.77, 151.00
695.08, 154.00
695.39, 157.00
695.70, 150.00
696.01, 155.00
696.32, 147.00
696.63, 147.00
696.94, 155.00
697.25, 150.00
697.56, 157.00
697.87, 153.00
698.17, 183.00
698.48, 156.00
698.79, 155.00
699.10, 146.00
699.41, 151.00
699.72, 147.00
700.03, 150.00
700.34, 146.00
700.65, 150.00
700.95, 146.00
701.26, 151.00
701.57, 144.00
701.88, 145.00
702.19, 158.00
702.50, 154.00
702.81, 151.00
703.11, 170.00
703.42, 149.00
703.73, 156.00
704.04, 156.00
704.35, 157.00
704.66, 155.00
704.96, 154.00
705.27, 151.00
705.58, 160.00
705.89, 157.00
706.20, 160.00
706.50, 154.00
706.81, 163.00
707.12, 157.00
707.43, 163.00
707.73, 169.00
708.04, 154.00
708.35, 172.00
708.66, 163.00
708.97, 158.00
709.27, 158.00
709.58, 158.00
709.89, 149.00
710.19, 155.00
710.50, 156.00
710.81, 148.00
711.12, 164.00
711.42, 158.00
711.73, 167.00
712.04, 161.00
712.35, 156.00
712.65, 157.00
712.96, 151.00
713.27, 156.00
713.57, 181.00
713.88, 175.00
714.19, 150.00
714.49, 150.00
714.80, 149.00
715.11, 150.00
715.41, 151.00
715.72, 152.00
716.03, 147.00
716.33, 154.00
716.64, 149.00
716.94, 154.00
717.25, 147.00
717.56, 157.00
717.86, 152.00
718.17, 149.00
718.48, 146.00
718.78, 143.00
719.09, 148.00
719.39, 144.00
719.70, 150.00
720.01, 145.00
720.31, 149.00
720.62, 151.00
720.92, 145.00
721.23, 155.00
721.53, 152.00
721.84, 148.00
722.15, 154.00
722.45, 149.00
722.76, 149.00
723.06, 148.00
723.37, 148.00
723.67, 148.00
723.98, 149.00
724.28, 152.00
724.59, 155.00
724.89, 153.00
725.20, 150.00
725.50, 162.00
725.81, 151.00
726.11, 150.00
726.42, 149.00
726.72, 147.00
727.03, 181.00
727.33, 146.00
727.64, 149.00
727.94, 149.00
728.25, 150.00
728.55, 151.00
728.86, 169.00
729.16, 143.00
729.46, 146.00
729.77, 153.00
730.07, 146.00
730.38, 142.00
730.68, 148.00
730.99, 159.00
731.29, 150.00
731.59, 150.00
731.90, 148.00
732.20, 150.00
732.51, 153.00
732.81, 151.00
733.11, 149.00
733.42, 147.00
733.72, 158.00
734.02, 150.00
734.33, 147.00
734.63, 148.00
734.94, 145.00
735.24, 151.00
735.54, 153.00
735.85, 149.00
736.15, 145.00
736.45, 146.00
736.76, 146.00
737.06, 151.00
737.36, 149.00
737.67, 150.00
737.97, 155.00
738.27, 151.00
738.57, 153.00
738.88, 149.00
739.18, 187.00
739.48, 150.00
739.79, 147.00
740.09, 149.00
740.39, 149.00
740.69, 158.00
741.00, 149.00
741.30, 157.00
741.60, 145.00
741.90, 148.00
742.21, 148.00
742.51, 190.00
742.81, 148.00
743.11, 146.00
743.42, 174.00
743.72, 151.00
744.02, 149.00
744.32, 153.00
744.63, 154.00
744.93, 157.00
745.23, 152.00
745.53, 151.00
745.83, 151.00
746.13, 148.00
746.44, 145.00
746.74, 148.00
747.04, 147.00
747.34, 149.00
747.64, 147.00
747.94, 147.00
748.25, 150.00
748.55, 147.00
748.85, 148.00
749.15, 154.00
749.45, 172.00
749.75, 158.00
750.05, 158.00
750.35, 152.00
750.66, 160.00
750.96, 151.00
751.26, 148.00
751.56, 148.00
751.86, 154.00
752.16, 149.00
752.46, 144.00
752.76, 149.00
753.06, 148.00
753.36, 187.00
753.66, 150.00
753.96, 152.00
754.27, 147.00
754.57, 148.00
754.87, 150.00
755.17, 148.00
755.47, 149.00
755.77, 147.00
756.07, 147.00
756.37, 150.00
756.67, 153.00
756.97, 152.00
757.27, 152.00
757.57, 147.00
757.87, 154.00
758.17, 151.00
758.47, 154.00
758.77, 153.00
759.07, 149.00
759.37, 153.00
759.67, 152.00
759.97, 160.00
760.27, 150.00
760.57, 149.00
760.86, 148.00
761.16, 151.00
761.46, 144.00
761.76, 180.00
762.06, 148.00
762.36, 153.00
762.66, 154.00
762.96, 149.00
763.26, 151.00
763.56, 179.00
763.86, 156.00
764.16, 151.00
764.45, 167.00
764.75, 151.00
765.05, 153.00
765.35, 148.00
765.65, 153.00
765.95, 148.00
766.25, 153.00
766.55, 154.00
766.84, 157.00
767.14, 148.00
767.44, 143.00
767.74, 152.00
768.04, 150.00
768.34, 152.00
768.63, 149.00
768.93, 150.00
769.23, 152.00
769.53, 151.00
769.83, 150.00
770.12, 146.00
770.42, 147.00
770.72, 151.00
771.02, 147.00
771.32, 141.00
771.61, 153.00
771.91, 156.00
772.21, 149.00
772.51, 147.00
772.80, 148.00
773.10, 150.00
773.40, 152.00
773.70, 146.00
773.99, 151.00
774.29, 153.00
774.59, 150.00
774.88, 152.00
775.18, 152.00
775.48, 154.00
775.78, 145.00
776.07, 148.00
776.37, 153.00
776.67, 153.00
776.96, 152.00
777.26, 193.00
777.56, 150.00
777.85, 152.00
778.15, 152.00
778.45, 151.00
778.74, 150.00
779.04, 145.00
779.34, 152.00
779.63, 153.00
779.93, 150.00
780.22, 152.00
780.52, 143.00
780.82, 145.00
781.11, 147.00
781.41, 146.00
781.71, 145.00
782.00, 152.00
782.30, 149.00
782.59, 158.00
782.89, 153.00
783.19, 150.00
783.48, 146.00
783.78, 153.00
784.07, 162.00
784.37, 151.00
784.66, 148.00
784.96, 149.00
785.25, 149.00
785.55, 150.00
785.84, 149.00
786.14, 148.00
786.44, 148.00
786.73, 150.00
787.03, 150.00
787.32, 151.00
787.62, 152.00
787.91, 150.00
788.21, 155.00
788.50, 152.00
788.80, 147.00
789.09, 151.00
789.39, 154.00
789.68, 149.00
789.97, 149.00
790.27, 150.00
790.56, 154.00
790.86, 158.00
791.15, 152.00
791.45, 141.00
791.74, 170.00
792.04, 148.00
792.33, 151.00
792.62, 173.00
792.92, 145.00
793.21, 147.00
793.51, 158.00
793.80, 146.00
794.09, 146.00
794.39, 150.00
794.68, 148.00
794.98, 151.00
795.27, 155.00
795.56, 147.00
795.86, 155.00
796.15, 151.00
796.44, 154.00
796.74, 152.00
797.03, 149.00
797.32, 149.00
797.62, 151.00
797.91, 162.00
798.20, 149.00
798.50, 155.00
798.79, 159.00
799.08, 154.00
799.38, 153.00
799.67, 147.00
799.96, 155.00
800.26, 176.00
800.55, 150.00
800.84, 149.00
801.13, 147.00
801.43, 150.00
801.72, 189.00
802.01, 149.00
802.30, 148.00
802.60, 146.00
802.89, 154.00
803.18, 146.00
803.47, 152.00
803.77, 153.00
804.06, 151.00
804.35, 151.00
804.64, 163.00
804.94, 148.00
805.23, 148.00
805.52, 154.00
805.81, 145.00
806.10, 151.00
806.39, 148.00
806.69, 153.00
806.98, 149.00
807.27, 149.00
807.56, 157.00
807.85, 156.00
808.14, 152.00
808.44, 154.00
808.73, 150.00
809.02, 169.00
809.31, 158.00
809.60, 155.00
809.89, 157.00
810.18, 153.00
810.48, 153.00
810.77, 148.00
811.06, 152.00
811.35, 150.00
811.64, 154.00
811.93, 167.00
812.22, 151.00
812.51, 153.00
812.80, 151.00
813.09, 147.00
813.38, 148.00
813.67, 177.00
813.96, 153.00
814.26, 147.00
814.55, 152.00
814.84, 151.00
815.13, 156.00
815.42, 148.00
815.71, 148.00
816.00, 149.00
816.29, 153.00
816.58, 151.00
816.87, 147.00
817.16, 149.00
817.45, 157.00
817.74, 156.00
818.03, 154.00
818.32, 153.00
818.61, 149.00
818.90, 151.00
819.19, 150.00
819.48, 148.00
819.76, 149.00
820.05, 150.00
820.34, 153.00
820.63, 152.00
820.92, 143.00
821.21, 144.00
821.50, 149.00
821.79, 150.00
822.08, 148.00
822.37, 149.00
822.66, 148.00
822.95, 151.00
823.23, 146.00
823.52, 165.00
823.81, 155.00
824.10, 150.00
824.39, 147.00
824.68, 151.00
824.97, 165.00
825.26, 149.00
825.54, 188.00
825.83, 153.00
826.12, 151.00
826.41, 150.00
826.70, 147.00
826.99, 154.00
827.27, 144.00
827.56, 168.00
827.85, 151.00
828.14, 148.00
828.43, 151.00
828.71, 152.00
829.00, 145.00
829.29, 147.00
829.58, 157.00
829.86, 151.00
830.15, 151.00
830.44, 152.00
830.73, 154.00
831.01, 151.00
831.30, 144.00
831.59, 146.00
831.88, 145.00
832.16, 150.00
832.45, 154.00
832.74, 150.00
833.03, 148.00
833.31, 152.00
833.60, 146.00
833.89, 150.00
834.17, 154.00
834.46, 148.00
834.75, 149.00
835.03, 148.00
835.32, 146.00
835.61, 150.00
835.89, 165.00
836.18, 149.00
836.47, 145.00
836.75, 150.00
837.04, 155.00
837.33, 149.00
837.61, 145.00
837.90, 148.00
838.19, 148.00
838.47, 153.00
838.76, 151.00
839.04, 150.00
839.33, 149.00
839.62, 146.00
839.90, 152.00
840.19, 143.00
840.47, 150.00
840.76, 180.00
841.04, 150.00
841.33, 150.00
841.62, 148.00
841.90, 152.00
842.19, 151.00
842.47, 288.00
842.76, 143.00
843.04, 150.00
843.33, 167.00
843.61, 152.00
843.90, 151.00
844.18, 146.00
844.47, 148.00
844.75, 155.00
845.04, 149.00
845.32, 146.00
845.61, 148.00
845.89, 148.00
846.18, 151.00
846.46, 150.00
846.75, 153.00
847.03, 161.00
847.32, 149.00
847.60, 148.00
847.88, 150.00
848.17, 151.00
848.45, 172.00
848.74, 153.00
849.02, 150.00
849.31, 144.00
849.59, 152.00
849.87, 150.00
850.16, 142.00
850.44, 162.00
850.73, 176.00
851.01, 149.00
851.29, 150.00
851.58, 153.00
851.86, 153.00
852.14, 146.00
852.43, 150.00
852.71, 149.00
853.00, 152.00
853.28, 156.00
853.56, 149.00
853.85, 154.00
854.13, 148.00
854.41, 145.00
854.69, 153.00
854.98, 147.00
855.26, 201.00
855.54, 149.00
855.83, 148.00
856.11, 152.00
856.39, 153.00
856.68, 151.00
856.96, 153.00
857.24, 150.00
857.52, 151.00
857.81, 148.00
858.09, 151.00
858.37, 145.00
858.65, 151.00
858.94, 145.00
859.22, 147.00
