190.05, 0.00
190.41, 139.00
190.77, 144.00
191.14, 148.00
191.50, 137.00
191.86, 161.00
192.22, 153.00
192.58, 151.00
192.94, 146.00
193.31, 146.00
193.67, 144.00
194.03, 155.00
194.39, 150.00
194.75, 146.00
195.11, 155.00
195.47, 161.00
195.84, 145.00
196.20, 148.00
196.56, 170.00
196.92, 145.00
197.28, 152.00
197.64, 146.00
198.00, 146.00
198.37, 152.00
198.73, 149.00
199.09, 144.00
199.45, 149.00
199.81, 154.00
200.17, 155.00
200.53, 147.00
200.89, 151.00
201.25, 181.00
201.62, 148.00
201.98, 146.00
202.34, 153.00
202.70, 156.00
203.06, 148.00
203.42, 154.00
203.78, 147.00
204.14, 153.00
204.50, 164.00
204.86, 157.00
205.22, 158.00
205.58, 152.00
205.95, 150.00
206.31, 152.00
206.67, 154.00
207.03, 148.00
207.39, 155.00
207.75, 151.00
208.11, 153.00
208.47, 150.00
208.83, 151.00
209.19, 146.00
209.55, 151.00
209.91, 155.00
210.27, 157.00
210.63, 153.00
210.99, 162.00
211.35, 146.00
211.71, 151.00
212.07, 151.00
212.43, 155.00
212.79, 148.00
213.15, 147.00
213.51, 150.00
213.87, 150.00
214.23, 149.00
214.59, 143.00
214.95, 149.00
215.31, 156.00
215.67, 148.00
216.03, 173.00
216.39, 149.00
216.75, 146.00
217.11, 153.00
217.47, 148.00
217.83, 152.00
218.19, 150.00
218.55, 151.00
218.91, 156.00
219.27, 147.00
219.63, 146.00
219.99, 151.00
220.35, 151.00
220.71, 156.00
221.07, 152.00
221.43, 151.00
221.79, 150.00
222.15, 151.00
222.51, 151.00
222.87, 148.00
223.23, 150.00
223.59, 153.00
223.95, 152.00
224.31, 153.00
224.67, 152.00
225.03, 153.00
225.39, 155.00
225.74, 146.00
226.10, 147.00
226.46, 144.00
226.82, 155.00
227.18, 153.00
227.54, 148.00
227.90, 153.00
228.26, 152.00
228.62, 157.00
228.98, 146.00
229.34, 147.00
229.69, 146.00
230.05, 152.00
230.41, 146.00
230.77, 156.00
231.13, 154.00
231.49, 151.00
231.85, 145.00
232.21, 152.00
232.57, 151.00
232.92, 152.00
233.28, 150.00
233.64, 147.00
234.00, 149.00
234.36, 148.00
234.72, 149.00
235.08, 154.00
235.44, 150.00
235.79, 147.00
236.15, 152.00
236.51, 154.00
236.87, 148.00
237.23, 148.00
237.59, 143.00
237.94, 158.00
238.30, 145.00
238.66, 148.00
239.02, 150.00
239.38, 145.00
239.74, 143.00
240.09, 158.00
240.45, 147.00
240.81, 145.00
241.17, 154.00
241.53, 149.00
241.89, 146.00
242.24, 148.00
242.60, 148.00
242.96, 150.00
243.32, 151.00
243.68, 148.00
244.03, 151.00
244.39, 150.00
244.75, 172.00
245.11, 152.00
245.46, 149.00
245.82, 178.00
246.18, 146.00
246.54, 153.00
246.90, 150.00
247.25, 144.00
247.61, 146.00
247.97, 186.00
248.33, 149.00
248.68, 145.00
249.04, 148.00
249.40, 149.00
249.76, 151.00
250.11, 145.00
250.47, 151.00
250.83, 152.00
251.19, 150.00
251.54, 159.00
251.90, 148.00
252.26, 155.00
252.62, 145.00
252.97, 148.00
253.33, 146.00
253.69, 143.00
254.05, 149.00
254.40, 144.00
254.76, 149.00
255.12, 171.00
255.47, 155.00
255.83, 148.00
256.19, 149.00
256.54, 146.00
256.90, 145.00
257.26, 146.00
257.62, 150.00
257.97, 147.00
258.33, 150.00
258.69, 147.00
259.04, 148.00
259.40, 143.00
259.76, 151.00
260.11, 146.00
260.47, 144.00
260.83, 151.00
261.18, 145.00
261.54, 151.00
261.90, 151.00
262.25, 147.00
262.61, 151.00
262.97, 147.00
263.32, 143.00
263.68, 149.00
264.04, 153.00
264.39, 141.00
264.75, 150.00
265.10, 146.00
265.46, 191.00
265.82, 160.00
266.17, 150.00
266.53, 143.00
266.89, 149.00
267.24, 153.00
267.60, 146.00
267.95, 141.00
268.31, 144.00
268.67, 146.00
269.02, 147.00
269.38, 149.00
269.74, 157.00
270.09, 149.00
270.45, 146.00
270.80, 166.00
271.16, 149.00
271.51, 153.00
271.87, 152.00
272.23, 155.00
272.58, 149.00
272.94, 148.00
273.29, 148.00
273.65, 191.00
274.00, 143.00
274.36, 153.00
274.72, 148.00
275.07, 145.00
275.43, 144.00
275.78, 150.00
276.14, 149.00
276.49, 150.00
276.85, 156.00
277.20, 167.00
277.56, 141.00
277.92, 145.00
278.27, 145.00
278.63, 154.00
278.98, 145.00
279.34, 145.00
279.69, 146.00
280.05, 169.00
280.40, 157.00
280.76, 156.00
281.11, 154.00
281.47, 148.00
281.82, 151.00
282.18, 153.00
282.53, 157.00
282.89, 154.00
283.24, 159.00
283.60, 159.00
283.95, 154.00
284.31, 151.00
284.66, 154.00
285.02, 153.00
285.37, 151.00
285.73, 155.00
286.08, 159.00
286.44, 150.00
286.79, 160.00
287.14, 163.00
287.50, 153.00
287.85, 145.00
288.21, 151.00
288.56, 136.00
288.92, 150.00
289.27, 153.00
289.63, 149.00
289.98, 157.00
290.34, 148.00
290.69, 165.00
291.04, 149.00
291.40, 142.00
291.75, 154.00
292.11, 154.00
292.46, 148.00
292.81, 155.00
293.17, 150.00
293.52, 149.00
293.88, 151.00
294.23, 156.00
294.59, 155.00
294.94, 153.00
295.29, 155.00
295.65, 160.00
296.00, 178.00
296.36, 156.00
296.71, 154.00
297.06, 163.00
297.42, 158.00
297.77, 158.00
298.12, 166.00
298.48, 159.00
298.83, 154.00
299.19, 155.00
299.54, 154.00
299.89, 160.00
300.25, 155.00
300.60, 164.00
300.95, 162.00
301.31, 154.00
301.66, 148.00
302.01, 148.00
302.37, 146.00
302.72, 146.00
303.07, 152.00
303.43, 155.00
303.78, 150.00
304.13, 157.00
304.49, 160.00
304.84, 164.00
305.19, 201.00
305.55, 160.00
305.90, 164.00
306.25, 182.00
306.61, 206.00
306.96, 240.00
307.31, 295.00
307.66, 389.00
308.02, 482.00
308.37, 559.00
308.72, 570.00
309.08, 584.00
309.43, 542.00
309.78, 489.00
310.13, 425.00
310.49, 390.00
310.84, 310.00
311.19, 282.00
311.54, 246.00
311.90, 224.00
312.25, 219.00
312.60, 206.00
312.95, 223.00
313.31, 241.00
313.66, 246.00
314.01, 269.00
314.36, 265.00
314.72, 274.00
315.07, 306.00
315.42, 341.00
315.77, 361.00
316.13, 304.00
316.48, 246.00
316.83, 210.00
317.18, 182.00
317.54, 165.00
317.89, 158.00
318.24, 163.00
318.59, 158.00
318.94, 157.00
319.30, 162.00
319.65, 155.00
320.00, 155.00
320.35, 162.00
320.70, 161.00
321.05, 153.00
321.41, 160.00
321.76, 159.00
322.11, 155.00
322.46, 160.00
322.81, 195.00
323.17, 161.00
323.52, 153.00
323.87, 152.00
324.22, 154.00
324.57, 158.00
324.92, 159.00
325.27, 151.00
325.63, 165.00
325.98, 159.00
326.33, 161.00
326.68, 158.00
327.03, 154.00
327.38, 153.00
327.73, 165.00
328.09, 171.00
328.44, 199.00
328.79, 176.00
329.14, 206.00
329.49, 172.00
329.84, 177.00
330.19, 185.00
330.54, 171.00
330.89, 181.00
331.25, 168.00
331.60, 165.00
331.95, 170.00
332.30, 162.00
332.65, 162.00
333.00, 171.00
333.35, 212.00
333.70, 207.00
334.05, 182.00
334.40, 178.00
334.75, 185.00
335.10, 211.00
335.45, 260.00
335.81, 332.00
336.16, 460.00
336.51, 605.00
336.86, 618.00
337.21, 571.00
337.56, 397.00
337.91, 289.00
338.26, 216.00
338.61, 182.00
338.96, 167.00
339.31, 159.00
339.66, 157.00
340.01, 161.00
340.36, 159.00
340.71, 164.00
341.06, 163.00
341.41, 164.00
341.76, 159.00
342.11, 159.00
342.46, 160.00
342.81, 161.00
343.16, 163.00
343.51, 161.00
343.86, 154.00
344.21, 159.00
344.56, 153.00
344.91, 156.00
345.26, 162.00
345.61, 160.00
345.96, 158.00
346.31, 156.00
346.66, 183.00
347.01, 156.00
347.36, 177.00
347.71, 155.00
348.06, 151.00
348.41, 165.00
348.76, 177.00
349.10, 163.00
349.45, 162.00
349.80, 173.00
350.15, 169.00
350.50, 174.00
350.85, 173.00
351.20, 172.00
351.55, 189.00
351.90, 202.00
352.25, 222.00
352.60, 253.00
352.95, 301.00
353.30, 330.00
353.64, 297.00
353.99, 262.00
354.34, 241.00
354.69, 239.00
355.04, 254.00
355.39, 286.00
355.74, 341.00
356.09, 397.00
356.44, 449.00
356.78, 514.00
357.13, 575.00
357.48, 556.00
357.83, 444.00
358.18, 337.00
358.53, 266.00
358.88, 205.00
359.22, 192.00
359.57, 162.00
359.92, 162.00
360.27, 164.00
360.62, 165.00
360.97, 163.00
361.32, 164.00
361.66, 161.00
362.01, 156.00
362.36, 160.00
362.71, 160.00
363.06, 160.00
363.40, 164.00
363.75, 167.00
364.10, 172.00
364.45, 164.00
364.80, 164.00
365.14, 166.00
365.49, 160.00
365.84, 163.00
366.19, 165.00
366.54, 165.00
366.88, 187.00
367.23, 162.00
367.58, 213.00
367.93, 158.00
368.28, 157.00
368.62, 154.00
368.97, 170.00
369.32, 167.00
369.67, 172.00
370.01, 187.00
370.36, 190.00
370.71, 211.00
371.06, 183.00
371.40, 181.00
371.75, 167.00
372.10, 162.00
372.45, 157.00
372.79, 160.00
373.14, 162.00
373.49, 176.00
373.83, 192.00
374.18, 210.00
374.53, 243.00
374.88, 256.00
375.22, 257.00
375.57, 236.00
375.92, 210.00
376.26, 184.00
376.61, 173.00
376.96, 161.00
377.30, 165.00
377.65, 174.00
378.00, 167.00
378.35, 196.00
378.69, 221.00
379.04, 242.00
379.39, 280.00
379.73, 314.00
380.08, 330.00
380.43, 278.00
380.77, 234.00
381.12, 217.00
381.47, 197.00
381.81, 171.00
382.16, 163.00
382.50, 171.00
382.85, 236.00
383.20, 170.00
383.54, 180.00
383.89, 178.00
384.24, 174.00
384.58, 186.00
384.93, 215.00
385.27, 201.00
385.62, 202.00
385.97, 193.00
386.31, 195.00
386.66, 230.00
387.00, 199.00
387.35, 206.00
387.70, 224.00
388.04, 316.00
388.39, 328.00
388.73, 429.00
389.08, 597.00
389.43, 828.00
389.77, 1078.00
390.12, 1383.00
390.46, 1994.00
390.81, 2204.00
391.15, 2103.00
391.50, 1594.00
391.85, 995.00
392.19, 654.00
392.54, 383.00
392.88, 249.00
393.23, 214.00
393.57, 203.00
393.92, 189.00
394.26, 181.00
394.61, 170.00
394.95, 168.00
395.30, 152.00
395.64, 158.00
395.99, 193.00
396.33, 159.00
396.68, 157.00
397.02, 159.00
397.37, 168.00
397.71, 172.00
398.06, 178.00
398.40, 187.00
398.75, 196.00
399.09, 210.00
399.44, 210.00
399.78, 191.00
400.13, 175.00
400.47, 168.00
400.82, 161.00
401.16, 156.00
401.51, 158.00
401.85, 158.00
402.20, 162.00
402.54, 161.00
402.88, 163.00
403.23, 167.00
403.57, 179.00
403.92, 191.00
404.26, 255.00
404.61, 218.00
404.95, 258.00
405.30, 216.00
405.64, 208.00
405.98, 221.00
406.33, 185.00
406.67, 171.00
407.02, 163.00
407.36, 166.00
407.70, 173.00
408.05, 171.00
408.39, 172.00
408.74, 170.00
409.08, 187.00
409.42, 175.00
409.77, 168.00
410.11, 176.00
410.46, 164.00
410.80, 178.00
411.14, 171.00
411.49, 180.00
411.83, 192.00
412.17, 184.00
412.52, 178.00
412.86, 184.00
413.20, 177.00
413.55, 180.00
413.89, 178.00
414.23, 175.00
414.58, 206.00
414.92, 168.00
415.26, 166.00
415.61, 172.00
415.95, 167.00
416.29, 170.00
416.64, 167.00
416.98, 169.00
417.32, 180.00
417.67, 198.00
418.01, 201.00
418.35, 206.00
418.70, 221.00
419.04, 250.00
419.38, 233.00
419.72, 227.00
420.07, 213.00
420.41, 188.00
420.75, 172.00
421.10, 180.00
421.44, 174.00
421.78, 163.00
422.12, 173.00
422.47, 184.00
422.81, 184.00
423.15, 205.00
423.49, 195.00
423.84, 195.00
424.18, 209.00
424.52, 223.00
424.86, 269.00
425.21, 340.00
425.55, 391.00
425.89, 477.00
426.23, 579.00
426.57, 759.00
426.92, 857.00
427.26, 917.00
427.60, 790.00
427.94, 551.00
428.28, 408.00
428.63, 304.00
428.97, 234.00
429.31, 196.00
429.65, 177.00
429.99, 170.00
430.34, 162.00
430.68, 154.00
431.02, 167.00
431.36, 159.00
431.70, 160.00
432.04, 157.00
432.39, 167.00
432.73, 167.00
433.07, 169.00
433.41, 174.00
433.75, 181.00
434.09, 182.00
434.43, 188.00
434.78, 251.00
435.12, 301.00
435.46, 330.00
435.80, 305.00
436.14, 266.00
436.48, 233.00
436.82, 227.00
437.16, 205.00
437.51, 185.00
437.85, 179.00
438.19, 214.00
438.53, 166.00
438.87, 186.00
439.21, 176.00
439.55, 187.00
439.89, 189.00
440.23, 181.00
440.57, 189.00
440.91, 185.00
441.26, 184.00
441.60, 183.00
441.94, 180.00
442.28, 179.00
442.62, 172.00
442.96, 166.00
443.30, 177.00
443.64, 172.00
443.98, 164.00
444.32, 175.00
444.66, 167.00
445.00, 170.00
445.34, 180.00
445.68, 170.00
446.02, 176.00
446.36, 165.00
446.70, 167.00
447.04, 170.00
447.38, 192.00
447.72, 176.00
448.06, 169.00
448.40, 177.00
448.74, 166.00
449.08, 170.00
449.42, 165.00
449.76, 166.00
450.10, 166.00
450.44, 161.00
450.78, 167.00
451.12, 170.00
451.46, 178.00
451.80, 169.00
452.14, 161.00
452.48, 167.00
452.82, 168.00
453.16, 162.00
453.50, 163.00
453.84, 161.00
454.18, 199.00
454.52, 169.00
454.86, 170.00
455.19, 185.00
455.53, 175.00
455.87, 169.00
456.21, 183.00
456.55, 167.00
456.89, 167.00
457.23, 172.00
457.57, 174.00
457.91, 184.00
458.25, 185.00
458.59, 185.00
458.92, 201.00
459.26, 199.00
459.60, 207.00
459.94, 183.00
460.28, 175.00
460.62, 171.00
460.96, 166.00
461.30, 164.00
461.63, 166.00
461.97, 160.00
462.31, 166.00
462.65, 160.00
462.99, 175.00
463.33, 168.00
463.67, 174.00
464.00, 173.00
464.34, 182.00
464.68, 181.00
465.02, 190.00
465.36, 182.00
465.70, 174.00
466.03, 179.00
466.37, 170.00
466.71, 180.00
467.05, 184.00
467.39, 195.00
467.72, 211.00
468.06, 226.00
468.40, 241.00
468.74, 244.00
469.08, 260.00
469.41, 299.00
469.75, 337.00
470.09, 360.00
470.43, 360.00
470.76, 309.00
471.10, 269.00
471.44, 250.00
471.78, 224.00
472.11, 210.00
472.45, 201.00
472.79, 188.00
473.13, 188.00
473.46, 187.00
473.80, 174.00
474.14, 172.00
474.48, 182.00
474.81, 167.00
475.15, 171.00
475.49, 173.00
475.82, 172.00
476.16, 170.00
476.50, 166.00
476.84, 172.00
477.17, 165.00
477.51, 161.00
477.85, 168.00
478.18, 179.00
478.52, 164.00
478.86, 216.00
479.19, 181.00
479.53, 170.00
479.87, 202.00
480.20, 178.00
480.54, 175.00
480.88, 176.00
481.21, 163.00
481.55, 170.00
481.89, 179.00
482.22, 180.00
482.56, 186.00
482.90, 189.00
483.23, 190.00
483.57, 198.00
483.90, 194.00
484.24, 205.00
484.58, 206.00
484.91, 213.00
485.25, 224.00
485.58, 219.00
485.92, 230.00
486.26, 227.00
486.59, 232.00
486.93, 237.00
487.26, 237.00
487.60, 233.00
487.94, 228.00
488.27, 226.00
488.61, 226.00
488.94, 229.00
489.28, 219.00
489.61, 228.00
489.95, 227.00
490.29, 218.00
490.62, 218.00
490.96, 221.00
491.29, 228.00
491.63, 213.00
491.96, 214.00
492.30, 211.00
492.63, 213.00
492.97, 197.00
493.30, 204.00
493.64, 203.00
493.97, 197.00
494.31, 197.00
494.64, 208.00
494.98, 205.00
495.31, 206.00
495.65, 195.00
495.98, 201.00
496.32, 196.00
496.65, 224.00
496.99, 196.00
497.32, 189.00
497.66, 182.00
497.99, 182.00
498.33, 181.00
498.66, 182.00
499.00, 185.00
499.33, 172.00
499.67, 171.00
500.00, 175.00
500.34, 181.00
500.67, 192.00
501.00, 185.00
501.34, 178.00
501.67, 176.00
502.01, 168.00
502.34, 177.00
502.68, 176.00
503.01, 185.00
503.34, 189.00
503.68, 183.00
504.01, 182.00
504.35, 186.00
504.68, 184.00
505.01, 180.00
505.35, 180.00
505.68, 180.00
506.02, 189.00
506.35, 186.00
506.68, 193.00
507.02, 185.00
507.35, 188.00
507.68, 179.00
508.02, 183.00
508.35, 187.00
508.69, 176.00
509.02, 175.00
509.35, 175.00
509.69, 173.00
510.02, 176.00
510.35, 172.00
510.69, 173.00
511.02, 174.00
511.35, 166.00
511.69, 175.00
512.02, 175.00
512.35, 168.00
512.68, 177.00
513.02, 169.00
513.35, 166.00
513.68, 164.00
514.02, 175.00
514.35, 168.00
514.68, 167.00
515.01, 167.00
515.35, 176.00
515.68, 164.00
516.01, 159.00
516.35, 160.00
516.68, 164.00
517.01, 159.00
517.34, 169.00
517.68, 163.00
518.01, 175.00
518.34, 168.00
518.67, 169.00
519.01, 165.00
519.34, 170.00
519.67, 181.00
520.00, 180.00
520.33, 184.00
520.67, 182.00
521.00, 177.00
521.33, 189.00
521.66, 204.00
522.00, 196.00
522.33, 193.00
522.66, 183.00
522.99, 182.00
523.32, 188.00
523.65, 176.00
523.99, 169.00
524.32, 181.00
524.65, 169.00
524.98, 179.00
525.31, 171.00
525.65, 204.00
525.98, 170.00
526.31, 168.00
526.64, 179.00
526.97, 174.00
527.30, 174.00
527.63, 170.00
527.97, 165.00
528.30, 169.00
528.63, 167.00
528.96, 198.00
529.29, 165.00
529.62, 169.00
529.95, 159.00
530.28, 161.00
530.61, 159.00
530.95, 160.00
531.28, 159.00
531.61, 175.00
531.94, 174.00
532.27, 188.00
532.60, 183.00
532.93, 189.00
533.26, 182.00
533.59, 174.00
533.92, 179.00
534.25, 166.00
534.58, 202.00
534.91, 174.00
535.25, 162.00
535.58, 164.00
535.91, 165.00
536.24, 169.00
536.57, 174.00
536.90, 171.00
537.23, 180.00
537.56, 226.00
537.89, 194.00
538.22, 193.00
538.55, 197.00
538.88, 204.00
539.21, 322.00
539.54, 226.00
539.87, 235.00
540.20, 266.00
540.53, 288.00
540.86, 357.00
541.19, 365.00
541.52, 389.00
541.85, 419.00
542.18, 446.00
542.51, 453.00
542.84, 464.00
543.17, 466.00
543.50, 455.00
543.82, 440.00
544.15, 425.00
544.48, 424.00
544.81, 463.00
545.14, 496.00
545.47, 463.00
545.80, 447.00
546.13, 360.00
546.46, 366.00
546.79, 330.00
547.12, 287.00
547.45, 271.00
547.78, 271.00
548.10, 256.00
548.43, 252.00
548.76, 254.00
549.09, 244.00
549.42, 229.00
549.75, 230.00
550.08, 227.00
550.41, 223.00
550.74, 228.00
551.06, 220.00
551.39, 223.00
551.72, 214.00
552.05, 213.00
552.38, 209.00
552.71, 202.00
553.03, 196.00
553.36, 193.00
553.69, 197.00
554.02, 183.00
554.35, 187.00
554.68, 180.00
555.00, 188.00
555.33, 182.00
555.66, 178.00
555.99, 186.00
556.32, 182.00
556.64, 181.00
556.97, 194.00
557.30, 192.00
557.63, 197.00
557.96, 197.00
558.28, 190.00
558.61, 205.00
558.94, 197.00
559.27, 187.00
559.59, 189.00
559.92, 190.00
560.25, 191.00
560.58, 187.00
560.90, 190.00
561.23, 182.00
561.56, 182.00
561.89, 188.00
562.21, 180.00
562.54, 177.00
562.87, 172.00
563.20, 178.00
563.52, 164.00
563.85, 166.00
564.18, 188.00
564.50, 171.00
564.83, 191.00
565.16, 216.00
565.48, 159.00
565.81, 166.00
566.14, 156.00
566.47, 158.00
566.79, 161.00
567.12, 156.00
567.45, 187.00
567.77, 163.00
568.10, 163.00
568.43, 164.00
568.75, 153.00
569.08, 163.00
569.40, 196.00
569.73, 163.00
570.06, 160.00
570.38, 160.00
570.71, 153.00
571.04, 159.00
571.36, 164.00
571.69, 151.00
572.01, 154.00
572.34, 156.00
572.67, 163.00
572.99, 160.00
573.32, 173.00
573.64, 159.00
573.97, 156.00
574.30, 158.00
574.62, 158.00
574.95, 165.00
575.27, 161.00
575.60, 165.00
575.92, 176.00
576.25, 175.00
576.58, 180.00
576.90, 172.00
577.23, 207.00
577.55, 177.00
577.88, 175.00
578.20, 179.00
578.53, 185.00
578.85, 200.00
579.18, 192.00
579.50, 188.00
579.83, 190.00
580.15, 193.00
580.48, 190.00
580.80, 190.00
581.13, 194.00
581.45, 191.00
581.78, 191.00
582.10, 209.00
582.43, 201.00
582.75, 208.00
583.08, 207.00
583.40, 207.00
583.73, 263.00
584.05, 211.00
584.38, 207.00
584.70, 259.00
585.03, 215.00
585.35, 205.00
585.67, 211.00
586.00, 222.00
586.32, 248.00
586.65, 253.00
586.97, 252.00
587.30, 247.00
587.62, 241.00
587.94, 239.00
588.27, 216.00
588.59, 205.00
588.92, 207.00
589.24, 198.00
589.56, 206.00
589.89, 205.00
590.21, 194.00
590.54, 187.00
590.86, 185.00
591.18, 190.00
591.51, 190.00
591.83, 213.00
592.15, 209.00
592.48, 202.00
592.80, 205.00
593.13, 196.00
593.45, 203.00
593.77, 196.00
594.10, 197.00
594.42, 185.00
594.74, 183.00
595.07, 200.00
595.39, 200.00
595.71, 199.00
596.03, 197.00
596.36, 201.00
596.68, 199.00
597.00, 210.00
597.33, 205.00
597.65, 210.00
597.97, 211.00
598.30, 213.00
598.62, 211.00
598.94, 210.00
599.26, 212.00
599.59, 207.00
599.91, 204.00
600.23, 200.00
600.55, 197.00
600.88, 204.00
601.20, 191.00
601.52, 180.00
601.84, 183.00
602.17, 179.00
602.49, 175.00
602.81, 168.00
603.13, 169.00
603.45, 174.00
603.78, 171.00
604.10, 171.00
604.42, 167.00
604.74, 163.00
605.07, 169.00
605.39, 167.00
605.71, 170.00
606.03, 173.00
606.35, 167.00
606.67, 179.00
607.00, 176.00
607.32, 181.00
607.64, 185.00
607.96, 180.00
608.28, 191.00
608.60, 192.00
608.93, 212.00
609.25, 247.00
609.57, 290.00
609.89, 382.00
610.21, 447.00
610.53, 494.00
610.85, 483.00
611.17, 445.00
611.50, 420.00
611.82, 390.00
612.14, 366.00
612.46, 332.00
612.78, 310.00
613.10, 305.00
613.42, 280.00
613.74, 281.00
614.06, 297.00
614.38, 269.00
614.70, 268.00
615.03, 270.00
615.35, 258.00
615.67, 344.00
615.99, 220.00
616.31, 208.00
616.63, 205.00
616.95, 196.00
617.27, 192.00
617.59, 187.00
617.91, 190.00
618.23, 198.00
618.55, 183.00
618.87, 185.00
619.19, 188.00
619.51, 183.00
619.83, 187.00
620.15, 188.00
620.47, 188.00
620.79, 185.00
621.11, 196.00
621.43, 181.00
621.75, 195.00
622.07, 192.00
622.39, 178.00
622.71, 184.00
623.03, 181.00
623.35, 224.00
623.67, 184.00
623.99, 184.00
624.31, 180.00
624.63, 176.00
624.95, 181.00
625.26, 178.00
625.58, 182.00
625.90, 207.00
626.22, 174.00
626.54, 169.00
626.86, 182.00
627.18, 179.00
627.50, 182.00
627.82, 173.00
628.14, 177.00
628.46, 178.00
628.77, 176.00
629.09, 190.00
629.41, 191.00
629.73, 200.00
630.05, 214.00
630.37, 206.00
630.69, 205.00
631.00, 205.00
631.32, 198.00
631.64, 182.00
631.96, 187.00
632.28, 182.00
632.60, 180.00
632.92, 181.00
633.23, 175.00
633.55, 182.00
633.87, 173.00
634.19, 185.00
634.51, 182.00
634.82, 199.00
635.14, 186.00
635.46, 189.00
635.78, 184.00
636.10, 184.00
636.41, 188.00
636.73, 186.00
637.05, 179.00
637.37, 186.00
637.68, 179.00
638.00, 186.00
638.32, 184.00
638.64, 191.00
638.95, 198.00
639.27, 201.00
639.59, 197.00
639.91, 189.00
640.22, 187.00
640.54, 189.00
640.86, 186.00
641.18, 185.00
641.49, 198.00
641.81, 180.00
642.13, 185.00
642.44, 163.00
642.76, 169.00
643.08, 161.00
643.40, 166.00
643.71, 175.00
644.03, 178.00
644.35, 178.00
644.66, 183.00
644.98, 179.00
645.30, 172.00
645.61, 184.00
645.93, 168.00
646.25, 165.00
646.56, 171.00
646.88, 190.00
647.19, 163.00
647.51, 162.00
647.83, 162.00
648.14, 156.00
648.46, 159.00
648.78, 167.00
649.09, 158.00
649.41, 203.00
649.72, 172.00
650.04, 174.00
650.36, 167.00
650.67, 173.00
650.99, 163.00
651.30, 165.00
651.62, 166.00
651.93, 169.00
652.25, 181.00
652.57, 202.00
652.88, 162.00
653.20, 169.00
653.51, 172.00
653.83, 163.00
654.14, 166.00
654.46, 165.00
654.77, 162.00
655.09, 167.00
655.40, 175.00
655.72, 171.00
656.04, 161.00
656.35, 167.00
656.67, 169.00
656.98, 160.00
657.30, 159.00
657.61, 156.00
657.93, 159.00
658.24, 166.00
658.55, 198.00
658.87, 161.00
659.18, 162.00
659.50, 161.00
659.81, 169.00
660.13, 161.00
660.44, 160.00
660.76, 165.00
661.07, 184.00
661.39, 166.00
661.70, 169.00
662.01, 163.00
662.33, 164.00
662.64, 166.00
662.96, 159.00
663.27, 155.00
663.59, 162.00
663.90, 157.00
664.21, 161.00
664.53, 177.00
664.84, 161.00
665.16, 185.00
665.47, 164.00
665.78, 154.00
666.10, 169.00
666.41, 174.00
666.72, 182.00
667.04, 199.00
667.35, 182.00
667.67, 179.00
667.98, 175.00
668.29, 175.00
668.61, 169.00
668.92, 165.00
669.23, 159.00
669.55, 165.00
669.86, 190.00
670.17, 166.00
670.48, 157.00
670.80, 154.00
671.11, 156.00
671.42, 159.00
671.74, 156.00
672.05, 154.00
672.36, 158.00
672.68, 153.00
672.99, 154.00
673.30, 157.00
673.61, 155.00
673.93, 159.00
674.24, 164.00
674.55, 159.00
674.86, 164.00
675.18, 158.00
675.49, 166.00
675.80, 162.00
676.11, 171.00
676.43, 169.00
676.74, 164.00
677.05, 166.00
677.36, 172.00
677.67, 161.00
677.99, 165.00
678.30, 166.00
678.61, 166.00
678.92, 162.00
679.23, 165.00
679.55, 171.00
679.86, 164.00
680.17, 164.00
680.48, 162.00
680.79, 171.00
681.10, 154.00
681.42, 163.00
681.73, 161.00
682.04, 157.00
682.35, 161.00
682.66, 167.00
682.97, 159.00
683.28, 156.00
683.60, 164.00
683.91, 160.00
684.22, 173.00
684.53, 159.00
684.84, 159.00
685.15, 160.00
685.46, 185.00
685.77, 153.00
686.08, 156.00
686.40, 194.00
686.71, 161.00
687.02, 157.00
687.33, 159.00
687.64, 151.00
687.95, 152.00
688.26, 155.00
688.57, 159.00
688.88, 155.00
689.19, 149.00
689.50, 149.00
689.81, 158.00
690.12, 151.00
690.43, 168.00
690.74, 150.00
691.05, 146.00
691.36, 162.00
691.67, 149.00
691.98, 148.00
692.29, 147.00
692.60, 154.00
692.91, 151.00
693.22, 155.00
693.53, 151.00
693.84, 147.00
694.15, 152.00
694.46, 149.00
694.77, 154.00
695.08, 154.00
695.39, 163.00
695.70, 152.00
696.01, 157.00
696.32, 145.00
696.63, 148.00
696.94, 159.00
697.25, 144.00
697.56, 159.00
697.87, 159.00
698.17, 189.00
698.48, 158.00
698.79, 148.00
699.10, 150.00
699.41, 153.00
699.72, 152.00
700.03, 154.00
700.34, 151.00
700.65, 152.00
700.95, 150.00
701.26, 152.00
701.57, 151.00
701.88, 152.00
702.19, 160.00
702.50, 157.00
702.81, 156.00
703.11, 175.00
703.42, 152.00
703.73, 153.00
704.04, 166.00
704.35, 168.00
704.66, 180.00
704.96, 259.00
705.27, 352.00
705.58, 408.00
705.89, 406.00
706.20, 350.00
706.50, 302.00
706.81, 279.00
707.12, 250.00
707.43, 227.00
707.73, 202.00
708.04, 176.00
708.35, 172.00
708.66, 168.00
708.97, 157.00
709.27, 163.00
709.58, 158.00
709.89, 159.00
710.19, 157.00
710.50, 160.00
710.81, 158.00
711.12, 162.00
711.42, 157.00
711.73, 157.00
712.04, 159.00
712.35, 155.00
712.65, 156.00
712.96, 157.00
713.27, 154.00
713.57, 171.00
713.88, 172.00
714.19, 148.00
714.49, 149.00
714.80, 154.00
715.11, 153.00
715.41, 150.00
715.72, 153.00
716.03, 153.00
716.33, 158.00
716.64, 151.00
716.94, 151.00
717.25, 151.00
717.56, 157.00
717.86, 156.00
718.17, 150.00
718.48, 151.00
718.78, 152.00
719.09, 152.00
719.39, 153.00
719.70, 149.00
720.01, 147.00
720.31, 149.00
720.62, 149.00
720.92, 152.00
721.23, 154.00
721.53, 156.00
721.84, 150.00
722.15, 155.00
722.45, 150.00
722.76, 159.00
723.06, 146.00
723.37, 152.00
723.67, 150.00
723.98, 142.00
724.28, 152.00
724.59, 154.00
724.89, 153.00
725.20, 156.00
725.50, 156.00
725.81, 148.00
726.11, 154.00
726.42, 151.00
726.72, 159.00
727.03, 197.00
727.33, 171.00
727.64, 172.00
727.94, 162.00
728.25, 160.00
728.55, 155.00
728.86, 178.00
729.16, 149.00
729.46, 150.00
729.77, 146.00
730.07, 157.00
730.38, 150.00
730.68, 146.00
730.99, 156.00
731.29, 151.00
731.59, 151.00
731.90, 153.00
732.20, 148.00
732.51, 157.00
732.81, 146.00
733.11, 151.00
733.42, 152.00
733.72, 156.00
734.02, 152.00
734.33, 146.00
734.63, 150.00
734.94, 146.00
735.24, 149.00
735.54, 151.00
735.85, 146.00
736.15, 146.00
736.45, 148.00
736.76, 150.00
737.06, 148.00
737.36, 156.00
737.67, 153.00
737.97, 153.00
738.27, 156.00
738.57, 151.00
738.88, 151.00
739.18, 184.00
739.48, 152.00
739.79, 147.00
740.09, 151.00
740.39, 155.00
740.69, 153.00
741.00, 145.00
741.30, 157.00
741.60, 146.00
741.90, 150.00
742.21, 149.00
742.51, 189.00
742.81, 148.00
743.11, 152.00
743.42, 167.00
743.72, 150.00
744.02, 153.00
744.32, 149.00
744.63, 156.00
744.93, 154.00
745.23, 151.00
745.53, 154.00
745.83, 153.00
746.13, 151.00
746.44, 151.00
746.74, 152.00
747.04, 149.00
747.34, 151.00
747.64, 149.00
747.94, 147.00
748.25, 149.00
748.55, 154.00
748.85, 153.00
749.15, 156.00
749.45, 180.00
749.75, 162.00
750.05, 153.00
750.35, 147.00
750.66, 167.00
750.96, 154.00
751.26, 148.00
751.56, 142.00
751.86, 154.00
752.16, 149.00
752.46, 143.00
752.76, 143.00
753.06, 145.00
753.36, 185.00
753.66, 147.00
753.96, 154.00
754.27, 152.00
754.57, 152.00
754.87, 145.00
755.17, 147.00
755.47, 147.00
755.77, 151.00
756.07, 149.00
756.37, 155.00
756.67, 153.00
756.97, 149.00
757.27, 151.00
757.57, 145.00
757.87, 153.00
758.17, 155.00
758.47, 154.00
758.77, 155.00
759.07, 153.00
759.37, 151.00
759.67, 156.00
759.97, 152.00
760.27, 148.00
760.57, 150.00
760.86, 148.00
761.16, 149.00
761.46, 155.00
761.76, 181.00
762.06, 149.00
762.36, 158.00
762.66, 153.00
762.96, 151.00
763.26, 150.00
763.56, 175.00
763.86, 157.00
764.16, 150.00
764.45, 161.00
764.75, 153.00
765.05, 148.00
765.35, 152.00
765.65, 151.00
765.95, 146.00
766.25, 149.00
766.55, 154.00
766.84, 153.00
767.14, 153.00
767.44, 151.00
767.74, 153.00
768.04, 154.00
768.34, 147.00
768.63, 146.00
768.93, 152.00
769.23, 152.00
769.53, 153.00
769.83, 152.00
770.12, 150.00
770.42, 152.00
770.72, 150.00
771.02, 149.00
771.32, 149.00
771.61, 151.00
771.91, 157.00
772.21, 147.00
772.51, 150.00
772.80, 152.00
773.10, 153.00
773.40, 151.00
773.70, 149.00
773.99, 159.00
774.29, 160.00
774.59, 161.00
774.88, 156.00
775.18, 160.00
775.48, 216.00
775.78, 369.00
776.07, 524.00
776.37, 588.00
776.67, 545.00
776.96, 401.00
777.26, 372.00
777.56, 281.00
777.85, 258.00
778.15, 245.00
778.45, 230.00
778.74, 210.00
779.04, 189.00
779.34, 177.00
779.63, 171.00
779.93, 154.00
780.22, 150.00
780.52, 153.00
780.82, 149.00
781.11, 150.00
781.41, 147.00
781.71, 152.00
782.00, 150.00
782.30, 152.00
782.59, 156.00
782.89, 153.00
783.19, 146.00
783.48, 145.00
783.78, 151.00
784.07, 154.00
784.37, 151.00
784.66, 150.00
784.96, 152.00
785.25, 147.00
785.55, 149.00
785.84, 148.00
786.14, 139.00
786.44, 144.00
786.73, 149.00
787.03, 151.00
787.32, 149.00
787.62, 149.00
787.91, 147.00
788.21, 153.00
788.50, 144.00
788.80, 146.00
789.09, 149.00
789.39, 154.00
789.68, 148.00
789.97, 154.00
790.27, 146.00
790.56, 150.00
790.86, 158.00
791.15, 146.00
791.45, 153.00
791.74, 175.00
792.04, 147.00
792.33, 148.00
792.62, 174.00
792.92, 148.00
793.21, 150.00
793.51, 152.00
793.80, 143.00
794.09, 151.00
794.39, 146.00
794.68, 146.00
794.98, 149.00
795.27, 143.00
795.56, 151.00
795.86, 148.00
796.15, 148.00
796.44, 152.00
796.74, 149.00
797.03, 145.00
797.32, 146.00
797.62, 145.00
797.91, 155.00
798.20, 147.00
798.50, 157.00
798.79, 158.00
799.08, 145.00
799.38, 149.00
799.67, 147.00
799.96, 156.00
800.26, 175.00
800.55, 149.00
800.84, 156.00
801.13, 146.00
801.43, 148.00
801.72, 185.00
802.01, 149.00
802.30, 149.00
802.60, 151.00
802.89, 154.00
803.18, 148.00
803.47, 146.00
803.77, 154.00
804.06, 151.00
804.35, 150.00
804.64, 161.00
804.94, 149.00
805.23, 150.00
805.52, 151.00
805.81, 150.00
806.10, 148.00
806.39, 149.00
806.69, 146.00
806.98, 150.00
807.27, 144.00
807.56, 151.00
807.85, 155.00
808.14, 144.00
808.44, 152.00
808.73, 149.00
809.02, 167.00
809.31, 154.00
809.60, 154.00
809.89, 154.00
810.18, 146.00
810.48, 152.00
810.77, 153.00
811.06, 152.00
811.35, 151.00
811.64, 154.00
811.93, 170.00
812.22, 150.00
812.51, 152.00
812.80, 143.00
813.09, 145.00
813.38, 145.00
813.67, 173.00
813.96, 150.00
814.26, 142.00
814.55, 143.00
814.84, 145.00
815.13, 153.00
815.42, 147.00
815.71, 144.00
816.00, 155.00
816.29, 153.00
816.58, 151.00
816.87, 147.00
817.16, 146.00
817.45, 156.00
817.74, 152.00
818.03, 148.00
818.32, 147.00
818.61, 146.00
818.90, 149.00
819.19, 143.00
819.48, 144.00
819.76, 147.00
820.05, 144.00
820.34, 152.00
820.63, 143.00
820.92, 146.00
821.21, 147.00
821.50, 148.00
821.79, 144.00
822.08, 148.00
822.37, 153.00
822.66, 147.00
822.95, 154.00
823.23, 146.00
823.52, 163.00
823.81, 151.00
824.10, 151.00
824.39, 150.00
824.68, 150.00
824.97, 160.00
825.26, 147.00
825.54, 186.00
825.83, 146.00
826.12, 148.00
826.41, 157.00
826.70, 145.00
826.99, 151.00
827.27, 152.00
827.56, 162.00
827.85, 147.00
828.14, 148.00
828.43, 149.00
828.71, 152.00
829.00, 147.00
829.29, 145.00
829.58, 155.00
829.86, 149.00
830.15, 150.00
830.44, 151.00
830.73, 153.00
831.01, 150.00
831.30, 148.00
831.59, 148.00
831.88, 148.00
832.16, 147.00
832.45, 151.00
832.74, 146.00
833.03, 149.00
833.31, 150.00
833.60, 147.00
833.89, 144.00
834.17, 143.00
834.46, 147.00
834.75, 144.00
835.03, 142.00
835.32, 146.00
835.61, 145.00
835.89, 156.00
836.18, 142.00
836.47, 139.00
836.75, 149.00
837.04, 151.00
837.33, 149.00
837.61, 141.00
837.90, 143.00
838.19, 143.00
838.47, 143.00
838.76, 150.00
839.04, 146.00
839.33, 148.00
839.62, 146.00
839.90, 151.00
840.19, 146.00
840.47, 143.00
840.76, 173.00
841.04, 143.00
841.33, 152.00
841.62, 148.00
841.90, 148.00
842.19, 149.00
842.47, 299.00
842.76, 145.00
843.04, 155.00
843.33, 172.00
843.61, 155.00
843.90, 162.00
844.18, 163.00
844.47, 159.00
844.75, 165.00
845.04, 152.00
845.32, 154.00
845.61, 150.00
845.89, 154.00
846.18, 156.00
846.46, 156.00
846.75, 147.00
847.03, 158.00
847.32, 147.00
847.60, 144.00
847.88, 149.00
848.17, 148.00
848.45, 163.00
848.74, 153.00
849.02, 148.00
849.31, 145.00
849.59, 150.00
849.87, 144.00
850.16, 147.00
850.44, 150.00
850.73, 172.00
851.01, 149.00
851.29, 145.00
851.58, 149.00
851.86, 143.00
852.14, 145.00
852.43, 153.00
852.71, 145.00
853.00, 148.00
853.28, 153.00
853.56, 146.00
853.85, 148.00
854.13, 147.00
854.41, 146.00
854.69, 142.00
854.98, 149.00
855.26, 194.00
855.54, 144.00
855.83, 151.00
856.11, 146.00
856.39, 147.00
856.68, 145.00
856.96, 148.00
857.24, 144.00
857.52, 145.00
857.81, 148.00
858.09, 145.00
858.37, 147.00
858.65, 142.00
858.94, 146.00
859.22, 147.00
