190.05, 0.00
190.41, 134.00
190.77, 132.00
191.14, 135.00
191.50, 136.00
191.86, 157.00
192.22, 147.00
192.58, 146.00
192.94, 142.00
193.31, 138.00
193.67, 141.00
194.03, 145.00
194.39, 143.00
194.75, 136.00
195.11, 154.00
195.47, 154.00
195.84, 142.00
196.20, 144.00
196.56, 161.00
196.92, 140.00
197.28, 145.00
197.64, 143.00
198.00, 139.00
198.37, 146.00
198.73, 144.00
199.09, 139.00
199.45, 144.00
199.81, 147.00
200.17, 150.00
200.53, 142.00
200.89, 146.00
201.25, 179.00
201.62, 142.00
201.98, 144.00
202.34, 147.00
202.70, 155.00
203.06, 145.00
203.42, 147.00
203.78, 146.00
204.14, 144.00
204.50, 172.00
204.86, 158.00
205.22, 156.00
205.58, 152.00
205.95, 149.00
206.31, 145.00
206.67, 151.00
207.03, 143.00
207.39, 150.00
207.75, 141.00
208.11, 146.00
208.47, 147.00
208.83, 159.00
209.19, 146.00
209.55, 144.00
209.91, 148.00
210.27, 149.00
210.63, 144.00
210.99, 157.00
211.35, 148.00
211.71, 151.00
212.07, 149.00
212.43, 151.00
212.79, 148.00
213.15, 144.00
213.51, 147.00
213.87, 151.00
214.23, 147.00
214.59, 145.00
214.95, 147.00
215.31, 146.00
215.67, 147.00
216.03, 180.00
216.39, 151.00
216.75, 148.00
217.11, 152.00
217.47, 148.00
217.83, 148.00
218.19, 142.00
218.55, 151.00
218.91, 151.00
219.27, 144.00
219.63, 145.00
219.99, 142.00
220.35, 136.00
220.71, 153.00
221.07, 145.00
221.43, 147.00
221.79, 147.00
222.15, 149.00
222.51, 148.00
222.87, 145.00
223.23, 145.00
223.59, 149.00
223.95, 141.00
224.31, 144.00
224.67, 146.00
225.03, 148.00
225.39, 152.00
225.74, 147.00
226.10, 143.00
226.46, 142.00
226.82, 149.00
227.18, 152.00
227.54, 150.00
227.90, 152.00
228.26, 149.00
228.62, 158.00
228.98, 147.00
229.34, 148.00
229.69, 144.00
230.05, 150.00
230.41, 144.00
230.77, 154.00
231.13, 150.00
231.49, 143.00
231.85, 143.00
232.21, 146.00
232.57, 143.00
232.92, 146.00
233.28, 138.00
233.64, 143.00
234.00, 147.00
234.36, 141.00
234.72, 139.00
235.08, 146.00
235.44, 144.00
235.79, 141.00
236.15, 148.00
236.51, 143.00
236.87, 145.00
237.23, 145.00
237.59, 142.00
237.94, 160.00
238.30, 147.00
238.66, 146.00
239.02, 145.00
239.38, 144.00
239.74, 148.00
240.09, 161.00
240.45, 145.00
240.81, 145.00
241.17, 151.00
241.53, 148.00
241.89, 148.00
242.24, 148.00
242.60, 146.00
242.96, 148.00
243.32, 149.00
243.68, 141.00
244.03, 147.00
244.39, 150.00
244.75, 168.00
245.11, 146.00
245.46, 151.00
245.82, 173.00
246.18, 152.00
246.54, 145.00
246.90, 144.00
247.25, 143.00
247.61, 141.00
247.97, 186.00
248.33, 145.00
248.68, 145.00
249.04, 142.00
249.40, 145.00
249.76, 149.00
250.11, 144.00
250.47, 149.00
250.83, 146.00
251.19, 148.00
251.54, 151.00
251.90, 149.00
252.26, 152.00
252.62, 146.00
252.97, 152.00
253.33, 143.00
253.69, 151.00
254.05, 155.00
254.40, 145.00
254.76, 144.00
255.12, 174.00
255.47, 151.00
255.83, 152.00
256.19, 152.00
256.54, 142.00
256.90, 140.00
257.26, 144.00
257.62, 151.00
257.97, 147.00
258.33, 151.00
258.69, 149.00
259.04, 146.00
259.40, 147.00
259.76, 149.00
260.11, 145.00
260.47, 143.00
260.83, 154.00
261.18, 147.00
261.54, 159.00
261.90, 153.00
262.25, 146.00
262.61, 145.00
262.97, 144.00
263.32, 144.00
263.68, 148.00
264.04, 148.00
264.39, 144.00
264.75, 150.00
265.10, 153.00
265.46, 197.00
265.82, 162.00
266.17, 153.00
266.53, 147.00
266.89, 157.00
267.24, 157.00
267.60, 149.00
267.95, 148.00
268.31, 144.00
268.67, 142.00
269.02, 151.00
269.38, 142.00
269.74, 159.00
270.09, 140.00
270.45, 144.00
270.80, 174.00
271.16, 155.00
271.51, 162.00
271.87, 151.00
272.23, 156.00
272.58, 150.00
272.94, 148.00
273.29, 143.00
273.65, 200.00
274.00, 149.00
274.36, 151.00
274.72, 149.00
275.07, 145.00
275.43, 147.00
275.78, 153.00
276.14, 150.00
276.49, 154.00
276.85, 165.00
277.20, 171.00
277.56, 149.00
277.92, 146.00
278.27, 154.00
278.63, 155.00
278.98, 152.00
279.34, 151.00
279.69, 153.00
280.05, 171.00
280.40, 160.00
280.76, 174.00
281.11, 164.00
281.47, 158.00
281.82, 160.00
282.18, 158.00
282.53, 172.00
282.89, 178.00
283.24, 167.00
283.60, 174.00
283.95, 179.00
284.31, 180.00
284.66, 193.00
285.02, 194.00
285.37, 190.00
285.73, 185.00
286.08, 189.00
286.44, 168.00
286.79, 166.00
287.14, 170.00
287.50, 163.00
287.85, 161.00
288.21, 166.00
288.56, 168.00
288.92, 164.00
289.27, 171.00
289.63, 170.00
289.98, 170.00
290.34, 162.00
290.69, 175.00
291.04, 155.00
291.40, 156.00
291.75, 155.00
292.11, 162.00
292.46, 156.00
292.81, 170.00
293.17, 170.00
293.52, 179.00
293.88, 188.00
294.23, 192.00
294.59, 210.00
294.94, 234.00
295.29, 238.00
295.65, 266.00
296.00, 272.00
296.36, 247.00
296.71, 231.00
297.06, 235.00
297.42, 243.00
297.77, 244.00
298.12, 217.00
298.48, 208.00
298.83, 206.00
299.19, 212.00
299.54, 216.00
299.89, 217.00
300.25, 215.00
300.60, 211.00
300.95, 203.00
301.31, 184.00
301.66, 177.00
302.01, 177.00
302.37, 175.00
302.72, 180.00
303.07, 191.00
303.43, 190.00
303.78, 193.00
304.13, 198.00
304.49, 205.00
304.84, 213.00
305.19, 243.00
305.55, 196.00
305.90, 241.00
306.25, 345.00
306.61, 501.00
306.96, 605.00
307.31, 786.00
307.66, 1146.00
308.02, 1533.00
308.37, 1845.00
308.72, 2094.00
309.08, 2101.00
309.43, 1991.00
309.78, 1690.00
310.13, 1444.00
310.49, 1240.00
310.84, 973.00
311.19, 859.00
311.54, 746.00
311.90, 620.00
312.25, 572.00
312.60, 566.00
312.95, 650.00
313.31, 734.00
313.66, 730.00
314.01, 726.00
314.36, 755.00
314.72, 889.00
315.07, 1123.00
315.42, 1335.00
315.77, 1389.00
316.13, 1119.00
316.48, 757.00
316.83, 496.00
317.18, 359.00
317.54, 275.00
317.89, 233.00
318.24, 218.00
318.59, 207.00
318.94, 205.00
319.30, 199.00
319.65, 209.00
320.00, 221.00
320.35, 221.00
320.70, 214.00
321.05, 217.00
321.41, 218.00
321.76, 212.00
322.11, 204.00
322.46, 202.00
322.81, 235.00
323.17, 193.00
323.52, 192.00
323.87, 190.00
324.22, 186.00
324.57, 188.00
324.92, 205.00
325.27, 212.00
325.63, 229.00
325.98, 240.00
326.33, 261.00
326.68, 255.00
327.03, 242.00
327.38, 243.00
327.73, 266.00
328.09, 287.00
328.44, 299.00
328.79, 259.00
329.14, 285.00
329.49, 239.00
329.84, 235.00
330.19, 244.00
330.54, 245.00
330.89, 240.00
331.25, 217.00
331.60, 215.00
331.95, 214.00
332.30, 219.00
332.65, 233.00
333.00, 268.00
333.35, 339.00
333.70, 351.00
334.05, 336.00
334.40, 382.00
334.75, 459.00
335.10, 652.00
335.45, 970.00
335.81, 1408.00
336.16, 2053.00
336.51, 2815.00
336.86, 2863.00
337.21, 2539.00
337.56, 1530.00
337.91, 925.00
338.26, 546.00
338.61, 359.00
338.96, 272.00
339.31, 236.00
339.66, 232.00
340.01, 222.00
340.36, 205.00
340.71, 194.00
341.06, 200.00
341.41, 200.00
341.76, 188.00
342.11, 196.00
342.46, 196.00
342.81, 198.00
343.16, 196.00
343.51, 203.00
343.86, 200.00
344.21, 200.00
344.56, 206.00
344.91, 207.00
345.26, 213.00
345.61, 200.00
345.96, 202.00
346.31, 200.00
346.66, 227.00
347.01, 207.00
347.36, 226.00
347.71, 201.00
348.06, 212.00
348.41, 230.00
348.76, 245.00
349.10, 262.00
349.45, 283.00
349.80, 290.00
350.15, 274.00
350.50, 266.00
350.85, 281.00
351.20, 287.00
351.55, 353.00
351.90, 430.00
352.25, 553.00
352.60, 732.00
352.95, 971.00
353.30, 1045.00
353.64, 932.00
353.99, 687.00
354.34, 564.00
354.69, 473.00
355.04, 514.00
355.39, 626.00
355.74, 829.00
356.09, 1089.00
356.44, 1433.00
356.78, 2003.00
357.13, 2295.00
357.48, 2206.00
357.83, 1669.00
358.18, 1043.00
358.53, 660.00
358.88, 390.00
359.22, 282.00
359.57, 224.00
359.92, 220.00
360.27, 220.00
360.62, 209.00
360.97, 209.00
361.32, 205.00
361.66, 201.00
362.01, 211.00
362.36, 205.00
362.71, 212.00
363.06, 223.00
363.40, 229.00
363.75, 236.00
364.10, 232.00
364.45, 230.00
364.80, 221.00
365.14, 222.00
365.49, 239.00
365.84, 233.00
366.19, 262.00
366.54, 277.00
366.88, 294.00
367.23, 257.00
367.58, 288.00
367.93, 225.00
368.28, 219.00
368.62, 231.00
368.97, 251.00
369.32, 284.00
369.67, 315.00
370.01, 388.00
370.36, 413.00
370.71, 453.00
371.06, 381.00
371.40, 318.00
371.75, 270.00
372.10, 263.00
372.45, 247.00
372.79, 279.00
373.14, 333.00
373.49, 395.00
373.83, 487.00
374.18, 624.00
374.53, 795.00
374.88, 892.00
375.22, 917.00
375.57, 708.00
375.92, 519.00
376.26, 379.00
376.61, 301.00
376.96, 266.00
377.30, 271.00
377.65, 314.00
378.00, 361.00
378.35, 456.00
378.69, 574.00
379.04, 718.00
379.39, 957.00
379.73, 1149.00
380.08, 1165.00
380.43, 900.00
380.77, 621.00
381.12, 503.00
381.47, 366.00
381.81, 293.00
382.16, 241.00
382.50, 234.00
382.85, 296.00
383.20, 221.00
383.54, 219.00
383.89, 234.00
384.24, 247.00
384.58, 268.00
384.93, 301.00
385.27, 285.00
385.62, 283.00
385.97, 276.00
386.31, 275.00
386.66, 300.00
387.00, 279.00
387.35, 297.00
387.70, 327.00
388.04, 426.00
388.39, 427.00
388.73, 536.00
389.08, 593.00
389.43, 665.00
389.77, 738.00
390.12, 865.00
390.46, 1137.00
390.81, 1244.00
391.15, 1242.00
391.50, 979.00
391.85, 667.00
392.19, 502.00
392.54, 396.00
392.88, 360.00
393.23, 389.00
393.57, 399.00
393.92, 387.00
394.26, 337.00
394.61, 286.00
394.95, 260.00
395.30, 228.00
395.64, 215.00
395.99, 255.00
396.33, 234.00
396.68, 245.00
397.02, 261.00
397.37, 296.00
397.71, 332.00
398.06, 380.00
398.40, 436.00
398.75, 539.00
399.09, 587.00
399.44, 585.00
399.78, 475.00
400.13, 371.00
400.47, 303.00
400.82, 242.00
401.16, 222.00
401.51, 215.00
401.85, 217.00
402.20, 229.00
402.54, 242.00
402.88, 254.00
403.23, 267.00
403.57, 292.00
403.92, 341.00
404.26, 463.00
404.61, 462.00
404.95, 568.00
405.30, 531.00
405.64, 488.00
405.98, 409.00
406.33, 335.00
406.67, 270.00
407.02, 242.00
407.36, 238.00
407.70, 244.00
408.05, 241.00
408.39, 253.00
408.74, 260.00
409.08, 284.00
409.42, 252.00
409.77, 242.00
410.11, 244.00
410.46, 231.00
410.80, 239.00
411.14, 236.00
411.49, 252.00
411.83, 264.00
412.17, 262.00
412.52, 277.00
412.86, 305.00
413.20, 309.00
413.55, 319.00
413.89, 289.00
414.23, 270.00
414.58, 287.00
414.92, 241.00
415.26, 229.00
415.61, 232.00
415.95, 237.00
416.29, 244.00
416.64, 247.00
416.98, 244.00
417.32, 255.00
417.67, 288.00
418.01, 298.00
418.35, 328.00
418.70, 346.00
419.04, 417.00
419.38, 394.00
419.72, 391.00
420.07, 345.00
420.41, 285.00
420.75, 255.00
421.10, 239.00
421.44, 241.00
421.78, 243.00
422.12, 243.00
422.47, 247.00
422.81, 262.00
423.15, 274.00
423.49, 278.00
423.84, 274.00
424.18, 286.00
424.52, 300.00
424.86, 339.00
425.21, 414.00
425.55, 426.00
425.89, 508.00
426.23, 582.00
426.57, 648.00
426.92, 660.00
427.26, 662.00
427.60, 572.00
427.94, 424.00
428.28, 342.00
428.63, 287.00
428.97, 255.00
429.31, 237.00
429.65, 226.00
429.99, 232.00
430.34, 228.00
430.68, 232.00
431.02, 244.00
431.36, 232.00
431.70, 246.00
432.04, 251.00
432.39, 266.00
432.73, 276.00
433.07, 293.00
433.41, 322.00
433.75, 320.00
434.09, 318.00
434.43, 309.00
434.78, 358.00
435.12, 395.00
435.46, 419.00
435.80, 393.00
436.14, 343.00
436.48, 296.00
436.82, 293.00
437.16, 265.00
437.51, 252.00
437.85, 241.00
438.19, 281.00
438.53, 248.00
438.87, 257.00
439.21, 255.00
439.55, 265.00
439.89, 273.00
440.23, 283.00
440.57, 296.00
440.91, 298.00
441.26, 290.00
441.60, 262.00
441.94, 257.00
442.28, 247.00
442.62, 247.00
442.96, 242.00
443.30, 249.00
443.64, 236.00
443.98, 237.00
444.32, 245.00
444.66, 232.00
445.00, 244.00
445.34, 256.00
445.68, 250.00
446.02, 250.00
446.36, 249.00
446.70, 254.00
447.04, 258.00
447.38, 278.00
447.72, 265.00
448.06, 281.00
448.40, 277.00
448.74, 263.00
449.08, 262.00
449.42, 250.00
449.76, 234.00
450.10, 237.00
450.44, 229.00
450.78, 231.00
451.12, 243.00
451.46, 236.00
451.80, 246.00
452.14, 225.00
452.48, 227.00
452.82, 235.00
453.16, 230.00
453.50, 242.00
453.84, 236.00
454.18, 270.00
454.52, 252.00
454.86, 254.00
455.19, 271.00
455.53, 264.00
455.87, 267.00
456.21, 280.00
456.55, 286.00
456.89, 268.00
457.23, 275.00
457.57, 256.00
457.91, 261.00
458.25, 259.00
458.59, 266.00
458.92, 284.00
459.26, 275.00
459.60, 284.00
459.94, 267.00
460.28, 241.00
460.62, 243.00
460.96, 229.00
461.30, 228.00
461.63, 228.00
461.97, 238.00
462.31, 242.00
462.65, 247.00
462.99, 261.00
463.33, 254.00
463.67, 259.00
464.00, 272.00
464.34, 277.00
464.68, 272.00
465.02, 289.00
465.36, 288.00
465.70, 263.00
466.03, 275.00
466.37, 257.00
466.71, 258.00
467.05, 263.00
467.39, 276.00
467.72, 285.00
468.06, 287.00
468.40, 303.00
468.74, 303.00
469.08, 314.00
469.41, 331.00
469.75, 336.00
470.09, 373.00
470.43, 370.00
470.76, 338.00
471.10, 332.00
471.44, 318.00
471.78, 309.00
472.11, 295.00
472.45, 289.00
472.79, 279.00
473.13, 282.00
473.46, 284.00
473.80, 278.00
474.14, 263.00
474.48, 266.00
474.81, 273.00
475.15, 267.00
475.49, 273.00
475.82, 268.00
476.16, 266.00
476.50, 260.00
476.84, 270.00
477.17, 264.00
477.51, 269.00
477.85, 270.00
478.18, 295.00
478.52, 274.00
478.86, 335.00
479.19, 292.00
479.53, 274.00
479.87, 320.00
480.20, 295.00
480.54, 297.00
480.88, 294.00
481.21, 291.00
481.55, 288.00
481.89, 283.00
482.22, 279.00
482.56, 296.00
482.90, 291.00
483.23, 294.00
483.57, 300.00
483.90, 310.00
484.24, 304.00
484.58, 316.00
484.91, 316.00
485.25, 337.00
485.58, 343.00
485.92, 347.00
486.26, 345.00
486.59, 357.00
486.93, 349.00
487.26, 360.00
487.60, 361.00
487.94, 348.00
488.27, 348.00
488.61, 345.00
488.94, 349.00
489.28, 353.00
489.61, 352.00
489.95, 348.00
490.29, 359.00
490.62, 362.00
490.96, 357.00
491.29, 360.00
491.63, 339.00
491.96, 334.00
492.30, 333.00
492.63, 330.00
492.97, 324.00
493.30, 331.00
493.64, 321.00
493.97, 318.00
494.31, 322.00
494.64, 332.00
494.98, 322.00
495.31, 324.00
495.65, 307.00
495.98, 331.00
496.32, 313.00
496.65, 347.00
496.99, 310.00
497.32, 312.00
497.66, 296.00
497.99, 293.00
498.33, 289.00
498.66, 295.00
499.00, 297.00
499.33, 290.00
499.67, 285.00
500.00, 286.00
500.34, 301.00
500.67, 292.00
501.00, 289.00
501.34, 283.00
501.67, 287.00
502.01, 289.00
502.34, 284.00
502.68, 292.00
503.01, 296.00
503.34, 296.00
503.68, 288.00
504.01, 303.00
504.35, 291.00
504.68, 298.00
505.01, 300.00
505.35, 296.00
505.68, 296.00
506.02, 299.00
506.35, 301.00
506.68, 306.00
507.02, 298.00
507.35, 297.00
507.68, 281.00
508.02, 292.00
508.35, 289.00
508.69, 284.00
509.02, 279.00
509.35, 280.00
509.69, 274.00
510.02, 280.00
510.35, 284.00
510.69, 270.00
511.02, 278.00
511.35, 274.00
511.69, 277.00
512.02, 275.00
512.35, 281.00
512.68, 280.00
513.02, 279.00
513.35, 277.00
513.68, 273.00
514.02, 284.00
514.35, 272.00
514.68, 281.00
515.01, 271.00
515.35, 275.00
515.68, 269.00
516.01, 272.00
516.35, 273.00
516.68, 273.00
517.01, 274.00
517.34, 278.00
517.68, 264.00
518.01, 276.00
518.34, 273.00
518.67, 272.00
519.01, 272.00
519.34, 274.00
519.67, 282.00
520.00, 268.00
520.33, 276.00
520.67, 283.00
521.00, 276.00
521.33, 286.00
521.66, 282.00
522.00, 283.00
522.33, 280.00
522.66, 276.00
522.99, 275.00
523.32, 278.00
523.65, 271.00
523.99, 273.00
524.32, 277.00
524.65, 273.00
524.98, 277.00
525.31, 272.00
525.65, 298.00
525.98, 275.00
526.31, 269.00
526.64, 280.00
526.97, 275.00
527.30, 268.00
527.63, 262.00
527.97, 265.00
528.30, 258.00
528.63, 265.00
528.96, 290.00
529.29, 268.00
529.62, 270.00
529.95, 263.00
530.28, 257.00
530.61, 253.00
530.95, 263.00
531.28, 262.00
531.61, 262.00
531.94, 264.00
532.27, 269.00
532.60, 278.00
532.93, 267.00
533.26, 273.00
533.59, 265.00
533.92, 271.00
534.25, 259.00
534.58, 299.00
534.91, 261.00
535.25, 255.00
535.58, 261.00
535.91, 260.00
536.24, 268.00
536.57, 275.00
536.90, 269.00
537.23, 279.00
537.56, 320.00
537.89, 284.00
538.22, 286.00
538.55, 285.00
538.88, 303.00
539.21, 428.00
539.54, 322.00
539.87, 333.00
540.20, 367.00
540.53, 394.00
540.86, 459.00
541.19, 479.00
541.52, 509.00
541.85, 524.00
542.18, 550.00
542.51, 551.00
542.84, 565.00
543.17, 560.00
543.50, 562.00
543.82, 549.00
544.15, 525.00
544.48, 538.00
544.81, 564.00
545.14, 601.00
545.47, 569.00
545.80, 544.00
546.13, 480.00
546.46, 486.00
546.79, 423.00
547.12, 372.00
547.45, 370.00
547.78, 357.00
548.10, 339.00
548.43, 345.00
548.76, 346.00
549.09, 329.00
549.42, 326.00
549.75, 326.00
550.08, 313.00
550.41, 319.00
550.74, 317.00
551.06, 306.00
551.39, 314.00
551.72, 301.00
552.05, 298.00
552.38, 284.00
552.71, 290.00
553.03, 290.00
553.36, 281.00
553.69, 275.00
554.02, 271.00
554.35, 275.00
554.68, 271.00
555.00, 261.00
555.33, 256.00
555.66, 267.00
555.99, 277.00
556.32, 259.00
556.64, 264.00
556.97, 273.00
557.30, 265.00
557.63, 268.00
557.96, 272.00
558.28, 268.00
558.61, 267.00
558.94, 261.00
559.27, 262.00
559.59, 267.00
559.92, 265.00
560.25, 258.00
560.58, 259.00
560.90, 266.00
561.23, 252.00
561.56, 249.00
561.89, 247.00
562.21, 249.00
562.54, 245.00
562.87, 241.00
563.20, 245.00
563.52, 238.00
563.85, 236.00
564.18, 248.00
564.50, 238.00
564.83, 271.00
565.16, 286.00
565.48, 215.00
565.81, 236.00
566.14, 222.00
566.47, 224.00
566.79, 233.00
567.12, 224.00
567.45, 258.00
567.77, 229.00
568.10, 230.00
568.43, 235.00
568.75, 228.00
569.08, 234.00
569.40, 270.00
569.73, 229.00
570.06, 232.00
570.38, 224.00
570.71, 233.00
571.04, 232.00
571.36, 232.00
571.69, 236.00
572.01, 225.00
572.34, 233.00
572.67, 235.00
572.99, 236.00
573.32, 252.00
573.64, 233.00
573.97, 230.00
574.30, 235.00
574.62, 237.00
574.95, 231.00
575.27, 233.00
575.60, 238.00
575.92, 251.00
576.25, 250.00
576.58, 249.00
576.90, 248.00
577.23, 282.00
577.55, 249.00
577.88, 253.00
578.20, 256.00
578.53, 264.00
578.85, 282.00
579.18, 276.00
579.50, 261.00
579.83, 262.00
580.15, 264.00
580.48, 265.00
580.80, 274.00
581.13, 275.00
581.45, 271.00
581.78, 284.00
582.10, 276.00
582.43, 283.00
582.75, 286.00
583.08, 288.00
583.40, 278.00
583.73, 361.00
584.05, 293.00
584.38, 282.00
584.70, 319.00
585.03, 285.00
585.35, 269.00
585.67, 280.00
586.00, 299.00
586.32, 319.00
586.65, 333.00
586.97, 328.00
587.30, 321.00
587.62, 298.00
587.94, 309.00
588.27, 297.00
588.59, 287.00
588.92, 274.00
589.24, 276.00
589.56, 275.00
589.89, 274.00
590.21, 261.00
590.54, 266.00
590.86, 270.00
591.18, 265.00
591.51, 279.00
591.83, 284.00
592.15, 299.00
592.48, 289.00
592.80, 302.00
593.13, 290.00
593.45, 285.00
593.77, 285.00
594.10, 286.00
594.42, 283.00
594.74, 281.00
595.07, 278.00
595.39, 276.00
595.71, 280.00
596.03, 274.00
596.36, 276.00
596.68, 275.00
597.00, 284.00
597.33, 281.00
597.65, 289.00
597.97, 294.00
598.30, 285.00
598.62, 296.00
598.94, 291.00
599.26, 300.00
599.59, 304.00
599.91, 296.00
600.23, 290.00
600.55, 274.00
600.88, 267.00
601.20, 257.00
601.52, 253.00
601.84, 252.00
602.17, 249.00
602.49, 246.00
602.81, 240.00
603.13, 247.00
603.45, 246.00
603.78, 238.00
604.10, 245.00
604.42, 236.00
604.74, 239.00
605.07, 226.00
605.39, 241.00
605.71, 235.00
606.03, 242.00
606.35, 237.00
606.67, 245.00
607.00, 244.00
607.32, 235.00
607.64, 236.00
607.96, 238.00
608.28, 247.00
608.60, 257.00
608.93, 263.00
609.25, 310.00
609.57, 351.00
609.89, 445.00
610.21, 526.00
610.53, 564.00
610.85, 556.00
611.17, 508.00
611.50, 485.00
611.82, 457.00
612.14, 426.00
612.46, 394.00
612.78, 374.00
613.10, 357.00
613.42, 344.00
613.74, 335.00
614.06, 356.00
614.38, 326.00
614.70, 322.00
615.03, 319.00
615.35, 304.00
615.67, 399.00
615.99, 273.00
616.31, 263.00
616.63, 255.00
616.95, 251.00
617.27, 240.00
617.59, 237.00
617.91, 240.00
618.23, 236.00
618.55, 234.00
618.87, 237.00
619.19, 233.00
619.51, 234.00
619.83, 234.00
620.15, 234.00
620.47, 236.00
620.79, 231.00
621.11, 252.00
621.43, 236.00
621.75, 251.00
622.07, 243.00
622.39, 228.00
622.71, 235.00
623.03, 231.00
623.35, 267.00
623.67, 228.00
623.99, 232.00
624.31, 228.00
624.63, 224.00
624.95, 217.00
625.26, 225.00
625.58, 225.00
625.90, 245.00
626.22, 223.00
626.54, 229.00
626.86, 224.00
627.18, 231.00
627.50, 238.00
627.82, 230.00
628.14, 232.00
628.46, 238.00
628.77, 233.00
629.09, 245.00
629.41, 251.00
629.73, 255.00
630.05, 268.00
630.37, 260.00
630.69, 268.00
631.00, 263.00
631.32, 254.00
631.64, 240.00
631.96, 240.00
632.28, 238.00
632.60, 232.00
632.92, 230.00
633.23, 226.00
633.55, 235.00
633.87, 223.00
634.19, 237.00
634.51, 234.00
634.82, 235.00
635.14, 253.00
635.46, 239.00
635.78, 242.00
636.10, 244.00
636.41, 249.00
636.73, 245.00
637.05, 244.00
637.37, 246.00
637.68, 243.00
638.00, 241.00
638.32, 243.00
638.64, 246.00
638.95, 259.00
639.27, 243.00
639.59, 244.00
639.91, 236.00
640.22, 231.00
640.54, 236.00
640.86, 230.00
641.18, 236.00
641.49, 250.00
641.81, 239.00
642.13, 240.00
642.44, 245.00
642.76, 244.00
643.08, 246.00
643.40, 243.00
643.71, 251.00
644.03, 255.00
644.35, 259.00
644.66, 262.00
644.98, 260.00
645.30, 260.00
645.61, 271.00
645.93, 249.00
646.25, 241.00
646.56, 244.00
646.88, 263.00
647.19, 227.00
647.51, 235.00
647.83, 224.00
648.14, 234.00
648.46, 235.00
648.78, 242.00
649.09, 245.00
649.41, 293.00
649.72, 257.00
650.04, 267.00
650.36, 272.00
650.67, 265.00
650.99, 270.00
651.30, 276.00
651.62, 283.00
651.93, 277.00
652.25, 292.00
652.57, 303.00
652.88, 268.00
653.20, 274.00
653.51, 277.00
653.83, 261.00
654.14, 240.00
654.46, 239.00
654.77, 246.00
655.09, 254.00
655.40, 266.00
655.72, 253.00
656.04, 242.00
656.35, 241.00
656.67, 235.00
656.98, 237.00
657.30, 244.00
657.61, 247.00
657.93, 241.00
658.24, 254.00
658.55, 285.00
658.87, 251.00
659.18, 246.00
659.50, 255.00
659.81, 260.00
660.13, 253.00
660.44, 255.00
660.76, 253.00
661.07, 266.00
661.39, 249.00
661.70, 235.00
662.01, 233.00
662.33, 224.00
662.64, 226.00
662.96, 225.00
663.27, 209.00
663.59, 210.00
663.90, 203.00
664.21, 209.00
664.53, 233.00
664.84, 211.00
665.16, 239.00
665.47, 220.00
665.78, 223.00
666.10, 233.00
666.41, 226.00
666.72, 229.00
667.04, 239.00
667.35, 228.00
667.67, 232.00
667.98, 235.00
668.29, 234.00
668.61, 227.00
668.92, 233.00
669.23, 226.00
669.55, 223.00
669.86, 250.00
670.17, 225.00
670.48, 221.00
670.80, 207.00
671.11, 217.00
671.42, 211.00
671.74, 214.00
672.05, 215.00
672.36, 221.00
672.68, 216.00
672.99, 221.00
673.30, 228.00
673.61, 234.00
673.93, 237.00
674.24, 248.00
674.55, 251.00
674.86, 255.00
675.18, 258.00
675.49, 259.00
675.80, 259.00
676.11, 260.00
676.43, 277.00
676.74, 265.00
677.05, 256.00
677.36, 262.00
677.67, 254.00
677.99, 253.00
678.30, 237.00
678.61, 235.00
678.92, 221.00
679.23, 223.00
679.55, 221.00
679.86, 209.00
680.17, 206.00
680.48, 208.00
680.79, 211.00
681.10, 198.00
681.42, 196.00
681.73, 190.00
682.04, 192.00
682.35, 193.00
682.66, 197.00
682.97, 192.00
683.28, 196.00
683.60, 198.00
683.91, 196.00
684.22, 216.00
684.53, 194.00
684.84, 190.00
685.15, 193.00
685.46, 217.00
685.77, 191.00
686.08, 197.00
686.40, 231.00
686.71, 199.00
687.02, 190.00
687.33, 196.00
687.64, 185.00
687.95, 179.00
688.26, 182.00
688.57, 183.00
688.88, 177.00
689.19, 172.00
689.50, 176.00
689.81, 173.00
690.12, 174.00
690.43, 186.00
690.74, 172.00
691.05, 171.00
691.36, 183.00
691.67, 169.00
691.98, 175.00
692.29, 174.00
692.60, 178.00
692.91, 176.00
693.22, 174.00
693.53, 174.00
693.84, 179.00
694.15, 171.00
694.46, 174.00
694.77, 171.00
695.08, 176.00
695.39, 182.00
695.70, 165.00
696.01, 170.00
696.32, 170.00
696.63, 169.00
696.94, 174.00
697.25, 165.00
697.56, 180.00
697.87, 175.00
698.17, 211.00
698.48, 172.00
698.79, 167.00
699.10, 166.00
699.41, 179.00
699.72, 168.00
700.03, 171.00
700.34, 167.00
700.65, 171.00
700.95, 168.00
701.26, 170.00
701.57, 167.00
701.88, 166.00
702.19, 180.00
702.50, 174.00
702.81, 175.00
703.11, 199.00
703.42, 168.00
703.73, 178.00
704.04, 177.00
704.35, 176.00
704.66, 187.00
704.96, 203.00
705.27, 238.00
705.58, 247.00
705.89, 251.00
706.20, 225.00
706.50, 216.00
706.81, 218.00
707.12, 196.00
707.43, 200.00
707.73, 201.00
708.04, 187.00
708.35, 181.00
708.66, 178.00
708.97, 180.00
709.27, 177.00
709.58, 169.00
709.89, 174.00
710.19, 177.00
710.50, 185.00
710.81, 173.00
711.12, 182.00
711.42, 181.00
711.73, 188.00
712.04, 172.00
712.35, 183.00
712.65, 175.00
712.96, 177.00
713.27, 178.00
713.57, 197.00
713.88, 194.00
714.19, 167.00
714.49, 174.00
714.80, 174.00
715.11, 173.00
715.41, 169.00
715.72, 163.00
716.03, 166.00
716.33, 174.00
716.64, 166.00
716.94, 171.00
717.25, 167.00
717.56, 175.00
717.86, 174.00
718.17, 162.00
718.48, 163.00
718.78, 166.00
719.09, 168.00
719.39, 160.00
719.70, 155.00
720.01, 161.00
720.31, 167.00
720.62, 164.00
720.92, 164.00
721.23, 173.00
721.53, 177.00
721.84, 172.00
722.15, 181.00
722.45, 176.00
722.76, 176.00
723.06, 179.00
723.37, 176.00
723.67, 176.00
723.98, 179.00
724.28, 173.00
724.59, 178.00
724.89, 178.00
725.20, 173.00
725.50, 178.00
725.81, 176.00
726.11, 173.00
726.42, 177.00
726.72, 170.00
727.03, 206.00
727.33, 171.00
727.64, 171.00
727.94, 169.00
728.25, 166.00
728.55, 160.00
728.86, 189.00
729.16, 165.00
729.46, 163.00
729.77, 168.00
730.07, 169.00
730.38, 166.00
730.68, 159.00
730.99, 178.00
731.29, 166.00
731.59, 167.00
731.90, 165.00
732.20, 167.00
732.51, 178.00
732.81, 173.00
733.11, 181.00
733.42, 169.00
733.72, 184.00
734.02, 179.00
734.33, 174.00
734.63, 171.00
734.94, 174.00
735.24, 172.00
735.54, 171.00
735.85, 171.00
736.15, 172.00
736.45, 169.00
736.76, 169.00
737.06, 172.00
737.36, 172.00
737.67, 171.00
737.97, 164.00
738.27, 167.00
738.57, 167.00
738.88, 166.00
739.18, 202.00
739.48, 173.00
739.79, 159.00
740.09, 168.00
740.39, 178.00
740.69, 179.00
741.00, 163.00
741.30, 173.00
741.60, 168.00
741.90, 170.00
742.21, 170.00
742.51, 220.00
742.81, 182.00
743.11, 179.00
743.42, 210.00
743.72, 190.00
744.02, 201.00
744.32, 188.00
744.63, 209.00
744.93, 204.00
745.23, 212.00
745.53, 213.00
745.83, 214.00
746.13, 215.00
746.44, 217.00
746.74, 213.00
747.04, 216.00
747.34, 216.00
747.64, 211.00
747.94, 215.00
748.25, 212.00
748.55, 214.00
748.85, 217.00
749.15, 221.00
749.45, 239.00
749.75, 211.00
750.05, 199.00
750.35, 193.00
750.66, 197.00
750.96, 187.00
751.26, 174.00
751.56, 175.00
751.86, 178.00
752.16, 171.00
752.46, 163.00
752.76, 162.00
753.06, 166.00
753.36, 211.00
753.66, 165.00
753.96, 172.00
754.27, 171.00
754.57, 170.00
754.87, 169.00
755.17, 171.00
755.47, 174.00
755.77, 174.00
756.07, 174.00
756.37, 183.00
756.67, 185.00
756.97, 185.00
757.27, 196.00
757.57, 188.00
757.87, 196.00
758.17, 187.00
758.47, 191.00
758.77, 197.00
759.07, 186.00
759.37, 198.00
759.67, 187.00
759.97, 198.00
760.27, 185.00
760.57, 193.00
760.86, 182.00
761.16, 192.00
761.46, 180.00
761.76, 208.00
762.06, 175.00
762.36, 183.00
762.66, 173.00
762.96, 174.00
763.26, 172.00
763.56, 194.00
763.86, 171.00
764.16, 160.00
764.45, 181.00
764.75, 164.00
765.05, 163.00
765.35, 160.00
765.65, 161.00
765.95, 166.00
766.25, 170.00
766.55, 173.00
766.84, 173.00
767.14, 168.00
767.44, 162.00
767.74, 170.00
768.04, 175.00
768.34, 174.00
768.63, 173.00
768.93, 171.00
769.23, 186.00
769.53, 176.00
769.83, 182.00
770.12, 181.00
770.42, 178.00
770.72, 181.00
771.02, 181.00
771.32, 180.00
771.61, 177.00
771.91, 184.00
772.21, 177.00
772.51, 180.00
772.80, 178.00
773.10, 172.00
773.40, 189.00
773.70, 180.00
773.99, 179.00
774.29, 183.00
774.59, 178.00
774.88, 172.00
775.18, 183.00
775.48, 326.00
775.78, 604.00
776.07, 815.00
776.37, 882.00
776.67, 775.00
776.96, 554.00
777.26, 472.00
777.56, 358.00
777.85, 323.00
778.15, 295.00
778.45, 278.00
778.74, 243.00
779.04, 215.00
779.34, 188.00
779.63, 178.00
779.93, 160.00
780.22, 160.00
780.52, 154.00
780.82, 157.00
781.11, 148.00
781.41, 156.00
781.71, 153.00
782.00, 157.00
782.30, 156.00
782.59, 156.00
782.89, 149.00
783.19, 154.00
783.48, 151.00
783.78, 147.00
784.07, 161.00
784.37, 161.00
784.66, 154.00
784.96, 154.00
785.25, 149.00
785.55, 153.00
785.84, 163.00
786.14, 154.00
786.44, 154.00
786.73, 158.00
787.03, 153.00
787.32, 151.00
787.62, 155.00
787.91, 150.00
788.21, 162.00
788.50, 151.00
788.80, 153.00
789.09, 156.00
789.39, 156.00
789.68, 157.00
789.97, 153.00
790.27, 150.00
790.56, 153.00
790.86, 160.00
791.15, 150.00
791.45, 154.00
791.74, 175.00
792.04, 147.00
792.33, 145.00
792.62, 176.00
792.92, 150.00
793.21, 151.00
793.51, 154.00
793.80, 149.00
794.09, 148.00
794.39, 147.00
794.68, 147.00
794.98, 151.00
795.27, 149.00
795.56, 150.00
795.86, 154.00
796.15, 150.00
796.44, 158.00
796.74, 149.00
797.03, 149.00
797.32, 154.00
797.62, 148.00
797.91, 161.00
798.20, 154.00
798.50, 163.00
798.79, 158.00
799.08, 150.00
799.38, 146.00
799.67, 149.00
799.96, 168.00
800.26, 180.00
800.55, 151.00
800.84, 153.00
801.13, 154.00
801.43, 152.00
801.72, 191.00
802.01, 150.00
802.30, 154.00
802.60, 146.00
802.89, 155.00
803.18, 148.00
803.47, 146.00
803.77, 158.00
804.06, 156.00
804.35, 153.00
804.64, 171.00
804.94, 155.00
805.23, 149.00
805.52, 156.00
805.81, 154.00
806.10, 150.00
806.39, 152.00
806.69, 151.00
806.98, 155.00
807.27, 152.00
807.56, 157.00
807.85, 159.00
808.14, 148.00
808.44, 157.00
808.73, 148.00
809.02, 165.00
809.31, 154.00
809.60, 158.00
809.89, 158.00
810.18, 151.00
810.48, 161.00
810.77, 151.00
811.06, 150.00
811.35, 149.00
811.64, 151.00
811.93, 168.00
812.22, 145.00
812.51, 146.00
812.80, 148.00
813.09, 147.00
813.38, 149.00
813.67, 168.00
813.96, 149.00
814.26, 147.00
814.55, 145.00
814.84, 148.00
815.13, 153.00
815.42, 150.00
815.71, 152.00
816.00, 147.00
816.29, 157.00
816.58, 150.00
816.87, 145.00
817.16, 146.00
817.45, 153.00
817.74, 149.00
818.03, 154.00
818.32, 150.00
818.61, 151.00
818.90, 150.00
819.19, 144.00
819.48, 145.00
819.76, 149.00
820.05, 147.00
820.34, 148.00
820.63, 145.00
820.92, 150.00
821.21, 148.00
821.50, 149.00
821.79, 150.00
822.08, 146.00
822.37, 146.00
822.66, 143.00
822.95, 152.00
823.23, 143.00
823.52, 161.00
823.81, 149.00
824.10, 150.00
824.39, 149.00
824.68, 149.00
824.97, 168.00
825.26, 150.00
825.54, 199.00
825.83, 149.00
826.12, 146.00
826.41, 145.00
826.70, 146.00
826.99, 155.00
827.27, 148.00
827.56, 164.00
827.85, 148.00
828.14, 142.00
828.43, 146.00
828.71, 150.00
829.00, 143.00
829.29, 143.00
829.58, 151.00
829.86, 147.00
830.15, 148.00
830.44, 151.00
830.73, 150.00
831.01, 146.00
831.30, 151.00
831.59, 154.00
831.88, 148.00
832.16, 147.00
832.45, 158.00
832.74, 148.00
833.03, 146.00
833.31, 149.00
833.60, 147.00
833.89, 145.00
834.17, 151.00
834.46, 146.00
834.75, 144.00
835.03, 145.00
835.32, 146.00
835.61, 145.00
835.89, 164.00
836.18, 149.00
836.47, 143.00
836.75, 147.00
837.04, 150.00
837.33, 153.00
837.61, 146.00
837.90, 148.00
838.19, 147.00
838.47, 146.00
838.76, 146.00
839.04, 146.00
839.33, 144.00
839.62, 142.00
839.90, 142.00
840.19, 141.00
840.47, 147.00
840.76, 173.00
841.04, 144.00
841.33, 147.00
841.62, 147.00
841.90, 151.00
842.19, 145.00
842.47, 292.00
842.76, 145.00
843.04, 153.00
843.33, 172.00
843.61, 168.00
843.90, 170.00
844.18, 171.00
844.47, 168.00
844.75, 171.00
845.04, 161.00
845.32, 157.00
845.61, 159.00
845.89, 155.00
846.18, 157.00
846.46, 154.00
846.75, 154.00
847.03, 159.00
847.32, 149.00
847.60, 143.00
847.88, 150.00
848.17, 148.00
848.45, 169.00
848.74, 152.00
849.02, 146.00
849.31, 142.00
849.59, 144.00
849.87, 151.00
850.16, 145.00
850.44, 152.00
850.73, 176.00
851.01, 149.00
851.29, 143.00
851.58, 149.00
851.86, 142.00
852.14, 144.00
852.43, 147.00
852.71, 150.00
853.00, 148.00
853.28, 152.00
853.56, 148.00
853.85, 148.00
854.13, 146.00
854.41, 149.00
854.69, 146.00
854.98, 142.00
855.26, 198.00
855.54, 151.00
855.83, 149.00
856.11, 148.00
856.39, 146.00
856.68, 143.00
856.96, 149.00
857.24, 148.00
857.52, 153.00
857.81, 149.00
858.09, 145.00
858.37, 152.00
858.65, 149.00
858.94, 147.00
859.22, 143.00
