190.05, 0.00
190.41, 132.00
190.77, 131.00
191.14, 134.00
191.50, 139.00
191.86, 157.00
192.22, 147.00
192.58, 149.00
192.94, 143.00
193.31, 142.00
193.67, 149.00
194.03, 154.00
194.39, 147.00
194.75, 145.00
195.11, 150.00
195.47, 158.00
195.84, 140.00
196.20, 145.00
196.56, 163.00
196.92, 145.00
197.28, 146.00
197.64, 142.00
198.00, 146.00
198.37, 147.00
198.73, 142.00
199.09, 146.00
199.45, 149.00
199.81, 149.00
200.17, 154.00
200.53, 144.00
200.89, 153.00
201.25, 178.00
201.62, 141.00
201.98, 144.00
202.34, 145.00
202.70, 149.00
203.06, 147.00
203.42, 144.00
203.78, 145.00
204.14, 147.00
204.50, 163.00
204.86, 159.00
205.22, 150.00
205.58, 156.00
205.95, 148.00
206.31, 144.00
206.67, 147.00
207.03, 148.00
207.39, 157.00
207.75, 144.00
208.11, 149.00
208.47, 151.00
208.83, 149.00
209.19, 145.00
209.55, 144.00
209.91, 150.00
210.27, 154.00
210.63, 147.00
210.99, 156.00
211.35, 143.00
211.71, 152.00
212.07, 143.00
212.43, 147.00
212.79, 148.00
213.15, 142.00
213.51, 147.00
213.87, 150.00
214.23, 148.00
214.59, 147.00
214.95, 151.00
215.31, 145.00
215.67, 148.00
216.03, 180.00
216.39, 141.00
216.75, 144.00
217.11, 150.00
217.47, 149.00
217.83, 151.00
218.19, 146.00
218.55, 151.00
218.91, 149.00
219.27, 144.00
219.63, 148.00
219.99, 146.00
220.35, 145.00
220.71, 150.00
221.07, 151.00
221.43, 149.00
221.79, 145.00
222.15, 157.00
222.51, 150.00
222.87, 152.00
223.23, 150.00
223.59, 146.00
223.95, 147.00
224.31, 146.00
224.67, 148.00
225.03, 154.00
225.39, 160.00
225.74, 150.00
226.10, 144.00
226.46, 148.00
226.82, 155.00
227.18, 148.00
227.54, 151.00
227.90, 154.00
228.26, 152.00
228.62, 161.00
228.98, 144.00
229.34, 143.00
229.69, 143.00
230.05, 150.00
230.41, 145.00
230.77, 159.00
231.13, 153.00
231.49, 150.00
231.85, 142.00
232.21, 152.00
232.57, 154.00
232.92, 140.00
233.28, 144.00
233.64, 147.00
234.00, 141.00
234.36, 144.00
234.72, 144.00
235.08, 152.00
235.44, 147.00
235.79, 142.00
236.15, 147.00
236.51, 147.00
236.87, 150.00
237.23, 150.00
237.59, 141.00
237.94, 155.00
238.30, 147.00
238.66, 145.00
239.02, 143.00
239.38, 143.00
239.74, 142.00
240.09, 156.00
240.45, 144.00
240.81, 145.00
241.17, 150.00
241.53, 145.00
241.89, 146.00
242.24, 144.00
242.60, 141.00
242.96, 145.00
243.32, 148.00
243.68, 144.00
244.03, 150.00
244.39, 146.00
244.75, 160.00
245.11, 150.00
245.46, 144.00
245.82, 176.00
246.18, 148.00
246.54, 149.00
246.90, 145.00
247.25, 142.00
247.61, 140.00
247.97, 182.00
248.33, 148.00
248.68, 145.00
249.04, 145.00
249.40, 145.00
249.76, 147.00
250.11, 145.00
250.47, 152.00
250.83, 143.00
251.19, 146.00
251.54, 154.00
251.90, 147.00
252.26, 145.00
252.62, 139.00
252.97, 143.00
253.33, 149.00
253.69, 137.00
254.05, 150.00
254.40, 149.00
254.76, 140.00
255.12, 169.00
255.47, 149.00
255.83, 150.00
256.19, 151.00
256.54, 148.00
256.90, 143.00
257.26, 145.00
257.62, 146.00
257.97, 142.00
258.33, 150.00
258.69, 144.00
259.04, 142.00
259.40, 141.00
259.76, 153.00
260.11, 141.00
260.47, 143.00
260.83, 148.00
261.18, 143.00
261.54, 150.00
261.90, 150.00
262.25, 142.00
262.61, 143.00
262.97, 146.00
263.32, 141.00
263.68, 142.00
264.04, 151.00
264.39, 147.00
264.75, 143.00
265.10, 149.00
265.46, 190.00
265.82, 161.00
266.17, 144.00
266.53, 139.00
266.89, 147.00
267.24, 149.00
267.60, 142.00
267.95, 143.00
268.31, 141.00
268.67, 144.00
269.02, 146.00
269.38, 143.00
269.74, 152.00
270.09, 145.00
270.45, 143.00
270.80, 163.00
271.16, 147.00
271.51, 151.00
271.87, 146.00
272.23, 146.00
272.58, 145.00
272.94, 146.00
273.29, 146.00
273.65, 192.00
274.00, 145.00
274.36, 149.00
274.72, 142.00
275.07, 142.00
275.43, 146.00
275.78, 146.00
276.14, 145.00
276.49, 147.00
276.85, 154.00
277.20, 171.00
277.56, 144.00
277.92, 145.00
278.27, 141.00
278.63, 160.00
278.98, 142.00
279.34, 146.00
279.69, 147.00
280.05, 168.00
280.40, 146.00
280.76, 152.00
281.11, 147.00
281.47, 151.00
281.82, 149.00
282.18, 152.00
282.53, 157.00
282.89, 162.00
283.24, 158.00
283.60, 153.00
283.95, 156.00
284.31, 152.00
284.66, 157.00
285.02, 154.00
285.37, 151.00
285.73, 155.00
286.08, 157.00
286.44, 147.00
286.79, 157.00
287.14, 153.00
287.50, 153.00
287.85, 145.00
288.21, 147.00
288.56, 145.00
288.92, 148.00
289.27, 148.00
289.63, 147.00
289.98, 156.00
290.34, 147.00
290.69, 156.00
291.04, 145.00
291.40, 146.00
291.75, 146.00
292.11, 149.00
292.46, 145.00
292.81, 154.00
293.17, 148.00
293.52, 149.00
293.88, 150.00
294.23, 152.00
294.59, 159.00
294.94, 157.00
295.29, 162.00
295.65, 162.00
296.00, 181.00
296.36, 161.00
296.71, 154.00
297.06, 159.00
297.42, 161.00
297.77, 158.00
298.12, 160.00
298.48, 155.00
298.83, 158.00
299.19, 156.00
299.54, 159.00
299.89, 158.00
300.25, 159.00
300.60, 160.00
300.95, 160.00
301.31, 151.00
301.66, 150.00
302.01, 150.00
302.37, 152.00
302.72, 152.00
303.07, 145.00
303.43, 154.00
303.78, 155.00
304.13, 156.00
304.49, 158.00
304.84, 162.00
305.19, 193.00
305.55, 162.00
305.90, 170.00
306.25, 182.00
306.61, 240.00
306.96, 276.00
307.31, 348.00
307.66, 475.00
308.02, 597.00
308.37, 687.00
308.72, 743.00
309.08, 738.00
309.43, 717.00
309.78, 624.00
310.13, 546.00
310.49, 469.00
310.84, 377.00
311.19, 322.00
311.54, 290.00
311.90, 252.00
312.25, 233.00
312.60, 226.00
312.95, 249.00
313.31, 268.00
313.66, 265.00
314.01, 285.00
314.36, 279.00
314.72, 298.00
315.07, 343.00
315.42, 377.00
315.77, 410.00
316.13, 336.00
316.48, 262.00
316.83, 219.00
317.18, 191.00
317.54, 172.00
317.89, 162.00
318.24, 162.00
318.59, 158.00
318.94, 156.00
319.30, 156.00
319.65, 169.00
320.00, 159.00
320.35, 160.00
320.70, 156.00
321.05, 157.00
321.41, 161.00
321.76, 160.00
322.11, 155.00
322.46, 161.00
322.81, 197.00
323.17, 162.00
323.52, 153.00
323.87, 153.00
324.22, 153.00
324.57, 159.00
324.92, 152.00
325.27, 158.00
325.63, 160.00
325.98, 160.00
326.33, 162.00
326.68, 161.00
327.03, 155.00
327.38, 163.00
327.73, 164.00
328.09, 178.00
328.44, 213.00
328.79, 181.00
329.14, 219.00
329.49, 188.00
329.84, 179.00
330.19, 180.00
330.54, 175.00
330.89, 176.00
331.25, 166.00
331.60, 172.00
331.95, 164.00
332.30, 160.00
332.65, 162.00
333.00, 173.00
333.35, 221.00
333.70, 215.00
334.05, 182.00
334.40, 187.00
334.75, 194.00
335.10, 221.00
335.45, 280.00
335.81, 371.00
336.16, 492.00
336.51, 648.00
336.86, 672.00
337.21, 613.00
337.56, 426.00
337.91, 302.00
338.26, 230.00
338.61, 191.00
338.96, 171.00
339.31, 156.00
339.66, 157.00
340.01, 160.00
340.36, 159.00
340.71, 159.00
341.06, 158.00
341.41, 157.00
341.76, 158.00
342.11, 161.00
342.46, 155.00
342.81, 161.00
343.16, 154.00
343.51, 155.00
343.86, 158.00
344.21, 157.00
344.56, 157.00
344.91, 159.00
345.26, 168.00
345.61, 155.00
345.96, 158.00
346.31, 160.00
346.66, 184.00
347.01, 157.00
347.36, 180.00
347.71, 155.00
348.06, 157.00
348.41, 170.00
348.76, 174.00
349.10, 163.00
349.45, 179.00
349.80, 171.00
350.15, 175.00
350.50, 178.00
350.85, 181.00
351.20, 171.00
351.55, 196.00
351.90, 211.00
352.25, 240.00
352.60, 273.00
352.95, 326.00
353.30, 359.00
353.64, 331.00
353.99, 281.00
354.34, 267.00
354.69, 261.00
355.04, 268.00
355.39, 303.00
355.74, 358.00
356.09, 416.00
356.44, 465.00
356.78, 549.00
357.13, 593.00
357.48, 586.00
357.83, 479.00
358.18, 358.00
358.53, 279.00
358.88, 209.00
359.22, 189.00
359.57, 159.00
359.92, 159.00
360.27, 163.00
360.62, 159.00
360.97, 164.00
361.32, 156.00
361.66, 164.00
362.01, 159.00
362.36, 156.00
362.71, 158.00
363.06, 153.00
363.40, 168.00
363.75, 160.00
364.10, 162.00
364.45, 162.00
364.80, 161.00
365.14, 159.00
365.49, 160.00
365.84, 160.00
366.19, 163.00
366.54, 172.00
366.88, 184.00
367.23, 168.00
367.58, 213.00
367.93, 159.00
368.28, 160.00
368.62, 157.00
368.97, 166.00
369.32, 175.00
369.67, 173.00
370.01, 192.00
370.36, 197.00
370.71, 221.00
371.06, 187.00
371.40, 187.00
371.75, 172.00
372.10, 161.00
372.45, 164.00
372.79, 165.00
373.14, 173.00
373.49, 179.00
373.83, 205.00
374.18, 220.00
374.53, 253.00
374.88, 275.00
375.22, 273.00
375.57, 252.00
375.92, 217.00
376.26, 189.00
376.61, 176.00
376.96, 158.00
377.30, 175.00
377.65, 173.00
378.00, 177.00
378.35, 193.00
378.69, 229.00
379.04, 242.00
379.39, 293.00
379.73, 332.00
380.08, 350.00
380.43, 290.00
380.77, 241.00
381.12, 220.00
381.47, 197.00
381.81, 174.00
382.16, 168.00
382.50, 170.00
382.85, 239.00
383.20, 168.00
383.54, 172.00
383.89, 174.00
384.24, 177.00
384.58, 176.00
384.93, 212.00
385.27, 199.00
385.62, 200.00
385.97, 193.00
386.31, 192.00
386.66, 216.00
387.00, 197.00
387.35, 199.00
387.70, 217.00
388.04, 315.00
388.39, 300.00
388.73, 379.00
389.08, 481.00
389.43, 640.00
389.77, 793.00
390.12, 1013.00
390.46, 1451.00
390.81, 1564.00
391.15, 1532.00
391.50, 1188.00
391.85, 742.00
392.19, 498.00
392.54, 322.00
392.88, 222.00
393.23, 207.00
393.57, 210.00
393.92, 197.00
394.26, 180.00
394.61, 167.00
394.95, 170.00
395.30, 158.00
395.64, 162.00
395.99, 199.00
396.33, 163.00
396.68, 161.00
397.02, 162.00
397.37, 164.00
397.71, 184.00
398.06, 182.00
398.40, 191.00
398.75, 208.00
399.09, 219.00
399.44, 217.00
399.78, 208.00
400.13, 193.00
400.47, 174.00
400.82, 167.00
401.16, 160.00
401.51, 168.00
401.85, 159.00
402.20, 164.00
402.54, 158.00
402.88, 162.00
403.23, 164.00
403.57, 178.00
403.92, 198.00
404.26, 263.00
404.61, 220.00
404.95, 258.00
405.30, 230.00
405.64, 212.00
405.98, 226.00
406.33, 190.00
406.67, 170.00
407.02, 163.00
407.36, 165.00
407.70, 171.00
408.05, 169.00
408.39, 174.00
408.74, 174.00
409.08, 181.00
409.42, 170.00
409.77, 172.00
410.11, 176.00
410.46, 168.00
410.80, 172.00
411.14, 168.00
411.49, 190.00
411.83, 181.00
412.17, 180.00
412.52, 179.00
412.86, 188.00
413.20, 187.00
413.55, 186.00
413.89, 188.00
414.23, 178.00
414.58, 220.00
414.92, 170.00
415.26, 167.00
415.61, 166.00
415.95, 174.00
416.29, 173.00
416.64, 169.00
416.98, 178.00
417.32, 185.00
417.67, 196.00
418.01, 210.00
418.35, 211.00
418.70, 230.00
419.04, 265.00
419.38, 246.00
419.72, 250.00
420.07, 216.00
420.41, 193.00
420.75, 186.00
421.10, 171.00
421.44, 177.00
421.78, 174.00
422.12, 172.00
422.47, 183.00
422.81, 189.00
423.15, 202.00
423.49, 191.00
423.84, 184.00
424.18, 196.00
424.52, 210.00
424.86, 245.00
425.21, 301.00
425.55, 339.00
425.89, 393.00
426.23, 463.00
426.57, 579.00
426.92, 661.00
427.26, 705.00
427.60, 611.00
427.94, 426.00
428.28, 333.00
428.63, 263.00
428.97, 214.00
429.31, 190.00
429.65, 171.00
429.99, 171.00
430.34, 158.00
430.68, 168.00
431.02, 172.00
431.36, 156.00
431.70, 168.00
432.04, 169.00
432.39, 165.00
432.73, 177.00
433.07, 178.00
433.41, 180.00
433.75, 183.00
434.09, 183.00
434.43, 191.00
434.78, 250.00
435.12, 300.00
435.46, 331.00
435.80, 307.00
436.14, 269.00
436.48, 236.00
436.82, 230.00
437.16, 190.00
437.51, 182.00
437.85, 177.00
438.19, 213.00
438.53, 175.00
438.87, 191.00
439.21, 186.00
439.55, 191.00
439.89, 178.00
440.23, 176.00
440.57, 191.00
440.91, 187.00
441.26, 184.00
441.60, 176.00
441.94, 183.00
442.28, 184.00
442.62, 178.00
442.96, 174.00
443.30, 176.00
443.64, 177.00
443.98, 176.00
444.32, 180.00
444.66, 171.00
445.00, 172.00
445.34, 178.00
445.68, 180.00
446.02, 174.00
446.36, 172.00
446.70, 170.00
447.04, 174.00
447.38, 203.00
447.72, 173.00
448.06, 180.00
448.40, 184.00
448.74, 176.00
449.08, 178.00
449.42, 171.00
449.76, 178.00
450.10, 170.00
450.44, 171.00
450.78, 172.00
451.12, 177.00
451.46, 182.00
451.80, 181.00
452.14, 168.00
452.48, 174.00
452.82, 171.00
453.16, 175.00
453.50, 176.00
453.84, 165.00
454.18, 216.00
454.52, 179.00
454.86, 175.00
455.19, 188.00
455.53, 179.00
455.87, 179.00
456.21, 180.00
456.55, 180.00
456.89, 178.00
457.23, 184.00
457.57, 185.00
457.91, 192.00
458.25, 194.00
458.59, 202.00
458.92, 220.00
459.26, 208.00
459.60, 212.00
459.94, 193.00
460.28, 180.00
460.62, 180.00
460.96, 169.00
461.30, 170.00
461.63, 167.00
461.97, 166.00
462.31, 169.00
462.65, 166.00
462.99, 178.00
463.33, 181.00
463.67, 179.00
464.00, 182.00
464.34, 179.00
464.68, 191.00
465.02, 196.00
465.36, 188.00
465.70, 181.00
466.03, 183.00
466.37, 176.00
466.71, 179.00
467.05, 195.00
467.39, 190.00
467.72, 212.00
468.06, 209.00
468.40, 226.00
468.74, 237.00
469.08, 238.00
469.41, 262.00
469.75, 288.00
470.09, 306.00
470.43, 299.00
470.76, 269.00
471.10, 248.00
471.44, 230.00
471.78, 209.00
472.11, 200.00
472.45, 191.00
472.79, 194.00
473.13, 185.00
473.46, 186.00
473.80, 184.00
474.14, 176.00
474.48, 183.00
474.81, 177.00
475.15, 178.00
475.49, 184.00
475.82, 180.00
476.16, 182.00
476.50, 173.00
476.84, 177.00
477.17, 168.00
477.51, 171.00
477.85, 172.00
478.18, 198.00
478.52, 165.00
478.86, 227.00
479.19, 184.00
479.53, 179.00
479.87, 215.00
480.20, 183.00
480.54, 185.00
480.88, 177.00
481.21, 178.00
481.55, 176.00
481.89, 189.00
482.22, 183.00
482.56, 194.00
482.90, 196.00
483.23, 196.00
483.57, 202.00
483.90, 211.00
484.24, 216.00
484.58, 216.00
484.91, 223.00
485.25, 236.00
485.58, 235.00
485.92, 245.00
486.26, 245.00
486.59, 245.00
486.93, 244.00
487.26, 250.00
487.60, 252.00
487.94, 246.00
488.27, 248.00
488.61, 235.00
488.94, 239.00
489.28, 232.00
489.61, 232.00
489.95, 235.00
490.29, 238.00
490.62, 233.00
490.96, 228.00
491.29, 239.00
491.63, 234.00
491.96, 220.00
492.30, 227.00
492.63, 228.00
492.97, 222.00
493.30, 217.00
493.64, 215.00
493.97, 212.00
494.31, 216.00
494.64, 222.00
494.98, 221.00
495.31, 227.00
495.65, 208.00
495.98, 205.00
496.32, 209.00
496.65, 245.00
496.99, 212.00
497.32, 205.00
497.66, 196.00
497.99, 190.00
498.33, 188.00
498.66, 191.00
499.00, 192.00
499.33, 191.00
499.67, 185.00
500.00, 184.00
500.34, 196.00
500.67, 204.00
501.00, 198.00
501.34, 194.00
501.67, 186.00
502.01, 189.00
502.34, 182.00
502.68, 190.00
503.01, 187.00
503.34, 183.00
503.68, 180.00
504.01, 189.00
504.35, 185.00
504.68, 194.00
505.01, 194.00
505.35, 186.00
505.68, 191.00
506.02, 195.00
506.35, 191.00
506.68, 205.00
507.02, 192.00
507.35, 187.00
507.68, 192.00
508.02, 194.00
508.35, 190.00
508.69, 182.00
509.02, 177.00
509.35, 181.00
509.69, 180.00
510.02, 184.00
510.35, 180.00
510.69, 175.00
511.02, 187.00
511.35, 184.00
511.69, 180.00
512.02, 172.00
512.35, 183.00
512.68, 182.00
513.02, 184.00
513.35, 176.00
513.68, 180.00
514.02, 186.00
514.35, 175.00
514.68, 181.00
515.01, 176.00
515.35, 186.00
515.68, 171.00
516.01, 175.00
516.35, 174.00
516.68, 174.00
517.01, 172.00
517.34, 177.00
517.68, 167.00
518.01, 179.00
518.34, 174.00
518.67, 174.00
519.01, 177.00
519.34, 182.00
519.67, 191.00
520.00, 180.00
520.33, 185.00
520.67, 181.00
521.00, 186.00
521.33, 188.00
521.66, 206.00
522.00, 199.00
522.33, 196.00
522.66, 184.00
522.99, 187.00
523.32, 188.00
523.65, 183.00
523.99, 181.00
524.32, 191.00
524.65, 183.00
524.98, 189.00
525.31, 177.00
525.65, 206.00
525.98, 183.00
526.31, 180.00
526.64, 184.00
526.97, 174.00
527.30, 175.00
527.63, 169.00
527.97, 180.00
528.30, 170.00
528.63, 176.00
528.96, 202.00
529.29, 172.00
529.62, 179.00
529.95, 172.00
530.28, 162.00
530.61, 166.00
530.95, 167.00
531.28, 167.00
531.61, 183.00
531.94, 181.00
532.27, 189.00
532.60, 186.00
532.93, 189.00
533.26, 177.00
533.59, 174.00
533.92, 182.00
534.25, 179.00
534.58, 212.00
534.91, 177.00
535.25, 179.00
535.58, 169.00
535.91, 174.00
536.24, 182.00
536.57, 192.00
536.90, 189.00
537.23, 194.00
537.56, 236.00
537.89, 200.00
538.22, 204.00
538.55, 205.00
538.88, 222.00
539.21, 336.00
539.54, 241.00
539.87, 251.00
540.20, 278.00
540.53, 306.00
540.86, 371.00
541.19, 390.00
541.52, 411.00
541.85, 434.00
542.18, 460.00
542.51, 468.00
542.84, 474.00
543.17, 470.00
543.50, 460.00
543.82, 448.00
544.15, 458.00
544.48, 445.00
544.81, 475.00
545.14, 515.00
545.47, 483.00
545.80, 470.00
546.13, 388.00
546.46, 382.00
546.79, 338.00
547.12, 306.00
547.45, 291.00
547.78, 276.00
548.10, 270.00
548.43, 263.00
548.76, 255.00
549.09, 249.00
549.42, 248.00
549.75, 246.00
550.08, 227.00
550.41, 234.00
550.74, 235.00
551.06, 227.00
551.39, 234.00
551.72, 225.00
552.05, 217.00
552.38, 214.00
552.71, 201.00
553.03, 202.00
553.36, 204.00
553.69, 197.00
554.02, 194.00
554.35, 193.00
554.68, 186.00
555.00, 189.00
555.33, 184.00
555.66, 187.00
555.99, 205.00
556.32, 189.00
556.64, 192.00
556.97, 201.00
557.30, 197.00
557.63, 196.00
557.96, 195.00
558.28, 197.00
558.61, 196.00
558.94, 194.00
559.27, 193.00
559.59, 196.00
559.92, 182.00
560.25, 187.00
560.58, 184.00
560.90, 193.00
561.23, 187.00
561.56, 184.00
561.89, 189.00
562.21, 174.00
562.54, 178.00
562.87, 175.00
563.20, 179.00
563.52, 174.00
563.85, 171.00
564.18, 188.00
564.50, 171.00
564.83, 210.00
565.16, 228.00
565.48, 170.00
565.81, 174.00
566.14, 161.00
566.47, 166.00
566.79, 175.00
567.12, 166.00
567.45, 195.00
567.77, 165.00
568.10, 163.00
568.43, 163.00
568.75, 163.00
569.08, 166.00
569.40, 204.00
569.73, 169.00
570.06, 168.00
570.38, 159.00
570.71, 166.00
571.04, 167.00
571.36, 173.00
571.69, 163.00
572.01, 160.00
572.34, 167.00
572.67, 170.00
572.99, 165.00
573.32, 181.00
573.64, 162.00
573.97, 167.00
574.30, 172.00
574.62, 164.00
574.95, 168.00
575.27, 173.00
575.60, 173.00
575.92, 180.00
576.25, 183.00
576.58, 187.00
576.90, 175.00
577.23, 224.00
577.55, 186.00
577.88, 186.00
578.20, 191.00
578.53, 197.00
578.85, 207.00
579.18, 207.00
579.50, 196.00
579.83, 198.00
580.15, 202.00
580.48, 198.00
580.80, 200.00
581.13, 203.00
581.45, 193.00
581.78, 202.00
582.10, 210.00
582.43, 213.00
582.75, 217.00
583.08, 217.00
583.40, 213.00
583.73, 286.00
584.05, 219.00
584.38, 203.00
584.70, 255.00
585.03, 209.00
585.35, 210.00
585.67, 214.00
586.00, 235.00
586.32, 261.00
586.65, 271.00
586.97, 268.00
587.30, 251.00
587.62, 238.00
587.94, 249.00
588.27, 224.00
588.59, 218.00
588.92, 211.00
589.24, 209.00
589.56, 212.00
589.89, 209.00
590.21, 192.00
590.54, 192.00
590.86, 201.00
591.18, 196.00
591.51, 195.00
591.83, 214.00
592.15, 219.00
592.48, 207.00
592.80, 212.00
593.13, 204.00
593.45, 201.00
593.77, 205.00
594.10, 207.00
594.42, 196.00
594.74, 191.00
595.07, 198.00
595.39, 197.00
595.71, 196.00
596.03, 198.00
596.36, 198.00
596.68, 203.00
597.00, 202.00
597.33, 206.00
597.65, 210.00
597.97, 213.00
598.30, 212.00
598.62, 204.00
598.94, 212.00
599.26, 211.00
599.59, 217.00
599.91, 214.00
600.23, 201.00
600.55, 199.00
600.88, 193.00
601.20, 196.00
601.52, 180.00
601.84, 186.00
602.17, 183.00
602.49, 179.00
602.81, 175.00
603.13, 175.00
603.45, 187.00
603.78, 178.00
604.10, 173.00
604.42, 168.00
604.74, 171.00
605.07, 169.00
605.39, 176.00
605.71, 168.00
606.03, 176.00
606.35, 177.00
606.67, 182.00
607.00, 185.00
607.32, 190.00
607.64, 189.00
607.96, 191.00
608.28, 200.00
608.60, 202.00
608.93, 216.00
609.25, 249.00
609.57, 306.00
609.89, 398.00
610.21, 470.00
610.53, 512.00
610.85, 513.00
611.17, 468.00
611.50, 426.00
611.82, 408.00
612.14, 375.00
612.46, 349.00
612.78, 328.00
613.10, 308.00
613.42, 293.00
613.74, 285.00
614.06, 309.00
614.38, 271.00
614.70, 257.00
615.03, 261.00
615.35, 244.00
615.67, 345.00
615.99, 220.00
616.31, 211.00
616.63, 204.00
616.95, 197.00
617.27, 185.00
617.59, 194.00
617.91, 191.00
618.23, 194.00
618.55, 183.00
618.87, 184.00
619.19, 195.00
619.51, 192.00
619.83, 191.00
620.15, 195.00
620.47, 194.00
620.79, 188.00
621.11, 199.00
621.43, 197.00
621.75, 199.00
622.07, 199.00
622.39, 186.00
622.71, 189.00
623.03, 189.00
623.35, 231.00
623.67, 185.00
623.99, 188.00
624.31, 184.00
624.63, 190.00
624.95, 184.00
625.26, 188.00
625.58, 177.00
625.90, 203.00
626.22, 185.00
626.54, 185.00
626.86, 184.00
627.18, 178.00
627.50, 186.00
627.82, 177.00
628.14, 182.00
628.46, 186.00
628.77, 191.00
629.09, 190.00
629.41, 205.00
629.73, 203.00
630.05, 229.00
630.37, 206.00
630.69, 217.00
631.00, 210.00
631.32, 205.00
631.64, 191.00
631.96, 187.00
632.28, 186.00
632.60, 182.00
632.92, 176.00
633.23, 180.00
633.55, 179.00
633.87, 178.00
634.19, 186.00
634.51, 184.00
634.82, 196.00
635.14, 189.00
635.46, 193.00
635.78, 183.00
636.10, 184.00
636.41, 193.00
636.73, 183.00
637.05, 183.00
637.37, 179.00
637.68, 186.00
638.00, 179.00
638.32, 190.00
638.64, 197.00
638.95, 212.00
639.27, 194.00
639.59, 204.00
639.91, 186.00
640.22, 186.00
640.54, 186.00
640.86, 179.00
641.18, 191.00
641.49, 194.00
641.81, 180.00
642.13, 188.00
642.44, 172.00
642.76, 171.00
643.08, 167.00
643.40, 174.00
643.71, 178.00
644.03, 179.00
644.35, 179.00
644.66, 179.00
644.98, 180.00
645.30, 175.00
645.61, 188.00
645.93, 169.00
646.25, 165.00
646.56, 180.00
646.88, 198.00
647.19, 167.00
647.51, 175.00
647.83, 165.00
648.14, 160.00
648.46, 164.00
648.78, 174.00
649.09, 169.00
649.41, 213.00
649.72, 178.00
650.04, 186.00
650.36, 179.00
650.67, 187.00
650.99, 170.00
651.30, 174.00
651.62, 169.00
651.93, 177.00
652.25, 186.00
652.57, 212.00
652.88, 172.00
653.20, 182.00
653.51, 176.00
653.83, 174.00
654.14, 164.00
654.46, 168.00
654.77, 164.00
655.09, 173.00
655.40, 181.00
655.72, 173.00
656.04, 164.00
656.35, 172.00
656.67, 162.00
656.98, 165.00
657.30, 165.00
657.61, 173.00
657.93, 170.00
658.24, 173.00
658.55, 215.00
658.87, 172.00
659.18, 173.00
659.50, 173.00
659.81, 172.00
660.13, 170.00
660.44, 168.00
660.76, 175.00
661.07, 189.00
661.39, 175.00
661.70, 168.00
662.01, 175.00
662.33, 166.00
662.64, 167.00
662.96, 170.00
663.27, 165.00
663.59, 162.00
663.90, 158.00
664.21, 159.00
664.53, 183.00
664.84, 168.00
665.16, 187.00
665.47, 161.00
665.78, 164.00
666.10, 176.00
666.41, 189.00
666.72, 188.00
667.04, 195.00
667.35, 191.00
667.67, 175.00
667.98, 179.00
668.29, 183.00
668.61, 175.00
668.92, 172.00
669.23, 169.00
669.55, 168.00
669.86, 193.00
670.17, 163.00
670.48, 165.00
670.80, 154.00
671.11, 153.00
671.42, 157.00
671.74, 162.00
672.05, 157.00
672.36, 159.00
672.68, 157.00
672.99, 159.00
673.30, 164.00
673.61, 162.00
673.93, 158.00
674.24, 165.00
674.55, 165.00
674.86, 166.00
675.18, 167.00
675.49, 174.00
675.80, 166.00
676.11, 175.00
676.43, 175.00
676.74, 165.00
677.05, 165.00
677.36, 179.00
677.67, 174.00
677.99, 173.00
678.30, 168.00
678.61, 164.00
678.92, 166.00
679.23, 172.00
679.55, 164.00
679.86, 166.00
680.17, 165.00
680.48, 171.00
680.79, 166.00
681.10, 163.00
681.42, 158.00
681.73, 161.00
682.04, 148.00
682.35, 153.00
682.66, 159.00
682.97, 152.00
683.28, 162.00
683.60, 163.00
683.91, 159.00
684.22, 174.00
684.53, 158.00
684.84, 158.00
685.15, 162.00
685.46, 181.00
685.77, 155.00
686.08, 163.00
686.40, 197.00
686.71, 166.00
687.02, 160.00
687.33, 162.00
687.64, 157.00
687.95, 157.00
688.26, 154.00
688.57, 158.00
688.88, 158.00
689.19, 154.00
689.50, 154.00
689.81, 158.00
690.12, 155.00
690.43, 167.00
690.74, 157.00
691.05, 151.00
691.36, 169.00
691.67, 152.00
691.98, 156.00
692.29, 156.00
692.60, 157.00
692.91, 151.00
693.22, 157.00
693.53, 147.00
693.84, 154.00
694.15, 154.00
694.46, 155.00
694.77, 148.00
695.08, 155.00
695.39, 157.00
695.70, 150.00
696.01, 154.00
696.32, 154.00
696.63, 147.00
696.94, 153.00
697.25, 150.00
697.56, 160.00
697.87, 154.00
698.17, 192.00
698.48, 162.00
698.79, 152.00
699.10, 150.00
699.41, 154.00
699.72, 149.00
700.03, 151.00
700.34, 153.00
700.65, 163.00
700.95, 154.00
701.26, 150.00
701.57, 157.00
701.88, 150.00
702.19, 168.00
702.50, 164.00
702.81, 152.00
703.11, 174.00
703.42, 158.00
703.73, 159.00
704.04, 160.00
704.35, 162.00
704.66, 184.00
704.96, 258.00
705.27, 330.00
705.58, 376.00
705.89, 368.00
706.20, 319.00
706.50, 281.00
706.81, 268.00
707.12, 236.00
707.43, 214.00
707.73, 195.00
708.04, 181.00
708.35, 172.00
708.66, 167.00
708.97, 157.00
709.27, 163.00
709.58, 162.00
709.89, 156.00
710.19, 156.00
710.50, 162.00
710.81, 160.00
711.12, 165.00
711.42, 159.00
711.73, 166.00
712.04, 164.00
712.35, 158.00
712.65, 158.00
712.96, 158.00
713.27, 150.00
713.57, 179.00
713.88, 174.00
714.19, 150.00
714.49, 154.00
714.80, 157.00
715.11, 153.00
715.41, 152.00
715.72, 146.00
716.03, 150.00
716.33, 155.00
716.64, 149.00
716.94, 153.00
717.25, 152.00
717.56, 159.00
717.86, 157.00
718.17, 150.00
718.48, 153.00
718.78, 147.00
719.09, 147.00
719.39, 145.00
719.70, 149.00
720.01, 148.00
720.31, 151.00
720.62, 143.00
720.92, 149.00
721.23, 154.00
721.53, 152.00
721.84, 148.00
722.15, 155.00
722.45, 151.00
722.76, 145.00
723.06, 151.00
723.37, 151.00
723.67, 151.00
723.98, 146.00
724.28, 153.00
724.59, 159.00
724.89, 156.00
725.20, 150.00
725.50, 157.00
725.81, 157.00
726.11, 153.00
726.42, 155.00
726.72, 157.00
727.03, 195.00
727.33, 170.00
727.64, 163.00
727.94, 162.00
728.25, 159.00
728.55, 153.00
728.86, 174.00
729.16, 154.00
729.46, 148.00
729.77, 154.00
730.07, 152.00
730.38, 150.00
730.68, 152.00
730.99, 151.00
731.29, 148.00
731.59, 152.00
731.90, 142.00
732.20, 149.00
732.51, 148.00
732.81, 147.00
733.11, 152.00
733.42, 149.00
733.72, 153.00
734.02, 155.00
734.33, 148.00
734.63, 151.00
734.94, 148.00
735.24, 154.00
735.54, 150.00
735.85, 151.00
736.15, 148.00
736.45, 142.00
736.76, 145.00
737.06, 151.00
737.36, 149.00
737.67, 149.00
737.97, 149.00
738.27, 145.00
738.57, 144.00
738.88, 149.00
739.18, 191.00
739.48, 154.00
739.79, 148.00
740.09, 151.00
740.39, 148.00
740.69, 157.00
741.00, 154.00
741.30, 155.00
741.60, 153.00
741.90, 146.00
742.21, 147.00
742.51, 189.00
742.81, 151.00
743.11, 152.00
743.42, 173.00
743.72, 154.00
744.02, 155.00
744.32, 152.00
744.63, 155.00
744.93, 158.00
745.23, 158.00
745.53, 157.00
745.83, 156.00
746.13, 150.00
746.44, 150.00
746.74, 156.00
747.04, 154.00
747.34, 148.00
747.64, 156.00
747.94, 151.00
748.25, 157.00
748.55, 153.00
748.85, 151.00
749.15, 155.00
749.45, 186.00
749.75, 162.00
750.05, 157.00
750.35, 153.00
750.66, 164.00
750.96, 151.00
751.26, 154.00
751.56, 150.00
751.86, 154.00
752.16, 155.00
752.46, 149.00
752.76, 147.00
753.06, 153.00
753.36, 184.00
753.66, 149.00
753.96, 150.00
754.27, 149.00
754.57, 149.00
754.87, 148.00
755.17, 146.00
755.47, 145.00
755.77, 147.00
756.07, 151.00
756.37, 142.00
756.67, 150.00
756.97, 148.00
757.27, 151.00
757.57, 150.00
757.87, 158.00
758.17, 147.00
758.47, 154.00
758.77, 160.00
759.07, 151.00
759.37, 152.00
759.67, 150.00
759.97, 157.00
760.27, 150.00
760.57, 154.00
760.86, 149.00
761.16, 149.00
761.46, 154.00
761.76, 183.00
762.06, 151.00
762.36, 155.00
762.66, 153.00
762.96, 151.00
763.26, 151.00
763.56, 178.00
763.86, 161.00
764.16, 147.00
764.45, 162.00
764.75, 156.00
765.05, 148.00
765.35, 147.00
765.65, 148.00
765.95, 145.00
766.25, 150.00
766.55, 149.00
766.84, 153.00
767.14, 152.00
767.44, 146.00
767.74, 150.00
768.04, 153.00
768.34, 147.00
768.63, 149.00
768.93, 148.00
769.23, 156.00
769.53, 150.00
769.83, 151.00
770.12, 153.00
770.42, 152.00
770.72, 155.00
771.02, 154.00
771.32, 151.00
771.61, 155.00
771.91, 159.00
772.21, 153.00
772.51, 151.00
772.80, 154.00
773.10, 155.00
773.40, 156.00
773.70, 152.00
773.99, 155.00
774.29, 156.00
774.59, 155.00
774.88, 155.00
775.18, 162.00
775.48, 229.00
775.78, 364.00
776.07, 482.00
776.37, 538.00
776.67, 479.00
776.96, 348.00
777.26, 331.00
777.56, 256.00
777.85, 234.00
778.15, 222.00
778.45, 215.00
778.74, 198.00
779.04, 181.00
779.34, 170.00
779.63, 156.00
779.93, 156.00
780.22, 153.00
780.52, 150.00
780.82, 150.00
781.11, 150.00
781.41, 148.00
781.71, 145.00
782.00, 148.00
782.30, 149.00
782.59, 150.00
782.89, 151.00
783.19, 148.00
783.48, 149.00
783.78, 149.00
784.07, 153.00
784.37, 150.00
784.66, 148.00
784.96, 143.00
785.25, 148.00
785.55, 147.00
785.84, 150.00
786.14, 147.00
786.44, 147.00
786.73, 147.00
787.03, 154.00
787.32, 146.00
787.62, 147.00
787.91, 149.00
788.21, 152.00
788.50, 142.00
788.80, 147.00
789.09, 147.00
789.39, 147.00
789.68, 148.00
789.97, 149.00
790.27, 139.00
790.56, 144.00
790.86, 158.00
791.15, 153.00
791.45, 146.00
791.74, 168.00
792.04, 147.00
792.33, 143.00
792.62, 174.00
792.92, 150.00
793.21, 144.00
793.51, 151.00
793.80, 147.00
794.09, 148.00
794.39, 149.00
794.68, 141.00
794.98, 143.00
795.27, 144.00
795.56, 143.00
795.86, 151.00
796.15, 143.00
796.44, 146.00
796.74, 144.00
797.03, 139.00
797.32, 143.00
797.62, 144.00
797.91, 156.00
798.20, 148.00
798.50, 154.00
798.79, 150.00
799.08, 145.00
799.38, 147.00
799.67, 143.00
799.96, 159.00
800.26, 172.00
800.55, 141.00
800.84, 148.00
801.13, 147.00
801.43, 146.00
801.72, 183.00
802.01, 144.00
802.30, 148.00
802.60, 148.00
802.89, 149.00
803.18, 147.00
803.47, 149.00
803.77, 145.00
804.06, 153.00
804.35, 148.00
804.64, 158.00
804.94, 147.00
805.23, 147.00
805.52, 142.00
805.81, 142.00
806.10, 144.00
806.39, 146.00
806.69, 146.00
806.98, 143.00
807.27, 145.00
807.56, 150.00
807.85, 150.00
808.14, 147.00
808.44, 146.00
808.73, 142.00
809.02, 164.00
809.31, 143.00
809.60, 143.00
809.89, 151.00
810.18, 145.00
810.48, 150.00
810.77, 145.00
811.06, 149.00
811.35, 145.00
811.64, 150.00
811.93, 163.00
812.22, 146.00
812.51, 148.00
812.80, 142.00
813.09, 147.00
813.38, 146.00
813.67, 166.00
813.96, 146.00
814.26, 149.00
814.55, 144.00
814.84, 142.00
815.13, 148.00
815.42, 142.00
815.71, 143.00
816.00, 145.00
816.29, 153.00
816.58, 144.00
816.87, 141.00
817.16, 144.00
817.45, 148.00
817.74, 145.00
818.03, 139.00
818.32, 143.00
818.61, 146.00
818.90, 150.00
819.19, 148.00
819.48, 152.00
819.76, 145.00
820.05, 144.00
820.34, 149.00
820.63, 146.00
820.92, 148.00
821.21, 146.00
821.50, 143.00
821.79, 144.00
822.08, 141.00
822.37, 149.00
822.66, 143.00
822.95, 148.00
823.23, 142.00
823.52, 162.00
823.81, 144.00
824.10, 144.00
824.39, 143.00
824.68, 144.00
824.97, 158.00
825.26, 146.00
825.54, 192.00
825.83, 144.00
826.12, 141.00
826.41, 143.00
826.70, 144.00
826.99, 155.00
827.27, 145.00
827.56, 167.00
827.85, 143.00
828.14, 142.00
828.43, 149.00
828.71, 146.00
829.00, 143.00
829.29, 145.00
829.58, 146.00
829.86, 142.00
830.15, 147.00
830.44, 142.00
830.73, 150.00
831.01, 142.00
831.30, 144.00
831.59, 145.00
831.88, 142.00
832.16, 143.00
832.45, 152.00
832.74, 140.00
833.03, 143.00
833.31, 152.00
833.60, 148.00
833.89, 143.00
834.17, 146.00
834.46, 142.00
834.75, 141.00
835.03, 140.00
835.32, 146.00
835.61, 149.00
835.89, 157.00
836.18, 142.00
836.47, 142.00
836.75, 144.00
837.04, 150.00
837.33, 154.00
837.61, 142.00
837.90, 144.00
838.19, 143.00
838.47, 142.00
838.76, 141.00
839.04, 139.00
839.33, 143.00
839.62, 145.00
839.90, 141.00
840.19, 144.00
840.47, 139.00
840.76, 172.00
841.04, 142.00
841.33, 149.00
841.62, 146.00
841.90, 146.00
842.19, 146.00
842.47, 296.00
842.76, 140.00
843.04, 147.00
843.33, 171.00
843.61, 154.00
843.90, 157.00
844.18, 156.00
844.47, 158.00
844.75, 159.00
845.04, 149.00
845.32, 149.00
845.61, 148.00
845.89, 148.00
846.18, 154.00
846.46, 145.00
846.75, 149.00
847.03, 152.00
847.32, 146.00
847.60, 151.00
847.88, 143.00
848.17, 144.00
848.45, 167.00
848.74, 148.00
849.02, 141.00
849.31, 138.00
849.59, 142.00
849.87, 144.00
850.16, 146.00
850.44, 148.00
850.73, 170.00
851.01, 154.00
851.29, 143.00
851.58, 145.00
851.86, 146.00
852.14, 147.00
852.43, 144.00
852.71, 141.00
853.00, 141.00
853.28, 150.00
853.56, 144.00
853.85, 145.00
854.13, 145.00
854.41, 145.00
854.69, 146.00
854.98, 143.00
855.26, 192.00
855.54, 145.00
855.83, 143.00
856.11, 146.00
856.39, 145.00
856.68, 143.00
856.96, 139.00
857.24, 146.00
857.52, 148.00
857.81, 142.00
858.09, 144.00
858.37, 144.00
858.65, 140.00
858.94, 146.00
859.22, 148.00
