190.05, 0.00
190.41, 136.00
190.77, 141.00
191.14, 138.00
191.50, 144.00
191.86, 159.00
192.22, 149.00
192.58, 150.00
192.94, 147.00
193.31, 146.00
193.67, 150.00
194.03, 154.00
194.39, 146.00
194.75, 146.00
195.11, 155.00
195.47, 163.00
195.84, 146.00
196.20, 143.00
196.56, 160.00
196.92, 145.00
197.28, 146.00
197.64, 145.00
198.00, 142.00
198.37, 154.00
198.73, 144.00
199.09, 147.00
199.45, 142.00
199.81, 147.00
200.17, 151.00
200.53, 146.00
200.89, 151.00
201.25, 185.00
201.62, 151.00
201.98, 145.00
202.34, 146.00
202.70, 155.00
203.06, 148.00
203.42, 147.00
203.78, 144.00
204.14, 155.00
204.50, 178.00
204.86, 162.00
205.22, 154.00
205.58, 154.00
205.95, 146.00
206.31, 146.00
206.67, 154.00
207.03, 153.00
207.39, 152.00
207.75, 150.00
208.11, 148.00
208.47, 149.00
208.83, 159.00
209.19, 150.00
209.55, 144.00
209.91, 146.00
210.27, 152.00
210.63, 158.00
210.99, 154.00
211.35, 141.00
211.71, 147.00
212.07, 147.00
212.43, 150.00
212.79, 145.00
213.15, 144.00
213.51, 144.00
213.87, 151.00
214.23, 145.00
214.59, 148.00
214.95, 145.00
215.31, 148.00
215.67, 151.00
216.03, 177.00
216.39, 146.00
216.75, 147.00
217.11, 149.00
217.47, 149.00
217.83, 150.00
218.19, 147.00
218.55, 151.00
218.91, 152.00
219.27, 147.00
219.63, 146.00
219.99, 145.00
220.35, 144.00
220.71, 157.00
221.07, 147.00
221.43, 148.00
221.79, 148.00
222.15, 153.00
222.51, 145.00
222.87, 147.00
223.23, 139.00
223.59, 142.00
223.95, 146.00
224.31, 144.00
224.67, 146.00
225.03, 157.00
225.39, 154.00
225.74, 147.00
226.10, 142.00
226.46, 144.00
226.82, 148.00
227.18, 150.00
227.54, 145.00
227.90, 148.00
228.26, 151.00
228.62, 157.00
228.98, 144.00
229.34, 147.00
229.69, 145.00
230.05, 152.00
230.41, 145.00
230.77, 154.00
231.13, 154.00
231.49, 148.00
231.85, 144.00
232.21, 153.00
232.57, 149.00
232.92, 147.00
233.28, 146.00
233.64, 151.00
234.00, 148.00
234.36, 146.00
234.72, 140.00
235.08, 146.00
235.44, 145.00
235.79, 144.00
236.15, 149.00
236.51, 146.00
236.87, 140.00
237.23, 143.00
237.59, 146.00
237.94, 155.00
238.30, 150.00
238.66, 146.00
239.02, 145.00
239.38, 147.00
239.74, 148.00
240.09, 152.00
240.45, 146.00
240.81, 149.00
241.17, 154.00
241.53, 149.00
241.89, 145.00
242.24, 147.00
242.60, 146.00
242.96, 148.00
243.32, 153.00
243.68, 149.00
244.03, 148.00
244.39, 150.00
244.75, 165.00
245.11, 145.00
245.46, 148.00
245.82, 175.00
246.18, 148.00
246.54, 148.00
246.90, 144.00
247.25, 144.00
247.61, 143.00
247.97, 190.00
248.33, 146.00
248.68, 145.00
249.04, 143.00
249.40, 144.00
249.76, 150.00
250.11, 145.00
250.47, 148.00
250.83, 147.00
251.19, 152.00
251.54, 151.00
251.90, 146.00
252.26, 149.00
252.62, 148.00
252.97, 151.00
253.33, 144.00
253.69, 148.00
254.05, 151.00
254.40, 149.00
254.76, 152.00
255.12, 176.00
255.47, 145.00
255.83, 148.00
256.19, 151.00
256.54, 149.00
256.90, 144.00
257.26, 146.00
257.62, 148.00
257.97, 143.00
258.33, 149.00
258.69, 146.00
259.04, 145.00
259.40, 139.00
259.76, 146.00
260.11, 145.00
260.47, 144.00
260.83, 149.00
261.18, 145.00
261.54, 154.00
261.90, 148.00
262.25, 145.00
262.61, 145.00
262.97, 145.00
263.32, 145.00
263.68, 141.00
264.04, 154.00
264.39, 147.00
264.75, 148.00
265.10, 151.00
265.46, 195.00
265.82, 160.00
266.17, 149.00
266.53, 146.00
266.89, 154.00
267.24, 154.00
267.60, 144.00
267.95, 150.00
268.31, 149.00
268.67, 148.00
269.02, 149.00
269.38, 150.00
269.74, 150.00
270.09, 145.00
270.45, 151.00
270.80, 172.00
271.16, 156.00
271.51, 158.00
271.87, 160.00
272.23, 162.00
272.58, 157.00
272.94, 153.00
273.29, 150.00
273.65, 195.00
274.00, 148.00
274.36, 152.00
274.72, 149.00
275.07, 145.00
275.43, 151.00
275.78, 157.00
276.14, 150.00
276.49, 152.00
276.85, 160.00
277.20, 167.00
277.56, 151.00
277.92, 148.00
278.27, 148.00
278.63, 158.00
278.98, 147.00
279.34, 158.00
279.69, 161.00
280.05, 181.00
280.40, 165.00
280.76, 170.00
281.11, 167.00
281.47, 162.00
281.82, 163.00
282.18, 163.00
282.53, 176.00
282.89, 181.00
283.24, 189.00
283.60, 180.00
283.95, 183.00
284.31, 189.00
284.66, 201.00
285.02, 203.00
285.37, 202.00
285.73, 202.00
286.08, 193.00
286.44, 179.00
286.79, 173.00
287.14, 167.00
287.50, 165.00
287.85, 163.00
288.21, 170.00
288.56, 173.00
288.92, 169.00
289.27, 174.00
289.63, 178.00
289.98, 179.00
290.34, 168.00
290.69, 172.00
291.04, 164.00
291.40, 161.00
291.75, 161.00
292.11, 166.00
292.46, 162.00
292.81, 171.00
293.17, 175.00
293.52, 186.00
293.88, 198.00
294.23, 210.00
294.59, 231.00
294.94, 257.00
295.29, 267.00
295.65, 275.00
296.00, 298.00
296.36, 258.00
296.71, 244.00
297.06, 246.00
297.42, 254.00
297.77, 252.00
298.12, 237.00
298.48, 218.00
298.83, 211.00
299.19, 226.00
299.54, 233.00
299.89, 232.00
300.25, 234.00
300.60, 235.00
300.95, 215.00
301.31, 182.00
301.66, 181.00
302.01, 178.00
302.37, 184.00
302.72, 186.00
303.07, 196.00
303.43, 205.00
303.78, 211.00
304.13, 213.00
304.49, 219.00
304.84, 223.00
305.19, 249.00
305.55, 225.00
305.90, 269.00
306.25, 388.00
306.61, 591.00
306.96, 726.00
307.31, 978.00
307.66, 1441.00
308.02, 1909.00
308.37, 2325.00
308.72, 2614.00
309.08, 2632.00
309.43, 2472.00
309.78, 2074.00
310.13, 1776.00
310.49, 1499.00
310.84, 1186.00
311.19, 1002.00
311.54, 848.00
311.90, 710.00
312.25, 651.00
312.60, 637.00
312.95, 745.00
313.31, 828.00
313.66, 826.00
314.01, 809.00
314.36, 843.00
314.72, 968.00
315.07, 1235.00
315.42, 1464.00
315.77, 1478.00
316.13, 1194.00
316.48, 789.00
316.83, 528.00
317.18, 378.00
317.54, 298.00
317.89, 259.00
318.24, 234.00
318.59, 229.00
318.94, 216.00
319.30, 219.00
319.65, 228.00
320.00, 225.00
320.35, 235.00
320.70, 237.00
321.05, 235.00
321.41, 231.00
321.76, 231.00
322.11, 212.00
322.46, 202.00
322.81, 239.00
323.17, 200.00
323.52, 186.00
323.87, 197.00
324.22, 196.00
324.57, 200.00
324.92, 214.00
325.27, 224.00
325.63, 243.00
325.98, 258.00
326.33, 277.00
326.68, 278.00
327.03, 267.00
327.38, 265.00
327.73, 283.00
328.09, 300.00
328.44, 320.00
328.79, 269.00
329.14, 284.00
329.49, 244.00
329.84, 251.00
330.19, 249.00
330.54, 245.00
330.89, 245.00
331.25, 228.00
331.60, 220.00
331.95, 221.00
332.30, 227.00
332.65, 249.00
333.00, 271.00
333.35, 343.00
333.70, 364.00
334.05, 355.00
334.40, 394.00
334.75, 479.00
335.10, 660.00
335.45, 971.00
335.81, 1379.00
336.16, 2012.00
336.51, 2714.00
336.86, 2784.00
337.21, 2420.00
337.56, 1451.00
337.91, 877.00
338.26, 532.00
338.61, 356.00
338.96, 289.00
339.31, 253.00
339.66, 239.00
340.01, 232.00
340.36, 208.00
340.71, 214.00
341.06, 206.00
341.41, 205.00
341.76, 199.00
342.11, 204.00
342.46, 199.00
342.81, 204.00
343.16, 205.00
343.51, 204.00
343.86, 212.00
344.21, 218.00
344.56, 215.00
344.91, 205.00
345.26, 221.00
345.61, 218.00
345.96, 215.00
346.31, 212.00
346.66, 236.00
347.01, 218.00
347.36, 234.00
347.71, 214.00
348.06, 215.00
348.41, 239.00
348.76, 254.00
349.10, 269.00
349.45, 305.00
349.80, 291.00
350.15, 285.00
350.50, 263.00
350.85, 278.00
351.20, 302.00
351.55, 358.00
351.90, 445.00
352.25, 559.00
352.60, 756.00
352.95, 977.00
353.30, 1059.00
353.64, 921.00
353.99, 671.00
354.34, 547.00
354.69, 475.00
355.04, 479.00
355.39, 586.00
355.74, 777.00
356.09, 1060.00
356.44, 1344.00
356.78, 1907.00
357.13, 2214.00
357.48, 2097.00
357.83, 1580.00
358.18, 964.00
358.53, 629.00
358.88, 371.00
359.22, 285.00
359.57, 234.00
359.92, 223.00
360.27, 217.00
360.62, 213.00
360.97, 213.00
361.32, 205.00
361.66, 211.00
362.01, 208.00
362.36, 219.00
362.71, 217.00
363.06, 229.00
363.40, 231.00
363.75, 235.00
364.10, 240.00
364.45, 232.00
364.80, 227.00
365.14, 231.00
365.49, 241.00
365.84, 259.00
366.19, 283.00
366.54, 295.00
366.88, 307.00
367.23, 268.00
367.58, 293.00
367.93, 228.00
368.28, 227.00
368.62, 233.00
368.97, 272.00
369.32, 295.00
369.67, 323.00
370.01, 406.00
370.36, 449.00
370.71, 459.00
371.06, 399.00
371.40, 336.00
371.75, 279.00
372.10, 265.00
372.45, 258.00
372.79, 285.00
373.14, 337.00
373.49, 410.00
373.83, 502.00
374.18, 643.00
374.53, 829.00
374.88, 937.00
375.22, 949.00
375.57, 730.00
375.92, 525.00
376.26, 395.00
376.61, 304.00
376.96, 264.00
377.30, 281.00
377.65, 305.00
378.00, 362.00
378.35, 447.00
378.69, 554.00
379.04, 707.00
379.39, 935.00
379.73, 1124.00
380.08, 1128.00
380.43, 860.00
380.77, 610.00
381.12, 476.00
381.47, 367.00
381.81, 291.00
382.16, 238.00
382.50, 236.00
382.85, 290.00
383.20, 231.00
383.54, 224.00
383.89, 239.00
384.24, 252.00
384.58, 268.00
384.93, 307.00
385.27, 299.00
385.62, 285.00
385.97, 277.00
386.31, 266.00
386.66, 298.00
387.00, 276.00
387.35, 289.00
387.70, 317.00
388.04, 397.00
388.39, 415.00
388.73, 486.00
389.08, 529.00
389.43, 558.00
389.77, 594.00
390.12, 662.00
390.46, 859.00
390.81, 933.00
391.15, 919.00
391.50, 733.00
391.85, 521.00
392.19, 437.00
392.54, 358.00
392.88, 357.00
393.23, 392.00
393.57, 418.00
393.92, 417.00
394.26, 347.00
394.61, 297.00
394.95, 267.00
395.30, 233.00
395.64, 223.00
395.99, 271.00
396.33, 242.00
396.68, 252.00
397.02, 266.00
397.37, 298.00
397.71, 349.00
398.06, 394.00
398.40, 455.00
398.75, 561.00
399.09, 591.00
399.44, 612.00
399.78, 490.00
400.13, 382.00
400.47, 301.00
400.82, 255.00
401.16, 231.00
401.51, 228.00
401.85, 230.00
402.20, 232.00
402.54, 248.00
402.88, 260.00
403.23, 272.00
403.57, 307.00
403.92, 353.00
404.26, 463.00
404.61, 451.00
404.95, 562.00
405.30, 533.00
405.64, 471.00
405.98, 402.00
406.33, 335.00
406.67, 277.00
407.02, 249.00
407.36, 247.00
407.70, 252.00
408.05, 253.00
408.39, 263.00
408.74, 282.00
409.08, 286.00
409.42, 257.00
409.77, 248.00
410.11, 248.00
410.46, 231.00
410.80, 240.00
411.14, 244.00
411.49, 264.00
411.83, 268.00
412.17, 269.00
412.52, 290.00
412.86, 315.00
413.20, 322.00
413.55, 329.00
413.89, 304.00
414.23, 291.00
414.58, 298.00
414.92, 247.00
415.26, 241.00
415.61, 229.00
415.95, 237.00
416.29, 233.00
416.64, 244.00
416.98, 255.00
417.32, 271.00
417.67, 282.00
418.01, 301.00
418.35, 334.00
418.70, 366.00
419.04, 411.00
419.38, 396.00
419.72, 389.00
420.07, 343.00
420.41, 283.00
420.75, 257.00
421.10, 251.00
421.44, 241.00
421.78, 243.00
422.12, 236.00
422.47, 249.00
422.81, 266.00
423.15, 272.00
423.49, 275.00
423.84, 265.00
424.18, 284.00
424.52, 286.00
424.86, 326.00
425.21, 391.00
425.55, 401.00
425.89, 476.00
426.23, 528.00
426.57, 563.00
426.92, 561.00
427.26, 548.00
427.60, 455.00
427.94, 361.00
428.28, 295.00
428.63, 274.00
428.97, 245.00
429.31, 240.00
429.65, 236.00
429.99, 234.00
430.34, 230.00
430.68, 237.00
431.02, 249.00
431.36, 232.00
431.70, 249.00
432.04, 263.00
432.39, 267.00
432.73, 282.00
433.07, 298.00
433.41, 325.00
433.75, 325.00
434.09, 332.00
434.43, 322.00
434.78, 361.00
435.12, 408.00
435.46, 432.00
435.80, 391.00
436.14, 356.00
436.48, 309.00
436.82, 304.00
437.16, 272.00
437.51, 258.00
437.85, 251.00
438.19, 293.00
438.53, 254.00
438.87, 270.00
439.21, 268.00
439.55, 279.00
439.89, 276.00
440.23, 285.00
440.57, 299.00
440.91, 303.00
441.26, 294.00
441.60, 261.00
441.94, 262.00
442.28, 252.00
442.62, 247.00
442.96, 253.00
443.30, 254.00
443.64, 241.00
443.98, 242.00
444.32, 250.00
444.66, 250.00
445.00, 252.00
445.34, 266.00
445.68, 257.00
446.02, 264.00
446.36, 252.00
446.70, 262.00
447.04, 266.00
447.38, 288.00
447.72, 289.00
448.06, 294.00
448.40, 286.00
448.74, 278.00
449.08, 279.00
449.42, 259.00
449.76, 252.00
450.10, 249.00
450.44, 238.00
450.78, 248.00
451.12, 250.00
451.46, 250.00
451.80, 256.00
452.14, 234.00
452.48, 238.00
452.82, 241.00
453.16, 243.00
453.50, 251.00
453.84, 236.00
454.18, 279.00
454.52, 267.00
454.86, 265.00
455.19, 285.00
455.53, 279.00
455.87, 274.00
456.21, 291.00
456.55, 298.00
456.89, 282.00
457.23, 282.00
457.57, 269.00
457.91, 262.00
458.25, 264.00
458.59, 269.00
458.92, 291.00
459.26, 272.00
459.60, 278.00
459.94, 269.00
460.28, 260.00
460.62, 251.00
460.96, 251.00
461.30, 235.00
461.63, 240.00
461.97, 252.00
462.31, 252.00
462.65, 260.00
462.99, 272.00
463.33, 270.00
463.67, 274.00
464.00, 279.00
464.34, 276.00
464.68, 272.00
465.02, 293.00
465.36, 297.00
465.70, 286.00
466.03, 286.00
466.37, 261.00
466.71, 270.00
467.05, 275.00
467.39, 285.00
467.72, 283.00
468.06, 291.00
468.40, 308.00
468.74, 304.00
469.08, 295.00
469.41, 322.00
469.75, 341.00
470.09, 349.00
470.43, 359.00
470.76, 330.00
471.10, 332.00
471.44, 323.00
471.78, 304.00
472.11, 292.00
472.45, 294.00
472.79, 280.00
473.13, 282.00
473.46, 285.00
473.80, 274.00
474.14, 281.00
474.48, 282.00
474.81, 272.00
475.15, 282.00
475.49, 284.00
475.82, 285.00
476.16, 286.00
476.50, 277.00
476.84, 274.00
477.17, 285.00
477.51, 280.00
477.85, 291.00
478.18, 303.00
478.52, 293.00
478.86, 343.00
479.19, 308.00
479.53, 300.00
479.87, 336.00
480.20, 314.00
480.54, 315.00
480.88, 310.00
481.21, 316.00
481.55, 302.00
481.89, 298.00
482.22, 313.00
482.56, 319.00
482.90, 312.00
483.23, 317.00
483.57, 316.00
483.90, 329.00
484.24, 334.00
484.58, 344.00
484.91, 356.00
485.25, 349.00
485.58, 365.00
485.92, 373.00
486.26, 371.00
486.59, 378.00
486.93, 366.00
487.26, 372.00
487.60, 385.00
487.94, 372.00
488.27, 378.00
488.61, 371.00
488.94, 376.00
489.28, 359.00
489.61, 383.00
489.95, 378.00
490.29, 384.00
490.62, 379.00
490.96, 387.00
491.29, 373.00
491.63, 371.00
491.96, 353.00
492.30, 354.00
492.63, 352.00
492.97, 345.00
493.30, 340.00
493.64, 353.00
493.97, 340.00
494.31, 340.00
494.64, 348.00
494.98, 346.00
495.31, 349.00
495.65, 340.00
495.98, 352.00
496.32, 345.00
496.65, 371.00
496.99, 331.00
497.32, 332.00
497.66, 316.00
497.99, 322.00
498.33, 308.00
498.66, 312.00
499.00, 315.00
499.33, 314.00
499.67, 310.00
500.00, 311.00
500.34, 322.00
500.67, 310.00
501.00, 311.00
501.34, 312.00
501.67, 307.00
502.01, 307.00
502.34, 309.00
502.68, 313.00
503.01, 313.00
503.34, 306.00
503.68, 302.00
504.01, 299.00
504.35, 313.00
504.68, 311.00
505.01, 313.00
505.35, 312.00
505.68, 314.00
506.02, 311.00
506.35, 312.00
506.68, 320.00
507.02, 310.00
507.35, 311.00
507.68, 306.00
508.02, 303.00
508.35, 307.00
508.69, 299.00
509.02, 300.00
509.35, 289.00
509.69, 298.00
510.02, 300.00
510.35, 289.00
510.69, 296.00
511.02, 291.00
511.35, 297.00
511.69, 298.00
512.02, 294.00
512.35, 297.00
512.68, 286.00
513.02, 292.00
513.35, 291.00
513.68, 282.00
514.02, 288.00
514.35, 294.00
514.68, 293.00
515.01, 291.00
515.35, 297.00
515.68, 284.00
516.01, 289.00
516.35, 285.00
516.68, 279.00
517.01, 288.00
517.34, 290.00
517.68, 292.00
518.01, 291.00
518.34, 283.00
518.67, 293.00
519.01, 288.00
519.34, 283.00
519.67, 297.00
520.00, 292.00
520.33, 282.00
520.67, 287.00
521.00, 292.00
521.33, 289.00
521.66, 302.00
522.00, 276.00
522.33, 288.00
522.66, 283.00
522.99, 278.00
523.32, 300.00
523.65, 285.00
523.99, 280.00
524.32, 291.00
524.65, 282.00
524.98, 289.00
525.31, 286.00
525.65, 314.00
525.98, 291.00
526.31, 278.00
526.64, 287.00
526.97, 287.00
527.30, 278.00
527.63, 284.00
527.97, 279.00
528.30, 278.00
528.63, 283.00
528.96, 312.00
529.29, 283.00
529.62, 290.00
529.95, 282.00
530.28, 276.00
530.61, 277.00
530.95, 273.00
531.28, 279.00
531.61, 283.00
531.94, 278.00
532.27, 293.00
532.60, 298.00
532.93, 292.00
533.26, 285.00
533.59, 288.00
533.92, 284.00
534.25, 283.00
534.58, 314.00
534.91, 278.00
535.25, 277.00
535.58, 281.00
535.91, 276.00
536.24, 286.00
536.57, 289.00
536.90, 294.00
537.23, 287.00
537.56, 338.00
537.89, 302.00
538.22, 303.00
538.55, 321.00
538.88, 328.00
539.21, 441.00
539.54, 333.00
539.87, 359.00
540.20, 385.00
540.53, 423.00
540.86, 477.00
541.19, 495.00
541.52, 533.00
541.85, 548.00
542.18, 567.00
542.51, 599.00
542.84, 581.00
543.17, 588.00
543.50, 561.00
543.82, 564.00
544.15, 559.00
544.48, 557.00
544.81, 591.00
545.14, 633.00
545.47, 597.00
545.80, 580.00
546.13, 487.00
546.46, 491.00
546.79, 444.00
547.12, 405.00
547.45, 386.00
547.78, 377.00
548.10, 367.00
548.43, 365.00
548.76, 360.00
549.09, 352.00
549.42, 345.00
549.75, 339.00
550.08, 332.00
550.41, 336.00
550.74, 340.00
551.06, 322.00
551.39, 333.00
551.72, 313.00
552.05, 312.00
552.38, 303.00
552.71, 299.00
553.03, 297.00
553.36, 298.00
553.69, 299.00
554.02, 286.00
554.35, 278.00
554.68, 275.00
555.00, 283.00
555.33, 275.00
555.66, 275.00
555.99, 283.00
556.32, 278.00
556.64, 270.00
556.97, 277.00
557.30, 278.00
557.63, 277.00
557.96, 277.00
558.28, 276.00
558.61, 275.00
558.94, 271.00
559.27, 270.00
559.59, 270.00
559.92, 259.00
560.25, 262.00
560.58, 268.00
560.90, 271.00
561.23, 258.00
561.56, 257.00
561.89, 263.00
562.21, 258.00
562.54, 254.00
562.87, 255.00
563.20, 256.00
563.52, 250.00
563.85, 259.00
564.18, 270.00
564.50, 251.00
564.83, 278.00
565.16, 304.00
565.48, 251.00
565.81, 253.00
566.14, 241.00
566.47, 241.00
566.79, 236.00
567.12, 235.00
567.45, 268.00
567.77, 244.00
568.10, 243.00
568.43, 249.00
568.75, 239.00
569.08, 248.00
569.40, 284.00
569.73, 241.00
570.06, 238.00
570.38, 243.00
570.71, 242.00
571.04, 247.00
571.36, 246.00
571.69, 242.00
572.01, 245.00
572.34, 246.00
572.67, 253.00
572.99, 246.00
573.32, 264.00
573.64, 246.00
573.97, 245.00
574.30, 250.00
574.62, 254.00
574.95, 246.00
575.27, 253.00
575.60, 261.00
575.92, 270.00
576.25, 261.00
576.58, 269.00
576.90, 264.00
577.23, 301.00
577.55, 276.00
577.88, 270.00
578.20, 266.00
578.53, 280.00
578.85, 287.00
579.18, 289.00
579.50, 283.00
579.83, 287.00
580.15, 297.00
580.48, 278.00
580.80, 283.00
581.13, 288.00
581.45, 277.00
581.78, 289.00
582.10, 306.00
582.43, 300.00
582.75, 312.00
583.08, 299.00
583.40, 297.00
583.73, 374.00
584.05, 303.00
584.38, 297.00
584.70, 346.00
585.03, 303.00
585.35, 288.00
585.67, 298.00
586.00, 308.00
586.32, 323.00
586.65, 339.00
586.97, 339.00
587.30, 324.00
587.62, 329.00
587.94, 334.00
588.27, 305.00
588.59, 301.00
588.92, 289.00
589.24, 286.00
589.56, 300.00
589.89, 297.00
590.21, 280.00
590.54, 278.00
590.86, 283.00
591.18, 282.00
591.51, 285.00
591.83, 306.00
592.15, 305.00
592.48, 313.00
592.80, 318.00
593.13, 301.00
593.45, 302.00
593.77, 308.00
594.10, 298.00
594.42, 300.00
594.74, 295.00
595.07, 281.00
595.39, 286.00
595.71, 288.00
596.03, 280.00
596.36, 284.00
596.68, 283.00
597.00, 290.00
597.33, 294.00
597.65, 303.00
597.97, 301.00
598.30, 305.00
598.62, 314.00
598.94, 315.00
599.26, 319.00
599.59, 315.00
599.91, 303.00
600.23, 300.00
600.55, 295.00
600.88, 288.00
601.20, 266.00
601.52, 268.00
601.84, 260.00
602.17, 259.00
602.49, 257.00
602.81, 254.00
603.13, 262.00
603.45, 256.00
603.78, 247.00
604.10, 253.00
604.42, 256.00
604.74, 252.00
605.07, 254.00
605.39, 259.00
605.71, 254.00
606.03, 256.00
606.35, 256.00
606.67, 264.00
607.00, 259.00
607.32, 252.00
607.64, 255.00
607.96, 249.00
608.28, 262.00
608.60, 275.00
608.93, 287.00
609.25, 318.00
609.57, 380.00
609.89, 473.00
610.21, 570.00
610.53, 601.00
610.85, 595.00
611.17, 564.00
611.50, 523.00
611.82, 474.00
612.14, 452.00
612.46, 420.00
612.78, 385.00
613.10, 381.00
613.42, 364.00
613.74, 347.00
614.06, 379.00
614.38, 338.00
614.70, 329.00
615.03, 327.00
615.35, 321.00
615.67, 387.00
615.99, 287.00
616.31, 269.00
616.63, 271.00
616.95, 260.00
617.27, 258.00
617.59, 259.00
617.91, 253.00
618.23, 252.00
618.55, 245.00
618.87, 245.00
619.19, 248.00
619.51, 240.00
619.83, 248.00
620.15, 246.00
620.47, 244.00
620.79, 242.00
621.11, 253.00
621.43, 239.00
621.75, 253.00
622.07, 249.00
622.39, 245.00
622.71, 244.00
623.03, 246.00
623.35, 282.00
623.67, 239.00
623.99, 242.00
624.31, 237.00
624.63, 245.00
624.95, 233.00
625.26, 235.00
625.58, 235.00
625.90, 269.00
626.22, 235.00
626.54, 237.00
626.86, 249.00
627.18, 243.00
627.50, 244.00
627.82, 240.00
628.14, 246.00
628.46, 256.00
628.77, 241.00
629.09, 261.00
629.41, 268.00
629.73, 271.00
630.05, 290.00
630.37, 271.00
630.69, 282.00
631.00, 280.00
631.32, 270.00
631.64, 254.00
631.96, 251.00
632.28, 234.00
632.60, 246.00
632.92, 234.00
633.23, 229.00
633.55, 241.00
633.87, 240.00
634.19, 244.00
634.51, 239.00
634.82, 247.00
635.14, 256.00
635.46, 245.00
635.78, 244.00
636.10, 251.00
636.41, 246.00
636.73, 248.00
637.05, 246.00
637.37, 249.00
637.68, 249.00
638.00, 251.00
638.32, 251.00
638.64, 245.00
638.95, 252.00
639.27, 245.00
639.59, 245.00
639.91, 237.00
640.22, 236.00
640.54, 244.00
640.86, 241.00
641.18, 247.00
641.49, 273.00
641.81, 251.00
642.13, 267.00
642.44, 255.00
642.76, 261.00
643.08, 256.00
643.40, 261.00
643.71, 267.00
644.03, 268.00
644.35, 278.00
644.66, 278.00
644.98, 274.00
645.30, 269.00
645.61, 289.00
645.93, 261.00
646.25, 263.00
646.56, 256.00
646.88, 274.00
647.19, 243.00
647.51, 246.00
647.83, 241.00
648.14, 241.00
648.46, 245.00
648.78, 253.00
649.09, 256.00
649.41, 313.00
649.72, 290.00
650.04, 293.00
650.36, 293.00
650.67, 295.00
650.99, 295.00
651.30, 302.00
651.62, 304.00
651.93, 306.00
652.25, 322.00
652.57, 341.00
652.88, 296.00
653.20, 297.00
653.51, 296.00
653.83, 282.00
654.14, 262.00
654.46, 265.00
654.77, 259.00
655.09, 265.00
655.40, 278.00
655.72, 267.00
656.04, 253.00
656.35, 253.00
656.67, 249.00
656.98, 261.00
657.30, 268.00
657.61, 261.00
657.93, 273.00
658.24, 271.00
658.55, 305.00
658.87, 276.00
659.18, 271.00
659.50, 279.00
659.81, 280.00
660.13, 280.00
660.44, 270.00
660.76, 276.00
661.07, 290.00
661.39, 270.00
661.70, 262.00
662.01, 250.00
662.33, 241.00
662.64, 240.00
662.96, 231.00
663.27, 223.00
663.59, 222.00
663.90, 222.00
664.21, 219.00
664.53, 241.00
664.84, 224.00
665.16, 252.00
665.47, 235.00
665.78, 233.00
666.10, 237.00
666.41, 250.00
666.72, 246.00
667.04, 252.00
667.35, 248.00
667.67, 243.00
667.98, 246.00
668.29, 249.00
668.61, 243.00
668.92, 247.00
669.23, 249.00
669.55, 237.00
669.86, 266.00
670.17, 226.00
670.48, 232.00
670.80, 226.00
671.11, 224.00
671.42, 220.00
671.74, 227.00
672.05, 222.00
672.36, 223.00
672.68, 228.00
672.99, 237.00
673.30, 240.00
673.61, 250.00
673.93, 261.00
674.24, 266.00
674.55, 275.00
674.86, 280.00
675.18, 283.00
675.49, 289.00
675.80, 277.00
676.11, 281.00
676.43, 289.00
676.74, 285.00
677.05, 281.00
677.36, 296.00
677.67, 270.00
677.99, 273.00
678.30, 256.00
678.61, 242.00
678.92, 233.00
679.23, 233.00
679.55, 223.00
679.86, 217.00
680.17, 211.00
680.48, 213.00
680.79, 206.00
681.10, 198.00
681.42, 205.00
681.73, 198.00
682.04, 206.00
682.35, 203.00
682.66, 208.00
682.97, 201.00
683.28, 212.00
683.60, 203.00
683.91, 202.00
684.22, 221.00
684.53, 203.00
684.84, 198.00
685.15, 205.00
685.46, 227.00
685.77, 202.00
686.08, 195.00
686.40, 237.00
686.71, 202.00
687.02, 199.00
687.33, 194.00
687.64, 188.00
687.95, 187.00
688.26, 183.00
688.57, 183.00
688.88, 187.00
689.19, 180.00
689.50, 182.00
689.81, 182.00
690.12, 177.00
690.43, 194.00
690.74, 179.00
691.05, 175.00
691.36, 189.00
691.67, 175.00
691.98, 183.00
692.29, 181.00
692.60, 187.00
692.91, 180.00
693.22, 177.00
693.53, 182.00
693.84, 184.00
694.15, 179.00
694.46, 178.00
694.77, 183.00
695.08, 179.00
695.39, 184.00
695.70, 177.00
696.01, 179.00
696.32, 177.00
696.63, 176.00
696.94, 183.00
697.25, 171.00
697.56, 182.00
697.87, 183.00
698.17, 217.00
698.48, 184.00
698.79, 173.00
699.10, 170.00
699.41, 173.00
699.72, 180.00
700.03, 171.00
700.34, 174.00
700.65, 183.00
700.95, 175.00
701.26, 181.00
701.57, 172.00
701.88, 172.00
702.19, 190.00
702.50, 179.00
702.81, 173.00
703.11, 200.00
703.42, 177.00
703.73, 178.00
704.04, 180.00
704.35, 179.00
704.66, 187.00
704.96, 203.00
705.27, 221.00
705.58, 232.00
705.89, 233.00
706.20, 218.00
706.50, 210.00
706.81, 208.00
707.12, 201.00
707.43, 200.00
707.73, 199.00
708.04, 188.00
708.35, 189.00
708.66, 187.00
708.97, 182.00
709.27, 182.00
709.58, 183.00
709.89, 176.00
710.19, 179.00
710.50, 187.00
710.81, 180.00
711.12, 192.00
711.42, 183.00
711.73, 191.00
712.04, 189.00
712.35, 181.00
712.65, 189.00
712.96, 190.00
713.27, 184.00
713.57, 207.00
713.88, 198.00
714.19, 179.00
714.49, 177.00
714.80, 177.00
715.11, 175.00
715.41, 179.00
715.72, 177.00
716.03, 176.00
716.33, 185.00
716.64, 170.00
716.94, 172.00
717.25, 173.00
717.56, 184.00
717.86, 174.00
718.17, 172.00
718.48, 170.00
718.78, 167.00
719.09, 166.00
719.39, 169.00
719.70, 177.00
720.01, 171.00
720.31, 166.00
720.62, 170.00
720.92, 172.00
721.23, 185.00
721.53, 175.00
721.84, 183.00
722.15, 183.00
722.45, 180.00
722.76, 179.00
723.06, 180.00
723.37, 176.00
723.67, 175.00
723.98, 182.00
724.28, 182.00
724.59, 183.00
724.89, 182.00
725.20, 176.00
725.50, 190.00
725.81, 181.00
726.11, 174.00
726.42, 176.00
726.72, 178.00
727.03, 211.00
727.33, 174.00
727.64, 175.00
727.94, 171.00
728.25, 169.00
728.55, 165.00
728.86, 194.00
729.16, 165.00
729.46, 167.00
729.77, 170.00
730.07, 167.00
730.38, 170.00
730.68, 168.00
730.99, 170.00
731.29, 167.00
731.59, 174.00
731.90, 170.00
732.20, 172.00
732.51, 178.00
732.81, 178.00
733.11, 182.00
733.42, 177.00
733.72, 184.00
734.02, 182.00
734.33, 177.00
734.63, 179.00
734.94, 181.00
735.24, 175.00
735.54, 177.00
735.85, 179.00
736.15, 176.00
736.45, 183.00
736.76, 182.00
737.06, 175.00
737.36, 179.00
737.67, 176.00
737.97, 176.00
738.27, 179.00
738.57, 169.00
738.88, 171.00
739.18, 208.00
739.48, 169.00
739.79, 172.00
740.09, 168.00
740.39, 175.00
740.69, 181.00
741.00, 168.00
741.30, 178.00
741.60, 179.00
741.90, 178.00
742.21, 181.00
742.51, 231.00
742.81, 183.00
743.11, 186.00
743.42, 218.00
743.72, 205.00
744.02, 215.00
744.32, 208.00
744.63, 219.00
744.93, 225.00
745.23, 226.00
745.53, 230.00
745.83, 231.00
746.13, 222.00
746.44, 224.00
746.74, 225.00
747.04, 223.00
747.34, 234.00
747.64, 228.00
747.94, 223.00
748.25, 225.00
748.55, 223.00
748.85, 230.00
749.15, 231.00
749.45, 252.00
749.75, 224.00
750.05, 214.00
750.35, 199.00
750.66, 216.00
750.96, 195.00
751.26, 188.00
751.56, 184.00
751.86, 187.00
752.16, 174.00
752.46, 169.00
752.76, 173.00
753.06, 173.00
753.36, 210.00
753.66, 174.00
753.96, 174.00
754.27, 174.00
754.57, 172.00
754.87, 171.00
755.17, 176.00
755.47, 185.00
755.77, 183.00
756.07, 184.00
756.37, 193.00
756.67, 196.00
756.97, 196.00
757.27, 200.00
757.57, 199.00
757.87, 204.00
758.17, 198.00
758.47, 200.00
758.77, 205.00
759.07, 201.00
759.37, 201.00
759.67, 201.00
759.97, 207.00
760.27, 192.00
760.57, 200.00
760.86, 194.00
761.16, 192.00
761.46, 187.00
761.76, 214.00
762.06, 185.00
762.36, 193.00
762.66, 187.00
762.96, 175.00
763.26, 177.00
763.56, 194.00
763.86, 178.00
764.16, 165.00
764.45, 180.00
764.75, 169.00
765.05, 170.00
765.35, 167.00
765.65, 164.00
765.95, 168.00
766.25, 172.00
766.55, 179.00
766.84, 177.00
767.14, 172.00
767.44, 172.00
767.74, 179.00
768.04, 182.00
768.34, 187.00
768.63, 188.00
768.93, 181.00
769.23, 191.00
769.53, 192.00
769.83, 193.00
770.12, 192.00
770.42, 190.00
770.72, 183.00
771.02, 192.00
771.32, 192.00
771.61, 186.00
771.91, 193.00
772.21, 183.00
772.51, 183.00
772.80, 186.00
773.10, 188.00
773.40, 191.00
773.70, 188.00
773.99, 191.00
774.29, 187.00
774.59, 189.00
774.88, 176.00
775.18, 192.00
775.48, 291.00
775.78, 513.00
776.07, 696.00
776.37, 759.00
776.67, 661.00
776.96, 476.00
777.26, 422.00
777.56, 308.00
777.85, 288.00
778.15, 266.00
778.45, 243.00
778.74, 224.00
779.04, 202.00
779.34, 176.00
779.63, 178.00
779.93, 162.00
780.22, 162.00
780.52, 162.00
780.82, 156.00
781.11, 153.00
781.41, 152.00
781.71, 159.00
782.00, 159.00
782.30, 163.00
782.59, 162.00
782.89, 163.00
783.19, 158.00
783.48, 155.00
783.78, 156.00
784.07, 161.00
784.37, 155.00
784.66, 161.00
784.96, 160.00
785.25, 158.00
785.55, 156.00
785.84, 160.00
786.14, 157.00
786.44, 154.00
786.73, 162.00
787.03, 159.00
787.32, 158.00
787.62, 155.00
787.91, 154.00
788.21, 160.00
788.50, 152.00
788.80, 155.00
789.09, 157.00
789.39, 163.00
789.68, 153.00
789.97, 160.00
790.27, 156.00
790.56, 157.00
790.86, 166.00
791.15, 152.00
791.45, 152.00
791.74, 178.00
792.04, 153.00
792.33, 153.00
792.62, 176.00
792.92, 151.00
793.21, 142.00
793.51, 159.00
793.80, 149.00
794.09, 152.00
794.39, 146.00
794.68, 149.00
794.98, 152.00
795.27, 152.00
795.56, 148.00
795.86, 154.00
796.15, 150.00
796.44, 155.00
796.74, 148.00
797.03, 148.00
797.32, 153.00
797.62, 155.00
797.91, 167.00
798.20, 155.00
798.50, 164.00
798.79, 164.00
799.08, 158.00
799.38, 157.00
799.67, 154.00
799.96, 160.00
800.26, 179.00
800.55, 153.00
800.84, 158.00
801.13, 154.00
801.43, 155.00
801.72, 192.00
802.01, 156.00
802.30, 153.00
802.60, 155.00
802.89, 157.00
803.18, 159.00
803.47, 153.00
803.77, 160.00
804.06, 161.00
804.35, 162.00
804.64, 173.00
804.94, 148.00
805.23, 150.00
805.52, 155.00
805.81, 152.00
806.10, 154.00
806.39, 152.00
806.69, 154.00
806.98, 154.00
807.27, 156.00
807.56, 159.00
807.85, 155.00
808.14, 145.00
808.44, 158.00
808.73, 155.00
809.02, 170.00
809.31, 159.00
809.60, 156.00
809.89, 162.00
810.18, 151.00
810.48, 160.00
810.77, 152.00
811.06, 153.00
811.35, 154.00
811.64, 156.00
811.93, 168.00
812.22, 149.00
812.51, 147.00
812.80, 149.00
813.09, 153.00
813.38, 153.00
813.67, 172.00
813.96, 146.00
814.26, 145.00
814.55, 144.00
814.84, 147.00
815.13, 150.00
815.42, 143.00
815.71, 148.00
816.00, 147.00
816.29, 158.00
816.58, 150.00
816.87, 151.00
817.16, 151.00
817.45, 152.00
817.74, 152.00
818.03, 152.00
818.32, 148.00
818.61, 153.00
818.90, 149.00
819.19, 149.00
819.48, 145.00
819.76, 149.00
820.05, 151.00
820.34, 149.00
820.63, 148.00
820.92, 148.00
821.21, 147.00
821.50, 150.00
821.79, 146.00
822.08, 145.00
822.37, 147.00
822.66, 145.00
822.95, 151.00
823.23, 155.00
823.52, 159.00
823.81, 148.00
824.10, 149.00
824.39, 145.00
824.68, 140.00
824.97, 160.00
825.26, 148.00
825.54, 195.00
825.83, 147.00
826.12, 147.00
826.41, 142.00
826.70, 148.00
826.99, 153.00
827.27, 143.00
827.56, 166.00
827.85, 145.00
828.14, 147.00
828.43, 151.00
828.71, 154.00
829.00, 145.00
829.29, 147.00
829.58, 156.00
829.86, 144.00
830.15, 147.00
830.44, 146.00
830.73, 154.00
831.01, 147.00
831.30, 146.00
831.59, 152.00
831.88, 147.00
832.16, 145.00
832.45, 153.00
832.74, 146.00
833.03, 147.00
833.31, 155.00
833.60, 150.00
833.89, 147.00
834.17, 152.00
834.46, 144.00
834.75, 139.00
835.03, 145.00
835.32, 145.00
835.61, 146.00
835.89, 161.00
836.18, 149.00
836.47, 147.00
836.75, 147.00
837.04, 148.00
837.33, 148.00
837.61, 144.00
837.90, 144.00
838.19, 149.00
838.47, 146.00
838.76, 147.00
839.04, 147.00
839.33, 146.00
839.62, 145.00
839.90, 143.00
840.19, 147.00
840.47, 148.00
840.76, 176.00
841.04, 145.00
841.33, 148.00
841.62, 145.00
841.90, 148.00
842.19, 147.00
842.47, 297.00
842.76, 142.00
843.04, 155.00
843.33, 182.00
843.61, 164.00
843.90, 163.00
844.18, 164.00
844.47, 170.00
844.75, 167.00
845.04, 156.00
845.32, 157.00
845.61, 153.00
845.89, 149.00
846.18, 153.00
846.46, 154.00
846.75, 153.00
847.03, 166.00
847.32, 151.00
847.60, 150.00
847.88, 143.00
848.17, 150.00
848.45, 165.00
848.74, 151.00
849.02, 145.00
849.31, 145.00
849.59, 154.00
849.87, 149.00
850.16, 146.00
850.44, 150.00
850.73, 179.00
851.01, 157.00
851.29, 150.00
851.58, 148.00
851.86, 145.00
852.14, 150.00
852.43, 150.00
852.71, 146.00
853.00, 148.00
853.28, 155.00
853.56, 144.00
853.85, 149.00
854.13, 146.00
854.41, 147.00
854.69, 146.00
854.98, 148.00
855.26, 202.00
855.54, 148.00
855.83, 149.00
856.11, 151.00
856.39, 147.00
856.68, 150.00
856.96, 145.00
857.24, 148.00
857.52, 151.00
857.81, 149.00
858.09, 149.00
858.37, 145.00
858.65, 144.00
858.94, 143.00
859.22, 146.00
