190.05, 0.00
190.41, 137.00
190.77, 138.00
191.14, 143.00
191.50, 136.00
191.86, 162.00
192.22, 150.00
192.58, 147.00
192.94, 139.00
193.31, 146.00
193.67, 148.00
194.03, 151.00
194.39, 143.00
194.75, 142.00
195.11, 154.00
195.47, 159.00
195.84, 143.00
196.20, 145.00
196.56, 162.00
196.92, 147.00
197.28, 152.00
197.64, 143.00
198.00, 143.00
198.37, 146.00
198.73, 139.00
199.09, 138.00
199.45, 137.00
199.81, 143.00
200.17, 147.00
200.53, 141.00
200.89, 149.00
201.25, 178.00
201.62, 144.00
201.98, 142.00
202.34, 142.00
202.70, 151.00
203.06, 149.00
203.42, 146.00
203.78, 146.00
204.14, 145.00
204.50, 166.00
204.86, 156.00
205.22, 151.00
205.58, 150.00
205.95, 148.00
206.31, 144.00
206.67, 145.00
207.03, 148.00
207.39, 158.00
207.75, 144.00
208.11, 144.00
208.47, 143.00
208.83, 146.00
209.19, 145.00
209.55, 142.00
209.91, 151.00
210.27, 151.00
210.63, 143.00
210.99, 150.00
211.35, 139.00
211.71, 149.00
212.07, 144.00
212.43, 150.00
212.79, 139.00
213.15, 144.00
213.51, 147.00
213.87, 144.00
214.23, 149.00
214.59, 139.00
214.95, 144.00
215.31, 139.00
215.67, 142.00
216.03, 177.00
216.39, 143.00
216.75, 143.00
217.11, 147.00
217.47, 143.00
217.83, 140.00
218.19, 147.00
218.55, 152.00
218.91, 151.00
219.27, 141.00
219.63, 142.00
219.99, 140.00
220.35, 142.00
220.71, 151.00
221.07, 141.00
221.43, 143.00
221.79, 140.00
222.15, 146.00
222.51, 145.00
222.87, 143.00
223.23, 139.00
223.59, 144.00
223.95, 141.00
224.31, 147.00
224.67, 144.00
225.03, 146.00
225.39, 147.00
225.74, 149.00
226.10, 148.00
226.46, 143.00
226.82, 147.00
227.18, 152.00
227.54, 142.00
227.90, 149.00
228.26, 148.00
228.62, 155.00
228.98, 149.00
229.34, 144.00
229.69, 145.00
230.05, 152.00
230.41, 147.00
230.77, 152.00
231.13, 153.00
231.49, 147.00
231.85, 145.00
232.21, 154.00
232.57, 149.00
232.92, 143.00
233.28, 145.00
233.64, 149.00
234.00, 146.00
234.36, 139.00
234.72, 140.00
235.08, 152.00
235.44, 150.00
235.79, 147.00
236.15, 149.00
236.51, 142.00
236.87, 147.00
237.23, 149.00
237.59, 148.00
237.94, 150.00
238.30, 149.00
238.66, 143.00
239.02, 140.00
239.38, 144.00
239.74, 144.00
240.09, 153.00
240.45, 143.00
240.81, 149.00
241.17, 153.00
241.53, 145.00
241.89, 151.00
242.24, 144.00
242.60, 141.00
242.96, 152.00
243.32, 152.00
243.68, 140.00
244.03, 146.00
244.39, 148.00
244.75, 167.00
245.11, 150.00
245.46, 149.00
245.82, 175.00
246.18, 151.00
246.54, 145.00
246.90, 141.00
247.25, 144.00
247.61, 144.00
247.97, 188.00
248.33, 149.00
248.68, 145.00
249.04, 143.00
249.40, 146.00
249.76, 141.00
250.11, 143.00
250.47, 147.00
250.83, 143.00
251.19, 151.00
251.54, 155.00
251.90, 146.00
252.26, 148.00
252.62, 143.00
252.97, 151.00
253.33, 143.00
253.69, 146.00
254.05, 152.00
254.40, 141.00
254.76, 145.00
255.12, 172.00
255.47, 147.00
255.83, 148.00
256.19, 143.00
256.54, 145.00
256.90, 147.00
257.26, 140.00
257.62, 151.00
257.97, 143.00
258.33, 146.00
258.69, 140.00
259.04, 144.00
259.40, 147.00
259.76, 149.00
260.11, 144.00
260.47, 142.00
260.83, 146.00
261.18, 140.00
261.54, 149.00
261.90, 148.00
262.25, 140.00
262.61, 141.00
262.97, 141.00
263.32, 143.00
263.68, 143.00
264.04, 150.00
264.39, 144.00
264.75, 142.00
265.10, 153.00
265.46, 187.00
265.82, 162.00
266.17, 146.00
266.53, 141.00
266.89, 146.00
267.24, 149.00
267.60, 144.00
267.95, 144.00
268.31, 143.00
268.67, 145.00
269.02, 139.00
269.38, 145.00
269.74, 147.00
270.09, 143.00
270.45, 146.00
270.80, 162.00
271.16, 144.00
271.51, 146.00
271.87, 146.00
272.23, 150.00
272.58, 149.00
272.94, 144.00
273.29, 145.00
273.65, 187.00
274.00, 142.00
274.36, 148.00
274.72, 141.00
275.07, 140.00
275.43, 140.00
275.78, 146.00
276.14, 141.00
276.49, 146.00
276.85, 156.00
277.20, 162.00
277.56, 141.00
277.92, 143.00
278.27, 149.00
278.63, 154.00
278.98, 145.00
279.34, 143.00
279.69, 148.00
280.05, 161.00
280.40, 148.00
280.76, 159.00
281.11, 142.00
281.47, 144.00
281.82, 139.00
282.18, 143.00
282.53, 149.00
282.89, 149.00
283.24, 148.00
283.60, 149.00
283.95, 143.00
284.31, 142.00
284.66, 141.00
285.02, 141.00
285.37, 138.00
285.73, 142.00
286.08, 149.00
286.44, 141.00
286.79, 151.00
287.14, 152.00
287.50, 149.00
287.85, 146.00
288.21, 145.00
288.56, 143.00
288.92, 144.00
289.27, 143.00
289.63, 142.00
289.98, 155.00
290.34, 138.00
290.69, 156.00
291.04, 140.00
291.40, 143.00
291.75, 142.00
292.11, 149.00
292.46, 143.00
292.81, 149.00
293.17, 145.00
293.52, 142.00
293.88, 140.00
294.23, 145.00
294.59, 144.00
294.94, 141.00
295.29, 145.00
295.65, 148.00
296.00, 161.00
296.36, 144.00
296.71, 143.00
297.06, 144.00
297.42, 142.00
297.77, 139.00
298.12, 143.00
298.48, 145.00
298.83, 146.00
299.19, 143.00
299.54, 144.00
299.89, 141.00
300.25, 141.00
300.60, 148.00
300.95, 152.00
301.31, 143.00
301.66, 149.00
302.01, 140.00
302.37, 143.00
302.72, 145.00
303.07, 143.00
303.43, 148.00
303.78, 142.00
304.13, 146.00
304.49, 147.00
304.84, 150.00
305.19, 185.00
305.55, 145.00
305.90, 147.00
306.25, 143.00
306.61, 146.00
306.96, 147.00
307.31, 144.00
307.66, 143.00
308.02, 152.00
308.37, 148.00
308.72, 161.00
309.08, 139.00
309.43, 143.00
309.78, 142.00
310.13, 147.00
310.49, 155.00
310.84, 138.00
311.19, 145.00
311.54, 148.00
311.90, 145.00
312.25, 145.00
312.60, 138.00
312.95, 146.00
313.31, 146.00
313.66, 147.00
314.01, 159.00
314.36, 162.00
314.72, 148.00
315.07, 142.00
315.42, 146.00
315.77, 179.00
316.13, 144.00
316.48, 148.00
316.83, 141.00
317.18, 142.00
317.54, 142.00
317.89, 143.00
318.24, 142.00
318.59, 138.00
318.94, 145.00
319.30, 140.00
319.65, 145.00
320.00, 142.00
320.35, 143.00
320.70, 141.00
321.05, 143.00
321.41, 145.00
321.76, 145.00
322.11, 138.00
322.46, 142.00
322.81, 184.00
323.17, 145.00
323.52, 143.00
323.87, 138.00
324.22, 143.00
324.57, 142.00
324.92, 146.00
325.27, 142.00
325.63, 150.00
325.98, 143.00
326.33, 146.00
326.68, 142.00
327.03, 139.00
327.38, 142.00
327.73, 147.00
328.09, 145.00
328.44, 170.00
328.79, 145.00
329.14, 176.00
329.49, 149.00
329.84, 143.00
330.19, 148.00
330.54, 145.00
330.89, 148.00
331.25, 142.00
331.60, 147.00
331.95, 149.00
332.30, 144.00
332.65, 143.00
333.00, 147.00
333.35, 189.00
333.70, 191.00
334.05, 153.00
334.40, 149.00
334.75, 142.00
335.10, 150.00
335.45, 142.00
335.81, 140.00
336.16, 143.00
336.51, 145.00
336.86, 141.00
337.21, 138.00
337.56, 151.00
337.91, 141.00
338.26, 144.00
338.61, 145.00
338.96, 149.00
339.31, 144.00
339.66, 143.00
340.01, 143.00
340.36, 144.00
340.71, 142.00
341.06, 139.00
341.41, 147.00
341.76, 148.00
342.11, 150.00
342.46, 143.00
342.81, 151.00
343.16, 141.00
343.51, 138.00
343.86, 147.00
344.21, 143.00
344.56, 146.00
344.91, 144.00
345.26, 149.00
345.61, 140.00
345.96, 144.00
346.31, 142.00
346.66, 159.00
347.01, 143.00
347.36, 159.00
347.71, 141.00
348.06, 140.00
348.41, 155.00
348.76, 156.00
349.10, 148.00
349.45, 151.00
349.80, 142.00
350.15, 147.00
350.50, 143.00
350.85, 159.00
351.20, 140.00
351.55, 149.00
351.90, 149.00
352.25, 144.00
352.60, 139.00
352.95, 149.00
353.30, 164.00
353.64, 145.00
353.99, 140.00
354.34, 142.00
354.69, 144.00
355.04, 144.00
355.39, 144.00
355.74, 139.00
356.09, 140.00
356.44, 145.00
356.78, 142.00
357.13, 143.00
357.48, 138.00
357.83, 138.00
358.18, 142.00
358.53, 147.00
358.88, 141.00
359.22, 164.00
359.57, 142.00
359.92, 138.00
360.27, 142.00
360.62, 143.00
360.97, 141.00
361.32, 142.00
361.66, 142.00
362.01, 141.00
362.36, 145.00
362.71, 144.00
363.06, 147.00
363.40, 140.00
363.75, 144.00
364.10, 146.00
364.45, 143.00
364.80, 152.00
365.14, 149.00
365.49, 146.00
365.84, 148.00
366.19, 151.00
366.54, 146.00
366.88, 165.00
367.23, 141.00
367.58, 201.00
367.93, 143.00
368.28, 142.00
368.62, 145.00
368.97, 150.00
369.32, 152.00
369.67, 142.00
370.01, 147.00
370.36, 140.00
370.71, 156.00
371.06, 149.00
371.40, 148.00
371.75, 144.00
372.10, 138.00
372.45, 142.00
372.79, 140.00
373.14, 140.00
373.49, 140.00
373.83, 152.00
374.18, 144.00
374.53, 145.00
374.88, 150.00
375.22, 145.00
375.57, 151.00
375.92, 151.00
376.26, 150.00
376.61, 144.00
376.96, 143.00
377.30, 151.00
377.65, 150.00
378.00, 139.00
378.35, 142.00
378.69, 156.00
379.04, 145.00
379.39, 143.00
379.73, 145.00
380.08, 148.00
380.43, 143.00
380.77, 145.00
381.12, 144.00
381.47, 147.00
381.81, 141.00
382.16, 143.00
382.50, 151.00
382.85, 213.00
383.20, 140.00
383.54, 141.00
383.89, 143.00
384.24, 143.00
384.58, 146.00
384.93, 155.00
385.27, 148.00
385.62, 146.00
385.97, 145.00
386.31, 144.00
386.66, 177.00
387.00, 148.00
387.35, 146.00
387.70, 142.00
388.04, 205.00
388.39, 145.00
388.73, 148.00
389.08, 149.00
389.43, 142.00
389.77, 141.00
390.12, 144.00
390.46, 142.00
390.81, 142.00
391.15, 142.00
391.50, 143.00
391.85, 148.00
392.19, 139.00
392.54, 141.00
392.88, 143.00
393.23, 140.00
393.57, 146.00
393.92, 140.00
394.26, 144.00
394.61, 142.00
394.95, 142.00
395.30, 140.00
395.64, 141.00
395.99, 177.00
396.33, 146.00
396.68, 144.00
397.02, 144.00
397.37, 140.00
397.71, 145.00
398.06, 143.00
398.40, 143.00
398.75, 143.00
399.09, 146.00
399.44, 141.00
399.78, 143.00
400.13, 141.00
400.47, 143.00
400.82, 144.00
401.16, 142.00
401.51, 153.00
401.85, 144.00
402.20, 146.00
402.54, 147.00
402.88, 151.00
403.23, 143.00
403.57, 150.00
403.92, 169.00
404.26, 217.00
404.61, 171.00
404.95, 197.00
405.30, 154.00
405.64, 152.00
405.98, 178.00
406.33, 148.00
406.67, 145.00
407.02, 146.00
407.36, 147.00
407.70, 148.00
408.05, 145.00
408.39, 145.00
408.74, 138.00
409.08, 149.00
409.42, 149.00
409.77, 141.00
410.11, 153.00
410.46, 141.00
410.80, 144.00
411.14, 145.00
411.49, 146.00
411.83, 145.00
412.17, 140.00
412.52, 145.00
412.86, 143.00
413.20, 151.00
413.55, 146.00
413.89, 147.00
414.23, 148.00
414.58, 194.00
414.92, 143.00
415.26, 144.00
415.61, 144.00
415.95, 146.00
416.29, 148.00
416.64, 145.00
416.98, 145.00
417.32, 147.00
417.67, 155.00
418.01, 157.00
418.35, 149.00
418.70, 145.00
419.04, 157.00
419.38, 146.00
419.72, 141.00
420.07, 148.00
420.41, 148.00
420.75, 141.00
421.10, 146.00
421.44, 151.00
421.78, 145.00
422.12, 145.00
422.47, 143.00
422.81, 145.00
423.15, 152.00
423.49, 148.00
423.84, 144.00
424.18, 145.00
424.52, 150.00
424.86, 149.00
425.21, 147.00
425.55, 149.00
425.89, 143.00
426.23, 159.00
426.57, 146.00
426.92, 153.00
427.26, 151.00
427.60, 147.00
427.94, 154.00
428.28, 151.00
428.63, 142.00
428.97, 147.00
429.31, 153.00
429.65, 156.00
429.99, 149.00
430.34, 143.00
430.68, 153.00
431.02, 158.00
431.36, 146.00
431.70, 147.00
432.04, 148.00
432.39, 146.00
432.73, 147.00
433.07, 149.00
433.41, 152.00
433.75, 149.00
434.09, 150.00
434.43, 169.00
434.78, 218.00
435.12, 276.00
435.46, 318.00
435.80, 283.00
436.14, 238.00
436.48, 201.00
436.82, 190.00
437.16, 168.00
437.51, 150.00
437.85, 146.00
438.19, 187.00
438.53, 151.00
438.87, 167.00
439.21, 150.00
439.55, 157.00
439.89, 154.00
440.23, 149.00
440.57, 148.00
440.91, 146.00
441.26, 148.00
441.60, 149.00
441.94, 150.00
442.28, 161.00
442.62, 155.00
442.96, 151.00
443.30, 157.00
443.64, 153.00
443.98, 157.00
444.32, 158.00
444.66, 154.00
445.00, 152.00
445.34, 158.00
445.68, 151.00
446.02, 155.00
446.36, 151.00
446.70, 148.00
447.04, 159.00
447.38, 181.00
447.72, 149.00
448.06, 148.00
448.40, 156.00
448.74, 153.00
449.08, 151.00
449.42, 152.00
449.76, 151.00
450.10, 147.00
450.44, 149.00
450.78, 152.00
451.12, 152.00
451.46, 158.00
451.80, 164.00
452.14, 152.00
452.48, 152.00
452.82, 153.00
453.16, 149.00
453.50, 152.00
453.84, 148.00
454.18, 192.00
454.52, 155.00
454.86, 150.00
455.19, 159.00
455.53, 154.00
455.87, 153.00
456.21, 157.00
456.55, 154.00
456.89, 152.00
457.23, 149.00
457.57, 149.00
457.91, 155.00
458.25, 149.00
458.59, 151.00
458.92, 157.00
459.26, 149.00
459.60, 156.00
459.94, 149.00
460.28, 150.00
460.62, 146.00
460.96, 149.00
461.30, 153.00
461.63, 151.00
461.97, 150.00
462.31, 146.00
462.65, 155.00
462.99, 156.00
463.33, 158.00
463.67, 147.00
464.00, 148.00
464.34, 146.00
464.68, 148.00
465.02, 161.00
465.36, 167.00
465.70, 148.00
466.03, 160.00
466.37, 144.00
466.71, 150.00
467.05, 147.00
467.39, 148.00
467.72, 151.00
468.06, 152.00
468.40, 149.00
468.74, 148.00
469.08, 154.00
469.41, 155.00
469.75, 150.00
470.09, 153.00
470.43, 154.00
470.76, 149.00
471.10, 152.00
471.44, 150.00
471.78, 144.00
472.11, 150.00
472.45, 151.00
472.79, 152.00
473.13, 155.00
473.46, 154.00
473.80, 150.00
474.14, 149.00
474.48, 158.00
474.81, 147.00
475.15, 150.00
475.49, 151.00
475.82, 153.00
476.16, 142.00
476.50, 150.00
476.84, 151.00
477.17, 147.00
477.51, 144.00
477.85, 147.00
478.18, 171.00
478.52, 148.00
478.86, 207.00
479.19, 160.00
479.53, 147.00
479.87, 196.00
480.20, 164.00
480.54, 158.00
480.88, 154.00
481.21, 152.00
481.55, 157.00
481.89, 158.00
482.22, 165.00
482.56, 170.00
482.90, 170.00
483.23, 169.00
483.57, 180.00
483.90, 180.00
484.24, 181.00
484.58, 191.00
484.91, 197.00
485.25, 201.00
485.58, 204.00
485.92, 211.00
486.26, 205.00
486.59, 213.00
486.93, 214.00
487.26, 215.00
487.60, 222.00
487.94, 213.00
488.27, 211.00
488.61, 202.00
488.94, 210.00
489.28, 216.00
489.61, 208.00
489.95, 202.00
490.29, 208.00
490.62, 200.00
490.96, 202.00
491.29, 199.00
491.63, 193.00
491.96, 190.00
492.30, 200.00
492.63, 191.00
492.97, 182.00
493.30, 190.00
493.64, 187.00
493.97, 185.00
494.31, 186.00
494.64, 190.00
494.98, 181.00
495.31, 182.00
495.65, 180.00
495.98, 187.00
496.32, 173.00
496.65, 208.00
496.99, 171.00
497.32, 175.00
497.66, 169.00
497.99, 168.00
498.33, 168.00
498.66, 169.00
499.00, 166.00
499.33, 155.00
499.67, 164.00
500.00, 156.00
500.34, 157.00
500.67, 161.00
501.00, 152.00
501.34, 148.00
501.67, 151.00
502.01, 148.00
502.34, 149.00
502.68, 153.00
503.01, 157.00
503.34, 152.00
503.68, 150.00
504.01, 150.00
504.35, 146.00
504.68, 149.00
505.01, 149.00
505.35, 151.00
505.68, 152.00
506.02, 150.00
506.35, 147.00
506.68, 152.00
507.02, 147.00
507.35, 150.00
507.68, 151.00
508.02, 148.00
508.35, 146.00
508.69, 149.00
509.02, 147.00
509.35, 149.00
509.69, 142.00
510.02, 152.00
510.35, 146.00
510.69, 148.00
511.02, 143.00
511.35, 145.00
511.69, 144.00
512.02, 148.00
512.35, 151.00
512.68, 148.00
513.02, 147.00
513.35, 144.00
513.68, 147.00
514.02, 147.00
514.35, 148.00
514.68, 150.00
515.01, 142.00
515.35, 153.00
515.68, 146.00
516.01, 146.00
516.35, 144.00
516.68, 145.00
517.01, 143.00
517.34, 150.00
517.68, 146.00
518.01, 156.00
518.34, 144.00
518.67, 145.00
519.01, 147.00
519.34, 149.00
519.67, 154.00
520.00, 146.00
520.33, 148.00
520.67, 143.00
521.00, 138.00
521.33, 144.00
521.66, 147.00
522.00, 145.00
522.33, 144.00
522.66, 143.00
522.99, 143.00
523.32, 150.00
523.65, 146.00
523.99, 152.00
524.32, 147.00
524.65, 144.00
524.98, 143.00
525.31, 146.00
525.65, 175.00
525.98, 149.00
526.31, 146.00
526.64, 155.00
526.97, 149.00
527.30, 148.00
527.63, 144.00
527.97, 140.00
528.30, 143.00
528.63, 155.00
528.96, 170.00
529.29, 146.00
529.62, 152.00
529.95, 146.00
530.28, 142.00
530.61, 145.00
530.95, 145.00
531.28, 149.00
531.61, 149.00
531.94, 153.00
532.27, 149.00
532.60, 148.00
532.93, 151.00
533.26, 150.00
533.59, 153.00
533.92, 148.00
534.25, 147.00
534.58, 187.00
534.91, 154.00
535.25, 150.00
535.58, 152.00
535.91, 150.00
536.24, 164.00
536.57, 166.00
536.90, 165.00
537.23, 170.00
537.56, 215.00
537.89, 181.00
538.22, 180.00
538.55, 188.00
538.88, 200.00
539.21, 319.00
539.54, 221.00
539.87, 235.00
540.20, 256.00
540.53, 287.00
540.86, 361.00
541.19, 366.00
541.52, 402.00
541.85, 414.00
542.18, 425.00
542.51, 437.00
542.84, 444.00
543.17, 435.00
543.50, 440.00
543.82, 423.00
544.15, 419.00
544.48, 403.00
544.81, 434.00
545.14, 491.00
545.47, 456.00
545.80, 433.00
546.13, 347.00
546.46, 358.00
546.79, 317.00
547.12, 271.00
547.45, 266.00
547.78, 251.00
548.10, 247.00
548.43, 242.00
548.76, 230.00
549.09, 227.00
549.42, 224.00
549.75, 219.00
550.08, 211.00
550.41, 206.00
550.74, 213.00
551.06, 203.00
551.39, 212.00
551.72, 196.00
552.05, 196.00
552.38, 187.00
552.71, 193.00
553.03, 181.00
553.36, 182.00
553.69, 175.00
554.02, 164.00
554.35, 166.00
554.68, 159.00
555.00, 165.00
555.33, 157.00
555.66, 152.00
555.99, 172.00
556.32, 152.00
556.64, 151.00
556.97, 156.00
557.30, 154.00
557.63, 147.00
557.96, 148.00
558.28, 147.00
558.61, 149.00
558.94, 151.00
559.27, 144.00
559.59, 147.00
559.92, 147.00
560.25, 149.00
560.58, 148.00
560.90, 151.00
561.23, 150.00
561.56, 148.00
561.89, 148.00
562.21, 147.00
562.54, 147.00
562.87, 147.00
563.20, 155.00
563.52, 150.00
563.85, 150.00
564.18, 163.00
564.50, 153.00
564.83, 182.00
565.16, 205.00
565.48, 151.00
565.81, 155.00
566.14, 148.00
566.47, 145.00
566.79, 148.00
567.12, 150.00
567.45, 169.00
567.77, 146.00
568.10, 150.00
568.43, 148.00
568.75, 143.00
569.08, 151.00
569.40, 182.00
569.73, 152.00
570.06, 149.00
570.38, 141.00
570.71, 145.00
571.04, 149.00
571.36, 148.00
571.69, 152.00
572.01, 145.00
572.34, 148.00
572.67, 159.00
572.99, 152.00
573.32, 167.00
573.64, 148.00
573.97, 146.00
574.30, 149.00
574.62, 146.00
574.95, 151.00
575.27, 160.00
575.60, 152.00
575.92, 165.00
576.25, 167.00
576.58, 172.00
576.90, 162.00
577.23, 198.00
577.55, 169.00
577.88, 163.00
578.20, 175.00
578.53, 172.00
578.85, 192.00
579.18, 186.00
579.50, 183.00
579.83, 183.00
580.15, 180.00
580.48, 182.00
580.80, 186.00
581.13, 185.00
581.45, 180.00
581.78, 184.00
582.10, 191.00
582.43, 199.00
582.75, 202.00
583.08, 199.00
583.40, 196.00
583.73, 261.00
584.05, 203.00
584.38, 190.00
584.70, 235.00
585.03, 195.00
585.35, 186.00
585.67, 202.00
586.00, 200.00
586.32, 216.00
586.65, 223.00
586.97, 216.00
587.30, 213.00
587.62, 203.00
587.94, 212.00
588.27, 186.00
588.59, 184.00
588.92, 184.00
589.24, 184.00
589.56, 177.00
589.89, 184.00
590.21, 174.00
590.54, 176.00
590.86, 172.00
591.18, 180.00
591.51, 178.00
591.83, 195.00
592.15, 192.00
592.48, 187.00
592.80, 192.00
593.13, 182.00
593.45, 179.00
593.77, 174.00
594.10, 171.00
594.42, 173.00
594.74, 161.00
595.07, 163.00
595.39, 160.00
595.71, 163.00
596.03, 158.00
596.36, 159.00
596.68, 156.00
597.00, 164.00
597.33, 162.00
597.65, 162.00
597.97, 168.00
598.30, 169.00
598.62, 176.00
598.94, 169.00
599.26, 174.00
599.59, 171.00
599.91, 171.00
600.23, 168.00
600.55, 165.00
600.88, 160.00
601.20, 163.00
601.52, 159.00
601.84, 144.00
602.17, 154.00
602.49, 150.00
602.81, 156.00
603.13, 149.00
603.45, 156.00
603.78, 154.00
604.10, 154.00
604.42, 156.00
604.74, 152.00
605.07, 157.00
605.39, 156.00
605.71, 155.00
606.03, 160.00
606.35, 162.00
606.67, 170.00
607.00, 169.00
607.32, 172.00
607.64, 174.00
607.96, 169.00
608.28, 182.00
608.60, 188.00
608.93, 210.00
609.25, 239.00
609.57, 298.00
609.89, 380.00
610.21, 456.00
610.53, 498.00
610.85, 493.00
611.17, 457.00
611.50, 424.00
611.82, 385.00
612.14, 361.00
612.46, 334.00
612.78, 313.00
613.10, 285.00
613.42, 277.00
613.74, 273.00
614.06, 286.00
614.38, 254.00
614.70, 226.00
615.03, 214.00
615.35, 215.00
615.67, 299.00
615.99, 190.00
616.31, 185.00
616.63, 188.00
616.95, 186.00
617.27, 175.00
617.59, 178.00
617.91, 176.00
618.23, 187.00
618.55, 172.00
618.87, 175.00
619.19, 175.00
619.51, 177.00
619.83, 177.00
620.15, 184.00
620.47, 178.00
620.79, 180.00
621.11, 181.00
621.43, 177.00
621.75, 187.00
622.07, 176.00
622.39, 180.00
622.71, 175.00
623.03, 172.00
623.35, 221.00
623.67, 173.00
623.99, 178.00
624.31, 171.00
624.63, 176.00
624.95, 167.00
625.26, 174.00
625.58, 171.00
625.90, 196.00
626.22, 168.00
626.54, 170.00
626.86, 176.00
627.18, 166.00
627.50, 174.00
627.82, 166.00
628.14, 170.00
628.46, 174.00
628.77, 170.00
629.09, 179.00
629.41, 184.00
629.73, 190.00
630.05, 201.00
630.37, 200.00
630.69, 198.00
631.00, 193.00
631.32, 185.00
631.64, 175.00
631.96, 172.00
632.28, 165.00
632.60, 166.00
632.92, 158.00
633.23, 151.00
633.55, 152.00
633.87, 147.00
634.19, 148.00
634.51, 147.00
634.82, 150.00
635.14, 153.00
635.46, 147.00
635.78, 151.00
636.10, 147.00
636.41, 142.00
636.73, 147.00
637.05, 150.00
637.37, 146.00
637.68, 144.00
638.00, 144.00
638.32, 149.00
638.64, 142.00
638.95, 156.00
639.27, 144.00
639.59, 154.00
639.91, 148.00
640.22, 149.00
640.54, 151.00
640.86, 145.00
641.18, 156.00
641.49, 169.00
641.81, 156.00
642.13, 160.00
642.44, 151.00
642.76, 151.00
643.08, 151.00
643.40, 145.00
643.71, 157.00
644.03, 148.00
644.35, 147.00
644.66, 149.00
644.98, 149.00
645.30, 143.00
645.61, 163.00
645.93, 151.00
646.25, 150.00
646.56, 153.00
646.88, 177.00
647.19, 150.00
647.51, 157.00
647.83, 149.00
648.14, 145.00
648.46, 145.00
648.78, 154.00
649.09, 153.00
649.41, 189.00
649.72, 155.00
650.04, 159.00
650.36, 153.00
650.67, 155.00
650.99, 154.00
651.30, 152.00
651.62, 155.00
651.93, 154.00
652.25, 160.00
652.57, 189.00
652.88, 149.00
653.20, 157.00
653.51, 152.00
653.83, 151.00
654.14, 145.00
654.46, 146.00
654.77, 143.00
655.09, 150.00
655.40, 155.00
655.72, 151.00
656.04, 143.00
656.35, 147.00
656.67, 146.00
656.98, 143.00
657.30, 149.00
657.61, 146.00
657.93, 147.00
658.24, 143.00
658.55, 185.00
658.87, 145.00
659.18, 143.00
659.50, 143.00
659.81, 144.00
660.13, 142.00
660.44, 143.00
660.76, 147.00
661.07, 167.00
661.39, 152.00
661.70, 150.00
662.01, 154.00
662.33, 149.00
662.64, 154.00
662.96, 151.00
663.27, 150.00
663.59, 149.00
663.90, 146.00
664.21, 145.00
664.53, 166.00
664.84, 150.00
665.16, 170.00
665.47, 148.00
665.78, 146.00
666.10, 153.00
666.41, 143.00
666.72, 143.00
667.04, 145.00
667.35, 148.00
667.67, 151.00
667.98, 145.00
668.29, 143.00
668.61, 145.00
668.92, 140.00
669.23, 143.00
669.55, 148.00
669.86, 174.00
670.17, 152.00
670.48, 151.00
670.80, 146.00
671.11, 145.00
671.42, 145.00
671.74, 145.00
672.05, 141.00
672.36, 147.00
672.68, 144.00
672.99, 143.00
673.30, 139.00
673.61, 147.00
673.93, 145.00
674.24, 146.00
674.55, 147.00
674.86, 145.00
675.18, 146.00
675.49, 149.00
675.80, 149.00
676.11, 146.00
676.43, 146.00
676.74, 143.00
677.05, 141.00
677.36, 152.00
677.67, 146.00
677.99, 148.00
678.30, 142.00
678.61, 145.00
678.92, 142.00
679.23, 144.00
679.55, 148.00
679.86, 153.00
680.17, 148.00
680.48, 148.00
680.79, 155.00
681.10, 145.00
681.42, 149.00
681.73, 144.00
682.04, 144.00
682.35, 148.00
682.66, 149.00
682.97, 145.00
683.28, 150.00
683.60, 146.00
683.91, 148.00
684.22, 165.00
684.53, 148.00
684.84, 146.00
685.15, 152.00
685.46, 171.00
685.77, 148.00
686.08, 154.00
686.40, 185.00
686.71, 156.00
687.02, 152.00
687.33, 155.00
687.64, 147.00
687.95, 147.00
688.26, 149.00
688.57, 150.00
688.88, 145.00
689.19, 143.00
689.50, 144.00
689.81, 148.00
690.12, 142.00
690.43, 155.00
690.74, 149.00
691.05, 146.00
691.36, 160.00
691.67, 145.00
691.98, 141.00
692.29, 145.00
692.60, 151.00
692.91, 145.00
693.22, 144.00
693.53, 144.00
693.84, 145.00
694.15, 147.00
694.46, 144.00
694.77, 139.00
695.08, 145.00
695.39, 151.00
695.70, 146.00
696.01, 147.00
696.32, 146.00
696.63, 149.00
696.94, 143.00
697.25, 141.00
697.56, 151.00
697.87, 152.00
698.17, 189.00
698.48, 148.00
698.79, 140.00
699.10, 141.00
699.41, 148.00
699.72, 151.00
700.03, 141.00
700.34, 145.00
700.65, 145.00
700.95, 146.00
701.26, 144.00
701.57, 142.00
701.88, 141.00
702.19, 152.00
702.50, 151.00
702.81, 147.00
703.11, 168.00
703.42, 149.00
703.73, 148.00
704.04, 154.00
704.35, 146.00
704.66, 151.00
704.96, 147.00
705.27, 155.00
705.58, 154.00
705.89, 157.00
706.20, 158.00
706.50, 156.00
706.81, 161.00
707.12, 154.00
707.43, 158.00
707.73, 163.00
708.04, 159.00
708.35, 164.00
708.66, 155.00
708.97, 153.00
709.27, 157.00
709.58, 153.00
709.89, 146.00
710.19, 149.00
710.50, 152.00
710.81, 152.00
711.12, 153.00
711.42, 148.00
711.73, 154.00
712.04, 149.00
712.35, 151.00
712.65, 148.00
712.96, 152.00
713.27, 153.00
713.57, 171.00
713.88, 164.00
714.19, 145.00
714.49, 144.00
714.80, 152.00
715.11, 149.00
715.41, 142.00
715.72, 145.00
716.03, 145.00
716.33, 154.00
716.64, 148.00
716.94, 148.00
717.25, 143.00
717.56, 151.00
717.86, 147.00
718.17, 145.00
718.48, 148.00
718.78, 141.00
719.09, 144.00
719.39, 144.00
719.70, 141.00
720.01, 144.00
720.31, 141.00
720.62, 144.00
720.92, 144.00
721.23, 145.00
721.53, 149.00
721.84, 139.00
722.15, 146.00
722.45, 140.00
722.76, 144.00
723.06, 142.00
723.37, 141.00
723.67, 139.00
723.98, 142.00
724.28, 143.00
724.59, 148.00
724.89, 144.00
725.20, 146.00
725.50, 153.00
725.81, 145.00
726.11, 148.00
726.42, 140.00
726.72, 141.00
727.03, 179.00
727.33, 145.00
727.64, 150.00
727.94, 144.00
728.25, 148.00
728.55, 146.00
728.86, 162.00
729.16, 142.00
729.46, 144.00
729.77, 149.00
730.07, 146.00
730.38, 141.00
730.68, 143.00
730.99, 152.00
731.29, 147.00
731.59, 146.00
731.90, 139.00
732.20, 141.00
732.51, 143.00
732.81, 142.00
733.11, 148.00
733.42, 142.00
733.72, 147.00
734.02, 144.00
734.33, 143.00
734.63, 140.00
734.94, 143.00
735.24, 142.00
735.54, 143.00
735.85, 146.00
736.15, 142.00
736.45, 141.00
736.76, 144.00
737.06, 145.00
737.36, 139.00
737.67, 145.00
737.97, 142.00
738.27, 145.00
738.57, 144.00
738.88, 143.00
739.18, 190.00
739.48, 153.00
739.79, 139.00
740.09, 146.00
740.39, 144.00
740.69, 152.00
741.00, 142.00
741.30, 144.00
741.60, 144.00
741.90, 143.00
742.21, 144.00
742.51, 190.00
742.81, 146.00
743.11, 142.00
743.42, 164.00
743.72, 143.00
744.02, 146.00
744.32, 141.00
744.63, 143.00
744.93, 145.00
745.23, 150.00
745.53, 147.00
745.83, 142.00
746.13, 143.00
746.44, 143.00
746.74, 145.00
747.04, 142.00
747.34, 146.00
747.64, 144.00
747.94, 145.00
748.25, 147.00
748.55, 146.00
748.85, 142.00
749.15, 143.00
749.45, 175.00
749.75, 154.00
750.05, 149.00
750.35, 143.00
750.66, 155.00
750.96, 145.00
751.26, 143.00
751.56, 141.00
751.86, 149.00
752.16, 141.00
752.46, 146.00
752.76, 143.00
753.06, 146.00
753.36, 185.00
753.66, 139.00
753.96, 149.00
754.27, 139.00
754.57, 139.00
754.87, 137.00
755.17, 138.00
755.47, 143.00
755.77, 143.00
756.07, 138.00
756.37, 148.00
756.67, 150.00
756.97, 144.00
757.27, 149.00
757.57, 143.00
757.87, 147.00
758.17, 147.00
758.47, 145.00
758.77, 152.00
759.07, 150.00
759.37, 149.00
759.67, 143.00
759.97, 147.00
760.27, 141.00
760.57, 143.00
760.86, 142.00
761.16, 145.00
761.46, 146.00
761.76, 173.00
762.06, 141.00
762.36, 148.00
762.66, 143.00
762.96, 143.00
763.26, 148.00
763.56, 170.00
763.86, 151.00
764.16, 142.00
764.45, 154.00
764.75, 154.00
765.05, 152.00
765.35, 144.00
765.65, 147.00
765.95, 149.00
766.25, 148.00
766.55, 155.00
766.84, 151.00
767.14, 146.00
767.44, 144.00
767.74, 149.00
768.04, 152.00
768.34, 143.00
768.63, 144.00
768.93, 141.00
769.23, 143.00
769.53, 139.00
769.83, 143.00
770.12, 138.00
770.42, 144.00
770.72, 148.00
771.02, 142.00
771.32, 141.00
771.61, 135.00
771.91, 143.00
772.21, 142.00
772.51, 142.00
772.80, 137.00
773.10, 143.00
773.40, 144.00
773.70, 144.00
773.99, 144.00
774.29, 148.00
774.59, 149.00
774.88, 141.00
775.18, 136.00
775.48, 144.00
775.78, 143.00
776.07, 143.00
776.37, 141.00
776.67, 148.00
776.96, 141.00
777.26, 194.00
777.56, 148.00
777.85, 140.00
778.15, 140.00
778.45, 144.00
778.74, 144.00
779.04, 144.00
779.34, 142.00
779.63, 145.00
779.93, 142.00
780.22, 148.00
780.52, 144.00
780.82, 138.00
781.11, 138.00
781.41, 145.00
781.71, 142.00
782.00, 145.00
782.30, 144.00
782.59, 147.00
782.89, 148.00
783.19, 141.00
783.48, 143.00
783.78, 144.00
784.07, 151.00
784.37, 149.00
784.66, 138.00
784.96, 143.00
785.25, 138.00
785.55, 138.00
785.84, 143.00
786.14, 142.00
786.44, 140.00
786.73, 141.00
787.03, 143.00
787.32, 139.00
787.62, 140.00
787.91, 143.00
788.21, 148.00
788.50, 142.00
788.80, 146.00
789.09, 152.00
789.39, 148.00
789.68, 143.00
789.97, 149.00
790.27, 149.00
790.56, 146.00
790.86, 149.00
791.15, 145.00
791.45, 148.00
791.74, 163.00
792.04, 142.00
792.33, 145.00
792.62, 166.00
792.92, 143.00
793.21, 145.00
793.51, 152.00
793.80, 135.00
794.09, 143.00
794.39, 140.00
794.68, 141.00
794.98, 134.00
795.27, 139.00
795.56, 142.00
795.86, 145.00
796.15, 138.00
796.44, 152.00
796.74, 143.00
797.03, 138.00
797.32, 140.00
797.62, 143.00
797.91, 151.00
798.20, 146.00
798.50, 149.00
798.79, 153.00
799.08, 146.00
799.38, 146.00
799.67, 144.00
799.96, 148.00
800.26, 170.00
800.55, 143.00
800.84, 146.00
801.13, 142.00
801.43, 141.00
801.72, 181.00
802.01, 142.00
802.30, 143.00
802.60, 142.00
802.89, 147.00
803.18, 146.00
803.47, 139.00
803.77, 155.00
804.06, 150.00
804.35, 140.00
804.64, 160.00
804.94, 141.00
805.23, 147.00
805.52, 142.00
805.81, 143.00
806.10, 143.00
806.39, 145.00
806.69, 143.00
806.98, 143.00
807.27, 144.00
807.56, 148.00
807.85, 147.00
808.14, 142.00
808.44, 155.00
808.73, 147.00
809.02, 164.00
809.31, 151.00
809.60, 149.00
809.89, 152.00
810.18, 143.00
810.48, 151.00
810.77, 147.00
811.06, 144.00
811.35, 142.00
811.64, 150.00
811.93, 162.00
812.22, 142.00
812.51, 144.00
812.80, 141.00
813.09, 141.00
813.38, 142.00
813.67, 165.00
813.96, 142.00
814.26, 147.00
814.55, 146.00
814.84, 140.00
815.13, 143.00
815.42, 148.00
815.71, 148.00
816.00, 143.00
816.29, 152.00
816.58, 146.00
816.87, 144.00
817.16, 140.00
817.45, 145.00
817.74, 151.00
818.03, 144.00
818.32, 143.00
818.61, 149.00
818.90, 147.00
819.19, 145.00
819.48, 145.00
819.76, 142.00
820.05, 143.00
820.34, 148.00
820.63, 142.00
820.92, 141.00
821.21, 145.00
821.50, 143.00
821.79, 147.00
822.08, 146.00
822.37, 151.00
822.66, 144.00
822.95, 146.00
823.23, 147.00
823.52, 166.00
823.81, 143.00
824.10, 138.00
824.39, 151.00
824.68, 138.00
824.97, 156.00
825.26, 146.00
825.54, 192.00
825.83, 144.00
826.12, 144.00
826.41, 139.00
826.70, 141.00
826.99, 146.00
827.27, 146.00
827.56, 163.00
827.85, 141.00
828.14, 145.00
828.43, 150.00
828.71, 151.00
829.00, 145.00
829.29, 147.00
829.58, 145.00
829.86, 146.00
830.15, 147.00
830.44, 147.00
830.73, 151.00
831.01, 141.00
831.30, 145.00
831.59, 145.00
831.88, 144.00
832.16, 143.00
832.45, 150.00
832.74, 143.00
833.03, 148.00
833.31, 144.00
833.60, 144.00
833.89, 141.00
834.17, 148.00
834.46, 144.00
834.75, 145.00
835.03, 145.00
835.32, 142.00
835.61, 141.00
835.89, 159.00
836.18, 145.00
836.47, 142.00
836.75, 143.00
837.04, 147.00
837.33, 149.00
837.61, 150.00
837.90, 147.00
838.19, 148.00
838.47, 144.00
838.76, 143.00
839.04, 144.00
839.33, 145.00
839.62, 150.00
839.90, 148.00
840.19, 148.00
840.47, 142.00
840.76, 170.00
841.04, 139.00
841.33, 145.00
841.62, 140.00
841.90, 147.00
842.19, 144.00
842.47, 305.00
842.76, 140.00
843.04, 144.00
843.33, 165.00
843.61, 148.00
843.90, 141.00
844.18, 149.00
844.47, 142.00
844.75, 147.00
845.04, 146.00
845.32, 145.00
845.61, 142.00
845.89, 139.00
846.18, 145.00
846.46, 145.00
846.75, 142.00
847.03, 155.00
847.32, 147.00
847.60, 144.00
847.88, 146.00
848.17, 150.00
848.45, 165.00
848.74, 144.00
849.02, 143.00
849.31, 144.00
849.59, 149.00
849.87, 144.00
850.16, 142.00
850.44, 150.00
850.73, 175.00
851.01, 148.00
851.29, 143.00
851.58, 148.00
851.86, 142.00
852.14, 141.00
852.43, 143.00
852.71, 145.00
853.00, 142.00
853.28, 149.00
853.56, 145.00
853.85, 141.00
854.13, 141.00
854.41, 152.00
854.69, 141.00
854.98, 143.00
855.26, 197.00
855.54, 148.00
855.83, 144.00
856.11, 146.00
856.39, 142.00
856.68, 144.00
856.96, 147.00
857.24, 143.00
857.52, 153.00
857.81, 141.00
858.09, 141.00
858.37, 142.00
858.65, 141.00
858.94, 142.00
859.22, 142.00
