190.05, 0.00
190.41, 135.00
190.77, 137.00
191.14, 142.00
191.50, 137.00
191.86, 169.00
192.22, 150.00
192.58, 150.00
192.94, 147.00
193.31, 147.00
193.67, 146.00
194.03, 156.00
194.39, 150.00
194.75, 150.00
195.11, 155.00
195.47, 160.00
195.84, 150.00
196.20, 145.00
196.56, 162.00
196.92, 152.00
197.28, 149.00
197.64, 146.00
198.00, 147.00
198.37, 154.00
198.73, 149.00
199.09, 147.00
199.45, 150.00
199.81, 147.00
200.17, 155.00
200.53, 146.00
200.89, 157.00
201.25, 184.00
201.62, 152.00
201.98, 155.00
202.34, 149.00
202.70, 151.00
203.06, 150.00
203.42, 149.00
203.78, 147.00
204.14, 157.00
204.50, 170.00
204.86, 158.00
205.22, 160.00
205.58, 148.00
205.95, 155.00
206.31, 150.00
206.67, 153.00
207.03, 153.00
207.39, 159.00
207.75, 149.00
208.11, 151.00
208.47, 153.00
208.83, 148.00
209.19, 153.00
209.55, 151.00
209.91, 153.00
210.27, 154.00
210.63, 148.00
210.99, 158.00
211.35, 151.00
211.71, 152.00
212.07, 154.00
212.43, 153.00
212.79, 152.00
213.15, 150.00
213.51, 147.00
213.87, 151.00
214.23, 152.00
214.59, 150.00
214.95, 149.00
215.31, 153.00
215.67, 148.00
216.03, 173.00
216.39, 148.00
216.75, 159.00
217.11, 155.00
217.47, 150.00
217.83, 150.00
218.19, 155.00
218.55, 153.00
218.91, 153.00
219.27, 147.00
219.63, 151.00
219.99, 148.00
220.35, 150.00
220.71, 158.00
221.07, 149.00
221.43, 150.00
221.79, 155.00
222.15, 149.00
222.51, 145.00
222.87, 152.00
223.23, 152.00
223.59, 151.00
223.95, 153.00
224.31, 147.00
224.67, 147.00
225.03, 156.00
225.39, 157.00
225.74, 156.00
226.10, 151.00
226.46, 148.00
226.82, 153.00
227.18, 152.00
227.54, 150.00
227.90, 151.00
228.26, 151.00
228.62, 157.00
228.98, 145.00
229.34, 144.00
229.69, 149.00
230.05, 149.00
230.41, 151.00
230.77, 158.00
231.13, 156.00
231.49, 155.00
231.85, 147.00
232.21, 155.00
232.57, 152.00
232.92, 149.00
233.28, 149.00
233.64, 152.00
234.00, 149.00
234.36, 150.00
234.72, 153.00
235.08, 155.00
235.44, 151.00
235.79, 150.00
236.15, 153.00
236.51, 144.00
236.87, 148.00
237.23, 152.00
237.59, 147.00
237.94, 152.00
238.30, 150.00
238.66, 153.00
239.02, 147.00
239.38, 146.00
239.74, 146.00
240.09, 160.00
240.45, 151.00
240.81, 146.00
241.17, 159.00
241.53, 146.00
241.89, 145.00
242.24, 151.00
242.60, 147.00
242.96, 152.00
243.32, 152.00
243.68, 147.00
244.03, 153.00
244.39, 151.00
244.75, 167.00
245.11, 152.00
245.46, 151.00
245.82, 179.00
246.18, 151.00
246.54, 151.00
246.90, 149.00
247.25, 151.00
247.61, 147.00
247.97, 185.00
248.33, 150.00
248.68, 150.00
249.04, 152.00
249.40, 147.00
249.76, 152.00
250.11, 145.00
250.47, 152.00
250.83, 151.00
251.19, 153.00
251.54, 157.00
251.90, 151.00
252.26, 145.00
252.62, 146.00
252.97, 149.00
253.33, 148.00
253.69, 145.00
254.05, 155.00
254.40, 151.00
254.76, 143.00
255.12, 176.00
255.47, 149.00
255.83, 157.00
256.19, 152.00
256.54, 143.00
256.90, 144.00
257.26, 149.00
257.62, 153.00
257.97, 147.00
258.33, 152.00
258.69, 148.00
259.04, 147.00
259.40, 151.00
259.76, 159.00
260.11, 146.00
260.47, 150.00
260.83, 154.00
261.18, 146.00
261.54, 154.00
261.90, 153.00
262.25, 143.00
262.61, 148.00
262.97, 148.00
263.32, 146.00
263.68, 152.00
264.04, 152.00
264.39, 144.00
264.75, 141.00
265.10, 148.00
265.46, 193.00
265.82, 164.00
266.17, 148.00
266.53, 148.00
266.89, 149.00
267.24, 156.00
267.60, 151.00
267.95, 152.00
268.31, 147.00
268.67, 153.00
269.02, 149.00
269.38, 151.00
269.74, 160.00
270.09, 153.00
270.45, 150.00
270.80, 164.00
271.16, 151.00
271.51, 152.00
271.87, 151.00
272.23, 153.00
272.58, 154.00
272.94, 147.00
273.29, 144.00
273.65, 196.00
274.00, 152.00
274.36, 152.00
274.72, 144.00
275.07, 148.00
275.43, 147.00
275.78, 154.00
276.14, 149.00
276.49, 150.00
276.85, 156.00
277.20, 169.00
277.56, 140.00
277.92, 148.00
278.27, 154.00
278.63, 153.00
278.98, 151.00
279.34, 149.00
279.69, 149.00
280.05, 170.00
280.40, 149.00
280.76, 161.00
281.11, 148.00
281.47, 150.00
281.82, 146.00
282.18, 148.00
282.53, 151.00
282.89, 157.00
283.24, 152.00
283.60, 149.00
283.95, 149.00
284.31, 152.00
284.66, 150.00
285.02, 148.00
285.37, 150.00
285.73, 151.00
286.08, 158.00
286.44, 145.00
286.79, 151.00
287.14, 157.00
287.50, 157.00
287.85, 148.00
288.21, 152.00
288.56, 145.00
288.92, 149.00
289.27, 153.00
289.63, 149.00
289.98, 152.00
290.34, 147.00
290.69, 158.00
291.04, 149.00
291.40, 147.00
291.75, 149.00
292.11, 154.00
292.46, 146.00
292.81, 158.00
293.17, 152.00
293.52, 147.00
293.88, 147.00
294.23, 146.00
294.59, 153.00
294.94, 152.00
295.29, 149.00
295.65, 154.00
296.00, 165.00
296.36, 151.00
296.71, 151.00
297.06, 150.00
297.42, 149.00
297.77, 151.00
298.12, 150.00
298.48, 153.00
298.83, 152.00
299.19, 153.00
299.54, 145.00
299.89, 143.00
300.25, 149.00
300.60, 148.00
300.95, 158.00
301.31, 147.00
301.66, 149.00
302.01, 148.00
302.37, 149.00
302.72, 150.00
303.07, 148.00
303.43, 151.00
303.78, 144.00
304.13, 155.00
304.49, 155.00
304.84, 154.00
305.19, 188.00
305.55, 150.00
305.90, 153.00
306.25, 156.00
306.61, 150.00
306.96, 149.00
307.31, 156.00
307.66, 151.00
308.02, 152.00
308.37, 158.00
308.72, 154.00
309.08, 146.00
309.43, 148.00
309.78, 149.00
310.13, 147.00
310.49, 166.00
310.84, 150.00
311.19, 150.00
311.54, 156.00
311.90, 151.00
312.25, 156.00
312.60, 146.00
312.95, 153.00
313.31, 150.00
313.66, 149.00
314.01, 167.00
314.36, 166.00
314.72, 152.00
315.07, 151.00
315.42, 147.00
315.77, 183.00
316.13, 148.00
316.48, 152.00
316.83, 146.00
317.18, 149.00
317.54, 145.00
317.89, 154.00
318.24, 151.00
318.59, 147.00
318.94, 145.00
319.30, 154.00
319.65, 155.00
320.00, 151.00
320.35, 150.00
320.70, 150.00
321.05, 148.00
321.41, 149.00
321.76, 149.00
322.11, 150.00
322.46, 153.00
322.81, 186.00
323.17, 161.00
323.52, 149.00
323.87, 148.00
324.22, 144.00
324.57, 146.00
324.92, 153.00
325.27, 145.00
325.63, 153.00
325.98, 146.00
326.33, 165.00
326.68, 146.00
327.03, 148.00
327.38, 145.00
327.73, 149.00
328.09, 150.00
328.44, 174.00
328.79, 146.00
329.14, 177.00
329.49, 154.00
329.84, 150.00
330.19, 155.00
330.54, 150.00
330.89, 152.00
331.25, 150.00
331.60, 154.00
331.95, 154.00
332.30, 150.00
332.65, 150.00
333.00, 148.00
333.35, 186.00
333.70, 195.00
334.05, 152.00
334.40, 156.00
334.75, 146.00
335.10, 155.00
335.45, 147.00
335.81, 148.00
336.16, 150.00
336.51, 150.00
336.86, 149.00
337.21, 142.00
337.56, 154.00
337.91, 148.00
338.26, 146.00
338.61, 152.00
338.96, 150.00
339.31, 151.00
339.66, 149.00
340.01, 152.00
340.36, 146.00
340.71, 153.00
341.06, 147.00
341.41, 147.00
341.76, 154.00
342.11, 152.00
342.46, 151.00
342.81, 152.00
343.16, 150.00
343.51, 147.00
343.86, 152.00
344.21, 150.00
344.56, 147.00
344.91, 149.00
345.26, 155.00
345.61, 150.00
345.96, 151.00
346.31, 149.00
346.66, 170.00
347.01, 145.00
347.36, 172.00
347.71, 148.00
348.06, 148.00
348.41, 157.00
348.76, 158.00
349.10, 145.00
349.45, 150.00
349.80, 142.00
350.15, 156.00
350.50, 151.00
350.85, 159.00
351.20, 150.00
351.55, 159.00
351.90, 149.00
352.25, 149.00
352.60, 152.00
352.95, 152.00
353.30, 168.00
353.64, 151.00
353.99, 145.00
354.34, 150.00
354.69, 152.00
355.04, 144.00
355.39, 142.00
355.74, 152.00
356.09, 152.00
356.44, 148.00
356.78, 151.00
357.13, 151.00
357.48, 150.00
357.83, 148.00
358.18, 146.00
358.53, 157.00
358.88, 157.00
359.22, 168.00
359.57, 147.00
359.92, 144.00
360.27, 144.00
360.62, 148.00
360.97, 140.00
361.32, 145.00
361.66, 150.00
362.01, 150.00
362.36, 146.00
362.71, 148.00
363.06, 146.00
363.40, 146.00
363.75, 146.00
364.10, 154.00
364.45, 156.00
364.80, 163.00
365.14, 158.00
365.49, 159.00
365.84, 155.00
366.19, 156.00
366.54, 152.00
366.88, 167.00
367.23, 150.00
367.58, 191.00
367.93, 149.00
368.28, 148.00
368.62, 148.00
368.97, 157.00
369.32, 156.00
369.67, 148.00
370.01, 156.00
370.36, 155.00
370.71, 163.00
371.06, 150.00
371.40, 155.00
371.75, 147.00
372.10, 147.00
372.45, 150.00
372.79, 147.00
373.14, 146.00
373.49, 147.00
373.83, 148.00
374.18, 150.00
374.53, 146.00
374.88, 150.00
375.22, 148.00
375.57, 152.00
375.92, 155.00
376.26, 150.00
376.61, 149.00
376.96, 149.00
377.30, 154.00
377.65, 154.00
378.00, 148.00
378.35, 155.00
378.69, 152.00
379.04, 149.00
379.39, 154.00
379.73, 150.00
380.08, 154.00
380.43, 148.00
380.77, 147.00
381.12, 152.00
381.47, 153.00
381.81, 146.00
382.16, 145.00
382.50, 153.00
382.85, 217.00
383.20, 149.00
383.54, 148.00
383.89, 151.00
384.24, 150.00
384.58, 145.00
384.93, 165.00
385.27, 155.00
385.62, 154.00
385.97, 148.00
386.31, 149.00
386.66, 183.00
387.00, 153.00
387.35, 151.00
387.70, 153.00
388.04, 210.00
388.39, 156.00
388.73, 151.00
389.08, 148.00
389.43, 144.00
389.77, 151.00
390.12, 146.00
390.46, 148.00
390.81, 150.00
391.15, 149.00
391.50, 146.00
391.85, 146.00
392.19, 149.00
392.54, 143.00
392.88, 145.00
393.23, 144.00
393.57, 154.00
393.92, 151.00
394.26, 145.00
394.61, 150.00
394.95, 148.00
395.30, 148.00
395.64, 147.00
395.99, 185.00
396.33, 147.00
396.68, 146.00
397.02, 150.00
397.37, 151.00
397.71, 151.00
398.06, 145.00
398.40, 143.00
398.75, 150.00
399.09, 152.00
399.44, 147.00
399.78, 149.00
400.13, 153.00
400.47, 146.00
400.82, 146.00
401.16, 151.00
401.51, 157.00
401.85, 151.00
402.20, 158.00
402.54, 150.00
402.88, 154.00
403.23, 150.00
403.57, 184.00
403.92, 224.00
404.26, 299.00
404.61, 231.00
404.95, 239.00
405.30, 183.00
405.64, 170.00
405.98, 191.00
406.33, 165.00
406.67, 149.00
407.02, 150.00
407.36, 163.00
407.70, 162.00
408.05, 150.00
408.39, 153.00
408.74, 148.00
409.08, 159.00
409.42, 152.00
409.77, 146.00
410.11, 154.00
410.46, 147.00
410.80, 150.00
411.14, 150.00
411.49, 151.00
411.83, 152.00
412.17, 147.00
412.52, 152.00
412.86, 152.00
413.20, 154.00
413.55, 148.00
413.89, 153.00
414.23, 155.00
414.58, 195.00
414.92, 154.00
415.26, 153.00
415.61, 152.00
415.95, 154.00
416.29, 156.00
416.64, 153.00
416.98, 154.00
417.32, 155.00
417.67, 166.00
418.01, 164.00
418.35, 152.00
418.70, 152.00
419.04, 162.00
419.38, 154.00
419.72, 150.00
420.07, 156.00
420.41, 152.00
420.75, 158.00
421.10, 153.00
421.44, 156.00
421.78, 155.00
422.12, 153.00
422.47, 149.00
422.81, 151.00
423.15, 161.00
423.49, 157.00
423.84, 156.00
424.18, 154.00
424.52, 153.00
424.86, 152.00
425.21, 163.00
425.55, 156.00
425.89, 154.00
426.23, 165.00
426.57, 159.00
426.92, 167.00
427.26, 164.00
427.60, 159.00
427.94, 163.00
428.28, 160.00
428.63, 153.00
428.97, 161.00
429.31, 168.00
429.65, 163.00
429.99, 168.00
430.34, 163.00
430.68, 161.00
431.02, 170.00
431.36, 164.00
431.70, 160.00
432.04, 172.00
432.39, 163.00
432.73, 173.00
433.07, 163.00
433.41, 165.00
433.75, 178.00
434.09, 174.00
434.43, 222.00
434.78, 460.00
435.12, 655.00
435.46, 763.00
435.80, 648.00
436.14, 479.00
436.48, 360.00
436.82, 294.00
437.16, 231.00
437.51, 190.00
437.85, 174.00
438.19, 206.00
438.53, 173.00
438.87, 189.00
439.21, 176.00
439.55, 182.00
439.89, 174.00
440.23, 171.00
440.57, 166.00
440.91, 165.00
441.26, 170.00
441.60, 167.00
441.94, 171.00
442.28, 180.00
442.62, 175.00
442.96, 177.00
443.30, 182.00
443.64, 173.00
443.98, 180.00
444.32, 180.00
444.66, 172.00
445.00, 177.00
445.34, 183.00
445.68, 175.00
446.02, 178.00
446.36, 169.00
446.70, 171.00
447.04, 177.00
447.38, 197.00
447.72, 171.00
448.06, 174.00
448.40, 177.00
448.74, 177.00
449.08, 180.00
449.42, 176.00
449.76, 178.00
450.10, 173.00
450.44, 168.00
450.78, 176.00
451.12, 178.00
451.46, 174.00
451.80, 181.00
452.14, 176.00
452.48, 172.00
452.82, 171.00
453.16, 179.00
453.50, 176.00
453.84, 172.00
454.18, 200.00
454.52, 170.00
454.86, 173.00
455.19, 181.00
455.53, 180.00
455.87, 170.00
456.21, 171.00
456.55, 161.00
456.89, 169.00
457.23, 172.00
457.57, 165.00
457.91, 171.00
458.25, 165.00
458.59, 170.00
458.92, 171.00
459.26, 170.00
459.60, 173.00
459.94, 171.00
460.28, 168.00
460.62, 174.00
460.96, 169.00
461.30, 170.00
461.63, 172.00
461.97, 169.00
462.31, 163.00
462.65, 168.00
462.99, 175.00
463.33, 173.00
463.67, 173.00
464.00, 169.00
464.34, 174.00
464.68, 169.00
465.02, 183.00
465.36, 173.00
465.70, 172.00
466.03, 177.00
466.37, 167.00
466.71, 172.00
467.05, 173.00
467.39, 165.00
467.72, 168.00
468.06, 167.00
468.40, 164.00
468.74, 166.00
469.08, 170.00
469.41, 170.00
469.75, 174.00
470.09, 165.00
470.43, 171.00
470.76, 171.00
471.10, 171.00
471.44, 166.00
471.78, 170.00
472.11, 170.00
472.45, 173.00
472.79, 167.00
473.13, 170.00
473.46, 174.00
473.80, 167.00
474.14, 163.00
474.48, 176.00
474.81, 169.00
475.15, 170.00
475.49, 169.00
475.82, 172.00
476.16, 173.00
476.50, 168.00
476.84, 170.00
477.17, 168.00
477.51, 162.00
477.85, 167.00
478.18, 179.00
478.52, 167.00
478.86, 214.00
479.19, 180.00
479.53, 175.00
479.87, 213.00
480.20, 171.00
480.54, 183.00
480.88, 181.00
481.21, 178.00
481.55, 191.00
481.89, 196.00
482.22, 213.00
482.56, 219.00
482.90, 225.00
483.23, 242.00
483.57, 256.00
483.90, 276.00
484.24, 285.00
484.58, 305.00
484.91, 325.00
485.25, 351.00
485.58, 360.00
485.92, 376.00
486.26, 382.00
486.59, 386.00
486.93, 381.00
487.26, 381.00
487.60, 386.00
487.94, 381.00
488.27, 379.00
488.61, 378.00
488.94, 372.00
489.28, 361.00
489.61, 355.00
489.95, 344.00
490.29, 352.00
490.62, 344.00
490.96, 339.00
491.29, 329.00
491.63, 317.00
491.96, 309.00
492.30, 309.00
492.63, 308.00
492.97, 294.00
493.30, 298.00
493.64, 285.00
493.97, 280.00
494.31, 282.00
494.64, 272.00
494.98, 271.00
495.31, 270.00
495.65, 260.00
495.98, 262.00
496.32, 259.00
496.65, 289.00
496.99, 253.00
497.32, 248.00
497.66, 234.00
497.99, 230.00
498.33, 225.00
498.66, 223.00
499.00, 219.00
499.33, 212.00
499.67, 204.00
500.00, 194.00
500.34, 193.00
500.67, 197.00
501.00, 183.00
501.34, 172.00
501.67, 178.00
502.01, 178.00
502.34, 167.00
502.68, 182.00
503.01, 186.00
503.34, 169.00
503.68, 167.00
504.01, 170.00
504.35, 166.00
504.68, 165.00
505.01, 161.00
505.35, 157.00
505.68, 158.00
506.02, 160.00
506.35, 163.00
506.68, 160.00
507.02, 156.00
507.35, 157.00
507.68, 158.00
508.02, 162.00
508.35, 162.00
508.69, 163.00
509.02, 159.00
509.35, 157.00
509.69, 163.00
510.02, 159.00
510.35, 157.00
510.69, 159.00
511.02, 158.00
511.35, 158.00
511.69, 164.00
512.02, 159.00
512.35, 162.00
512.68, 163.00
513.02, 166.00
513.35, 147.00
513.68, 151.00
514.02, 165.00
514.35, 162.00
514.68, 162.00
515.01, 161.00
515.35, 167.00
515.68, 160.00
516.01, 157.00
516.35, 155.00
516.68, 152.00
517.01, 165.00
517.34, 157.00
517.68, 156.00
518.01, 164.00
518.34, 156.00
518.67, 154.00
519.01, 160.00
519.34, 163.00
519.67, 163.00
520.00, 156.00
520.33, 159.00
520.67, 157.00
521.00, 152.00
521.33, 156.00
521.66, 160.00
522.00, 156.00
522.33, 151.00
522.66, 158.00
522.99, 154.00
523.32, 161.00
523.65, 158.00
523.99, 157.00
524.32, 157.00
524.65, 153.00
524.98, 157.00
525.31, 155.00
525.65, 187.00
525.98, 156.00
526.31, 153.00
526.64, 160.00
526.97, 158.00
527.30, 159.00
527.63, 151.00
527.97, 149.00
528.30, 155.00
528.63, 164.00
528.96, 180.00
529.29, 155.00
529.62, 164.00
529.95, 153.00
530.28, 158.00
530.61, 155.00
530.95, 155.00
531.28, 159.00
531.61, 159.00
531.94, 166.00
532.27, 178.00
532.60, 177.00
532.93, 191.00
533.26, 185.00
533.59, 175.00
533.92, 177.00
534.25, 171.00
534.58, 209.00
534.91, 187.00
535.25, 176.00
535.58, 182.00
535.91, 185.00
536.24, 198.00
536.57, 215.00
536.90, 215.00
537.23, 244.00
537.56, 285.00
537.89, 279.00
538.22, 278.00
538.55, 299.00
538.88, 328.00
539.21, 471.00
539.54, 405.00
539.87, 443.00
540.20, 540.00
540.53, 629.00
540.86, 811.00
541.19, 919.00
541.52, 1025.00
541.85, 1088.00
542.18, 1125.00
542.51, 1163.00
542.84, 1163.00
543.17, 1167.00
543.50, 1124.00
543.82, 1100.00
544.15, 1069.00
544.48, 1074.00
544.81, 1196.00
545.14, 1263.00
545.47, 1211.00
545.80, 1046.00
546.13, 852.00
546.46, 793.00
546.79, 670.00
547.12, 576.00
547.45, 534.00
547.78, 496.00
548.10, 481.00
548.43, 461.00
548.76, 453.00
549.09, 429.00
549.42, 412.00
549.75, 391.00
550.08, 375.00
550.41, 372.00
550.74, 361.00
551.06, 347.00
551.39, 350.00
551.72, 333.00
552.05, 322.00
552.38, 305.00
552.71, 293.00
553.03, 274.00
553.36, 264.00
553.69, 248.00
554.02, 226.00
554.35, 218.00
554.68, 207.00
555.00, 202.00
555.33, 191.00
555.66, 186.00
555.99, 193.00
556.32, 181.00
556.64, 175.00
556.97, 184.00
557.30, 168.00
557.63, 161.00
557.96, 167.00
558.28, 161.00
558.61, 165.00
558.94, 167.00
559.27, 170.00
559.59, 169.00
559.92, 161.00
560.25, 164.00
560.58, 160.00
560.90, 170.00
561.23, 165.00
561.56, 164.00
561.89, 164.00
562.21, 162.00
562.54, 159.00
562.87, 160.00
563.20, 167.00
563.52, 161.00
563.85, 156.00
564.18, 178.00
564.50, 165.00
564.83, 195.00
565.16, 213.00
565.48, 159.00
565.81, 164.00
566.14, 156.00
566.47, 155.00
566.79, 160.00
567.12, 165.00
567.45, 188.00
567.77, 159.00
568.10, 159.00
568.43, 157.00
568.75, 161.00
569.08, 165.00
569.40, 196.00
569.73, 160.00
570.06, 159.00
570.38, 156.00
570.71, 157.00
571.04, 161.00
571.36, 159.00
571.69, 163.00
572.01, 160.00
572.34, 159.00
572.67, 167.00
572.99, 166.00
573.32, 182.00
573.64, 162.00
573.97, 159.00
574.30, 166.00
574.62, 166.00
574.95, 167.00
575.27, 183.00
575.60, 207.00
575.92, 223.00
576.25, 228.00
576.58, 224.00
576.90, 214.00
577.23, 244.00
577.55, 221.00
577.88, 234.00
578.20, 241.00
578.53, 256.00
578.85, 264.00
579.18, 276.00
579.50, 276.00
579.83, 277.00
580.15, 274.00
580.48, 277.00
580.80, 280.00
581.13, 276.00
581.45, 285.00
581.78, 297.00
582.10, 314.00
582.43, 315.00
582.75, 333.00
583.08, 327.00
583.40, 331.00
583.73, 394.00
584.05, 316.00
584.38, 305.00
584.70, 344.00
585.03, 300.00
585.35, 295.00
585.67, 319.00
586.00, 350.00
586.32, 379.00
586.65, 401.00
586.97, 386.00
587.30, 370.00
587.62, 344.00
587.94, 342.00
588.27, 304.00
588.59, 297.00
588.92, 287.00
589.24, 271.00
589.56, 270.00
589.89, 276.00
590.21, 262.00
590.54, 251.00
590.86, 254.00
591.18, 256.00
591.51, 269.00
591.83, 299.00
592.15, 305.00
592.48, 309.00
592.80, 296.00
593.13, 278.00
593.45, 261.00
593.77, 256.00
594.10, 239.00
594.42, 229.00
594.74, 211.00
595.07, 209.00
595.39, 209.00
595.71, 208.00
596.03, 204.00
596.36, 200.00
596.68, 200.00
597.00, 199.00
597.33, 200.00
597.65, 218.00
597.97, 228.00
598.30, 226.00
598.62, 243.00
598.94, 245.00
599.26, 241.00
599.59, 237.00
599.91, 228.00
600.23, 214.00
600.55, 211.00
600.88, 197.00
601.20, 197.00
601.52, 193.00
601.84, 188.00
602.17, 181.00
602.49, 183.00
602.81, 173.00
603.13, 188.00
603.45, 189.00
603.78, 187.00
604.10, 181.00
604.42, 177.00
604.74, 183.00
605.07, 183.00
605.39, 189.00
605.71, 191.00
606.03, 195.00
606.35, 207.00
606.67, 219.00
607.00, 219.00
607.32, 229.00
607.64, 240.00
607.96, 248.00
608.28, 277.00
608.60, 301.00
608.93, 357.00
609.25, 457.00
609.57, 662.00
609.89, 987.00
610.21, 1266.00
610.53, 1405.00
610.85, 1387.00
611.17, 1236.00
611.50, 1092.00
611.82, 991.00
612.14, 883.00
612.46, 789.00
612.78, 707.00
613.10, 650.00
613.42, 601.00
613.74, 556.00
614.06, 543.00
614.38, 464.00
614.70, 430.00
615.03, 396.00
615.35, 370.00
615.67, 430.00
615.99, 315.00
616.31, 295.00
616.63, 276.00
616.95, 273.00
617.27, 264.00
617.59, 254.00
617.91, 258.00
618.23, 259.00
618.55, 257.00
618.87, 262.00
619.19, 273.00
619.51, 273.00
619.83, 271.00
620.15, 266.00
620.47, 265.00
620.79, 273.00
621.11, 281.00
621.43, 258.00
621.75, 269.00
622.07, 261.00
622.39, 254.00
622.71, 248.00
623.03, 255.00
623.35, 291.00
623.67, 256.00
623.99, 254.00
624.31, 250.00
624.63, 244.00
624.95, 235.00
625.26, 240.00
625.58, 237.00
625.90, 249.00
626.22, 233.00
626.54, 235.00
626.86, 233.00
627.18, 231.00
627.50, 230.00
627.82, 240.00
628.14, 233.00
628.46, 232.00
628.77, 238.00
629.09, 264.00
629.41, 275.00
629.73, 297.00
630.05, 333.00
630.37, 326.00
630.69, 318.00
631.00, 298.00
631.32, 273.00
631.64, 250.00
631.96, 232.00
632.28, 215.00
632.60, 202.00
632.92, 196.00
633.23, 188.00
633.55, 187.00
633.87, 172.00
634.19, 174.00
634.51, 168.00
634.82, 176.00
635.14, 170.00
635.46, 163.00
635.78, 166.00
636.10, 167.00
636.41, 163.00
636.73, 163.00
637.05, 166.00
637.37, 164.00
637.68, 163.00
638.00, 154.00
638.32, 161.00
638.64, 160.00
638.95, 170.00
639.27, 160.00
639.59, 169.00
639.91, 165.00
640.22, 165.00
640.54, 163.00
640.86, 162.00
641.18, 171.00
641.49, 181.00
641.81, 175.00
642.13, 180.00
642.44, 163.00
642.76, 163.00
643.08, 160.00
643.40, 161.00
643.71, 163.00
644.03, 167.00
644.35, 165.00
644.66, 171.00
644.98, 162.00
645.30, 164.00
645.61, 179.00
645.93, 162.00
646.25, 165.00
646.56, 168.00
646.88, 193.00
647.19, 157.00
647.51, 169.00
647.83, 168.00
648.14, 168.00
648.46, 168.00
648.78, 173.00
649.09, 187.00
649.41, 223.00
649.72, 194.00
650.04, 191.00
650.36, 182.00
650.67, 180.00
650.99, 184.00
651.30, 179.00
651.62, 178.00
651.93, 172.00
652.25, 190.00
652.57, 204.00
652.88, 172.00
653.20, 175.00
653.51, 171.00
653.83, 171.00
654.14, 164.00
654.46, 161.00
654.77, 164.00
655.09, 161.00
655.40, 175.00
655.72, 159.00
656.04, 163.00
656.35, 164.00
656.67, 160.00
656.98, 158.00
657.30, 158.00
657.61, 158.00
657.93, 156.00
658.24, 158.00
658.55, 193.00
658.87, 153.00
659.18, 156.00
659.50, 158.00
659.81, 159.00
660.13, 160.00
660.44, 156.00
660.76, 158.00
661.07, 191.00
661.39, 169.00
661.70, 171.00
662.01, 167.00
662.33, 172.00
662.64, 171.00
662.96, 172.00
663.27, 169.00
663.59, 169.00
663.90, 164.00
664.21, 161.00
664.53, 182.00
664.84, 164.00
665.16, 185.00
665.47, 162.00
665.78, 158.00
666.10, 166.00
666.41, 159.00
666.72, 160.00
667.04, 161.00
667.35, 158.00
667.67, 159.00
667.98, 152.00
668.29, 156.00
668.61, 162.00
668.92, 154.00
669.23, 156.00
669.55, 156.00
669.86, 175.00
670.17, 158.00
670.48, 158.00
670.80, 156.00
671.11, 155.00
671.42, 150.00
671.74, 156.00
672.05, 158.00
672.36, 162.00
672.68, 156.00
672.99, 155.00
673.30, 159.00
673.61, 160.00
673.93, 154.00
674.24, 153.00
674.55, 156.00
674.86, 154.00
675.18, 160.00
675.49, 163.00
675.80, 152.00
676.11, 158.00
676.43, 159.00
676.74, 152.00
677.05, 154.00
677.36, 167.00
677.67, 155.00
677.99, 159.00
678.30, 154.00
678.61, 158.00
678.92, 154.00
679.23, 158.00
679.55, 161.00
679.86, 162.00
680.17, 162.00
680.48, 163.00
680.79, 163.00
681.10, 161.00
681.42, 159.00
681.73, 158.00
682.04, 151.00
682.35, 152.00
682.66, 153.00
682.97, 150.00
683.28, 154.00
683.60, 156.00
683.91, 159.00
684.22, 166.00
684.53, 160.00
684.84, 157.00
685.15, 155.00
685.46, 183.00
685.77, 162.00
686.08, 166.00
686.40, 203.00
686.71, 170.00
687.02, 172.00
687.33, 168.00
687.64, 164.00
687.95, 162.00
688.26, 164.00
688.57, 161.00
688.88, 160.00
689.19, 155.00
689.50, 155.00
689.81, 155.00
690.12, 155.00
690.43, 170.00
690.74, 152.00
691.05, 152.00
691.36, 166.00
691.67, 154.00
691.98, 150.00
692.29, 157.00
692.60, 162.00
692.91, 163.00
693.22, 163.00
693.53, 155.00
693.84, 160.00
694.15, 157.00
694.46, 154.00
694.77, 152.00
695.08, 155.00
695.39, 158.00
695.70, 147.00
696.01, 150.00
696.32, 144.00
696.63, 148.00
696.94, 163.00
697.25, 148.00
697.56, 158.00
697.87, 157.00
698.17, 193.00
698.48, 154.00
698.79, 148.00
699.10, 146.00
699.41, 153.00
699.72, 151.00
700.03, 149.00
700.34, 151.00
700.65, 146.00
700.95, 148.00
701.26, 148.00
701.57, 151.00
701.88, 149.00
702.19, 167.00
702.50, 157.00
702.81, 154.00
703.11, 174.00
703.42, 153.00
703.73, 156.00
704.04, 159.00
704.35, 165.00
704.66, 166.00
704.96, 168.00
705.27, 175.00
705.58, 180.00
705.89, 184.00
706.20, 196.00
706.50, 183.00
706.81, 190.00
707.12, 177.00
707.43, 190.00
707.73, 197.00
708.04, 198.00
708.35, 201.00
708.66, 188.00
708.97, 176.00
709.27, 179.00
709.58, 175.00
709.89, 164.00
710.19, 165.00
710.50, 168.00
710.81, 171.00
711.12, 184.00
711.42, 185.00
711.73, 189.00
712.04, 181.00
712.35, 179.00
712.65, 179.00
712.96, 172.00
713.27, 161.00
713.57, 177.00
713.88, 169.00
714.19, 148.00
714.49, 150.00
714.80, 153.00
715.11, 157.00
715.41, 154.00
715.72, 149.00
716.03, 151.00
716.33, 160.00
716.64, 148.00
716.94, 154.00
717.25, 150.00
717.56, 158.00
717.86, 151.00
718.17, 151.00
718.48, 150.00
718.78, 150.00
719.09, 146.00
719.39, 153.00
719.70, 150.00
720.01, 144.00
720.31, 147.00
720.62, 149.00
720.92, 147.00
721.23, 150.00
721.53, 150.00
721.84, 153.00
722.15, 156.00
722.45, 149.00
722.76, 149.00
723.06, 149.00
723.37, 147.00
723.67, 148.00
723.98, 147.00
724.28, 150.00
724.59, 150.00
724.89, 154.00
725.20, 146.00
725.50, 156.00
725.81, 149.00
726.11, 147.00
726.42, 144.00
726.72, 147.00
727.03, 179.00
727.33, 147.00
727.64, 151.00
727.94, 153.00
728.25, 149.00
728.55, 150.00
728.86, 172.00
729.16, 144.00
729.46, 149.00
729.77, 157.00
730.07, 148.00
730.38, 147.00
730.68, 143.00
730.99, 156.00
731.29, 151.00
731.59, 153.00
731.90, 143.00
732.20, 150.00
732.51, 149.00
732.81, 146.00
733.11, 149.00
733.42, 145.00
733.72, 150.00
734.02, 144.00
734.33, 144.00
734.63, 143.00
734.94, 150.00
735.24, 150.00
735.54, 149.00
735.85, 146.00
736.15, 149.00
736.45, 146.00
736.76, 148.00
737.06, 147.00
737.36, 153.00
737.67, 151.00
737.97, 151.00
738.27, 149.00
738.57, 152.00
738.88, 148.00
739.18, 189.00
739.48, 157.00
739.79, 149.00
740.09, 153.00
740.39, 158.00
740.69, 160.00
741.00, 151.00
741.30, 157.00
741.60, 147.00
741.90, 152.00
742.21, 148.00
742.51, 187.00
742.81, 150.00
743.11, 141.00
743.42, 172.00
743.72, 146.00
744.02, 146.00
744.32, 144.00
744.63, 150.00
744.93, 153.00
745.23, 151.00
745.53, 156.00
745.83, 149.00
746.13, 148.00
746.44, 146.00
746.74, 149.00
747.04, 152.00
747.34, 147.00
747.64, 147.00
747.94, 143.00
748.25, 151.00
748.55, 149.00
748.85, 149.00
749.15, 147.00
749.45, 173.00
749.75, 171.00
750.05, 151.00
750.35, 151.00
750.66, 164.00
750.96, 153.00
751.26, 150.00
751.56, 153.00
751.86, 159.00
752.16, 150.00
752.46, 146.00
752.76, 146.00
753.06, 147.00
753.36, 183.00
753.66, 153.00
753.96, 152.00
754.27, 148.00
754.57, 146.00
754.87, 147.00
755.17, 150.00
755.47, 148.00
755.77, 149.00
756.07, 145.00
756.37, 146.00
756.67, 152.00
756.97, 148.00
757.27, 154.00
757.57, 150.00
757.87, 154.00
758.17, 150.00
758.47, 150.00
758.77, 161.00
759.07, 157.00
759.37, 155.00
759.67, 154.00
759.97, 154.00
760.27, 153.00
760.57, 150.00
760.86, 148.00
761.16, 150.00
761.46, 150.00
761.76, 175.00
762.06, 152.00
762.36, 160.00
762.66, 151.00
762.96, 149.00
763.26, 153.00
763.56, 178.00
763.86, 155.00
764.16, 149.00
764.45, 159.00
764.75, 153.00
765.05, 152.00
765.35, 144.00
765.65, 151.00
765.95, 150.00
766.25, 148.00
766.55, 154.00
766.84, 158.00
767.14, 153.00
767.44, 148.00
767.74, 151.00
768.04, 154.00
768.34, 145.00
768.63, 147.00
768.93, 150.00
769.23, 152.00
769.53, 152.00
769.83, 148.00
770.12, 152.00
770.42, 146.00
770.72, 149.00
771.02, 150.00
771.32, 147.00
771.61, 147.00
771.91, 154.00
772.21, 148.00
772.51, 147.00
772.80, 150.00
773.10, 149.00
773.40, 147.00
773.70, 143.00
773.99, 145.00
774.29, 149.00
774.59, 151.00
774.88, 146.00
775.18, 149.00
775.48, 151.00
775.78, 151.00
776.07, 145.00
776.37, 144.00
776.67, 149.00
776.96, 151.00
777.26, 197.00
777.56, 147.00
777.85, 144.00
778.15, 143.00
778.45, 154.00
778.74, 149.00
779.04, 149.00
779.34, 150.00
779.63, 152.00
779.93, 152.00
780.22, 146.00
780.52, 147.00
780.82, 146.00
781.11, 151.00
781.41, 150.00
781.71, 151.00
782.00, 149.00
782.30, 152.00
782.59, 154.00
782.89, 150.00
783.19, 150.00
783.48, 148.00
783.78, 144.00
784.07, 159.00
784.37, 149.00
784.66, 144.00
784.96, 144.00
785.25, 148.00
785.55, 154.00
785.84, 150.00
786.14, 149.00
786.44, 145.00
786.73, 151.00
787.03, 144.00
787.32, 151.00
787.62, 151.00
787.91, 145.00
788.21, 152.00
788.50, 147.00
788.80, 149.00
789.09, 158.00
789.39, 157.00
789.68, 146.00
789.97, 151.00
790.27, 150.00
790.56, 150.00
790.86, 155.00
791.15, 148.00
791.45, 147.00
791.74, 166.00
792.04, 147.00
792.33, 146.00
792.62, 177.00
792.92, 152.00
793.21, 147.00
793.51, 150.00
793.80, 150.00
794.09, 147.00
794.39, 150.00
794.68, 148.00
794.98, 146.00
795.27, 152.00
795.56, 146.00
795.86, 155.00
796.15, 147.00
796.44, 151.00
796.74, 151.00
797.03, 143.00
797.32, 146.00
797.62, 144.00
797.91, 154.00
798.20, 154.00
798.50, 161.00
798.79, 157.00
799.08, 150.00
799.38, 155.00
799.67, 149.00
799.96, 159.00
800.26, 170.00
800.55, 149.00
800.84, 153.00
801.13, 150.00
801.43, 146.00
801.72, 180.00
802.01, 147.00
802.30, 152.00
802.60, 143.00
802.89, 155.00
803.18, 149.00
803.47, 145.00
803.77, 151.00
804.06, 157.00
804.35, 146.00
804.64, 160.00
804.94, 148.00
805.23, 150.00
805.52, 150.00
805.81, 149.00
806.10, 144.00
806.39, 147.00
806.69, 151.00
806.98, 147.00
807.27, 148.00
807.56, 156.00
807.85, 154.00
808.14, 148.00
808.44, 158.00
808.73, 145.00
809.02, 160.00
809.31, 155.00
809.60, 154.00
809.89, 160.00
810.18, 151.00
810.48, 161.00
810.77, 162.00
811.06, 153.00
811.35, 152.00
811.64, 159.00
811.93, 173.00
812.22, 152.00
812.51, 146.00
812.80, 150.00
813.09, 148.00
813.38, 148.00
813.67, 167.00
813.96, 150.00
814.26, 148.00
814.55, 144.00
814.84, 148.00
815.13, 149.00
815.42, 151.00
815.71, 151.00
816.00, 149.00
816.29, 158.00
816.58, 153.00
816.87, 152.00
817.16, 153.00
817.45, 151.00
817.74, 155.00
818.03, 150.00
818.32, 150.00
818.61, 149.00
818.90, 148.00
819.19, 144.00
819.48, 147.00
819.76, 153.00
820.05, 151.00
820.34, 151.00
820.63, 149.00
820.92, 147.00
821.21, 146.00
821.50, 149.00
821.79, 153.00
822.08, 149.00
822.37, 153.00
822.66, 150.00
822.95, 150.00
823.23, 143.00
823.52, 166.00
823.81, 150.00
824.10, 146.00
824.39, 150.00
824.68, 143.00
824.97, 163.00
825.26, 150.00
825.54, 190.00
825.83, 154.00
826.12, 145.00
826.41, 152.00
826.70, 149.00
826.99, 150.00
827.27, 150.00
827.56, 166.00
827.85, 149.00
828.14, 150.00
828.43, 151.00
828.71, 151.00
829.00, 149.00
829.29, 152.00
829.58, 149.00
829.86, 148.00
830.15, 157.00
830.44, 155.00
830.73, 152.00
831.01, 151.00
831.30, 154.00
831.59, 149.00
831.88, 145.00
832.16, 150.00
832.45, 149.00
832.74, 150.00
833.03, 150.00
833.31, 149.00
833.60, 150.00
833.89, 143.00
834.17, 155.00
834.46, 144.00
834.75, 143.00
835.03, 149.00
835.32, 149.00
835.61, 149.00
835.89, 161.00
836.18, 146.00
836.47, 146.00
836.75, 144.00
837.04, 147.00
837.33, 157.00
837.61, 151.00
837.90, 147.00
838.19, 149.00
838.47, 146.00
838.76, 150.00
839.04, 147.00
839.33, 151.00
839.62, 150.00
839.90, 147.00
840.19, 147.00
840.47, 147.00
840.76, 173.00
841.04, 150.00
841.33, 154.00
841.62, 151.00
841.90, 153.00
842.19, 148.00
842.47, 181.00
842.76, 150.00
843.04, 149.00
843.33, 168.00
843.61, 154.00
843.90, 147.00
844.18, 145.00
844.47, 141.00
844.75, 154.00
845.04, 147.00
845.32, 159.00
845.61, 150.00
845.89, 143.00
846.18, 143.00
846.46, 147.00
846.75, 149.00
847.03, 159.00
847.32, 147.00
847.60, 143.00
847.88, 144.00
848.17, 154.00
848.45, 168.00
848.74, 151.00
849.02, 148.00
849.31, 150.00
849.59, 148.00
849.87, 149.00
850.16, 148.00
850.44, 153.00
850.73, 179.00
851.01, 153.00
851.29, 147.00
851.58, 153.00
851.86, 150.00
852.14, 150.00
852.43, 150.00
852.71, 149.00
853.00, 144.00
853.28, 155.00
853.56, 147.00
853.85, 150.00
854.13, 146.00
854.41, 149.00
854.69, 147.00
854.98, 142.00
855.26, 191.00
855.54, 143.00
855.83, 147.00
856.11, 151.00
856.39, 151.00
856.68, 149.00
856.96, 143.00
857.24, 148.00
857.52, 156.00
857.81, 149.00
858.09, 145.00
858.37, 145.00
858.65, 146.00
858.94, 150.00
859.22, 147.00
