190.05, 0.00
190.41, 155.00
190.77, 162.00
191.14, 157.00
191.50, 156.00
191.86, 174.00
192.22, 167.00
192.58, 165.00
192.94, 162.00
193.31, 160.00
193.67, 160.00
194.03, 173.00
194.39, 162.00
194.75, 164.00
195.11, 171.00
195.47, 174.00
195.84, 167.00
196.20, 165.00
196.56, 178.00
196.92, 161.00
197.28, 164.00
197.64, 165.00
198.00, 161.00
198.37, 166.00
198.73, 161.00
199.09, 158.00
199.45, 163.00
199.81, 165.00
200.17, 165.00
200.53, 166.00
200.89, 174.00
201.25, 198.00
201.62, 160.00
201.98, 165.00
202.34, 166.00
202.70, 169.00
203.06, 165.00
203.42, 165.00
203.78, 165.00
204.14, 163.00
204.50, 183.00
204.86, 174.00
205.22, 173.00
205.58, 165.00
205.95, 166.00
206.31, 165.00
206.67, 172.00
207.03, 171.00
207.39, 174.00
207.75, 165.00
208.11, 163.00
208.47, 165.00
208.83, 172.00
209.19, 167.00
209.55, 166.00
209.91, 165.00
210.27, 173.00
210.63, 166.00
210.99, 172.00
211.35, 159.00
211.71, 169.00
212.07, 165.00
212.43, 168.00
212.79, 166.00
213.15, 167.00
213.51, 164.00
213.87, 167.00
214.23, 164.00
214.59, 168.00
214.95, 169.00
215.31, 169.00
215.67, 171.00
216.03, 187.00
216.39, 165.00
216.75, 161.00
217.11, 163.00
217.47, 164.00
217.83, 166.00
218.19, 168.00
218.55, 164.00
218.91, 167.00
219.27, 166.00
219.63, 165.00
219.99, 166.00
220.35, 165.00
220.71, 171.00
221.07, 167.00
221.43, 169.00
221.79, 163.00
222.15, 167.00
222.51, 170.00
222.87, 168.00
223.23, 161.00
223.59, 168.00
223.95, 167.00
224.31, 165.00
224.67, 165.00
225.03, 167.00
225.39, 174.00
225.74, 163.00
226.10, 167.00
226.46, 169.00
226.82, 175.00
227.18, 168.00
227.54, 165.00
227.90, 172.00
228.26, 169.00
228.62, 172.00
228.98, 168.00
229.34, 167.00
229.69, 165.00
230.05, 172.00
230.41, 163.00
230.77, 176.00
231.13, 172.00
231.49, 166.00
231.85, 161.00
232.21, 170.00
232.57, 167.00
232.92, 165.00
233.28, 169.00
233.64, 164.00
234.00, 162.00
234.36, 165.00
234.72, 160.00
235.08, 164.00
235.44, 165.00
235.79, 162.00
236.15, 167.00
236.51, 164.00
236.87, 165.00
237.23, 168.00
237.59, 160.00
237.94, 169.00
238.30, 168.00
238.66, 161.00
239.02, 162.00
239.38, 163.00
239.74, 161.00
240.09, 173.00
240.45, 157.00
240.81, 162.00
241.17, 164.00
241.53, 166.00
241.89, 163.00
242.24, 159.00
242.60, 161.00
242.96, 165.00
243.32, 166.00
243.68, 166.00
244.03, 167.00
244.39, 165.00
244.75, 183.00
245.11, 167.00
245.46, 161.00
245.82, 183.00
246.18, 162.00
246.54, 166.00
246.90, 159.00
247.25, 162.00
247.61, 162.00
247.97, 199.00
248.33, 162.00
248.68, 167.00
249.04, 163.00
249.40, 162.00
249.76, 169.00
250.11, 164.00
250.47, 164.00
250.83, 166.00
251.19, 170.00
251.54, 170.00
251.90, 168.00
252.26, 165.00
252.62, 166.00
252.97, 166.00
253.33, 164.00
253.69, 169.00
254.05, 172.00
254.40, 165.00
254.76, 165.00
255.12, 183.00
255.47, 169.00
255.83, 165.00
256.19, 167.00
256.54, 161.00
256.90, 166.00
257.26, 160.00
257.62, 163.00
257.97, 172.00
258.33, 169.00
258.69, 164.00
259.04, 166.00
259.40, 167.00
259.76, 170.00
260.11, 167.00
260.47, 164.00
260.83, 171.00
261.18, 163.00
261.54, 172.00
261.90, 170.00
262.25, 163.00
262.61, 166.00
262.97, 166.00
263.32, 165.00
263.68, 164.00
264.04, 167.00
264.39, 167.00
264.75, 163.00
265.10, 168.00
265.46, 204.00
265.82, 177.00
266.17, 162.00
266.53, 165.00
266.89, 168.00
267.24, 170.00
267.60, 161.00
267.95, 163.00
268.31, 162.00
268.67, 159.00
269.02, 163.00
269.38, 165.00
269.74, 172.00
270.09, 163.00
270.45, 169.00
270.80, 181.00
271.16, 172.00
271.51, 173.00
271.87, 172.00
272.23, 173.00
272.58, 170.00
272.94, 165.00
273.29, 170.00
273.65, 207.00
274.00, 167.00
274.36, 169.00
274.72, 163.00
275.07, 165.00
275.43, 170.00
275.78, 172.00
276.14, 164.00
276.49, 170.00
276.85, 175.00
277.20, 182.00
277.56, 169.00
277.92, 164.00
278.27, 169.00
278.63, 183.00
278.98, 165.00
279.34, 168.00
279.69, 172.00
280.05, 185.00
280.40, 175.00
280.76, 185.00
281.11, 183.00
281.47, 174.00
281.82, 175.00
282.18, 174.00
282.53, 182.00
282.89, 188.00
283.24, 181.00
283.60, 181.00
283.95, 188.00
284.31, 197.00
284.66, 193.00
285.02, 192.00
285.37, 191.00
285.73, 190.00
286.08, 196.00
286.44, 183.00
286.79, 181.00
287.14, 178.00
287.50, 171.00
287.85, 168.00
288.21, 179.00
288.56, 180.00
288.92, 184.00
289.27, 179.00
289.63, 181.00
289.98, 180.00
290.34, 177.00
290.69, 186.00
291.04, 171.00
291.40, 169.00
291.75, 168.00
292.11, 173.00
292.46, 173.00
292.81, 182.00
293.17, 182.00
293.52, 189.00
293.88, 192.00
294.23, 197.00
294.59, 213.00
294.94, 220.00
295.29, 225.00
295.65, 233.00
296.00, 242.00
296.36, 224.00
296.71, 217.00
297.06, 220.00
297.42, 215.00
297.77, 218.00
298.12, 213.00
298.48, 205.00
298.83, 201.00
299.19, 209.00
299.54, 213.00
299.89, 211.00
300.25, 204.00
300.60, 207.00
300.95, 197.00
301.31, 184.00
301.66, 186.00
302.01, 182.00
302.37, 179.00
302.72, 186.00
303.07, 192.00
303.43, 194.00
303.78, 200.00
304.13, 206.00
304.49, 204.00
304.84, 207.00
305.19, 219.00
305.55, 197.00
305.90, 213.00
306.25, 242.00
306.61, 300.00
306.96, 347.00
307.31, 437.00
307.66, 581.00
308.02, 718.00
308.37, 841.00
308.72, 910.00
309.08, 930.00
309.43, 842.00
309.78, 755.00
310.13, 665.00
310.49, 581.00
310.84, 491.00
311.19, 435.00
311.54, 396.00
311.90, 365.00
312.25, 358.00
312.60, 366.00
312.95, 428.00
313.31, 437.00
313.66, 444.00
314.01, 441.00
314.36, 461.00
314.72, 530.00
315.07, 654.00
315.42, 756.00
315.77, 781.00
316.13, 636.00
316.48, 470.00
316.83, 340.00
317.18, 265.00
317.54, 225.00
317.89, 220.00
318.24, 207.00
318.59, 203.00
318.94, 200.00
319.30, 200.00
319.65, 207.00
320.00, 210.00
320.35, 208.00
320.70, 211.00
321.05, 205.00
321.41, 210.00
321.76, 205.00
322.11, 200.00
322.46, 195.00
322.81, 229.00
323.17, 200.00
323.52, 198.00
323.87, 191.00
324.22, 190.00
324.57, 199.00
324.92, 201.00
325.27, 203.00
325.63, 209.00
325.98, 224.00
326.33, 233.00
326.68, 228.00
327.03, 222.00
327.38, 228.00
327.73, 238.00
328.09, 245.00
328.44, 259.00
328.79, 232.00
329.14, 252.00
329.49, 223.00
329.84, 217.00
330.19, 220.00
330.54, 220.00
330.89, 228.00
331.25, 204.00
331.60, 216.00
331.95, 208.00
332.30, 216.00
332.65, 221.00
333.00, 234.00
333.35, 272.00
333.70, 281.00
334.05, 270.00
334.40, 289.00
334.75, 322.00
335.10, 414.00
335.45, 558.00
335.81, 744.00
336.16, 1079.00
336.51, 1390.00
336.86, 1412.00
337.21, 1216.00
337.56, 810.00
337.91, 547.00
338.26, 371.00
338.61, 281.00
338.96, 237.00
339.31, 223.00
339.66, 216.00
340.01, 215.00
340.36, 207.00
340.71, 208.00
341.06, 200.00
341.41, 203.00
341.76, 205.00
342.11, 202.00
342.46, 197.00
342.81, 206.00
343.16, 204.00
343.51, 205.00
343.86, 208.00
344.21, 202.00
344.56, 202.00
344.91, 208.00
345.26, 207.00
345.61, 209.00
345.96, 198.00
346.31, 202.00
346.66, 222.00
347.01, 199.00
347.36, 223.00
347.71, 195.00
348.06, 203.00
348.41, 215.00
348.76, 229.00
349.10, 231.00
349.45, 244.00
349.80, 239.00
350.15, 237.00
350.50, 233.00
350.85, 247.00
351.20, 252.00
351.55, 280.00
351.90, 326.00
352.25, 387.00
352.60, 486.00
352.95, 570.00
353.30, 610.00
353.64, 548.00
353.99, 445.00
354.34, 394.00
354.69, 354.00
355.04, 358.00
355.39, 408.00
355.74, 500.00
356.09, 634.00
356.44, 782.00
356.78, 1037.00
357.13, 1140.00
357.48, 1068.00
357.83, 838.00
358.18, 624.00
358.53, 435.00
358.88, 301.00
359.22, 243.00
359.57, 222.00
359.92, 207.00
360.27, 212.00
360.62, 213.00
360.97, 209.00
361.32, 210.00
361.66, 213.00
362.01, 207.00
362.36, 215.00
362.71, 223.00
363.06, 218.00
363.40, 216.00
363.75, 220.00
364.10, 230.00
364.45, 224.00
364.80, 221.00
365.14, 222.00
365.49, 230.00
365.84, 229.00
366.19, 238.00
366.54, 245.00
366.88, 262.00
367.23, 231.00
367.58, 263.00
367.93, 214.00
368.28, 215.00
368.62, 224.00
368.97, 234.00
369.32, 249.00
369.67, 268.00
370.01, 298.00
370.36, 314.00
370.71, 325.00
371.06, 292.00
371.40, 274.00
371.75, 244.00
372.10, 236.00
372.45, 227.00
372.79, 239.00
373.14, 264.00
373.49, 294.00
373.83, 351.00
374.18, 415.00
374.53, 506.00
374.88, 534.00
375.22, 543.00
375.57, 448.00
375.92, 371.00
376.26, 314.00
376.61, 265.00
376.96, 239.00
377.30, 243.00
377.65, 254.00
378.00, 281.00
378.35, 328.00
378.69, 388.00
379.04, 454.00
379.39, 565.00
379.73, 631.00
380.08, 626.00
380.43, 494.00
380.77, 389.00
381.12, 355.00
381.47, 302.00
381.81, 251.00
382.16, 236.00
382.50, 225.00
382.85, 265.00
383.20, 220.00
383.54, 219.00
383.89, 223.00
384.24, 229.00
384.58, 249.00
384.93, 253.00
385.27, 256.00
385.62, 256.00
385.97, 254.00
386.31, 247.00
386.66, 269.00
387.00, 250.00
387.35, 257.00
387.70, 266.00
388.04, 330.00
388.39, 326.00
388.73, 353.00
389.08, 380.00
389.43, 416.00
389.77, 437.00
390.12, 513.00
390.46, 616.00
390.81, 653.00
391.15, 629.00
391.50, 523.00
391.85, 417.00
392.19, 352.00
392.54, 303.00
392.88, 295.00
393.23, 296.00
393.57, 302.00
393.92, 299.00
394.26, 272.00
394.61, 251.00
394.95, 239.00
395.30, 214.00
395.64, 214.00
395.99, 244.00
396.33, 219.00
396.68, 223.00
397.02, 234.00
397.37, 248.00
397.71, 269.00
398.06, 302.00
398.40, 323.00
398.75, 377.00
399.09, 395.00
399.44, 387.00
399.78, 331.00
400.13, 307.00
400.47, 259.00
400.82, 236.00
401.16, 225.00
401.51, 220.00
401.85, 216.00
402.20, 226.00
402.54, 226.00
402.88, 234.00
403.23, 246.00
403.57, 258.00
403.92, 294.00
404.26, 355.00
404.61, 332.00
404.95, 376.00
405.30, 352.00
405.64, 328.00
405.98, 308.00
406.33, 277.00
406.67, 255.00
407.02, 228.00
407.36, 238.00
407.70, 242.00
408.05, 236.00
408.39, 240.00
408.74, 247.00
409.08, 249.00
409.42, 236.00
409.77, 235.00
410.11, 235.00
410.46, 228.00
410.80, 239.00
411.14, 230.00
411.49, 247.00
411.83, 244.00
412.17, 253.00
412.52, 259.00
412.86, 269.00
413.20, 271.00
413.55, 274.00
413.89, 261.00
414.23, 256.00
414.58, 276.00
414.92, 234.00
415.26, 222.00
415.61, 226.00
415.95, 227.00
416.29, 229.00
416.64, 226.00
416.98, 244.00
417.32, 241.00
417.67, 254.00
418.01, 266.00
418.35, 275.00
418.70, 296.00
419.04, 320.00
419.38, 305.00
419.72, 299.00
420.07, 288.00
420.41, 258.00
420.75, 242.00
421.10, 238.00
421.44, 229.00
421.78, 227.00
422.12, 228.00
422.47, 238.00
422.81, 242.00
423.15, 250.00
423.49, 242.00
423.84, 237.00
424.18, 255.00
424.52, 259.00
424.86, 275.00
425.21, 309.00
425.55, 316.00
425.89, 341.00
426.23, 377.00
426.57, 421.00
426.92, 405.00
427.26, 425.00
427.60, 371.00
427.94, 315.00
428.28, 280.00
428.63, 262.00
428.97, 240.00
429.31, 233.00
429.65, 229.00
429.99, 225.00
430.34, 221.00
430.68, 221.00
431.02, 232.00
431.36, 229.00
431.70, 230.00
432.04, 233.00
432.39, 241.00
432.73, 255.00
433.07, 251.00
433.41, 267.00
433.75, 276.00
434.09, 269.00
434.43, 280.00
434.78, 321.00
435.12, 371.00
435.46, 395.00
435.80, 352.00
436.14, 341.00
436.48, 301.00
436.82, 301.00
437.16, 271.00
437.51, 253.00
437.85, 242.00
438.19, 272.00
438.53, 242.00
438.87, 247.00
439.21, 248.00
439.55, 247.00
439.89, 252.00
440.23, 254.00
440.57, 268.00
440.91, 270.00
441.26, 260.00
441.60, 242.00
441.94, 241.00
442.28, 247.00
442.62, 243.00
442.96, 233.00
443.30, 237.00
443.64, 241.00
443.98, 238.00
444.32, 238.00
444.66, 231.00
445.00, 236.00
445.34, 247.00
445.68, 239.00
446.02, 239.00
446.36, 232.00
446.70, 240.00
447.04, 239.00
447.38, 260.00
447.72, 255.00
448.06, 263.00
448.40, 245.00
448.74, 249.00
449.08, 252.00
449.42, 245.00
449.76, 239.00
450.10, 234.00
450.44, 229.00
450.78, 232.00
451.12, 243.00
451.46, 235.00
451.80, 237.00
452.14, 228.00
452.48, 229.00
452.82, 232.00
453.16, 234.00
453.50, 239.00
453.84, 226.00
454.18, 265.00
454.52, 239.00
454.86, 242.00
455.19, 255.00
455.53, 250.00
455.87, 252.00
456.21, 259.00
456.55, 257.00
456.89, 253.00
457.23, 252.00
457.57, 241.00
457.91, 247.00
458.25, 253.00
458.59, 254.00
458.92, 254.00
459.26, 251.00
459.60, 266.00
459.94, 254.00
460.28, 239.00
460.62, 244.00
460.96, 242.00
461.30, 229.00
461.63, 239.00
461.97, 236.00
462.31, 240.00
462.65, 245.00
462.99, 251.00
463.33, 248.00
463.67, 249.00
464.00, 252.00
464.34, 252.00
464.68, 258.00
465.02, 263.00
465.36, 267.00
465.70, 258.00
466.03, 252.00
466.37, 244.00
466.71, 249.00
467.05, 254.00
467.39, 257.00
467.72, 261.00
468.06, 274.00
468.40, 271.00
468.74, 274.00
469.08, 273.00
469.41, 293.00
469.75, 298.00
470.09, 298.00
470.43, 289.00
470.76, 292.00
471.10, 289.00
471.44, 294.00
471.78, 278.00
472.11, 269.00
472.45, 269.00
472.79, 275.00
473.13, 264.00
473.46, 276.00
473.80, 266.00
474.14, 263.00
474.48, 265.00
474.81, 263.00
475.15, 263.00
475.49, 265.00
475.82, 255.00
476.16, 266.00
476.50, 269.00
476.84, 268.00
477.17, 254.00
477.51, 263.00
477.85, 252.00
478.18, 278.00
478.52, 269.00
478.86, 300.00
479.19, 272.00
479.53, 259.00
479.87, 301.00
480.20, 274.00
480.54, 281.00
480.88, 271.00
481.21, 271.00
481.55, 273.00
481.89, 267.00
482.22, 275.00
482.56, 285.00
482.90, 281.00
483.23, 277.00
483.57, 291.00
483.90, 289.00
484.24, 295.00
484.58, 300.00
484.91, 312.00
485.25, 319.00
485.58, 325.00
485.92, 334.00
486.26, 329.00
486.59, 333.00
486.93, 341.00
487.26, 337.00
487.60, 335.00
487.94, 331.00
488.27, 328.00
488.61, 321.00
488.94, 334.00
489.28, 330.00
489.61, 337.00
489.95, 335.00
490.29, 327.00
490.62, 336.00
490.96, 319.00
491.29, 330.00
491.63, 325.00
491.96, 312.00
492.30, 317.00
492.63, 315.00
492.97, 312.00
493.30, 310.00
493.64, 304.00
493.97, 304.00
494.31, 304.00
494.64, 314.00
494.98, 314.00
495.31, 299.00
495.65, 297.00
495.98, 304.00
496.32, 296.00
496.65, 324.00
496.99, 295.00
497.32, 295.00
497.66, 286.00
497.99, 291.00
498.33, 284.00
498.66, 283.00
499.00, 290.00
499.33, 273.00
499.67, 279.00
500.00, 276.00
500.34, 274.00
500.67, 285.00
501.00, 273.00
501.34, 272.00
501.67, 269.00
502.01, 269.00
502.34, 268.00
502.68, 277.00
503.01, 274.00
503.34, 277.00
503.68, 269.00
504.01, 275.00
504.35, 276.00
504.68, 279.00
505.01, 276.00
505.35, 274.00
505.68, 275.00
506.02, 290.00
506.35, 282.00
506.68, 289.00
507.02, 272.00
507.35, 273.00
507.68, 280.00
508.02, 275.00
508.35, 281.00
508.69, 269.00
509.02, 278.00
509.35, 270.00
509.69, 273.00
510.02, 273.00
510.35, 262.00
510.69, 262.00
511.02, 270.00
511.35, 269.00
511.69, 266.00
512.02, 263.00
512.35, 269.00
512.68, 262.00
513.02, 263.00
513.35, 261.00
513.68, 262.00
514.02, 259.00
514.35, 262.00
514.68, 271.00
515.01, 266.00
515.35, 265.00
515.68, 261.00
516.01, 264.00
516.35, 252.00
516.68, 259.00
517.01, 253.00
517.34, 259.00
517.68, 260.00
518.01, 260.00
518.34, 261.00
518.67, 264.00
519.01, 259.00
519.34, 265.00
519.67, 275.00
520.00, 261.00
520.33, 263.00
520.67, 260.00
521.00, 259.00
521.33, 263.00
521.66, 268.00
522.00, 265.00
522.33, 260.00
522.66, 253.00
522.99, 261.00
523.32, 258.00
523.65, 258.00
523.99, 264.00
524.32, 261.00
524.65, 255.00
524.98, 260.00
525.31, 255.00
525.65, 277.00
525.98, 254.00
526.31, 259.00
526.64, 261.00
526.97, 263.00
527.30, 255.00
527.63, 251.00
527.97, 255.00
528.30, 252.00
528.63, 256.00
528.96, 272.00
529.29, 252.00
529.62, 261.00
529.95, 253.00
530.28, 253.00
530.61, 254.00
530.95, 247.00
531.28, 256.00
531.61, 250.00
531.94, 260.00
532.27, 259.00
532.60, 263.00
532.93, 262.00
533.26, 264.00
533.59, 258.00
533.92, 256.00
534.25, 246.00
534.58, 279.00
534.91, 250.00
535.25, 249.00
535.58, 250.00
535.91, 250.00
536.24, 262.00
536.57, 266.00
536.90, 258.00
537.23, 267.00
537.56, 299.00
537.89, 276.00
538.22, 270.00
538.55, 285.00
538.88, 289.00
539.21, 390.00
539.54, 311.00
539.87, 317.00
540.20, 339.00
540.53, 362.00
540.86, 407.00
541.19, 421.00
541.52, 464.00
541.85, 488.00
542.18, 497.00
542.51, 520.00
542.84, 515.00
543.17, 527.00
543.50, 511.00
543.82, 515.00
544.15, 500.00
544.48, 502.00
544.81, 515.00
545.14, 541.00
545.47, 526.00
545.80, 502.00
546.13, 446.00
546.46, 435.00
546.79, 403.00
547.12, 370.00
547.45, 349.00
547.78, 351.00
548.10, 337.00
548.43, 333.00
548.76, 322.00
549.09, 321.00
549.42, 315.00
549.75, 306.00
550.08, 301.00
550.41, 297.00
550.74, 305.00
551.06, 301.00
551.39, 308.00
551.72, 293.00
552.05, 286.00
552.38, 290.00
552.71, 281.00
553.03, 280.00
553.36, 270.00
553.69, 276.00
554.02, 260.00
554.35, 269.00
554.68, 253.00
555.00, 247.00
555.33, 256.00
555.66, 254.00
555.99, 259.00
556.32, 247.00
556.64, 258.00
556.97, 259.00
557.30, 251.00
557.63, 249.00
557.96, 256.00
558.28, 255.00
558.61, 254.00
558.94, 252.00
559.27, 250.00
559.59, 252.00
559.92, 241.00
560.25, 239.00
560.58, 240.00
560.90, 245.00
561.23, 240.00
561.56, 246.00
561.89, 244.00
562.21, 243.00
562.54, 236.00
562.87, 234.00
563.20, 245.00
563.52, 240.00
563.85, 237.00
564.18, 248.00
564.50, 236.00
564.83, 258.00
565.16, 272.00
565.48, 230.00
565.81, 240.00
566.14, 224.00
566.47, 225.00
566.79, 232.00
567.12, 226.00
567.45, 242.00
567.77, 227.00
568.10, 227.00
568.43, 231.00
568.75, 228.00
569.08, 233.00
569.40, 258.00
569.73, 235.00
570.06, 231.00
570.38, 232.00
570.71, 230.00
571.04, 228.00
571.36, 234.00
571.69, 232.00
572.01, 229.00
572.34, 229.00
572.67, 238.00
572.99, 233.00
573.32, 243.00
573.64, 227.00
573.97, 230.00
574.30, 230.00
574.62, 230.00
574.95, 234.00
575.27, 233.00
575.60, 234.00
575.92, 243.00
576.25, 250.00
576.58, 247.00
576.90, 254.00
577.23, 275.00
577.55, 246.00
577.88, 241.00
578.20, 255.00
578.53, 249.00
578.85, 262.00
579.18, 271.00
579.50, 267.00
579.83, 267.00
580.15, 274.00
580.48, 261.00
580.80, 257.00
581.13, 267.00
581.45, 270.00
581.78, 269.00
582.10, 277.00
582.43, 282.00
582.75, 275.00
583.08, 275.00
583.40, 282.00
583.73, 326.00
584.05, 278.00
584.38, 273.00
584.70, 305.00
585.03, 270.00
585.35, 265.00
585.67, 273.00
586.00, 283.00
586.32, 299.00
586.65, 302.00
586.97, 303.00
587.30, 303.00
587.62, 294.00
587.94, 293.00
588.27, 277.00
588.59, 283.00
588.92, 271.00
589.24, 272.00
589.56, 268.00
589.89, 270.00
590.21, 263.00
590.54, 257.00
590.86, 265.00
591.18, 260.00
591.51, 259.00
591.83, 275.00
592.15, 272.00
592.48, 280.00
592.80, 274.00
593.13, 272.00
593.45, 276.00
593.77, 271.00
594.10, 271.00
594.42, 270.00
594.74, 266.00
595.07, 260.00
595.39, 269.00
595.71, 267.00
596.03, 254.00
596.36, 262.00
596.68, 254.00
597.00, 260.00
597.33, 264.00
597.65, 268.00
597.97, 266.00
598.30, 273.00
598.62, 276.00
598.94, 271.00
599.26, 274.00
599.59, 277.00
599.91, 272.00
600.23, 267.00
600.55, 267.00
600.88, 258.00
601.20, 253.00
601.52, 247.00
601.84, 245.00
602.17, 247.00
602.49, 238.00
602.81, 237.00
603.13, 244.00
603.45, 245.00
603.78, 237.00
604.10, 237.00
604.42, 235.00
604.74, 232.00
605.07, 240.00
605.39, 230.00
605.71, 237.00
606.03, 242.00
606.35, 234.00
606.67, 241.00
607.00, 237.00
607.32, 240.00
607.64, 237.00
607.96, 230.00
608.28, 233.00
608.60, 246.00
608.93, 258.00
609.25, 287.00
609.57, 334.00
609.89, 411.00
610.21, 462.00
610.53, 506.00
610.85, 505.00
611.17, 483.00
611.50, 453.00
611.82, 445.00
612.14, 410.00
612.46, 397.00
612.78, 373.00
613.10, 361.00
613.42, 334.00
613.74, 345.00
614.06, 337.00
614.38, 315.00
614.70, 298.00
615.03, 299.00
615.35, 286.00
615.67, 353.00
615.99, 266.00
616.31, 256.00
616.63, 258.00
616.95, 254.00
617.27, 252.00
617.59, 245.00
617.91, 241.00
618.23, 244.00
618.55, 230.00
618.87, 236.00
619.19, 232.00
619.51, 232.00
619.83, 234.00
620.15, 233.00
620.47, 236.00
620.79, 238.00
621.11, 241.00
621.43, 234.00
621.75, 230.00
622.07, 234.00
622.39, 228.00
622.71, 235.00
623.03, 239.00
623.35, 268.00
623.67, 240.00
623.99, 230.00
624.31, 223.00
624.63, 233.00
624.95, 229.00
625.26, 227.00
625.58, 232.00
625.90, 246.00
626.22, 232.00
626.54, 230.00
626.86, 235.00
627.18, 227.00
627.50, 229.00
627.82, 225.00
628.14, 233.00
628.46, 236.00
628.77, 233.00
629.09, 247.00
629.41, 248.00
629.73, 253.00
630.05, 262.00
630.37, 258.00
630.69, 262.00
631.00, 262.00
631.32, 263.00
631.64, 242.00
631.96, 245.00
632.28, 229.00
632.60, 235.00
632.92, 229.00
633.23, 235.00
633.55, 230.00
633.87, 230.00
634.19, 232.00
634.51, 236.00
634.82, 240.00
635.14, 229.00
635.46, 233.00
635.78, 232.00
636.10, 234.00
636.41, 235.00
636.73, 228.00
637.05, 234.00
637.37, 233.00
637.68, 238.00
638.00, 230.00
638.32, 231.00
638.64, 233.00
638.95, 236.00
639.27, 250.00
639.59, 237.00
639.91, 236.00
640.22, 229.00
640.54, 227.00
640.86, 226.00
641.18, 239.00
641.49, 241.00
641.81, 230.00
642.13, 242.00
642.44, 231.00
642.76, 237.00
643.08, 233.00
643.40, 236.00
643.71, 240.00
644.03, 237.00
644.35, 246.00
644.66, 244.00
644.98, 250.00
645.30, 247.00
645.61, 255.00
645.93, 237.00
646.25, 235.00
646.56, 232.00
646.88, 256.00
647.19, 230.00
647.51, 230.00
647.83, 221.00
648.14, 223.00
648.46, 223.00
648.78, 234.00
649.09, 227.00
649.41, 271.00
649.72, 247.00
650.04, 256.00
650.36, 252.00
650.67, 254.00
650.99, 257.00
651.30, 251.00
651.62, 253.00
651.93, 259.00
652.25, 275.00
652.57, 289.00
652.88, 263.00
653.20, 253.00
653.51, 257.00
653.83, 253.00
654.14, 241.00
654.46, 238.00
654.77, 238.00
655.09, 234.00
655.40, 244.00
655.72, 231.00
656.04, 228.00
656.35, 233.00
656.67, 231.00
656.98, 225.00
657.30, 228.00
657.61, 231.00
657.93, 237.00
658.24, 235.00
658.55, 262.00
658.87, 237.00
659.18, 240.00
659.50, 240.00
659.81, 241.00
660.13, 244.00
660.44, 241.00
660.76, 242.00
661.07, 261.00
661.39, 236.00
661.70, 237.00
662.01, 228.00
662.33, 230.00
662.64, 225.00
662.96, 221.00
663.27, 217.00
663.59, 215.00
663.90, 211.00
664.21, 213.00
664.53, 230.00
664.84, 214.00
665.16, 229.00
665.47, 216.00
665.78, 212.00
666.10, 217.00
666.41, 216.00
666.72, 222.00
667.04, 227.00
667.35, 220.00
667.67, 222.00
667.98, 220.00
668.29, 223.00
668.61, 222.00
668.92, 222.00
669.23, 222.00
669.55, 224.00
669.86, 237.00
670.17, 224.00
670.48, 219.00
670.80, 211.00
671.11, 215.00
671.42, 213.00
671.74, 215.00
672.05, 206.00
672.36, 210.00
672.68, 209.00
672.99, 217.00
673.30, 218.00
673.61, 229.00
673.93, 221.00
674.24, 233.00
674.55, 237.00
674.86, 234.00
675.18, 232.00
675.49, 244.00
675.80, 234.00
676.11, 245.00
676.43, 245.00
676.74, 245.00
677.05, 245.00
677.36, 248.00
677.67, 241.00
677.99, 231.00
678.30, 230.00
678.61, 222.00
678.92, 219.00
679.23, 221.00
679.55, 215.00
679.86, 213.00
680.17, 204.00
680.48, 206.00
680.79, 208.00
681.10, 195.00
681.42, 205.00
681.73, 199.00
682.04, 200.00
682.35, 201.00
682.66, 204.00
682.97, 200.00
683.28, 201.00
683.60, 206.00
683.91, 202.00
684.22, 211.00
684.53, 205.00
684.84, 202.00
685.15, 200.00
685.46, 218.00
685.77, 199.00
686.08, 207.00
686.40, 225.00
686.71, 206.00
687.02, 201.00
687.33, 202.00
687.64, 195.00
687.95, 199.00
688.26, 196.00
688.57, 193.00
688.88, 191.00
689.19, 186.00
689.50, 193.00
689.81, 191.00
690.12, 186.00
690.43, 201.00
690.74, 194.00
691.05, 182.00
691.36, 197.00
691.67, 184.00
691.98, 190.00
692.29, 190.00
692.60, 193.00
692.91, 187.00
693.22, 191.00
693.53, 188.00
693.84, 194.00
694.15, 193.00
694.46, 186.00
694.77, 191.00
695.08, 191.00
695.39, 195.00
695.70, 183.00
696.01, 183.00
696.32, 180.00
696.63, 186.00
696.94, 185.00
697.25, 186.00
697.56, 195.00
697.87, 190.00
698.17, 221.00
698.48, 186.00
698.79, 184.00
699.10, 181.00
699.41, 190.00
699.72, 182.00
700.03, 178.00
700.34, 185.00
700.65, 187.00
700.95, 187.00
701.26, 184.00
701.57, 186.00
701.88, 187.00
702.19, 196.00
702.50, 194.00
702.81, 183.00
703.11, 197.00
703.42, 183.00
703.73, 193.00
704.04, 191.00
704.35, 194.00
704.66, 193.00
704.96, 201.00
705.27, 221.00
705.58, 227.00
705.89, 236.00
706.20, 221.00
706.50, 220.00
706.81, 223.00
707.12, 215.00
707.43, 219.00
707.73, 213.00
708.04, 207.00
708.35, 213.00
708.66, 206.00
708.97, 194.00
709.27, 209.00
709.58, 196.00
709.89, 191.00
710.19, 193.00
710.50, 197.00
710.81, 193.00
711.12, 200.00
711.42, 204.00
711.73, 207.00
712.04, 198.00
712.35, 201.00
712.65, 194.00
712.96, 197.00
713.27, 196.00
713.57, 206.00
713.88, 205.00
714.19, 186.00
714.49, 188.00
714.80, 184.00
715.11, 189.00
715.41, 182.00
715.72, 184.00
716.03, 181.00
716.33, 184.00
716.64, 183.00
716.94, 185.00
717.25, 184.00
717.56, 189.00
717.86, 178.00
718.17, 179.00
718.48, 176.00
718.78, 175.00
719.09, 174.00
719.39, 181.00
719.70, 181.00
720.01, 182.00
720.31, 180.00
720.62, 172.00
720.92, 184.00
721.23, 186.00
721.53, 185.00
721.84, 181.00
722.15, 191.00
722.45, 184.00
722.76, 183.00
723.06, 186.00
723.37, 182.00
723.67, 185.00
723.98, 184.00
724.28, 185.00
724.59, 190.00
724.89, 186.00
725.20, 186.00
725.50, 190.00
725.81, 184.00
726.11, 183.00
726.42, 182.00
726.72, 184.00
727.03, 209.00
727.33, 182.00
727.64, 181.00
727.94, 181.00
728.25, 179.00
728.55, 181.00
728.86, 193.00
729.16, 178.00
729.46, 179.00
729.77, 172.00
730.07, 176.00
730.38, 178.00
730.68, 174.00
730.99, 184.00
731.29, 178.00
731.59, 181.00
731.90, 178.00
732.20, 182.00
732.51, 186.00
732.81, 178.00
733.11, 185.00
733.42, 185.00
733.72, 189.00
734.02, 190.00
734.33, 180.00
734.63, 184.00
734.94, 182.00
735.24, 182.00
735.54, 183.00
735.85, 185.00
736.15, 185.00
736.45, 182.00
736.76, 186.00
737.06, 178.00
737.36, 180.00
737.67, 184.00
737.97, 182.00
738.27, 177.00
738.57, 176.00
738.88, 179.00
739.18, 206.00
739.48, 175.00
739.79, 180.00
740.09, 185.00
740.39, 184.00
740.69, 183.00
741.00, 182.00
741.30, 184.00
741.60, 184.00
741.90, 179.00
742.21, 186.00
742.51, 219.00
742.81, 186.00
743.11, 185.00
743.42, 214.00
743.72, 191.00
744.02, 200.00
744.32, 196.00
744.63, 206.00
744.93, 210.00
745.23, 209.00
745.53, 207.00
745.83, 209.00
746.13, 208.00
746.44, 206.00
746.74, 205.00
747.04, 207.00
747.34, 211.00
747.64, 210.00
747.94, 215.00
748.25, 208.00
748.55, 207.00
748.85, 205.00
749.15, 206.00
749.45, 231.00
749.75, 213.00
750.05, 201.00
750.35, 194.00
750.66, 202.00
750.96, 190.00
751.26, 188.00
751.56, 187.00
751.86, 189.00
752.16, 180.00
752.46, 181.00
752.76, 180.00
753.06, 177.00
753.36, 205.00
753.66, 174.00
753.96, 177.00
754.27, 178.00
754.57, 179.00
754.87, 184.00
755.17, 182.00
755.47, 181.00
755.77, 185.00
756.07, 182.00
756.37, 188.00
756.67, 195.00
756.97, 190.00
757.27, 194.00
757.57, 193.00
757.87, 192.00
758.17, 188.00
758.47, 191.00
758.77, 197.00
759.07, 196.00
759.37, 198.00
759.67, 198.00
759.97, 199.00
760.27, 187.00
760.57, 185.00
760.86, 198.00
761.16, 196.00
761.46, 190.00
761.76, 211.00
762.06, 191.00
762.36, 191.00
762.66, 184.00
762.96, 183.00
763.26, 186.00
763.56, 205.00
763.86, 185.00
764.16, 177.00
764.45, 191.00
764.75, 180.00
765.05, 180.00
765.35, 171.00
765.65, 183.00
765.95, 178.00
766.25, 179.00
766.55, 177.00
766.84, 177.00
767.14, 179.00
767.44, 178.00
767.74, 182.00
768.04, 180.00
768.34, 182.00
768.63, 189.00
768.93, 182.00
769.23, 185.00
769.53, 186.00
769.83, 186.00
770.12, 184.00
770.42, 188.00
770.72, 190.00
771.02, 186.00
771.32, 190.00
771.61, 194.00
771.91, 196.00
772.21, 191.00
772.51, 190.00
772.80, 183.00
773.10, 192.00
773.40, 191.00
773.70, 187.00
773.99, 190.00
774.29, 194.00
774.59, 190.00
774.88, 186.00
775.18, 193.00
775.48, 233.00
775.78, 391.00
776.07, 548.00
776.37, 651.00
776.67, 635.00
776.96, 509.00
777.26, 428.00
777.56, 331.00
777.85, 314.00
778.15, 303.00
778.45, 288.00
778.74, 267.00
779.04, 233.00
779.34, 209.00
779.63, 192.00
779.93, 179.00
780.22, 175.00
780.52, 172.00
780.82, 176.00
781.11, 170.00
781.41, 172.00
781.71, 168.00
782.00, 173.00
782.30, 173.00
782.59, 182.00
782.89, 172.00
783.19, 173.00
783.48, 177.00
783.78, 171.00
784.07, 180.00
784.37, 177.00
784.66, 168.00
784.96, 170.00
785.25, 171.00
785.55, 173.00
785.84, 171.00
786.14, 173.00
786.44, 173.00
786.73, 173.00
787.03, 177.00
787.32, 172.00
787.62, 169.00
787.91, 170.00
788.21, 170.00
788.50, 168.00
788.80, 166.00
789.09, 173.00
789.39, 170.00
789.68, 175.00
789.97, 172.00
790.27, 173.00
790.56, 175.00
790.86, 176.00
791.15, 173.00
791.45, 168.00
791.74, 187.00
792.04, 168.00
792.33, 166.00
792.62, 194.00
792.92, 172.00
793.21, 169.00
793.51, 174.00
793.80, 169.00
794.09, 169.00
794.39, 171.00
794.68, 168.00
794.98, 174.00
795.27, 169.00
795.56, 169.00
795.86, 168.00
796.15, 165.00
796.44, 170.00
796.74, 168.00
797.03, 168.00
797.32, 167.00
797.62, 167.00
797.91, 172.00
798.20, 172.00
798.50, 172.00
798.79, 172.00
799.08, 169.00
799.38, 174.00
799.67, 171.00
799.96, 170.00
800.26, 188.00
800.55, 170.00
800.84, 174.00
801.13, 166.00
801.43, 170.00
801.72, 199.00
802.01, 167.00
802.30, 168.00
802.60, 170.00
802.89, 171.00
803.18, 169.00
803.47, 175.00
803.77, 168.00
804.06, 173.00
804.35, 171.00
804.64, 181.00
804.94, 171.00
805.23, 168.00
805.52, 165.00
805.81, 169.00
806.10, 166.00
806.39, 165.00
806.69, 163.00
806.98, 171.00
807.27, 172.00
807.56, 173.00
807.85, 168.00
808.14, 166.00
808.44, 171.00
808.73, 167.00
809.02, 180.00
809.31, 171.00
809.60, 172.00
809.89, 172.00
810.18, 165.00
810.48, 178.00
810.77, 174.00
811.06, 163.00
811.35, 169.00
811.64, 167.00
811.93, 180.00
812.22, 172.00
812.51, 168.00
812.80, 166.00
813.09, 164.00
813.38, 159.00
813.67, 177.00
813.96, 168.00
814.26, 165.00
814.55, 164.00
814.84, 165.00
815.13, 171.00
815.42, 164.00
815.71, 165.00
816.00, 163.00
816.29, 170.00
816.58, 166.00
816.87, 160.00
817.16, 167.00
817.45, 172.00
817.74, 167.00
818.03, 168.00
818.32, 162.00
818.61, 170.00
818.90, 168.00
819.19, 163.00
819.48, 171.00
819.76, 165.00
820.05, 165.00
820.34, 166.00
820.63, 164.00
820.92, 167.00
821.21, 165.00
821.50, 167.00
821.79, 162.00
822.08, 167.00
822.37, 169.00
822.66, 166.00
822.95, 172.00
823.23, 171.00
823.52, 183.00
823.81, 162.00
824.10, 168.00
824.39, 171.00
824.68, 160.00
824.97, 174.00
825.26, 165.00
825.54, 199.00
825.83, 162.00
826.12, 164.00
826.41, 163.00
826.70, 163.00
826.99, 167.00
827.27, 168.00
827.56, 180.00
827.85, 163.00
828.14, 164.00
828.43, 172.00
828.71, 172.00
829.00, 167.00
829.29, 169.00
829.58, 168.00
829.86, 167.00
830.15, 167.00
830.44, 170.00
830.73, 173.00
831.01, 168.00
831.30, 164.00
831.59, 166.00
831.88, 172.00
832.16, 165.00
832.45, 168.00
832.74, 166.00
833.03, 166.00
833.31, 170.00
833.60, 174.00
833.89, 166.00
834.17, 174.00
834.46, 164.00
834.75, 168.00
835.03, 162.00
835.32, 165.00
835.61, 168.00
835.89, 183.00
836.18, 166.00
836.47, 163.00
836.75, 169.00
837.04, 173.00
837.33, 169.00
837.61, 172.00
837.90, 161.00
838.19, 165.00
838.47, 166.00
838.76, 170.00
839.04, 164.00
839.33, 168.00
839.62, 169.00
839.90, 164.00
840.19, 164.00
840.47, 162.00
840.76, 191.00
841.04, 166.00
841.33, 165.00
841.62, 167.00
841.90, 165.00
842.19, 161.00
842.47, 188.00
842.76, 167.00
843.04, 172.00
843.33, 190.00
843.61, 178.00
843.90, 174.00
844.18, 182.00
844.47, 176.00
844.75, 174.00
845.04, 172.00
845.32, 176.00
845.61, 172.00
845.89, 173.00
846.18, 172.00
846.46, 167.00
846.75, 168.00
847.03, 177.00
847.32, 165.00
847.60, 168.00
847.88, 161.00
848.17, 166.00
848.45, 180.00
848.74, 167.00
849.02, 164.00
849.31, 164.00
849.59, 163.00
849.87, 164.00
850.16, 164.00
850.44, 164.00
850.73, 185.00
851.01, 165.00
851.29, 163.00
851.58, 165.00
851.86, 188.00
852.14, 161.00
852.43, 166.00
852.71, 170.00
853.00, 169.00
853.28, 167.00
853.56, 163.00
853.85, 169.00
854.13, 160.00
854.41, 163.00
854.69, 162.00
854.98, 166.00
855.26, 206.00
855.54, 161.00
855.83, 163.00
856.11, 171.00
856.39, 167.00
856.68, 167.00
856.96, 164.00
857.24, 168.00
857.52, 169.00
857.81, 166.00
858.09, 159.00
858.37, 167.00
858.65, 158.00
858.94, 167.00
859.22, 166.00
