190.05, 0.00
190.41, 130.00
190.77, 133.00
191.14, 136.00
191.50, 137.00
191.86, 159.00
192.22, 144.00
192.58, 144.00
192.94, 142.00
193.31, 146.00
193.67, 139.00
194.03, 153.00
194.39, 145.00
194.75, 146.00
195.11, 153.00
195.47, 161.00
195.84, 147.00
196.20, 140.00
196.56, 161.00
196.92, 147.00
197.28, 147.00
197.64, 145.00
198.00, 142.00
198.37, 147.00
198.73, 145.00
199.09, 146.00
199.45, 140.00
199.81, 143.00
200.17, 149.00
200.53, 146.00
200.89, 149.00
201.25, 179.00
201.62, 141.00
201.98, 143.00
202.34, 144.00
202.70, 152.00
203.06, 146.00
203.42, 139.00
203.78, 147.00
204.14, 148.00
204.50, 174.00
204.86, 156.00
205.22, 151.00
205.58, 149.00
205.95, 147.00
206.31, 147.00
206.67, 148.00
207.03, 150.00
207.39, 154.00
207.75, 145.00
208.11, 143.00
208.47, 146.00
208.83, 152.00
209.19, 143.00
209.55, 147.00
209.91, 149.00
210.27, 152.00
210.63, 143.00
210.99, 150.00
211.35, 140.00
211.71, 145.00
212.07, 144.00
212.43, 153.00
212.79, 145.00
213.15, 146.00
213.51, 147.00
213.87, 145.00
214.23, 146.00
214.59, 142.00
214.95, 140.00
215.31, 142.00
215.67, 147.00
216.03, 177.00
216.39, 146.00
216.75, 145.00
217.11, 148.00
217.47, 143.00
217.83, 143.00
218.19, 146.00
218.55, 143.00
218.91, 147.00
219.27, 146.00
219.63, 146.00
219.99, 147.00
220.35, 143.00
220.71, 148.00
221.07, 146.00
221.43, 142.00
221.79, 143.00
222.15, 152.00
222.51, 145.00
222.87, 138.00
223.23, 144.00
223.59, 140.00
223.95, 143.00
224.31, 142.00
224.67, 144.00
225.03, 145.00
225.39, 152.00
225.74, 154.00
226.10, 142.00
226.46, 144.00
226.82, 147.00
227.18, 147.00
227.54, 150.00
227.90, 145.00
228.26, 148.00
228.62, 155.00
228.98, 142.00
229.34, 140.00
229.69, 141.00
230.05, 144.00
230.41, 144.00
230.77, 152.00
231.13, 153.00
231.49, 147.00
231.85, 142.00
232.21, 154.00
232.57, 148.00
232.92, 144.00
233.28, 143.00
233.64, 147.00
234.00, 143.00
234.36, 142.00
234.72, 143.00
235.08, 147.00
235.44, 148.00
235.79, 144.00
236.15, 145.00
236.51, 146.00
236.87, 148.00
237.23, 149.00
237.59, 140.00
237.94, 157.00
238.30, 151.00
238.66, 138.00
239.02, 136.00
239.38, 140.00
239.74, 140.00
240.09, 153.00
240.45, 142.00
240.81, 139.00
241.17, 152.00
241.53, 145.00
241.89, 146.00
242.24, 146.00
242.60, 143.00
242.96, 149.00
243.32, 150.00
243.68, 146.00
244.03, 147.00
244.39, 149.00
244.75, 172.00
245.11, 144.00
245.46, 148.00
245.82, 173.00
246.18, 146.00
246.54, 148.00
246.90, 141.00
247.25, 144.00
247.61, 141.00
247.97, 181.00
248.33, 147.00
248.68, 145.00
249.04, 143.00
249.40, 147.00
249.76, 146.00
250.11, 143.00
250.47, 145.00
250.83, 145.00
251.19, 145.00
251.54, 152.00
251.90, 145.00
252.26, 149.00
252.62, 139.00
252.97, 147.00
253.33, 140.00
253.69, 143.00
254.05, 150.00
254.40, 143.00
254.76, 144.00
255.12, 172.00
255.47, 145.00
255.83, 149.00
256.19, 147.00
256.54, 142.00
256.90, 143.00
257.26, 141.00
257.62, 146.00
257.97, 142.00
258.33, 147.00
258.69, 145.00
259.04, 139.00
259.40, 140.00
259.76, 146.00
260.11, 147.00
260.47, 139.00
260.83, 153.00
261.18, 140.00
261.54, 153.00
261.90, 147.00
262.25, 140.00
262.61, 140.00
262.97, 139.00
263.32, 138.00
263.68, 133.00
264.04, 149.00
264.39, 140.00
264.75, 139.00
265.10, 148.00
265.46, 190.00
265.82, 156.00
266.17, 143.00
266.53, 140.00
266.89, 142.00
267.24, 149.00
267.60, 142.00
267.95, 144.00
268.31, 144.00
268.67, 144.00
269.02, 141.00
269.38, 143.00
269.74, 147.00
270.09, 141.00
270.45, 149.00
270.80, 167.00
271.16, 144.00
271.51, 150.00
271.87, 149.00
272.23, 153.00
272.58, 150.00
272.94, 146.00
273.29, 146.00
273.65, 197.00
274.00, 145.00
274.36, 147.00
274.72, 138.00
275.07, 145.00
275.43, 143.00
275.78, 148.00
276.14, 146.00
276.49, 141.00
276.85, 158.00
277.20, 170.00
277.56, 149.00
277.92, 140.00
278.27, 145.00
278.63, 155.00
278.98, 147.00
279.34, 155.00
279.69, 150.00
280.05, 167.00
280.40, 160.00
280.76, 162.00
281.11, 158.00
281.47, 151.00
281.82, 154.00
282.18, 153.00
282.53, 164.00
282.89, 167.00
283.24, 162.00
283.60, 158.00
283.95, 165.00
284.31, 170.00
284.66, 169.00
285.02, 172.00
285.37, 165.00
285.73, 167.00
286.08, 171.00
286.44, 156.00
286.79, 158.00
287.14, 159.00
287.50, 152.00
287.85, 151.00
288.21, 152.00
288.56, 157.00
288.92, 159.00
289.27, 162.00
289.63, 162.00
289.98, 159.00
290.34, 156.00
290.69, 162.00
291.04, 158.00
291.40, 154.00
291.75, 155.00
292.11, 154.00
292.46, 152.00
292.81, 160.00
293.17, 162.00
293.52, 165.00
293.88, 168.00
294.23, 182.00
294.59, 196.00
294.94, 200.00
295.29, 211.00
295.65, 228.00
296.00, 242.00
296.36, 216.00
296.71, 212.00
297.06, 208.00
297.42, 218.00
297.77, 214.00
298.12, 200.00
298.48, 187.00
298.83, 179.00
299.19, 184.00
299.54, 188.00
299.89, 185.00
300.25, 179.00
300.60, 188.00
300.95, 175.00
301.31, 157.00
301.66, 163.00
302.01, 160.00
302.37, 167.00
302.72, 166.00
303.07, 168.00
303.43, 181.00
303.78, 178.00
304.13, 185.00
304.49, 185.00
304.84, 188.00
305.19, 223.00
305.55, 180.00
305.90, 200.00
306.25, 229.00
306.61, 295.00
306.96, 348.00
307.31, 442.00
307.66, 613.00
308.02, 807.00
308.37, 941.00
308.72, 1041.00
309.08, 1055.00
309.43, 1003.00
309.78, 859.00
310.13, 760.00
310.49, 657.00
310.84, 528.00
311.19, 476.00
311.54, 425.00
311.90, 368.00
312.25, 359.00
312.60, 366.00
312.95, 459.00
313.31, 500.00
313.66, 503.00
314.01, 496.00
314.36, 499.00
314.72, 579.00
315.07, 748.00
315.42, 940.00
315.77, 979.00
316.13, 808.00
316.48, 538.00
316.83, 364.00
317.18, 272.00
317.54, 224.00
317.89, 198.00
318.24, 189.00
318.59, 185.00
318.94, 180.00
319.30, 183.00
319.65, 188.00
320.00, 185.00
320.35, 190.00
320.70, 203.00
321.05, 185.00
321.41, 188.00
321.76, 196.00
322.11, 181.00
322.46, 178.00
322.81, 218.00
323.17, 180.00
323.52, 169.00
323.87, 169.00
324.22, 168.00
324.57, 178.00
324.92, 183.00
325.27, 182.00
325.63, 191.00
325.98, 198.00
326.33, 219.00
326.68, 207.00
327.03, 208.00
327.38, 209.00
327.73, 229.00
328.09, 250.00
328.44, 275.00
328.79, 240.00
329.14, 272.00
329.49, 231.00
329.84, 233.00
330.19, 236.00
330.54, 232.00
330.89, 225.00
331.25, 200.00
331.60, 197.00
331.95, 194.00
332.30, 197.00
332.65, 211.00
333.00, 227.00
333.35, 290.00
333.70, 292.00
334.05, 271.00
334.40, 291.00
334.75, 333.00
335.10, 466.00
335.45, 673.00
335.81, 982.00
336.16, 1450.00
336.51, 2039.00
336.86, 2111.00
337.21, 1855.00
337.56, 1133.00
337.91, 682.00
338.26, 429.00
338.61, 285.00
338.96, 239.00
339.31, 210.00
339.66, 197.00
340.01, 201.00
340.36, 194.00
340.71, 182.00
341.06, 179.00
341.41, 182.00
341.76, 180.00
342.11, 186.00
342.46, 182.00
342.81, 185.00
343.16, 179.00
343.51, 179.00
343.86, 182.00
344.21, 185.00
344.56, 185.00
344.91, 183.00
345.26, 194.00
345.61, 183.00
345.96, 179.00
346.31, 178.00
346.66, 201.00
347.01, 177.00
347.36, 199.00
347.71, 180.00
348.06, 177.00
348.41, 194.00
348.76, 215.00
349.10, 214.00
349.45, 249.00
349.80, 237.00
350.15, 240.00
350.50, 231.00
350.85, 236.00
351.20, 238.00
351.55, 290.00
351.90, 354.00
352.25, 445.00
352.60, 563.00
352.95, 746.00
353.30, 812.00
353.64, 722.00
353.99, 570.00
354.34, 460.00
354.69, 420.00
355.04, 441.00
355.39, 532.00
355.74, 686.00
356.09, 880.00
356.44, 1086.00
356.78, 1456.00
357.13, 1703.00
357.48, 1623.00
357.83, 1232.00
358.18, 787.00
358.53, 508.00
358.88, 320.00
359.22, 246.00
359.57, 204.00
359.92, 191.00
360.27, 195.00
360.62, 193.00
360.97, 197.00
361.32, 190.00
361.66, 191.00
362.01, 196.00
362.36, 199.00
362.71, 207.00
363.06, 204.00
363.40, 209.00
363.75, 207.00
364.10, 205.00
364.45, 200.00
364.80, 194.00
365.14, 199.00
365.49, 201.00
365.84, 205.00
366.19, 226.00
366.54, 236.00
366.88, 256.00
367.23, 225.00
367.58, 269.00
367.93, 205.00
368.28, 199.00
368.62, 194.00
368.97, 229.00
369.32, 236.00
369.67, 255.00
370.01, 326.00
370.36, 331.00
370.71, 358.00
371.06, 303.00
371.40, 274.00
371.75, 228.00
372.10, 209.00
372.45, 212.00
372.79, 225.00
373.14, 258.00
373.49, 302.00
373.83, 355.00
374.18, 445.00
374.53, 573.00
374.88, 658.00
375.22, 661.00
375.57, 524.00
375.92, 404.00
376.26, 313.00
376.61, 248.00
376.96, 212.00
377.30, 226.00
377.65, 251.00
378.00, 281.00
378.35, 326.00
378.69, 418.00
379.04, 521.00
379.39, 687.00
379.73, 852.00
380.08, 869.00
380.43, 672.00
380.77, 473.00
381.12, 381.00
381.47, 305.00
381.81, 248.00
382.16, 217.00
382.50, 213.00
382.85, 282.00
383.20, 209.00
383.54, 216.00
383.89, 222.00
384.24, 232.00
384.58, 243.00
384.93, 285.00
385.27, 281.00
385.62, 289.00
385.97, 266.00
386.31, 269.00
386.66, 293.00
387.00, 270.00
387.35, 280.00
387.70, 300.00
388.04, 407.00
388.39, 438.00
388.73, 544.00
389.08, 673.00
389.43, 830.00
389.77, 995.00
390.12, 1227.00
390.46, 1724.00
390.81, 1887.00
391.15, 1832.00
391.50, 1400.00
391.85, 872.00
392.19, 613.00
392.54, 407.00
392.88, 321.00
393.23, 317.00
393.57, 327.00
393.92, 328.00
394.26, 277.00
394.61, 234.00
394.95, 228.00
395.30, 200.00
395.64, 192.00
395.99, 228.00
396.33, 198.00
396.68, 208.00
397.02, 215.00
397.37, 237.00
397.71, 265.00
398.06, 291.00
398.40, 342.00
398.75, 405.00
399.09, 426.00
399.44, 444.00
399.78, 371.00
400.13, 300.00
400.47, 246.00
400.82, 210.00
401.16, 197.00
401.51, 191.00
401.85, 195.00
402.20, 193.00
402.54, 205.00
402.88, 217.00
403.23, 224.00
403.57, 237.00
403.92, 262.00
404.26, 350.00
404.61, 337.00
404.95, 419.00
405.30, 399.00
405.64, 367.00
405.98, 335.00
406.33, 267.00
406.67, 227.00
407.02, 206.00
407.36, 211.00
407.70, 216.00
408.05, 217.00
408.39, 232.00
408.74, 242.00
409.08, 250.00
409.42, 233.00
409.77, 219.00
410.11, 226.00
410.46, 208.00
410.80, 219.00
411.14, 234.00
411.49, 236.00
411.83, 249.00
412.17, 248.00
412.52, 249.00
412.86, 271.00
413.20, 281.00
413.55, 281.00
413.89, 268.00
414.23, 248.00
414.58, 267.00
414.92, 212.00
415.26, 219.00
415.61, 208.00
415.95, 215.00
416.29, 213.00
416.64, 225.00
416.98, 228.00
417.32, 229.00
417.67, 259.00
418.01, 273.00
418.35, 294.00
418.70, 327.00
419.04, 389.00
419.38, 367.00
419.72, 354.00
420.07, 317.00
420.41, 261.00
420.75, 232.00
421.10, 217.00
421.44, 212.00
421.78, 213.00
422.12, 217.00
422.47, 227.00
422.81, 242.00
423.15, 247.00
423.49, 244.00
423.84, 244.00
424.18, 261.00
424.52, 277.00
424.86, 328.00
425.21, 405.00
425.55, 452.00
425.89, 529.00
426.23, 619.00
426.57, 791.00
426.92, 825.00
427.26, 873.00
427.60, 726.00
427.94, 506.00
428.28, 387.00
428.63, 303.00
428.97, 243.00
429.31, 222.00
429.65, 200.00
429.99, 200.00
430.34, 192.00
430.68, 198.00
431.02, 201.00
431.36, 193.00
431.70, 205.00
432.04, 204.00
432.39, 214.00
432.73, 228.00
433.07, 242.00
433.41, 254.00
433.75, 253.00
434.09, 254.00
434.43, 238.00
434.78, 224.00
435.12, 216.00
435.46, 222.00
435.80, 230.00
436.14, 231.00
436.48, 227.00
436.82, 232.00
437.16, 224.00
437.51, 218.00
437.85, 228.00
438.19, 262.00
438.53, 221.00
438.87, 229.00
439.21, 232.00
439.55, 238.00
439.89, 243.00
440.23, 257.00
440.57, 258.00
440.91, 260.00
441.26, 252.00
441.60, 230.00
441.94, 224.00
442.28, 226.00
442.62, 224.00
442.96, 215.00
443.30, 213.00
443.64, 206.00
443.98, 211.00
444.32, 211.00
444.66, 201.00
445.00, 211.00
445.34, 215.00
445.68, 222.00
446.02, 221.00
446.36, 211.00
446.70, 213.00
447.04, 217.00
447.38, 243.00
447.72, 232.00
448.06, 232.00
448.40, 229.00
448.74, 216.00
449.08, 218.00
449.42, 210.00
449.76, 215.00
450.10, 207.00
450.44, 202.00
450.78, 206.00
451.12, 214.00
451.46, 215.00
451.80, 212.00
452.14, 198.00
452.48, 201.00
452.82, 208.00
453.16, 199.00
453.50, 212.00
453.84, 200.00
454.18, 247.00
454.52, 219.00
454.86, 216.00
455.19, 238.00
455.53, 227.00
455.87, 226.00
456.21, 238.00
456.55, 230.00
456.89, 226.00
457.23, 231.00
457.57, 228.00
457.91, 235.00
458.25, 234.00
458.59, 249.00
458.92, 263.00
459.26, 265.00
459.60, 259.00
459.94, 246.00
460.28, 219.00
460.62, 219.00
460.96, 203.00
461.30, 204.00
461.63, 199.00
461.97, 204.00
462.31, 206.00
462.65, 208.00
462.99, 225.00
463.33, 222.00
463.67, 225.00
464.00, 232.00
464.34, 235.00
464.68, 241.00
465.02, 251.00
465.36, 246.00
465.70, 236.00
466.03, 239.00
466.37, 221.00
466.71, 230.00
467.05, 235.00
467.39, 253.00
467.72, 265.00
468.06, 276.00
468.40, 291.00
468.74, 296.00
469.08, 308.00
469.41, 332.00
469.75, 370.00
470.09, 391.00
470.43, 391.00
470.76, 334.00
471.10, 311.00
471.44, 299.00
471.78, 280.00
472.11, 261.00
472.45, 257.00
472.79, 250.00
473.13, 248.00
473.46, 246.00
473.80, 250.00
474.14, 238.00
474.48, 235.00
474.81, 247.00
475.15, 226.00
475.49, 237.00
475.82, 234.00
476.16, 231.00
476.50, 220.00
476.84, 228.00
477.17, 218.00
477.51, 226.00
477.85, 221.00
478.18, 239.00
478.52, 233.00
478.86, 279.00
479.19, 233.00
479.53, 226.00
479.87, 271.00
480.20, 242.00
480.54, 238.00
480.88, 232.00
481.21, 231.00
481.55, 223.00
481.89, 229.00
482.22, 226.00
482.56, 233.00
482.90, 227.00
483.23, 229.00
483.57, 227.00
483.90, 229.00
484.24, 225.00
484.58, 235.00
484.91, 238.00
485.25, 238.00
485.58, 241.00
485.92, 245.00
486.26, 237.00
486.59, 245.00
486.93, 237.00
487.26, 252.00
487.60, 258.00
487.94, 247.00
488.27, 248.00
488.61, 244.00
488.94, 238.00
489.28, 240.00
489.61, 242.00
489.95, 237.00
490.29, 252.00
490.62, 258.00
490.96, 250.00
491.29, 251.00
491.63, 241.00
491.96, 244.00
492.30, 240.00
492.63, 237.00
492.97, 229.00
493.30, 236.00
493.64, 237.00
493.97, 239.00
494.31, 244.00
494.64, 247.00
494.98, 252.00
495.31, 257.00
495.65, 246.00
495.98, 251.00
496.32, 234.00
496.65, 269.00
496.99, 232.00
497.32, 233.00
497.66, 226.00
497.99, 226.00
498.33, 227.00
498.66, 223.00
499.00, 232.00
499.33, 231.00
499.67, 232.00
500.00, 232.00
500.34, 241.00
500.67, 250.00
501.00, 244.00
501.34, 235.00
501.67, 241.00
502.01, 238.00
502.34, 236.00
502.68, 267.00
503.01, 256.00
503.34, 259.00
503.68, 257.00
504.01, 254.00
504.35, 259.00
504.68, 260.00
505.01, 264.00
505.35, 261.00
505.68, 260.00
506.02, 260.00
506.35, 266.00
506.68, 282.00
507.02, 269.00
507.35, 257.00
507.68, 254.00
508.02, 261.00
508.35, 260.00
508.69, 255.00
509.02, 244.00
509.35, 250.00
509.69, 247.00
510.02, 251.00
510.35, 243.00
510.69, 238.00
511.02, 244.00
511.35, 233.00
511.69, 243.00
512.02, 236.00
512.35, 241.00
512.68, 238.00
513.02, 252.00
513.35, 236.00
513.68, 235.00
514.02, 243.00
514.35, 234.00
514.68, 238.00
515.01, 232.00
515.35, 239.00
515.68, 223.00
516.01, 232.00
516.35, 224.00
516.68, 231.00
517.01, 222.00
517.34, 230.00
517.68, 225.00
518.01, 241.00
518.34, 236.00
518.67, 241.00
519.01, 235.00
519.34, 233.00
519.67, 252.00
520.00, 243.00
520.33, 237.00
520.67, 243.00
521.00, 242.00
521.33, 253.00
521.66, 260.00
522.00, 255.00
522.33, 245.00
522.66, 234.00
522.99, 242.00
523.32, 239.00
523.65, 232.00
523.99, 243.00
524.32, 236.00
524.65, 236.00
524.98, 241.00
525.31, 234.00
525.65, 274.00
525.98, 239.00
526.31, 232.00
526.64, 237.00
526.97, 232.00
527.30, 231.00
527.63, 226.00
527.97, 231.00
528.30, 226.00
528.63, 232.00
528.96, 250.00
529.29, 216.00
529.62, 228.00
529.95, 218.00
530.28, 221.00
530.61, 217.00
530.95, 224.00
531.28, 222.00
531.61, 234.00
531.94, 233.00
532.27, 234.00
532.60, 231.00
532.93, 234.00
533.26, 228.00
533.59, 217.00
533.92, 222.00
534.25, 215.00
534.58, 252.00
534.91, 221.00
535.25, 218.00
535.58, 217.00
535.91, 214.00
536.24, 221.00
536.57, 223.00
536.90, 212.00
537.23, 215.00
537.56, 252.00
537.89, 214.00
538.22, 205.00
538.55, 214.00
538.88, 216.00
539.21, 331.00
539.54, 213.00
539.87, 213.00
540.20, 218.00
540.53, 204.00
540.86, 240.00
541.19, 207.00
541.52, 214.00
541.85, 220.00
542.18, 228.00
542.51, 229.00
542.84, 232.00
543.17, 230.00
543.50, 223.00
543.82, 227.00
544.15, 226.00
544.48, 228.00
544.81, 222.00
545.14, 242.00
545.47, 215.00
545.80, 256.00
546.13, 216.00
546.46, 256.00
546.79, 245.00
547.12, 209.00
547.45, 219.00
547.78, 224.00
548.10, 217.00
548.43, 207.00
548.76, 206.00
549.09, 212.00
549.42, 220.00
549.75, 215.00
550.08, 221.00
550.41, 220.00
550.74, 223.00
551.06, 213.00
551.39, 222.00
551.72, 216.00
552.05, 219.00
552.38, 214.00
552.71, 210.00
553.03, 221.00
553.36, 216.00
553.69, 222.00
554.02, 215.00
554.35, 221.00
554.68, 219.00
555.00, 226.00
555.33, 224.00
555.66, 223.00
555.99, 242.00
556.32, 234.00
556.64, 230.00
556.97, 242.00
557.30, 238.00
557.63, 235.00
557.96, 243.00
558.28, 243.00
558.61, 247.00
558.94, 240.00
559.27, 240.00
559.59, 243.00
559.92, 227.00
560.25, 232.00
560.58, 235.00
560.90, 236.00
561.23, 225.00
561.56, 222.00
561.89, 227.00
562.21, 228.00
562.54, 217.00
562.87, 218.00
563.20, 219.00
563.52, 207.00
563.85, 210.00
564.18, 228.00
564.50, 211.00
564.83, 244.00
565.16, 264.00
565.48, 204.00
565.81, 207.00
566.14, 196.00
566.47, 196.00
566.79, 208.00
567.12, 202.00
567.45, 231.00
567.77, 197.00
568.10, 200.00
568.43, 210.00
568.75, 202.00
569.08, 202.00
569.40, 239.00
569.73, 208.00
570.06, 195.00
570.38, 198.00
570.71, 191.00
571.04, 198.00
571.36, 203.00
571.69, 209.00
572.01, 200.00
572.34, 204.00
572.67, 200.00
572.99, 200.00
573.32, 221.00
573.64, 198.00
573.97, 203.00
574.30, 198.00
574.62, 200.00
574.95, 200.00
575.27, 200.00
575.60, 198.00
575.92, 203.00
576.25, 199.00
576.58, 208.00
576.90, 201.00
577.23, 241.00
577.55, 201.00
577.88, 199.00
578.20, 203.00
578.53, 203.00
578.85, 218.00
579.18, 201.00
579.50, 196.00
579.83, 204.00
580.15, 211.00
580.48, 208.00
580.80, 204.00
581.13, 207.00
581.45, 200.00
581.78, 200.00
582.10, 204.00
582.43, 207.00
582.75, 206.00
583.08, 202.00
583.40, 205.00
583.73, 268.00
584.05, 207.00
584.38, 202.00
584.70, 248.00
585.03, 212.00
585.35, 207.00
585.67, 212.00
586.00, 243.00
586.32, 271.00
586.65, 284.00
586.97, 278.00
587.30, 267.00
587.62, 256.00
587.94, 249.00
588.27, 233.00
588.59, 225.00
588.92, 221.00
589.24, 217.00
589.56, 221.00
589.89, 216.00
590.21, 213.00
590.54, 209.00
590.86, 210.00
591.18, 206.00
591.51, 211.00
591.83, 225.00
592.15, 215.00
592.48, 218.00
592.80, 228.00
593.13, 214.00
593.45, 224.00
593.77, 226.00
594.10, 232.00
594.42, 233.00
594.74, 238.00
595.07, 240.00
595.39, 242.00
595.71, 249.00
596.03, 244.00
596.36, 249.00
596.68, 249.00
597.00, 245.00
597.33, 244.00
597.65, 250.00
597.97, 255.00
598.30, 252.00
598.62, 249.00
598.94, 251.00
599.26, 251.00
599.59, 249.00
599.91, 258.00
600.23, 248.00
600.55, 241.00
600.88, 238.00
601.20, 228.00
601.52, 223.00
601.84, 225.00
602.17, 218.00
602.49, 211.00
602.81, 211.00
603.13, 206.00
603.45, 220.00
603.78, 205.00
604.10, 205.00
604.42, 205.00
604.74, 200.00
605.07, 201.00
605.39, 194.00
605.71, 205.00
606.03, 207.00
606.35, 197.00
606.67, 201.00
607.00, 199.00
607.32, 198.00
607.64, 195.00
607.96, 185.00
608.28, 191.00
608.60, 193.00
608.93, 191.00
609.25, 200.00
609.57, 196.00
609.89, 194.00
610.21, 192.00
610.53, 186.00
610.85, 190.00
611.17, 193.00
611.50, 186.00
611.82, 182.00
612.14, 188.00
612.46, 184.00
612.78, 186.00
613.10, 189.00
613.42, 180.00
613.74, 201.00
614.06, 234.00
614.38, 219.00
614.70, 225.00
615.03, 238.00
615.35, 222.00
615.67, 314.00
615.99, 197.00
616.31, 201.00
616.63, 203.00
616.95, 193.00
617.27, 189.00
617.59, 188.00
617.91, 189.00
618.23, 191.00
618.55, 181.00
618.87, 180.00
619.19, 185.00
619.51, 181.00
619.83, 184.00
620.15, 182.00
620.47, 182.00
620.79, 183.00
621.11, 189.00
621.43, 180.00
621.75, 195.00
622.07, 185.00
622.39, 185.00
622.71, 185.00
623.03, 182.00
623.35, 227.00
623.67, 181.00
623.99, 182.00
624.31, 183.00
624.63, 190.00
624.95, 184.00
625.26, 181.00
625.58, 180.00
625.90, 212.00
626.22, 179.00
626.54, 176.00
626.86, 193.00
627.18, 184.00
627.50, 182.00
627.82, 181.00
628.14, 188.00
628.46, 187.00
628.77, 184.00
629.09, 197.00
629.41, 198.00
629.73, 189.00
630.05, 206.00
630.37, 190.00
630.69, 196.00
631.00, 209.00
631.32, 210.00
631.64, 201.00
631.96, 196.00
632.28, 197.00
632.60, 206.00
632.92, 208.00
633.23, 208.00
633.55, 216.00
633.87, 213.00
634.19, 220.00
634.51, 223.00
634.82, 233.00
635.14, 232.00
635.46, 232.00
635.78, 238.00
636.10, 232.00
636.41, 229.00
636.73, 229.00
637.05, 231.00
637.37, 220.00
637.68, 223.00
638.00, 220.00
638.32, 239.00
638.64, 251.00
638.95, 275.00
639.27, 261.00
639.59, 261.00
639.91, 245.00
640.22, 242.00
640.54, 238.00
640.86, 229.00
641.18, 231.00
641.49, 241.00
641.81, 226.00
642.13, 229.00
642.44, 222.00
642.76, 223.00
643.08, 219.00
643.40, 215.00
643.71, 228.00
644.03, 238.00
644.35, 235.00
644.66, 229.00
644.98, 229.00
645.30, 232.00
645.61, 239.00
645.93, 214.00
646.25, 204.00
646.56, 213.00
646.88, 235.00
647.19, 202.00
647.51, 200.00
647.83, 199.00
648.14, 191.00
648.46, 203.00
648.78, 205.00
649.09, 201.00
649.41, 248.00
649.72, 219.00
650.04, 226.00
650.36, 226.00
650.67, 227.00
650.99, 226.00
651.30, 230.00
651.62, 231.00
651.93, 227.00
652.25, 240.00
652.57, 279.00
652.88, 233.00
653.20, 236.00
653.51, 235.00
653.83, 223.00
654.14, 209.00
654.46, 211.00
654.77, 216.00
655.09, 221.00
655.40, 236.00
655.72, 222.00
656.04, 201.00
656.35, 210.00
656.67, 207.00
656.98, 215.00
657.30, 212.00
657.61, 213.00
657.93, 223.00
658.24, 222.00
658.55, 267.00
658.87, 229.00
659.18, 226.00
659.50, 227.00
659.81, 230.00
660.13, 218.00
660.44, 233.00
660.76, 220.00
661.07, 238.00
661.39, 216.00
661.70, 210.00
662.01, 202.00
662.33, 196.00
662.64, 206.00
662.96, 198.00
663.27, 187.00
663.59, 190.00
663.90, 176.00
664.21, 188.00
664.53, 205.00
664.84, 189.00
665.16, 216.00
665.47, 189.00
665.78, 197.00
666.10, 210.00
666.41, 215.00
666.72, 222.00
667.04, 224.00
667.35, 226.00
667.67, 216.00
667.98, 216.00
668.29, 210.00
668.61, 213.00
668.92, 208.00
669.23, 206.00
669.55, 201.00
669.86, 223.00
670.17, 199.00
670.48, 185.00
670.80, 187.00
671.11, 188.00
671.42, 177.00
671.74, 189.00
672.05, 189.00
672.36, 189.00
672.68, 184.00
672.99, 190.00
673.30, 197.00
673.61, 202.00
673.93, 200.00
674.24, 210.00
674.55, 212.00
674.86, 203.00
675.18, 219.00
675.49, 223.00
675.80, 210.00
676.11, 233.00
676.43, 225.00
676.74, 217.00
677.05, 226.00
677.36, 229.00
677.67, 221.00
677.99, 218.00
678.30, 214.00
678.61, 203.00
678.92, 201.00
679.23, 196.00
679.55, 192.00
679.86, 200.00
680.17, 191.00
680.48, 193.00
680.79, 187.00
681.10, 183.00
681.42, 178.00
681.73, 178.00
682.04, 176.00
682.35, 185.00
682.66, 184.00
682.97, 184.00
683.28, 183.00
683.60, 181.00
683.91, 183.00
684.22, 199.00
684.53, 182.00
684.84, 177.00
685.15, 179.00
685.46, 207.00
685.77, 176.00
686.08, 172.00
686.40, 217.00
686.71, 180.00
687.02, 174.00
687.33, 172.00
687.64, 163.00
687.95, 170.00
688.26, 167.00
688.57, 167.00
688.88, 171.00
689.19, 164.00
689.50, 160.00
689.81, 166.00
690.12, 160.00
690.43, 176.00
690.74, 161.00
691.05, 163.00
691.36, 177.00
691.67, 161.00
691.98, 150.00
692.29, 160.00
692.60, 167.00
692.91, 161.00
693.22, 151.00
693.53, 155.00
693.84, 168.00
694.15, 155.00
694.46, 159.00
694.77, 162.00
695.08, 165.00
695.39, 173.00
695.70, 160.00
696.01, 165.00
696.32, 159.00
696.63, 159.00
696.94, 167.00
697.25, 159.00
697.56, 165.00
697.87, 171.00
698.17, 209.00
698.48, 166.00
698.79, 165.00
699.10, 162.00
699.41, 164.00
699.72, 163.00
700.03, 158.00
700.34, 164.00
700.65, 162.00
700.95, 162.00
701.26, 158.00
701.57, 159.00
701.88, 162.00
702.19, 180.00
702.50, 166.00
702.81, 158.00
703.11, 184.00
703.42, 163.00
703.73, 168.00
704.04, 169.00
704.35, 179.00
704.66, 206.00
704.96, 304.00
705.27, 373.00
705.58, 412.00
705.89, 377.00
706.20, 318.00
706.50, 280.00
706.81, 263.00
707.12, 236.00
707.43, 212.00
707.73, 195.00
708.04, 176.00
708.35, 171.00
708.66, 160.00
708.97, 158.00
709.27, 165.00
709.58, 159.00
709.89, 156.00
710.19, 163.00
710.50, 165.00
710.81, 158.00
711.12, 168.00
711.42, 161.00
711.73, 164.00
712.04, 163.00
712.35, 163.00
712.65, 163.00
712.96, 164.00
713.27, 162.00
713.57, 179.00
713.88, 179.00
714.19, 161.00
714.49, 161.00
714.80, 166.00
715.11, 170.00
715.41, 159.00
715.72, 163.00
716.03, 158.00
716.33, 164.00
716.64, 162.00
716.94, 165.00
717.25, 157.00
717.56, 163.00
717.86, 163.00
718.17, 165.00
718.48, 157.00
718.78, 162.00
719.09, 155.00
719.39, 160.00
719.70, 154.00
720.01, 154.00
720.31, 163.00
720.62, 156.00
720.92, 157.00
721.23, 169.00
721.53, 173.00
721.84, 159.00
722.15, 171.00
722.45, 171.00
722.76, 163.00
723.06, 169.00
723.37, 165.00
723.67, 163.00
723.98, 160.00
724.28, 164.00
724.59, 168.00
724.89, 175.00
725.20, 166.00
725.50, 176.00
725.81, 163.00
726.11, 162.00
726.42, 169.00
726.72, 174.00
727.03, 200.00
727.33, 176.00
727.64, 175.00
727.94, 159.00
728.25, 161.00
728.55, 163.00
728.86, 180.00
729.16, 160.00
729.46, 155.00
729.77, 163.00
730.07, 156.00
730.38, 156.00
730.68, 154.00
730.99, 167.00
731.29, 158.00
731.59, 166.00
731.90, 158.00
732.20, 157.00
732.51, 164.00
732.81, 160.00
733.11, 165.00
733.42, 163.00
733.72, 166.00
734.02, 168.00
734.33, 162.00
734.63, 171.00
734.94, 159.00
735.24, 157.00
735.54, 162.00
735.85, 165.00
736.15, 158.00
736.45, 163.00
736.76, 156.00
737.06, 157.00
737.36, 162.00
737.67, 161.00
737.97, 163.00
738.27, 158.00
738.57, 157.00
738.88, 155.00
739.18, 197.00
739.48, 163.00
739.79, 160.00
740.09, 158.00
740.39, 160.00
740.69, 166.00
741.00, 158.00
741.30, 169.00
741.60, 158.00
741.90, 156.00
742.21, 159.00
742.51, 208.00
742.81, 166.00
743.11, 170.00
743.42, 194.00
743.72, 170.00
744.02, 172.00
744.32, 178.00
744.63, 190.00
744.93, 184.00
745.23, 195.00
745.53, 191.00
745.83, 189.00
746.13, 185.00
746.44, 186.00
746.74, 180.00
747.04, 187.00
747.34, 186.00
747.64, 190.00
747.94, 180.00
748.25, 187.00
748.55, 186.00
748.85, 192.00
749.15, 199.00
749.45, 221.00
749.75, 209.00
750.05, 182.00
750.35, 178.00
750.66, 187.00
750.96, 169.00
751.26, 171.00
751.56, 166.00
751.86, 167.00
752.16, 159.00
752.46, 158.00
752.76, 159.00
753.06, 161.00
753.36, 200.00
753.66, 156.00
753.96, 162.00
754.27, 161.00
754.57, 157.00
754.87, 159.00
755.17, 159.00
755.47, 173.00
755.77, 160.00
756.07, 166.00
756.37, 173.00
756.67, 172.00
756.97, 166.00
757.27, 173.00
757.57, 174.00
757.87, 176.00
758.17, 170.00
758.47, 181.00
758.77, 175.00
759.07, 176.00
759.37, 173.00
759.67, 169.00
759.97, 179.00
760.27, 172.00
760.57, 169.00
760.86, 167.00
761.16, 172.00
761.46, 173.00
761.76, 194.00
762.06, 161.00
762.36, 171.00
762.66, 163.00
762.96, 163.00
763.26, 163.00
763.56, 195.00
763.86, 168.00
764.16, 156.00
764.45, 172.00
764.75, 166.00
765.05, 153.00
765.35, 150.00
765.65, 156.00
765.95, 153.00
766.25, 160.00
766.55, 161.00
766.84, 164.00
767.14, 158.00
767.44, 161.00
767.74, 162.00
768.04, 170.00
768.34, 163.00
768.63, 166.00
768.93, 170.00
769.23, 173.00
769.53, 173.00
769.83, 172.00
770.12, 171.00
770.42, 171.00
770.72, 178.00
771.02, 168.00
771.32, 171.00
771.61, 169.00
771.91, 180.00
772.21, 172.00
772.51, 172.00
772.80, 168.00
773.10, 177.00
773.40, 174.00
773.70, 181.00
773.99, 178.00
774.29, 177.00
774.59, 177.00
774.88, 181.00
775.18, 223.00
775.48, 502.00
775.78, 997.00
776.07, 1310.00
776.37, 1375.00
776.67, 1074.00
776.96, 722.00
777.26, 606.00
777.56, 470.00
777.85, 413.00
778.15, 372.00
778.45, 337.00
778.74, 283.00
779.04, 238.00
779.34, 197.00
779.63, 177.00
779.93, 160.00
780.22, 160.00
780.52, 151.00
780.82, 157.00
781.11, 153.00
781.41, 155.00
781.71, 156.00
782.00, 150.00
782.30, 155.00
782.59, 157.00
782.89, 157.00
783.19, 155.00
783.48, 152.00
783.78, 153.00
784.07, 162.00
784.37, 152.00
784.66, 151.00
784.96, 151.00
785.25, 149.00
785.55, 154.00
785.84, 152.00
786.14, 144.00
786.44, 146.00
786.73, 153.00
787.03, 151.00
787.32, 149.00
787.62, 147.00
787.91, 146.00
788.21, 153.00
788.50, 152.00
788.80, 149.00
789.09, 155.00
789.39, 154.00
789.68, 149.00
789.97, 156.00
790.27, 151.00
790.56, 151.00
790.86, 156.00
791.15, 151.00
791.45, 146.00
791.74, 171.00
792.04, 147.00
792.33, 145.00
792.62, 181.00
792.92, 146.00
793.21, 152.00
793.51, 152.00
793.80, 147.00
794.09, 151.00
794.39, 148.00
794.68, 144.00
794.98, 142.00
795.27, 146.00
795.56, 144.00
795.86, 151.00
796.15, 143.00
796.44, 151.00
796.74, 149.00
797.03, 142.00
797.32, 143.00
797.62, 134.00
797.91, 155.00
798.20, 144.00
798.50, 156.00
798.79, 156.00
799.08, 146.00
799.38, 150.00
799.67, 144.00
799.96, 156.00
800.26, 171.00
800.55, 151.00
800.84, 150.00
801.13, 149.00
801.43, 144.00
801.72, 187.00
802.01, 151.00
802.30, 151.00
802.60, 147.00
802.89, 152.00
803.18, 150.00
803.47, 153.00
803.77, 154.00
804.06, 153.00
804.35, 153.00
804.64, 171.00
804.94, 148.00
805.23, 149.00
805.52, 149.00
805.81, 147.00
806.10, 148.00
806.39, 147.00
806.69, 146.00
806.98, 148.00
807.27, 147.00
807.56, 148.00
807.85, 155.00
808.14, 149.00
808.44, 152.00
808.73, 147.00
809.02, 164.00
809.31, 151.00
809.60, 150.00
809.89, 159.00
810.18, 147.00
810.48, 155.00
810.77, 147.00
811.06, 144.00
811.35, 150.00
811.64, 156.00
811.93, 172.00
812.22, 149.00
812.51, 147.00
812.80, 145.00
813.09, 145.00
813.38, 143.00
813.67, 164.00
813.96, 148.00
814.26, 144.00
814.55, 142.00
814.84, 142.00
815.13, 156.00
815.42, 144.00
815.71, 149.00
816.00, 143.00
816.29, 150.00
816.58, 150.00
816.87, 150.00
817.16, 147.00
817.45, 152.00
817.74, 150.00
818.03, 144.00
818.32, 144.00
818.61, 148.00
818.90, 147.00
819.19, 140.00
819.48, 147.00
819.76, 147.00
820.05, 146.00
820.34, 146.00
820.63, 144.00
820.92, 146.00
821.21, 140.00
821.50, 145.00
821.79, 146.00
822.08, 145.00
822.37, 150.00
822.66, 144.00
822.95, 153.00
823.23, 146.00
823.52, 168.00
823.81, 149.00
824.10, 146.00
824.39, 147.00
824.68, 150.00
824.97, 164.00
825.26, 140.00
825.54, 190.00
825.83, 150.00
826.12, 143.00
826.41, 143.00
826.70, 146.00
826.99, 142.00
827.27, 147.00
827.56, 163.00
827.85, 145.00
828.14, 143.00
828.43, 147.00
828.71, 150.00
829.00, 148.00
829.29, 147.00
829.58, 150.00
829.86, 139.00
830.15, 143.00
830.44, 146.00
830.73, 145.00
831.01, 142.00
831.30, 146.00
831.59, 147.00
831.88, 143.00
832.16, 143.00
832.45, 152.00
832.74, 148.00
833.03, 146.00
833.31, 144.00
833.60, 146.00
833.89, 143.00
834.17, 150.00
834.46, 140.00
834.75, 147.00
835.03, 143.00
835.32, 145.00
835.61, 148.00
835.89, 157.00
836.18, 143.00
836.47, 143.00
836.75, 143.00
837.04, 147.00
837.33, 152.00
837.61, 145.00
837.90, 139.00
838.19, 144.00
838.47, 143.00
838.76, 147.00
839.04, 142.00
839.33, 139.00
839.62, 141.00
839.90, 145.00
840.19, 146.00
840.47, 141.00
840.76, 168.00
841.04, 144.00
841.33, 152.00
841.62, 145.00
841.90, 145.00
842.19, 145.00
842.47, 294.00
842.76, 144.00
843.04, 151.00
843.33, 180.00
843.61, 176.00
843.90, 173.00
844.18, 168.00
844.47, 172.00
844.75, 166.00
845.04, 157.00
845.32, 162.00
845.61, 159.00
845.89, 151.00
846.18, 152.00
846.46, 151.00
846.75, 155.00
847.03, 153.00
847.32, 144.00
847.60, 142.00
847.88, 143.00
848.17, 147.00
848.45, 165.00
848.74, 146.00
849.02, 143.00
849.31, 145.00
849.59, 144.00
849.87, 142.00
850.16, 144.00
850.44, 154.00
850.73, 172.00
851.01, 152.00
851.29, 146.00
851.58, 148.00
851.86, 146.00
852.14, 141.00
852.43, 149.00
852.71, 151.00
853.00, 142.00
853.28, 152.00
853.56, 142.00
853.85, 148.00
854.13, 143.00
854.41, 144.00
854.69, 144.00
854.98, 145.00
855.26, 192.00
855.54, 145.00
855.83, 149.00
856.11, 148.00
856.39, 139.00
856.68, 138.00
856.96, 140.00
857.24, 139.00
857.52, 150.00
857.81, 145.00
858.09, 145.00
858.37, 138.00
858.65, 141.00
858.94, 144.00
859.22, 143.00
