190.05, 0.00
190.41, 131.00
190.77, 133.00
191.14, 136.00
191.50, 137.00
191.86, 164.00
192.22, 150.00
192.58, 146.00
192.94, 150.00
193.31, 146.00
193.67, 146.00
194.03, 151.00
194.39, 144.00
194.75, 145.00
195.11, 157.00
195.47, 159.00
195.84, 142.00
196.20, 140.00
196.56, 162.00
196.92, 146.00
197.28, 148.00
197.64, 143.00
198.00, 141.00
198.37, 148.00
198.73, 147.00
199.09, 144.00
199.45, 138.00
199.81, 148.00
200.17, 152.00
200.53, 141.00
200.89, 152.00
201.25, 182.00
201.62, 144.00
201.98, 136.00
202.34, 141.00
202.70, 148.00
203.06, 143.00
203.42, 141.00
203.78, 141.00
204.14, 143.00
204.50, 164.00
204.86, 155.00
205.22, 147.00
205.58, 148.00
205.95, 143.00
206.31, 140.00
206.67, 146.00
207.03, 146.00
207.39, 152.00
207.75, 145.00
208.11, 143.00
208.47, 141.00
208.83, 151.00
209.19, 143.00
209.55, 141.00
209.91, 147.00
210.27, 145.00
210.63, 144.00
210.99, 155.00
211.35, 143.00
211.71, 145.00
212.07, 142.00
212.43, 148.00
212.79, 140.00
213.15, 142.00
213.51, 144.00
213.87, 157.00
214.23, 145.00
214.59, 143.00
214.95, 143.00
215.31, 142.00
215.67, 145.00
216.03, 179.00
216.39, 146.00
216.75, 146.00
217.11, 148.00
217.47, 145.00
217.83, 144.00
218.19, 143.00
218.55, 145.00
218.91, 149.00
219.27, 143.00
219.63, 142.00
219.99, 141.00
220.35, 139.00
220.71, 157.00
221.07, 140.00
221.43, 147.00
221.79, 144.00
222.15, 151.00
222.51, 147.00
222.87, 144.00
223.23, 144.00
223.59, 147.00
223.95, 146.00
224.31, 145.00
224.67, 140.00
225.03, 147.00
225.39, 160.00
225.74, 152.00
226.10, 146.00
226.46, 144.00
226.82, 146.00
227.18, 143.00
227.54, 146.00
227.90, 150.00
228.26, 152.00
228.62, 150.00
228.98, 141.00
229.34, 140.00
229.69, 149.00
230.05, 149.00
230.41, 142.00
230.77, 153.00
231.13, 158.00
231.49, 148.00
231.85, 142.00
232.21, 151.00
232.57, 148.00
232.92, 148.00
233.28, 145.00
233.64, 152.00
234.00, 144.00
234.36, 142.00
234.72, 146.00
235.08, 147.00
235.44, 150.00
235.79, 145.00
236.15, 142.00
236.51, 142.00
236.87, 141.00
237.23, 143.00
237.59, 141.00
237.94, 156.00
238.30, 143.00
238.66, 143.00
239.02, 146.00
239.38, 141.00
239.74, 141.00
240.09, 149.00
240.45, 146.00
240.81, 145.00
241.17, 150.00
241.53, 150.00
241.89, 145.00
242.24, 145.00
242.60, 142.00
242.96, 148.00
243.32, 144.00
243.68, 142.00
244.03, 145.00
244.39, 143.00
244.75, 163.00
245.11, 146.00
245.46, 146.00
245.82, 175.00
246.18, 148.00
246.54, 151.00
246.90, 152.00
247.25, 144.00
247.61, 141.00
247.97, 187.00
248.33, 143.00
248.68, 144.00
249.04, 144.00
249.40, 133.00
249.76, 147.00
250.11, 140.00
250.47, 149.00
250.83, 142.00
251.19, 148.00
251.54, 154.00
251.90, 146.00
252.26, 148.00
252.62, 142.00
252.97, 152.00
253.33, 144.00
253.69, 140.00
254.05, 152.00
254.40, 144.00
254.76, 143.00
255.12, 172.00
255.47, 148.00
255.83, 149.00
256.19, 145.00
256.54, 143.00
256.90, 141.00
257.26, 146.00
257.62, 142.00
257.97, 142.00
258.33, 148.00
258.69, 144.00
259.04, 145.00
259.40, 145.00
259.76, 151.00
260.11, 143.00
260.47, 140.00
260.83, 149.00
261.18, 144.00
261.54, 150.00
261.90, 153.00
262.25, 147.00
262.61, 143.00
262.97, 134.00
263.32, 142.00
263.68, 142.00
264.04, 150.00
264.39, 139.00
264.75, 141.00
265.10, 148.00
265.46, 186.00
265.82, 154.00
266.17, 143.00
266.53, 144.00
266.89, 148.00
267.24, 150.00
267.60, 144.00
267.95, 142.00
268.31, 145.00
268.67, 146.00
269.02, 144.00
269.38, 139.00
269.74, 151.00
270.09, 145.00
270.45, 145.00
270.80, 167.00
271.16, 147.00
271.51, 154.00
271.87, 149.00
272.23, 150.00
272.58, 152.00
272.94, 144.00
273.29, 140.00
273.65, 192.00
274.00, 149.00
274.36, 146.00
274.72, 141.00
275.07, 142.00
275.43, 141.00
275.78, 148.00
276.14, 144.00
276.49, 148.00
276.85, 154.00
277.20, 164.00
277.56, 143.00
277.92, 144.00
278.27, 147.00
278.63, 150.00
278.98, 146.00
279.34, 147.00
279.69, 149.00
280.05, 171.00
280.40, 157.00
280.76, 159.00
281.11, 161.00
281.47, 151.00
281.82, 148.00
282.18, 149.00
282.53, 154.00
282.89, 161.00
283.24, 162.00
283.60, 161.00
283.95, 162.00
284.31, 160.00
284.66, 172.00
285.02, 168.00
285.37, 163.00
285.73, 169.00
286.08, 166.00
286.44, 159.00
286.79, 163.00
287.14, 161.00
287.50, 160.00
287.85, 154.00
288.21, 154.00
288.56, 156.00
288.92, 157.00
289.27, 158.00
289.63, 155.00
289.98, 163.00
290.34, 158.00
290.69, 164.00
291.04, 149.00
291.40, 148.00
291.75, 151.00
292.11, 159.00
292.46, 151.00
292.81, 156.00
293.17, 155.00
293.52, 158.00
293.88, 168.00
294.23, 167.00
294.59, 175.00
294.94, 193.00
295.29, 193.00
295.65, 209.00
296.00, 223.00
296.36, 199.00
296.71, 193.00
297.06, 188.00
297.42, 196.00
297.77, 197.00
298.12, 189.00
298.48, 184.00
298.83, 173.00
299.19, 177.00
299.54, 178.00
299.89, 179.00
300.25, 177.00
300.60, 185.00
300.95, 178.00
301.31, 164.00
301.66, 158.00
302.01, 159.00
302.37, 154.00
302.72, 164.00
303.07, 163.00
303.43, 172.00
303.78, 168.00
304.13, 179.00
304.49, 180.00
304.84, 186.00
305.19, 210.00
305.55, 174.00
305.90, 192.00
306.25, 216.00
306.61, 274.00
306.96, 328.00
307.31, 411.00
307.66, 555.00
308.02, 721.00
308.37, 831.00
308.72, 951.00
309.08, 947.00
309.43, 908.00
309.78, 774.00
310.13, 671.00
310.49, 589.00
310.84, 479.00
311.19, 431.00
311.54, 384.00
311.90, 338.00
312.25, 316.00
312.60, 332.00
312.95, 393.00
313.31, 434.00
313.66, 432.00
314.01, 434.00
314.36, 443.00
314.72, 499.00
315.07, 657.00
315.42, 790.00
315.77, 845.00
316.13, 690.00
316.48, 474.00
316.83, 330.00
317.18, 250.00
317.54, 212.00
317.89, 187.00
318.24, 183.00
318.59, 175.00
318.94, 174.00
319.30, 174.00
319.65, 176.00
320.00, 179.00
320.35, 182.00
320.70, 190.00
321.05, 178.00
321.41, 177.00
321.76, 181.00
322.11, 170.00
322.46, 174.00
322.81, 207.00
323.17, 170.00
323.52, 168.00
323.87, 170.00
324.22, 164.00
324.57, 177.00
324.92, 176.00
325.27, 178.00
325.63, 192.00
325.98, 192.00
326.33, 208.00
326.68, 196.00
327.03, 196.00
327.38, 197.00
327.73, 204.00
328.09, 226.00
328.44, 246.00
328.79, 219.00
329.14, 254.00
329.49, 217.00
329.84, 207.00
330.19, 212.00
330.54, 208.00
330.89, 203.00
331.25, 203.00
331.60, 192.00
331.95, 184.00
332.30, 188.00
332.65, 194.00
333.00, 213.00
333.35, 265.00
333.70, 277.00
334.05, 242.00
334.40, 264.00
334.75, 295.00
335.10, 399.00
335.45, 573.00
335.81, 833.00
336.16, 1203.00
336.51, 1702.00
336.86, 1777.00
337.21, 1549.00
337.56, 957.00
337.91, 577.00
338.26, 365.00
338.61, 255.00
338.96, 213.00
339.31, 196.00
339.66, 189.00
340.01, 187.00
340.36, 179.00
340.71, 172.00
341.06, 173.00
341.41, 178.00
341.76, 173.00
342.11, 178.00
342.46, 174.00
342.81, 182.00
343.16, 178.00
343.51, 173.00
343.86, 188.00
344.21, 179.00
344.56, 174.00
344.91, 169.00
345.26, 184.00
345.61, 175.00
345.96, 177.00
346.31, 171.00
346.66, 206.00
347.01, 166.00
347.36, 194.00
347.71, 171.00
348.06, 171.00
348.41, 197.00
348.76, 212.00
349.10, 205.00
349.45, 227.00
349.80, 219.00
350.15, 218.00
350.50, 217.00
350.85, 214.00
351.20, 217.00
351.55, 256.00
351.90, 312.00
352.25, 380.00
352.60, 488.00
352.95, 612.00
353.30, 681.00
353.64, 604.00
353.99, 481.00
354.34, 395.00
354.69, 367.00
355.04, 383.00
355.39, 454.00
355.74, 579.00
356.09, 744.00
356.44, 946.00
356.78, 1240.00
357.13, 1423.00
357.48, 1379.00
357.83, 1062.00
358.18, 692.00
358.53, 453.00
358.88, 293.00
359.22, 234.00
359.57, 181.00
359.92, 189.00
360.27, 183.00
360.62, 183.00
360.97, 183.00
361.32, 179.00
361.66, 190.00
362.01, 181.00
362.36, 188.00
362.71, 189.00
363.06, 188.00
363.40, 189.00
363.75, 192.00
364.10, 195.00
364.45, 192.00
364.80, 185.00
365.14, 186.00
365.49, 196.00
365.84, 192.00
366.19, 208.00
366.54, 215.00
366.88, 236.00
367.23, 199.00
367.58, 245.00
367.93, 186.00
368.28, 184.00
368.62, 183.00
368.97, 208.00
369.32, 220.00
369.67, 233.00
370.01, 291.00
370.36, 302.00
370.71, 325.00
371.06, 276.00
371.40, 253.00
371.75, 218.00
372.10, 205.00
372.45, 197.00
372.79, 219.00
373.14, 234.00
373.49, 275.00
373.83, 323.00
374.18, 398.00
374.53, 510.00
374.88, 572.00
375.22, 567.00
375.57, 456.00
375.92, 355.00
376.26, 282.00
376.61, 228.00
376.96, 202.00
377.30, 214.00
377.65, 228.00
378.00, 251.00
378.35, 302.00
378.69, 378.00
379.04, 465.00
379.39, 613.00
379.73, 725.00
380.08, 752.00
380.43, 586.00
380.77, 416.00
381.12, 347.00
381.47, 267.00
381.81, 220.00
382.16, 206.00
382.50, 194.00
382.85, 269.00
383.20, 196.00
383.54, 213.00
383.89, 214.00
384.24, 216.00
384.58, 226.00
384.93, 260.00
385.27, 245.00
385.62, 252.00
385.97, 248.00
386.31, 238.00
386.66, 268.00
387.00, 243.00
387.35, 249.00
387.70, 272.00
388.04, 376.00
388.39, 380.00
388.73, 474.00
389.08, 572.00
389.43, 702.00
389.77, 841.00
390.12, 1032.00
390.46, 1417.00
390.81, 1552.00
391.15, 1509.00
391.50, 1136.00
391.85, 737.00
392.19, 531.00
392.54, 358.00
392.88, 288.00
393.23, 282.00
393.57, 299.00
393.92, 284.00
394.26, 250.00
394.61, 223.00
394.95, 200.00
395.30, 181.00
395.64, 182.00
395.99, 223.00
396.33, 195.00
396.68, 196.00
397.02, 209.00
397.37, 219.00
397.71, 252.00
398.06, 269.00
398.40, 305.00
398.75, 344.00
399.09, 380.00
399.44, 382.00
399.78, 323.00
400.13, 279.00
400.47, 222.00
400.82, 197.00
401.16, 189.00
401.51, 190.00
401.85, 181.00
402.20, 191.00
402.54, 195.00
402.88, 201.00
403.23, 210.00
403.57, 219.00
403.92, 247.00
404.26, 312.00
404.61, 298.00
404.95, 381.00
405.30, 365.00
405.64, 333.00
405.98, 315.00
406.33, 254.00
406.67, 212.00
407.02, 199.00
407.36, 196.00
407.70, 203.00
408.05, 203.00
408.39, 212.00
408.74, 223.00
409.08, 230.00
409.42, 212.00
409.77, 204.00
410.11, 208.00
410.46, 196.00
410.80, 216.00
411.14, 212.00
411.49, 225.00
411.83, 230.00
412.17, 224.00
412.52, 229.00
412.86, 246.00
413.20, 248.00
413.55, 247.00
413.89, 236.00
414.23, 223.00
414.58, 256.00
414.92, 207.00
415.26, 200.00
415.61, 194.00
415.95, 199.00
416.29, 209.00
416.64, 206.00
416.98, 203.00
417.32, 214.00
417.67, 247.00
418.01, 256.00
418.35, 258.00
418.70, 286.00
419.04, 335.00
419.38, 320.00
419.72, 302.00
420.07, 264.00
420.41, 235.00
420.75, 210.00
421.10, 192.00
421.44, 200.00
421.78, 204.00
422.12, 203.00
422.47, 212.00
422.81, 228.00
423.15, 239.00
423.49, 231.00
423.84, 229.00
424.18, 246.00
424.52, 255.00
424.86, 290.00
425.21, 359.00
425.55, 387.00
425.89, 472.00
426.23, 533.00
426.57, 675.00
426.92, 691.00
427.26, 720.00
427.60, 616.00
427.94, 438.00
428.28, 338.00
428.63, 272.00
428.97, 228.00
429.31, 202.00
429.65, 195.00
429.99, 188.00
430.34, 186.00
430.68, 187.00
431.02, 206.00
431.36, 189.00
431.70, 198.00
432.04, 200.00
432.39, 208.00
432.73, 215.00
433.07, 219.00
433.41, 236.00
433.75, 238.00
434.09, 234.00
434.43, 222.00
434.78, 213.00
435.12, 209.00
435.46, 220.00
435.80, 215.00
436.14, 222.00
436.48, 212.00
436.82, 221.00
437.16, 213.00
437.51, 214.00
437.85, 206.00
438.19, 245.00
438.53, 209.00
438.87, 218.00
439.21, 215.00
439.55, 232.00
439.89, 237.00
440.23, 230.00
440.57, 237.00
440.91, 241.00
441.26, 236.00
441.60, 216.00
441.94, 215.00
442.28, 217.00
442.62, 203.00
442.96, 198.00
443.30, 207.00
443.64, 197.00
443.98, 201.00
444.32, 199.00
444.66, 191.00
445.00, 200.00
445.34, 205.00
445.68, 197.00
446.02, 202.00
446.36, 196.00
446.70, 200.00
447.04, 203.00
447.38, 229.00
447.72, 217.00
448.06, 215.00
448.40, 214.00
448.74, 203.00
449.08, 203.00
449.42, 200.00
449.76, 196.00
450.10, 192.00
450.44, 190.00
450.78, 198.00
451.12, 202.00
451.46, 199.00
451.80, 201.00
452.14, 194.00
452.48, 188.00
452.82, 191.00
453.16, 186.00
453.50, 199.00
453.84, 188.00
454.18, 237.00
454.52, 210.00
454.86, 203.00
455.19, 218.00
455.53, 211.00
455.87, 209.00
456.21, 220.00
456.55, 216.00
456.89, 210.00
457.23, 209.00
457.57, 204.00
457.91, 223.00
458.25, 214.00
458.59, 224.00
458.92, 237.00
459.26, 233.00
459.60, 244.00
459.94, 230.00
460.28, 199.00
460.62, 205.00
460.96, 194.00
461.30, 186.00
461.63, 187.00
461.97, 189.00
462.31, 193.00
462.65, 193.00
462.99, 202.00
463.33, 208.00
463.67, 212.00
464.00, 207.00
464.34, 212.00
464.68, 219.00
465.02, 234.00
465.36, 230.00
465.70, 214.00
466.03, 221.00
466.37, 209.00
466.71, 215.00
467.05, 221.00
467.39, 241.00
467.72, 237.00
468.06, 256.00
468.40, 260.00
468.74, 274.00
469.08, 282.00
469.41, 301.00
469.75, 328.00
470.09, 354.00
470.43, 345.00
470.76, 297.00
471.10, 281.00
471.44, 270.00
471.78, 259.00
472.11, 244.00
472.45, 237.00
472.79, 236.00
473.13, 229.00
473.46, 238.00
473.80, 223.00
474.14, 219.00
474.48, 227.00
474.81, 220.00
475.15, 218.00
475.49, 224.00
475.82, 219.00
476.16, 216.00
476.50, 211.00
476.84, 222.00
477.17, 208.00
477.51, 206.00
477.85, 206.00
478.18, 227.00
478.52, 208.00
478.86, 265.00
479.19, 231.00
479.53, 208.00
479.87, 263.00
480.20, 227.00
480.54, 226.00
480.88, 216.00
481.21, 214.00
481.55, 209.00
481.89, 215.00
482.22, 214.00
482.56, 217.00
482.90, 221.00
483.23, 210.00
483.57, 217.00
483.90, 217.00
484.24, 210.00
484.58, 216.00
484.91, 218.00
485.25, 222.00
485.58, 216.00
485.92, 228.00
486.26, 227.00
486.59, 228.00
486.93, 224.00
487.26, 226.00
487.60, 233.00
487.94, 223.00
488.27, 227.00
488.61, 224.00
488.94, 218.00
489.28, 226.00
489.61, 225.00
489.95, 215.00
490.29, 234.00
490.62, 236.00
490.96, 233.00
491.29, 239.00
491.63, 223.00
491.96, 219.00
492.30, 217.00
492.63, 224.00
492.97, 213.00
493.30, 217.00
493.64, 227.00
493.97, 216.00
494.31, 224.00
494.64, 227.00
494.98, 222.00
495.31, 221.00
495.65, 222.00
495.98, 226.00
496.32, 220.00
496.65, 254.00
496.99, 222.00
497.32, 222.00
497.66, 208.00
497.99, 214.00
498.33, 205.00
498.66, 214.00
499.00, 219.00
499.33, 211.00
499.67, 210.00
500.00, 224.00
500.34, 221.00
500.67, 232.00
501.00, 230.00
501.34, 218.00
501.67, 226.00
502.01, 217.00
502.34, 214.00
502.68, 230.00
503.01, 245.00
503.34, 234.00
503.68, 234.00
504.01, 228.00
504.35, 237.00
504.68, 241.00
505.01, 234.00
505.35, 245.00
505.68, 233.00
506.02, 243.00
506.35, 241.00
506.68, 254.00
507.02, 252.00
507.35, 242.00
507.68, 235.00
508.02, 234.00
508.35, 245.00
508.69, 229.00
509.02, 237.00
509.35, 230.00
509.69, 232.00
510.02, 235.00
510.35, 226.00
510.69, 232.00
511.02, 225.00
511.35, 219.00
511.69, 219.00
512.02, 220.00
512.35, 225.00
512.68, 219.00
513.02, 219.00
513.35, 215.00
513.68, 216.00
514.02, 223.00
514.35, 212.00
514.68, 223.00
515.01, 212.00
515.35, 224.00
515.68, 211.00
516.01, 214.00
516.35, 209.00
516.68, 211.00
517.01, 209.00
517.34, 233.00
517.68, 211.00
518.01, 223.00
518.34, 213.00
518.67, 211.00
519.01, 223.00
519.34, 223.00
519.67, 236.00
520.00, 218.00
520.33, 220.00
520.67, 224.00
521.00, 222.00
521.33, 228.00
521.66, 240.00
522.00, 230.00
522.33, 230.00
522.66, 228.00
522.99, 216.00
523.32, 214.00
523.65, 222.00
523.99, 227.00
524.32, 226.00
524.65, 214.00
524.98, 226.00
525.31, 222.00
525.65, 249.00
525.98, 218.00
526.31, 214.00
526.64, 228.00
526.97, 214.00
527.30, 214.00
527.63, 216.00
527.97, 208.00
528.30, 210.00
528.63, 216.00
528.96, 237.00
529.29, 213.00
529.62, 213.00
529.95, 210.00
530.28, 210.00
530.61, 206.00
530.95, 209.00
531.28, 202.00
531.61, 217.00
531.94, 222.00
532.27, 229.00
532.60, 217.00
532.93, 219.00
533.26, 213.00
533.59, 205.00
533.92, 208.00
534.25, 201.00
534.58, 242.00
534.91, 208.00
535.25, 200.00
535.58, 199.00
535.91, 197.00
536.24, 203.00
536.57, 207.00
536.90, 197.00
537.23, 204.00
537.56, 242.00
537.89, 204.00
538.22, 203.00
538.55, 202.00
538.88, 202.00
539.21, 309.00
539.54, 197.00
539.87, 196.00
540.20, 206.00
540.53, 198.00
540.86, 228.00
541.19, 193.00
541.52, 200.00
541.85, 201.00
542.18, 217.00
542.51, 210.00
542.84, 222.00
543.17, 207.00
543.50, 214.00
543.82, 213.00
544.15, 213.00
544.48, 209.00
544.81, 207.00
545.14, 238.00
545.47, 206.00
545.80, 237.00
546.13, 206.00
546.46, 246.00
546.79, 232.00
547.12, 203.00
547.45, 202.00
547.78, 205.00
548.10, 199.00
548.43, 201.00
548.76, 203.00
549.09, 203.00
549.42, 200.00
549.75, 206.00
550.08, 204.00
550.41, 207.00
550.74, 210.00
551.06, 211.00
551.39, 212.00
551.72, 201.00
552.05, 202.00
552.38, 203.00
552.71, 203.00
553.03, 207.00
553.36, 197.00
553.69, 216.00
554.02, 206.00
554.35, 216.00
554.68, 209.00
555.00, 211.00
555.33, 203.00
555.66, 212.00
555.99, 230.00
556.32, 213.00
556.64, 221.00
556.97, 234.00
557.30, 226.00
557.63, 228.00
557.96, 227.00
558.28, 222.00
558.61, 232.00
558.94, 230.00
559.27, 223.00
559.59, 226.00
559.92, 224.00
560.25, 216.00
560.58, 224.00
560.90, 218.00
561.23, 214.00
561.56, 218.00
561.89, 213.00
562.21, 204.00
562.54, 204.00
562.87, 205.00
563.20, 205.00
563.52, 200.00
563.85, 203.00
564.18, 221.00
564.50, 197.00
564.83, 235.00
565.16, 258.00
565.48, 186.00
565.81, 200.00
566.14, 183.00
566.47, 185.00
566.79, 189.00
567.12, 191.00
567.45, 217.00
567.77, 192.00
568.10, 198.00
568.43, 183.00
568.75, 190.00
569.08, 197.00
569.40, 225.00
569.73, 195.00
570.06, 191.00
570.38, 189.00
570.71, 190.00
571.04, 186.00
571.36, 189.00
571.69, 200.00
572.01, 194.00
572.34, 193.00
572.67, 197.00
572.99, 197.00
573.32, 204.00
573.64, 188.00
573.97, 186.00
574.30, 187.00
574.62, 181.00
574.95, 192.00
575.27, 191.00
575.60, 183.00
575.92, 183.00
576.25, 185.00
576.58, 198.00
576.90, 192.00
577.23, 234.00
577.55, 193.00
577.88, 194.00
578.20, 184.00
578.53, 191.00
578.85, 208.00
579.18, 203.00
579.50, 192.00
579.83, 193.00
580.15, 191.00
580.48, 192.00
580.80, 194.00
581.13, 196.00
581.45, 183.00
581.78, 194.00
582.10, 196.00
582.43, 197.00
582.75, 193.00
583.08, 196.00
583.40, 193.00
583.73, 259.00
584.05, 193.00
584.38, 193.00
584.70, 245.00
585.03, 189.00
585.35, 201.00
585.67, 201.00
586.00, 220.00
586.32, 234.00
586.65, 246.00
586.97, 245.00
587.30, 226.00
587.62, 217.00
587.94, 225.00
588.27, 210.00
588.59, 210.00
588.92, 202.00
589.24, 196.00
589.56, 203.00
589.89, 212.00
590.21, 198.00
590.54, 196.00
590.86, 207.00
591.18, 203.00
591.51, 196.00
591.83, 211.00
592.15, 203.00
592.48, 202.00
592.80, 212.00
593.13, 206.00
593.45, 212.00
593.77, 208.00
594.10, 210.00
594.42, 219.00
594.74, 215.00
595.07, 219.00
595.39, 217.00
595.71, 224.00
596.03, 226.00
596.36, 232.00
596.68, 230.00
597.00, 233.00
597.33, 231.00
597.65, 243.00
597.97, 242.00
598.30, 241.00
598.62, 234.00
598.94, 228.00
599.26, 229.00
599.59, 234.00
599.91, 242.00
600.23, 228.00
600.55, 227.00
600.88, 224.00
601.20, 212.00
601.52, 212.00
601.84, 200.00
602.17, 202.00
602.49, 199.00
602.81, 196.00
603.13, 202.00
603.45, 202.00
603.78, 190.00
604.10, 195.00
604.42, 191.00
604.74, 179.00
605.07, 190.00
605.39, 186.00
605.71, 189.00
606.03, 192.00
606.35, 181.00
606.67, 196.00
607.00, 190.00
607.32, 188.00
607.64, 186.00
607.96, 182.00
608.28, 180.00
608.60, 176.00
608.93, 174.00
609.25, 184.00
609.57, 190.00
609.89, 186.00
610.21, 182.00
610.53, 182.00
610.85, 176.00
611.17, 179.00
611.50, 189.00
611.82, 177.00
612.14, 174.00
612.46, 183.00
612.78, 172.00
613.10, 176.00
613.42, 176.00
613.74, 188.00
614.06, 226.00
614.38, 214.00
614.70, 211.00
615.03, 219.00
615.35, 217.00
615.67, 309.00
615.99, 191.00
616.31, 191.00
616.63, 192.00
616.95, 184.00
617.27, 177.00
617.59, 178.00
617.91, 178.00
618.23, 190.00
618.55, 179.00
618.87, 176.00
619.19, 177.00
619.51, 179.00
619.83, 170.00
620.15, 171.00
620.47, 182.00
620.79, 178.00
621.11, 179.00
621.43, 173.00
621.75, 183.00
622.07, 175.00
622.39, 175.00
622.71, 174.00
623.03, 175.00
623.35, 225.00
623.67, 175.00
623.99, 175.00
624.31, 175.00
624.63, 178.00
624.95, 174.00
625.26, 181.00
625.58, 173.00
625.90, 203.00
626.22, 173.00
626.54, 168.00
626.86, 178.00
627.18, 177.00
627.50, 179.00
627.82, 180.00
628.14, 174.00
628.46, 185.00
628.77, 181.00
629.09, 181.00
629.41, 186.00
629.73, 184.00
630.05, 189.00
630.37, 180.00
630.69, 189.00
631.00, 198.00
631.32, 203.00
631.64, 178.00
631.96, 186.00
632.28, 185.00
632.60, 192.00
632.92, 188.00
633.23, 192.00
633.55, 201.00
633.87, 205.00
634.19, 203.00
634.51, 210.00
634.82, 219.00
635.14, 219.00
635.46, 220.00
635.78, 216.00
636.10, 214.00
636.41, 215.00
636.73, 214.00
637.05, 216.00
637.37, 220.00
637.68, 208.00
638.00, 216.00
638.32, 221.00
638.64, 222.00
638.95, 235.00
639.27, 228.00
639.59, 227.00
639.91, 224.00
640.22, 217.00
640.54, 215.00
640.86, 210.00
641.18, 217.00
641.49, 227.00
641.81, 203.00
642.13, 222.00
642.44, 200.00
642.76, 200.00
643.08, 205.00
643.40, 197.00
643.71, 212.00
644.03, 221.00
644.35, 215.00
644.66, 217.00
644.98, 216.00
645.30, 203.00
645.61, 227.00
645.93, 193.00
646.25, 190.00
646.56, 207.00
646.88, 224.00
647.19, 187.00
647.51, 194.00
647.83, 190.00
648.14, 176.00
648.46, 187.00
648.78, 189.00
649.09, 191.00
649.41, 235.00
649.72, 197.00
650.04, 213.00
650.36, 210.00
650.67, 204.00
650.99, 213.00
651.30, 210.00
651.62, 212.00
651.93, 211.00
652.25, 222.00
652.57, 254.00
652.88, 217.00
653.20, 217.00
653.51, 213.00
653.83, 206.00
654.14, 198.00
654.46, 191.00
654.77, 193.00
655.09, 207.00
655.40, 210.00
655.72, 197.00
656.04, 191.00
656.35, 200.00
656.67, 188.00
656.98, 197.00
657.30, 195.00
657.61, 197.00
657.93, 202.00
658.24, 203.00
658.55, 241.00
658.87, 205.00
659.18, 203.00
659.50, 211.00
659.81, 217.00
660.13, 205.00
660.44, 206.00
660.76, 200.00
661.07, 218.00
661.39, 201.00
661.70, 201.00
662.01, 197.00
662.33, 184.00
662.64, 190.00
662.96, 183.00
663.27, 180.00
663.59, 176.00
663.90, 180.00
664.21, 179.00
664.53, 204.00
664.84, 183.00
665.16, 211.00
665.47, 178.00
665.78, 185.00
666.10, 198.00
666.41, 195.00
666.72, 197.00
667.04, 205.00
667.35, 199.00
667.67, 199.00
667.98, 200.00
668.29, 194.00
668.61, 193.00
668.92, 192.00
669.23, 187.00
669.55, 188.00
669.86, 210.00
670.17, 185.00
670.48, 181.00
670.80, 178.00
671.11, 176.00
671.42, 172.00
671.74, 185.00
672.05, 176.00
672.36, 182.00
672.68, 182.00
672.99, 181.00
673.30, 184.00
673.61, 194.00
673.93, 192.00
674.24, 201.00
674.55, 197.00
674.86, 202.00
675.18, 209.00
675.49, 212.00
675.80, 201.00
676.11, 208.00
676.43, 201.00
676.74, 209.00
677.05, 211.00
677.36, 214.00
677.67, 205.00
677.99, 208.00
678.30, 196.00
678.61, 190.00
678.92, 187.00
679.23, 192.00
679.55, 181.00
679.86, 179.00
680.17, 180.00
680.48, 180.00
680.79, 182.00
681.10, 174.00
681.42, 171.00
681.73, 173.00
682.04, 168.00
682.35, 170.00
682.66, 172.00
682.97, 171.00
683.28, 175.00
683.60, 172.00
683.91, 176.00
684.22, 188.00
684.53, 177.00
684.84, 171.00
685.15, 174.00
685.46, 200.00
685.77, 166.00
686.08, 170.00
686.40, 210.00
686.71, 164.00
687.02, 167.00
687.33, 167.00
687.64, 158.00
687.95, 164.00
688.26, 162.00
688.57, 164.00
688.88, 166.00
689.19, 158.00
689.50, 157.00
689.81, 162.00
690.12, 162.00
690.43, 176.00
690.74, 158.00
691.05, 153.00
691.36, 167.00
691.67, 159.00
691.98, 163.00
692.29, 149.00
692.60, 165.00
692.91, 153.00
693.22, 156.00
693.53, 157.00
693.84, 161.00
694.15, 155.00
694.46, 156.00
694.77, 150.00
695.08, 161.00
695.39, 170.00
695.70, 152.00
696.01, 159.00
696.32, 158.00
696.63, 157.00
696.94, 160.00
697.25, 156.00
697.56, 164.00
697.87, 169.00
698.17, 203.00
698.48, 161.00
698.79, 162.00
699.10, 158.00
699.41, 162.00
699.72, 162.00
700.03, 155.00
700.34, 159.00
700.65, 163.00
700.95, 163.00
701.26, 157.00
701.57, 155.00
701.88, 154.00
702.19, 170.00
702.50, 165.00
702.81, 154.00
703.11, 181.00
703.42, 154.00
703.73, 162.00
704.04, 152.00
704.35, 166.00
704.66, 188.00
704.96, 257.00
705.27, 298.00
705.58, 319.00
705.89, 300.00
706.20, 261.00
706.50, 234.00
706.81, 226.00
707.12, 199.00
707.43, 199.00
707.73, 182.00
708.04, 165.00
708.35, 170.00
708.66, 157.00
708.97, 156.00
709.27, 157.00
709.58, 161.00
709.89, 156.00
710.19, 153.00
710.50, 163.00
710.81, 157.00
711.12, 163.00
711.42, 160.00
711.73, 163.00
712.04, 161.00
712.35, 158.00
712.65, 151.00
712.96, 162.00
713.27, 159.00
713.57, 186.00
713.88, 172.00
714.19, 157.00
714.49, 165.00
714.80, 168.00
715.11, 163.00
715.41, 157.00
715.72, 155.00
716.03, 152.00
716.33, 162.00
716.64, 154.00
716.94, 160.00
717.25, 158.00
717.56, 163.00
717.86, 160.00
718.17, 154.00
718.48, 155.00
718.78, 156.00
719.09, 151.00
719.39, 155.00
719.70, 151.00
720.01, 158.00
720.31, 159.00
720.62, 159.00
720.92, 158.00
721.23, 163.00
721.53, 165.00
721.84, 160.00
722.15, 167.00
722.45, 159.00
722.76, 160.00
723.06, 160.00
723.37, 159.00
723.67, 157.00
723.98, 157.00
724.28, 166.00
724.59, 160.00
724.89, 161.00
725.20, 159.00
725.50, 172.00
725.81, 161.00
726.11, 162.00
726.42, 163.00
726.72, 168.00
727.03, 205.00
727.33, 167.00
727.64, 168.00
727.94, 161.00
728.25, 162.00
728.55, 153.00
728.86, 178.00
729.16, 158.00
729.46, 153.00
729.77, 162.00
730.07, 162.00
730.38, 155.00
730.68, 153.00
730.99, 164.00
731.29, 158.00
731.59, 160.00
731.90, 157.00
732.20, 159.00
732.51, 162.00
732.81, 157.00
733.11, 167.00
733.42, 162.00
733.72, 166.00
734.02, 159.00
734.33, 156.00
734.63, 156.00
734.94, 153.00
735.24, 156.00
735.54, 165.00
735.85, 158.00
736.15, 151.00
736.45, 156.00
736.76, 157.00
737.06, 156.00
737.36, 162.00
737.67, 159.00
737.97, 157.00
738.27, 159.00
738.57, 149.00
738.88, 157.00
739.18, 196.00
739.48, 155.00
739.79, 150.00
740.09, 153.00
740.39, 158.00
740.69, 169.00
741.00, 155.00
741.30, 160.00
741.60, 158.00
741.90, 161.00
742.21, 158.00
742.51, 199.00
742.81, 164.00
743.11, 163.00
743.42, 194.00
743.72, 164.00
744.02, 173.00
744.32, 173.00
744.63, 178.00
744.93, 177.00
745.23, 171.00
745.53, 184.00
745.83, 175.00
746.13, 178.00
746.44, 174.00
746.74, 171.00
747.04, 187.00
747.34, 176.00
747.64, 180.00
747.94, 180.00
748.25, 179.00
748.55, 178.00
748.85, 186.00
749.15, 188.00
749.45, 211.00
749.75, 200.00
750.05, 176.00
750.35, 168.00
750.66, 179.00
750.96, 168.00
751.26, 160.00
751.56, 162.00
751.86, 166.00
752.16, 158.00
752.46, 153.00
752.76, 160.00
753.06, 157.00
753.36, 206.00
753.66, 153.00
753.96, 165.00
754.27, 155.00
754.57, 154.00
754.87, 155.00
755.17, 153.00
755.47, 158.00
755.77, 163.00
756.07, 160.00
756.37, 163.00
756.67, 164.00
756.97, 169.00
757.27, 172.00
757.57, 162.00
757.87, 165.00
758.17, 163.00
758.47, 170.00
758.77, 174.00
759.07, 165.00
759.37, 167.00
759.67, 163.00
759.97, 170.00
760.27, 162.00
760.57, 165.00
760.86, 167.00
761.16, 162.00
761.46, 168.00
761.76, 196.00
762.06, 164.00
762.36, 169.00
762.66, 161.00
762.96, 161.00
763.26, 161.00
763.56, 188.00
763.86, 168.00
764.16, 155.00
764.45, 168.00
764.75, 160.00
765.05, 156.00
765.35, 149.00
765.65, 153.00
765.95, 151.00
766.25, 157.00
766.55, 165.00
766.84, 155.00
767.14, 157.00
767.44, 150.00
767.74, 163.00
768.04, 162.00
768.34, 160.00
768.63, 158.00
768.93, 163.00
769.23, 166.00
769.53, 168.00
769.83, 166.00
770.12, 168.00
770.42, 169.00
770.72, 166.00
771.02, 160.00
771.32, 167.00
771.61, 163.00
771.91, 172.00
772.21, 165.00
772.51, 165.00
772.80, 170.00
773.10, 162.00
773.40, 169.00
773.70, 166.00
773.99, 170.00
774.29, 173.00
774.59, 178.00
774.88, 171.00
775.18, 198.00
775.48, 410.00
775.78, 753.00
776.07, 968.00
776.37, 1033.00
776.67, 810.00
776.96, 552.00
777.26, 482.00
777.56, 370.00
777.85, 331.00
778.15, 301.00
778.45, 276.00
778.74, 248.00
779.04, 210.00
779.34, 191.00
779.63, 172.00
779.93, 154.00
780.22, 155.00
780.52, 154.00
780.82, 149.00
781.11, 152.00
781.41, 150.00
781.71, 152.00
782.00, 153.00
782.30, 154.00
782.59, 156.00
782.89, 155.00
783.19, 147.00
783.48, 148.00
783.78, 148.00
784.07, 159.00
784.37, 148.00
784.66, 145.00
784.96, 149.00
785.25, 147.00
785.55, 146.00
785.84, 156.00
786.14, 147.00
786.44, 146.00
786.73, 150.00
787.03, 150.00
787.32, 145.00
787.62, 145.00
787.91, 145.00
788.21, 148.00
788.50, 143.00
788.80, 147.00
789.09, 151.00
789.39, 146.00
789.68, 143.00
789.97, 154.00
790.27, 149.00
790.56, 152.00
790.86, 154.00
791.15, 144.00
791.45, 142.00
791.74, 169.00
792.04, 147.00
792.33, 145.00
792.62, 178.00
792.92, 149.00
793.21, 146.00
793.51, 153.00
793.80, 150.00
794.09, 144.00
794.39, 143.00
794.68, 141.00
794.98, 145.00
795.27, 150.00
795.56, 148.00
795.86, 148.00
796.15, 150.00
796.44, 151.00
796.74, 142.00
797.03, 146.00
797.32, 148.00
797.62, 154.00
797.91, 154.00
798.20, 143.00
798.50, 152.00
798.79, 159.00
799.08, 148.00
799.38, 144.00
799.67, 144.00
799.96, 165.00
800.26, 166.00
800.55, 147.00
800.84, 148.00
801.13, 149.00
801.43, 146.00
801.72, 188.00
802.01, 145.00
802.30, 146.00
802.60, 147.00
802.89, 153.00
803.18, 151.00
803.47, 147.00
803.77, 153.00
804.06, 152.00
804.35, 152.00
804.64, 163.00
804.94, 146.00
805.23, 147.00
805.52, 146.00
805.81, 148.00
806.10, 150.00
806.39, 149.00
806.69, 148.00
806.98, 142.00
807.27, 147.00
807.56, 157.00
807.85, 149.00
808.14, 143.00
808.44, 149.00
808.73, 146.00
809.02, 168.00
809.31, 149.00
809.60, 150.00
809.89, 158.00
810.18, 145.00
810.48, 159.00
810.77, 148.00
811.06, 147.00
811.35, 144.00
811.64, 153.00
811.93, 167.00
812.22, 148.00
812.51, 145.00
812.80, 150.00
813.09, 146.00
813.38, 148.00
813.67, 168.00
813.96, 148.00
814.26, 143.00
814.55, 149.00
814.84, 144.00
815.13, 151.00
815.42, 146.00
815.71, 148.00
816.00, 143.00
816.29, 152.00
816.58, 150.00
816.87, 143.00
817.16, 148.00
817.45, 142.00
817.74, 149.00
818.03, 146.00
818.32, 150.00
818.61, 148.00
818.90, 146.00
819.19, 149.00
819.48, 145.00
819.76, 140.00
820.05, 146.00
820.34, 142.00
820.63, 146.00
820.92, 140.00
821.21, 141.00
821.50, 138.00
821.79, 145.00
822.08, 150.00
822.37, 150.00
822.66, 149.00
822.95, 143.00
823.23, 147.00
823.52, 164.00
823.81, 149.00
824.10, 141.00
824.39, 150.00
824.68, 146.00
824.97, 162.00
825.26, 137.00
825.54, 198.00
825.83, 148.00
826.12, 146.00
826.41, 146.00
826.70, 143.00
826.99, 155.00
827.27, 142.00
827.56, 163.00
827.85, 141.00
828.14, 142.00
828.43, 149.00
828.71, 149.00
829.00, 145.00
829.29, 140.00
829.58, 149.00
829.86, 140.00
830.15, 143.00
830.44, 148.00
830.73, 146.00
831.01, 140.00
831.30, 142.00
831.59, 140.00
831.88, 143.00
832.16, 144.00
832.45, 149.00
832.74, 143.00
833.03, 144.00
833.31, 148.00
833.60, 148.00
833.89, 141.00
834.17, 150.00
834.46, 142.00
834.75, 142.00
835.03, 148.00
835.32, 145.00
835.61, 146.00
835.89, 160.00
836.18, 144.00
836.47, 143.00
836.75, 144.00
837.04, 141.00
837.33, 149.00
837.61, 144.00
837.90, 142.00
838.19, 141.00
838.47, 140.00
838.76, 142.00
839.04, 143.00
839.33, 144.00
839.62, 143.00
839.90, 150.00
840.19, 144.00
840.47, 144.00
840.76, 170.00
841.04, 146.00
841.33, 147.00
841.62, 146.00
841.90, 146.00
842.19, 144.00
842.47, 304.00
842.76, 148.00
843.04, 151.00
843.33, 179.00
843.61, 168.00
843.90, 169.00
844.18, 168.00
844.47, 162.00
844.75, 164.00
845.04, 153.00
845.32, 155.00
845.61, 149.00
845.89, 153.00
846.18, 150.00
846.46, 151.00
846.75, 148.00
847.03, 166.00
847.32, 144.00
847.60, 143.00
847.88, 143.00
848.17, 151.00
848.45, 161.00
848.74, 147.00
849.02, 145.00
849.31, 143.00
849.59, 143.00
849.87, 143.00
850.16, 143.00
850.44, 147.00
850.73, 171.00
851.01, 154.00
851.29, 142.00
851.58, 148.00
851.86, 141.00
852.14, 139.00
852.43, 152.00
852.71, 146.00
853.00, 146.00
853.28, 150.00
853.56, 143.00
853.85, 147.00
854.13, 148.00
854.41, 143.00
854.69, 142.00
854.98, 144.00
855.26, 194.00
855.54, 148.00
855.83, 144.00
856.11, 149.00
856.39, 143.00
856.68, 136.00
856.96, 154.00
857.24, 140.00
857.52, 151.00
857.81, 148.00
858.09, 145.00
858.37, 142.00
858.65, 138.00
858.94, 141.00
859.22, 149.00
