190.05, 0.00
190.41, 134.00
190.77, 132.00
191.14, 133.00
191.50, 136.00
191.86, 165.00
192.22, 148.00
192.58, 148.00
192.94, 139.00
193.31, 142.00
193.67, 143.00
194.03, 157.00
194.39, 141.00
194.75, 142.00
195.11, 154.00
195.47, 164.00
195.84, 140.00
196.20, 144.00
196.56, 156.00
196.92, 147.00
197.28, 147.00
197.64, 141.00
198.00, 141.00
198.37, 149.00
198.73, 144.00
199.09, 141.00
199.45, 138.00
199.81, 148.00
200.17, 154.00
200.53, 144.00
200.89, 158.00
201.25, 182.00
201.62, 144.00
201.98, 143.00
202.34, 144.00
202.70, 157.00
203.06, 145.00
203.42, 146.00
203.78, 145.00
204.14, 146.00
204.50, 181.00
204.86, 161.00
205.22, 149.00
205.58, 152.00
205.95, 146.00
206.31, 144.00
206.67, 149.00
207.03, 151.00
207.39, 151.00
207.75, 145.00
208.11, 145.00
208.47, 142.00
208.83, 147.00
209.19, 148.00
209.55, 149.00
209.91, 150.00
210.27, 148.00
210.63, 146.00
210.99, 155.00
211.35, 146.00
211.71, 152.00
212.07, 148.00
212.43, 152.00
212.79, 149.00
213.15, 146.00
213.51, 147.00
213.87, 151.00
214.23, 146.00
214.59, 147.00
214.95, 144.00
215.31, 143.00
215.67, 147.00
216.03, 180.00
216.39, 148.00
216.75, 146.00
217.11, 152.00
217.47, 148.00
217.83, 148.00
218.19, 150.00
218.55, 149.00
218.91, 149.00
219.27, 150.00
219.63, 147.00
219.99, 146.00
220.35, 143.00
220.71, 152.00
221.07, 145.00
221.43, 147.00
221.79, 142.00
222.15, 144.00
222.51, 144.00
222.87, 142.00
223.23, 144.00
223.59, 149.00
223.95, 150.00
224.31, 142.00
224.67, 142.00
225.03, 148.00
225.39, 149.00
225.74, 149.00
226.10, 138.00
226.46, 143.00
226.82, 146.00
227.18, 154.00
227.54, 145.00
227.90, 149.00
228.26, 150.00
228.62, 152.00
228.98, 140.00
229.34, 144.00
229.69, 148.00
230.05, 145.00
230.41, 143.00
230.77, 156.00
231.13, 150.00
231.49, 151.00
231.85, 144.00
232.21, 151.00
232.57, 149.00
232.92, 141.00
233.28, 140.00
233.64, 145.00
234.00, 145.00
234.36, 141.00
234.72, 147.00
235.08, 147.00
235.44, 143.00
235.79, 141.00
236.15, 147.00
236.51, 143.00
236.87, 139.00
237.23, 142.00
237.59, 140.00
237.94, 156.00
238.30, 144.00
238.66, 139.00
239.02, 148.00
239.38, 145.00
239.74, 144.00
240.09, 158.00
240.45, 146.00
240.81, 147.00
241.17, 149.00
241.53, 147.00
241.89, 143.00
242.24, 146.00
242.60, 145.00
242.96, 155.00
243.32, 150.00
243.68, 145.00
244.03, 148.00
244.39, 147.00
244.75, 164.00
245.11, 146.00
245.46, 148.00
245.82, 173.00
246.18, 147.00
246.54, 148.00
246.90, 147.00
247.25, 145.00
247.61, 141.00
247.97, 186.00
248.33, 147.00
248.68, 143.00
249.04, 143.00
249.40, 143.00
249.76, 146.00
250.11, 141.00
250.47, 150.00
250.83, 147.00
251.19, 149.00
251.54, 150.00
251.90, 144.00
252.26, 142.00
252.62, 140.00
252.97, 146.00
253.33, 143.00
253.69, 143.00
254.05, 146.00
254.40, 142.00
254.76, 141.00
255.12, 173.00
255.47, 149.00
255.83, 145.00
256.19, 147.00
256.54, 140.00
256.90, 146.00
257.26, 142.00
257.62, 149.00
257.97, 146.00
258.33, 148.00
258.69, 144.00
259.04, 145.00
259.40, 145.00
259.76, 146.00
260.11, 141.00
260.47, 144.00
260.83, 148.00
261.18, 145.00
261.54, 150.00
261.90, 150.00
262.25, 140.00
262.61, 141.00
262.97, 144.00
263.32, 140.00
263.68, 142.00
264.04, 148.00
264.39, 141.00
264.75, 143.00
265.10, 145.00
265.46, 189.00
265.82, 160.00
266.17, 150.00
266.53, 141.00
266.89, 149.00
267.24, 148.00
267.60, 141.00
267.95, 141.00
268.31, 143.00
268.67, 147.00
269.02, 144.00
269.38, 142.00
269.74, 154.00
270.09, 145.00
270.45, 142.00
270.80, 167.00
271.16, 151.00
271.51, 152.00
271.87, 150.00
272.23, 150.00
272.58, 151.00
272.94, 144.00
273.29, 140.00
273.65, 194.00
274.00, 144.00
274.36, 144.00
274.72, 141.00
275.07, 143.00
275.43, 141.00
275.78, 149.00
276.14, 145.00
276.49, 154.00
276.85, 159.00
277.20, 173.00
277.56, 146.00
277.92, 146.00
278.27, 146.00
278.63, 155.00
278.98, 143.00
279.34, 147.00
279.69, 149.00
280.05, 165.00
280.40, 156.00
280.76, 164.00
281.11, 151.00
281.47, 153.00
281.82, 150.00
282.18, 156.00
282.53, 158.00
282.89, 165.00
283.24, 162.00
283.60, 158.00
283.95, 162.00
284.31, 163.00
284.66, 170.00
285.02, 168.00
285.37, 169.00
285.73, 169.00
286.08, 179.00
286.44, 153.00
286.79, 160.00
287.14, 160.00
287.50, 154.00
287.85, 145.00
288.21, 152.00
288.56, 151.00
288.92, 159.00
289.27, 157.00
289.63, 152.00
289.98, 161.00
290.34, 155.00
290.69, 159.00
291.04, 148.00
291.40, 155.00
291.75, 153.00
292.11, 158.00
292.46, 149.00
292.81, 159.00
293.17, 155.00
293.52, 161.00
293.88, 163.00
294.23, 179.00
294.59, 182.00
294.94, 194.00
295.29, 206.00
295.65, 210.00
296.00, 220.00
296.36, 196.00
296.71, 188.00
297.06, 198.00
297.42, 200.00
297.77, 193.00
298.12, 191.00
298.48, 180.00
298.83, 177.00
299.19, 173.00
299.54, 182.00
299.89, 182.00
300.25, 180.00
300.60, 183.00
300.95, 172.00
301.31, 167.00
301.66, 153.00
302.01, 154.00
302.37, 157.00
302.72, 163.00
303.07, 165.00
303.43, 174.00
303.78, 167.00
304.13, 176.00
304.49, 175.00
304.84, 187.00
305.19, 216.00
305.55, 175.00
305.90, 187.00
306.25, 221.00
306.61, 268.00
306.96, 327.00
307.31, 407.00
307.66, 572.00
308.02, 736.00
308.37, 850.00
308.72, 945.00
309.08, 943.00
309.43, 904.00
309.78, 776.00
310.13, 673.00
310.49, 601.00
310.84, 474.00
311.19, 431.00
311.54, 384.00
311.90, 338.00
312.25, 326.00
312.60, 329.00
312.95, 394.00
313.31, 437.00
313.66, 443.00
314.01, 436.00
314.36, 445.00
314.72, 504.00
315.07, 645.00
315.42, 796.00
315.77, 849.00
316.13, 699.00
316.48, 484.00
316.83, 324.00
317.18, 252.00
317.54, 211.00
317.89, 189.00
318.24, 184.00
318.59, 175.00
318.94, 174.00
319.30, 174.00
319.65, 177.00
320.00, 182.00
320.35, 181.00
320.70, 185.00
321.05, 179.00
321.41, 183.00
321.76, 183.00
322.11, 170.00
322.46, 171.00
322.81, 214.00
323.17, 171.00
323.52, 165.00
323.87, 168.00
324.22, 166.00
324.57, 169.00
324.92, 176.00
325.27, 178.00
325.63, 194.00
325.98, 190.00
326.33, 204.00
326.68, 201.00
327.03, 200.00
327.38, 201.00
327.73, 217.00
328.09, 230.00
328.44, 253.00
328.79, 219.00
329.14, 250.00
329.49, 210.00
329.84, 205.00
330.19, 214.00
330.54, 207.00
330.89, 210.00
331.25, 190.00
331.60, 188.00
331.95, 184.00
332.30, 186.00
332.65, 198.00
333.00, 214.00
333.35, 271.00
333.70, 274.00
334.05, 249.00
334.40, 273.00
334.75, 297.00
335.10, 412.00
335.45, 602.00
335.81, 845.00
336.16, 1246.00
336.51, 1752.00
336.86, 1802.00
337.21, 1595.00
337.56, 982.00
337.91, 598.00
338.26, 372.00
338.61, 260.00
338.96, 216.00
339.31, 190.00
339.66, 186.00
340.01, 192.00
340.36, 183.00
340.71, 177.00
341.06, 171.00
341.41, 184.00
341.76, 173.00
342.11, 187.00
342.46, 180.00
342.81, 183.00
343.16, 177.00
343.51, 181.00
343.86, 178.00
344.21, 174.00
344.56, 183.00
344.91, 176.00
345.26, 175.00
345.61, 176.00
345.96, 174.00
346.31, 171.00
346.66, 193.00
347.01, 165.00
347.36, 196.00
347.71, 171.00
348.06, 171.00
348.41, 184.00
348.76, 208.00
349.10, 205.00
349.45, 232.00
349.80, 223.00
350.15, 222.00
350.50, 214.00
350.85, 218.00
351.20, 219.00
351.55, 265.00
351.90, 298.00
352.25, 382.00
352.60, 492.00
352.95, 629.00
353.30, 689.00
353.64, 624.00
353.99, 489.00
354.34, 402.00
354.69, 378.00
355.04, 391.00
355.39, 467.00
355.74, 583.00
356.09, 765.00
356.44, 947.00
356.78, 1276.00
357.13, 1453.00
357.48, 1408.00
357.83, 1073.00
358.18, 705.00
358.53, 465.00
358.88, 289.00
359.22, 239.00
359.57, 187.00
359.92, 183.00
360.27, 182.00
360.62, 186.00
360.97, 186.00
361.32, 182.00
361.66, 183.00
362.01, 184.00
362.36, 186.00
362.71, 194.00
363.06, 194.00
363.40, 196.00
363.75, 199.00
364.10, 197.00
364.45, 192.00
364.80, 194.00
365.14, 194.00
365.49, 197.00
365.84, 193.00
366.19, 210.00
366.54, 210.00
366.88, 232.00
367.23, 208.00
367.58, 248.00
367.93, 186.00
368.28, 185.00
368.62, 189.00
368.97, 200.00
369.32, 211.00
369.67, 233.00
370.01, 279.00
370.36, 296.00
370.71, 331.00
371.06, 271.00
371.40, 244.00
371.75, 208.00
372.10, 201.00
372.45, 201.00
372.79, 216.00
373.14, 240.00
373.49, 276.00
373.83, 335.00
374.18, 408.00
374.53, 500.00
374.88, 570.00
375.22, 574.00
375.57, 469.00
375.92, 359.00
376.26, 275.00
376.61, 231.00
376.96, 204.00
377.30, 217.00
377.65, 230.00
378.00, 258.00
378.35, 313.00
378.69, 393.00
379.04, 479.00
379.39, 628.00
379.73, 747.00
380.08, 757.00
380.43, 589.00
380.77, 413.00
381.12, 351.00
381.47, 273.00
381.81, 220.00
382.16, 201.00
382.50, 197.00
382.85, 269.00
383.20, 193.00
383.54, 204.00
383.89, 207.00
384.24, 209.00
384.58, 221.00
384.93, 248.00
385.27, 253.00
385.62, 249.00
385.97, 250.00
386.31, 238.00
386.66, 262.00
387.00, 246.00
387.35, 261.00
387.70, 274.00
388.04, 394.00
388.39, 390.00
388.73, 483.00
389.08, 592.00
389.43, 741.00
389.77, 875.00
390.12, 1049.00
390.46, 1479.00
390.81, 1615.00
391.15, 1586.00
391.50, 1203.00
391.85, 757.00
392.19, 528.00
392.54, 354.00
392.88, 286.00
393.23, 290.00
393.57, 296.00
393.92, 283.00
394.26, 258.00
394.61, 224.00
394.95, 198.00
395.30, 188.00
395.64, 181.00
395.99, 222.00
396.33, 192.00
396.68, 196.00
397.02, 214.00
397.37, 222.00
397.71, 250.00
398.06, 280.00
398.40, 310.00
398.75, 368.00
399.09, 384.00
399.44, 392.00
399.78, 334.00
400.13, 267.00
400.47, 228.00
400.82, 198.00
401.16, 188.00
401.51, 189.00
401.85, 189.00
402.20, 190.00
402.54, 197.00
402.88, 204.00
403.23, 216.00
403.57, 224.00
403.92, 249.00
404.26, 319.00
404.61, 304.00
404.95, 397.00
405.30, 360.00
405.64, 337.00
405.98, 315.00
406.33, 257.00
406.67, 211.00
407.02, 202.00
407.36, 199.00
407.70, 204.00
408.05, 210.00
408.39, 216.00
408.74, 222.00
409.08, 231.00
409.42, 216.00
409.77, 208.00
410.11, 220.00
410.46, 202.00
410.80, 204.00
411.14, 219.00
411.49, 230.00
411.83, 233.00
412.17, 231.00
412.52, 237.00
412.86, 245.00
413.20, 247.00
413.55, 251.00
413.89, 232.00
414.23, 229.00
414.58, 247.00
414.92, 198.00
415.26, 200.00
415.61, 190.00
415.95, 208.00
416.29, 205.00
416.64, 200.00
416.98, 212.00
417.32, 219.00
417.67, 245.00
418.01, 257.00
418.35, 270.00
418.70, 305.00
419.04, 349.00
419.38, 337.00
419.72, 317.00
420.07, 283.00
420.41, 231.00
420.75, 210.00
421.10, 199.00
421.44, 202.00
421.78, 205.00
422.12, 208.00
422.47, 213.00
422.81, 228.00
423.15, 233.00
423.49, 237.00
423.84, 228.00
424.18, 241.00
424.52, 260.00
424.86, 297.00
425.21, 378.00
425.55, 407.00
425.89, 483.00
426.23, 542.00
426.57, 682.00
426.92, 739.00
427.26, 763.00
427.60, 634.00
427.94, 449.00
428.28, 347.00
428.63, 275.00
428.97, 229.00
429.31, 203.00
429.65, 186.00
429.99, 188.00
430.34, 187.00
430.68, 189.00
431.02, 196.00
431.36, 184.00
431.70, 192.00
432.04, 204.00
432.39, 200.00
432.73, 216.00
433.07, 227.00
433.41, 242.00
433.75, 240.00
434.09, 237.00
434.43, 226.00
434.78, 211.00
435.12, 212.00
435.46, 207.00
435.80, 220.00
436.14, 222.00
436.48, 222.00
436.82, 229.00
437.16, 222.00
437.51, 206.00
437.85, 209.00
438.19, 253.00
438.53, 202.00
438.87, 219.00
439.21, 223.00
439.55, 225.00
439.89, 227.00
440.23, 234.00
440.57, 241.00
440.91, 244.00
441.26, 234.00
441.60, 216.00
441.94, 218.00
442.28, 205.00
442.62, 203.00
442.96, 205.00
443.30, 203.00
443.64, 202.00
443.98, 202.00
444.32, 196.00
444.66, 191.00
445.00, 199.00
445.34, 208.00
445.68, 201.00
446.02, 200.00
446.36, 193.00
446.70, 193.00
447.04, 202.00
447.38, 236.00
447.72, 210.00
448.06, 225.00
448.40, 221.00
448.74, 209.00
449.08, 207.00
449.42, 200.00
449.76, 206.00
450.10, 197.00
450.44, 194.00
450.78, 196.00
451.12, 203.00
451.46, 194.00
451.80, 202.00
452.14, 183.00
452.48, 191.00
452.82, 194.00
453.16, 191.00
453.50, 199.00
453.84, 187.00
454.18, 227.00
454.52, 202.00
454.86, 207.00
455.19, 219.00
455.53, 203.00
455.87, 210.00
456.21, 223.00
456.55, 214.00
456.89, 218.00
457.23, 213.00
457.57, 219.00
457.91, 223.00
458.25, 221.00
458.59, 227.00
458.92, 241.00
459.26, 232.00
459.60, 246.00
459.94, 227.00
460.28, 210.00
460.62, 208.00
460.96, 193.00
461.30, 186.00
461.63, 196.00
461.97, 193.00
462.31, 194.00
462.65, 204.00
462.99, 204.00
463.33, 210.00
463.67, 215.00
464.00, 221.00
464.34, 219.00
464.68, 221.00
465.02, 235.00
465.36, 225.00
465.70, 210.00
466.03, 222.00
466.37, 201.00
466.71, 206.00
467.05, 217.00
467.39, 235.00
467.72, 249.00
468.06, 260.00
468.40, 274.00
468.74, 271.00
469.08, 277.00
469.41, 305.00
469.75, 332.00
470.09, 357.00
470.43, 347.00
470.76, 304.00
471.10, 284.00
471.44, 285.00
471.78, 261.00
472.11, 251.00
472.45, 248.00
472.79, 238.00
473.13, 231.00
473.46, 239.00
473.80, 228.00
474.14, 223.00
474.48, 225.00
474.81, 215.00
475.15, 216.00
475.49, 218.00
475.82, 223.00
476.16, 218.00
476.50, 207.00
476.84, 215.00
477.17, 205.00
477.51, 208.00
477.85, 203.00
478.18, 223.00
478.52, 209.00
478.86, 257.00
479.19, 220.00
479.53, 211.00
479.87, 257.00
480.20, 226.00
480.54, 220.00
480.88, 213.00
481.21, 211.00
481.55, 216.00
481.89, 221.00
482.22, 210.00
482.56, 217.00
482.90, 207.00
483.23, 214.00
483.57, 217.00
483.90, 218.00
484.24, 217.00
484.58, 220.00
484.91, 214.00
485.25, 220.00
485.58, 215.00
485.92, 223.00
486.26, 225.00
486.59, 220.00
486.93, 228.00
487.26, 226.00
487.60, 226.00
487.94, 222.00
488.27, 224.00
488.61, 219.00
488.94, 224.00
489.28, 225.00
489.61, 222.00
489.95, 221.00
490.29, 227.00
490.62, 226.00
490.96, 231.00
491.29, 236.00
491.63, 227.00
491.96, 221.00
492.30, 222.00
492.63, 227.00
492.97, 215.00
493.30, 225.00
493.64, 216.00
493.97, 217.00
494.31, 227.00
494.64, 232.00
494.98, 234.00
495.31, 229.00
495.65, 224.00
495.98, 220.00
496.32, 229.00
496.65, 257.00
496.99, 216.00
497.32, 214.00
497.66, 215.00
497.99, 211.00
498.33, 207.00
498.66, 218.00
499.00, 217.00
499.33, 217.00
499.67, 217.00
500.00, 221.00
500.34, 222.00
500.67, 229.00
501.00, 225.00
501.34, 219.00
501.67, 225.00
502.01, 219.00
502.34, 221.00
502.68, 231.00
503.01, 235.00
503.34, 238.00
503.68, 228.00
504.01, 235.00
504.35, 228.00
504.68, 238.00
505.01, 241.00
505.35, 236.00
505.68, 241.00
506.02, 249.00
506.35, 248.00
506.68, 248.00
507.02, 254.00
507.35, 242.00
507.68, 229.00
508.02, 245.00
508.35, 242.00
508.69, 236.00
509.02, 232.00
509.35, 232.00
509.69, 229.00
510.02, 239.00
510.35, 222.00
510.69, 229.00
511.02, 226.00
511.35, 221.00
511.69, 217.00
512.02, 223.00
512.35, 227.00
512.68, 222.00
513.02, 224.00
513.35, 219.00
513.68, 220.00
514.02, 222.00
514.35, 221.00
514.68, 222.00
515.01, 212.00
515.35, 229.00
515.68, 215.00
516.01, 216.00
516.35, 210.00
516.68, 214.00
517.01, 210.00
517.34, 218.00
517.68, 208.00
518.01, 217.00
518.34, 209.00
518.67, 222.00
519.01, 222.00
519.34, 220.00
519.67, 226.00
520.00, 225.00
520.33, 224.00
520.67, 223.00
521.00, 230.00
521.33, 231.00
521.66, 232.00
522.00, 233.00
522.33, 223.00
522.66, 234.00
522.99, 217.00
523.32, 224.00
523.65, 218.00
523.99, 231.00
524.32, 219.00
524.65, 221.00
524.98, 222.00
525.31, 220.00
525.65, 249.00
525.98, 218.00
526.31, 214.00
526.64, 222.00
526.97, 217.00
527.30, 213.00
527.63, 216.00
527.97, 216.00
528.30, 207.00
528.63, 223.00
528.96, 236.00
529.29, 210.00
529.62, 214.00
529.95, 202.00
530.28, 201.00
530.61, 212.00
530.95, 205.00
531.28, 209.00
531.61, 217.00
531.94, 216.00
532.27, 219.00
532.60, 221.00
532.93, 222.00
533.26, 210.00
533.59, 205.00
533.92, 206.00
534.25, 206.00
534.58, 245.00
534.91, 203.00
535.25, 201.00
535.58, 212.00
535.91, 202.00
536.24, 202.00
536.57, 207.00
536.90, 203.00
537.23, 208.00
537.56, 240.00
537.89, 202.00
538.22, 194.00
538.55, 195.00
538.88, 201.00
539.21, 320.00
539.54, 201.00
539.87, 196.00
540.20, 204.00
540.53, 193.00
540.86, 225.00
541.19, 195.00
541.52, 194.00
541.85, 203.00
542.18, 218.00
542.51, 214.00
542.84, 219.00
543.17, 213.00
543.50, 211.00
543.82, 206.00
544.15, 208.00
544.48, 213.00
544.81, 210.00
545.14, 239.00
545.47, 205.00
545.80, 237.00
546.13, 202.00
546.46, 253.00
546.79, 222.00
547.12, 203.00
547.45, 206.00
547.78, 207.00
548.10, 193.00
548.43, 203.00
548.76, 198.00
549.09, 201.00
549.42, 208.00
549.75, 205.00
550.08, 206.00
550.41, 204.00
550.74, 214.00
551.06, 202.00
551.39, 205.00
551.72, 203.00
552.05, 199.00
552.38, 205.00
552.71, 199.00
553.03, 207.00
553.36, 205.00
553.69, 206.00
554.02, 205.00
554.35, 208.00
554.68, 205.00
555.00, 211.00
555.33, 205.00
555.66, 209.00
555.99, 230.00
556.32, 218.00
556.64, 216.00
556.97, 225.00
557.30, 226.00
557.63, 227.00
557.96, 236.00
558.28, 223.00
558.61, 229.00
558.94, 223.00
559.27, 221.00
559.59, 226.00
559.92, 221.00
560.25, 218.00
560.58, 220.00
560.90, 226.00
561.23, 216.00
561.56, 214.00
561.89, 213.00
562.21, 206.00
562.54, 211.00
562.87, 197.00
563.20, 204.00
563.52, 193.00
563.85, 195.00
564.18, 219.00
564.50, 196.00
564.83, 232.00
565.16, 251.00
565.48, 190.00
565.81, 200.00
566.14, 184.00
566.47, 189.00
566.79, 189.00
567.12, 184.00
567.45, 218.00
567.77, 187.00
568.10, 183.00
568.43, 189.00
568.75, 192.00
569.08, 191.00
569.40, 227.00
569.73, 192.00
570.06, 190.00
570.38, 184.00
570.71, 191.00
571.04, 187.00
571.36, 196.00
571.69, 188.00
572.01, 187.00
572.34, 187.00
572.67, 191.00
572.99, 186.00
573.32, 209.00
573.64, 190.00
573.97, 192.00
574.30, 193.00
574.62, 189.00
574.95, 185.00
575.27, 189.00
575.60, 189.00
575.92, 190.00
576.25, 187.00
576.58, 198.00
576.90, 192.00
577.23, 221.00
577.55, 188.00
577.88, 186.00
578.20, 191.00
578.53, 188.00
578.85, 208.00
579.18, 198.00
579.50, 193.00
579.83, 185.00
580.15, 198.00
580.48, 193.00
580.80, 193.00
581.13, 202.00
581.45, 187.00
581.78, 189.00
582.10, 195.00
582.43, 201.00
582.75, 194.00
583.08, 187.00
583.40, 187.00
583.73, 261.00
584.05, 201.00
584.38, 192.00
584.70, 236.00
585.03, 191.00
585.35, 196.00
585.67, 206.00
586.00, 214.00
586.32, 235.00
586.65, 249.00
586.97, 243.00
587.30, 236.00
587.62, 214.00
587.94, 225.00
588.27, 207.00
588.59, 206.00
588.92, 204.00
589.24, 199.00
589.56, 201.00
589.89, 204.00
590.21, 198.00
590.54, 192.00
590.86, 197.00
591.18, 196.00
591.51, 191.00
591.83, 203.00
592.15, 202.00
592.48, 203.00
592.80, 203.00
593.13, 210.00
593.45, 209.00
593.77, 211.00
594.10, 221.00
594.42, 211.00
594.74, 219.00
595.07, 221.00
595.39, 221.00
595.71, 233.00
596.03, 234.00
596.36, 233.00
596.68, 232.00
597.00, 232.00
597.33, 237.00
597.65, 244.00
597.97, 241.00
598.30, 232.00
598.62, 237.00
598.94, 230.00
599.26, 240.00
599.59, 234.00
599.91, 238.00
600.23, 228.00
600.55, 224.00
600.88, 224.00
601.20, 212.00
601.52, 205.00
601.84, 203.00
602.17, 189.00
602.49, 196.00
602.81, 191.00
603.13, 203.00
603.45, 203.00
603.78, 193.00
604.10, 186.00
604.42, 188.00
604.74, 191.00
605.07, 188.00
605.39, 193.00
605.71, 187.00
606.03, 187.00
606.35, 185.00
606.67, 191.00
607.00, 189.00
607.32, 185.00
607.64, 184.00
607.96, 179.00
608.28, 184.00
608.60, 179.00
608.93, 178.00
609.25, 190.00
609.57, 184.00
609.89, 188.00
610.21, 178.00
610.53, 178.00
610.85, 182.00
611.17, 185.00
611.50, 182.00
611.82, 174.00
612.14, 171.00
612.46, 179.00
612.78, 177.00
613.10, 182.00
613.42, 174.00
613.74, 190.00
614.06, 220.00
614.38, 206.00
614.70, 215.00
615.03, 218.00
615.35, 210.00
615.67, 302.00
615.99, 192.00
616.31, 193.00
616.63, 187.00
616.95, 182.00
617.27, 180.00
617.59, 177.00
617.91, 182.00
618.23, 184.00
618.55, 172.00
618.87, 170.00
619.19, 179.00
619.51, 171.00
619.83, 172.00
620.15, 173.00
620.47, 175.00
620.79, 178.00
621.11, 176.00
621.43, 179.00
621.75, 185.00
622.07, 180.00
622.39, 174.00
622.71, 174.00
623.03, 173.00
623.35, 219.00
623.67, 175.00
623.99, 172.00
624.31, 174.00
624.63, 179.00
624.95, 174.00
625.26, 176.00
625.58, 172.00
625.90, 202.00
626.22, 176.00
626.54, 174.00
626.86, 176.00
627.18, 173.00
627.50, 185.00
627.82, 176.00
628.14, 179.00
628.46, 181.00
628.77, 177.00
629.09, 182.00
629.41, 188.00
629.73, 181.00
630.05, 191.00
630.37, 183.00
630.69, 191.00
631.00, 201.00
631.32, 198.00
631.64, 189.00
631.96, 186.00
632.28, 188.00
632.60, 194.00
632.92, 191.00
633.23, 186.00
633.55, 203.00
633.87, 202.00
634.19, 204.00
634.51, 207.00
634.82, 218.00
635.14, 220.00
635.46, 215.00
635.78, 213.00
636.10, 207.00
636.41, 211.00
636.73, 212.00
637.05, 207.00
637.37, 209.00
637.68, 210.00
638.00, 212.00
638.32, 221.00
638.64, 229.00
638.95, 247.00
639.27, 234.00
639.59, 227.00
639.91, 218.00
640.22, 211.00
640.54, 222.00
640.86, 208.00
641.18, 222.00
641.49, 229.00
641.81, 211.00
642.13, 219.00
642.44, 204.00
642.76, 204.00
643.08, 200.00
643.40, 199.00
643.71, 217.00
644.03, 212.00
644.35, 211.00
644.66, 215.00
644.98, 202.00
645.30, 211.00
645.61, 221.00
645.93, 200.00
646.25, 189.00
646.56, 201.00
646.88, 225.00
647.19, 189.00
647.51, 187.00
647.83, 178.00
648.14, 178.00
648.46, 187.00
648.78, 186.00
649.09, 191.00
649.41, 235.00
649.72, 196.00
650.04, 208.00
650.36, 208.00
650.67, 207.00
650.99, 215.00
651.30, 215.00
651.62, 216.00
651.93, 212.00
652.25, 225.00
652.57, 258.00
652.88, 213.00
653.20, 217.00
653.51, 218.00
653.83, 214.00
654.14, 197.00
654.46, 201.00
654.77, 200.00
655.09, 200.00
655.40, 217.00
655.72, 200.00
656.04, 192.00
656.35, 197.00
656.67, 194.00
656.98, 197.00
657.30, 203.00
657.61, 198.00
657.93, 200.00
658.24, 213.00
658.55, 242.00
658.87, 207.00
659.18, 205.00
659.50, 203.00
659.81, 212.00
660.13, 207.00
660.44, 207.00
660.76, 205.00
661.07, 223.00
661.39, 207.00
661.70, 194.00
662.01, 190.00
662.33, 189.00
662.64, 191.00
662.96, 187.00
663.27, 181.00
663.59, 179.00
663.90, 182.00
664.21, 181.00
664.53, 200.00
664.84, 180.00
665.16, 211.00
665.47, 179.00
665.78, 186.00
666.10, 199.00
666.41, 205.00
666.72, 196.00
667.04, 207.00
667.35, 194.00
667.67, 195.00
667.98, 205.00
668.29, 199.00
668.61, 196.00
668.92, 190.00
669.23, 188.00
669.55, 191.00
669.86, 214.00
670.17, 183.00
670.48, 179.00
670.80, 178.00
671.11, 178.00
671.42, 172.00
671.74, 183.00
672.05, 180.00
672.36, 187.00
672.68, 183.00
672.99, 187.00
673.30, 181.00
673.61, 193.00
673.93, 198.00
674.24, 202.00
674.55, 198.00
674.86, 207.00
675.18, 198.00
675.49, 207.00
675.80, 209.00
676.11, 214.00
676.43, 214.00
676.74, 209.00
677.05, 206.00
677.36, 218.00
677.67, 208.00
677.99, 200.00
678.30, 198.00
678.61, 194.00
678.92, 186.00
679.23, 200.00
679.55, 184.00
679.86, 183.00
680.17, 187.00
680.48, 179.00
680.79, 180.00
681.10, 171.00
681.42, 172.00
681.73, 168.00
682.04, 180.00
682.35, 170.00
682.66, 176.00
682.97, 170.00
683.28, 176.00
683.60, 181.00
683.91, 173.00
684.22, 192.00
684.53, 173.00
684.84, 173.00
685.15, 173.00
685.46, 200.00
685.77, 164.00
686.08, 168.00
686.40, 205.00
686.71, 173.00
687.02, 166.00
687.33, 164.00
687.64, 163.00
687.95, 158.00
688.26, 161.00
688.57, 160.00
688.88, 160.00
689.19, 158.00
689.50, 162.00
689.81, 155.00
690.12, 157.00
690.43, 172.00
690.74, 156.00
691.05, 158.00
691.36, 169.00
691.67, 157.00
691.98, 162.00
692.29, 157.00
692.60, 155.00
692.91, 158.00
693.22, 152.00
693.53, 160.00
693.84, 158.00
694.15, 157.00
694.46, 161.00
694.77, 157.00
695.08, 160.00
695.39, 165.00
695.70, 156.00
696.01, 159.00
696.32, 154.00
696.63, 156.00
696.94, 164.00
697.25, 155.00
697.56, 165.00
697.87, 169.00
698.17, 202.00
698.48, 157.00
698.79, 157.00
699.10, 154.00
699.41, 155.00
699.72, 156.00
700.03, 158.00
700.34, 153.00
700.65, 164.00
700.95, 150.00
701.26, 155.00
701.57, 151.00
701.88, 161.00
702.19, 170.00
702.50, 162.00
702.81, 152.00
703.11, 180.00
703.42, 154.00
703.73, 167.00
704.04, 165.00
704.35, 166.00
704.66, 194.00
704.96, 261.00
705.27, 305.00
705.58, 334.00
705.89, 311.00
706.20, 263.00
706.50, 244.00
706.81, 231.00
707.12, 207.00
707.43, 185.00
707.73, 181.00
708.04, 163.00
708.35, 167.00
708.66, 158.00
708.97, 156.00
709.27, 160.00
709.58, 162.00
709.89, 158.00
710.19, 152.00
710.50, 159.00
710.81, 155.00
711.12, 159.00
711.42, 158.00
711.73, 162.00
712.04, 157.00
712.35, 154.00
712.65, 156.00
712.96, 160.00
713.27, 165.00
713.57, 181.00
713.88, 179.00
714.19, 157.00
714.49, 156.00
714.80, 161.00
715.11, 159.00
715.41, 159.00
715.72, 153.00
716.03, 153.00
716.33, 167.00
716.64, 153.00
716.94, 158.00
717.25, 158.00
717.56, 168.00
717.86, 161.00
718.17, 157.00
718.48, 153.00
718.78, 159.00
719.09, 158.00
719.39, 152.00
719.70, 158.00
720.01, 159.00
720.31, 154.00
720.62, 156.00
720.92, 153.00
721.23, 164.00
721.53, 161.00
721.84, 161.00
722.15, 159.00
722.45, 156.00
722.76, 159.00
723.06, 163.00
723.37, 158.00
723.67, 161.00
723.98, 158.00
724.28, 161.00
724.59, 169.00
724.89, 163.00
725.20, 159.00
725.50, 170.00
725.81, 165.00
726.11, 164.00
726.42, 158.00
726.72, 172.00
727.03, 203.00
727.33, 169.00
727.64, 169.00
727.94, 159.00
728.25, 157.00
728.55, 159.00
728.86, 170.00
729.16, 154.00
729.46, 154.00
729.77, 160.00
730.07, 157.00
730.38, 158.00
730.68, 160.00
730.99, 162.00
731.29, 154.00
731.59, 159.00
731.90, 158.00
732.20, 157.00
732.51, 163.00
732.81, 163.00
733.11, 163.00
733.42, 159.00
733.72, 169.00
734.02, 162.00
734.33, 162.00
734.63, 157.00
734.94, 159.00
735.24, 159.00
735.54, 157.00
735.85, 160.00
736.15, 160.00
736.45, 156.00
736.76, 159.00
737.06, 153.00
737.36, 162.00
737.67, 156.00
737.97, 154.00
738.27, 153.00
738.57, 158.00
738.88, 149.00
739.18, 193.00
739.48, 159.00
739.79, 156.00
740.09, 159.00
740.39, 155.00
740.69, 163.00
741.00, 149.00
741.30, 160.00
741.60, 151.00
741.90, 152.00
742.21, 159.00
742.51, 204.00
742.81, 163.00
743.11, 160.00
743.42, 189.00
743.72, 164.00
744.02, 170.00
744.32, 170.00
744.63, 176.00
744.93, 181.00
745.23, 176.00
745.53, 184.00
745.83, 174.00
746.13, 176.00
746.44, 178.00
746.74, 182.00
747.04, 176.00
747.34, 180.00
747.64, 182.00
747.94, 183.00
748.25, 178.00
748.55, 183.00
748.85, 184.00
749.15, 194.00
749.45, 213.00
749.75, 204.00
750.05, 179.00
750.35, 168.00
750.66, 177.00
750.96, 167.00
751.26, 165.00
751.56, 160.00
751.86, 171.00
752.16, 158.00
752.46, 157.00
752.76, 156.00
753.06, 159.00
753.36, 200.00
753.66, 157.00
753.96, 160.00
754.27, 151.00
754.57, 153.00
754.87, 157.00
755.17, 157.00
755.47, 161.00
755.77, 162.00
756.07, 157.00
756.37, 169.00
756.67, 166.00
756.97, 174.00
757.27, 167.00
757.57, 168.00
757.87, 171.00
758.17, 167.00
758.47, 170.00
758.77, 173.00
759.07, 168.00
759.37, 168.00
759.67, 165.00
759.97, 177.00
760.27, 163.00
760.57, 166.00
760.86, 166.00
761.16, 163.00
761.46, 158.00
761.76, 196.00
762.06, 164.00
762.36, 173.00
762.66, 162.00
762.96, 154.00
763.26, 162.00
763.56, 181.00
763.86, 161.00
764.16, 152.00
764.45, 165.00
764.75, 157.00
765.05, 155.00
765.35, 154.00
765.65, 148.00
765.95, 149.00
766.25, 157.00
766.55, 161.00
766.84, 165.00
767.14, 159.00
767.44, 159.00
767.74, 167.00
768.04, 157.00
768.34, 161.00
768.63, 161.00
768.93, 162.00
769.23, 170.00
769.53, 167.00
769.83, 163.00
770.12, 162.00
770.42, 164.00
770.72, 167.00
771.02, 167.00
771.32, 165.00
771.61, 164.00
771.91, 173.00
772.21, 164.00
772.51, 168.00
772.80, 168.00
773.10, 163.00
773.40, 174.00
773.70, 169.00
773.99, 168.00
774.29, 182.00
774.59, 176.00
774.88, 162.00
775.18, 199.00
775.48, 418.00
775.78, 779.00
776.07, 1005.00
776.37, 1050.00
776.67, 827.00
776.96, 558.00
777.26, 499.00
777.56, 376.00
777.85, 342.00
778.15, 310.00
778.45, 282.00
778.74, 246.00
779.04, 205.00
779.34, 188.00
779.63, 169.00
779.93, 159.00
780.22, 154.00
780.52, 154.00
780.82, 154.00
781.11, 153.00
781.41, 151.00
781.71, 152.00
782.00, 149.00
782.30, 157.00
782.59, 159.00
782.89, 153.00
783.19, 146.00
783.48, 150.00
783.78, 148.00
784.07, 158.00
784.37, 153.00
784.66, 151.00
784.96, 147.00
785.25, 151.00
785.55, 144.00
785.84, 150.00
786.14, 147.00
786.44, 151.00
786.73, 151.00
787.03, 145.00
787.32, 147.00
787.62, 148.00
787.91, 146.00
788.21, 153.00
788.50, 147.00
788.80, 150.00
789.09, 152.00
789.39, 152.00
789.68, 147.00
789.97, 151.00
790.27, 146.00
790.56, 149.00
790.86, 161.00
791.15, 149.00
791.45, 150.00
791.74, 175.00
792.04, 149.00
792.33, 143.00
792.62, 168.00
792.92, 150.00
793.21, 148.00
793.51, 148.00
793.80, 142.00
794.09, 147.00
794.39, 147.00
794.68, 143.00
794.98, 143.00
795.27, 147.00
795.56, 141.00
795.86, 146.00
796.15, 146.00
796.44, 153.00
796.74, 142.00
797.03, 142.00
797.32, 143.00
797.62, 141.00
797.91, 152.00
798.20, 151.00
798.50, 157.00
798.79, 159.00
799.08, 150.00
799.38, 150.00
799.67, 149.00
799.96, 160.00
800.26, 168.00
800.55, 152.00
800.84, 151.00
801.13, 147.00
801.43, 141.00
801.72, 179.00
802.01, 147.00
802.30, 146.00
802.60, 146.00
802.89, 150.00
803.18, 148.00
803.47, 148.00
803.77, 154.00
804.06, 152.00
804.35, 155.00
804.64, 168.00
804.94, 147.00
805.23, 145.00
805.52, 140.00
805.81, 141.00
806.10, 147.00
806.39, 146.00
806.69, 147.00
806.98, 145.00
807.27, 146.00
807.56, 152.00
807.85, 143.00
808.14, 148.00
808.44, 152.00
808.73, 147.00
809.02, 167.00
809.31, 149.00
809.60, 154.00
809.89, 156.00
810.18, 148.00
810.48, 153.00
810.77, 148.00
811.06, 149.00
811.35, 142.00
811.64, 149.00
811.93, 170.00
812.22, 148.00
812.51, 145.00
812.80, 145.00
813.09, 142.00
813.38, 147.00
813.67, 163.00
813.96, 146.00
814.26, 143.00
814.55, 140.00
814.84, 145.00
815.13, 152.00
815.42, 146.00
815.71, 148.00
816.00, 142.00
816.29, 156.00
816.58, 150.00
816.87, 145.00
817.16, 143.00
817.45, 152.00
817.74, 152.00
818.03, 140.00
818.32, 134.00
818.61, 145.00
818.90, 149.00
819.19, 144.00
819.48, 152.00
819.76, 146.00
820.05, 140.00
820.34, 144.00
820.63, 147.00
820.92, 143.00
821.21, 141.00
821.50, 145.00
821.79, 142.00
822.08, 144.00
822.37, 148.00
822.66, 149.00
822.95, 145.00
823.23, 147.00
823.52, 162.00
823.81, 148.00
824.10, 140.00
824.39, 147.00
824.68, 142.00
824.97, 162.00
825.26, 143.00
825.54, 197.00
825.83, 144.00
826.12, 142.00
826.41, 140.00
826.70, 143.00
826.99, 150.00
827.27, 143.00
827.56, 165.00
827.85, 149.00
828.14, 146.00
828.43, 145.00
828.71, 150.00
829.00, 140.00
829.29, 142.00
829.58, 145.00
829.86, 147.00
830.15, 141.00
830.44, 141.00
830.73, 147.00
831.01, 142.00
831.30, 143.00
831.59, 151.00
831.88, 140.00
832.16, 147.00
832.45, 154.00
832.74, 139.00
833.03, 145.00
833.31, 148.00
833.60, 142.00
833.89, 145.00
834.17, 146.00
834.46, 144.00
834.75, 144.00
835.03, 140.00
835.32, 136.00
835.61, 143.00
835.89, 157.00
836.18, 143.00
836.47, 146.00
836.75, 139.00
837.04, 146.00
837.33, 145.00
837.61, 147.00
837.90, 141.00
838.19, 145.00
838.47, 141.00
838.76, 145.00
839.04, 145.00
839.33, 143.00
839.62, 147.00
839.90, 144.00
840.19, 147.00
840.47, 140.00
840.76, 169.00
841.04, 143.00
841.33, 147.00
841.62, 147.00
841.90, 147.00
842.19, 145.00
842.47, 181.00
842.76, 147.00
843.04, 155.00
843.33, 178.00
843.61, 170.00
843.90, 171.00
844.18, 167.00
844.47, 164.00
844.75, 164.00
845.04, 154.00
845.32, 154.00
845.61, 153.00
845.89, 154.00
846.18, 148.00
846.46, 156.00
846.75, 147.00
847.03, 156.00
847.32, 149.00
847.60, 147.00
847.88, 147.00
848.17, 147.00
848.45, 164.00
848.74, 151.00
849.02, 143.00
849.31, 146.00
849.59, 141.00
849.87, 146.00
850.16, 143.00
850.44, 147.00
850.73, 169.00
851.01, 146.00
851.29, 146.00
851.58, 146.00
851.86, 144.00
852.14, 138.00
852.43, 142.00
852.71, 144.00
853.00, 146.00
853.28, 152.00
853.56, 151.00
853.85, 141.00
854.13, 141.00
854.41, 142.00
854.69, 146.00
854.98, 140.00
855.26, 194.00
855.54, 146.00
855.83, 144.00
856.11, 148.00
856.39, 140.00
856.68, 143.00
856.96, 143.00
857.24, 143.00
857.52, 148.00
857.81, 151.00
858.09, 144.00
858.37, 143.00
858.65, 140.00
858.94, 140.00
859.22, 146.00
