190.05, 0.00
190.41, 132.00
190.77, 137.00
191.14, 136.00
191.50, 136.00
191.86, 161.00
192.22, 144.00
192.58, 149.00
192.94, 147.00
193.31, 140.00
193.67, 146.00
194.03, 152.00
194.39, 142.00
194.75, 144.00
195.11, 153.00
195.47, 165.00
195.84, 143.00
196.20, 146.00
196.56, 159.00
196.92, 143.00
197.28, 145.00
197.64, 140.00
198.00, 141.00
198.37, 151.00
198.73, 142.00
199.09, 142.00
199.45, 140.00
199.81, 144.00
200.17, 148.00
200.53, 148.00
200.89, 151.00
201.25, 184.00
201.62, 145.00
201.98, 147.00
202.34, 145.00
202.70, 156.00
203.06, 147.00
203.42, 150.00
203.78, 143.00
204.14, 151.00
204.50, 169.00
204.86, 157.00
205.22, 150.00
205.58, 149.00
205.95, 145.00
206.31, 147.00
206.67, 150.00
207.03, 152.00
207.39, 153.00
207.75, 143.00
208.11, 147.00
208.47, 146.00
208.83, 148.00
209.19, 147.00
209.55, 145.00
209.91, 147.00
210.27, 149.00
210.63, 141.00
210.99, 153.00
211.35, 140.00
211.71, 148.00
212.07, 147.00
212.43, 147.00
212.79, 145.00
213.15, 146.00
213.51, 147.00
213.87, 149.00
214.23, 147.00
214.59, 147.00
214.95, 146.00
215.31, 146.00
215.67, 144.00
216.03, 178.00
216.39, 145.00
216.75, 149.00
217.11, 149.00
217.47, 149.00
217.83, 140.00
218.19, 144.00
218.55, 151.00
218.91, 150.00
219.27, 144.00
219.63, 145.00
219.99, 140.00
220.35, 145.00
220.71, 151.00
221.07, 149.00
221.43, 146.00
221.79, 147.00
222.15, 147.00
222.51, 146.00
222.87, 144.00
223.23, 147.00
223.59, 140.00
223.95, 144.00
224.31, 143.00
224.67, 142.00
225.03, 145.00
225.39, 149.00
225.74, 148.00
226.10, 142.00
226.46, 147.00
226.82, 154.00
227.18, 149.00
227.54, 142.00
227.90, 147.00
228.26, 145.00
228.62, 156.00
228.98, 145.00
229.34, 148.00
229.69, 147.00
230.05, 151.00
230.41, 144.00
230.77, 147.00
231.13, 151.00
231.49, 148.00
231.85, 145.00
232.21, 147.00
232.57, 150.00
232.92, 142.00
233.28, 145.00
233.64, 147.00
234.00, 144.00
234.36, 144.00
234.72, 140.00
235.08, 149.00
235.44, 143.00
235.79, 138.00
236.15, 149.00
236.51, 143.00
236.87, 140.00
237.23, 143.00
237.59, 145.00
237.94, 149.00
238.30, 143.00
238.66, 143.00
239.02, 142.00
239.38, 142.00
239.74, 146.00
240.09, 159.00
240.45, 143.00
240.81, 145.00
241.17, 156.00
241.53, 146.00
241.89, 145.00
242.24, 140.00
242.60, 146.00
242.96, 153.00
243.32, 148.00
243.68, 140.00
244.03, 146.00
244.39, 145.00
244.75, 166.00
245.11, 147.00
245.46, 148.00
245.82, 169.00
246.18, 147.00
246.54, 145.00
246.90, 145.00
247.25, 144.00
247.61, 140.00
247.97, 185.00
248.33, 147.00
248.68, 145.00
249.04, 144.00
249.40, 147.00
249.76, 151.00
250.11, 141.00
250.47, 151.00
250.83, 148.00
251.19, 148.00
251.54, 154.00
251.90, 147.00
252.26, 149.00
252.62, 145.00
252.97, 150.00
253.33, 143.00
253.69, 146.00
254.05, 155.00
254.40, 142.00
254.76, 143.00
255.12, 170.00
255.47, 150.00
255.83, 147.00
256.19, 150.00
256.54, 141.00
256.90, 145.00
257.26, 141.00
257.62, 146.00
257.97, 146.00
258.33, 148.00
258.69, 134.00
259.04, 142.00
259.40, 139.00
259.76, 147.00
260.11, 139.00
260.47, 141.00
260.83, 153.00
261.18, 140.00
261.54, 152.00
261.90, 147.00
262.25, 147.00
262.61, 143.00
262.97, 143.00
263.32, 143.00
263.68, 147.00
264.04, 150.00
264.39, 141.00
264.75, 143.00
265.10, 146.00
265.46, 186.00
265.82, 155.00
266.17, 144.00
266.53, 142.00
266.89, 148.00
267.24, 149.00
267.60, 142.00
267.95, 141.00
268.31, 141.00
268.67, 146.00
269.02, 142.00
269.38, 144.00
269.74, 152.00
270.09, 143.00
270.45, 147.00
270.80, 165.00
271.16, 147.00
271.51, 146.00
271.87, 151.00
272.23, 141.00
272.58, 145.00
272.94, 142.00
273.29, 143.00
273.65, 191.00
274.00, 141.00
274.36, 143.00
274.72, 143.00
275.07, 146.00
275.43, 138.00
275.78, 144.00
276.14, 150.00
276.49, 148.00
276.85, 159.00
277.20, 162.00
277.56, 144.00
277.92, 144.00
278.27, 143.00
278.63, 155.00
278.98, 146.00
279.34, 146.00
279.69, 147.00
280.05, 169.00
280.40, 156.00
280.76, 166.00
281.11, 149.00
281.47, 156.00
281.82, 152.00
282.18, 149.00
282.53, 159.00
282.89, 163.00
283.24, 161.00
283.60, 159.00
283.95, 165.00
284.31, 163.00
284.66, 166.00
285.02, 173.00
285.37, 161.00
285.73, 162.00
286.08, 168.00
286.44, 155.00
286.79, 157.00
287.14, 163.00
287.50, 158.00
287.85, 147.00
288.21, 156.00
288.56, 151.00
288.92, 154.00
289.27, 153.00
289.63, 160.00
289.98, 161.00
290.34, 152.00
290.69, 159.00
291.04, 148.00
291.40, 148.00
291.75, 148.00
292.11, 154.00
292.46, 150.00
292.81, 161.00
293.17, 154.00
293.52, 159.00
293.88, 164.00
294.23, 175.00
294.59, 180.00
294.94, 190.00
295.29, 197.00
295.65, 206.00
296.00, 226.00
296.36, 198.00
296.71, 193.00
297.06, 194.00
297.42, 206.00
297.77, 194.00
298.12, 187.00
298.48, 180.00
298.83, 179.00
299.19, 175.00
299.54, 182.00
299.89, 183.00
300.25, 177.00
300.60, 179.00
300.95, 180.00
301.31, 163.00
301.66, 160.00
302.01, 164.00
302.37, 157.00
302.72, 162.00
303.07, 162.00
303.43, 171.00
303.78, 168.00
304.13, 174.00
304.49, 175.00
304.84, 180.00
305.19, 218.00
305.55, 180.00
305.90, 194.00
306.25, 222.00
306.61, 276.00
306.96, 332.00
307.31, 411.00
307.66, 573.00
308.02, 747.00
308.37, 873.00
308.72, 971.00
309.08, 968.00
309.43, 902.00
309.78, 789.00
310.13, 689.00
310.49, 609.00
310.84, 498.00
311.19, 443.00
311.54, 395.00
311.90, 356.00
312.25, 330.00
312.60, 344.00
312.95, 414.00
313.31, 454.00
313.66, 457.00
314.01, 450.00
314.36, 462.00
314.72, 530.00
315.07, 666.00
315.42, 817.00
315.77, 876.00
316.13, 707.00
316.48, 487.00
316.83, 337.00
317.18, 258.00
317.54, 209.00
317.89, 187.00
318.24, 180.00
318.59, 178.00
318.94, 177.00
319.30, 170.00
319.65, 180.00
320.00, 181.00
320.35, 181.00
320.70, 173.00
321.05, 190.00
321.41, 183.00
321.76, 178.00
322.11, 170.00
322.46, 173.00
322.81, 212.00
323.17, 177.00
323.52, 171.00
323.87, 171.00
324.22, 169.00
324.57, 173.00
324.92, 177.00
325.27, 175.00
325.63, 196.00
325.98, 196.00
326.33, 208.00
326.68, 197.00
327.03, 201.00
327.38, 202.00
327.73, 215.00
328.09, 233.00
328.44, 257.00
328.79, 221.00
329.14, 253.00
329.49, 221.00
329.84, 215.00
330.19, 219.00
330.54, 218.00
330.89, 211.00
331.25, 192.00
331.60, 191.00
331.95, 192.00
332.30, 179.00
332.65, 201.00
333.00, 215.00
333.35, 266.00
333.70, 273.00
334.05, 249.00
334.40, 269.00
334.75, 306.00
335.10, 422.00
335.45, 614.00
335.81, 892.00
336.16, 1292.00
336.51, 1826.00
336.86, 1879.00
337.21, 1661.00
337.56, 1003.00
337.91, 624.00
338.26, 376.00
338.61, 263.00
338.96, 220.00
339.31, 199.00
339.66, 191.00
340.01, 193.00
340.36, 184.00
340.71, 180.00
341.06, 173.00
341.41, 175.00
341.76, 179.00
342.11, 180.00
342.46, 179.00
342.81, 184.00
343.16, 180.00
343.51, 177.00
343.86, 182.00
344.21, 173.00
344.56, 182.00
344.91, 176.00
345.26, 181.00
345.61, 177.00
345.96, 174.00
346.31, 176.00
346.66, 200.00
347.01, 176.00
347.36, 197.00
347.71, 172.00
348.06, 174.00
348.41, 197.00
348.76, 206.00
349.10, 215.00
349.45, 231.00
349.80, 224.00
350.15, 230.00
350.50, 224.00
350.85, 220.00
351.20, 227.00
351.55, 271.00
351.90, 317.00
352.25, 405.00
352.60, 499.00
352.95, 651.00
353.30, 710.00
353.64, 639.00
353.99, 501.00
354.34, 410.00
354.69, 386.00
355.04, 406.00
355.39, 471.00
355.74, 617.00
356.09, 782.00
356.44, 989.00
356.78, 1327.00
357.13, 1530.00
357.48, 1485.00
357.83, 1114.00
358.18, 731.00
358.53, 463.00
358.88, 299.00
359.22, 242.00
359.57, 192.00
359.92, 189.00
360.27, 185.00
360.62, 190.00
360.97, 189.00
361.32, 186.00
361.66, 186.00
362.01, 188.00
362.36, 189.00
362.71, 195.00
363.06, 192.00
363.40, 197.00
363.75, 201.00
364.10, 203.00
364.45, 193.00
364.80, 193.00
365.14, 191.00
365.49, 194.00
365.84, 200.00
366.19, 212.00
366.54, 215.00
366.88, 233.00
367.23, 204.00
367.58, 246.00
367.93, 185.00
368.28, 190.00
368.62, 187.00
368.97, 207.00
369.32, 224.00
369.67, 240.00
370.01, 291.00
370.36, 307.00
370.71, 337.00
371.06, 280.00
371.40, 250.00
371.75, 204.00
372.10, 203.00
372.45, 198.00
372.79, 217.00
373.14, 244.00
373.49, 285.00
373.83, 337.00
374.18, 412.00
374.53, 518.00
374.88, 585.00
375.22, 600.00
375.57, 476.00
375.92, 369.00
376.26, 285.00
376.61, 237.00
376.96, 201.00
377.30, 221.00
377.65, 232.00
378.00, 266.00
378.35, 309.00
378.69, 398.00
379.04, 481.00
379.39, 646.00
379.73, 765.00
380.08, 790.00
380.43, 613.00
380.77, 430.00
381.12, 350.00
381.47, 279.00
381.81, 234.00
382.16, 204.00
382.50, 204.00
382.85, 272.00
383.20, 202.00
383.54, 203.00
383.89, 211.00
384.24, 212.00
384.58, 237.00
384.93, 265.00
385.27, 264.00
385.62, 246.00
385.97, 255.00
386.31, 244.00
386.66, 279.00
387.00, 247.00
387.35, 255.00
387.70, 295.00
388.04, 393.00
388.39, 401.00
388.73, 501.00
389.08, 623.00
389.43, 756.00
389.77, 900.00
390.12, 1097.00
390.46, 1526.00
390.81, 1708.00
391.15, 1641.00
391.50, 1211.00
391.85, 778.00
392.19, 546.00
392.54, 354.00
392.88, 300.00
393.23, 290.00
393.57, 302.00
393.92, 293.00
394.26, 256.00
394.61, 224.00
394.95, 211.00
395.30, 189.00
395.64, 179.00
395.99, 226.00
396.33, 193.00
396.68, 198.00
397.02, 211.00
397.37, 228.00
397.71, 246.00
398.06, 277.00
398.40, 310.00
398.75, 365.00
399.09, 397.00
399.44, 409.00
399.78, 339.00
400.13, 271.00
400.47, 231.00
400.82, 205.00
401.16, 185.00
401.51, 185.00
401.85, 184.00
402.20, 185.00
402.54, 192.00
402.88, 209.00
403.23, 211.00
403.57, 223.00
403.92, 252.00
404.26, 322.00
404.61, 316.00
404.95, 396.00
405.30, 371.00
405.64, 348.00
405.98, 321.00
406.33, 257.00
406.67, 216.00
407.02, 197.00
407.36, 212.00
407.70, 205.00
408.05, 203.00
408.39, 218.00
408.74, 230.00
409.08, 236.00
409.42, 224.00
409.77, 214.00
410.11, 214.00
410.46, 205.00
410.80, 207.00
411.14, 218.00
411.49, 227.00
411.83, 236.00
412.17, 229.00
412.52, 239.00
412.86, 255.00
413.20, 260.00
413.55, 254.00
413.89, 246.00
414.23, 231.00
414.58, 252.00
414.92, 204.00
415.26, 198.00
415.61, 196.00
415.95, 202.00
416.29, 206.00
416.64, 202.00
416.98, 214.00
417.32, 216.00
417.67, 246.00
418.01, 259.00
418.35, 266.00
418.70, 303.00
419.04, 353.00
419.38, 346.00
419.72, 324.00
420.07, 280.00
420.41, 234.00
420.75, 222.00
421.10, 210.00
421.44, 204.00
421.78, 209.00
422.12, 198.00
422.47, 215.00
422.81, 235.00
423.15, 245.00
423.49, 237.00
423.84, 236.00
424.18, 250.00
424.52, 269.00
424.86, 304.00
425.21, 379.00
425.55, 405.00
425.89, 512.00
426.23, 577.00
426.57, 692.00
426.92, 757.00
427.26, 776.00
427.60, 652.00
427.94, 470.00
428.28, 350.00
428.63, 281.00
428.97, 226.00
429.31, 208.00
429.65, 186.00
429.99, 193.00
430.34, 185.00
430.68, 184.00
431.02, 201.00
431.36, 188.00
431.70, 198.00
432.04, 201.00
432.39, 203.00
432.73, 219.00
433.07, 227.00
433.41, 244.00
433.75, 243.00
434.09, 242.00
434.43, 230.00
434.78, 213.00
435.12, 213.00
435.46, 212.00
435.80, 220.00
436.14, 230.00
436.48, 220.00
436.82, 224.00
437.16, 222.00
437.51, 213.00
437.85, 213.00
438.19, 249.00
438.53, 210.00
438.87, 218.00
439.21, 220.00
439.55, 230.00
439.89, 235.00
440.23, 233.00
440.57, 241.00
440.91, 240.00
441.26, 238.00
441.60, 225.00
441.94, 217.00
442.28, 215.00
442.62, 209.00
442.96, 208.00
443.30, 204.00
443.64, 196.00
443.98, 201.00
444.32, 201.00
444.66, 196.00
445.00, 199.00
445.34, 210.00
445.68, 205.00
446.02, 199.00
446.36, 205.00
446.70, 201.00
447.04, 205.00
447.38, 235.00
447.72, 218.00
448.06, 222.00
448.40, 214.00
448.74, 209.00
449.08, 206.00
449.42, 203.00
449.76, 200.00
450.10, 190.00
450.44, 194.00
450.78, 200.00
451.12, 199.00
451.46, 195.00
451.80, 204.00
452.14, 203.00
452.48, 194.00
452.82, 194.00
453.16, 192.00
453.50, 197.00
453.84, 188.00
454.18, 231.00
454.52, 207.00
454.86, 204.00
455.19, 228.00
455.53, 210.00
455.87, 212.00
456.21, 224.00
456.55, 224.00
456.89, 214.00
457.23, 226.00
457.57, 226.00
457.91, 226.00
458.25, 222.00
458.59, 237.00
458.92, 240.00
459.26, 247.00
459.60, 242.00
459.94, 227.00
460.28, 205.00
460.62, 205.00
460.96, 199.00
461.30, 185.00
461.63, 188.00
461.97, 194.00
462.31, 195.00
462.65, 203.00
462.99, 206.00
463.33, 211.00
463.67, 217.00
464.00, 215.00
464.34, 217.00
464.68, 221.00
465.02, 236.00
465.36, 235.00
465.70, 222.00
466.03, 217.00
466.37, 213.00
466.71, 215.00
467.05, 229.00
467.39, 240.00
467.72, 250.00
468.06, 261.00
468.40, 271.00
468.74, 282.00
469.08, 293.00
469.41, 320.00
469.75, 334.00
470.09, 368.00
470.43, 365.00
470.76, 313.00
471.10, 287.00
471.44, 288.00
471.78, 265.00
472.11, 254.00
472.45, 245.00
472.79, 240.00
473.13, 237.00
473.46, 228.00
473.80, 223.00
474.14, 224.00
474.48, 228.00
474.81, 218.00
475.15, 217.00
475.49, 223.00
475.82, 225.00
476.16, 229.00
476.50, 217.00
476.84, 215.00
477.17, 210.00
477.51, 204.00
477.85, 211.00
478.18, 221.00
478.52, 211.00
478.86, 263.00
479.19, 228.00
479.53, 218.00
479.87, 266.00
480.20, 231.00
480.54, 222.00
480.88, 228.00
481.21, 218.00
481.55, 221.00
481.89, 214.00
482.22, 216.00
482.56, 223.00
482.90, 222.00
483.23, 215.00
483.57, 214.00
483.90, 222.00
484.24, 224.00
484.58, 212.00
484.91, 222.00
485.25, 223.00
485.58, 221.00
485.92, 226.00
486.26, 227.00
486.59, 224.00
486.93, 221.00
487.26, 230.00
487.60, 241.00
487.94, 222.00
488.27, 224.00
488.61, 224.00
488.94, 226.00
489.28, 227.00
489.61, 228.00
489.95, 228.00
490.29, 232.00
490.62, 234.00
490.96, 232.00
491.29, 240.00
491.63, 235.00
491.96, 222.00
492.30, 231.00
492.63, 228.00
492.97, 214.00
493.30, 223.00
493.64, 222.00
493.97, 225.00
494.31, 229.00
494.64, 231.00
494.98, 240.00
495.31, 234.00
495.65, 229.00
495.98, 233.00
496.32, 229.00
496.65, 253.00
496.99, 222.00
497.32, 218.00
497.66, 211.00
497.99, 216.00
498.33, 217.00
498.66, 205.00
499.00, 219.00
499.33, 218.00
499.67, 224.00
500.00, 216.00
500.34, 227.00
500.67, 227.00
501.00, 227.00
501.34, 223.00
501.67, 221.00
502.01, 220.00
502.34, 221.00
502.68, 233.00
503.01, 238.00
503.34, 234.00
503.68, 233.00
504.01, 233.00
504.35, 233.00
504.68, 246.00
505.01, 249.00
505.35, 250.00
505.68, 243.00
506.02, 242.00
506.35, 253.00
506.68, 256.00
507.02, 245.00
507.35, 237.00
507.68, 240.00
508.02, 248.00
508.35, 244.00
508.69, 239.00
509.02, 238.00
509.35, 234.00
509.69, 234.00
510.02, 232.00
510.35, 230.00
510.69, 218.00
511.02, 228.00
511.35, 222.00
511.69, 220.00
512.02, 218.00
512.35, 226.00
512.68, 230.00
513.02, 230.00
513.35, 222.00
513.68, 219.00
514.02, 225.00
514.35, 215.00
514.68, 227.00
515.01, 214.00
515.35, 220.00
515.68, 213.00
516.01, 213.00
516.35, 220.00
516.68, 216.00
517.01, 209.00
517.34, 225.00
517.68, 212.00
518.01, 228.00
518.34, 213.00
518.67, 215.00
519.01, 222.00
519.34, 221.00
519.67, 233.00
520.00, 225.00
520.33, 223.00
520.67, 228.00
521.00, 218.00
521.33, 233.00
521.66, 241.00
522.00, 234.00
522.33, 239.00
522.66, 222.00
522.99, 224.00
523.32, 226.00
523.65, 217.00
523.99, 225.00
524.32, 221.00
524.65, 220.00
524.98, 222.00
525.31, 223.00
525.65, 252.00
525.98, 225.00
526.31, 217.00
526.64, 226.00
526.97, 224.00
527.30, 217.00
527.63, 216.00
527.97, 213.00
528.30, 212.00
528.63, 221.00
528.96, 238.00
529.29, 205.00
529.62, 214.00
529.95, 209.00
530.28, 209.00
530.61, 214.00
530.95, 215.00
531.28, 213.00
531.61, 226.00
531.94, 225.00
532.27, 226.00
532.60, 214.00
532.93, 218.00
533.26, 216.00
533.59, 208.00
533.92, 223.00
534.25, 207.00
534.58, 237.00
534.91, 209.00
535.25, 211.00
535.58, 199.00
535.91, 202.00
536.24, 205.00
536.57, 209.00
536.90, 205.00
537.23, 202.00
537.56, 238.00
537.89, 201.00
538.22, 194.00
538.55, 196.00
538.88, 209.00
539.21, 320.00
539.54, 196.00
539.87, 198.00
540.20, 203.00
540.53, 198.00
540.86, 228.00
541.19, 198.00
541.52, 199.00
541.85, 206.00
542.18, 224.00
542.51, 211.00
542.84, 218.00
543.17, 217.00
543.50, 216.00
543.82, 207.00
544.15, 210.00
544.48, 208.00
544.81, 207.00
545.14, 228.00
545.47, 205.00
545.80, 241.00
546.13, 199.00
546.46, 241.00
546.79, 232.00
547.12, 202.00
547.45, 205.00
547.78, 202.00
548.10, 208.00
548.43, 202.00
548.76, 198.00
549.09, 206.00
549.42, 210.00
549.75, 206.00
550.08, 207.00
550.41, 212.00
550.74, 217.00
551.06, 207.00
551.39, 209.00
551.72, 202.00
552.05, 207.00
552.38, 205.00
552.71, 201.00
553.03, 213.00
553.36, 207.00
553.69, 210.00
554.02, 205.00
554.35, 211.00
554.68, 207.00
555.00, 212.00
555.33, 213.00
555.66, 206.00
555.99, 226.00
556.32, 219.00
556.64, 213.00
556.97, 237.00
557.30, 221.00
557.63, 231.00
557.96, 228.00
558.28, 231.00
558.61, 227.00
558.94, 233.00
559.27, 237.00
559.59, 225.00
559.92, 217.00
560.25, 223.00
560.58, 221.00
560.90, 226.00
561.23, 219.00
561.56, 218.00
561.89, 217.00
562.21, 214.00
562.54, 208.00
562.87, 206.00
563.20, 213.00
563.52, 201.00
563.85, 199.00
564.18, 221.00
564.50, 198.00
564.83, 227.00
565.16, 253.00
565.48, 187.00
565.81, 196.00
566.14, 183.00
566.47, 185.00
566.79, 192.00
567.12, 196.00
567.45, 210.00
567.77, 195.00
568.10, 187.00
568.43, 190.00
568.75, 188.00
569.08, 189.00
569.40, 230.00
569.73, 198.00
570.06, 190.00
570.38, 185.00
570.71, 185.00
571.04, 188.00
571.36, 197.00
571.69, 195.00
572.01, 186.00
572.34, 195.00
572.67, 195.00
572.99, 192.00
573.32, 209.00
573.64, 192.00
573.97, 187.00
574.30, 193.00
574.62, 193.00
574.95, 191.00
575.27, 195.00
575.60, 185.00
575.92, 195.00
576.25, 193.00
576.58, 194.00
576.90, 197.00
577.23, 225.00
577.55, 196.00
577.88, 183.00
578.20, 189.00
578.53, 184.00
578.85, 206.00
579.18, 197.00
579.50, 189.00
579.83, 188.00
580.15, 194.00
580.48, 190.00
580.80, 194.00
581.13, 191.00
581.45, 193.00
581.78, 196.00
582.10, 194.00
582.43, 197.00
582.75, 197.00
583.08, 194.00
583.40, 190.00
583.73, 265.00
584.05, 202.00
584.38, 197.00
584.70, 247.00
585.03, 198.00
585.35, 201.00
585.67, 206.00
586.00, 227.00
586.32, 242.00
586.65, 246.00
586.97, 243.00
587.30, 236.00
587.62, 221.00
587.94, 232.00
588.27, 217.00
588.59, 205.00
588.92, 197.00
589.24, 202.00
589.56, 205.00
589.89, 204.00
590.21, 197.00
590.54, 204.00
590.86, 197.00
591.18, 196.00
591.51, 194.00
591.83, 216.00
592.15, 205.00
592.48, 200.00
592.80, 212.00
593.13, 206.00
593.45, 207.00
593.77, 216.00
594.10, 220.00
594.42, 217.00
594.74, 222.00
595.07, 224.00
595.39, 223.00
595.71, 231.00
596.03, 230.00
596.36, 243.00
596.68, 239.00
597.00, 239.00
597.33, 235.00
597.65, 243.00
597.97, 244.00
598.30, 243.00
598.62, 240.00
598.94, 231.00
599.26, 239.00
599.59, 240.00
599.91, 237.00
600.23, 230.00
600.55, 230.00
600.88, 228.00
601.20, 218.00
601.52, 214.00
601.84, 214.00
602.17, 201.00
602.49, 197.00
602.81, 200.00
603.13, 198.00
603.45, 200.00
603.78, 197.00
604.10, 194.00
604.42, 192.00
604.74, 196.00
605.07, 197.00
605.39, 195.00
605.71, 189.00
606.03, 194.00
606.35, 190.00
606.67, 190.00
607.00, 192.00
607.32, 180.00
607.64, 189.00
607.96, 180.00
608.28, 183.00
608.60, 182.00
608.93, 181.00
609.25, 191.00
609.57, 185.00
609.89, 184.00
610.21, 185.00
610.53, 182.00
610.85, 178.00
611.17, 186.00
611.50, 182.00
611.82, 174.00
612.14, 176.00
612.46, 180.00
612.78, 183.00
613.10, 183.00
613.42, 173.00
613.74, 197.00
614.06, 226.00
614.38, 218.00
614.70, 214.00
615.03, 229.00
615.35, 215.00
615.67, 301.00
615.99, 190.00
616.31, 191.00
616.63, 194.00
616.95, 188.00
617.27, 187.00
617.59, 181.00
617.91, 179.00
618.23, 184.00
618.55, 173.00
618.87, 174.00
619.19, 179.00
619.51, 175.00
619.83, 175.00
620.15, 180.00
620.47, 173.00
620.79, 174.00
621.11, 177.00
621.43, 180.00
621.75, 187.00
622.07, 183.00
622.39, 177.00
622.71, 178.00
623.03, 175.00
623.35, 215.00
623.67, 177.00
623.99, 174.00
624.31, 169.00
624.63, 172.00
624.95, 176.00
625.26, 173.00
625.58, 173.00
625.90, 207.00
626.22, 170.00
626.54, 172.00
626.86, 176.00
627.18, 174.00
627.50, 180.00
627.82, 180.00
628.14, 180.00
628.46, 186.00
628.77, 179.00
629.09, 189.00
629.41, 183.00
629.73, 181.00
630.05, 192.00
630.37, 184.00
630.69, 193.00
631.00, 197.00
631.32, 194.00
631.64, 193.00
631.96, 192.00
632.28, 191.00
632.60, 191.00
632.92, 196.00
633.23, 192.00
633.55, 199.00
633.87, 206.00
634.19, 205.00
634.51, 205.00
634.82, 224.00
635.14, 223.00
635.46, 214.00
635.78, 210.00
636.10, 219.00
636.41, 214.00
636.73, 216.00
637.05, 216.00
637.37, 216.00
637.68, 212.00
638.00, 213.00
638.32, 231.00
638.64, 229.00
638.95, 249.00
639.27, 236.00
639.59, 229.00
639.91, 221.00
640.22, 219.00
640.54, 214.00
640.86, 210.00
641.18, 213.00
641.49, 225.00
641.81, 212.00
642.13, 222.00
642.44, 207.00
642.76, 202.00
643.08, 199.00
643.40, 207.00
643.71, 213.00
644.03, 212.00
644.35, 217.00
644.66, 217.00
644.98, 214.00
645.30, 206.00
645.61, 232.00
645.93, 200.00
646.25, 194.00
646.56, 192.00
646.88, 221.00
647.19, 188.00
647.51, 190.00
647.83, 186.00
648.14, 185.00
648.46, 188.00
648.78, 195.00
649.09, 195.00
649.41, 236.00
649.72, 206.00
650.04, 207.00
650.36, 209.00
650.67, 214.00
650.99, 218.00
651.30, 214.00
651.62, 213.00
651.93, 219.00
652.25, 236.00
652.57, 258.00
652.88, 218.00
653.20, 221.00
653.51, 215.00
653.83, 207.00
654.14, 198.00
654.46, 205.00
654.77, 201.00
655.09, 207.00
655.40, 213.00
655.72, 200.00
656.04, 197.00
656.35, 197.00
656.67, 187.00
656.98, 189.00
657.30, 193.00
657.61, 201.00
657.93, 204.00
658.24, 208.00
658.55, 250.00
658.87, 206.00
659.18, 212.00
659.50, 210.00
659.81, 217.00
660.13, 212.00
660.44, 206.00
660.76, 212.00
661.07, 226.00
661.39, 205.00
661.70, 196.00
662.01, 195.00
662.33, 194.00
662.64, 188.00
662.96, 182.00
663.27, 187.00
663.59, 179.00
663.90, 178.00
664.21, 180.00
664.53, 201.00
664.84, 192.00
665.16, 206.00
665.47, 190.00
665.78, 182.00
666.10, 196.00
666.41, 201.00
666.72, 207.00
667.04, 219.00
667.35, 202.00
667.67, 197.00
667.98, 191.00
668.29, 193.00
668.61, 202.00
668.92, 200.00
669.23, 190.00
669.55, 190.00
669.86, 219.00
670.17, 185.00
670.48, 184.00
670.80, 176.00
671.11, 181.00
671.42, 182.00
671.74, 182.00
672.05, 178.00
672.36, 180.00
672.68, 180.00
672.99, 181.00
673.30, 186.00
673.61, 194.00
673.93, 190.00
674.24, 197.00
674.55, 201.00
674.86, 206.00
675.18, 209.00
675.49, 212.00
675.80, 213.00
676.11, 214.00
676.43, 220.00
676.74, 209.00
677.05, 209.00
677.36, 215.00
677.67, 212.00
677.99, 200.00
678.30, 193.00
678.61, 199.00
678.92, 185.00
679.23, 189.00
679.55, 182.00
679.86, 184.00
680.17, 183.00
680.48, 186.00
680.79, 185.00
681.10, 172.00
681.42, 184.00
681.73, 170.00
682.04, 168.00
682.35, 174.00
682.66, 178.00
682.97, 172.00
683.28, 181.00
683.60, 180.00
683.91, 177.00
684.22, 187.00
684.53, 175.00
684.84, 174.00
685.15, 175.00
685.46, 203.00
685.77, 172.00
686.08, 168.00
686.40, 207.00
686.71, 165.00
687.02, 172.00
687.33, 162.00
687.64, 159.00
687.95, 167.00
688.26, 157.00
688.57, 159.00
688.88, 166.00
689.19, 156.00
689.50, 158.00
689.81, 159.00
690.12, 154.00
690.43, 176.00
690.74, 154.00
691.05, 156.00
691.36, 174.00
691.67, 157.00
691.98, 159.00
692.29, 158.00
692.60, 162.00
692.91, 154.00
693.22, 159.00
693.53, 156.00
693.84, 167.00
694.15, 153.00
694.46, 155.00
694.77, 156.00
695.08, 165.00
695.39, 164.00
695.70, 162.00
696.01, 164.00
696.32, 154.00
696.63, 154.00
696.94, 157.00
697.25, 153.00
697.56, 161.00
697.87, 164.00
698.17, 204.00
698.48, 158.00
698.79, 160.00
699.10, 158.00
699.41, 163.00
699.72, 159.00
700.03, 155.00
700.34, 152.00
700.65, 157.00
700.95, 159.00
701.26, 159.00
701.57, 161.00
701.88, 159.00
702.19, 173.00
702.50, 161.00
702.81, 162.00
703.11, 177.00
703.42, 157.00
703.73, 161.00
704.04, 166.00
704.35, 168.00
704.66, 196.00
704.96, 264.00
705.27, 316.00
705.58, 353.00
705.89, 317.00
706.20, 273.00
706.50, 246.00
706.81, 228.00
707.12, 209.00
707.43, 190.00
707.73, 182.00
708.04, 164.00
708.35, 165.00
708.66, 157.00
708.97, 156.00
709.27, 158.00
709.58, 157.00
709.89, 160.00
710.19, 154.00
710.50, 169.00
710.81, 158.00
711.12, 160.00
711.42, 154.00
711.73, 155.00
712.04, 157.00
712.35, 159.00
712.65, 160.00
712.96, 159.00
713.27, 166.00
713.57, 183.00
713.88, 178.00
714.19, 158.00
714.49, 154.00
714.80, 165.00
715.11, 161.00
715.41, 156.00
715.72, 157.00
716.03, 159.00
716.33, 165.00
716.64, 157.00
716.94, 156.00
717.25, 156.00
717.56, 164.00
717.86, 160.00
718.17, 154.00
718.48, 158.00
718.78, 158.00
719.09, 153.00
719.39, 157.00
719.70, 155.00
720.01, 154.00
720.31, 155.00
720.62, 158.00
720.92, 159.00
721.23, 162.00
721.53, 159.00
721.84, 158.00
722.15, 159.00
722.45, 163.00
722.76, 160.00
723.06, 160.00
723.37, 158.00
723.67, 165.00
723.98, 160.00
724.28, 162.00
724.59, 167.00
724.89, 170.00
725.20, 155.00
725.50, 174.00
725.81, 165.00
726.11, 159.00
726.42, 163.00
726.72, 168.00
727.03, 206.00
727.33, 175.00
727.64, 166.00
727.94, 163.00
728.25, 159.00
728.55, 157.00
728.86, 181.00
729.16, 156.00
729.46, 153.00
729.77, 161.00
730.07, 158.00
730.38, 158.00
730.68, 151.00
730.99, 162.00
731.29, 158.00
731.59, 157.00
731.90, 155.00
732.20, 148.00
732.51, 169.00
732.81, 160.00
733.11, 167.00
733.42, 155.00
733.72, 165.00
734.02, 164.00
734.33, 157.00
734.63, 157.00
734.94, 161.00
735.24, 161.00
735.54, 160.00
735.85, 157.00
736.15, 158.00
736.45, 157.00
736.76, 159.00
737.06, 158.00
737.36, 164.00
737.67, 157.00
737.97, 155.00
738.27, 158.00
738.57, 157.00
738.88, 153.00
739.18, 203.00
739.48, 157.00
739.79, 154.00
740.09, 155.00
740.39, 160.00
740.69, 161.00
741.00, 147.00
741.30, 163.00
741.60, 157.00
741.90, 157.00
742.21, 157.00
742.51, 206.00
742.81, 159.00
743.11, 163.00
743.42, 192.00
743.72, 169.00
744.02, 175.00
744.32, 170.00
744.63, 180.00
744.93, 176.00
745.23, 180.00
745.53, 180.00
745.83, 176.00
746.13, 179.00
746.44, 175.00
746.74, 185.00
747.04, 179.00
747.34, 184.00
747.64, 183.00
747.94, 183.00
748.25, 187.00
748.55, 187.00
748.85, 180.00
749.15, 188.00
749.45, 214.00
749.75, 198.00
750.05, 179.00
750.35, 173.00
750.66, 184.00
750.96, 168.00
751.26, 160.00
751.56, 158.00
751.86, 165.00
752.16, 152.00
752.46, 152.00
752.76, 156.00
753.06, 152.00
753.36, 195.00
753.66, 157.00
753.96, 157.00
754.27, 155.00
754.57, 156.00
754.87, 157.00
755.17, 158.00
755.47, 156.00
755.77, 160.00
756.07, 160.00
756.37, 162.00
756.67, 174.00
756.97, 166.00
757.27, 166.00
757.57, 169.00
757.87, 172.00
758.17, 162.00
758.47, 177.00
758.77, 172.00
759.07, 161.00
759.37, 167.00
759.67, 169.00
759.97, 167.00
760.27, 175.00
760.57, 166.00
760.86, 171.00
761.16, 167.00
761.46, 164.00
761.76, 196.00
762.06, 158.00
762.36, 170.00
762.66, 158.00
762.96, 153.00
763.26, 159.00
763.56, 185.00
763.86, 163.00
764.16, 151.00
764.45, 170.00
764.75, 158.00
765.05, 152.00
765.35, 157.00
765.65, 157.00
765.95, 154.00
766.25, 156.00
766.55, 162.00
766.84, 156.00
767.14, 160.00
767.44, 155.00
767.74, 160.00
768.04, 165.00
768.34, 164.00
768.63, 163.00
768.93, 163.00
769.23, 172.00
769.53, 168.00
769.83, 164.00
770.12, 164.00
770.42, 167.00
770.72, 168.00
771.02, 167.00
771.32, 165.00
771.61, 166.00
771.91, 169.00
772.21, 165.00
772.51, 166.00
772.80, 166.00
773.10, 170.00
773.40, 170.00
773.70, 166.00
773.99, 168.00
774.29, 176.00
774.59, 173.00
774.88, 175.00
775.18, 203.00
775.48, 439.00
775.78, 814.00
776.07, 1053.00
776.37, 1097.00
776.67, 873.00
776.96, 573.00
777.26, 512.00
777.56, 389.00
777.85, 341.00
778.15, 306.00
778.45, 280.00
778.74, 249.00
779.04, 210.00
779.34, 180.00
779.63, 177.00
779.93, 156.00
780.22, 153.00
780.52, 154.00
780.82, 150.00
781.11, 147.00
781.41, 150.00
781.71, 145.00
782.00, 145.00
782.30, 157.00
782.59, 152.00
782.89, 152.00
783.19, 148.00
783.48, 152.00
783.78, 146.00
784.07, 154.00
784.37, 153.00
784.66, 154.00
784.96, 151.00
785.25, 151.00
785.55, 148.00
785.84, 149.00
786.14, 147.00
786.44, 150.00
786.73, 151.00
787.03, 145.00
787.32, 150.00
787.62, 151.00
787.91, 143.00
788.21, 151.00
788.50, 151.00
788.80, 149.00
789.09, 153.00
789.39, 154.00
789.68, 149.00
789.97, 152.00
790.27, 149.00
790.56, 150.00
790.86, 159.00
791.15, 146.00
791.45, 146.00
791.74, 169.00
792.04, 148.00
792.33, 145.00
792.62, 175.00
792.92, 145.00
793.21, 142.00
793.51, 151.00
793.80, 146.00
794.09, 144.00
794.39, 148.00
794.68, 153.00
794.98, 144.00
795.27, 144.00
795.56, 139.00
795.86, 146.00
796.15, 142.00
796.44, 146.00
796.74, 148.00
797.03, 145.00
797.32, 145.00
797.62, 143.00
797.91, 160.00
798.20, 147.00
798.50, 156.00
798.79, 151.00
799.08, 147.00
799.38, 148.00
799.67, 146.00
799.96, 157.00
800.26, 176.00
800.55, 146.00
800.84, 149.00
801.13, 151.00
801.43, 144.00
801.72, 186.00
802.01, 147.00
802.30, 147.00
802.60, 149.00
802.89, 155.00
803.18, 146.00
803.47, 148.00
803.77, 152.00
804.06, 155.00
804.35, 157.00
804.64, 168.00
804.94, 148.00
805.23, 141.00
805.52, 142.00
805.81, 144.00
806.10, 146.00
806.39, 152.00
806.69, 145.00
806.98, 143.00
807.27, 147.00
807.56, 157.00
807.85, 146.00
808.14, 144.00
808.44, 157.00
808.73, 152.00
809.02, 165.00
809.31, 152.00
809.60, 150.00
809.89, 158.00
810.18, 146.00
810.48, 155.00
810.77, 148.00
811.06, 155.00
811.35, 149.00
811.64, 150.00
811.93, 166.00
812.22, 151.00
812.51, 148.00
812.80, 144.00
813.09, 143.00
813.38, 146.00
813.67, 162.00
813.96, 145.00
814.26, 142.00
814.55, 152.00
814.84, 144.00
815.13, 151.00
815.42, 153.00
815.71, 146.00
816.00, 144.00
816.29, 151.00
816.58, 148.00
816.87, 148.00
817.16, 148.00
817.45, 150.00
817.74, 149.00
818.03, 144.00
818.32, 149.00
818.61, 146.00
818.90, 149.00
819.19, 145.00
819.48, 147.00
819.76, 145.00
820.05, 148.00
820.34, 144.00
820.63, 143.00
820.92, 147.00
821.21, 146.00
821.50, 148.00
821.79, 146.00
822.08, 150.00
822.37, 149.00
822.66, 144.00
822.95, 149.00
823.23, 146.00
823.52, 159.00
823.81, 149.00
824.10, 143.00
824.39, 137.00
824.68, 139.00
824.97, 157.00
825.26, 147.00
825.54, 194.00
825.83, 147.00
826.12, 139.00
826.41, 144.00
826.70, 138.00
826.99, 152.00
827.27, 146.00
827.56, 158.00
827.85, 142.00
828.14, 143.00
828.43, 155.00
828.71, 149.00
829.00, 148.00
829.29, 141.00
829.58, 147.00
829.86, 143.00
830.15, 141.00
830.44, 143.00
830.73, 148.00
831.01, 143.00
831.30, 140.00
831.59, 146.00
831.88, 143.00
832.16, 146.00
832.45, 154.00
832.74, 141.00
833.03, 145.00
833.31, 145.00
833.60, 142.00
833.89, 139.00
834.17, 147.00
834.46, 141.00
834.75, 143.00
835.03, 143.00
835.32, 141.00
835.61, 150.00
835.89, 157.00
836.18, 144.00
836.47, 141.00
836.75, 143.00
837.04, 149.00
837.33, 148.00
837.61, 149.00
837.90, 144.00
838.19, 140.00
838.47, 143.00
838.76, 143.00
839.04, 142.00
839.33, 146.00
839.62, 147.00
839.90, 144.00
840.19, 145.00
840.47, 143.00
840.76, 171.00
841.04, 144.00
841.33, 144.00
841.62, 146.00
841.90, 140.00
842.19, 142.00
842.47, 177.00
842.76, 148.00
843.04, 151.00
843.33, 177.00
843.61, 166.00
843.90, 167.00
844.18, 165.00
844.47, 160.00
844.75, 167.00
845.04, 165.00
845.32, 156.00
845.61, 153.00
845.89, 155.00
846.18, 154.00
846.46, 149.00
846.75, 146.00
847.03, 163.00
847.32, 145.00
847.60, 143.00
847.88, 140.00
848.17, 149.00
848.45, 158.00
848.74, 147.00
849.02, 144.00
849.31, 148.00
849.59, 149.00
849.87, 146.00
850.16, 145.00
850.44, 145.00
850.73, 185.00
851.01, 144.00
851.29, 145.00
851.58, 150.00
851.86, 143.00
852.14, 144.00
852.43, 149.00
852.71, 140.00
853.00, 142.00
853.28, 150.00
853.56, 143.00
853.85, 149.00
854.13, 141.00
854.41, 140.00
854.69, 143.00
854.98, 137.00
855.26, 193.00
855.54, 143.00
855.83, 147.00
856.11, 143.00
856.39, 142.00
856.68, 143.00
856.96, 146.00
857.24, 146.00
857.52, 151.00
857.81, 143.00
858.09, 146.00
858.37, 143.00
858.65, 142.00
858.94, 142.00
859.22, 142.00
