190.05, 0.00
190.41, 129.00
190.77, 132.00
191.14, 134.00
191.50, 135.00
191.86, 158.00
192.22, 148.00
192.58, 145.00
192.94, 141.00
193.31, 142.00
193.67, 142.00
194.03, 151.00
194.39, 142.00
194.75, 146.00
195.11, 150.00
195.47, 163.00
195.84, 146.00
196.20, 139.00
196.56, 159.00
196.92, 145.00
197.28, 145.00
197.64, 141.00
198.00, 142.00
198.37, 149.00
198.73, 147.00
199.09, 143.00
199.45, 137.00
199.81, 143.00
200.17, 148.00
200.53, 149.00
200.89, 158.00
201.25, 183.00
201.62, 144.00
201.98, 145.00
202.34, 137.00
202.70, 150.00
203.06, 147.00
203.42, 140.00
203.78, 146.00
204.14, 148.00
204.50, 165.00
204.86, 156.00
205.22, 151.00
205.58, 154.00
205.95, 147.00
206.31, 143.00
206.67, 148.00
207.03, 151.00
207.39, 151.00
207.75, 144.00
208.11, 144.00
208.47, 142.00
208.83, 149.00
209.19, 148.00
209.55, 149.00
209.91, 146.00
210.27, 149.00
210.63, 146.00
210.99, 152.00
211.35, 146.00
211.71, 153.00
212.07, 144.00
212.43, 150.00
212.79, 146.00
213.15, 146.00
213.51, 144.00
213.87, 150.00
214.23, 143.00
214.59, 142.00
214.95, 146.00
215.31, 143.00
215.67, 143.00
216.03, 172.00
216.39, 142.00
216.75, 142.00
217.11, 152.00
217.47, 141.00
217.83, 141.00
218.19, 148.00
218.55, 150.00
218.91, 149.00
219.27, 147.00
219.63, 144.00
219.99, 141.00
220.35, 150.00
220.71, 154.00
221.07, 144.00
221.43, 144.00
221.79, 142.00
222.15, 148.00
222.51, 146.00
222.87, 143.00
223.23, 145.00
223.59, 140.00
223.95, 144.00
224.31, 143.00
224.67, 141.00
225.03, 147.00
225.39, 149.00
225.74, 150.00
226.10, 142.00
226.46, 143.00
226.82, 151.00
227.18, 147.00
227.54, 145.00
227.90, 146.00
228.26, 144.00
228.62, 154.00
228.98, 144.00
229.34, 143.00
229.69, 144.00
230.05, 142.00
230.41, 143.00
230.77, 154.00
231.13, 151.00
231.49, 143.00
231.85, 140.00
232.21, 152.00
232.57, 151.00
232.92, 141.00
233.28, 146.00
233.64, 146.00
234.00, 137.00
234.36, 141.00
234.72, 142.00
235.08, 146.00
235.44, 149.00
235.79, 145.00
236.15, 146.00
236.51, 142.00
236.87, 141.00
237.23, 147.00
237.59, 141.00
237.94, 149.00
238.30, 141.00
238.66, 146.00
239.02, 146.00
239.38, 139.00
239.74, 142.00
240.09, 151.00
240.45, 142.00
240.81, 137.00
241.17, 152.00
241.53, 142.00
241.89, 144.00
242.24, 149.00
242.60, 141.00
242.96, 147.00
243.32, 150.00
243.68, 137.00
244.03, 143.00
244.39, 144.00
244.75, 165.00
245.11, 146.00
245.46, 148.00
245.82, 173.00
246.18, 143.00
246.54, 148.00
246.90, 138.00
247.25, 145.00
247.61, 142.00
247.97, 185.00
248.33, 141.00
248.68, 145.00
249.04, 148.00
249.40, 145.00
249.76, 146.00
250.11, 143.00
250.47, 147.00
250.83, 147.00
251.19, 145.00
251.54, 154.00
251.90, 144.00
252.26, 143.00
252.62, 139.00
252.97, 144.00
253.33, 143.00
253.69, 143.00
254.05, 150.00
254.40, 143.00
254.76, 143.00
255.12, 176.00
255.47, 149.00
255.83, 147.00
256.19, 148.00
256.54, 145.00
256.90, 140.00
257.26, 142.00
257.62, 148.00
257.97, 140.00
258.33, 143.00
258.69, 141.00
259.04, 143.00
259.40, 141.00
259.76, 146.00
260.11, 140.00
260.47, 140.00
260.83, 146.00
261.18, 147.00
261.54, 153.00
261.90, 147.00
262.25, 140.00
262.61, 144.00
262.97, 140.00
263.32, 146.00
263.68, 140.00
264.04, 146.00
264.39, 148.00
264.75, 138.00
265.10, 142.00
265.46, 189.00
265.82, 152.00
266.17, 146.00
266.53, 142.00
266.89, 148.00
267.24, 153.00
267.60, 141.00
267.95, 145.00
268.31, 143.00
268.67, 146.00
269.02, 145.00
269.38, 143.00
269.74, 153.00
270.09, 144.00
270.45, 147.00
270.80, 167.00
271.16, 143.00
271.51, 153.00
271.87, 154.00
272.23, 152.00
272.58, 148.00
272.94, 142.00
273.29, 143.00
273.65, 192.00
274.00, 143.00
274.36, 147.00
274.72, 142.00
275.07, 141.00
275.43, 142.00
275.78, 149.00
276.14, 141.00
276.49, 148.00
276.85, 155.00
277.20, 159.00
277.56, 144.00
277.92, 146.00
278.27, 149.00
278.63, 152.00
278.98, 145.00
279.34, 149.00
279.69, 147.00
280.05, 167.00
280.40, 153.00
280.76, 163.00
281.11, 155.00
281.47, 148.00
281.82, 154.00
282.18, 150.00
282.53, 162.00
282.89, 161.00
283.24, 160.00
283.60, 155.00
283.95, 164.00
284.31, 163.00
284.66, 168.00
285.02, 168.00
285.37, 169.00
285.73, 168.00
286.08, 174.00
286.44, 155.00
286.79, 162.00
287.14, 163.00
287.50, 152.00
287.85, 150.00
288.21, 157.00
288.56, 149.00
288.92, 158.00
289.27, 156.00
289.63, 162.00
289.98, 158.00
290.34, 150.00
290.69, 154.00
291.04, 152.00
291.40, 153.00
291.75, 153.00
292.11, 156.00
292.46, 150.00
292.81, 159.00
293.17, 155.00
293.52, 162.00
293.88, 171.00
294.23, 173.00
294.59, 186.00
294.94, 191.00
295.29, 202.00
295.65, 214.00
296.00, 223.00
296.36, 207.00
296.71, 194.00
297.06, 194.00
297.42, 207.00
297.77, 201.00
298.12, 189.00
298.48, 176.00
298.83, 181.00
299.19, 179.00
299.54, 183.00
299.89, 181.00
300.25, 184.00
300.60, 191.00
300.95, 180.00
301.31, 165.00
301.66, 161.00
302.01, 159.00
302.37, 152.00
302.72, 162.00
303.07, 165.00
303.43, 170.00
303.78, 166.00
304.13, 179.00
304.49, 173.00
304.84, 183.00
305.19, 218.00
305.55, 173.00
305.90, 189.00
306.25, 222.00
306.61, 287.00
306.96, 333.00
307.31, 426.00
307.66, 580.00
308.02, 748.00
308.37, 892.00
308.72, 974.00
309.08, 993.00
309.43, 948.00
309.78, 805.00
310.13, 703.00
310.49, 622.00
310.84, 502.00
311.19, 447.00
311.54, 393.00
311.90, 356.00
312.25, 334.00
312.60, 351.00
312.95, 413.00
313.31, 462.00
313.66, 454.00
314.01, 452.00
314.36, 462.00
314.72, 524.00
315.07, 676.00
315.42, 822.00
315.77, 881.00
316.13, 710.00
316.48, 477.00
316.83, 331.00
317.18, 257.00
317.54, 211.00
317.89, 188.00
318.24, 181.00
318.59, 178.00
318.94, 182.00
319.30, 174.00
319.65, 189.00
320.00, 183.00
320.35, 182.00
320.70, 185.00
321.05, 181.00
321.41, 182.00
321.76, 183.00
322.11, 176.00
322.46, 178.00
322.81, 217.00
323.17, 169.00
323.52, 167.00
323.87, 171.00
324.22, 168.00
324.57, 174.00
324.92, 173.00
325.27, 178.00
325.63, 192.00
325.98, 193.00
326.33, 202.00
326.68, 191.00
327.03, 200.00
327.38, 204.00
327.73, 206.00
328.09, 227.00
328.44, 260.00
328.79, 221.00
329.14, 254.00
329.49, 213.00
329.84, 210.00
330.19, 212.00
330.54, 205.00
330.89, 214.00
331.25, 197.00
331.60, 194.00
331.95, 189.00
332.30, 192.00
332.65, 204.00
333.00, 216.00
333.35, 273.00
333.70, 284.00
334.05, 253.00
334.40, 275.00
334.75, 313.00
335.10, 421.00
335.45, 604.00
335.81, 876.00
336.16, 1307.00
336.51, 1799.00
336.86, 1899.00
337.21, 1623.00
337.56, 1017.00
337.91, 600.00
338.26, 374.00
338.61, 261.00
338.96, 216.00
339.31, 199.00
339.66, 186.00
340.01, 198.00
340.36, 184.00
340.71, 181.00
341.06, 172.00
341.41, 173.00
341.76, 172.00
342.11, 179.00
342.46, 184.00
342.81, 180.00
343.16, 183.00
343.51, 183.00
343.86, 179.00
344.21, 174.00
344.56, 180.00
344.91, 176.00
345.26, 180.00
345.61, 176.00
345.96, 174.00
346.31, 172.00
346.66, 202.00
347.01, 176.00
347.36, 194.00
347.71, 175.00
348.06, 176.00
348.41, 194.00
348.76, 212.00
349.10, 207.00
349.45, 235.00
349.80, 230.00
350.15, 220.00
350.50, 212.00
350.85, 221.00
351.20, 224.00
351.55, 268.00
351.90, 314.00
352.25, 398.00
352.60, 510.00
352.95, 650.00
353.30, 712.00
353.64, 648.00
353.99, 498.00
354.34, 406.00
354.69, 380.00
355.04, 396.00
355.39, 474.00
355.74, 618.00
356.09, 798.00
356.44, 988.00
356.78, 1314.00
357.13, 1533.00
357.48, 1468.00
357.83, 1116.00
358.18, 706.00
358.53, 460.00
358.88, 301.00
359.22, 244.00
359.57, 192.00
359.92, 182.00
360.27, 186.00
360.62, 186.00
360.97, 186.00
361.32, 181.00
361.66, 185.00
362.01, 185.00
362.36, 202.00
362.71, 185.00
363.06, 197.00
363.40, 205.00
363.75, 199.00
364.10, 201.00
364.45, 194.00
364.80, 189.00
365.14, 191.00
365.49, 192.00
365.84, 197.00
366.19, 214.00
366.54, 221.00
366.88, 239.00
367.23, 203.00
367.58, 250.00
367.93, 192.00
368.28, 185.00
368.62, 188.00
368.97, 206.00
369.32, 232.00
369.67, 243.00
370.01, 290.00
370.36, 306.00
370.71, 339.00
371.06, 282.00
371.40, 253.00
371.75, 217.00
372.10, 203.00
372.45, 203.00
372.79, 216.00
373.14, 235.00
373.49, 286.00
373.83, 335.00
374.18, 415.00
374.53, 523.00
374.88, 598.00
375.22, 606.00
375.57, 474.00
375.92, 363.00
376.26, 281.00
376.61, 222.00
376.96, 206.00
377.30, 225.00
377.65, 241.00
378.00, 263.00
378.35, 321.00
378.69, 406.00
379.04, 481.00
379.39, 643.00
379.73, 773.00
380.08, 781.00
380.43, 606.00
380.77, 438.00
381.12, 361.00
381.47, 280.00
381.81, 227.00
382.16, 201.00
382.50, 205.00
382.85, 270.00
383.20, 210.00
383.54, 207.00
383.89, 212.00
384.24, 216.00
384.58, 229.00
384.93, 261.00
385.27, 253.00
385.62, 255.00
385.97, 248.00
386.31, 242.00
386.66, 279.00
387.00, 249.00
387.35, 258.00
387.70, 286.00
388.04, 388.00
388.39, 390.00
388.73, 479.00
389.08, 603.00
389.43, 728.00
389.77, 886.00
390.12, 1082.00
390.46, 1486.00
390.81, 1670.00
391.15, 1579.00
391.50, 1206.00
391.85, 768.00
392.19, 533.00
392.54, 359.00
392.88, 288.00
393.23, 305.00
393.57, 308.00
393.92, 298.00
394.26, 255.00
394.61, 227.00
394.95, 204.00
395.30, 184.00
395.64, 184.00
395.99, 221.00
396.33, 196.00
396.68, 197.00
397.02, 202.00
397.37, 231.00
397.71, 245.00
398.06, 272.00
398.40, 314.00
398.75, 377.00
399.09, 399.00
399.44, 407.00
399.78, 335.00
400.13, 278.00
400.47, 237.00
400.82, 207.00
401.16, 192.00
401.51, 194.00
401.85, 185.00
402.20, 189.00
402.54, 201.00
402.88, 212.00
403.23, 212.00
403.57, 227.00
403.92, 246.00
404.26, 335.00
404.61, 323.00
404.95, 399.00
405.30, 372.00
405.64, 350.00
405.98, 316.00
406.33, 251.00
406.67, 210.00
407.02, 205.00
407.36, 207.00
407.70, 203.00
408.05, 209.00
408.39, 219.00
408.74, 225.00
409.08, 227.00
409.42, 213.00
409.77, 211.00
410.11, 217.00
410.46, 202.00
410.80, 221.00
411.14, 215.00
411.49, 238.00
411.83, 234.00
412.17, 229.00
412.52, 240.00
412.86, 246.00
413.20, 251.00
413.55, 260.00
413.89, 243.00
414.23, 231.00
414.58, 250.00
414.92, 211.00
415.26, 200.00
415.61, 202.00
415.95, 213.00
416.29, 201.00
416.64, 206.00
416.98, 213.00
417.32, 227.00
417.67, 252.00
418.01, 254.00
418.35, 268.00
418.70, 299.00
419.04, 347.00
419.38, 332.00
419.72, 316.00
420.07, 287.00
420.41, 242.00
420.75, 216.00
421.10, 204.00
421.44, 206.00
421.78, 214.00
422.12, 198.00
422.47, 211.00
422.81, 229.00
423.15, 243.00
423.49, 236.00
423.84, 227.00
424.18, 246.00
424.52, 261.00
424.86, 306.00
425.21, 382.00
425.55, 415.00
425.89, 482.00
426.23, 560.00
426.57, 689.00
426.92, 728.00
427.26, 764.00
427.60, 652.00
427.94, 465.00
428.28, 350.00
428.63, 272.00
428.97, 233.00
429.31, 209.00
429.65, 193.00
429.99, 188.00
430.34, 188.00
430.68, 192.00
431.02, 202.00
431.36, 178.00
431.70, 190.00
432.04, 206.00
432.39, 210.00
432.73, 222.00
433.07, 233.00
433.41, 242.00
433.75, 240.00
434.09, 239.00
434.43, 235.00
434.78, 212.00
435.12, 208.00
435.46, 217.00
435.80, 216.00
436.14, 224.00
436.48, 213.00
436.82, 229.00
437.16, 222.00
437.51, 207.00
437.85, 207.00
438.19, 247.00
438.53, 207.00
438.87, 225.00
439.21, 218.00
439.55, 229.00
439.89, 237.00
440.23, 239.00
440.57, 235.00
440.91, 242.00
441.26, 244.00
441.60, 227.00
441.94, 217.00
442.28, 216.00
442.62, 211.00
442.96, 214.00
443.30, 201.00
443.64, 199.00
443.98, 201.00
444.32, 209.00
444.66, 198.00
445.00, 194.00
445.34, 202.00
445.68, 196.00
446.02, 205.00
446.36, 200.00
446.70, 203.00
447.04, 203.00
447.38, 236.00
447.72, 214.00
448.06, 217.00
448.40, 219.00
448.74, 213.00
449.08, 209.00
449.42, 201.00
449.76, 198.00
450.10, 201.00
450.44, 196.00
450.78, 195.00
451.12, 206.00
451.46, 201.00
451.80, 205.00
452.14, 192.00
452.48, 190.00
452.82, 194.00
453.16, 190.00
453.50, 197.00
453.84, 188.00
454.18, 230.00
454.52, 201.00
454.86, 200.00
455.19, 225.00
455.53, 207.00
455.87, 208.00
456.21, 228.00
456.55, 226.00
456.89, 215.00
457.23, 224.00
457.57, 214.00
457.91, 218.00
458.25, 216.00
458.59, 223.00
458.92, 240.00
459.26, 237.00
459.60, 243.00
459.94, 223.00
460.28, 204.00
460.62, 214.00
460.96, 198.00
461.30, 188.00
461.63, 192.00
461.97, 197.00
462.31, 192.00
462.65, 203.00
462.99, 207.00
463.33, 209.00
463.67, 216.00
464.00, 218.00
464.34, 219.00
464.68, 231.00
465.02, 234.00
465.36, 223.00
465.70, 221.00
466.03, 218.00
466.37, 213.00
466.71, 220.00
467.05, 230.00
467.39, 243.00
467.72, 252.00
468.06, 269.00
468.40, 271.00
468.74, 283.00
469.08, 285.00
469.41, 310.00
469.75, 339.00
470.09, 357.00
470.43, 353.00
470.76, 301.00
471.10, 294.00
471.44, 278.00
471.78, 267.00
472.11, 251.00
472.45, 244.00
472.79, 239.00
473.13, 234.00
473.46, 240.00
473.80, 227.00
474.14, 224.00
474.48, 223.00
474.81, 224.00
475.15, 220.00
475.49, 226.00
475.82, 225.00
476.16, 220.00
476.50, 215.00
476.84, 213.00
477.17, 211.00
477.51, 216.00
477.85, 209.00
478.18, 224.00
478.52, 219.00
478.86, 268.00
479.19, 227.00
479.53, 219.00
479.87, 259.00
480.20, 231.00
480.54, 224.00
480.88, 223.00
481.21, 215.00
481.55, 219.00
481.89, 215.00
482.22, 208.00
482.56, 221.00
482.90, 220.00
483.23, 212.00
483.57, 216.00
483.90, 218.00
484.24, 216.00
484.58, 223.00
484.91, 221.00
485.25, 224.00
485.58, 216.00
485.92, 232.00
486.26, 215.00
486.59, 228.00
486.93, 228.00
487.26, 232.00
487.60, 235.00
487.94, 221.00
488.27, 224.00
488.61, 219.00
488.94, 227.00
489.28, 227.00
489.61, 229.00
489.95, 224.00
490.29, 231.00
490.62, 234.00
490.96, 228.00
491.29, 234.00
491.63, 229.00
491.96, 222.00
492.30, 220.00
492.63, 220.00
492.97, 217.00
493.30, 219.00
493.64, 221.00
493.97, 216.00
494.31, 226.00
494.64, 238.00
494.98, 237.00
495.31, 235.00
495.65, 229.00
495.98, 234.00
496.32, 225.00
496.65, 257.00
496.99, 222.00
497.32, 214.00
497.66, 216.00
497.99, 213.00
498.33, 213.00
498.66, 214.00
499.00, 222.00
499.33, 218.00
499.67, 216.00
500.00, 222.00
500.34, 231.00
500.67, 238.00
501.00, 232.00
501.34, 224.00
501.67, 227.00
502.01, 214.00
502.34, 218.00
502.68, 234.00
503.01, 241.00
503.34, 235.00
503.68, 231.00
504.01, 229.00
504.35, 248.00
504.68, 252.00
505.01, 232.00
505.35, 237.00
505.68, 243.00
506.02, 249.00
506.35, 252.00
506.68, 253.00
507.02, 239.00
507.35, 245.00
507.68, 239.00
508.02, 236.00
508.35, 246.00
508.69, 233.00
509.02, 242.00
509.35, 229.00
509.69, 234.00
510.02, 239.00
510.35, 230.00
510.69, 224.00
511.02, 225.00
511.35, 225.00
511.69, 223.00
512.02, 225.00
512.35, 230.00
512.68, 225.00
513.02, 226.00
513.35, 225.00
513.68, 228.00
514.02, 227.00
514.35, 222.00
514.68, 232.00
515.01, 211.00
515.35, 221.00
515.68, 212.00
516.01, 202.00
516.35, 212.00
516.68, 223.00
517.01, 210.00
517.34, 221.00
517.68, 214.00
518.01, 224.00
518.34, 211.00
518.67, 217.00
519.01, 228.00
519.34, 228.00
519.67, 231.00
520.00, 224.00
520.33, 227.00
520.67, 230.00
521.00, 232.00
521.33, 229.00
521.66, 239.00
522.00, 235.00
522.33, 229.00
522.66, 231.00
522.99, 223.00
523.32, 232.00
523.65, 229.00
523.99, 224.00
524.32, 230.00
524.65, 218.00
524.98, 227.00
525.31, 223.00
525.65, 253.00
525.98, 216.00
526.31, 209.00
526.64, 227.00
526.97, 223.00
527.30, 214.00
527.63, 221.00
527.97, 218.00
528.30, 209.00
528.63, 217.00
528.96, 238.00
529.29, 214.00
529.62, 216.00
529.95, 205.00
530.28, 211.00
530.61, 204.00
530.95, 206.00
531.28, 213.00
531.61, 208.00
531.94, 222.00
532.27, 227.00
532.60, 229.00
532.93, 222.00
533.26, 220.00
533.59, 212.00
533.92, 209.00
534.25, 204.00
534.58, 234.00
534.91, 215.00
535.25, 193.00
535.58, 197.00
535.91, 206.00
536.24, 207.00
536.57, 207.00
536.90, 199.00
537.23, 210.00
537.56, 246.00
537.89, 204.00
538.22, 195.00
538.55, 198.00
538.88, 203.00
539.21, 316.00
539.54, 199.00
539.87, 197.00
540.20, 202.00
540.53, 195.00
540.86, 231.00
541.19, 204.00
541.52, 198.00
541.85, 212.00
542.18, 218.00
542.51, 226.00
542.84, 217.00
543.17, 217.00
543.50, 219.00
543.82, 221.00
544.15, 218.00
544.48, 216.00
544.81, 211.00
545.14, 236.00
545.47, 211.00
545.80, 241.00
546.13, 207.00
546.46, 243.00
546.79, 226.00
547.12, 207.00
547.45, 204.00
547.78, 209.00
548.10, 208.00
548.43, 205.00
548.76, 196.00
549.09, 207.00
549.42, 208.00
549.75, 199.00
550.08, 205.00
550.41, 207.00
550.74, 215.00
551.06, 203.00
551.39, 217.00
551.72, 208.00
552.05, 200.00
552.38, 205.00
552.71, 204.00
553.03, 208.00
553.36, 207.00
553.69, 212.00
554.02, 208.00
554.35, 214.00
554.68, 211.00
555.00, 214.00
555.33, 210.00
555.66, 209.00
555.99, 228.00
556.32, 213.00
556.64, 224.00
556.97, 230.00
557.30, 219.00
557.63, 235.00
557.96, 229.00
558.28, 237.00
558.61, 229.00
558.94, 232.00
559.27, 229.00
559.59, 228.00
559.92, 219.00
560.25, 222.00
560.58, 213.00
560.90, 232.00
561.23, 221.00
561.56, 213.00
561.89, 220.00
562.21, 219.00
562.54, 205.00
562.87, 212.00
563.20, 207.00
563.52, 206.00
563.85, 197.00
564.18, 218.00
564.50, 199.00
564.83, 229.00
565.16, 253.00
565.48, 192.00
565.81, 205.00
566.14, 186.00
566.47, 189.00
566.79, 199.00
567.12, 191.00
567.45, 215.00
567.77, 196.00
568.10, 191.00
568.43, 197.00
568.75, 188.00
569.08, 194.00
569.40, 230.00
569.73, 198.00
570.06, 189.00
570.38, 187.00
570.71, 194.00
571.04, 186.00
571.36, 192.00
571.69, 194.00
572.01, 193.00
572.34, 194.00
572.67, 194.00
572.99, 193.00
573.32, 204.00
573.64, 196.00
573.97, 188.00
574.30, 188.00
574.62, 193.00
574.95, 190.00
575.27, 189.00
575.60, 185.00
575.92, 189.00
576.25, 189.00
576.58, 201.00
576.90, 190.00
577.23, 232.00
577.55, 191.00
577.88, 190.00
578.20, 196.00
578.53, 194.00
578.85, 202.00
579.18, 200.00
579.50, 192.00
579.83, 187.00
580.15, 190.00
580.48, 193.00
580.80, 199.00
581.13, 201.00
581.45, 196.00
581.78, 189.00
582.10, 199.00
582.43, 198.00
582.75, 197.00
583.08, 189.00
583.40, 191.00
583.73, 255.00
584.05, 197.00
584.38, 191.00
584.70, 241.00
585.03, 197.00
585.35, 196.00
585.67, 205.00
586.00, 216.00
586.32, 236.00
586.65, 256.00
586.97, 248.00
587.30, 239.00
587.62, 214.00
587.94, 229.00
588.27, 204.00
588.59, 208.00
588.92, 202.00
589.24, 197.00
589.56, 203.00
589.89, 210.00
590.21, 199.00
590.54, 202.00
590.86, 203.00
591.18, 202.00
591.51, 198.00
591.83, 217.00
592.15, 202.00
592.48, 206.00
592.80, 213.00
593.13, 204.00
593.45, 221.00
593.77, 215.00
594.10, 222.00
594.42, 223.00
594.74, 218.00
595.07, 222.00
595.39, 225.00
595.71, 223.00
596.03, 235.00
596.36, 233.00
596.68, 231.00
597.00, 237.00
597.33, 238.00
597.65, 235.00
597.97, 241.00
598.30, 235.00
598.62, 248.00
598.94, 235.00
599.26, 245.00
599.59, 236.00
599.91, 236.00
600.23, 234.00
600.55, 227.00
600.88, 228.00
601.20, 221.00
601.52, 217.00
601.84, 202.00
602.17, 207.00
602.49, 200.00
602.81, 193.00
603.13, 201.00
603.45, 207.00
603.78, 198.00
604.10, 197.00
604.42, 186.00
604.74, 185.00
605.07, 191.00
605.39, 187.00
605.71, 192.00
606.03, 200.00
606.35, 186.00
606.67, 192.00
607.00, 198.00
607.32, 179.00
607.64, 185.00
607.96, 181.00
608.28, 181.00
608.60, 178.00
608.93, 176.00
609.25, 195.00
609.57, 185.00
609.89, 185.00
610.21, 180.00
610.53, 178.00
610.85, 185.00
611.17, 179.00
611.50, 184.00
611.82, 178.00
612.14, 173.00
612.46, 180.00
612.78, 173.00
613.10, 177.00
613.42, 177.00
613.74, 195.00
614.06, 236.00
614.38, 211.00
614.70, 217.00
615.03, 221.00
615.35, 220.00
615.67, 314.00
615.99, 193.00
616.31, 194.00
616.63, 194.00
616.95, 190.00
617.27, 175.00
617.59, 178.00
617.91, 183.00
618.23, 182.00
618.55, 172.00
618.87, 176.00
619.19, 173.00
619.51, 175.00
619.83, 170.00
620.15, 170.00
620.47, 174.00
620.79, 178.00
621.11, 176.00
621.43, 179.00
621.75, 179.00
622.07, 182.00
622.39, 173.00
622.71, 177.00
623.03, 178.00
623.35, 224.00
623.67, 176.00
623.99, 174.00
624.31, 172.00
624.63, 177.00
624.95, 171.00
625.26, 169.00
625.58, 171.00
625.90, 198.00
626.22, 172.00
626.54, 173.00
626.86, 177.00
627.18, 180.00
627.50, 174.00
627.82, 177.00
628.14, 177.00
628.46, 191.00
628.77, 181.00
629.09, 187.00
629.41, 178.00
629.73, 181.00
630.05, 191.00
630.37, 185.00
630.69, 188.00
631.00, 202.00
631.32, 194.00
631.64, 192.00
631.96, 187.00
632.28, 195.00
632.60, 201.00
632.92, 187.00
633.23, 198.00
633.55, 210.00
633.87, 206.00
634.19, 208.00
634.51, 209.00
634.82, 217.00
635.14, 226.00
635.46, 215.00
635.78, 212.00
636.10, 212.00
636.41, 219.00
636.73, 213.00
637.05, 213.00
637.37, 211.00
637.68, 220.00
638.00, 213.00
638.32, 218.00
638.64, 224.00
638.95, 244.00
639.27, 234.00
639.59, 234.00
639.91, 220.00
640.22, 221.00
640.54, 217.00
640.86, 208.00
641.18, 218.00
641.49, 229.00
641.81, 217.00
642.13, 210.00
642.44, 209.00
642.76, 206.00
643.08, 201.00
643.40, 200.00
643.71, 211.00
644.03, 221.00
644.35, 217.00
644.66, 221.00
644.98, 211.00
645.30, 213.00
645.61, 223.00
645.93, 196.00
646.25, 197.00
646.56, 203.00
646.88, 229.00
647.19, 194.00
647.51, 199.00
647.83, 185.00
648.14, 190.00
648.46, 187.00
648.78, 193.00
649.09, 196.00
649.41, 234.00
649.72, 196.00
650.04, 212.00
650.36, 209.00
650.67, 208.00
650.99, 210.00
651.30, 218.00
651.62, 217.00
651.93, 217.00
652.25, 236.00
652.57, 258.00
652.88, 220.00
653.20, 218.00
653.51, 213.00
653.83, 211.00
654.14, 196.00
654.46, 208.00
654.77, 202.00
655.09, 206.00
655.40, 215.00
655.72, 209.00
656.04, 191.00
656.35, 202.00
656.67, 193.00
656.98, 196.00
657.30, 204.00
657.61, 204.00
657.93, 204.00
658.24, 209.00
658.55, 251.00
658.87, 205.00
659.18, 206.00
659.50, 214.00
659.81, 216.00
660.13, 205.00
660.44, 204.00
660.76, 206.00
661.07, 222.00
661.39, 200.00
661.70, 201.00
662.01, 189.00
662.33, 189.00
662.64, 192.00
662.96, 186.00
663.27, 180.00
663.59, 178.00
663.90, 180.00
664.21, 175.00
664.53, 203.00
664.84, 186.00
665.16, 205.00
665.47, 185.00
665.78, 183.00
666.10, 205.00
666.41, 202.00
666.72, 204.00
667.04, 214.00
667.35, 202.00
667.67, 199.00
667.98, 202.00
668.29, 200.00
668.61, 199.00
668.92, 190.00
669.23, 192.00
669.55, 191.00
669.86, 221.00
670.17, 185.00
670.48, 190.00
670.80, 184.00
671.11, 179.00
671.42, 170.00
671.74, 183.00
672.05, 177.00
672.36, 186.00
672.68, 184.00
672.99, 187.00
673.30, 194.00
673.61, 198.00
673.93, 201.00
674.24, 201.00
674.55, 203.00
674.86, 205.00
675.18, 209.00
675.49, 208.00
675.80, 212.00
676.11, 219.00
676.43, 217.00
676.74, 211.00
677.05, 210.00
677.36, 225.00
677.67, 207.00
677.99, 203.00
678.30, 202.00
678.61, 198.00
678.92, 192.00
679.23, 194.00
679.55, 188.00
679.86, 187.00
680.17, 181.00
680.48, 186.00
680.79, 188.00
681.10, 173.00
681.42, 177.00
681.73, 176.00
682.04, 175.00
682.35, 174.00
682.66, 181.00
682.97, 177.00
683.28, 178.00
683.60, 173.00
683.91, 174.00
684.22, 195.00
684.53, 176.00
684.84, 175.00
685.15, 174.00
685.46, 202.00
685.77, 168.00
686.08, 171.00
686.40, 207.00
686.71, 172.00
687.02, 164.00
687.33, 169.00
687.64, 166.00
687.95, 166.00
688.26, 159.00
688.57, 167.00
688.88, 163.00
689.19, 158.00
689.50, 162.00
689.81, 165.00
690.12, 161.00
690.43, 174.00
690.74, 159.00
691.05, 155.00
691.36, 167.00
691.67, 160.00
691.98, 156.00
692.29, 158.00
692.60, 160.00
692.91, 159.00
693.22, 153.00
693.53, 155.00
693.84, 166.00
694.15, 159.00
694.46, 155.00
694.77, 158.00
695.08, 163.00
695.39, 163.00
695.70, 161.00
696.01, 159.00
696.32, 153.00
696.63, 157.00
696.94, 162.00
697.25, 155.00
697.56, 171.00
697.87, 167.00
698.17, 200.00
698.48, 163.00
698.79, 165.00
699.10, 160.00
699.41, 163.00
699.72, 158.00
700.03, 156.00
700.34, 159.00
700.65, 164.00
700.95, 161.00
701.26, 160.00
701.57, 156.00
701.88, 158.00
702.19, 172.00
702.50, 165.00
702.81, 158.00
703.11, 180.00
703.42, 155.00
703.73, 160.00
704.04, 161.00
704.35, 162.00
704.66, 190.00
704.96, 261.00
705.27, 302.00
705.58, 341.00
705.89, 315.00
706.20, 268.00
706.50, 240.00
706.81, 227.00
707.12, 206.00
707.43, 188.00
707.73, 187.00
708.04, 161.00
708.35, 170.00
708.66, 164.00
708.97, 153.00
709.27, 166.00
709.58, 164.00
709.89, 157.00
710.19, 154.00
710.50, 161.00
710.81, 165.00
711.12, 162.00
711.42, 156.00
711.73, 166.00
712.04, 155.00
712.35, 160.00
712.65, 161.00
712.96, 159.00
713.27, 165.00
713.57, 186.00
713.88, 174.00
714.19, 161.00
714.49, 160.00
714.80, 160.00
715.11, 156.00
715.41, 153.00
715.72, 156.00
716.03, 157.00
716.33, 161.00
716.64, 159.00
716.94, 164.00
717.25, 151.00
717.56, 164.00
717.86, 160.00
718.17, 157.00
718.48, 150.00
718.78, 156.00
719.09, 162.00
719.39, 148.00
719.70, 155.00
720.01, 152.00
720.31, 164.00
720.62, 154.00
720.92, 159.00
721.23, 165.00
721.53, 169.00
721.84, 164.00
722.15, 163.00
722.45, 161.00
722.76, 161.00
723.06, 161.00
723.37, 158.00
723.67, 165.00
723.98, 158.00
724.28, 162.00
724.59, 174.00
724.89, 166.00
725.20, 167.00
725.50, 167.00
725.81, 165.00
726.11, 161.00
726.42, 159.00
726.72, 164.00
727.03, 205.00
727.33, 170.00
727.64, 168.00
727.94, 164.00
728.25, 157.00
728.55, 160.00
728.86, 178.00
729.16, 153.00
729.46, 157.00
729.77, 162.00
730.07, 155.00
730.38, 152.00
730.68, 152.00
730.99, 162.00
731.29, 154.00
731.59, 165.00
731.90, 156.00
732.20, 159.00
732.51, 160.00
732.81, 162.00
733.11, 164.00
733.42, 159.00
733.72, 169.00
734.02, 170.00
734.33, 161.00
734.63, 160.00
734.94, 159.00
735.24, 161.00
735.54, 158.00
735.85, 161.00
736.15, 157.00
736.45, 164.00
736.76, 157.00
737.06, 151.00
737.36, 154.00
737.67, 156.00
737.97, 159.00
738.27, 158.00
738.57, 157.00
738.88, 150.00
739.18, 197.00
739.48, 155.00
739.79, 151.00
740.09, 156.00
740.39, 156.00
740.69, 158.00
741.00, 157.00
741.30, 163.00
741.60, 153.00
741.90, 154.00
742.21, 157.00
742.51, 207.00
742.81, 157.00
743.11, 167.00
743.42, 193.00
743.72, 161.00
744.02, 175.00
744.32, 173.00
744.63, 180.00
744.93, 182.00
745.23, 178.00
745.53, 180.00
745.83, 183.00
746.13, 175.00
746.44, 187.00
746.74, 173.00
747.04, 181.00
747.34, 183.00
747.64, 182.00
747.94, 185.00
748.25, 180.00
748.55, 187.00
748.85, 180.00
749.15, 185.00
749.45, 210.00
749.75, 211.00
750.05, 179.00
750.35, 164.00
750.66, 184.00
750.96, 167.00
751.26, 163.00
751.56, 157.00
751.86, 169.00
752.16, 157.00
752.46, 157.00
752.76, 155.00
753.06, 157.00
753.36, 197.00
753.66, 159.00
753.96, 161.00
754.27, 158.00
754.57, 155.00
754.87, 156.00
755.17, 160.00
755.47, 162.00
755.77, 159.00
756.07, 165.00
756.37, 166.00
756.67, 177.00
756.97, 165.00
757.27, 166.00
757.57, 160.00
757.87, 167.00
758.17, 164.00
758.47, 170.00
758.77, 171.00
759.07, 170.00
759.37, 167.00
759.67, 170.00
759.97, 175.00
760.27, 166.00
760.57, 163.00
760.86, 166.00
761.16, 169.00
761.46, 163.00
761.76, 192.00
762.06, 160.00
762.36, 172.00
762.66, 161.00
762.96, 162.00
763.26, 160.00
763.56, 186.00
763.86, 168.00
764.16, 152.00
764.45, 167.00
764.75, 154.00
765.05, 157.00
765.35, 153.00
765.65, 158.00
765.95, 150.00
766.25, 155.00
766.55, 160.00
766.84, 159.00
767.14, 158.00
767.44, 160.00
767.74, 159.00
768.04, 165.00
768.34, 156.00
768.63, 164.00
768.93, 168.00
769.23, 166.00
769.53, 166.00
769.83, 169.00
770.12, 169.00
770.42, 169.00
770.72, 169.00
771.02, 173.00
771.32, 164.00
771.61, 171.00
771.91, 170.00
772.21, 170.00
772.51, 176.00
772.80, 169.00
773.10, 167.00
773.40, 175.00
773.70, 171.00
773.99, 174.00
774.29, 175.00
774.59, 176.00
774.88, 172.00
775.18, 210.00
775.48, 443.00
775.78, 805.00
776.07, 1042.00
776.37, 1083.00
776.67, 857.00
776.96, 584.00
777.26, 499.00
777.56, 378.00
777.85, 345.00
778.15, 315.00
778.45, 271.00
778.74, 247.00
779.04, 211.00
779.34, 186.00
779.63, 170.00
779.93, 160.00
780.22, 158.00
780.52, 153.00
780.82, 150.00
781.11, 154.00
781.41, 147.00
781.71, 149.00
782.00, 149.00
782.30, 154.00
782.59, 158.00
782.89, 148.00
783.19, 151.00
783.48, 150.00
783.78, 151.00
784.07, 162.00
784.37, 152.00
784.66, 147.00
784.96, 147.00
785.25, 148.00
785.55, 149.00
785.84, 153.00
786.14, 143.00
786.44, 145.00
786.73, 146.00
787.03, 144.00
787.32, 146.00
787.62, 146.00
787.91, 149.00
788.21, 149.00
788.50, 149.00
788.80, 148.00
789.09, 154.00
789.39, 153.00
789.68, 146.00
789.97, 153.00
790.27, 149.00
790.56, 149.00
790.86, 156.00
791.15, 148.00
791.45, 144.00
791.74, 170.00
792.04, 146.00
792.33, 144.00
792.62, 182.00
792.92, 146.00
793.21, 144.00
793.51, 152.00
793.80, 149.00
794.09, 148.00
794.39, 144.00
794.68, 143.00
794.98, 146.00
795.27, 145.00
795.56, 144.00
795.86, 151.00
796.15, 146.00
796.44, 152.00
796.74, 147.00
797.03, 147.00
797.32, 150.00
797.62, 142.00
797.91, 159.00
798.20, 146.00
798.50, 149.00
798.79, 156.00
799.08, 145.00
799.38, 144.00
799.67, 146.00
799.96, 158.00
800.26, 174.00
800.55, 147.00
800.84, 149.00
801.13, 145.00
801.43, 148.00
801.72, 181.00
802.01, 147.00
802.30, 146.00
802.60, 144.00
802.89, 148.00
803.18, 147.00
803.47, 144.00
803.77, 151.00
804.06, 151.00
804.35, 148.00
804.64, 168.00
804.94, 151.00
805.23, 146.00
805.52, 141.00
805.81, 144.00
806.10, 152.00
806.39, 147.00
806.69, 145.00
806.98, 145.00
807.27, 146.00
807.56, 156.00
807.85, 156.00
808.14, 145.00
808.44, 152.00
808.73, 142.00
809.02, 168.00
809.31, 147.00
809.60, 146.00
809.89, 149.00
810.18, 147.00
810.48, 155.00
810.77, 152.00
811.06, 148.00
811.35, 145.00
811.64, 147.00
811.93, 172.00
812.22, 146.00
812.51, 148.00
812.80, 150.00
813.09, 143.00
813.38, 144.00
813.67, 165.00
813.96, 147.00
814.26, 146.00
814.55, 144.00
814.84, 144.00
815.13, 147.00
815.42, 148.00
815.71, 149.00
816.00, 142.00
816.29, 155.00
816.58, 147.00
816.87, 144.00
817.16, 141.00
817.45, 151.00
817.74, 148.00
818.03, 142.00
818.32, 145.00
818.61, 145.00
818.90, 140.00
819.19, 143.00
819.48, 141.00
819.76, 142.00
820.05, 142.00
820.34, 141.00
820.63, 146.00
820.92, 140.00
821.21, 137.00
821.50, 145.00
821.79, 144.00
822.08, 144.00
822.37, 144.00
822.66, 144.00
822.95, 149.00
823.23, 141.00
823.52, 168.00
823.81, 145.00
824.10, 145.00
824.39, 142.00
824.68, 144.00
824.97, 166.00
825.26, 146.00
825.54, 196.00
825.83, 147.00
826.12, 141.00
826.41, 143.00
826.70, 147.00
826.99, 155.00
827.27, 145.00
827.56, 165.00
827.85, 142.00
828.14, 145.00
828.43, 150.00
828.71, 155.00
829.00, 144.00
829.29, 144.00
829.58, 149.00
829.86, 145.00
830.15, 142.00
830.44, 147.00
830.73, 146.00
831.01, 139.00
831.30, 139.00
831.59, 143.00
831.88, 147.00
832.16, 145.00
832.45, 153.00
832.74, 146.00
833.03, 149.00
833.31, 147.00
833.60, 144.00
833.89, 144.00
834.17, 154.00
834.46, 145.00
834.75, 142.00
835.03, 142.00
835.32, 145.00
835.61, 146.00
835.89, 157.00
836.18, 142.00
836.47, 138.00
836.75, 142.00
837.04, 150.00
837.33, 151.00
837.61, 141.00
837.90, 138.00
838.19, 148.00
838.47, 150.00
838.76, 137.00
839.04, 144.00
839.33, 140.00
839.62, 152.00
839.90, 143.00
840.19, 142.00
840.47, 145.00
840.76, 174.00
841.04, 144.00
841.33, 144.00
841.62, 141.00
841.90, 140.00
842.19, 146.00
842.47, 304.00
842.76, 147.00
843.04, 149.00
843.33, 177.00
843.61, 167.00
843.90, 168.00
844.18, 166.00
844.47, 165.00
844.75, 166.00
845.04, 159.00
845.32, 156.00
845.61, 148.00
845.89, 153.00
846.18, 151.00
846.46, 150.00
846.75, 152.00
847.03, 162.00
847.32, 145.00
847.60, 144.00
847.88, 143.00
848.17, 143.00
848.45, 164.00
848.74, 145.00
849.02, 143.00
849.31, 140.00
849.59, 144.00
849.87, 146.00
850.16, 138.00
850.44, 146.00
850.73, 173.00
851.01, 144.00
851.29, 141.00
851.58, 145.00
851.86, 144.00
852.14, 148.00
852.43, 149.00
852.71, 152.00
853.00, 140.00
853.28, 155.00
853.56, 146.00
853.85, 145.00
854.13, 145.00
854.41, 147.00
854.69, 144.00
854.98, 145.00
855.26, 193.00
855.54, 145.00
855.83, 141.00
856.11, 146.00
856.39, 145.00
856.68, 147.00
856.96, 145.00
857.24, 142.00
857.52, 145.00
857.81, 144.00
858.09, 143.00
858.37, 143.00
858.65, 135.00
858.94, 140.00
859.22, 143.00
