190.05, 0.00
190.41, 129.00
190.77, 133.00
191.14, 134.00
191.50, 131.00
191.86, 158.00
192.22, 146.00
192.58, 139.00
192.94, 138.00
193.31, 147.00
193.67, 139.00
194.03, 153.00
194.39, 142.00
194.75, 139.00
195.11, 150.00
195.47, 159.00
195.84, 139.00
196.20, 145.00
196.56, 158.00
196.92, 142.00
197.28, 144.00
197.64, 135.00
198.00, 138.00
198.37, 139.00
198.73, 147.00
199.09, 137.00
199.45, 143.00
199.81, 149.00
200.17, 155.00
200.53, 142.00
200.89, 152.00
201.25, 180.00
201.62, 144.00
201.98, 148.00
202.34, 140.00
202.70, 147.00
203.06, 144.00
203.42, 142.00
203.78, 141.00
204.14, 143.00
204.50, 165.00
204.86, 151.00
205.22, 154.00
205.58, 147.00
205.95, 144.00
206.31, 141.00
206.67, 147.00
207.03, 147.00
207.39, 157.00
207.75, 147.00
208.11, 141.00
208.47, 139.00
208.83, 148.00
209.19, 145.00
209.55, 146.00
209.91, 150.00
210.27, 150.00
210.63, 142.00
210.99, 154.00
211.35, 145.00
211.71, 147.00
212.07, 142.00
212.43, 150.00
212.79, 146.00
213.15, 145.00
213.51, 152.00
213.87, 153.00
214.23, 148.00
214.59, 147.00
214.95, 146.00
215.31, 140.00
215.67, 149.00
216.03, 176.00
216.39, 145.00
216.75, 141.00
217.11, 149.00
217.47, 146.00
217.83, 145.00
218.19, 145.00
218.55, 149.00
218.91, 154.00
219.27, 149.00
219.63, 144.00
219.99, 142.00
220.35, 144.00
220.71, 149.00
221.07, 148.00
221.43, 142.00
221.79, 144.00
222.15, 151.00
222.51, 147.00
222.87, 146.00
223.23, 146.00
223.59, 143.00
223.95, 142.00
224.31, 146.00
224.67, 142.00
225.03, 147.00
225.39, 155.00
225.74, 152.00
226.10, 147.00
226.46, 150.00
226.82, 151.00
227.18, 151.00
227.54, 143.00
227.90, 148.00
228.26, 147.00
228.62, 154.00
228.98, 145.00
229.34, 146.00
229.69, 138.00
230.05, 149.00
230.41, 143.00
230.77, 148.00
231.13, 146.00
231.49, 145.00
231.85, 145.00
232.21, 152.00
232.57, 148.00
232.92, 142.00
233.28, 140.00
233.64, 145.00
234.00, 144.00
234.36, 145.00
234.72, 146.00
235.08, 149.00
235.44, 151.00
235.79, 145.00
236.15, 146.00
236.51, 146.00
236.87, 144.00
237.23, 148.00
237.59, 145.00
237.94, 154.00
238.30, 149.00
238.66, 146.00
239.02, 147.00
239.38, 146.00
239.74, 146.00
240.09, 152.00
240.45, 141.00
240.81, 143.00
241.17, 151.00
241.53, 144.00
241.89, 139.00
242.24, 142.00
242.60, 143.00
242.96, 155.00
243.32, 149.00
243.68, 140.00
244.03, 146.00
244.39, 144.00
244.75, 162.00
245.11, 144.00
245.46, 150.00
245.82, 173.00
246.18, 144.00
246.54, 144.00
246.90, 141.00
247.25, 146.00
247.61, 145.00
247.97, 187.00
248.33, 149.00
248.68, 142.00
249.04, 143.00
249.40, 142.00
249.76, 147.00
250.11, 142.00
250.47, 146.00
250.83, 152.00
251.19, 154.00
251.54, 151.00
251.90, 143.00
252.26, 143.00
252.62, 143.00
252.97, 148.00
253.33, 145.00
253.69, 144.00
254.05, 155.00
254.40, 141.00
254.76, 140.00
255.12, 171.00
255.47, 141.00
255.83, 152.00
256.19, 145.00
256.54, 139.00
256.90, 143.00
257.26, 143.00
257.62, 146.00
257.97, 146.00
258.33, 144.00
258.69, 143.00
259.04, 140.00
259.40, 145.00
259.76, 151.00
260.11, 143.00
260.47, 139.00
260.83, 151.00
261.18, 146.00
261.54, 151.00
261.90, 145.00
262.25, 143.00
262.61, 143.00
262.97, 148.00
263.32, 140.00
263.68, 141.00
264.04, 152.00
264.39, 141.00
264.75, 148.00
265.10, 148.00
265.46, 191.00
265.82, 157.00
266.17, 143.00
266.53, 142.00
266.89, 148.00
267.24, 149.00
267.60, 144.00
267.95, 143.00
268.31, 141.00
268.67, 140.00
269.02, 142.00
269.38, 142.00
269.74, 150.00
270.09, 146.00
270.45, 143.00
270.80, 166.00
271.16, 145.00
271.51, 156.00
271.87, 156.00
272.23, 154.00
272.58, 148.00
272.94, 146.00
273.29, 145.00
273.65, 191.00
274.00, 143.00
274.36, 153.00
274.72, 143.00
275.07, 144.00
275.43, 143.00
275.78, 150.00
276.14, 144.00
276.49, 144.00
276.85, 158.00
277.20, 160.00
277.56, 144.00
277.92, 147.00
278.27, 147.00
278.63, 156.00
278.98, 140.00
279.34, 145.00
279.69, 151.00
280.05, 166.00
280.40, 154.00
280.76, 163.00
281.11, 153.00
281.47, 150.00
281.82, 152.00
282.18, 149.00
282.53, 155.00
282.89, 162.00
283.24, 159.00
283.60, 157.00
283.95, 157.00
284.31, 160.00
284.66, 169.00
285.02, 166.00
285.37, 171.00
285.73, 168.00
286.08, 174.00
286.44, 156.00
286.79, 154.00
287.14, 160.00
287.50, 160.00
287.85, 148.00
288.21, 152.00
288.56, 153.00
288.92, 153.00
289.27, 153.00
289.63, 155.00
289.98, 161.00
290.34, 153.00
290.69, 160.00
291.04, 150.00
291.40, 155.00
291.75, 150.00
292.11, 157.00
292.46, 143.00
292.81, 158.00
293.17, 152.00
293.52, 159.00
293.88, 164.00
294.23, 172.00
294.59, 179.00
294.94, 189.00
295.29, 193.00
295.65, 203.00
296.00, 217.00
296.36, 197.00
296.71, 193.00
297.06, 190.00
297.42, 206.00
297.77, 195.00
298.12, 188.00
298.48, 182.00
298.83, 174.00
299.19, 178.00
299.54, 182.00
299.89, 181.00
300.25, 183.00
300.60, 186.00
300.95, 170.00
301.31, 163.00
301.66, 159.00
302.01, 161.00
302.37, 155.00
302.72, 158.00
303.07, 158.00
303.43, 168.00
303.78, 168.00
304.13, 175.00
304.49, 179.00
304.84, 178.00
305.19, 220.00
305.55, 175.00
305.90, 184.00
306.25, 222.00
306.61, 287.00
306.96, 332.00
307.31, 418.00
307.66, 573.00
308.02, 728.00
308.37, 852.00
308.72, 958.00
309.08, 951.00
309.43, 911.00
309.78, 775.00
310.13, 681.00
310.49, 608.00
310.84, 487.00
311.19, 446.00
311.54, 384.00
311.90, 349.00
312.25, 333.00
312.60, 338.00
312.95, 404.00
313.31, 452.00
313.66, 443.00
314.01, 438.00
314.36, 452.00
314.72, 506.00
315.07, 662.00
315.42, 820.00
315.77, 845.00
316.13, 719.00
316.48, 477.00
316.83, 331.00
317.18, 251.00
317.54, 208.00
317.89, 186.00
318.24, 180.00
318.59, 179.00
318.94, 172.00
319.30, 175.00
319.65, 178.00
320.00, 181.00
320.35, 179.00
320.70, 183.00
321.05, 183.00
321.41, 185.00
321.76, 180.00
322.11, 176.00
322.46, 174.00
322.81, 212.00
323.17, 178.00
323.52, 171.00
323.87, 163.00
324.22, 172.00
324.57, 177.00
324.92, 181.00
325.27, 181.00
325.63, 187.00
325.98, 196.00
326.33, 198.00
326.68, 198.00
327.03, 191.00
327.38, 194.00
327.73, 213.00
328.09, 225.00
328.44, 248.00
328.79, 227.00
329.14, 255.00
329.49, 218.00
329.84, 222.00
330.19, 216.00
330.54, 210.00
330.89, 208.00
331.25, 193.00
331.60, 191.00
331.95, 194.00
332.30, 191.00
332.65, 199.00
333.00, 221.00
333.35, 277.00
333.70, 276.00
334.05, 248.00
334.40, 269.00
334.75, 310.00
335.10, 414.00
335.45, 598.00
335.81, 859.00
336.16, 1253.00
336.51, 1777.00
336.86, 1852.00
337.21, 1599.00
337.56, 992.00
337.91, 609.00
338.26, 369.00
338.61, 256.00
338.96, 217.00
339.31, 196.00
339.66, 187.00
340.01, 183.00
340.36, 176.00
340.71, 175.00
341.06, 172.00
341.41, 178.00
341.76, 174.00
342.11, 175.00
342.46, 174.00
342.81, 178.00
343.16, 175.00
343.51, 179.00
343.86, 183.00
344.21, 170.00
344.56, 178.00
344.91, 185.00
345.26, 188.00
345.61, 176.00
345.96, 178.00
346.31, 172.00
346.66, 198.00
347.01, 176.00
347.36, 191.00
347.71, 173.00
348.06, 179.00
348.41, 197.00
348.76, 200.00
349.10, 209.00
349.45, 223.00
349.80, 225.00
350.15, 222.00
350.50, 214.00
350.85, 222.00
351.20, 224.00
351.55, 268.00
351.90, 314.00
352.25, 382.00
352.60, 495.00
352.95, 630.00
353.30, 696.00
353.64, 621.00
353.99, 494.00
354.34, 393.00
354.69, 380.00
355.04, 384.00
355.39, 458.00
355.74, 604.00
356.09, 764.00
356.44, 945.00
356.78, 1302.00
357.13, 1492.00
357.48, 1416.00
357.83, 1087.00
358.18, 706.00
358.53, 454.00
358.88, 294.00
359.22, 237.00
359.57, 187.00
359.92, 183.00
360.27, 180.00
360.62, 189.00
360.97, 179.00
361.32, 186.00
361.66, 182.00
362.01, 185.00
362.36, 192.00
362.71, 195.00
363.06, 199.00
363.40, 197.00
363.75, 198.00
364.10, 197.00
364.45, 197.00
364.80, 190.00
365.14, 188.00
365.49, 192.00
365.84, 196.00
366.19, 210.00
366.54, 215.00
366.88, 235.00
367.23, 204.00
367.58, 247.00
367.93, 185.00
368.28, 189.00
368.62, 194.00
368.97, 210.00
369.32, 228.00
369.67, 236.00
370.01, 293.00
370.36, 298.00
370.71, 331.00
371.06, 276.00
371.40, 253.00
371.75, 216.00
372.10, 205.00
372.45, 194.00
372.79, 225.00
373.14, 241.00
373.49, 279.00
373.83, 330.00
374.18, 409.00
374.53, 508.00
374.88, 566.00
375.22, 586.00
375.57, 458.00
375.92, 359.00
376.26, 279.00
376.61, 228.00
376.96, 201.00
377.30, 218.00
377.65, 231.00
378.00, 254.00
378.35, 304.00
378.69, 390.00
379.04, 479.00
379.39, 610.00
379.73, 764.00
380.08, 772.00
380.43, 604.00
380.77, 436.00
381.12, 352.00
381.47, 282.00
381.81, 227.00
382.16, 205.00
382.50, 197.00
382.85, 273.00
383.20, 202.00
383.54, 201.00
383.89, 211.00
384.24, 214.00
384.58, 230.00
384.93, 254.00
385.27, 261.00
385.62, 259.00
385.97, 247.00
386.31, 244.00
386.66, 278.00
387.00, 251.00
387.35, 250.00
387.70, 278.00
388.04, 390.00
388.39, 383.00
388.73, 475.00
389.08, 590.00
389.43, 725.00
389.77, 872.00
390.12, 1058.00
390.46, 1479.00
390.81, 1657.00
391.15, 1595.00
391.50, 1200.00
391.85, 755.00
392.19, 538.00
392.54, 357.00
392.88, 294.00
393.23, 296.00
393.57, 294.00
393.92, 290.00
394.26, 258.00
394.61, 221.00
394.95, 207.00
395.30, 185.00
395.64, 186.00
395.99, 228.00
396.33, 191.00
396.68, 197.00
397.02, 209.00
397.37, 219.00
397.71, 247.00
398.06, 274.00
398.40, 307.00
398.75, 372.00
399.09, 388.00
399.44, 395.00
399.78, 331.00
400.13, 278.00
400.47, 225.00
400.82, 200.00
401.16, 184.00
401.51, 192.00
401.85, 185.00
402.20, 187.00
402.54, 192.00
402.88, 202.00
403.23, 215.00
403.57, 222.00
403.92, 247.00
404.26, 327.00
404.61, 305.00
404.95, 397.00
405.30, 366.00
405.64, 336.00
405.98, 314.00
406.33, 259.00
406.67, 213.00
407.02, 202.00
407.36, 204.00
407.70, 209.00
408.05, 208.00
408.39, 215.00
408.74, 223.00
409.08, 236.00
409.42, 213.00
409.77, 206.00
410.11, 208.00
410.46, 199.00
410.80, 211.00
411.14, 209.00
411.49, 232.00
411.83, 242.00
412.17, 229.00
412.52, 240.00
412.86, 249.00
413.20, 256.00
413.55, 252.00
413.89, 246.00
414.23, 225.00
414.58, 254.00
414.92, 207.00
415.26, 199.00
415.61, 196.00
415.95, 206.00
416.29, 207.00
416.64, 202.00
416.98, 209.00
417.32, 218.00
417.67, 240.00
418.01, 253.00
418.35, 266.00
418.70, 290.00
419.04, 339.00
419.38, 327.00
419.72, 325.00
420.07, 288.00
420.41, 232.00
420.75, 213.00
421.10, 207.00
421.44, 200.00
421.78, 215.00
422.12, 207.00
422.47, 220.00
422.81, 227.00
423.15, 240.00
423.49, 232.00
423.84, 224.00
424.18, 242.00
424.52, 255.00
424.86, 300.00
425.21, 367.00
425.55, 409.00
425.89, 481.00
426.23, 547.00
426.57, 691.00
426.92, 733.00
427.26, 749.00
427.60, 644.00
427.94, 463.00
428.28, 341.00
428.63, 277.00
428.97, 231.00
429.31, 205.00
429.65, 193.00
429.99, 192.00
430.34, 185.00
430.68, 183.00
431.02, 199.00
431.36, 193.00
431.70, 195.00
432.04, 204.00
432.39, 206.00
432.73, 225.00
433.07, 221.00
433.41, 237.00
433.75, 240.00
434.09, 248.00
434.43, 227.00
434.78, 209.00
435.12, 202.00
435.46, 207.00
435.80, 220.00
436.14, 229.00
436.48, 219.00
436.82, 232.00
437.16, 219.00
437.51, 204.00
437.85, 198.00
438.19, 247.00
438.53, 208.00
438.87, 219.00
439.21, 211.00
439.55, 221.00
439.89, 240.00
440.23, 231.00
440.57, 241.00
440.91, 250.00
441.26, 231.00
441.60, 224.00
441.94, 217.00
442.28, 205.00
442.62, 211.00
442.96, 205.00
443.30, 204.00
443.64, 201.00
443.98, 196.00
444.32, 202.00
444.66, 195.00
445.00, 191.00
445.34, 206.00
445.68, 204.00
446.02, 201.00
446.36, 196.00
446.70, 201.00
447.04, 205.00
447.38, 232.00
447.72, 218.00
448.06, 220.00
448.40, 222.00
448.74, 208.00
449.08, 212.00
449.42, 205.00
449.76, 201.00
450.10, 193.00
450.44, 194.00
450.78, 194.00
451.12, 204.00
451.46, 202.00
451.80, 205.00
452.14, 185.00
452.48, 190.00
452.82, 193.00
453.16, 186.00
453.50, 197.00
453.84, 188.00
454.18, 236.00
454.52, 210.00
454.86, 206.00
455.19, 218.00
455.53, 211.00
455.87, 214.00
456.21, 225.00
456.55, 224.00
456.89, 219.00
457.23, 219.00
457.57, 214.00
457.91, 217.00
458.25, 225.00
458.59, 227.00
458.92, 235.00
459.26, 236.00
459.60, 243.00
459.94, 215.00
460.28, 205.00
460.62, 202.00
460.96, 191.00
461.30, 183.00
461.63, 184.00
461.97, 196.00
462.31, 191.00
462.65, 199.00
462.99, 210.00
463.33, 211.00
463.67, 212.00
464.00, 214.00
464.34, 217.00
464.68, 215.00
465.02, 229.00
465.36, 223.00
465.70, 216.00
466.03, 220.00
466.37, 195.00
466.71, 212.00
467.05, 220.00
467.39, 241.00
467.72, 247.00
468.06, 268.00
468.40, 277.00
468.74, 277.00
469.08, 284.00
469.41, 311.00
469.75, 328.00
470.09, 357.00
470.43, 352.00
470.76, 312.00
471.10, 284.00
471.44, 274.00
471.78, 260.00
472.11, 249.00
472.45, 246.00
472.79, 233.00
473.13, 229.00
473.46, 235.00
473.80, 231.00
474.14, 225.00
474.48, 227.00
474.81, 216.00
475.15, 217.00
475.49, 218.00
475.82, 216.00
476.16, 214.00
476.50, 211.00
476.84, 219.00
477.17, 207.00
477.51, 210.00
477.85, 213.00
478.18, 236.00
478.52, 217.00
478.86, 266.00
479.19, 221.00
479.53, 222.00
479.87, 256.00
480.20, 225.00
480.54, 223.00
480.88, 210.00
481.21, 217.00
481.55, 213.00
481.89, 209.00
482.22, 212.00
482.56, 218.00
482.90, 217.00
483.23, 213.00
483.57, 214.00
483.90, 213.00
484.24, 213.00
484.58, 219.00
484.91, 223.00
485.25, 219.00
485.58, 220.00
485.92, 223.00
486.26, 223.00
486.59, 224.00
486.93, 224.00
487.26, 229.00
487.60, 230.00
487.94, 228.00
488.27, 228.00
488.61, 226.00
488.94, 222.00
489.28, 220.00
489.61, 220.00
489.95, 227.00
490.29, 229.00
490.62, 240.00
490.96, 236.00
491.29, 235.00
491.63, 227.00
491.96, 220.00
492.30, 215.00
492.63, 219.00
492.97, 220.00
493.30, 220.00
493.64, 214.00
493.97, 221.00
494.31, 220.00
494.64, 232.00
494.98, 225.00
495.31, 228.00
495.65, 221.00
495.98, 235.00
496.32, 219.00
496.65, 253.00
496.99, 220.00
497.32, 219.00
497.66, 214.00
497.99, 218.00
498.33, 213.00
498.66, 213.00
499.00, 218.00
499.33, 213.00
499.67, 219.00
500.00, 223.00
500.34, 225.00
500.67, 228.00
501.00, 225.00
501.34, 218.00
501.67, 221.00
502.01, 220.00
502.34, 224.00
502.68, 230.00
503.01, 236.00
503.34, 238.00
503.68, 238.00
504.01, 240.00
504.35, 236.00
504.68, 242.00
505.01, 229.00
505.35, 238.00
505.68, 241.00
506.02, 245.00
506.35, 249.00
506.68, 246.00
507.02, 246.00
507.35, 242.00
507.68, 239.00
508.02, 249.00
508.35, 242.00
508.69, 241.00
509.02, 231.00
509.35, 229.00
509.69, 229.00
510.02, 232.00
510.35, 225.00
510.69, 228.00
511.02, 224.00
511.35, 226.00
511.69, 231.00
512.02, 224.00
512.35, 227.00
512.68, 219.00
513.02, 224.00
513.35, 220.00
513.68, 223.00
514.02, 227.00
514.35, 219.00
514.68, 225.00
515.01, 218.00
515.35, 228.00
515.68, 218.00
516.01, 213.00
516.35, 209.00
516.68, 215.00
517.01, 213.00
517.34, 212.00
517.68, 209.00
518.01, 218.00
518.34, 215.00
518.67, 218.00
519.01, 223.00
519.34, 224.00
519.67, 223.00
520.00, 225.00
520.33, 227.00
520.67, 223.00
521.00, 229.00
521.33, 230.00
521.66, 238.00
522.00, 235.00
522.33, 226.00
522.66, 224.00
522.99, 221.00
523.32, 231.00
523.65, 219.00
523.99, 222.00
524.32, 225.00
524.65, 216.00
524.98, 226.00
525.31, 217.00
525.65, 255.00
525.98, 217.00
526.31, 217.00
526.64, 240.00
526.97, 214.00
527.30, 216.00
527.63, 212.00
527.97, 213.00
528.30, 212.00
528.63, 220.00
528.96, 243.00
529.29, 209.00
529.62, 221.00
529.95, 205.00
530.28, 211.00
530.61, 197.00
530.95, 206.00
531.28, 207.00
531.61, 220.00
531.94, 220.00
532.27, 227.00
532.60, 216.00
532.93, 216.00
533.26, 209.00
533.59, 209.00
533.92, 213.00
534.25, 204.00
534.58, 241.00
534.91, 210.00
535.25, 203.00
535.58, 206.00
535.91, 201.00
536.24, 206.00
536.57, 207.00
536.90, 206.00
537.23, 211.00
537.56, 239.00
537.89, 200.00
538.22, 197.00
538.55, 191.00
538.88, 206.00
539.21, 312.00
539.54, 200.00
539.87, 201.00
540.20, 206.00
540.53, 199.00
540.86, 226.00
541.19, 198.00
541.52, 191.00
541.85, 208.00
542.18, 221.00
542.51, 217.00
542.84, 215.00
543.17, 215.00
543.50, 214.00
543.82, 208.00
544.15, 213.00
544.48, 211.00
544.81, 211.00
545.14, 237.00
545.47, 209.00
545.80, 248.00
546.13, 209.00
546.46, 243.00
546.79, 233.00
547.12, 203.00
547.45, 206.00
547.78, 198.00
548.10, 200.00
548.43, 197.00
548.76, 196.00
549.09, 198.00
549.42, 203.00
549.75, 201.00
550.08, 207.00
550.41, 206.00
550.74, 212.00
551.06, 201.00
551.39, 212.00
551.72, 204.00
552.05, 202.00
552.38, 200.00
552.71, 198.00
553.03, 206.00
553.36, 205.00
553.69, 213.00
554.02, 201.00
554.35, 212.00
554.68, 205.00
555.00, 218.00
555.33, 204.00
555.66, 210.00
555.99, 228.00
556.32, 209.00
556.64, 222.00
556.97, 231.00
557.30, 223.00
557.63, 229.00
557.96, 236.00
558.28, 229.00
558.61, 230.00
558.94, 227.00
559.27, 226.00
559.59, 221.00
559.92, 219.00
560.25, 217.00
560.58, 223.00
560.90, 221.00
561.23, 214.00
561.56, 216.00
561.89, 220.00
562.21, 206.00
562.54, 208.00
562.87, 204.00
563.20, 207.00
563.52, 198.00
563.85, 193.00
564.18, 219.00
564.50, 202.00
564.83, 234.00
565.16, 258.00
565.48, 182.00
565.81, 199.00
566.14, 186.00
566.47, 195.00
566.79, 192.00
567.12, 188.00
567.45, 214.00
567.77, 194.00
568.10, 191.00
568.43, 197.00
568.75, 190.00
569.08, 189.00
569.40, 233.00
569.73, 191.00
570.06, 196.00
570.38, 191.00
570.71, 190.00
571.04, 188.00
571.36, 193.00
571.69, 200.00
572.01, 189.00
572.34, 187.00
572.67, 199.00
572.99, 186.00
573.32, 209.00
573.64, 188.00
573.97, 185.00
574.30, 184.00
574.62, 191.00
574.95, 190.00
575.27, 187.00
575.60, 178.00
575.92, 191.00
576.25, 180.00
576.58, 194.00
576.90, 190.00
577.23, 230.00
577.55, 192.00
577.88, 189.00
578.20, 188.00
578.53, 186.00
578.85, 205.00
579.18, 198.00
579.50, 197.00
579.83, 188.00
580.15, 192.00
580.48, 200.00
580.80, 192.00
581.13, 192.00
581.45, 191.00
581.78, 189.00
582.10, 204.00
582.43, 200.00
582.75, 197.00
583.08, 197.00
583.40, 194.00
583.73, 266.00
584.05, 198.00
584.38, 187.00
584.70, 245.00
585.03, 197.00
585.35, 204.00
585.67, 198.00
586.00, 215.00
586.32, 230.00
586.65, 249.00
586.97, 232.00
587.30, 235.00
587.62, 217.00
587.94, 231.00
588.27, 210.00
588.59, 203.00
588.92, 199.00
589.24, 198.00
589.56, 209.00
589.89, 206.00
590.21, 196.00
590.54, 196.00
590.86, 194.00
591.18, 201.00
591.51, 198.00
591.83, 220.00
592.15, 204.00
592.48, 206.00
592.80, 211.00
593.13, 209.00
593.45, 209.00
593.77, 213.00
594.10, 218.00
594.42, 221.00
594.74, 216.00
595.07, 224.00
595.39, 218.00
595.71, 225.00
596.03, 230.00
596.36, 231.00
596.68, 235.00
597.00, 228.00
597.33, 235.00
597.65, 240.00
597.97, 241.00
598.30, 238.00
598.62, 241.00
598.94, 232.00
599.26, 241.00
599.59, 228.00
599.91, 234.00
600.23, 225.00
600.55, 229.00
600.88, 214.00
601.20, 221.00
601.52, 205.00
601.84, 202.00
602.17, 203.00
602.49, 197.00
602.81, 197.00
603.13, 199.00
603.45, 204.00
603.78, 188.00
604.10, 197.00
604.42, 195.00
604.74, 189.00
605.07, 192.00
605.39, 196.00
605.71, 189.00
606.03, 192.00
606.35, 187.00
606.67, 188.00
607.00, 189.00
607.32, 183.00
607.64, 184.00
607.96, 179.00
608.28, 183.00
608.60, 177.00
608.93, 177.00
609.25, 187.00
609.57, 186.00
609.89, 183.00
610.21, 176.00
610.53, 183.00
610.85, 184.00
611.17, 176.00
611.50, 179.00
611.82, 175.00
612.14, 177.00
612.46, 177.00
612.78, 174.00
613.10, 180.00
613.42, 178.00
613.74, 193.00
614.06, 228.00
614.38, 215.00
614.70, 218.00
615.03, 215.00
615.35, 215.00
615.67, 305.00
615.99, 190.00
616.31, 193.00
616.63, 192.00
616.95, 186.00
617.27, 182.00
617.59, 181.00
617.91, 182.00
618.23, 183.00
618.55, 172.00
618.87, 175.00
619.19, 172.00
619.51, 161.00
619.83, 168.00
620.15, 173.00
620.47, 176.00
620.79, 179.00
621.11, 189.00
621.43, 182.00
621.75, 181.00
622.07, 178.00
622.39, 175.00
622.71, 174.00
623.03, 170.00
623.35, 217.00
623.67, 175.00
623.99, 173.00
624.31, 172.00
624.63, 175.00
624.95, 175.00
625.26, 171.00
625.58, 172.00
625.90, 201.00
626.22, 179.00
626.54, 173.00
626.86, 183.00
627.18, 171.00
627.50, 183.00
627.82, 176.00
628.14, 180.00
628.46, 179.00
628.77, 176.00
629.09, 187.00
629.41, 179.00
629.73, 180.00
630.05, 196.00
630.37, 184.00
630.69, 191.00
631.00, 200.00
631.32, 195.00
631.64, 185.00
631.96, 186.00
632.28, 188.00
632.60, 184.00
632.92, 194.00
633.23, 190.00
633.55, 198.00
633.87, 203.00
634.19, 207.00
634.51, 214.00
634.82, 224.00
635.14, 220.00
635.46, 219.00
635.78, 214.00
636.10, 212.00
636.41, 214.00
636.73, 213.00
637.05, 217.00
637.37, 211.00
637.68, 213.00
638.00, 220.00
638.32, 214.00
638.64, 230.00
638.95, 243.00
639.27, 233.00
639.59, 228.00
639.91, 228.00
640.22, 218.00
640.54, 217.00
640.86, 214.00
641.18, 219.00
641.49, 232.00
641.81, 216.00
642.13, 219.00
642.44, 199.00
642.76, 200.00
643.08, 194.00
643.40, 205.00
643.71, 212.00
644.03, 214.00
644.35, 218.00
644.66, 220.00
644.98, 211.00
645.30, 211.00
645.61, 227.00
645.93, 202.00
646.25, 199.00
646.56, 201.00
646.88, 221.00
647.19, 191.00
647.51, 193.00
647.83, 186.00
648.14, 188.00
648.46, 186.00
648.78, 186.00
649.09, 192.00
649.41, 238.00
649.72, 198.00
650.04, 208.00
650.36, 212.00
650.67, 205.00
650.99, 216.00
651.30, 217.00
651.62, 216.00
651.93, 213.00
652.25, 227.00
652.57, 256.00
652.88, 212.00
653.20, 213.00
653.51, 212.00
653.83, 206.00
654.14, 207.00
654.46, 206.00
654.77, 198.00
655.09, 202.00
655.40, 210.00
655.72, 208.00
656.04, 189.00
656.35, 200.00
656.67, 199.00
656.98, 197.00
657.30, 200.00
657.61, 202.00
657.93, 204.00
658.24, 207.00
658.55, 244.00
658.87, 213.00
659.18, 206.00
659.50, 208.00
659.81, 212.00
660.13, 207.00
660.44, 206.00
660.76, 207.00
661.07, 226.00
661.39, 203.00
661.70, 201.00
662.01, 192.00
662.33, 187.00
662.64, 187.00
662.96, 180.00
663.27, 180.00
663.59, 171.00
663.90, 177.00
664.21, 178.00
664.53, 202.00
664.84, 179.00
665.16, 202.00
665.47, 184.00
665.78, 183.00
666.10, 199.00
666.41, 198.00
666.72, 204.00
667.04, 209.00
667.35, 199.00
667.67, 195.00
667.98, 193.00
668.29, 197.00
668.61, 193.00
668.92, 197.00
669.23, 187.00
669.55, 195.00
669.86, 217.00
670.17, 192.00
670.48, 188.00
670.80, 178.00
671.11, 181.00
671.42, 174.00
671.74, 184.00
672.05, 175.00
672.36, 182.00
672.68, 181.00
672.99, 186.00
673.30, 189.00
673.61, 189.00
673.93, 189.00
674.24, 199.00
674.55, 207.00
674.86, 201.00
675.18, 205.00
675.49, 210.00
675.80, 204.00
676.11, 203.00
676.43, 212.00
676.74, 211.00
677.05, 211.00
677.36, 214.00
677.67, 205.00
677.99, 203.00
678.30, 199.00
678.61, 191.00
678.92, 188.00
679.23, 185.00
679.55, 188.00
679.86, 182.00
680.17, 181.00
680.48, 186.00
680.79, 189.00
681.10, 172.00
681.42, 177.00
681.73, 172.00
682.04, 171.00
682.35, 173.00
682.66, 173.00
682.97, 173.00
683.28, 181.00
683.60, 174.00
683.91, 173.00
684.22, 191.00
684.53, 170.00
684.84, 168.00
685.15, 175.00
685.46, 194.00
685.77, 167.00
686.08, 168.00
686.40, 205.00
686.71, 164.00
687.02, 164.00
687.33, 167.00
687.64, 164.00
687.95, 165.00
688.26, 154.00
688.57, 163.00
688.88, 163.00
689.19, 161.00
689.50, 157.00
689.81, 165.00
690.12, 158.00
690.43, 179.00
690.74, 165.00
691.05, 154.00
691.36, 174.00
691.67, 156.00
691.98, 162.00
692.29, 153.00
692.60, 162.00
692.91, 159.00
693.22, 160.00
693.53, 159.00
693.84, 163.00
694.15, 153.00
694.46, 158.00
694.77, 156.00
695.08, 163.00
695.39, 161.00
695.70, 156.00
696.01, 156.00
696.32, 159.00
696.63, 155.00
696.94, 161.00
697.25, 151.00
697.56, 161.00
697.87, 162.00
698.17, 196.00
698.48, 154.00
698.79, 155.00
699.10, 154.00
699.41, 163.00
699.72, 156.00
700.03, 159.00
700.34, 154.00
700.65, 159.00
700.95, 161.00
701.26, 162.00
701.57, 159.00
701.88, 154.00
702.19, 173.00
702.50, 160.00
702.81, 162.00
703.11, 182.00
703.42, 159.00
703.73, 161.00
704.04, 168.00
704.35, 172.00
704.66, 192.00
704.96, 267.00
705.27, 312.00
705.58, 336.00
705.89, 311.00
706.20, 262.00
706.50, 252.00
706.81, 234.00
707.12, 212.00
707.43, 194.00
707.73, 179.00
708.04, 166.00
708.35, 163.00
708.66, 154.00
708.97, 154.00
709.27, 156.00
709.58, 158.00
709.89, 160.00
710.19, 154.00
710.50, 165.00
710.81, 157.00
711.12, 161.00
711.42, 160.00
711.73, 168.00
712.04, 157.00
712.35, 168.00
712.65, 157.00
712.96, 162.00
713.27, 162.00
713.57, 180.00
713.88, 178.00
714.19, 158.00
714.49, 162.00
714.80, 165.00
715.11, 160.00
715.41, 159.00
715.72, 160.00
716.03, 159.00
716.33, 168.00
716.64, 156.00
716.94, 151.00
717.25, 155.00
717.56, 159.00
717.86, 157.00
718.17, 153.00
718.48, 145.00
718.78, 154.00
719.09, 154.00
719.39, 151.00
719.70, 156.00
720.01, 160.00
720.31, 154.00
720.62, 150.00
720.92, 157.00
721.23, 162.00
721.53, 161.00
721.84, 159.00
722.15, 169.00
722.45, 163.00
722.76, 156.00
723.06, 164.00
723.37, 164.00
723.67, 161.00
723.98, 159.00
724.28, 162.00
724.59, 168.00
724.89, 169.00
725.20, 165.00
725.50, 175.00
725.81, 163.00
726.11, 159.00
726.42, 159.00
726.72, 165.00
727.03, 203.00
727.33, 170.00
727.64, 176.00
727.94, 165.00
728.25, 157.00
728.55, 160.00
728.86, 174.00
729.16, 157.00
729.46, 151.00
729.77, 155.00
730.07, 152.00
730.38, 153.00
730.68, 154.00
730.99, 160.00
731.29, 154.00
731.59, 164.00
731.90, 159.00
732.20, 155.00
732.51, 158.00
732.81, 161.00
733.11, 166.00
733.42, 162.00
733.72, 163.00
734.02, 162.00
734.33, 157.00
734.63, 160.00
734.94, 152.00
735.24, 155.00
735.54, 159.00
735.85, 154.00
736.15, 153.00
736.45, 164.00
736.76, 162.00
737.06, 162.00
737.36, 163.00
737.67, 158.00
737.97, 154.00
738.27, 157.00
738.57, 158.00
738.88, 151.00
739.18, 188.00
739.48, 161.00
739.79, 152.00
740.09, 155.00
740.39, 160.00
740.69, 162.00
741.00, 155.00
741.30, 163.00
741.60, 158.00
741.90, 151.00
742.21, 159.00
742.51, 208.00
742.81, 161.00
743.11, 161.00
743.42, 190.00
743.72, 169.00
744.02, 175.00
744.32, 176.00
744.63, 183.00
744.93, 187.00
745.23, 177.00
745.53, 183.00
745.83, 178.00
746.13, 176.00
746.44, 180.00
746.74, 184.00
747.04, 182.00
747.34, 176.00
747.64, 179.00
747.94, 173.00
748.25, 173.00
748.55, 185.00
748.85, 177.00
749.15, 189.00
749.45, 209.00
749.75, 201.00
750.05, 172.00
750.35, 172.00
750.66, 179.00
750.96, 166.00
751.26, 166.00
751.56, 157.00
751.86, 160.00
752.16, 161.00
752.46, 157.00
752.76, 159.00
753.06, 153.00
753.36, 201.00
753.66, 156.00
753.96, 162.00
754.27, 160.00
754.57, 154.00
754.87, 159.00
755.17, 161.00
755.47, 156.00
755.77, 160.00
756.07, 162.00
756.37, 164.00
756.67, 167.00
756.97, 166.00
757.27, 167.00
757.57, 168.00
757.87, 171.00
758.17, 170.00
758.47, 169.00
758.77, 168.00
759.07, 169.00
759.37, 168.00
759.67, 168.00
759.97, 164.00
760.27, 158.00
760.57, 162.00
760.86, 162.00
761.16, 169.00
761.46, 162.00
761.76, 194.00
762.06, 158.00
762.36, 163.00
762.66, 155.00
762.96, 156.00
763.26, 158.00
763.56, 184.00
763.86, 168.00
764.16, 154.00
764.45, 168.00
764.75, 160.00
765.05, 157.00
765.35, 151.00
765.65, 151.00
765.95, 153.00
766.25, 156.00
766.55, 157.00
766.84, 161.00
767.14, 157.00
767.44, 162.00
767.74, 158.00
768.04, 159.00
768.34, 159.00
768.63, 163.00
768.93, 162.00
769.23, 167.00
769.53, 165.00
769.83, 166.00
770.12, 170.00
770.42, 168.00
770.72, 171.00
771.02, 173.00
771.32, 171.00
771.61, 163.00
771.91, 173.00
772.21, 168.00
772.51, 168.00
772.80, 166.00
773.10, 167.00
773.40, 171.00
773.70, 170.00
773.99, 168.00
774.29, 171.00
774.59, 178.00
774.88, 171.00
775.18, 199.00
775.48, 412.00
775.78, 787.00
776.07, 1026.00
776.37, 1059.00
776.67, 837.00
776.96, 575.00
777.26, 496.00
777.56, 384.00
777.85, 339.00
778.15, 307.00
778.45, 283.00
778.74, 246.00
779.04, 211.00
779.34, 187.00
779.63, 170.00
779.93, 161.00
780.22, 151.00
780.52, 152.00
780.82, 153.00
781.11, 150.00
781.41, 148.00
781.71, 146.00
782.00, 148.00
782.30, 155.00
782.59, 157.00
782.89, 150.00
783.19, 150.00
783.48, 150.00
783.78, 147.00
784.07, 161.00
784.37, 150.00
784.66, 151.00
784.96, 145.00
785.25, 146.00
785.55, 154.00
785.84, 155.00
786.14, 152.00
786.44, 151.00
786.73, 150.00
787.03, 147.00
787.32, 149.00
787.62, 144.00
787.91, 149.00
788.21, 148.00
788.50, 145.00
788.80, 145.00
789.09, 147.00
789.39, 150.00
789.68, 142.00
789.97, 155.00
790.27, 148.00
790.56, 153.00
790.86, 160.00
791.15, 147.00
791.45, 147.00
791.74, 168.00
792.04, 146.00
792.33, 142.00
792.62, 173.00
792.92, 143.00
793.21, 141.00
793.51, 149.00
793.80, 140.00
794.09, 148.00
794.39, 145.00
794.68, 147.00
794.98, 144.00
795.27, 144.00
795.56, 145.00
795.86, 151.00
796.15, 147.00
796.44, 148.00
796.74, 149.00
797.03, 150.00
797.32, 151.00
797.62, 144.00
797.91, 157.00
798.20, 150.00
798.50, 153.00
798.79, 158.00
799.08, 149.00
799.38, 148.00
799.67, 145.00
799.96, 156.00
800.26, 174.00
800.55, 141.00
800.84, 152.00
801.13, 146.00
801.43, 145.00
801.72, 187.00
802.01, 145.00
802.30, 147.00
802.60, 146.00
802.89, 149.00
803.18, 146.00
803.47, 146.00
803.77, 155.00
804.06, 149.00
804.35, 148.00
804.64, 164.00
804.94, 147.00
805.23, 146.00
805.52, 148.00
805.81, 149.00
806.10, 148.00
806.39, 149.00
806.69, 145.00
806.98, 142.00
807.27, 146.00
807.56, 155.00
807.85, 148.00
808.14, 144.00
808.44, 151.00
808.73, 148.00
809.02, 165.00
809.31, 147.00
809.60, 153.00
809.89, 153.00
810.18, 148.00
810.48, 146.00
810.77, 151.00
811.06, 141.00
811.35, 146.00
811.64, 150.00
811.93, 172.00
812.22, 146.00
812.51, 147.00
812.80, 141.00
813.09, 140.00
813.38, 145.00
813.67, 164.00
813.96, 151.00
814.26, 140.00
814.55, 145.00
814.84, 145.00
815.13, 154.00
815.42, 144.00
815.71, 151.00
816.00, 145.00
816.29, 154.00
816.58, 149.00
816.87, 141.00
817.16, 146.00
817.45, 155.00
817.74, 147.00
818.03, 146.00
818.32, 149.00
818.61, 144.00
818.90, 149.00
819.19, 143.00
819.48, 141.00
819.76, 142.00
820.05, 142.00
820.34, 145.00
820.63, 140.00
820.92, 148.00
821.21, 144.00
821.50, 143.00
821.79, 143.00
822.08, 140.00
822.37, 145.00
822.66, 144.00
822.95, 151.00
823.23, 141.00
823.52, 164.00
823.81, 148.00
824.10, 144.00
824.39, 145.00
824.68, 143.00
824.97, 158.00
825.26, 145.00
825.54, 191.00
825.83, 143.00
826.12, 143.00
826.41, 145.00
826.70, 145.00
826.99, 145.00
827.27, 141.00
827.56, 162.00
827.85, 145.00
828.14, 147.00
828.43, 151.00
828.71, 150.00
829.00, 143.00
829.29, 149.00
829.58, 147.00
829.86, 143.00
830.15, 145.00
830.44, 143.00
830.73, 150.00
831.01, 145.00
831.30, 145.00
831.59, 147.00
831.88, 144.00
832.16, 145.00
832.45, 148.00
832.74, 144.00
833.03, 141.00
833.31, 145.00
833.60, 144.00
833.89, 137.00
834.17, 146.00
834.46, 143.00
834.75, 142.00
835.03, 142.00
835.32, 142.00
835.61, 146.00
835.89, 157.00
836.18, 144.00
836.47, 143.00
836.75, 138.00
837.04, 146.00
837.33, 149.00
837.61, 143.00
837.90, 144.00
838.19, 142.00
838.47, 145.00
838.76, 144.00
839.04, 145.00
839.33, 141.00
839.62, 141.00
839.90, 143.00
840.19, 140.00
840.47, 142.00
840.76, 168.00
841.04, 148.00
841.33, 144.00
841.62, 144.00
841.90, 148.00
842.19, 144.00
842.47, 181.00
842.76, 144.00
843.04, 148.00
843.33, 176.00
843.61, 164.00
843.90, 172.00
844.18, 168.00
844.47, 160.00
844.75, 165.00
845.04, 156.00
845.32, 159.00
845.61, 153.00
845.89, 150.00
846.18, 152.00
846.46, 152.00
846.75, 152.00
847.03, 158.00
847.32, 152.00
847.60, 145.00
847.88, 150.00
848.17, 144.00
848.45, 168.00
848.74, 150.00
849.02, 146.00
849.31, 140.00
849.59, 148.00
849.87, 143.00
850.16, 143.00
850.44, 149.00
850.73, 172.00
851.01, 145.00
851.29, 148.00
851.58, 141.00
851.86, 143.00
852.14, 149.00
852.43, 143.00
852.71, 142.00
853.00, 145.00
853.28, 147.00
853.56, 143.00
853.85, 147.00
854.13, 143.00
854.41, 148.00
854.69, 146.00
854.98, 144.00
855.26, 202.00
855.54, 145.00
855.83, 144.00
856.11, 148.00
856.39, 147.00
856.68, 144.00
856.96, 146.00
857.24, 144.00
857.52, 148.00
857.81, 150.00
858.09, 141.00
858.37, 143.00
858.65, 143.00
858.94, 142.00
859.22, 146.00
