190.05, 0.00
190.41, 131.00
190.77, 134.00
191.14, 136.00
191.50, 137.00
191.86, 154.00
192.22, 146.00
192.58, 149.00
192.94, 145.00
193.31, 142.00
193.67, 142.00
194.03, 150.00
194.39, 142.00
194.75, 138.00
195.11, 154.00
195.47, 163.00
195.84, 146.00
196.20, 148.00
196.56, 160.00
196.92, 146.00
197.28, 145.00
197.64, 145.00
198.00, 144.00
198.37, 147.00
198.73, 146.00
199.09, 143.00
199.45, 143.00
199.81, 146.00
200.17, 151.00
200.53, 140.00
200.89, 152.00
201.25, 185.00
201.62, 144.00
201.98, 144.00
202.34, 141.00
202.70, 150.00
203.06, 139.00
203.42, 144.00
203.78, 142.00
204.14, 138.00
204.50, 171.00
204.86, 154.00
205.22, 150.00
205.58, 147.00
205.95, 141.00
206.31, 147.00
206.67, 143.00
207.03, 148.00
207.39, 145.00
207.75, 144.00
208.11, 146.00
208.47, 143.00
208.83, 149.00
209.19, 147.00
209.55, 146.00
209.91, 141.00
210.27, 143.00
210.63, 145.00
210.99, 152.00
211.35, 142.00
211.71, 142.00
212.07, 145.00
212.43, 149.00
212.79, 142.00
213.15, 138.00
213.51, 145.00
213.87, 154.00
214.23, 139.00
214.59, 141.00
214.95, 146.00
215.31, 142.00
215.67, 139.00
216.03, 178.00
216.39, 143.00
216.75, 146.00
217.11, 145.00
217.47, 143.00
217.83, 139.00
218.19, 143.00
218.55, 151.00
218.91, 145.00
219.27, 143.00
219.63, 144.00
219.99, 143.00
220.35, 143.00
220.71, 158.00
221.07, 149.00
221.43, 148.00
221.79, 141.00
222.15, 148.00
222.51, 142.00
222.87, 144.00
223.23, 142.00
223.59, 146.00
223.95, 147.00
224.31, 143.00
224.67, 143.00
225.03, 147.00
225.39, 148.00
225.74, 148.00
226.10, 142.00
226.46, 146.00
226.82, 150.00
227.18, 143.00
227.54, 142.00
227.90, 146.00
228.26, 144.00
228.62, 153.00
228.98, 140.00
229.34, 134.00
229.69, 140.00
230.05, 144.00
230.41, 138.00
230.77, 147.00
231.13, 149.00
231.49, 142.00
231.85, 143.00
232.21, 146.00
232.57, 147.00
232.92, 143.00
233.28, 143.00
233.64, 151.00
234.00, 144.00
234.36, 142.00
234.72, 138.00
235.08, 152.00
235.44, 147.00
235.79, 142.00
236.15, 147.00
236.51, 144.00
236.87, 140.00
237.23, 145.00
237.59, 136.00
237.94, 153.00
238.30, 145.00
238.66, 141.00
239.02, 141.00
239.38, 141.00
239.74, 141.00
240.09, 148.00
240.45, 139.00
240.81, 141.00
241.17, 148.00
241.53, 140.00
241.89, 141.00
242.24, 144.00
242.60, 143.00
242.96, 156.00
243.32, 145.00
243.68, 145.00
244.03, 145.00
244.39, 146.00
244.75, 169.00
245.11, 144.00
245.46, 142.00
245.82, 173.00
246.18, 138.00
246.54, 150.00
246.90, 144.00
247.25, 142.00
247.61, 140.00
247.97, 185.00
248.33, 143.00
248.68, 142.00
249.04, 147.00
249.40, 137.00
249.76, 140.00
250.11, 138.00
250.47, 143.00
250.83, 143.00
251.19, 149.00
251.54, 148.00
251.90, 142.00
252.26, 143.00
252.62, 144.00
252.97, 149.00
253.33, 146.00
253.69, 138.00
254.05, 152.00
254.40, 149.00
254.76, 141.00
255.12, 170.00
255.47, 149.00
255.83, 146.00
256.19, 143.00
256.54, 143.00
256.90, 141.00
257.26, 143.00
257.62, 145.00
257.97, 143.00
258.33, 145.00
258.69, 145.00
259.04, 140.00
259.40, 141.00
259.76, 150.00
260.11, 139.00
260.47, 143.00
260.83, 147.00
261.18, 143.00
261.54, 149.00
261.90, 141.00
262.25, 143.00
262.61, 143.00
262.97, 138.00
263.32, 137.00
263.68, 138.00
264.04, 148.00
264.39, 144.00
264.75, 143.00
265.10, 144.00
265.46, 190.00
265.82, 156.00
266.17, 142.00
266.53, 142.00
266.89, 145.00
267.24, 146.00
267.60, 137.00
267.95, 140.00
268.31, 142.00
268.67, 141.00
269.02, 141.00
269.38, 143.00
269.74, 152.00
270.09, 144.00
270.45, 144.00
270.80, 163.00
271.16, 145.00
271.51, 151.00
271.87, 150.00
272.23, 145.00
272.58, 147.00
272.94, 145.00
273.29, 141.00
273.65, 190.00
274.00, 146.00
274.36, 148.00
274.72, 140.00
275.07, 145.00
275.43, 146.00
275.78, 143.00
276.14, 142.00
276.49, 146.00
276.85, 157.00
277.20, 165.00
277.56, 141.00
277.92, 142.00
278.27, 148.00
278.63, 150.00
278.98, 142.00
279.34, 142.00
279.69, 140.00
280.05, 159.00
280.40, 143.00
280.76, 153.00
281.11, 145.00
281.47, 147.00
281.82, 139.00
282.18, 144.00
282.53, 146.00
282.89, 151.00
283.24, 150.00
283.60, 146.00
283.95, 147.00
284.31, 147.00
284.66, 142.00
285.02, 141.00
285.37, 145.00
285.73, 141.00
286.08, 152.00
286.44, 145.00
286.79, 150.00
287.14, 152.00
287.50, 152.00
287.85, 143.00
288.21, 143.00
288.56, 141.00
288.92, 144.00
289.27, 138.00
289.63, 139.00
289.98, 148.00
290.34, 138.00
290.69, 154.00
291.04, 146.00
291.40, 140.00
291.75, 140.00
292.11, 147.00
292.46, 141.00
292.81, 153.00
293.17, 143.00
293.52, 138.00
293.88, 144.00
294.23, 143.00
294.59, 146.00
294.94, 141.00
295.29, 143.00
295.65, 148.00
296.00, 161.00
296.36, 143.00
296.71, 141.00
297.06, 146.00
297.42, 146.00
297.77, 142.00
298.12, 144.00
298.48, 148.00
298.83, 149.00
299.19, 143.00
299.54, 144.00
299.89, 144.00
300.25, 137.00
300.60, 156.00
300.95, 145.00
301.31, 140.00
301.66, 143.00
302.01, 142.00
302.37, 141.00
302.72, 142.00
303.07, 136.00
303.43, 151.00
303.78, 142.00
304.13, 150.00
304.49, 146.00
304.84, 156.00
305.19, 188.00
305.55, 148.00
305.90, 145.00
306.25, 142.00
306.61, 141.00
306.96, 141.00
307.31, 144.00
307.66, 143.00
308.02, 147.00
308.37, 153.00
308.72, 146.00
309.08, 140.00
309.43, 148.00
309.78, 143.00
310.13, 137.00
310.49, 157.00
310.84, 141.00
311.19, 146.00
311.54, 152.00
311.90, 143.00
312.25, 146.00
312.60, 141.00
312.95, 146.00
313.31, 147.00
313.66, 149.00
314.01, 158.00
314.36, 153.00
314.72, 143.00
315.07, 141.00
315.42, 140.00
315.77, 174.00
316.13, 144.00
316.48, 147.00
316.83, 147.00
317.18, 144.00
317.54, 140.00
317.89, 147.00
318.24, 145.00
318.59, 143.00
318.94, 137.00
319.30, 141.00
319.65, 148.00
320.00, 141.00
320.35, 141.00
320.70, 143.00
321.05, 139.00
321.41, 145.00
321.76, 150.00
322.11, 144.00
322.46, 142.00
322.81, 184.00
323.17, 145.00
323.52, 142.00
323.87, 147.00
324.22, 142.00
324.57, 145.00
324.92, 145.00
325.27, 144.00
325.63, 152.00
325.98, 142.00
326.33, 141.00
326.68, 137.00
327.03, 144.00
327.38, 143.00
327.73, 141.00
328.09, 146.00
328.44, 172.00
328.79, 147.00
329.14, 174.00
329.49, 151.00
329.84, 147.00
330.19, 149.00
330.54, 143.00
330.89, 150.00
331.25, 141.00
331.60, 146.00
331.95, 146.00
332.30, 136.00
332.65, 139.00
333.00, 148.00
333.35, 183.00
333.70, 188.00
334.05, 151.00
334.40, 149.00
334.75, 142.00
335.10, 150.00
335.45, 143.00
335.81, 141.00
336.16, 141.00
336.51, 143.00
336.86, 142.00
337.21, 146.00
337.56, 146.00
337.91, 139.00
338.26, 143.00
338.61, 142.00
338.96, 142.00
339.31, 145.00
339.66, 142.00
340.01, 150.00
340.36, 140.00
340.71, 138.00
341.06, 141.00
341.41, 151.00
341.76, 144.00
342.11, 146.00
342.46, 145.00
342.81, 143.00
343.16, 142.00
343.51, 143.00
343.86, 151.00
344.21, 145.00
344.56, 145.00
344.91, 146.00
345.26, 152.00
345.61, 141.00
345.96, 142.00
346.31, 141.00
346.66, 170.00
347.01, 143.00
347.36, 165.00
347.71, 144.00
348.06, 141.00
348.41, 153.00
348.76, 157.00
349.10, 138.00
349.45, 154.00
349.80, 148.00
350.15, 144.00
350.50, 147.00
350.85, 155.00
351.20, 144.00
351.55, 152.00
351.90, 142.00
352.25, 143.00
352.60, 138.00
352.95, 145.00
353.30, 161.00
353.64, 146.00
353.99, 141.00
354.34, 142.00
354.69, 143.00
355.04, 145.00
355.39, 145.00
355.74, 141.00
356.09, 142.00
356.44, 145.00
356.78, 142.00
357.13, 137.00
357.48, 143.00
357.83, 143.00
358.18, 143.00
358.53, 154.00
358.88, 146.00
359.22, 158.00
359.57, 142.00
359.92, 136.00
360.27, 141.00
360.62, 143.00
360.97, 140.00
361.32, 140.00
361.66, 139.00
362.01, 140.00
362.36, 138.00
362.71, 140.00
363.06, 143.00
363.40, 140.00
363.75, 141.00
364.10, 144.00
364.45, 140.00
364.80, 144.00
365.14, 139.00
365.49, 142.00
365.84, 145.00
366.19, 144.00
366.54, 141.00
366.88, 159.00
367.23, 140.00
367.58, 197.00
367.93, 145.00
368.28, 146.00
368.62, 140.00
368.97, 147.00
369.32, 152.00
369.67, 143.00
370.01, 149.00
370.36, 141.00
370.71, 159.00
371.06, 143.00
371.40, 152.00
371.75, 137.00
372.10, 141.00
372.45, 142.00
372.79, 139.00
373.14, 141.00
373.49, 135.00
373.83, 143.00
374.18, 141.00
374.53, 135.00
374.88, 138.00
375.22, 142.00
375.57, 145.00
375.92, 144.00
376.26, 148.00
376.61, 145.00
376.96, 142.00
377.30, 147.00
377.65, 154.00
378.00, 145.00
378.35, 147.00
378.69, 150.00
379.04, 142.00
379.39, 140.00
379.73, 144.00
380.08, 144.00
380.43, 139.00
380.77, 140.00
381.12, 148.00
381.47, 149.00
381.81, 140.00
382.16, 143.00
382.50, 146.00
382.85, 220.00
383.20, 145.00
383.54, 140.00
383.89, 140.00
384.24, 143.00
384.58, 143.00
384.93, 156.00
385.27, 141.00
385.62, 147.00
385.97, 150.00
386.31, 141.00
386.66, 175.00
387.00, 145.00
387.35, 140.00
387.70, 142.00
388.04, 201.00
388.39, 145.00
388.73, 148.00
389.08, 141.00
389.43, 144.00
389.77, 139.00
390.12, 143.00
390.46, 142.00
390.81, 144.00
391.15, 144.00
391.50, 142.00
391.85, 144.00
392.19, 144.00
392.54, 142.00
392.88, 145.00
393.23, 137.00
393.57, 147.00
393.92, 141.00
394.26, 140.00
394.61, 146.00
394.95, 141.00
395.30, 139.00
395.64, 139.00
395.99, 179.00
396.33, 149.00
396.68, 136.00
397.02, 137.00
397.37, 141.00
397.71, 150.00
398.06, 144.00
398.40, 143.00
398.75, 142.00
399.09, 141.00
399.44, 141.00
399.78, 139.00
400.13, 137.00
400.47, 143.00
400.82, 138.00
401.16, 143.00
401.51, 148.00
401.85, 141.00
402.20, 149.00
402.54, 143.00
402.88, 148.00
403.23, 141.00
403.57, 142.00
403.92, 137.00
404.26, 196.00
404.61, 145.00
404.95, 169.00
405.30, 141.00
405.64, 138.00
405.98, 178.00
406.33, 150.00
406.67, 140.00
407.02, 140.00
407.36, 145.00
407.70, 149.00
408.05, 145.00
408.39, 142.00
408.74, 139.00
409.08, 138.00
409.42, 147.00
409.77, 139.00
410.11, 146.00
410.46, 142.00
410.80, 143.00
411.14, 140.00
411.49, 141.00
411.83, 148.00
412.17, 144.00
412.52, 143.00
412.86, 144.00
413.20, 143.00
413.55, 145.00
413.89, 143.00
414.23, 144.00
414.58, 184.00
414.92, 146.00
415.26, 144.00
415.61, 146.00
415.95, 146.00
416.29, 146.00
416.64, 142.00
416.98, 141.00
417.32, 145.00
417.67, 154.00
418.01, 150.00
418.35, 140.00
418.70, 140.00
419.04, 161.00
419.38, 145.00
419.72, 140.00
420.07, 145.00
420.41, 141.00
420.75, 138.00
421.10, 143.00
421.44, 146.00
421.78, 135.00
422.12, 136.00
422.47, 141.00
422.81, 142.00
423.15, 143.00
423.49, 148.00
423.84, 144.00
424.18, 137.00
424.52, 142.00
424.86, 144.00
425.21, 147.00
425.55, 142.00
425.89, 144.00
426.23, 153.00
426.57, 143.00
426.92, 151.00
427.26, 140.00
427.60, 147.00
427.94, 148.00
428.28, 144.00
428.63, 141.00
428.97, 137.00
429.31, 148.00
429.65, 143.00
429.99, 145.00
430.34, 141.00
430.68, 146.00
431.02, 149.00
431.36, 145.00
431.70, 146.00
432.04, 142.00
432.39, 147.00
432.73, 148.00
433.07, 142.00
433.41, 143.00
433.75, 148.00
434.09, 145.00
434.43, 143.00
434.78, 141.00
435.12, 141.00
435.46, 144.00
435.80, 148.00
436.14, 148.00
436.48, 143.00
436.82, 153.00
437.16, 141.00
437.51, 140.00
437.85, 143.00
438.19, 180.00
438.53, 147.00
438.87, 161.00
439.21, 148.00
439.55, 150.00
439.89, 149.00
440.23, 142.00
440.57, 145.00
440.91, 142.00
441.26, 138.00
441.60, 140.00
441.94, 145.00
442.28, 144.00
442.62, 145.00
442.96, 142.00
443.30, 141.00
443.64, 148.00
443.98, 146.00
444.32, 150.00
444.66, 146.00
445.00, 145.00
445.34, 150.00
445.68, 142.00
446.02, 140.00
446.36, 145.00
446.70, 143.00
447.04, 146.00
447.38, 169.00
447.72, 142.00
448.06, 140.00
448.40, 146.00
448.74, 148.00
449.08, 143.00
449.42, 143.00
449.76, 143.00
450.10, 143.00
450.44, 143.00
450.78, 139.00
451.12, 139.00
451.46, 146.00
451.80, 148.00
452.14, 139.00
452.48, 145.00
452.82, 145.00
453.16, 138.00
453.50, 145.00
453.84, 142.00
454.18, 181.00
454.52, 147.00
454.86, 137.00
455.19, 157.00
455.53, 145.00
455.87, 144.00
456.21, 144.00
456.55, 139.00
456.89, 147.00
457.23, 140.00
457.57, 146.00
457.91, 144.00
458.25, 144.00
458.59, 141.00
458.92, 142.00
459.26, 138.00
459.60, 148.00
459.94, 137.00
460.28, 140.00
460.62, 145.00
460.96, 141.00
461.30, 145.00
461.63, 141.00
461.97, 147.00
462.31, 145.00
462.65, 143.00
462.99, 143.00
463.33, 152.00
463.67, 140.00
464.00, 147.00
464.34, 144.00
464.68, 141.00
465.02, 152.00
465.36, 148.00
465.70, 141.00
466.03, 153.00
466.37, 144.00
466.71, 140.00
467.05, 140.00
467.39, 137.00
467.72, 140.00
468.06, 134.00
468.40, 140.00
468.74, 137.00
469.08, 146.00
469.41, 138.00
469.75, 140.00
470.09, 144.00
470.43, 144.00
470.76, 139.00
471.10, 140.00
471.44, 140.00
471.78, 143.00
472.11, 139.00
472.45, 144.00
472.79, 141.00
473.13, 141.00
473.46, 142.00
473.80, 142.00
474.14, 145.00
474.48, 147.00
474.81, 142.00
475.15, 140.00
475.49, 144.00
475.82, 145.00
476.16, 146.00
476.50, 143.00
476.84, 152.00
477.17, 139.00
477.51, 145.00
477.85, 142.00
478.18, 154.00
478.52, 143.00
478.86, 198.00
479.19, 155.00
479.53, 146.00
479.87, 182.00
480.20, 154.00
480.54, 152.00
480.88, 140.00
481.21, 142.00
481.55, 137.00
481.89, 136.00
482.22, 140.00
482.56, 147.00
482.90, 144.00
483.23, 141.00
483.57, 145.00
483.90, 142.00
484.24, 140.00
484.58, 143.00
484.91, 141.00
485.25, 138.00
485.58, 143.00
485.92, 142.00
486.26, 142.00
486.59, 145.00
486.93, 142.00
487.26, 142.00
487.60, 143.00
487.94, 146.00
488.27, 148.00
488.61, 145.00
488.94, 141.00
489.28, 146.00
489.61, 142.00
489.95, 142.00
490.29, 145.00
490.62, 147.00
490.96, 144.00
491.29, 149.00
491.63, 141.00
491.96, 139.00
492.30, 139.00
492.63, 156.00
492.97, 144.00
493.30, 139.00
493.64, 143.00
493.97, 139.00
494.31, 145.00
494.64, 150.00
494.98, 146.00
495.31, 145.00
495.65, 141.00
495.98, 146.00
496.32, 146.00
496.65, 172.00
496.99, 145.00
497.32, 146.00
497.66, 140.00
497.99, 139.00
498.33, 143.00
498.66, 144.00
499.00, 148.00
499.33, 142.00
499.67, 138.00
500.00, 141.00
500.34, 151.00
500.67, 149.00
501.00, 141.00
501.34, 138.00
501.67, 145.00
502.01, 143.00
502.34, 140.00
502.68, 149.00
503.01, 148.00
503.34, 141.00
503.68, 139.00
504.01, 141.00
504.35, 140.00
504.68, 143.00
505.01, 143.00
505.35, 142.00
505.68, 140.00
506.02, 147.00
506.35, 141.00
506.68, 147.00
507.02, 146.00
507.35, 141.00
507.68, 141.00
508.02, 142.00
508.35, 148.00
508.69, 140.00
509.02, 139.00
509.35, 143.00
509.69, 143.00
510.02, 148.00
510.35, 144.00
510.69, 143.00
511.02, 144.00
511.35, 144.00
511.69, 146.00
512.02, 141.00
512.35, 145.00
512.68, 146.00
513.02, 146.00
513.35, 137.00
513.68, 136.00
514.02, 144.00
514.35, 149.00
514.68, 148.00
515.01, 141.00
515.35, 152.00
515.68, 147.00
516.01, 139.00
516.35, 141.00
516.68, 141.00
517.01, 142.00
517.34, 145.00
517.68, 141.00
518.01, 154.00
518.34, 145.00
518.67, 141.00
519.01, 138.00
519.34, 148.00
519.67, 152.00
520.00, 143.00
520.33, 141.00
520.67, 141.00
521.00, 143.00
521.33, 141.00
521.66, 146.00
522.00, 140.00
522.33, 144.00
522.66, 141.00
522.99, 138.00
523.32, 150.00
523.65, 144.00
523.99, 144.00
524.32, 143.00
524.65, 145.00
524.98, 147.00
525.31, 142.00
525.65, 176.00
525.98, 144.00
526.31, 143.00
526.64, 148.00
526.97, 141.00
527.30, 144.00
527.63, 145.00
527.97, 140.00
528.30, 145.00
528.63, 151.00
528.96, 171.00
529.29, 143.00
529.62, 149.00
529.95, 139.00
530.28, 141.00
530.61, 139.00
530.95, 142.00
531.28, 140.00
531.61, 144.00
531.94, 141.00
532.27, 142.00
532.60, 141.00
532.93, 143.00
533.26, 148.00
533.59, 142.00
533.92, 146.00
534.25, 143.00
534.58, 177.00
534.91, 148.00
535.25, 143.00
535.58, 144.00
535.91, 138.00
536.24, 145.00
536.57, 147.00
536.90, 142.00
537.23, 146.00
537.56, 184.00
537.89, 148.00
538.22, 138.00
538.55, 138.00
538.88, 141.00
539.21, 256.00
539.54, 143.00
539.87, 143.00
540.20, 144.00
540.53, 142.00
540.86, 169.00
541.19, 145.00
541.52, 140.00
541.85, 150.00
542.18, 152.00
542.51, 144.00
542.84, 147.00
543.17, 142.00
543.50, 144.00
543.82, 145.00
544.15, 147.00
544.48, 145.00
544.81, 143.00
545.14, 172.00
545.47, 142.00
545.80, 179.00
546.13, 148.00
546.46, 182.00
546.79, 167.00
547.12, 142.00
547.45, 141.00
547.78, 145.00
548.10, 139.00
548.43, 149.00
548.76, 135.00
549.09, 139.00
549.42, 135.00
549.75, 141.00
550.08, 144.00
550.41, 140.00
550.74, 150.00
551.06, 145.00
551.39, 149.00
551.72, 140.00
552.05, 143.00
552.38, 146.00
552.71, 140.00
553.03, 148.00
553.36, 146.00
553.69, 153.00
554.02, 149.00
554.35, 145.00
554.68, 144.00
555.00, 148.00
555.33, 143.00
555.66, 141.00
555.99, 160.00
556.32, 145.00
556.64, 142.00
556.97, 148.00
557.30, 143.00
557.63, 139.00
557.96, 143.00
558.28, 143.00
558.61, 144.00
558.94, 142.00
559.27, 142.00
559.59, 141.00
559.92, 136.00
560.25, 141.00
560.58, 142.00
560.90, 147.00
561.23, 143.00
561.56, 139.00
561.89, 142.00
562.21, 143.00
562.54, 143.00
562.87, 140.00
563.20, 146.00
563.52, 145.00
563.85, 141.00
564.18, 161.00
564.50, 150.00
564.83, 172.00
565.16, 201.00
565.48, 148.00
565.81, 152.00
566.14, 142.00
566.47, 141.00
566.79, 144.00
567.12, 142.00
567.45, 171.00
567.77, 145.00
568.10, 145.00
568.43, 144.00
568.75, 142.00
569.08, 146.00
569.40, 181.00
569.73, 152.00
570.06, 142.00
570.38, 141.00
570.71, 139.00
571.04, 136.00
571.36, 146.00
571.69, 145.00
572.01, 141.00
572.34, 143.00
572.67, 143.00
572.99, 145.00
573.32, 152.00
573.64, 143.00
573.97, 140.00
574.30, 143.00
574.62, 145.00
574.95, 142.00
575.27, 145.00
575.60, 143.00
575.92, 145.00
576.25, 142.00
576.58, 156.00
576.90, 143.00
577.23, 180.00
577.55, 147.00
577.88, 143.00
578.20, 142.00
578.53, 141.00
578.85, 161.00
579.18, 153.00
579.50, 145.00
579.83, 143.00
580.15, 145.00
580.48, 147.00
580.80, 145.00
581.13, 146.00
581.45, 141.00
581.78, 143.00
582.10, 143.00
582.43, 151.00
582.75, 146.00
583.08, 145.00
583.40, 146.00
583.73, 212.00
584.05, 143.00
584.38, 145.00
584.70, 195.00
585.03, 146.00
585.35, 144.00
585.67, 146.00
586.00, 145.00
586.32, 143.00
586.65, 145.00
586.97, 135.00
587.30, 153.00
587.62, 145.00
587.94, 153.00
588.27, 143.00
588.59, 145.00
588.92, 139.00
589.24, 147.00
589.56, 146.00
589.89, 156.00
590.21, 145.00
590.54, 144.00
590.86, 147.00
591.18, 143.00
591.51, 140.00
591.83, 157.00
592.15, 139.00
592.48, 133.00
592.80, 145.00
593.13, 142.00
593.45, 146.00
593.77, 145.00
594.10, 148.00
594.42, 146.00
594.74, 143.00
595.07, 143.00
595.39, 143.00
595.71, 144.00
596.03, 142.00
596.36, 140.00
596.68, 141.00
597.00, 141.00
597.33, 147.00
597.65, 147.00
597.97, 139.00
598.30, 146.00
598.62, 142.00
598.94, 143.00
599.26, 144.00
599.59, 146.00
599.91, 150.00
600.23, 142.00
600.55, 146.00
600.88, 147.00
601.20, 142.00
601.52, 141.00
601.84, 145.00
602.17, 143.00
602.49, 144.00
602.81, 140.00
603.13, 145.00
603.45, 149.00
603.78, 143.00
604.10, 143.00
604.42, 139.00
604.74, 145.00
605.07, 146.00
605.39, 147.00
605.71, 143.00
606.03, 150.00
606.35, 144.00
606.67, 149.00
607.00, 148.00
607.32, 144.00
607.64, 143.00
607.96, 135.00
608.28, 142.00
608.60, 142.00
608.93, 143.00
609.25, 148.00
609.57, 148.00
609.89, 145.00
610.21, 138.00
610.53, 142.00
610.85, 142.00
611.17, 144.00
611.50, 150.00
611.82, 142.00
612.14, 145.00
612.46, 139.00
612.78, 141.00
613.10, 145.00
613.42, 145.00
613.74, 158.00
614.06, 176.00
614.38, 149.00
614.70, 144.00
615.03, 144.00
615.35, 153.00
615.67, 253.00
615.99, 140.00
616.31, 145.00
616.63, 141.00
616.95, 138.00
617.27, 140.00
617.59, 140.00
617.91, 142.00
618.23, 150.00
618.55, 147.00
618.87, 139.00
619.19, 144.00
619.51, 145.00
619.83, 142.00
620.15, 141.00
620.47, 142.00
620.79, 140.00
621.11, 149.00
621.43, 142.00
621.75, 150.00
622.07, 143.00
622.39, 143.00
622.71, 140.00
623.03, 141.00
623.35, 184.00
623.67, 144.00
623.99, 139.00
624.31, 140.00
624.63, 151.00
624.95, 139.00
625.26, 144.00
625.58, 139.00
625.90, 170.00
626.22, 143.00
626.54, 148.00
626.86, 146.00
627.18, 142.00
627.50, 148.00
627.82, 140.00
628.14, 144.00
628.46, 142.00
628.77, 138.00
629.09, 145.00
629.41, 149.00
629.73, 143.00
630.05, 152.00
630.37, 143.00
630.69, 148.00
631.00, 154.00
631.32, 153.00
631.64, 141.00
631.96, 144.00
632.28, 141.00
632.60, 145.00
632.92, 139.00
633.23, 142.00
633.55, 146.00
633.87, 142.00
634.19, 146.00
634.51, 149.00
634.82, 149.00
635.14, 147.00
635.46, 140.00
635.78, 145.00
636.10, 142.00
636.41, 142.00
636.73, 145.00
637.05, 140.00
637.37, 143.00
637.68, 144.00
638.00, 140.00
638.32, 141.00
638.64, 142.00
638.95, 157.00
639.27, 144.00
639.59, 143.00
639.91, 146.00
640.22, 142.00
640.54, 146.00
640.86, 138.00
641.18, 150.00
641.49, 163.00
641.81, 152.00
642.13, 155.00
642.44, 141.00
642.76, 142.00
643.08, 140.00
643.40, 142.00
643.71, 148.00
644.03, 139.00
644.35, 143.00
644.66, 148.00
644.98, 142.00
645.30, 141.00
645.61, 158.00
645.93, 144.00
646.25, 143.00
646.56, 155.00
646.88, 173.00
647.19, 144.00
647.51, 151.00
647.83, 141.00
648.14, 141.00
648.46, 138.00
648.78, 145.00
649.09, 140.00
649.41, 181.00
649.72, 142.00
650.04, 141.00
650.36, 139.00
650.67, 145.00
650.99, 137.00
651.30, 144.00
651.62, 146.00
651.93, 140.00
652.25, 158.00
652.57, 178.00
652.88, 142.00
653.20, 144.00
653.51, 147.00
653.83, 145.00
654.14, 140.00
654.46, 145.00
654.77, 143.00
655.09, 148.00
655.40, 156.00
655.72, 149.00
656.04, 142.00
656.35, 147.00
656.67, 143.00
656.98, 138.00
657.30, 141.00
657.61, 141.00
657.93, 140.00
658.24, 141.00
658.55, 179.00
658.87, 149.00
659.18, 142.00
659.50, 145.00
659.81, 145.00
660.13, 142.00
660.44, 137.00
660.76, 141.00
661.07, 156.00
661.39, 142.00
661.70, 138.00
662.01, 139.00
662.33, 141.00
662.64, 145.00
662.96, 145.00
663.27, 138.00
663.59, 141.00
663.90, 141.00
664.21, 144.00
664.53, 159.00
664.84, 143.00
665.16, 170.00
665.47, 142.00
665.78, 144.00
666.10, 150.00
666.41, 142.00
666.72, 142.00
667.04, 145.00
667.35, 145.00
667.67, 142.00
667.98, 143.00
668.29, 144.00
668.61, 138.00
668.92, 138.00
669.23, 142.00
669.55, 147.00
669.86, 172.00
670.17, 147.00
670.48, 141.00
670.80, 142.00
671.11, 140.00
671.42, 140.00
671.74, 146.00
672.05, 143.00
672.36, 141.00
672.68, 143.00
672.99, 142.00
673.30, 142.00
673.61, 143.00
673.93, 142.00
674.24, 140.00
674.55, 144.00
674.86, 140.00
675.18, 146.00
675.49, 146.00
675.80, 142.00
676.11, 144.00
676.43, 147.00
676.74, 143.00
677.05, 142.00
677.36, 150.00
677.67, 141.00
677.99, 139.00
678.30, 138.00
678.61, 147.00
678.92, 139.00
679.23, 149.00
679.55, 149.00
679.86, 145.00
680.17, 145.00
680.48, 153.00
680.79, 152.00
681.10, 143.00
681.42, 142.00
681.73, 144.00
682.04, 137.00
682.35, 142.00
682.66, 148.00
682.97, 142.00
683.28, 146.00
683.60, 146.00
683.91, 146.00
684.22, 160.00
684.53, 146.00
684.84, 138.00
685.15, 152.00
685.46, 179.00
685.77, 139.00
686.08, 144.00
686.40, 181.00
686.71, 146.00
687.02, 150.00
687.33, 146.00
687.64, 140.00
687.95, 141.00
688.26, 142.00
688.57, 143.00
688.88, 146.00
689.19, 145.00
689.50, 143.00
689.81, 141.00
690.12, 139.00
690.43, 156.00
690.74, 143.00
691.05, 139.00
691.36, 155.00
691.67, 143.00
691.98, 139.00
692.29, 143.00
692.60, 146.00
692.91, 148.00
693.22, 135.00
693.53, 140.00
693.84, 148.00
694.15, 139.00
694.46, 138.00
694.77, 139.00
695.08, 145.00
695.39, 152.00
695.70, 141.00
696.01, 150.00
696.32, 140.00
696.63, 138.00
696.94, 144.00
697.25, 145.00
697.56, 142.00
697.87, 148.00
698.17, 187.00
698.48, 145.00
698.79, 143.00
699.10, 145.00
699.41, 145.00
699.72, 139.00
700.03, 142.00
700.34, 147.00
700.65, 145.00
700.95, 144.00
701.26, 137.00
701.57, 143.00
701.88, 143.00
702.19, 151.00
702.50, 147.00
702.81, 142.00
703.11, 168.00
703.42, 142.00
703.73, 146.00
704.04, 147.00
704.35, 144.00
704.66, 148.00
704.96, 135.00
705.27, 141.00
705.58, 140.00
705.89, 142.00
706.20, 145.00
706.50, 141.00
706.81, 143.00
707.12, 145.00
707.43, 138.00
707.73, 148.00
708.04, 137.00
708.35, 147.00
708.66, 142.00
708.97, 142.00
709.27, 149.00
709.58, 143.00
709.89, 139.00
710.19, 138.00
710.50, 141.00
710.81, 139.00
711.12, 150.00
711.42, 141.00
711.73, 149.00
712.04, 144.00
712.35, 146.00
712.65, 146.00
712.96, 148.00
713.27, 147.00
713.57, 168.00
713.88, 168.00
714.19, 141.00
714.49, 140.00
714.80, 148.00
715.11, 143.00
715.41, 140.00
715.72, 142.00
716.03, 141.00
716.33, 151.00
716.64, 141.00
716.94, 146.00
717.25, 143.00
717.56, 154.00
717.86, 145.00
718.17, 139.00
718.48, 141.00
718.78, 143.00
719.09, 142.00
719.39, 140.00
719.70, 140.00
720.01, 142.00
720.31, 145.00
720.62, 144.00
720.92, 141.00
721.23, 148.00
721.53, 149.00
721.84, 143.00
722.15, 144.00
722.45, 141.00
722.76, 144.00
723.06, 140.00
723.37, 140.00
723.67, 138.00
723.98, 142.00
724.28, 146.00
724.59, 151.00
724.89, 138.00
725.20, 143.00
725.50, 148.00
725.81, 141.00
726.11, 138.00
726.42, 143.00
726.72, 142.00
727.03, 173.00
727.33, 143.00
727.64, 150.00
727.94, 139.00
728.25, 144.00
728.55, 140.00
728.86, 165.00
729.16, 139.00
729.46, 143.00
729.77, 148.00
730.07, 146.00
730.38, 143.00
730.68, 140.00
730.99, 153.00
731.29, 141.00
731.59, 147.00
731.90, 146.00
732.20, 144.00
732.51, 146.00
732.81, 140.00
733.11, 148.00
733.42, 139.00
733.72, 142.00
734.02, 150.00
734.33, 141.00
734.63, 143.00
734.94, 140.00
735.24, 143.00
735.54, 137.00
735.85, 138.00
736.15, 144.00
736.45, 142.00
736.76, 139.00
737.06, 141.00
737.36, 137.00
737.67, 146.00
737.97, 141.00
738.27, 141.00
738.57, 142.00
738.88, 141.00
739.18, 179.00
739.48, 143.00
739.79, 140.00
740.09, 144.00
740.39, 146.00
740.69, 154.00
741.00, 147.00
741.30, 148.00
741.60, 144.00
741.90, 141.00
742.21, 140.00
742.51, 188.00
742.81, 144.00
743.11, 141.00
743.42, 173.00
743.72, 143.00
744.02, 147.00
744.32, 142.00
744.63, 144.00
744.93, 148.00
745.23, 142.00
745.53, 149.00
745.83, 141.00
746.13, 139.00
746.44, 138.00
746.74, 140.00
747.04, 141.00
747.34, 133.00
747.64, 138.00
747.94, 137.00
748.25, 137.00
748.55, 144.00
748.85, 139.00
749.15, 143.00
749.45, 172.00
749.75, 165.00
750.05, 145.00
750.35, 143.00
750.66, 153.00
750.96, 151.00
751.26, 142.00
751.56, 143.00
751.86, 155.00
752.16, 145.00
752.46, 141.00
752.76, 149.00
753.06, 140.00
753.36, 186.00
753.66, 140.00
753.96, 147.00
754.27, 139.00
754.57, 140.00
754.87, 145.00
755.17, 141.00
755.47, 140.00
755.77, 140.00
756.07, 143.00
756.37, 143.00
756.67, 149.00
756.97, 141.00
757.27, 145.00
757.57, 143.00
757.87, 146.00
758.17, 142.00
758.47, 144.00
758.77, 146.00
759.07, 145.00
759.37, 144.00
759.67, 140.00
759.97, 145.00
760.27, 145.00
760.57, 142.00
760.86, 140.00
761.16, 140.00
761.46, 142.00
761.76, 169.00
762.06, 143.00
762.36, 151.00
762.66, 145.00
762.96, 146.00
763.26, 148.00
763.56, 168.00
763.86, 154.00
764.16, 142.00
764.45, 157.00
764.75, 152.00
765.05, 145.00
765.35, 142.00
765.65, 143.00
765.95, 142.00
766.25, 150.00
766.55, 145.00
766.84, 152.00
767.14, 145.00
767.44, 145.00
767.74, 145.00
768.04, 139.00
768.34, 142.00
768.63, 143.00
768.93, 139.00
769.23, 148.00
769.53, 140.00
769.83, 140.00
770.12, 143.00
770.42, 141.00
770.72, 140.00
771.02, 141.00
771.32, 141.00
771.61, 144.00
771.91, 149.00
772.21, 145.00
772.51, 138.00
772.80, 138.00
773.10, 143.00
773.40, 148.00
773.70, 143.00
773.99, 144.00
774.29, 142.00
774.59, 149.00
774.88, 143.00
775.18, 140.00
775.48, 149.00
775.78, 145.00
776.07, 142.00
776.37, 145.00
776.67, 139.00
776.96, 143.00
777.26, 189.00
777.56, 141.00
777.85, 147.00
778.15, 138.00
778.45, 146.00
778.74, 144.00
779.04, 147.00
779.34, 140.00
779.63, 147.00
779.93, 136.00
780.22, 138.00
780.52, 143.00
780.82, 143.00
781.11, 142.00
781.41, 142.00
781.71, 140.00
782.00, 142.00
782.30, 147.00
782.59, 157.00
782.89, 148.00
783.19, 146.00
783.48, 140.00
783.78, 146.00
784.07, 154.00
784.37, 147.00
784.66, 146.00
784.96, 142.00
785.25, 145.00
785.55, 142.00
785.84, 148.00
786.14, 137.00
786.44, 142.00
786.73, 143.00
787.03, 141.00
787.32, 141.00
787.62, 140.00
787.91, 144.00
788.21, 146.00
788.50, 145.00
788.80, 140.00
789.09, 143.00
789.39, 145.00
789.68, 143.00
789.97, 146.00
790.27, 138.00
790.56, 146.00
790.86, 152.00
791.15, 146.00
791.45, 140.00
791.74, 165.00
792.04, 148.00
792.33, 143.00
792.62, 173.00
792.92, 144.00
793.21, 147.00
793.51, 147.00
793.80, 141.00
794.09, 142.00
794.39, 143.00
794.68, 145.00
794.98, 144.00
795.27, 142.00
795.56, 137.00
795.86, 142.00
796.15, 143.00
796.44, 148.00
796.74, 141.00
797.03, 139.00
797.32, 146.00
797.62, 141.00
797.91, 153.00
798.20, 145.00
798.50, 146.00
798.79, 150.00
799.08, 141.00
799.38, 140.00
799.67, 136.00
799.96, 147.00
800.26, 165.00
800.55, 141.00
800.84, 145.00
801.13, 142.00
801.43, 141.00
801.72, 177.00
802.01, 145.00
802.30, 146.00
802.60, 144.00
802.89, 149.00
803.18, 146.00
803.47, 143.00
803.77, 146.00
804.06, 152.00
804.35, 149.00
804.64, 163.00
804.94, 140.00
805.23, 138.00
805.52, 139.00
805.81, 140.00
806.10, 145.00
806.39, 140.00
806.69, 136.00
806.98, 141.00
807.27, 140.00
807.56, 147.00
807.85, 144.00
808.14, 140.00
808.44, 149.00
808.73, 147.00
809.02, 159.00
809.31, 147.00
809.60, 145.00
809.89, 150.00
810.18, 139.00
810.48, 153.00
810.77, 148.00
811.06, 141.00
811.35, 141.00
811.64, 143.00
811.93, 168.00
812.22, 144.00
812.51, 148.00
812.80, 144.00
813.09, 144.00
813.38, 141.00
813.67, 169.00
813.96, 147.00
814.26, 139.00
814.55, 145.00
814.84, 141.00
815.13, 144.00
815.42, 144.00
815.71, 148.00
816.00, 141.00
816.29, 150.00
816.58, 147.00
816.87, 147.00
817.16, 145.00
817.45, 148.00
817.74, 141.00
818.03, 141.00
818.32, 138.00
818.61, 142.00
818.90, 145.00
819.19, 142.00
819.48, 142.00
819.76, 145.00
820.05, 135.00
820.34, 142.00
820.63, 141.00
820.92, 139.00
821.21, 140.00
821.50, 144.00
821.79, 147.00
822.08, 139.00
822.37, 147.00
822.66, 147.00
822.95, 147.00
823.23, 139.00
823.52, 160.00
823.81, 151.00
824.10, 145.00
824.39, 146.00
824.68, 141.00
824.97, 159.00
825.26, 142.00
825.54, 188.00
825.83, 144.00
826.12, 141.00
826.41, 143.00
826.70, 136.00
826.99, 143.00
827.27, 138.00
827.56, 164.00
827.85, 137.00
828.14, 141.00
828.43, 143.00
828.71, 145.00
829.00, 142.00
829.29, 142.00
829.58, 142.00
829.86, 138.00
830.15, 140.00
830.44, 141.00
830.73, 149.00
831.01, 144.00
831.30, 138.00
831.59, 145.00
831.88, 141.00
832.16, 148.00
832.45, 149.00
832.74, 144.00
833.03, 142.00
833.31, 144.00
833.60, 143.00
833.89, 141.00
834.17, 147.00
834.46, 142.00
834.75, 139.00
835.03, 145.00
835.32, 142.00
835.61, 145.00
835.89, 156.00
836.18, 143.00
836.47, 142.00
836.75, 141.00
837.04, 143.00
837.33, 146.00
837.61, 136.00
837.90, 142.00
838.19, 136.00
838.47, 137.00
838.76, 147.00
839.04, 146.00
839.33, 143.00
839.62, 140.00
839.90, 142.00
840.19, 140.00
840.47, 140.00
840.76, 168.00
841.04, 142.00
841.33, 142.00
841.62, 141.00
841.90, 142.00
842.19, 140.00
842.47, 299.00
842.76, 138.00
843.04, 148.00
843.33, 168.00
843.61, 148.00
843.90, 143.00
844.18, 144.00
844.47, 143.00
844.75, 148.00
845.04, 143.00
845.32, 146.00
845.61, 141.00
845.89, 144.00
846.18, 144.00
846.46, 141.00
846.75, 141.00
847.03, 153.00
847.32, 141.00
847.60, 137.00
847.88, 141.00
848.17, 148.00
848.45, 154.00
848.74, 146.00
849.02, 149.00
849.31, 141.00
849.59, 143.00
849.87, 144.00
850.16, 144.00
850.44, 142.00
850.73, 173.00
851.01, 146.00
851.29, 142.00
851.58, 147.00
851.86, 140.00
852.14, 140.00
852.43, 146.00
852.71, 146.00
853.00, 143.00
853.28, 147.00
853.56, 145.00
853.85, 143.00
854.13, 146.00
854.41, 139.00
854.69, 140.00
854.98, 146.00
855.26, 197.00
855.54, 146.00
855.83, 144.00
856.11, 150.00
856.39, 144.00
856.68, 141.00
856.96, 142.00
857.24, 144.00
857.52, 145.00
857.81, 141.00
858.09, 140.00
858.37, 146.00
858.65, 144.00
858.94, 141.00
859.22, 142.00
