190.05, 0.00
190.41, 131.00
190.77, 134.00
191.14, 134.00
191.50, 135.00
191.86, 163.00
192.22, 152.00
192.58, 146.00
192.94, 138.00
193.31, 138.00
193.67, 141.00
194.03, 153.00
194.39, 143.00
194.75, 141.00
195.11, 152.00
195.47, 162.00
195.84, 147.00
196.20, 143.00
196.56, 160.00
196.92, 144.00
197.28, 146.00
197.64, 145.00
198.00, 145.00
198.37, 143.00
198.73, 146.00
199.09, 144.00
199.45, 142.00
199.81, 151.00
200.17, 157.00
200.53, 139.00
200.89, 151.00
201.25, 187.00
201.62, 147.00
201.98, 138.00
202.34, 144.00
202.70, 152.00
203.06, 141.00
203.42, 141.00
203.78, 145.00
204.14, 142.00
204.50, 171.00
204.86, 154.00
205.22, 147.00
205.58, 146.00
205.95, 142.00
206.31, 140.00
206.67, 144.00
207.03, 147.00
207.39, 151.00
207.75, 142.00
208.11, 141.00
208.47, 142.00
208.83, 150.00
209.19, 143.00
209.55, 143.00
209.91, 147.00
210.27, 149.00
210.63, 149.00
210.99, 154.00
211.35, 145.00
211.71, 151.00
212.07, 146.00
212.43, 148.00
212.79, 142.00
213.15, 145.00
213.51, 143.00
213.87, 143.00
214.23, 147.00
214.59, 145.00
214.95, 144.00
215.31, 143.00
215.67, 143.00
216.03, 178.00
216.39, 143.00
216.75, 147.00
217.11, 145.00
217.47, 139.00
217.83, 143.00
218.19, 145.00
218.55, 150.00
218.91, 147.00
219.27, 135.00
219.63, 143.00
219.99, 142.00
220.35, 143.00
220.71, 151.00
221.07, 145.00
221.43, 146.00
221.79, 143.00
222.15, 147.00
222.51, 143.00
222.87, 145.00
223.23, 148.00
223.59, 145.00
223.95, 145.00
224.31, 144.00
224.67, 141.00
225.03, 148.00
225.39, 154.00
225.74, 149.00
226.10, 148.00
226.46, 144.00
226.82, 152.00
227.18, 147.00
227.54, 141.00
227.90, 146.00
228.26, 151.00
228.62, 154.00
228.98, 144.00
229.34, 144.00
229.69, 139.00
230.05, 149.00
230.41, 145.00
230.77, 143.00
231.13, 147.00
231.49, 147.00
231.85, 139.00
232.21, 150.00
232.57, 150.00
232.92, 145.00
233.28, 142.00
233.64, 149.00
234.00, 145.00
234.36, 143.00
234.72, 142.00
235.08, 147.00
235.44, 148.00
235.79, 148.00
236.15, 147.00
236.51, 144.00
236.87, 143.00
237.23, 145.00
237.59, 142.00
237.94, 156.00
238.30, 145.00
238.66, 142.00
239.02, 147.00
239.38, 141.00
239.74, 141.00
240.09, 156.00
240.45, 142.00
240.81, 139.00
241.17, 153.00
241.53, 140.00
241.89, 137.00
242.24, 142.00
242.60, 137.00
242.96, 140.00
243.32, 145.00
243.68, 145.00
244.03, 144.00
244.39, 151.00
244.75, 165.00
245.11, 149.00
245.46, 146.00
245.82, 168.00
246.18, 141.00
246.54, 148.00
246.90, 142.00
247.25, 145.00
247.61, 142.00
247.97, 186.00
248.33, 147.00
248.68, 140.00
249.04, 140.00
249.40, 139.00
249.76, 143.00
250.11, 142.00
250.47, 148.00
250.83, 153.00
251.19, 144.00
251.54, 149.00
251.90, 146.00
252.26, 142.00
252.62, 140.00
252.97, 149.00
253.33, 142.00
253.69, 145.00
254.05, 151.00
254.40, 143.00
254.76, 138.00
255.12, 174.00
255.47, 150.00
255.83, 149.00
256.19, 146.00
256.54, 149.00
256.90, 141.00
257.26, 145.00
257.62, 144.00
257.97, 138.00
258.33, 151.00
258.69, 147.00
259.04, 138.00
259.40, 141.00
259.76, 151.00
260.11, 139.00
260.47, 143.00
260.83, 151.00
261.18, 148.00
261.54, 150.00
261.90, 143.00
262.25, 145.00
262.61, 143.00
262.97, 143.00
263.32, 149.00
263.68, 143.00
264.04, 149.00
264.39, 143.00
264.75, 141.00
265.10, 144.00
265.46, 187.00
265.82, 154.00
266.17, 143.00
266.53, 142.00
266.89, 141.00
267.24, 157.00
267.60, 143.00
267.95, 140.00
268.31, 144.00
268.67, 143.00
269.02, 140.00
269.38, 140.00
269.74, 147.00
270.09, 145.00
270.45, 142.00
270.80, 167.00
271.16, 145.00
271.51, 153.00
271.87, 153.00
272.23, 152.00
272.58, 152.00
272.94, 141.00
273.29, 145.00
273.65, 198.00
274.00, 144.00
274.36, 144.00
274.72, 144.00
275.07, 141.00
275.43, 149.00
275.78, 150.00
276.14, 149.00
276.49, 148.00
276.85, 160.00
277.20, 172.00
277.56, 145.00
277.92, 145.00
278.27, 147.00
278.63, 152.00
278.98, 141.00
279.34, 145.00
279.69, 145.00
280.05, 167.00
280.40, 150.00
280.76, 164.00
281.11, 154.00
281.47, 152.00
281.82, 148.00
282.18, 157.00
282.53, 160.00
282.89, 162.00
283.24, 160.00
283.60, 156.00
283.95, 161.00
284.31, 162.00
284.66, 164.00
285.02, 173.00
285.37, 176.00
285.73, 166.00
286.08, 176.00
286.44, 159.00
286.79, 158.00
287.14, 158.00
287.50, 155.00
287.85, 153.00
288.21, 153.00
288.56, 154.00
288.92, 159.00
289.27, 157.00
289.63, 157.00
289.98, 161.00
290.34, 156.00
290.69, 160.00
291.04, 151.00
291.40, 154.00
291.75, 147.00
292.11, 155.00
292.46, 152.00
292.81, 157.00
293.17, 158.00
293.52, 161.00
293.88, 167.00
294.23, 169.00
294.59, 181.00
294.94, 194.00
295.29, 198.00
295.65, 213.00
296.00, 223.00
296.36, 197.00
296.71, 197.00
297.06, 199.00
297.42, 210.00
297.77, 200.00
298.12, 189.00
298.48, 183.00
298.83, 177.00
299.19, 176.00
299.54, 179.00
299.89, 185.00
300.25, 180.00
300.60, 186.00
300.95, 179.00
301.31, 162.00
301.66, 157.00
302.01, 161.00
302.37, 159.00
302.72, 161.00
303.07, 163.00
303.43, 167.00
303.78, 172.00
304.13, 183.00
304.49, 180.00
304.84, 185.00
305.19, 212.00
305.55, 172.00
305.90, 189.00
306.25, 218.00
306.61, 286.00
306.96, 333.00
307.31, 416.00
307.66, 573.00
308.02, 752.00
308.37, 883.00
308.72, 990.00
309.08, 979.00
309.43, 922.00
309.78, 816.00
310.13, 695.00
310.49, 618.00
310.84, 502.00
311.19, 453.00
311.54, 395.00
311.90, 347.00
312.25, 334.00
312.60, 352.00
312.95, 417.00
313.31, 444.00
313.66, 459.00
314.01, 462.00
314.36, 471.00
314.72, 523.00
315.07, 682.00
315.42, 838.00
315.77, 884.00
316.13, 712.00
316.48, 492.00
316.83, 331.00
317.18, 262.00
317.54, 211.00
317.89, 188.00
318.24, 187.00
318.59, 175.00
318.94, 176.00
319.30, 173.00
319.65, 181.00
320.00, 179.00
320.35, 182.00
320.70, 190.00
321.05, 179.00
321.41, 181.00
321.76, 179.00
322.11, 175.00
322.46, 174.00
322.81, 217.00
323.17, 173.00
323.52, 167.00
323.87, 169.00
324.22, 171.00
324.57, 178.00
324.92, 172.00
325.27, 181.00
325.63, 201.00
325.98, 185.00
326.33, 208.00
326.68, 198.00
327.03, 199.00
327.38, 200.00
327.73, 207.00
328.09, 227.00
328.44, 262.00
328.79, 224.00
329.14, 257.00
329.49, 209.00
329.84, 213.00
330.19, 218.00
330.54, 207.00
330.89, 212.00
331.25, 189.00
331.60, 196.00
331.95, 192.00
332.30, 191.00
332.65, 196.00
333.00, 219.00
333.35, 274.00
333.70, 285.00
334.05, 261.00
334.40, 269.00
334.75, 314.00
335.10, 427.00
335.45, 622.00
335.81, 887.00
336.16, 1308.00
336.51, 1861.00
336.86, 1912.00
337.21, 1697.00
337.56, 1013.00
337.91, 618.00
338.26, 370.00
338.61, 266.00
338.96, 222.00
339.31, 199.00
339.66, 186.00
340.01, 198.00
340.36, 176.00
340.71, 182.00
341.06, 177.00
341.41, 178.00
341.76, 174.00
342.11, 182.00
342.46, 175.00
342.81, 183.00
343.16, 180.00
343.51, 175.00
343.86, 185.00
344.21, 174.00
344.56, 182.00
344.91, 175.00
345.26, 190.00
345.61, 175.00
345.96, 178.00
346.31, 168.00
346.66, 207.00
347.01, 172.00
347.36, 196.00
347.71, 176.00
348.06, 178.00
348.41, 187.00
348.76, 201.00
349.10, 206.00
349.45, 238.00
349.80, 232.00
350.15, 221.00
350.50, 217.00
350.85, 218.00
351.20, 233.00
351.55, 267.00
351.90, 318.00
352.25, 402.00
352.60, 506.00
352.95, 656.00
353.30, 722.00
353.64, 647.00
353.99, 498.00
354.34, 417.00
354.69, 381.00
355.04, 403.00
355.39, 490.00
355.74, 620.00
356.09, 809.00
356.44, 1000.00
356.78, 1334.00
357.13, 1529.00
357.48, 1488.00
357.83, 1141.00
358.18, 728.00
358.53, 470.00
358.88, 310.00
359.22, 235.00
359.57, 197.00
359.92, 181.00
360.27, 189.00
360.62, 191.00
360.97, 192.00
361.32, 192.00
361.66, 180.00
362.01, 187.00
362.36, 193.00
362.71, 192.00
363.06, 199.00
363.40, 202.00
363.75, 202.00
364.10, 198.00
364.45, 193.00
364.80, 186.00
365.14, 183.00
365.49, 199.00
365.84, 200.00
366.19, 206.00
366.54, 219.00
366.88, 234.00
367.23, 208.00
367.58, 253.00
367.93, 189.00
368.28, 194.00
368.62, 190.00
368.97, 204.00
369.32, 235.00
369.67, 235.00
370.01, 306.00
370.36, 310.00
370.71, 339.00
371.06, 288.00
371.40, 254.00
371.75, 212.00
372.10, 203.00
372.45, 201.00
372.79, 213.00
373.14, 247.00
373.49, 298.00
373.83, 337.00
374.18, 427.00
374.53, 525.00
374.88, 587.00
375.22, 602.00
375.57, 481.00
375.92, 362.00
376.26, 285.00
376.61, 234.00
376.96, 201.00
377.30, 214.00
377.65, 234.00
378.00, 252.00
378.35, 318.00
378.69, 403.00
379.04, 502.00
379.39, 652.00
379.73, 795.00
380.08, 817.00
380.43, 621.00
380.77, 430.00
381.12, 365.00
381.47, 285.00
381.81, 225.00
382.16, 210.00
382.50, 209.00
382.85, 272.00
383.20, 205.00
383.54, 204.00
383.89, 214.00
384.24, 219.00
384.58, 238.00
384.93, 256.00
385.27, 254.00
385.62, 261.00
385.97, 260.00
386.31, 246.00
386.66, 269.00
387.00, 246.00
387.35, 266.00
387.70, 288.00
388.04, 392.00
388.39, 404.00
388.73, 506.00
389.08, 636.00
389.43, 786.00
389.77, 921.00
390.12, 1118.00
390.46, 1580.00
390.81, 1742.00
391.15, 1665.00
391.50, 1260.00
391.85, 800.00
392.19, 551.00
392.54, 370.00
392.88, 302.00
393.23, 294.00
393.57, 302.00
393.92, 297.00
394.26, 253.00
394.61, 229.00
394.95, 209.00
395.30, 192.00
395.64, 179.00
395.99, 235.00
396.33, 195.00
396.68, 196.00
397.02, 204.00
397.37, 224.00
397.71, 252.00
398.06, 281.00
398.40, 318.00
398.75, 379.00
399.09, 403.00
399.44, 406.00
399.78, 342.00
400.13, 274.00
400.47, 227.00
400.82, 203.00
401.16, 179.00
401.51, 191.00
401.85, 180.00
402.20, 185.00
402.54, 195.00
402.88, 204.00
403.23, 215.00
403.57, 227.00
403.92, 259.00
404.26, 333.00
404.61, 307.00
404.95, 403.00
405.30, 382.00
405.64, 346.00
405.98, 320.00
406.33, 266.00
406.67, 221.00
407.02, 195.00
407.36, 197.00
407.70, 203.00
408.05, 204.00
408.39, 216.00
408.74, 220.00
409.08, 247.00
409.42, 215.00
409.77, 214.00
410.11, 215.00
410.46, 201.00
410.80, 209.00
411.14, 220.00
411.49, 233.00
411.83, 230.00
412.17, 238.00
412.52, 239.00
412.86, 252.00
413.20, 262.00
413.55, 263.00
413.89, 242.00
414.23, 230.00
414.58, 251.00
414.92, 202.00
415.26, 200.00
415.61, 198.00
415.95, 198.00
416.29, 211.00
416.64, 205.00
416.98, 216.00
417.32, 225.00
417.67, 249.00
418.01, 259.00
418.35, 272.00
418.70, 316.00
419.04, 349.00
419.38, 343.00
419.72, 324.00
420.07, 289.00
420.41, 237.00
420.75, 222.00
421.10, 212.00
421.44, 206.00
421.78, 210.00
422.12, 209.00
422.47, 214.00
422.81, 226.00
423.15, 237.00
423.49, 241.00
423.84, 235.00
424.18, 245.00
424.52, 263.00
424.86, 308.00
425.21, 393.00
425.55, 423.00
425.89, 505.00
426.23, 574.00
426.57, 708.00
426.92, 762.00
427.26, 804.00
427.60, 672.00
427.94, 465.00
428.28, 348.00
428.63, 281.00
428.97, 237.00
429.31, 211.00
429.65, 197.00
429.99, 194.00
430.34, 187.00
430.68, 193.00
431.02, 201.00
431.36, 191.00
431.70, 200.00
432.04, 204.00
432.39, 206.00
432.73, 218.00
433.07, 229.00
433.41, 241.00
433.75, 252.00
434.09, 246.00
434.43, 226.00
434.78, 210.00
435.12, 205.00
435.46, 203.00
435.80, 221.00
436.14, 228.00
436.48, 214.00
436.82, 225.00
437.16, 223.00
437.51, 213.00
437.85, 211.00
438.19, 249.00
438.53, 211.00
438.87, 222.00
439.21, 216.00
439.55, 233.00
439.89, 236.00
440.23, 239.00
440.57, 247.00
440.91, 253.00
441.26, 245.00
441.60, 223.00
441.94, 219.00
442.28, 209.00
442.62, 210.00
442.96, 202.00
443.30, 206.00
443.64, 205.00
443.98, 198.00
444.32, 210.00
444.66, 193.00
445.00, 207.00
445.34, 200.00
445.68, 206.00
446.02, 208.00
446.36, 194.00
446.70, 193.00
447.04, 212.00
447.38, 236.00
447.72, 222.00
448.06, 228.00
448.40, 219.00
448.74, 209.00
449.08, 201.00
449.42, 203.00
449.76, 202.00
450.10, 195.00
450.44, 193.00
450.78, 195.00
451.12, 202.00
451.46, 200.00
451.80, 205.00
452.14, 193.00
452.48, 193.00
452.82, 192.00
453.16, 190.00
453.50, 194.00
453.84, 193.00
454.18, 236.00
454.52, 207.00
454.86, 210.00
455.19, 221.00
455.53, 212.00
455.87, 205.00
456.21, 220.00
456.55, 224.00
456.89, 224.00
457.23, 217.00
457.57, 217.00
457.91, 217.00
458.25, 223.00
458.59, 230.00
458.92, 251.00
459.26, 239.00
459.60, 247.00
459.94, 211.00
460.28, 206.00
460.62, 207.00
460.96, 197.00
461.30, 194.00
461.63, 191.00
461.97, 189.00
462.31, 199.00
462.65, 197.00
462.99, 212.00
463.33, 212.00
463.67, 220.00
464.00, 222.00
464.34, 223.00
464.68, 226.00
465.02, 236.00
465.36, 228.00
465.70, 218.00
466.03, 221.00
466.37, 208.00
466.71, 216.00
467.05, 218.00
467.39, 239.00
467.72, 251.00
468.06, 269.00
468.40, 276.00
468.74, 279.00
469.08, 287.00
469.41, 320.00
469.75, 337.00
470.09, 362.00
470.43, 371.00
470.76, 320.00
471.10, 292.00
471.44, 288.00
471.78, 266.00
472.11, 255.00
472.45, 246.00
472.79, 235.00
473.13, 234.00
473.46, 232.00
473.80, 230.00
474.14, 225.00
474.48, 226.00
474.81, 216.00
475.15, 212.00
475.49, 219.00
475.82, 218.00
476.16, 215.00
476.50, 212.00
476.84, 222.00
477.17, 213.00
477.51, 207.00
477.85, 215.00
478.18, 225.00
478.52, 217.00
478.86, 270.00
479.19, 228.00
479.53, 215.00
479.87, 263.00
480.20, 230.00
480.54, 225.00
480.88, 221.00
481.21, 213.00
481.55, 219.00
481.89, 213.00
482.22, 211.00
482.56, 219.00
482.90, 218.00
483.23, 215.00
483.57, 212.00
483.90, 217.00
484.24, 225.00
484.58, 215.00
484.91, 219.00
485.25, 217.00
485.58, 222.00
485.92, 223.00
486.26, 227.00
486.59, 229.00
486.93, 232.00
487.26, 227.00
487.60, 232.00
487.94, 226.00
488.27, 222.00
488.61, 223.00
488.94, 227.00
489.28, 224.00
489.61, 223.00
489.95, 231.00
490.29, 237.00
490.62, 240.00
490.96, 226.00
491.29, 240.00
491.63, 230.00
491.96, 234.00
492.30, 227.00
492.63, 227.00
492.97, 222.00
493.30, 221.00
493.64, 223.00
493.97, 217.00
494.31, 225.00
494.64, 237.00
494.98, 230.00
495.31, 239.00
495.65, 221.00
495.98, 230.00
496.32, 229.00
496.65, 254.00
496.99, 227.00
497.32, 209.00
497.66, 213.00
497.99, 217.00
498.33, 215.00
498.66, 217.00
499.00, 222.00
499.33, 214.00
499.67, 225.00
500.00, 219.00
500.34, 229.00
500.67, 232.00
501.00, 229.00
501.34, 225.00
501.67, 219.00
502.01, 225.00
502.34, 220.00
502.68, 233.00
503.01, 244.00
503.34, 238.00
503.68, 237.00
504.01, 242.00
504.35, 238.00
504.68, 246.00
505.01, 245.00
505.35, 244.00
505.68, 242.00
506.02, 250.00
506.35, 244.00
506.68, 251.00
507.02, 247.00
507.35, 243.00
507.68, 245.00
508.02, 251.00
508.35, 253.00
508.69, 237.00
509.02, 235.00
509.35, 234.00
509.69, 235.00
510.02, 236.00
510.35, 232.00
510.69, 225.00
511.02, 219.00
511.35, 224.00
511.69, 223.00
512.02, 226.00
512.35, 227.00
512.68, 221.00
513.02, 224.00
513.35, 228.00
513.68, 223.00
514.02, 227.00
514.35, 222.00
514.68, 232.00
515.01, 218.00
515.35, 229.00
515.68, 218.00
516.01, 207.00
516.35, 208.00
516.68, 215.00
517.01, 210.00
517.34, 220.00
517.68, 217.00
518.01, 229.00
518.34, 216.00
518.67, 221.00
519.01, 217.00
519.34, 220.00
519.67, 232.00
520.00, 228.00
520.33, 226.00
520.67, 228.00
521.00, 229.00
521.33, 236.00
521.66, 241.00
522.00, 238.00
522.33, 238.00
522.66, 231.00
522.99, 225.00
523.32, 230.00
523.65, 226.00
523.99, 229.00
524.32, 223.00
524.65, 214.00
524.98, 225.00
525.31, 223.00
525.65, 252.00
525.98, 230.00
526.31, 214.00
526.64, 233.00
526.97, 222.00
527.30, 217.00
527.63, 216.00
527.97, 217.00
528.30, 203.00
528.63, 219.00
528.96, 244.00
529.29, 217.00
529.62, 213.00
529.95, 205.00
530.28, 204.00
530.61, 207.00
530.95, 205.00
531.28, 207.00
531.61, 217.00
531.94, 223.00
532.27, 227.00
532.60, 225.00
532.93, 221.00
533.26, 206.00
533.59, 211.00
533.92, 218.00
534.25, 203.00
534.58, 239.00
534.91, 217.00
535.25, 200.00
535.58, 206.00
535.91, 205.00
536.24, 204.00
536.57, 212.00
536.90, 196.00
537.23, 209.00
537.56, 246.00
537.89, 195.00
538.22, 202.00
538.55, 204.00
538.88, 203.00
539.21, 316.00
539.54, 199.00
539.87, 197.00
540.20, 205.00
540.53, 197.00
540.86, 231.00
541.19, 204.00
541.52, 197.00
541.85, 200.00
542.18, 218.00
542.51, 219.00
542.84, 217.00
543.17, 228.00
543.50, 216.00
543.82, 212.00
544.15, 216.00
544.48, 218.00
544.81, 209.00
545.14, 238.00
545.47, 211.00
545.80, 249.00
546.13, 208.00
546.46, 248.00
546.79, 236.00
547.12, 205.00
547.45, 206.00
547.78, 208.00
548.10, 199.00
548.43, 210.00
548.76, 203.00
549.09, 205.00
549.42, 208.00
549.75, 202.00
550.08, 205.00
550.41, 213.00
550.74, 211.00
551.06, 204.00
551.39, 213.00
551.72, 201.00
552.05, 211.00
552.38, 195.00
552.71, 208.00
553.03, 201.00
553.36, 210.00
553.69, 207.00
554.02, 204.00
554.35, 213.00
554.68, 206.00
555.00, 211.00
555.33, 208.00
555.66, 203.00
555.99, 228.00
556.32, 225.00
556.64, 225.00
556.97, 232.00
557.30, 233.00
557.63, 236.00
557.96, 232.00
558.28, 231.00
558.61, 235.00
558.94, 227.00
559.27, 228.00
559.59, 230.00
559.92, 222.00
560.25, 221.00
560.58, 219.00
560.90, 228.00
561.23, 221.00
561.56, 223.00
561.89, 217.00
562.21, 211.00
562.54, 212.00
562.87, 207.00
563.20, 208.00
563.52, 194.00
563.85, 192.00
564.18, 215.00
564.50, 199.00
564.83, 228.00
565.16, 249.00
565.48, 189.00
565.81, 199.00
566.14, 188.00
566.47, 191.00
566.79, 191.00
567.12, 190.00
567.45, 215.00
567.77, 194.00
568.10, 194.00
568.43, 192.00
568.75, 192.00
569.08, 200.00
569.40, 234.00
569.73, 190.00
570.06, 197.00
570.38, 191.00
570.71, 193.00
571.04, 192.00
571.36, 198.00
571.69, 193.00
572.01, 190.00
572.34, 197.00
572.67, 190.00
572.99, 195.00
573.32, 206.00
573.64, 189.00
573.97, 186.00
574.30, 188.00
574.62, 193.00
574.95, 183.00
575.27, 188.00
575.60, 188.00
575.92, 188.00
576.25, 190.00
576.58, 201.00
576.90, 193.00
577.23, 226.00
577.55, 193.00
577.88, 191.00
578.20, 190.00
578.53, 187.00
578.85, 202.00
579.18, 192.00
579.50, 190.00
579.83, 194.00
580.15, 190.00
580.48, 194.00
580.80, 196.00
581.13, 196.00
581.45, 190.00
581.78, 197.00
582.10, 195.00
582.43, 197.00
582.75, 196.00
583.08, 195.00
583.40, 195.00
583.73, 263.00
584.05, 198.00
584.38, 191.00
584.70, 240.00
585.03, 196.00
585.35, 194.00
585.67, 200.00
586.00, 224.00
586.32, 242.00
586.65, 246.00
586.97, 246.00
587.30, 231.00
587.62, 220.00
587.94, 221.00
588.27, 207.00
588.59, 197.00
588.92, 210.00
589.24, 206.00
589.56, 204.00
589.89, 206.00
590.21, 209.00
590.54, 190.00
590.86, 198.00
591.18, 197.00
591.51, 198.00
591.83, 219.00
592.15, 202.00
592.48, 204.00
592.80, 211.00
593.13, 212.00
593.45, 215.00
593.77, 212.00
594.10, 219.00
594.42, 224.00
594.74, 218.00
595.07, 223.00
595.39, 230.00
595.71, 233.00
596.03, 232.00
596.36, 233.00
596.68, 241.00
597.00, 238.00
597.33, 233.00
597.65, 242.00
597.97, 243.00
598.30, 241.00
598.62, 235.00
598.94, 239.00
599.26, 235.00
599.59, 238.00
599.91, 239.00
600.23, 234.00
600.55, 229.00
600.88, 225.00
601.20, 217.00
601.52, 214.00
601.84, 203.00
602.17, 209.00
602.49, 199.00
602.81, 193.00
603.13, 200.00
603.45, 207.00
603.78, 198.00
604.10, 190.00
604.42, 190.00
604.74, 189.00
605.07, 189.00
605.39, 195.00
605.71, 183.00
606.03, 191.00
606.35, 190.00
606.67, 198.00
607.00, 188.00
607.32, 185.00
607.64, 185.00
607.96, 176.00
608.28, 180.00
608.60, 177.00
608.93, 178.00
609.25, 183.00
609.57, 181.00
609.89, 188.00
610.21, 181.00
610.53, 178.00
610.85, 178.00
611.17, 189.00
611.50, 180.00
611.82, 175.00
612.14, 181.00
612.46, 178.00
612.78, 176.00
613.10, 182.00
613.42, 180.00
613.74, 194.00
614.06, 231.00
614.38, 223.00
614.70, 226.00
615.03, 232.00
615.35, 217.00
615.67, 308.00
615.99, 194.00
616.31, 191.00
616.63, 193.00
616.95, 188.00
617.27, 181.00
617.59, 177.00
617.91, 183.00
618.23, 184.00
618.55, 170.00
618.87, 175.00
619.19, 175.00
619.51, 175.00
619.83, 174.00
620.15, 164.00
620.47, 176.00
620.79, 175.00
621.11, 185.00
621.43, 180.00
621.75, 189.00
622.07, 175.00
622.39, 176.00
622.71, 175.00
623.03, 179.00
623.35, 223.00
623.67, 179.00
623.99, 173.00
624.31, 179.00
624.63, 174.00
624.95, 176.00
625.26, 175.00
625.58, 176.00
625.90, 208.00
626.22, 181.00
626.54, 178.00
626.86, 185.00
627.18, 176.00
627.50, 184.00
627.82, 182.00
628.14, 178.00
628.46, 185.00
628.77, 177.00
629.09, 183.00
629.41, 185.00
629.73, 181.00
630.05, 194.00
630.37, 186.00
630.69, 189.00
631.00, 197.00
631.32, 196.00
631.64, 191.00
631.96, 191.00
632.28, 186.00
632.60, 194.00
632.92, 188.00
633.23, 196.00
633.55, 210.00
633.87, 205.00
634.19, 205.00
634.51, 212.00
634.82, 223.00
635.14, 226.00
635.46, 213.00
635.78, 220.00
636.10, 215.00
636.41, 215.00
636.73, 219.00
637.05, 213.00
637.37, 212.00
637.68, 211.00
638.00, 218.00
638.32, 218.00
638.64, 242.00
638.95, 252.00
639.27, 248.00
639.59, 238.00
639.91, 224.00
640.22, 218.00
640.54, 213.00
640.86, 211.00
641.18, 220.00
641.49, 229.00
641.81, 211.00
642.13, 215.00
642.44, 205.00
642.76, 207.00
643.08, 200.00
643.40, 210.00
643.71, 206.00
644.03, 214.00
644.35, 218.00
644.66, 221.00
644.98, 215.00
645.30, 214.00
645.61, 228.00
645.93, 202.00
646.25, 200.00
646.56, 195.00
646.88, 227.00
647.19, 191.00
647.51, 196.00
647.83, 193.00
648.14, 188.00
648.46, 190.00
648.78, 192.00
649.09, 197.00
649.41, 241.00
649.72, 198.00
650.04, 211.00
650.36, 206.00
650.67, 209.00
650.99, 216.00
651.30, 209.00
651.62, 214.00
651.93, 215.00
652.25, 227.00
652.57, 253.00
652.88, 217.00
653.20, 221.00
653.51, 209.00
653.83, 212.00
654.14, 198.00
654.46, 203.00
654.77, 197.00
655.09, 202.00
655.40, 214.00
655.72, 202.00
656.04, 197.00
656.35, 200.00
656.67, 195.00
656.98, 197.00
657.30, 195.00
657.61, 204.00
657.93, 211.00
658.24, 211.00
658.55, 244.00
658.87, 213.00
659.18, 207.00
659.50, 214.00
659.81, 214.00
660.13, 211.00
660.44, 208.00
660.76, 210.00
661.07, 218.00
661.39, 203.00
661.70, 192.00
662.01, 189.00
662.33, 190.00
662.64, 194.00
662.96, 181.00
663.27, 175.00
663.59, 173.00
663.90, 175.00
664.21, 178.00
664.53, 197.00
664.84, 185.00
665.16, 207.00
665.47, 186.00
665.78, 186.00
666.10, 199.00
666.41, 200.00
666.72, 220.00
667.04, 213.00
667.35, 205.00
667.67, 202.00
667.98, 196.00
668.29, 193.00
668.61, 198.00
668.92, 199.00
669.23, 194.00
669.55, 203.00
669.86, 211.00
670.17, 190.00
670.48, 180.00
670.80, 183.00
671.11, 177.00
671.42, 178.00
671.74, 185.00
672.05, 177.00
672.36, 176.00
672.68, 183.00
672.99, 185.00
673.30, 184.00
673.61, 192.00
673.93, 196.00
674.24, 206.00
674.55, 197.00
674.86, 203.00
675.18, 204.00
675.49, 206.00
675.80, 205.00
676.11, 213.00
676.43, 218.00
676.74, 211.00
677.05, 211.00
677.36, 224.00
677.67, 210.00
677.99, 201.00
678.30, 200.00
678.61, 190.00
678.92, 191.00
679.23, 197.00
679.55, 189.00
679.86, 187.00
680.17, 182.00
680.48, 185.00
680.79, 183.00
681.10, 172.00
681.42, 177.00
681.73, 175.00
682.04, 173.00
682.35, 171.00
682.66, 178.00
682.97, 173.00
683.28, 179.00
683.60, 175.00
683.91, 177.00
684.22, 192.00
684.53, 171.00
684.84, 168.00
685.15, 176.00
685.46, 201.00
685.77, 167.00
686.08, 173.00
686.40, 207.00
686.71, 164.00
687.02, 164.00
687.33, 158.00
687.64, 160.00
687.95, 167.00
688.26, 158.00
688.57, 165.00
688.88, 165.00
689.19, 159.00
689.50, 156.00
689.81, 164.00
690.12, 157.00
690.43, 181.00
690.74, 164.00
691.05, 153.00
691.36, 174.00
691.67, 161.00
691.98, 154.00
692.29, 156.00
692.60, 163.00
692.91, 157.00
693.22, 157.00
693.53, 159.00
693.84, 163.00
694.15, 158.00
694.46, 157.00
694.77, 156.00
695.08, 156.00
695.39, 165.00
695.70, 160.00
696.01, 157.00
696.32, 154.00
696.63, 160.00
696.94, 160.00
697.25, 157.00
697.56, 160.00
697.87, 158.00
698.17, 204.00
698.48, 163.00
698.79, 155.00
699.10, 156.00
699.41, 164.00
699.72, 157.00
700.03, 164.00
700.34, 160.00
700.65, 159.00
700.95, 158.00
701.26, 163.00
701.57, 156.00
701.88, 162.00
702.19, 171.00
702.50, 162.00
702.81, 160.00
703.11, 179.00
703.42, 154.00
703.73, 159.00
704.04, 171.00
704.35, 165.00
704.66, 195.00
704.96, 278.00
705.27, 332.00
705.58, 356.00
705.89, 331.00
706.20, 276.00
706.50, 246.00
706.81, 237.00
707.12, 205.00
707.43, 200.00
707.73, 180.00
708.04, 166.00
708.35, 166.00
708.66, 158.00
708.97, 156.00
709.27, 159.00
709.58, 160.00
709.89, 158.00
710.19, 161.00
710.50, 160.00
710.81, 162.00
711.12, 161.00
711.42, 160.00
711.73, 157.00
712.04, 162.00
712.35, 164.00
712.65, 161.00
712.96, 161.00
713.27, 158.00
713.57, 187.00
713.88, 177.00
714.19, 162.00
714.49, 160.00
714.80, 162.00
715.11, 161.00
715.41, 157.00
715.72, 162.00
716.03, 150.00
716.33, 176.00
716.64, 150.00
716.94, 158.00
717.25, 160.00
717.56, 166.00
717.86, 156.00
718.17, 151.00
718.48, 158.00
718.78, 155.00
719.09, 153.00
719.39, 155.00
719.70, 156.00
720.01, 155.00
720.31, 155.00
720.62, 156.00
720.92, 154.00
721.23, 161.00
721.53, 162.00
721.84, 167.00
722.15, 166.00
722.45, 158.00
722.76, 163.00
723.06, 159.00
723.37, 159.00
723.67, 160.00
723.98, 161.00
724.28, 161.00
724.59, 169.00
724.89, 167.00
725.20, 168.00
725.50, 168.00
725.81, 165.00
726.11, 163.00
726.42, 164.00
726.72, 171.00
727.03, 200.00
727.33, 168.00
727.64, 172.00
727.94, 159.00
728.25, 161.00
728.55, 148.00
728.86, 174.00
729.16, 154.00
729.46, 152.00
729.77, 155.00
730.07, 155.00
730.38, 153.00
730.68, 153.00
730.99, 166.00
731.29, 154.00
731.59, 164.00
731.90, 155.00
732.20, 163.00
732.51, 164.00
732.81, 157.00
733.11, 167.00
733.42, 160.00
733.72, 163.00
734.02, 167.00
734.33, 161.00
734.63, 162.00
734.94, 160.00
735.24, 161.00
735.54, 155.00
735.85, 158.00
736.15, 159.00
736.45, 156.00
736.76, 159.00
737.06, 155.00
737.36, 162.00
737.67, 164.00
737.97, 154.00
738.27, 159.00
738.57, 153.00
738.88, 158.00
739.18, 199.00
739.48, 159.00
739.79, 155.00
740.09, 154.00
740.39, 160.00
740.69, 160.00
741.00, 153.00
741.30, 166.00
741.60, 156.00
741.90, 158.00
742.21, 158.00
742.51, 208.00
742.81, 164.00
743.11, 164.00
743.42, 194.00
743.72, 171.00
744.02, 173.00
744.32, 171.00
744.63, 179.00
744.93, 183.00
745.23, 184.00
745.53, 187.00
745.83, 181.00
746.13, 177.00
746.44, 178.00
746.74, 179.00
747.04, 180.00
747.34, 181.00
747.64, 184.00
747.94, 177.00
748.25, 190.00
748.55, 182.00
748.85, 185.00
749.15, 189.00
749.45, 209.00
749.75, 205.00
750.05, 184.00
750.35, 170.00
750.66, 185.00
750.96, 165.00
751.26, 161.00
751.56, 160.00
751.86, 168.00
752.16, 157.00
752.46, 161.00
752.76, 159.00
753.06, 156.00
753.36, 200.00
753.66, 160.00
753.96, 163.00
754.27, 158.00
754.57, 159.00
754.87, 159.00
755.17, 160.00
755.47, 159.00
755.77, 164.00
756.07, 162.00
756.37, 165.00
756.67, 170.00
756.97, 163.00
757.27, 172.00
757.57, 169.00
757.87, 167.00
758.17, 166.00
758.47, 173.00
758.77, 177.00
759.07, 168.00
759.37, 170.00
759.67, 173.00
759.97, 170.00
760.27, 169.00
760.57, 165.00
760.86, 168.00
761.16, 164.00
761.46, 163.00
761.76, 192.00
762.06, 163.00
762.36, 164.00
762.66, 161.00
762.96, 158.00
763.26, 159.00
763.56, 187.00
763.86, 169.00
764.16, 154.00
764.45, 173.00
764.75, 162.00
765.05, 156.00
765.35, 156.00
765.65, 159.00
765.95, 155.00
766.25, 157.00
766.55, 165.00
766.84, 160.00
767.14, 156.00
767.44, 160.00
767.74, 161.00
768.04, 167.00
768.34, 156.00
768.63, 160.00
768.93, 168.00
769.23, 171.00
769.53, 162.00
769.83, 162.00
770.12, 166.00
770.42, 172.00
770.72, 166.00
771.02, 166.00
771.32, 172.00
771.61, 163.00
771.91, 170.00
772.21, 166.00
772.51, 170.00
772.80, 170.00
773.10, 167.00
773.40, 169.00
773.70, 171.00
773.99, 167.00
774.29, 171.00
774.59, 175.00
774.88, 178.00
775.18, 208.00
775.48, 441.00
775.78, 826.00
776.07, 1056.00
776.37, 1120.00
776.67, 880.00
776.96, 588.00
777.26, 514.00
777.56, 384.00
777.85, 339.00
778.15, 317.00
778.45, 283.00
778.74, 254.00
779.04, 210.00
779.34, 180.00
779.63, 172.00
779.93, 154.00
780.22, 148.00
780.52, 150.00
780.82, 148.00
781.11, 151.00
781.41, 151.00
781.71, 151.00
782.00, 147.00
782.30, 152.00
782.59, 154.00
782.89, 152.00
783.19, 150.00
783.48, 149.00
783.78, 145.00
784.07, 155.00
784.37, 154.00
784.66, 151.00
784.96, 152.00
785.25, 154.00
785.55, 152.00
785.84, 154.00
786.14, 146.00
786.44, 150.00
786.73, 151.00
787.03, 150.00
787.32, 146.00
787.62, 150.00
787.91, 147.00
788.21, 152.00
788.50, 148.00
788.80, 148.00
789.09, 151.00
789.39, 152.00
789.68, 144.00
789.97, 151.00
790.27, 149.00
790.56, 150.00
790.86, 152.00
791.15, 147.00
791.45, 146.00
791.74, 169.00
792.04, 147.00
792.33, 145.00
792.62, 173.00
792.92, 141.00
793.21, 148.00
793.51, 151.00
793.80, 151.00
794.09, 147.00
794.39, 146.00
794.68, 149.00
794.98, 145.00
795.27, 148.00
795.56, 148.00
795.86, 153.00
796.15, 145.00
796.44, 151.00
796.74, 145.00
797.03, 147.00
797.32, 145.00
797.62, 145.00
797.91, 158.00
798.20, 152.00
798.50, 150.00
798.79, 155.00
799.08, 146.00
799.38, 147.00
799.67, 144.00
799.96, 155.00
800.26, 175.00
800.55, 143.00
800.84, 146.00
801.13, 145.00
801.43, 144.00
801.72, 193.00
802.01, 148.00
802.30, 146.00
802.60, 144.00
802.89, 147.00
803.18, 145.00
803.47, 147.00
803.77, 155.00
804.06, 150.00
804.35, 152.00
804.64, 166.00
804.94, 147.00
805.23, 148.00
805.52, 146.00
805.81, 149.00
806.10, 147.00
806.39, 148.00
806.69, 144.00
806.98, 145.00
807.27, 149.00
807.56, 155.00
807.85, 151.00
808.14, 146.00
808.44, 160.00
808.73, 147.00
809.02, 160.00
809.31, 149.00
809.60, 151.00
809.89, 155.00
810.18, 144.00
810.48, 147.00
810.77, 148.00
811.06, 144.00
811.35, 143.00
811.64, 143.00
811.93, 168.00
812.22, 145.00
812.51, 144.00
812.80, 142.00
813.09, 140.00
813.38, 145.00
813.67, 168.00
813.96, 145.00
814.26, 143.00
814.55, 145.00
814.84, 143.00
815.13, 154.00
815.42, 142.00
815.71, 150.00
816.00, 142.00
816.29, 154.00
816.58, 152.00
816.87, 146.00
817.16, 143.00
817.45, 156.00
817.74, 153.00
818.03, 144.00
818.32, 144.00
818.61, 145.00
818.90, 148.00
819.19, 145.00
819.48, 140.00
819.76, 141.00
820.05, 140.00
820.34, 142.00
820.63, 144.00
820.92, 145.00
821.21, 140.00
821.50, 141.00
821.79, 147.00
822.08, 142.00
822.37, 145.00
822.66, 143.00
822.95, 148.00
823.23, 146.00
823.52, 160.00
823.81, 153.00
824.10, 144.00
824.39, 148.00
824.68, 145.00
824.97, 160.00
825.26, 145.00
825.54, 195.00
825.83, 152.00
826.12, 145.00
826.41, 142.00
826.70, 142.00
826.99, 153.00
827.27, 143.00
827.56, 164.00
827.85, 144.00
828.14, 146.00
828.43, 146.00
828.71, 149.00
829.00, 140.00
829.29, 143.00
829.58, 148.00
829.86, 141.00
830.15, 147.00
830.44, 147.00
830.73, 151.00
831.01, 145.00
831.30, 141.00
831.59, 145.00
831.88, 140.00
832.16, 141.00
832.45, 149.00
832.74, 141.00
833.03, 143.00
833.31, 149.00
833.60, 148.00
833.89, 146.00
834.17, 150.00
834.46, 146.00
834.75, 145.00
835.03, 140.00
835.32, 140.00
835.61, 146.00
835.89, 160.00
836.18, 145.00
836.47, 143.00
836.75, 144.00
837.04, 151.00
837.33, 146.00
837.61, 143.00
837.90, 142.00
838.19, 151.00
838.47, 142.00
838.76, 141.00
839.04, 139.00
839.33, 142.00
839.62, 137.00
839.90, 145.00
840.19, 149.00
840.47, 144.00
840.76, 169.00
841.04, 149.00
841.33, 147.00
841.62, 148.00
841.90, 145.00
842.19, 147.00
842.47, 173.00
842.76, 147.00
843.04, 147.00
843.33, 177.00
843.61, 170.00
843.90, 166.00
844.18, 166.00
844.47, 167.00
844.75, 166.00
845.04, 159.00
845.32, 162.00
845.61, 155.00
845.89, 153.00
846.18, 152.00
846.46, 153.00
846.75, 149.00
847.03, 163.00
847.32, 151.00
847.60, 144.00
847.88, 144.00
848.17, 148.00
848.45, 157.00
848.74, 148.00
849.02, 142.00
849.31, 138.00
849.59, 143.00
849.87, 141.00
850.16, 141.00
850.44, 150.00
850.73, 176.00
851.01, 147.00
851.29, 146.00
851.58, 149.00
851.86, 143.00
852.14, 146.00
852.43, 150.00
852.71, 150.00
853.00, 149.00
853.28, 150.00
853.56, 144.00
853.85, 140.00
854.13, 144.00
854.41, 148.00
854.69, 146.00
854.98, 146.00
855.26, 190.00
855.54, 148.00
855.83, 148.00
856.11, 146.00
856.39, 141.00
856.68, 143.00
856.96, 145.00
857.24, 140.00
857.52, 148.00
857.81, 146.00
858.09, 143.00
858.37, 145.00
858.65, 141.00
858.94, 143.00
859.22, 142.00
