190.05, 0.00
190.41, 132.00
190.77, 130.00
191.14, 131.00
191.50, 134.00
191.86, 152.00
192.22, 146.00
192.58, 147.00
192.94, 140.00
193.31, 143.00
193.67, 142.00
194.03, 150.00
194.39, 143.00
194.75, 136.00
195.11, 152.00
195.47, 159.00
195.84, 144.00
196.20, 145.00
196.56, 160.00
196.92, 146.00
197.28, 143.00
197.64, 141.00
198.00, 137.00
198.37, 145.00
198.73, 140.00
199.09, 141.00
199.45, 147.00
199.81, 148.00
200.17, 146.00
200.53, 146.00
200.89, 154.00
201.25, 180.00
201.62, 144.00
201.98, 142.00
202.34, 145.00
202.70, 155.00
203.06, 143.00
203.42, 145.00
203.78, 144.00
204.14, 143.00
204.50, 171.00
204.86, 154.00
205.22, 154.00
205.58, 153.00
205.95, 143.00
206.31, 142.00
206.67, 148.00
207.03, 150.00
207.39, 152.00
207.75, 146.00
208.11, 145.00
208.47, 138.00
208.83, 150.00
209.19, 149.00
209.55, 140.00
209.91, 147.00
210.27, 156.00
210.63, 142.00
210.99, 154.00
211.35, 142.00
211.71, 146.00
212.07, 143.00
212.43, 149.00
212.79, 147.00
213.15, 148.00
213.51, 143.00
213.87, 147.00
214.23, 143.00
214.59, 145.00
214.95, 143.00
215.31, 145.00
215.67, 148.00
216.03, 173.00
216.39, 148.00
216.75, 145.00
217.11, 146.00
217.47, 146.00
217.83, 146.00
218.19, 150.00
218.55, 152.00
218.91, 149.00
219.27, 144.00
219.63, 140.00
219.99, 147.00
220.35, 148.00
220.71, 152.00
221.07, 142.00
221.43, 148.00
221.79, 149.00
222.15, 145.00
222.51, 141.00
222.87, 143.00
223.23, 141.00
223.59, 143.00
223.95, 140.00
224.31, 140.00
224.67, 143.00
225.03, 147.00
225.39, 155.00
225.74, 150.00
226.10, 146.00
226.46, 143.00
226.82, 147.00
227.18, 149.00
227.54, 144.00
227.90, 150.00
228.26, 153.00
228.62, 158.00
228.98, 143.00
229.34, 146.00
229.69, 142.00
230.05, 147.00
230.41, 144.00
230.77, 154.00
231.13, 154.00
231.49, 146.00
231.85, 146.00
232.21, 154.00
232.57, 148.00
232.92, 146.00
233.28, 144.00
233.64, 143.00
234.00, 140.00
234.36, 141.00
234.72, 136.00
235.08, 148.00
235.44, 150.00
235.79, 142.00
236.15, 143.00
236.51, 144.00
236.87, 146.00
237.23, 146.00
237.59, 140.00
237.94, 153.00
238.30, 153.00
238.66, 144.00
239.02, 143.00
239.38, 140.00
239.74, 142.00
240.09, 153.00
240.45, 142.00
240.81, 143.00
241.17, 151.00
241.53, 143.00
241.89, 149.00
242.24, 140.00
242.60, 142.00
242.96, 149.00
243.32, 149.00
243.68, 144.00
244.03, 147.00
244.39, 151.00
244.75, 167.00
245.11, 144.00
245.46, 151.00
245.82, 172.00
246.18, 138.00
246.54, 143.00
246.90, 142.00
247.25, 140.00
247.61, 143.00
247.97, 181.00
248.33, 146.00
248.68, 139.00
249.04, 142.00
249.40, 141.00
249.76, 150.00
250.11, 143.00
250.47, 146.00
250.83, 146.00
251.19, 148.00
251.54, 151.00
251.90, 149.00
252.26, 152.00
252.62, 145.00
252.97, 149.00
253.33, 141.00
253.69, 141.00
254.05, 151.00
254.40, 141.00
254.76, 141.00
255.12, 169.00
255.47, 149.00
255.83, 147.00
256.19, 144.00
256.54, 145.00
256.90, 142.00
257.26, 151.00
257.62, 148.00
257.97, 140.00
258.33, 145.00
258.69, 141.00
259.04, 135.00
259.40, 140.00
259.76, 150.00
260.11, 142.00
260.47, 139.00
260.83, 144.00
261.18, 140.00
261.54, 152.00
261.90, 144.00
262.25, 146.00
262.61, 144.00
262.97, 142.00
263.32, 142.00
263.68, 140.00
264.04, 149.00
264.39, 141.00
264.75, 140.00
265.10, 145.00
265.46, 190.00
265.82, 158.00
266.17, 145.00
266.53, 144.00
266.89, 146.00
267.24, 154.00
267.60, 144.00
267.95, 144.00
268.31, 141.00
268.67, 141.00
269.02, 142.00
269.38, 140.00
269.74, 149.00
270.09, 147.00
270.45, 148.00
270.80, 171.00
271.16, 148.00
271.51, 148.00
271.87, 155.00
272.23, 153.00
272.58, 148.00
272.94, 144.00
273.29, 144.00
273.65, 192.00
274.00, 146.00
274.36, 149.00
274.72, 144.00
275.07, 148.00
275.43, 150.00
275.78, 153.00
276.14, 145.00
276.49, 148.00
276.85, 159.00
277.20, 165.00
277.56, 148.00
277.92, 143.00
278.27, 145.00
278.63, 153.00
278.98, 145.00
279.34, 148.00
279.69, 156.00
280.05, 165.00
280.40, 152.00
280.76, 163.00
281.11, 153.00
281.47, 147.00
281.82, 152.00
282.18, 152.00
282.53, 148.00
282.89, 158.00
283.24, 160.00
283.60, 156.00
283.95, 160.00
284.31, 165.00
284.66, 165.00
285.02, 170.00
285.37, 167.00
285.73, 163.00
286.08, 168.00
286.44, 155.00
286.79, 157.00
287.14, 157.00
287.50, 152.00
287.85, 153.00
288.21, 157.00
288.56, 152.00
288.92, 157.00
289.27, 153.00
289.63, 154.00
289.98, 164.00
290.34, 152.00
290.69, 163.00
291.04, 149.00
291.40, 149.00
291.75, 151.00
292.11, 153.00
292.46, 147.00
292.81, 158.00
293.17, 152.00
293.52, 159.00
293.88, 163.00
294.23, 168.00
294.59, 187.00
294.94, 194.00
295.29, 199.00
295.65, 207.00
296.00, 221.00
296.36, 196.00
296.71, 187.00
297.06, 189.00
297.42, 193.00
297.77, 200.00
298.12, 192.00
298.48, 171.00
298.83, 181.00
299.19, 180.00
299.54, 188.00
299.89, 181.00
300.25, 181.00
300.60, 180.00
300.95, 177.00
301.31, 161.00
301.66, 162.00
302.01, 159.00
302.37, 159.00
302.72, 158.00
303.07, 157.00
303.43, 170.00
303.78, 169.00
304.13, 183.00
304.49, 181.00
304.84, 184.00
305.19, 208.00
305.55, 176.00
305.90, 189.00
306.25, 213.00
306.61, 282.00
306.96, 332.00
307.31, 414.00
307.66, 578.00
308.02, 727.00
308.37, 868.00
308.72, 978.00
309.08, 955.00
309.43, 918.00
309.78, 772.00
310.13, 691.00
310.49, 607.00
310.84, 484.00
311.19, 440.00
311.54, 387.00
311.90, 338.00
312.25, 330.00
312.60, 336.00
312.95, 405.00
313.31, 444.00
313.66, 447.00
314.01, 453.00
314.36, 450.00
314.72, 527.00
315.07, 678.00
315.42, 820.00
315.77, 858.00
316.13, 683.00
316.48, 477.00
316.83, 333.00
317.18, 250.00
317.54, 215.00
317.89, 185.00
318.24, 182.00
318.59, 175.00
318.94, 172.00
319.30, 177.00
319.65, 180.00
320.00, 182.00
320.35, 186.00
320.70, 178.00
321.05, 183.00
321.41, 181.00
321.76, 188.00
322.11, 176.00
322.46, 167.00
322.81, 212.00
323.17, 173.00
323.52, 169.00
323.87, 169.00
324.22, 167.00
324.57, 167.00
324.92, 178.00
325.27, 180.00
325.63, 195.00
325.98, 188.00
326.33, 208.00
326.68, 207.00
327.03, 200.00
327.38, 199.00
327.73, 213.00
328.09, 224.00
328.44, 251.00
328.79, 222.00
329.14, 249.00
329.49, 210.00
329.84, 207.00
330.19, 215.00
330.54, 214.00
330.89, 212.00
331.25, 190.00
331.60, 192.00
331.95, 190.00
332.30, 188.00
332.65, 208.00
333.00, 213.00
333.35, 274.00
333.70, 278.00
334.05, 256.00
334.40, 268.00
334.75, 313.00
335.10, 422.00
335.45, 595.00
335.81, 861.00
336.16, 1282.00
336.51, 1796.00
336.86, 1848.00
337.21, 1628.00
337.56, 1009.00
337.91, 607.00
338.26, 369.00
338.61, 260.00
338.96, 219.00
339.31, 202.00
339.66, 185.00
340.01, 193.00
340.36, 180.00
340.71, 174.00
341.06, 177.00
341.41, 177.00
341.76, 176.00
342.11, 178.00
342.46, 184.00
342.81, 187.00
343.16, 178.00
343.51, 181.00
343.86, 179.00
344.21, 176.00
344.56, 176.00
344.91, 174.00
345.26, 184.00
345.61, 178.00
345.96, 175.00
346.31, 173.00
346.66, 196.00
347.01, 170.00
347.36, 195.00
347.71, 175.00
348.06, 174.00
348.41, 189.00
348.76, 203.00
349.10, 210.00
349.45, 233.00
349.80, 225.00
350.15, 225.00
350.50, 210.00
350.85, 221.00
351.20, 221.00
351.55, 263.00
351.90, 313.00
352.25, 394.00
352.60, 501.00
352.95, 652.00
353.30, 702.00
353.64, 629.00
353.99, 494.00
354.34, 407.00
354.69, 377.00
355.04, 390.00
355.39, 467.00
355.74, 596.00
356.09, 774.00
356.44, 966.00
356.78, 1317.00
357.13, 1491.00
357.48, 1436.00
357.83, 1102.00
358.18, 700.00
358.53, 462.00
358.88, 297.00
359.22, 232.00
359.57, 187.00
359.92, 184.00
360.27, 182.00
360.62, 188.00
360.97, 187.00
361.32, 184.00
361.66, 189.00
362.01, 190.00
362.36, 187.00
362.71, 192.00
363.06, 196.00
363.40, 197.00
363.75, 196.00
364.10, 197.00
364.45, 197.00
364.80, 190.00
365.14, 183.00
365.49, 186.00
365.84, 198.00
366.19, 207.00
366.54, 211.00
366.88, 233.00
367.23, 205.00
367.58, 242.00
367.93, 192.00
368.28, 182.00
368.62, 187.00
368.97, 202.00
369.32, 218.00
369.67, 229.00
370.01, 283.00
370.36, 307.00
370.71, 328.00
371.06, 279.00
371.40, 253.00
371.75, 211.00
372.10, 200.00
372.45, 203.00
372.79, 215.00
373.14, 240.00
373.49, 279.00
373.83, 326.00
374.18, 408.00
374.53, 514.00
374.88, 575.00
375.22, 583.00
375.57, 471.00
375.92, 360.00
376.26, 284.00
376.61, 230.00
376.96, 208.00
377.30, 216.00
377.65, 236.00
378.00, 253.00
378.35, 312.00
378.69, 391.00
379.04, 481.00
379.39, 648.00
379.73, 770.00
380.08, 771.00
380.43, 605.00
380.77, 435.00
381.12, 356.00
381.47, 276.00
381.81, 236.00
382.16, 198.00
382.50, 203.00
382.85, 273.00
383.20, 201.00
383.54, 205.00
383.89, 205.00
384.24, 220.00
384.58, 234.00
384.93, 251.00
385.27, 246.00
385.62, 248.00
385.97, 254.00
386.31, 245.00
386.66, 279.00
387.00, 241.00
387.35, 257.00
387.70, 275.00
388.04, 384.00
388.39, 385.00
388.73, 490.00
389.08, 610.00
389.43, 730.00
389.77, 878.00
390.12, 1083.00
390.46, 1491.00
390.81, 1651.00
391.15, 1576.00
391.50, 1212.00
391.85, 758.00
392.19, 535.00
392.54, 363.00
392.88, 297.00
393.23, 301.00
393.57, 295.00
393.92, 293.00
394.26, 250.00
394.61, 226.00
394.95, 213.00
395.30, 185.00
395.64, 186.00
395.99, 230.00
396.33, 186.00
396.68, 197.00
397.02, 204.00
397.37, 226.00
397.71, 244.00
398.06, 279.00
398.40, 312.00
398.75, 364.00
399.09, 399.00
399.44, 402.00
399.78, 336.00
400.13, 278.00
400.47, 226.00
400.82, 198.00
401.16, 182.00
401.51, 187.00
401.85, 186.00
402.20, 193.00
402.54, 193.00
402.88, 203.00
403.23, 213.00
403.57, 228.00
403.92, 242.00
404.26, 333.00
404.61, 310.00
404.95, 405.00
405.30, 360.00
405.64, 348.00
405.98, 317.00
406.33, 262.00
406.67, 222.00
407.02, 197.00
407.36, 206.00
407.70, 210.00
408.05, 210.00
408.39, 217.00
408.74, 232.00
409.08, 236.00
409.42, 216.00
409.77, 203.00
410.11, 213.00
410.46, 193.00
410.80, 215.00
411.14, 211.00
411.49, 231.00
411.83, 234.00
412.17, 234.00
412.52, 233.00
412.86, 251.00
413.20, 249.00
413.55, 256.00
413.89, 237.00
414.23, 223.00
414.58, 250.00
414.92, 203.00
415.26, 202.00
415.61, 199.00
415.95, 197.00
416.29, 198.00
416.64, 207.00
416.98, 211.00
417.32, 212.00
417.67, 244.00
418.01, 256.00
418.35, 260.00
418.70, 294.00
419.04, 345.00
419.38, 327.00
419.72, 318.00
420.07, 285.00
420.41, 232.00
420.75, 217.00
421.10, 199.00
421.44, 204.00
421.78, 204.00
422.12, 206.00
422.47, 220.00
422.81, 222.00
423.15, 242.00
423.49, 230.00
423.84, 231.00
424.18, 242.00
424.52, 257.00
424.86, 305.00
425.21, 373.00
425.55, 407.00
425.89, 480.00
426.23, 547.00
426.57, 687.00
426.92, 726.00
427.26, 774.00
427.60, 646.00
427.94, 446.00
428.28, 337.00
428.63, 276.00
428.97, 230.00
429.31, 201.00
429.65, 193.00
429.99, 187.00
430.34, 186.00
430.68, 191.00
431.02, 196.00
431.36, 186.00
431.70, 197.00
432.04, 206.00
432.39, 210.00
432.73, 221.00
433.07, 225.00
433.41, 239.00
433.75, 245.00
434.09, 240.00
434.43, 225.00
434.78, 215.00
435.12, 204.00
435.46, 208.00
435.80, 216.00
436.14, 230.00
436.48, 218.00
436.82, 228.00
437.16, 222.00
437.51, 209.00
437.85, 207.00
438.19, 249.00
438.53, 211.00
438.87, 226.00
439.21, 219.00
439.55, 217.00
439.89, 233.00
440.23, 227.00
440.57, 241.00
440.91, 240.00
441.26, 229.00
441.60, 222.00
441.94, 214.00
442.28, 207.00
442.62, 205.00
442.96, 199.00
443.30, 199.00
443.64, 201.00
443.98, 197.00
444.32, 206.00
444.66, 191.00
445.00, 201.00
445.34, 205.00
445.68, 201.00
446.02, 211.00
446.36, 201.00
446.70, 202.00
447.04, 205.00
447.38, 234.00
447.72, 211.00
448.06, 221.00
448.40, 223.00
448.74, 208.00
449.08, 208.00
449.42, 196.00
449.76, 198.00
450.10, 191.00
450.44, 190.00
450.78, 199.00
451.12, 200.00
451.46, 196.00
451.80, 197.00
452.14, 182.00
452.48, 189.00
452.82, 186.00
453.16, 189.00
453.50, 199.00
453.84, 187.00
454.18, 233.00
454.52, 205.00
454.86, 209.00
455.19, 221.00
455.53, 209.00
455.87, 210.00
456.21, 224.00
456.55, 229.00
456.89, 226.00
457.23, 218.00
457.57, 211.00
457.91, 222.00
458.25, 221.00
458.59, 234.00
458.92, 244.00
459.26, 236.00
459.60, 239.00
459.94, 228.00
460.28, 207.00
460.62, 203.00
460.96, 197.00
461.30, 191.00
461.63, 189.00
461.97, 190.00
462.31, 189.00
462.65, 197.00
462.99, 208.00
463.33, 205.00
463.67, 212.00
464.00, 215.00
464.34, 219.00
464.68, 214.00
465.02, 238.00
465.36, 234.00
465.70, 218.00
466.03, 224.00
466.37, 204.00
466.71, 215.00
467.05, 226.00
467.39, 230.00
467.72, 250.00
468.06, 266.00
468.40, 272.00
468.74, 277.00
469.08, 296.00
469.41, 306.00
469.75, 330.00
470.09, 352.00
470.43, 353.00
470.76, 311.00
471.10, 291.00
471.44, 281.00
471.78, 268.00
472.11, 255.00
472.45, 243.00
472.79, 240.00
473.13, 230.00
473.46, 238.00
473.80, 226.00
474.14, 227.00
474.48, 223.00
474.81, 211.00
475.15, 211.00
475.49, 212.00
475.82, 223.00
476.16, 223.00
476.50, 211.00
476.84, 216.00
477.17, 210.00
477.51, 211.00
477.85, 213.00
478.18, 225.00
478.52, 209.00
478.86, 258.00
479.19, 231.00
479.53, 218.00
479.87, 257.00
480.20, 235.00
480.54, 221.00
480.88, 214.00
481.21, 216.00
481.55, 218.00
481.89, 219.00
482.22, 209.00
482.56, 220.00
482.90, 216.00
483.23, 220.00
483.57, 219.00
483.90, 215.00
484.24, 223.00
484.58, 218.00
484.91, 222.00
485.25, 209.00
485.58, 219.00
485.92, 225.00
486.26, 222.00
486.59, 220.00
486.93, 225.00
487.26, 227.00
487.60, 232.00
487.94, 226.00
488.27, 223.00
488.61, 228.00
488.94, 222.00
489.28, 224.00
489.61, 225.00
489.95, 225.00
490.29, 230.00
490.62, 234.00
490.96, 232.00
491.29, 238.00
491.63, 232.00
491.96, 229.00
492.30, 221.00
492.63, 225.00
492.97, 223.00
493.30, 224.00
493.64, 218.00
493.97, 228.00
494.31, 218.00
494.64, 231.00
494.98, 235.00
495.31, 229.00
495.65, 226.00
495.98, 228.00
496.32, 230.00
496.65, 261.00
496.99, 222.00
497.32, 217.00
497.66, 214.00
497.99, 221.00
498.33, 211.00
498.66, 210.00
499.00, 216.00
499.33, 224.00
499.67, 220.00
500.00, 215.00
500.34, 229.00
500.67, 222.00
501.00, 232.00
501.34, 220.00
501.67, 226.00
502.01, 219.00
502.34, 216.00
502.68, 232.00
503.01, 236.00
503.34, 242.00
503.68, 240.00
504.01, 239.00
504.35, 241.00
504.68, 246.00
505.01, 241.00
505.35, 247.00
505.68, 240.00
506.02, 244.00
506.35, 237.00
506.68, 257.00
507.02, 244.00
507.35, 248.00
507.68, 245.00
508.02, 243.00
508.35, 238.00
508.69, 232.00
509.02, 233.00
509.35, 234.00
509.69, 236.00
510.02, 229.00
510.35, 225.00
510.69, 228.00
511.02, 228.00
511.35, 223.00
511.69, 221.00
512.02, 230.00
512.35, 230.00
512.68, 221.00
513.02, 231.00
513.35, 218.00
513.68, 217.00
514.02, 221.00
514.35, 220.00
514.68, 215.00
515.01, 209.00
515.35, 228.00
515.68, 214.00
516.01, 218.00
516.35, 220.00
516.68, 210.00
517.01, 211.00
517.34, 220.00
517.68, 211.00
518.01, 218.00
518.34, 217.00
518.67, 220.00
519.01, 212.00
519.34, 220.00
519.67, 227.00
520.00, 226.00
520.33, 226.00
520.67, 223.00
521.00, 223.00
521.33, 233.00
521.66, 240.00
522.00, 236.00
522.33, 234.00
522.66, 225.00
522.99, 223.00
523.32, 224.00
523.65, 226.00
523.99, 226.00
524.32, 223.00
524.65, 221.00
524.98, 223.00
525.31, 230.00
525.65, 257.00
525.98, 227.00
526.31, 221.00
526.64, 226.00
526.97, 224.00
527.30, 209.00
527.63, 211.00
527.97, 218.00
528.30, 214.00
528.63, 225.00
528.96, 240.00
529.29, 207.00
529.62, 217.00
529.95, 209.00
530.28, 209.00
530.61, 209.00
530.95, 203.00
531.28, 208.00
531.61, 215.00
531.94, 227.00
532.27, 222.00
532.60, 224.00
532.93, 214.00
533.26, 217.00
533.59, 216.00
533.92, 212.00
534.25, 205.00
534.58, 241.00
534.91, 212.00
535.25, 199.00
535.58, 208.00
535.91, 201.00
536.24, 211.00
536.57, 210.00
536.90, 204.00
537.23, 207.00
537.56, 244.00
537.89, 205.00
538.22, 200.00
538.55, 199.00
538.88, 211.00
539.21, 327.00
539.54, 201.00
539.87, 197.00
540.20, 206.00
540.53, 201.00
540.86, 226.00
541.19, 201.00
541.52, 194.00
541.85, 204.00
542.18, 227.00
542.51, 222.00
542.84, 214.00
543.17, 216.00
543.50, 214.00
543.82, 210.00
544.15, 210.00
544.48, 212.00
544.81, 208.00
545.14, 235.00
545.47, 201.00
545.80, 243.00
546.13, 203.00
546.46, 245.00
546.79, 231.00
547.12, 199.00
547.45, 208.00
547.78, 207.00
548.10, 206.00
548.43, 205.00
548.76, 199.00
549.09, 202.00
549.42, 206.00
549.75, 206.00
550.08, 203.00
550.41, 210.00
550.74, 221.00
551.06, 203.00
551.39, 211.00
551.72, 208.00
552.05, 198.00
552.38, 207.00
552.71, 204.00
553.03, 210.00
553.36, 211.00
553.69, 213.00
554.02, 212.00
554.35, 214.00
554.68, 202.00
555.00, 212.00
555.33, 207.00
555.66, 208.00
555.99, 230.00
556.32, 222.00
556.64, 216.00
556.97, 234.00
557.30, 226.00
557.63, 224.00
557.96, 233.00
558.28, 220.00
558.61, 223.00
558.94, 229.00
559.27, 220.00
559.59, 221.00
559.92, 222.00
560.25, 218.00
560.58, 219.00
560.90, 224.00
561.23, 219.00
561.56, 221.00
561.89, 217.00
562.21, 211.00
562.54, 210.00
562.87, 205.00
563.20, 212.00
563.52, 199.00
563.85, 200.00
564.18, 213.00
564.50, 200.00
564.83, 233.00
565.16, 254.00
565.48, 190.00
565.81, 203.00
566.14, 194.00
566.47, 188.00
566.79, 191.00
567.12, 185.00
567.45, 211.00
567.77, 193.00
568.10, 183.00
568.43, 192.00
568.75, 194.00
569.08, 193.00
569.40, 228.00
569.73, 195.00
570.06, 188.00
570.38, 187.00
570.71, 189.00
571.04, 189.00
571.36, 197.00
571.69, 197.00
572.01, 188.00
572.34, 192.00
572.67, 194.00
572.99, 198.00
573.32, 210.00
573.64, 192.00
573.97, 191.00
574.30, 191.00
574.62, 195.00
574.95, 188.00
575.27, 195.00
575.60, 184.00
575.92, 190.00
576.25, 191.00
576.58, 196.00
576.90, 196.00
577.23, 231.00
577.55, 198.00
577.88, 193.00
578.20, 190.00
578.53, 196.00
578.85, 203.00
579.18, 203.00
579.50, 183.00
579.83, 189.00
580.15, 196.00
580.48, 200.00
580.80, 195.00
581.13, 190.00
581.45, 189.00
581.78, 194.00
582.10, 190.00
582.43, 201.00
582.75, 195.00
583.08, 194.00
583.40, 191.00
583.73, 265.00
584.05, 202.00
584.38, 192.00
584.70, 246.00
585.03, 204.00
585.35, 198.00
585.67, 199.00
586.00, 216.00
586.32, 238.00
586.65, 247.00
586.97, 244.00
587.30, 238.00
587.62, 221.00
587.94, 229.00
588.27, 214.00
588.59, 200.00
588.92, 202.00
589.24, 201.00
589.56, 217.00
589.89, 208.00
590.21, 196.00
590.54, 195.00
590.86, 203.00
591.18, 197.00
591.51, 197.00
591.83, 211.00
592.15, 203.00
592.48, 203.00
592.80, 214.00
593.13, 208.00
593.45, 212.00
593.77, 210.00
594.10, 216.00
594.42, 222.00
594.74, 223.00
595.07, 228.00
595.39, 222.00
595.71, 225.00
596.03, 225.00
596.36, 230.00
596.68, 237.00
597.00, 232.00
597.33, 238.00
597.65, 246.00
597.97, 240.00
598.30, 242.00
598.62, 238.00
598.94, 234.00
599.26, 233.00
599.59, 237.00
599.91, 239.00
600.23, 228.00
600.55, 227.00
600.88, 228.00
601.20, 215.00
601.52, 212.00
601.84, 203.00
602.17, 207.00
602.49, 203.00
602.81, 191.00
603.13, 196.00
603.45, 201.00
603.78, 196.00
604.10, 198.00
604.42, 189.00
604.74, 189.00
605.07, 193.00
605.39, 187.00
605.71, 190.00
606.03, 191.00
606.35, 187.00
606.67, 193.00
607.00, 196.00
607.32, 189.00
607.64, 182.00
607.96, 177.00
608.28, 185.00
608.60, 176.00
608.93, 174.00
609.25, 196.00
609.57, 185.00
609.89, 183.00
610.21, 178.00
610.53, 182.00
610.85, 178.00
611.17, 182.00
611.50, 177.00
611.82, 184.00
612.14, 178.00
612.46, 177.00
612.78, 177.00
613.10, 186.00
613.42, 174.00
613.74, 197.00
614.06, 228.00
614.38, 214.00
614.70, 212.00
615.03, 227.00
615.35, 215.00
615.67, 302.00
615.99, 196.00
616.31, 197.00
616.63, 189.00
616.95, 184.00
617.27, 183.00
617.59, 176.00
617.91, 181.00
618.23, 191.00
618.55, 174.00
618.87, 178.00
619.19, 175.00
619.51, 172.00
619.83, 169.00
620.15, 175.00
620.47, 181.00
620.79, 173.00
621.11, 183.00
621.43, 178.00
621.75, 183.00
622.07, 177.00
622.39, 177.00
622.71, 172.00
623.03, 169.00
623.35, 222.00
623.67, 182.00
623.99, 178.00
624.31, 172.00
624.63, 175.00
624.95, 177.00
625.26, 171.00
625.58, 174.00
625.90, 199.00
626.22, 175.00
626.54, 179.00
626.86, 182.00
627.18, 179.00
627.50, 177.00
627.82, 174.00
628.14, 180.00
628.46, 181.00
628.77, 182.00
629.09, 182.00
629.41, 185.00
629.73, 180.00
630.05, 198.00
630.37, 184.00
630.69, 189.00
631.00, 194.00
631.32, 199.00
631.64, 184.00
631.96, 184.00
632.28, 186.00
632.60, 194.00
632.92, 192.00
633.23, 196.00
633.55, 199.00
633.87, 200.00
634.19, 214.00
634.51, 201.00
634.82, 215.00
635.14, 220.00
635.46, 215.00
635.78, 216.00
636.10, 211.00
636.41, 217.00
636.73, 205.00
637.05, 209.00
637.37, 208.00
637.68, 214.00
638.00, 218.00
638.32, 220.00
638.64, 232.00
638.95, 245.00
639.27, 234.00
639.59, 236.00
639.91, 224.00
640.22, 217.00
640.54, 211.00
640.86, 208.00
641.18, 216.00
641.49, 228.00
641.81, 214.00
642.13, 215.00
642.44, 210.00
642.76, 205.00
643.08, 199.00
643.40, 208.00
643.71, 211.00
644.03, 212.00
644.35, 215.00
644.66, 217.00
644.98, 213.00
645.30, 213.00
645.61, 226.00
645.93, 198.00
646.25, 197.00
646.56, 202.00
646.88, 225.00
647.19, 191.00
647.51, 195.00
647.83, 186.00
648.14, 178.00
648.46, 185.00
648.78, 192.00
649.09, 190.00
649.41, 242.00
649.72, 199.00
650.04, 215.00
650.36, 213.00
650.67, 213.00
650.99, 218.00
651.30, 214.00
651.62, 213.00
651.93, 221.00
652.25, 233.00
652.57, 260.00
652.88, 214.00
653.20, 217.00
653.51, 213.00
653.83, 206.00
654.14, 193.00
654.46, 211.00
654.77, 194.00
655.09, 201.00
655.40, 217.00
655.72, 192.00
656.04, 188.00
656.35, 194.00
656.67, 189.00
656.98, 191.00
657.30, 196.00
657.61, 201.00
657.93, 202.00
658.24, 210.00
658.55, 253.00
658.87, 206.00
659.18, 208.00
659.50, 216.00
659.81, 212.00
660.13, 211.00
660.44, 211.00
660.76, 216.00
661.07, 220.00
661.39, 204.00
661.70, 195.00
662.01, 194.00
662.33, 188.00
662.64, 195.00
662.96, 179.00
663.27, 179.00
663.59, 177.00
663.90, 182.00
664.21, 179.00
664.53, 203.00
664.84, 182.00
665.16, 214.00
665.47, 185.00
665.78, 186.00
666.10, 194.00
666.41, 193.00
666.72, 201.00
667.04, 209.00
667.35, 198.00
667.67, 199.00
667.98, 203.00
668.29, 195.00
668.61, 196.00
668.92, 189.00
669.23, 189.00
669.55, 192.00
669.86, 214.00
670.17, 185.00
670.48, 183.00
670.80, 176.00
671.11, 185.00
671.42, 179.00
671.74, 186.00
672.05, 179.00
672.36, 186.00
672.68, 182.00
672.99, 189.00
673.30, 183.00
673.61, 197.00
673.93, 197.00
674.24, 197.00
674.55, 199.00
674.86, 200.00
675.18, 206.00
675.49, 214.00
675.80, 202.00
676.11, 213.00
676.43, 210.00
676.74, 209.00
677.05, 209.00
677.36, 212.00
677.67, 203.00
677.99, 206.00
678.30, 200.00
678.61, 190.00
678.92, 188.00
679.23, 190.00
679.55, 179.00
679.86, 178.00
680.17, 180.00
680.48, 180.00
680.79, 182.00
681.10, 172.00
681.42, 178.00
681.73, 173.00
682.04, 173.00
682.35, 175.00
682.66, 171.00
682.97, 175.00
683.28, 180.00
683.60, 177.00
683.91, 180.00
684.22, 193.00
684.53, 171.00
684.84, 174.00
685.15, 179.00
685.46, 203.00
685.77, 169.00
686.08, 170.00
686.40, 206.00
686.71, 174.00
687.02, 166.00
687.33, 158.00
687.64, 169.00
687.95, 161.00
688.26, 159.00
688.57, 157.00
688.88, 158.00
689.19, 154.00
689.50, 157.00
689.81, 155.00
690.12, 158.00
690.43, 183.00
690.74, 155.00
691.05, 152.00
691.36, 167.00
691.67, 155.00
691.98, 161.00
692.29, 155.00
692.60, 160.00
692.91, 159.00
693.22, 158.00
693.53, 158.00
693.84, 158.00
694.15, 161.00
694.46, 156.00
694.77, 160.00
695.08, 162.00
695.39, 166.00
695.70, 158.00
696.01, 155.00
696.32, 155.00
696.63, 162.00
696.94, 157.00
697.25, 154.00
697.56, 161.00
697.87, 172.00
698.17, 200.00
698.48, 162.00
698.79, 159.00
699.10, 152.00
699.41, 161.00
699.72, 161.00
700.03, 156.00
700.34, 157.00
700.65, 157.00
700.95, 156.00
701.26, 156.00
701.57, 160.00
701.88, 158.00
702.19, 173.00
702.50, 163.00
702.81, 160.00
703.11, 186.00
703.42, 155.00
703.73, 167.00
704.04, 167.00
704.35, 168.00
704.66, 196.00
704.96, 263.00
705.27, 316.00
705.58, 345.00
705.89, 316.00
706.20, 276.00
706.50, 242.00
706.81, 233.00
707.12, 205.00
707.43, 190.00
707.73, 182.00
708.04, 166.00
708.35, 167.00
708.66, 160.00
708.97, 155.00
709.27, 163.00
709.58, 156.00
709.89, 157.00
710.19, 156.00
710.50, 164.00
710.81, 156.00
711.12, 159.00
711.42, 160.00
711.73, 173.00
712.04, 159.00
712.35, 159.00
712.65, 160.00
712.96, 158.00
713.27, 161.00
713.57, 186.00
713.88, 178.00
714.19, 163.00
714.49, 156.00
714.80, 168.00
715.11, 162.00
715.41, 160.00
715.72, 156.00
716.03, 160.00
716.33, 167.00
716.64, 152.00
716.94, 161.00
717.25, 154.00
717.56, 167.00
717.86, 161.00
718.17, 156.00
718.48, 155.00
718.78, 157.00
719.09, 155.00
719.39, 151.00
719.70, 157.00
720.01, 159.00
720.31, 157.00
720.62, 148.00
720.92, 155.00
721.23, 161.00
721.53, 164.00
721.84, 159.00
722.15, 170.00
722.45, 157.00
722.76, 160.00
723.06, 156.00
723.37, 158.00
723.67, 161.00
723.98, 163.00
724.28, 159.00
724.59, 166.00
724.89, 164.00
725.20, 162.00
725.50, 165.00
725.81, 164.00
726.11, 158.00
726.42, 161.00
726.72, 164.00
727.03, 204.00
727.33, 163.00
727.64, 163.00
727.94, 165.00
728.25, 160.00
728.55, 159.00
728.86, 181.00
729.16, 155.00
729.46, 158.00
729.77, 156.00
730.07, 153.00
730.38, 152.00
730.68, 158.00
730.99, 163.00
731.29, 153.00
731.59, 161.00
731.90, 154.00
732.20, 157.00
732.51, 164.00
732.81, 158.00
733.11, 161.00
733.42, 161.00
733.72, 162.00
734.02, 162.00
734.33, 168.00
734.63, 161.00
734.94, 159.00
735.24, 161.00
735.54, 158.00
735.85, 155.00
736.15, 157.00
736.45, 155.00
736.76, 156.00
737.06, 161.00
737.36, 156.00
737.67, 162.00
737.97, 157.00
738.27, 158.00
738.57, 157.00
738.88, 155.00
739.18, 196.00
739.48, 160.00
739.79, 155.00
740.09, 153.00
740.39, 156.00
740.69, 164.00
741.00, 157.00
741.30, 159.00
741.60, 155.00
741.90, 157.00
742.21, 161.00
742.51, 205.00
742.81, 164.00
743.11, 166.00
743.42, 186.00
743.72, 166.00
744.02, 174.00
744.32, 173.00
744.63, 182.00
744.93, 174.00
745.23, 174.00
745.53, 180.00
745.83, 182.00
746.13, 179.00
746.44, 173.00
746.74, 180.00
747.04, 182.00
747.34, 181.00
747.64, 181.00
747.94, 184.00
748.25, 181.00
748.55, 190.00
748.85, 179.00
749.15, 192.00
749.45, 213.00
749.75, 210.00
750.05, 171.00
750.35, 183.00
750.66, 188.00
750.96, 167.00
751.26, 162.00
751.56, 161.00
751.86, 167.00
752.16, 157.00
752.46, 154.00
752.76, 155.00
753.06, 159.00
753.36, 192.00
753.66, 154.00
753.96, 155.00
754.27, 157.00
754.57, 155.00
754.87, 158.00
755.17, 159.00
755.47, 160.00
755.77, 163.00
756.07, 164.00
756.37, 165.00
756.67, 172.00
756.97, 165.00
757.27, 168.00
757.57, 166.00
757.87, 170.00
758.17, 167.00
758.47, 174.00
758.77, 170.00
759.07, 159.00
759.37, 171.00
759.67, 165.00
759.97, 167.00
760.27, 162.00
760.57, 161.00
760.86, 166.00
761.16, 171.00
761.46, 165.00
761.76, 191.00
762.06, 160.00
762.36, 171.00
762.66, 161.00
762.96, 155.00
763.26, 163.00
763.56, 186.00
763.86, 162.00
764.16, 149.00
764.45, 164.00
764.75, 163.00
765.05, 156.00
765.35, 151.00
765.65, 154.00
765.95, 155.00
766.25, 161.00
766.55, 159.00
766.84, 159.00
767.14, 165.00
767.44, 166.00
767.74, 159.00
768.04, 161.00
768.34, 160.00
768.63, 169.00
768.93, 165.00
769.23, 170.00
769.53, 164.00
769.83, 171.00
770.12, 170.00
770.42, 172.00
770.72, 166.00
771.02, 163.00
771.32, 170.00
771.61, 168.00
771.91, 172.00
772.21, 169.00
772.51, 170.00
772.80, 165.00
773.10, 175.00
773.40, 171.00
773.70, 169.00
773.99, 164.00
774.29, 173.00
774.59, 171.00
774.88, 173.00
775.18, 202.00
775.48, 432.00
775.78, 785.00
776.07, 1011.00
776.37, 1073.00
776.67, 843.00
776.96, 572.00
777.26, 501.00
777.56, 383.00
777.85, 337.00
778.15, 307.00
778.45, 286.00
778.74, 237.00
779.04, 217.00
779.34, 186.00
779.63, 174.00
779.93, 164.00
780.22, 151.00
780.52, 152.00
780.82, 154.00
781.11, 151.00
781.41, 152.00
781.71, 156.00
782.00, 152.00
782.30, 153.00
782.59, 159.00
782.89, 153.00
783.19, 149.00
783.48, 151.00
783.78, 150.00
784.07, 154.00
784.37, 152.00
784.66, 153.00
784.96, 148.00
785.25, 145.00
785.55, 144.00
785.84, 153.00
786.14, 148.00
786.44, 145.00
786.73, 151.00
787.03, 150.00
787.32, 148.00
787.62, 146.00
787.91, 149.00
788.21, 150.00
788.50, 148.00
788.80, 146.00
789.09, 153.00
789.39, 148.00
789.68, 150.00
789.97, 151.00
790.27, 148.00
790.56, 151.00
790.86, 156.00
791.15, 144.00
791.45, 146.00
791.74, 175.00
792.04, 153.00
792.33, 141.00
792.62, 175.00
792.92, 149.00
793.21, 144.00
793.51, 154.00
793.80, 144.00
794.09, 143.00
794.39, 142.00
794.68, 141.00
794.98, 147.00
795.27, 147.00
795.56, 149.00
795.86, 144.00
796.15, 146.00
796.44, 151.00
796.74, 148.00
797.03, 148.00
797.32, 147.00
797.62, 147.00
797.91, 154.00
798.20, 145.00
798.50, 159.00
798.79, 158.00
799.08, 148.00
799.38, 144.00
799.67, 147.00
799.96, 156.00
800.26, 177.00
800.55, 145.00
800.84, 151.00
801.13, 144.00
801.43, 147.00
801.72, 182.00
802.01, 151.00
802.30, 150.00
802.60, 146.00
802.89, 151.00
803.18, 152.00
803.47, 144.00
803.77, 147.00
804.06, 148.00
804.35, 143.00
804.64, 162.00
804.94, 145.00
805.23, 146.00
805.52, 153.00
805.81, 149.00
806.10, 149.00
806.39, 148.00
806.69, 144.00
806.98, 146.00
807.27, 151.00
807.56, 151.00
807.85, 151.00
808.14, 145.00
808.44, 157.00
808.73, 146.00
809.02, 158.00
809.31, 151.00
809.60, 148.00
809.89, 157.00
810.18, 151.00
810.48, 154.00
810.77, 151.00
811.06, 144.00
811.35, 145.00
811.64, 153.00
811.93, 167.00
812.22, 144.00
812.51, 143.00
812.80, 145.00
813.09, 144.00
813.38, 143.00
813.67, 163.00
813.96, 142.00
814.26, 145.00
814.55, 142.00
814.84, 139.00
815.13, 145.00
815.42, 143.00
815.71, 148.00
816.00, 145.00
816.29, 153.00
816.58, 145.00
816.87, 142.00
817.16, 144.00
817.45, 155.00
817.74, 150.00
818.03, 146.00
818.32, 141.00
818.61, 140.00
818.90, 149.00
819.19, 150.00
819.48, 147.00
819.76, 144.00
820.05, 144.00
820.34, 146.00
820.63, 145.00
820.92, 143.00
821.21, 143.00
821.50, 146.00
821.79, 142.00
822.08, 144.00
822.37, 150.00
822.66, 147.00
822.95, 147.00
823.23, 146.00
823.52, 162.00
823.81, 148.00
824.10, 143.00
824.39, 149.00
824.68, 133.00
824.97, 159.00
825.26, 143.00
825.54, 195.00
825.83, 149.00
826.12, 143.00
826.41, 141.00
826.70, 143.00
826.99, 152.00
827.27, 143.00
827.56, 162.00
827.85, 148.00
828.14, 143.00
828.43, 150.00
828.71, 152.00
829.00, 147.00
829.29, 141.00
829.58, 147.00
829.86, 142.00
830.15, 149.00
830.44, 140.00
830.73, 147.00
831.01, 146.00
831.30, 143.00
831.59, 142.00
831.88, 145.00
832.16, 145.00
832.45, 149.00
832.74, 146.00
833.03, 145.00
833.31, 150.00
833.60, 147.00
833.89, 135.00
834.17, 150.00
834.46, 140.00
834.75, 139.00
835.03, 142.00
835.32, 136.00
835.61, 143.00
835.89, 159.00
836.18, 143.00
836.47, 143.00
836.75, 142.00
837.04, 151.00
837.33, 146.00
837.61, 145.00
837.90, 143.00
838.19, 144.00
838.47, 144.00
838.76, 145.00
839.04, 140.00
839.33, 142.00
839.62, 143.00
839.90, 142.00
840.19, 143.00
840.47, 142.00
840.76, 174.00
841.04, 147.00
841.33, 144.00
841.62, 144.00
841.90, 145.00
842.19, 145.00
842.47, 297.00
842.76, 145.00
843.04, 151.00
843.33, 177.00
843.61, 172.00
843.90, 173.00
844.18, 165.00
844.47, 161.00
844.75, 164.00
845.04, 153.00
845.32, 152.00
845.61, 149.00
845.89, 148.00
846.18, 148.00
846.46, 147.00
846.75, 144.00
847.03, 156.00
847.32, 146.00
847.60, 142.00
847.88, 145.00
848.17, 145.00
848.45, 166.00
848.74, 149.00
849.02, 145.00
849.31, 146.00
849.59, 142.00
849.87, 148.00
850.16, 142.00
850.44, 149.00
850.73, 172.00
851.01, 149.00
851.29, 145.00
851.58, 149.00
851.86, 142.00
852.14, 145.00
852.43, 151.00
852.71, 148.00
853.00, 148.00
853.28, 147.00
853.56, 143.00
853.85, 145.00
854.13, 141.00
854.41, 134.00
854.69, 142.00
854.98, 139.00
855.26, 202.00
855.54, 144.00
855.83, 147.00
856.11, 151.00
856.39, 143.00
856.68, 137.00
856.96, 142.00
857.24, 144.00
857.52, 150.00
857.81, 148.00
858.09, 142.00
858.37, 144.00
858.65, 145.00
858.94, 144.00
859.22, 145.00
