190.05, 0.00
190.41, 133.00
190.77, 137.00
191.14, 138.00
191.50, 135.00
191.86, 152.00
192.22, 140.00
192.58, 151.00
192.94, 152.00
193.31, 144.00
193.67, 148.00
194.03, 150.00
194.39, 142.00
194.75, 143.00
195.11, 152.00
195.47, 160.00
195.84, 143.00
196.20, 142.00
196.56, 161.00
196.92, 145.00
197.28, 146.00
197.64, 143.00
198.00, 145.00
198.37, 147.00
198.73, 140.00
199.09, 145.00
199.45, 141.00
199.81, 148.00
200.17, 153.00
200.53, 143.00
200.89, 153.00
201.25, 184.00
201.62, 146.00
201.98, 139.00
202.34, 147.00
202.70, 148.00
203.06, 147.00
203.42, 140.00
203.78, 146.00
204.14, 143.00
204.50, 168.00
204.86, 158.00
205.22, 152.00
205.58, 144.00
205.95, 146.00
206.31, 149.00
206.67, 154.00
207.03, 149.00
207.39, 152.00
207.75, 143.00
208.11, 147.00
208.47, 146.00
208.83, 149.00
209.19, 151.00
209.55, 145.00
209.91, 143.00
210.27, 146.00
210.63, 141.00
210.99, 155.00
211.35, 145.00
211.71, 152.00
212.07, 153.00
212.43, 156.00
212.79, 149.00
213.15, 143.00
213.51, 145.00
213.87, 148.00
214.23, 146.00
214.59, 145.00
214.95, 147.00
215.31, 141.00
215.67, 146.00
216.03, 177.00
216.39, 147.00
216.75, 147.00
217.11, 150.00
217.47, 147.00
217.83, 140.00
218.19, 143.00
218.55, 153.00
218.91, 151.00
219.27, 144.00
219.63, 144.00
219.99, 142.00
220.35, 142.00
220.71, 154.00
221.07, 145.00
221.43, 148.00
221.79, 145.00
222.15, 150.00
222.51, 149.00
222.87, 143.00
223.23, 144.00
223.59, 148.00
223.95, 149.00
224.31, 144.00
224.67, 144.00
225.03, 149.00
225.39, 152.00
225.74, 152.00
226.10, 145.00
226.46, 141.00
226.82, 149.00
227.18, 148.00
227.54, 146.00
227.90, 151.00
228.26, 147.00
228.62, 156.00
228.98, 145.00
229.34, 143.00
229.69, 146.00
230.05, 141.00
230.41, 143.00
230.77, 152.00
231.13, 151.00
231.49, 147.00
231.85, 141.00
232.21, 150.00
232.57, 147.00
232.92, 146.00
233.28, 143.00
233.64, 145.00
234.00, 147.00
234.36, 141.00
234.72, 144.00
235.08, 154.00
235.44, 151.00
235.79, 139.00
236.15, 146.00
236.51, 143.00
236.87, 144.00
237.23, 146.00
237.59, 147.00
237.94, 155.00
238.30, 145.00
238.66, 146.00
239.02, 141.00
239.38, 144.00
239.74, 145.00
240.09, 155.00
240.45, 142.00
240.81, 137.00
241.17, 154.00
241.53, 145.00
241.89, 145.00
242.24, 142.00
242.60, 142.00
242.96, 145.00
243.32, 145.00
243.68, 140.00
244.03, 146.00
244.39, 147.00
244.75, 163.00
245.11, 148.00
245.46, 145.00
245.82, 172.00
246.18, 145.00
246.54, 150.00
246.90, 143.00
247.25, 143.00
247.61, 146.00
247.97, 180.00
248.33, 143.00
248.68, 143.00
249.04, 140.00
249.40, 143.00
249.76, 145.00
250.11, 142.00
250.47, 150.00
250.83, 145.00
251.19, 147.00
251.54, 153.00
251.90, 148.00
252.26, 149.00
252.62, 146.00
252.97, 146.00
253.33, 144.00
253.69, 140.00
254.05, 151.00
254.40, 144.00
254.76, 138.00
255.12, 169.00
255.47, 151.00
255.83, 148.00
256.19, 144.00
256.54, 144.00
256.90, 143.00
257.26, 149.00
257.62, 147.00
257.97, 145.00
258.33, 144.00
258.69, 139.00
259.04, 140.00
259.40, 138.00
259.76, 146.00
260.11, 143.00
260.47, 146.00
260.83, 149.00
261.18, 144.00
261.54, 150.00
261.90, 147.00
262.25, 144.00
262.61, 142.00
262.97, 141.00
263.32, 140.00
263.68, 144.00
264.04, 147.00
264.39, 138.00
264.75, 142.00
265.10, 147.00
265.46, 191.00
265.82, 158.00
266.17, 139.00
266.53, 144.00
266.89, 149.00
267.24, 150.00
267.60, 141.00
267.95, 141.00
268.31, 142.00
268.67, 139.00
269.02, 145.00
269.38, 141.00
269.74, 152.00
270.09, 143.00
270.45, 140.00
270.80, 167.00
271.16, 150.00
271.51, 152.00
271.87, 156.00
272.23, 151.00
272.58, 147.00
272.94, 144.00
273.29, 141.00
273.65, 194.00
274.00, 144.00
274.36, 152.00
274.72, 147.00
275.07, 142.00
275.43, 142.00
275.78, 143.00
276.14, 148.00
276.49, 153.00
276.85, 160.00
277.20, 169.00
277.56, 141.00
277.92, 142.00
278.27, 147.00
278.63, 150.00
278.98, 145.00
279.34, 146.00
279.69, 143.00
280.05, 156.00
280.40, 149.00
280.76, 163.00
281.11, 152.00
281.47, 149.00
281.82, 151.00
282.18, 151.00
282.53, 158.00
282.89, 164.00
283.24, 160.00
283.60, 154.00
283.95, 158.00
284.31, 165.00
284.66, 166.00
285.02, 166.00
285.37, 167.00
285.73, 168.00
286.08, 173.00
286.44, 160.00
286.79, 162.00
287.14, 160.00
287.50, 155.00
287.85, 151.00
288.21, 155.00
288.56, 153.00
288.92, 153.00
289.27, 157.00
289.63, 156.00
289.98, 157.00
290.34, 149.00
290.69, 158.00
291.04, 146.00
291.40, 152.00
291.75, 154.00
292.11, 162.00
292.46, 147.00
292.81, 160.00
293.17, 151.00
293.52, 160.00
293.88, 169.00
294.23, 169.00
294.59, 179.00
294.94, 195.00
295.29, 199.00
295.65, 205.00
296.00, 222.00
296.36, 203.00
296.71, 190.00
297.06, 194.00
297.42, 199.00
297.77, 206.00
298.12, 188.00
298.48, 185.00
298.83, 178.00
299.19, 182.00
299.54, 182.00
299.89, 180.00
300.25, 183.00
300.60, 181.00
300.95, 178.00
301.31, 162.00
301.66, 157.00
302.01, 162.00
302.37, 159.00
302.72, 158.00
303.07, 161.00
303.43, 172.00
303.78, 162.00
304.13, 179.00
304.49, 176.00
304.84, 181.00
305.19, 215.00
305.55, 170.00
305.90, 185.00
306.25, 215.00
306.61, 279.00
306.96, 325.00
307.31, 409.00
307.66, 553.00
308.02, 717.00
308.37, 835.00
308.72, 950.00
309.08, 954.00
309.43, 892.00
309.78, 766.00
310.13, 680.00
310.49, 588.00
310.84, 489.00
311.19, 432.00
311.54, 389.00
311.90, 337.00
312.25, 329.00
312.60, 331.00
312.95, 404.00
313.31, 441.00
313.66, 439.00
314.01, 435.00
314.36, 441.00
314.72, 501.00
315.07, 645.00
315.42, 790.00
315.77, 842.00
316.13, 669.00
316.48, 464.00
316.83, 331.00
317.18, 257.00
317.54, 207.00
317.89, 183.00
318.24, 182.00
318.59, 171.00
318.94, 176.00
319.30, 172.00
319.65, 176.00
320.00, 176.00
320.35, 182.00
320.70, 185.00
321.05, 181.00
321.41, 178.00
321.76, 180.00
322.11, 177.00
322.46, 174.00
322.81, 212.00
323.17, 170.00
323.52, 171.00
323.87, 170.00
324.22, 171.00
324.57, 180.00
324.92, 180.00
325.27, 179.00
325.63, 192.00
325.98, 188.00
326.33, 210.00
326.68, 194.00
327.03, 201.00
327.38, 194.00
327.73, 215.00
328.09, 220.00
328.44, 247.00
328.79, 213.00
329.14, 247.00
329.49, 207.00
329.84, 206.00
330.19, 211.00
330.54, 209.00
330.89, 214.00
331.25, 188.00
331.60, 193.00
331.95, 183.00
332.30, 190.00
332.65, 197.00
333.00, 214.00
333.35, 263.00
333.70, 276.00
334.05, 245.00
334.40, 260.00
334.75, 298.00
335.10, 413.00
335.45, 575.00
335.81, 834.00
336.16, 1241.00
336.51, 1718.00
336.86, 1767.00
337.21, 1580.00
337.56, 975.00
337.91, 603.00
338.26, 372.00
338.61, 259.00
338.96, 215.00
339.31, 190.00
339.66, 186.00
340.01, 195.00
340.36, 178.00
340.71, 176.00
341.06, 164.00
341.41, 176.00
341.76, 176.00
342.11, 176.00
342.46, 174.00
342.81, 181.00
343.16, 170.00
343.51, 179.00
343.86, 186.00
344.21, 176.00
344.56, 177.00
344.91, 174.00
345.26, 181.00
345.61, 184.00
345.96, 172.00
346.31, 174.00
346.66, 200.00
347.01, 170.00
347.36, 195.00
347.71, 173.00
348.06, 175.00
348.41, 189.00
348.76, 209.00
349.10, 204.00
349.45, 225.00
349.80, 219.00
350.15, 219.00
350.50, 209.00
350.85, 222.00
351.20, 227.00
351.55, 265.00
351.90, 301.00
352.25, 375.00
352.60, 492.00
352.95, 631.00
353.30, 688.00
353.64, 612.00
353.99, 476.00
354.34, 405.00
354.69, 369.00
355.04, 387.00
355.39, 451.00
355.74, 589.00
356.09, 753.00
356.44, 936.00
356.78, 1273.00
357.13, 1449.00
357.48, 1403.00
357.83, 1080.00
358.18, 701.00
358.53, 461.00
358.88, 296.00
359.22, 236.00
359.57, 189.00
359.92, 184.00
360.27, 181.00
360.62, 188.00
360.97, 181.00
361.32, 181.00
361.66, 182.00
362.01, 178.00
362.36, 182.00
362.71, 191.00
363.06, 196.00
363.40, 194.00
363.75, 195.00
364.10, 199.00
364.45, 195.00
364.80, 192.00
365.14, 188.00
365.49, 193.00
365.84, 198.00
366.19, 209.00
366.54, 215.00
366.88, 236.00
367.23, 209.00
367.58, 242.00
367.93, 188.00
368.28, 181.00
368.62, 189.00
368.97, 203.00
369.32, 226.00
369.67, 234.00
370.01, 283.00
370.36, 303.00
370.71, 314.00
371.06, 276.00
371.40, 246.00
371.75, 215.00
372.10, 209.00
372.45, 194.00
372.79, 209.00
373.14, 235.00
373.49, 276.00
373.83, 329.00
374.18, 408.00
374.53, 495.00
374.88, 573.00
375.22, 574.00
375.57, 457.00
375.92, 354.00
376.26, 275.00
376.61, 225.00
376.96, 199.00
377.30, 218.00
377.65, 241.00
378.00, 254.00
378.35, 312.00
378.69, 376.00
379.04, 464.00
379.39, 605.00
379.73, 750.00
380.08, 760.00
380.43, 583.00
380.77, 415.00
381.12, 342.00
381.47, 283.00
381.81, 225.00
382.16, 199.00
382.50, 202.00
382.85, 269.00
383.20, 193.00
383.54, 203.00
383.89, 208.00
384.24, 214.00
384.58, 230.00
384.93, 263.00
385.27, 252.00
385.62, 255.00
385.97, 248.00
386.31, 242.00
386.66, 270.00
387.00, 245.00
387.35, 263.00
387.70, 271.00
388.04, 386.00
388.39, 385.00
388.73, 474.00
389.08, 578.00
389.43, 709.00
389.77, 837.00
390.12, 1038.00
390.46, 1421.00
390.81, 1576.00
391.15, 1527.00
391.50, 1149.00
391.85, 742.00
392.19, 532.00
392.54, 346.00
392.88, 291.00
393.23, 295.00
393.57, 290.00
393.92, 289.00
394.26, 255.00
394.61, 221.00
394.95, 212.00
395.30, 183.00
395.64, 184.00
395.99, 226.00
396.33, 186.00
396.68, 201.00
397.02, 206.00
397.37, 224.00
397.71, 248.00
398.06, 270.00
398.40, 308.00
398.75, 357.00
399.09, 379.00
399.44, 389.00
399.78, 321.00
400.13, 271.00
400.47, 223.00
400.82, 191.00
401.16, 185.00
401.51, 197.00
401.85, 188.00
402.20, 190.00
402.54, 189.00
402.88, 198.00
403.23, 214.00
403.57, 222.00
403.92, 240.00
404.26, 324.00
404.61, 305.00
404.95, 392.00
405.30, 361.00
405.64, 334.00
405.98, 308.00
406.33, 258.00
406.67, 216.00
407.02, 192.00
407.36, 201.00
407.70, 199.00
408.05, 206.00
408.39, 214.00
408.74, 221.00
409.08, 234.00
409.42, 207.00
409.77, 202.00
410.11, 218.00
410.46, 201.00
410.80, 207.00
411.14, 217.00
411.49, 231.00
411.83, 232.00
412.17, 224.00
412.52, 231.00
412.86, 251.00
413.20, 249.00
413.55, 253.00
413.89, 238.00
414.23, 226.00
414.58, 247.00
414.92, 204.00
415.26, 199.00
415.61, 197.00
415.95, 197.00
416.29, 203.00
416.64, 199.00
416.98, 208.00
417.32, 213.00
417.67, 244.00
418.01, 248.00
418.35, 267.00
418.70, 303.00
419.04, 342.00
419.38, 325.00
419.72, 318.00
420.07, 279.00
420.41, 241.00
420.75, 213.00
421.10, 201.00
421.44, 207.00
421.78, 204.00
422.12, 206.00
422.47, 208.00
422.81, 224.00
423.15, 233.00
423.49, 241.00
423.84, 227.00
424.18, 241.00
424.52, 249.00
424.86, 294.00
425.21, 370.00
425.55, 392.00
425.89, 465.00
426.23, 545.00
426.57, 663.00
426.92, 693.00
427.26, 723.00
427.60, 621.00
427.94, 444.00
428.28, 338.00
428.63, 273.00
428.97, 230.00
429.31, 206.00
429.65, 187.00
429.99, 193.00
430.34, 183.00
430.68, 192.00
431.02, 197.00
431.36, 185.00
431.70, 203.00
432.04, 199.00
432.39, 211.00
432.73, 217.00
433.07, 223.00
433.41, 237.00
433.75, 243.00
434.09, 238.00
434.43, 222.00
434.78, 211.00
435.12, 209.00
435.46, 212.00
435.80, 220.00
436.14, 220.00
436.48, 211.00
436.82, 226.00
437.16, 221.00
437.51, 216.00
437.85, 209.00
438.19, 247.00
438.53, 204.00
438.87, 218.00
439.21, 219.00
439.55, 221.00
439.89, 230.00
440.23, 226.00
440.57, 241.00
440.91, 239.00
441.26, 234.00
441.60, 218.00
441.94, 214.00
442.28, 209.00
442.62, 206.00
442.96, 199.00
443.30, 200.00
443.64, 201.00
443.98, 197.00
444.32, 200.00
444.66, 190.00
445.00, 203.00
445.34, 204.00
445.68, 204.00
446.02, 205.00
446.36, 198.00
446.70, 202.00
447.04, 202.00
447.38, 226.00
447.72, 214.00
448.06, 215.00
448.40, 217.00
448.74, 205.00
449.08, 212.00
449.42, 198.00
449.76, 197.00
450.10, 201.00
450.44, 194.00
450.78, 194.00
451.12, 194.00
451.46, 200.00
451.80, 203.00
452.14, 184.00
452.48, 188.00
452.82, 196.00
453.16, 190.00
453.50, 194.00
453.84, 193.00
454.18, 232.00
454.52, 206.00
454.86, 206.00
455.19, 223.00
455.53, 210.00
455.87, 209.00
456.21, 220.00
456.55, 222.00
456.89, 215.00
457.23, 218.00
457.57, 203.00
457.91, 214.00
458.25, 218.00
458.59, 226.00
458.92, 234.00
459.26, 233.00
459.60, 241.00
459.94, 222.00
460.28, 201.00
460.62, 201.00
460.96, 187.00
461.30, 187.00
461.63, 194.00
461.97, 189.00
462.31, 192.00
462.65, 198.00
462.99, 209.00
463.33, 206.00
463.67, 209.00
464.00, 217.00
464.34, 224.00
464.68, 221.00
465.02, 228.00
465.36, 224.00
465.70, 219.00
466.03, 219.00
466.37, 207.00
466.71, 215.00
467.05, 224.00
467.39, 237.00
467.72, 242.00
468.06, 259.00
468.40, 270.00
468.74, 271.00
469.08, 284.00
469.41, 302.00
469.75, 325.00
470.09, 346.00
470.43, 352.00
470.76, 307.00
471.10, 279.00
471.44, 274.00
471.78, 258.00
472.11, 244.00
472.45, 236.00
472.79, 233.00
473.13, 233.00
473.46, 234.00
473.80, 228.00
474.14, 218.00
474.48, 218.00
474.81, 217.00
475.15, 210.00
475.49, 218.00
475.82, 218.00
476.16, 224.00
476.50, 205.00
476.84, 223.00
477.17, 215.00
477.51, 215.00
477.85, 207.00
478.18, 229.00
478.52, 208.00
478.86, 266.00
479.19, 232.00
479.53, 215.00
479.87, 268.00
480.20, 230.00
480.54, 219.00
480.88, 218.00
481.21, 217.00
481.55, 214.00
481.89, 211.00
482.22, 209.00
482.56, 217.00
482.90, 216.00
483.23, 215.00
483.57, 217.00
483.90, 219.00
484.24, 217.00
484.58, 217.00
484.91, 214.00
485.25, 222.00
485.58, 218.00
485.92, 223.00
486.26, 220.00
486.59, 221.00
486.93, 221.00
487.26, 222.00
487.60, 227.00
487.94, 227.00
488.27, 233.00
488.61, 223.00
488.94, 223.00
489.28, 219.00
489.61, 225.00
489.95, 219.00
490.29, 232.00
490.62, 236.00
490.96, 227.00
491.29, 236.00
491.63, 229.00
491.96, 222.00
492.30, 225.00
492.63, 223.00
492.97, 217.00
493.30, 220.00
493.64, 225.00
493.97, 225.00
494.31, 230.00
494.64, 230.00
494.98, 230.00
495.31, 227.00
495.65, 217.00
495.98, 235.00
496.32, 227.00
496.65, 255.00
496.99, 218.00
497.32, 220.00
497.66, 216.00
497.99, 212.00
498.33, 214.00
498.66, 214.00
499.00, 221.00
499.33, 213.00
499.67, 218.00
500.00, 220.00
500.34, 227.00
500.67, 229.00
501.00, 231.00
501.34, 223.00
501.67, 223.00
502.01, 218.00
502.34, 217.00
502.68, 232.00
503.01, 237.00
503.34, 231.00
503.68, 234.00
504.01, 238.00
504.35, 235.00
504.68, 239.00
505.01, 243.00
505.35, 242.00
505.68, 236.00
506.02, 251.00
506.35, 250.00
506.68, 259.00
507.02, 239.00
507.35, 234.00
507.68, 238.00
508.02, 238.00
508.35, 243.00
508.69, 231.00
509.02, 227.00
509.35, 231.00
509.69, 230.00
510.02, 233.00
510.35, 229.00
510.69, 223.00
511.02, 230.00
511.35, 230.00
511.69, 226.00
512.02, 219.00
512.35, 224.00
512.68, 221.00
513.02, 234.00
513.35, 218.00
513.68, 217.00
514.02, 224.00
514.35, 216.00
514.68, 229.00
515.01, 224.00
515.35, 221.00
515.68, 211.00
516.01, 215.00
516.35, 210.00
516.68, 211.00
517.01, 207.00
517.34, 217.00
517.68, 210.00
518.01, 222.00
518.34, 208.00
518.67, 212.00
519.01, 217.00
519.34, 226.00
519.67, 229.00
520.00, 219.00
520.33, 228.00
520.67, 222.00
521.00, 226.00
521.33, 226.00
521.66, 244.00
522.00, 231.00
522.33, 228.00
522.66, 226.00
522.99, 218.00
523.32, 232.00
523.65, 219.00
523.99, 223.00
524.32, 225.00
524.65, 218.00
524.98, 219.00
525.31, 224.00
525.65, 246.00
525.98, 225.00
526.31, 216.00
526.64, 222.00
526.97, 219.00
527.30, 221.00
527.63, 208.00
527.97, 215.00
528.30, 213.00
528.63, 210.00
528.96, 238.00
529.29, 212.00
529.62, 215.00
529.95, 202.00
530.28, 206.00
530.61, 200.00
530.95, 207.00
531.28, 206.00
531.61, 208.00
531.94, 220.00
532.27, 227.00
532.60, 214.00
532.93, 214.00
533.26, 208.00
533.59, 208.00
533.92, 210.00
534.25, 202.00
534.58, 244.00
534.91, 210.00
535.25, 205.00
535.58, 207.00
535.91, 202.00
536.24, 203.00
536.57, 209.00
536.90, 204.00
537.23, 206.00
537.56, 240.00
537.89, 208.00
538.22, 199.00
538.55, 199.00
538.88, 205.00
539.21, 326.00
539.54, 200.00
539.87, 201.00
540.20, 200.00
540.53, 196.00
540.86, 226.00
541.19, 195.00
541.52, 197.00
541.85, 201.00
542.18, 219.00
542.51, 215.00
542.84, 219.00
543.17, 213.00
543.50, 208.00
543.82, 211.00
544.15, 217.00
544.48, 213.00
544.81, 208.00
545.14, 239.00
545.47, 209.00
545.80, 246.00
546.13, 203.00
546.46, 245.00
546.79, 234.00
547.12, 200.00
547.45, 205.00
547.78, 202.00
548.10, 204.00
548.43, 201.00
548.76, 204.00
549.09, 206.00
549.42, 204.00
549.75, 203.00
550.08, 206.00
550.41, 209.00
550.74, 214.00
551.06, 207.00
551.39, 209.00
551.72, 197.00
552.05, 202.00
552.38, 204.00
552.71, 207.00
553.03, 210.00
553.36, 210.00
553.69, 210.00
554.02, 203.00
554.35, 207.00
554.68, 202.00
555.00, 206.00
555.33, 208.00
555.66, 207.00
555.99, 226.00
556.32, 218.00
556.64, 215.00
556.97, 226.00
557.30, 222.00
557.63, 223.00
557.96, 231.00
558.28, 224.00
558.61, 230.00
558.94, 222.00
559.27, 223.00
559.59, 226.00
559.92, 212.00
560.25, 214.00
560.58, 216.00
560.90, 226.00
561.23, 216.00
561.56, 220.00
561.89, 217.00
562.21, 210.00
562.54, 205.00
562.87, 202.00
563.20, 210.00
563.52, 195.00
563.85, 186.00
564.18, 215.00
564.50, 202.00
564.83, 221.00
565.16, 254.00
565.48, 190.00
565.81, 202.00
566.14, 185.00
566.47, 192.00
566.79, 184.00
567.12, 186.00
567.45, 218.00
567.77, 189.00
568.10, 197.00
568.43, 196.00
568.75, 188.00
569.08, 194.00
569.40, 232.00
569.73, 196.00
570.06, 186.00
570.38, 190.00
570.71, 189.00
571.04, 186.00
571.36, 196.00
571.69, 196.00
572.01, 198.00
572.34, 191.00
572.67, 194.00
572.99, 192.00
573.32, 212.00
573.64, 193.00
573.97, 183.00
574.30, 196.00
574.62, 195.00
574.95, 192.00
575.27, 194.00
575.60, 189.00
575.92, 188.00
576.25, 184.00
576.58, 199.00
576.90, 189.00
577.23, 226.00
577.55, 193.00
577.88, 187.00
578.20, 188.00
578.53, 190.00
578.85, 205.00
579.18, 199.00
579.50, 185.00
579.83, 196.00
580.15, 194.00
580.48, 195.00
580.80, 192.00
581.13, 195.00
581.45, 193.00
581.78, 190.00
582.10, 197.00
582.43, 194.00
582.75, 194.00
583.08, 187.00
583.40, 194.00
583.73, 255.00
584.05, 193.00
584.38, 192.00
584.70, 246.00
585.03, 196.00
585.35, 204.00
585.67, 204.00
586.00, 214.00
586.32, 225.00
586.65, 239.00
586.97, 238.00
587.30, 232.00
587.62, 211.00
587.94, 225.00
588.27, 204.00
588.59, 205.00
588.92, 207.00
589.24, 201.00
589.56, 203.00
589.89, 207.00
590.21, 192.00
590.54, 193.00
590.86, 197.00
591.18, 199.00
591.51, 199.00
591.83, 211.00
592.15, 205.00
592.48, 194.00
592.80, 208.00
593.13, 206.00
593.45, 212.00
593.77, 211.00
594.10, 210.00
594.42, 216.00
594.74, 218.00
595.07, 218.00
595.39, 220.00
595.71, 222.00
596.03, 222.00
596.36, 224.00
596.68, 233.00
597.00, 235.00
597.33, 235.00
597.65, 236.00
597.97, 243.00
598.30, 237.00
598.62, 231.00
598.94, 229.00
599.26, 227.00
599.59, 229.00
599.91, 231.00
600.23, 225.00
600.55, 221.00
600.88, 215.00
601.20, 216.00
601.52, 204.00
601.84, 207.00
602.17, 197.00
602.49, 200.00
602.81, 192.00
603.13, 198.00
603.45, 206.00
603.78, 193.00
604.10, 195.00
604.42, 191.00
604.74, 189.00
605.07, 186.00
605.39, 187.00
605.71, 187.00
606.03, 188.00
606.35, 187.00
606.67, 196.00
607.00, 189.00
607.32, 181.00
607.64, 186.00
607.96, 181.00
608.28, 184.00
608.60, 178.00
608.93, 180.00
609.25, 184.00
609.57, 186.00
609.89, 179.00
610.21, 179.00
610.53, 181.00
610.85, 177.00
611.17, 177.00
611.50, 175.00
611.82, 175.00
612.14, 185.00
612.46, 177.00
612.78, 174.00
613.10, 178.00
613.42, 174.00
613.74, 187.00
614.06, 233.00
614.38, 215.00
614.70, 214.00
615.03, 223.00
615.35, 214.00
615.67, 317.00
615.99, 192.00
616.31, 192.00
616.63, 191.00
616.95, 183.00
617.27, 179.00
617.59, 181.00
617.91, 183.00
618.23, 182.00
618.55, 176.00
618.87, 167.00
619.19, 178.00
619.51, 177.00
619.83, 175.00
620.15, 172.00
620.47, 175.00
620.79, 172.00
621.11, 178.00
621.43, 171.00
621.75, 187.00
622.07, 172.00
622.39, 172.00
622.71, 179.00
623.03, 170.00
623.35, 223.00
623.67, 173.00
623.99, 172.00
624.31, 175.00
624.63, 181.00
624.95, 178.00
625.26, 172.00
625.58, 174.00
625.90, 198.00
626.22, 173.00
626.54, 178.00
626.86, 183.00
627.18, 174.00
627.50, 177.00
627.82, 177.00
628.14, 174.00
628.46, 183.00
628.77, 183.00
629.09, 186.00
629.41, 179.00
629.73, 181.00
630.05, 181.00
630.37, 183.00
630.69, 190.00
631.00, 194.00
631.32, 190.00
631.64, 187.00
631.96, 192.00
632.28, 188.00
632.60, 193.00
632.92, 192.00
633.23, 196.00
633.55, 198.00
633.87, 204.00
634.19, 205.00
634.51, 209.00
634.82, 216.00
635.14, 222.00
635.46, 213.00
635.78, 219.00
636.10, 208.00
636.41, 214.00
636.73, 210.00
637.05, 210.00
637.37, 209.00
637.68, 212.00
638.00, 216.00
638.32, 216.00
638.64, 220.00
638.95, 244.00
639.27, 229.00
639.59, 234.00
639.91, 219.00
640.22, 215.00
640.54, 212.00
640.86, 197.00
641.18, 210.00
641.49, 224.00
641.81, 211.00
642.13, 215.00
642.44, 197.00
642.76, 202.00
643.08, 201.00
643.40, 200.00
643.71, 209.00
644.03, 207.00
644.35, 214.00
644.66, 221.00
644.98, 208.00
645.30, 205.00
645.61, 222.00
645.93, 196.00
646.25, 196.00
646.56, 202.00
646.88, 226.00
647.19, 190.00
647.51, 194.00
647.83, 188.00
648.14, 184.00
648.46, 197.00
648.78, 194.00
649.09, 204.00
649.41, 237.00
649.72, 200.00
650.04, 208.00
650.36, 209.00
650.67, 212.00
650.99, 203.00
651.30, 207.00
651.62, 211.00
651.93, 214.00
652.25, 232.00
652.57, 265.00
652.88, 213.00
653.20, 210.00
653.51, 222.00
653.83, 203.00
654.14, 199.00
654.46, 200.00
654.77, 197.00
655.09, 201.00
655.40, 209.00
655.72, 205.00
656.04, 192.00
656.35, 197.00
656.67, 192.00
656.98, 199.00
657.30, 200.00
657.61, 199.00
657.93, 203.00
658.24, 212.00
658.55, 246.00
658.87, 208.00
659.18, 204.00
659.50, 210.00
659.81, 220.00
660.13, 213.00
660.44, 209.00
660.76, 205.00
661.07, 220.00
661.39, 204.00
661.70, 195.00
662.01, 191.00
662.33, 190.00
662.64, 193.00
662.96, 176.00
663.27, 179.00
663.59, 175.00
663.90, 179.00
664.21, 173.00
664.53, 206.00
664.84, 182.00
665.16, 202.00
665.47, 183.00
665.78, 180.00
666.10, 195.00
666.41, 190.00
666.72, 203.00
667.04, 208.00
667.35, 193.00
667.67, 191.00
667.98, 192.00
668.29, 191.00
668.61, 194.00
668.92, 194.00
669.23, 195.00
669.55, 186.00
669.86, 215.00
670.17, 183.00
670.48, 185.00
670.80, 179.00
671.11, 177.00
671.42, 174.00
671.74, 181.00
672.05, 179.00
672.36, 184.00
672.68, 177.00
672.99, 175.00
673.30, 191.00
673.61, 192.00
673.93, 198.00
674.24, 197.00
674.55, 199.00
674.86, 201.00
675.18, 200.00
675.49, 209.00
675.80, 205.00
676.11, 211.00
676.43, 215.00
676.74, 203.00
677.05, 210.00
677.36, 219.00
677.67, 208.00
677.99, 206.00
678.30, 194.00
678.61, 190.00
678.92, 182.00
679.23, 184.00
679.55, 184.00
679.86, 182.00
680.17, 183.00
680.48, 188.00
680.79, 179.00
681.10, 173.00
681.42, 178.00
681.73, 167.00
682.04, 176.00
682.35, 175.00
682.66, 172.00
682.97, 173.00
683.28, 178.00
683.60, 172.00
683.91, 171.00
684.22, 185.00
684.53, 169.00
684.84, 165.00
685.15, 176.00
685.46, 198.00
685.77, 169.00
686.08, 167.00
686.40, 214.00
686.71, 172.00
687.02, 165.00
687.33, 166.00
687.64, 162.00
687.95, 165.00
688.26, 163.00
688.57, 156.00
688.88, 163.00
689.19, 154.00
689.50, 160.00
689.81, 161.00
690.12, 156.00
690.43, 171.00
690.74, 161.00
691.05, 158.00
691.36, 165.00
691.67, 156.00
691.98, 159.00
692.29, 158.00
692.60, 158.00
692.91, 161.00
693.22, 157.00
693.53, 155.00
693.84, 164.00
694.15, 159.00
694.46, 155.00
694.77, 157.00
695.08, 160.00
695.39, 164.00
695.70, 154.00
696.01, 164.00
696.32, 154.00
696.63, 157.00
696.94, 162.00
697.25, 159.00
697.56, 157.00
697.87, 166.00
698.17, 197.00
698.48, 161.00
698.79, 153.00
699.10, 156.00
699.41, 162.00
699.72, 156.00
700.03, 161.00
700.34, 161.00
700.65, 163.00
700.95, 159.00
701.26, 161.00
701.57, 156.00
701.88, 163.00
702.19, 169.00
702.50, 161.00
702.81, 159.00
703.11, 176.00
703.42, 161.00
703.73, 164.00
704.04, 168.00
704.35, 168.00
704.66, 191.00
704.96, 259.00
705.27, 312.00
705.58, 331.00
705.89, 308.00
706.20, 258.00
706.50, 234.00
706.81, 229.00
707.12, 207.00
707.43, 191.00
707.73, 186.00
708.04, 165.00
708.35, 165.00
708.66, 156.00
708.97, 152.00
709.27, 161.00
709.58, 160.00
709.89, 156.00
710.19, 157.00
710.50, 161.00
710.81, 158.00
711.12, 160.00
711.42, 158.00
711.73, 167.00
712.04, 157.00
712.35, 158.00
712.65, 156.00
712.96, 163.00
713.27, 160.00
713.57, 189.00
713.88, 181.00
714.19, 154.00
714.49, 155.00
714.80, 155.00
715.11, 157.00
715.41, 158.00
715.72, 160.00
716.03, 157.00
716.33, 167.00
716.64, 143.00
716.94, 152.00
717.25, 153.00
717.56, 166.00
717.86, 159.00
718.17, 153.00
718.48, 152.00
718.78, 155.00
719.09, 154.00
719.39, 154.00
719.70, 156.00
720.01, 155.00
720.31, 151.00
720.62, 157.00
720.92, 155.00
721.23, 164.00
721.53, 161.00
721.84, 160.00
722.15, 162.00
722.45, 160.00
722.76, 181.00
723.06, 161.00
723.37, 163.00
723.67, 157.00
723.98, 162.00
724.28, 158.00
724.59, 166.00
724.89, 165.00
725.20, 159.00
725.50, 167.00
725.81, 162.00
726.11, 162.00
726.42, 160.00
726.72, 168.00
727.03, 201.00
727.33, 169.00
727.64, 168.00
727.94, 162.00
728.25, 158.00
728.55, 162.00
728.86, 178.00
729.16, 156.00
729.46, 156.00
729.77, 161.00
730.07, 155.00
730.38, 156.00
730.68, 149.00
730.99, 166.00
731.29, 155.00
731.59, 159.00
731.90, 155.00
732.20, 156.00
732.51, 154.00
732.81, 156.00
733.11, 165.00
733.42, 159.00
733.72, 165.00
734.02, 170.00
734.33, 160.00
734.63, 158.00
734.94, 159.00
735.24, 161.00
735.54, 158.00
735.85, 159.00
736.15, 157.00
736.45, 155.00
736.76, 164.00
737.06, 152.00
737.36, 157.00
737.67, 161.00
737.97, 161.00
738.27, 154.00
738.57, 153.00
738.88, 139.00
739.18, 190.00
739.48, 154.00
739.79, 153.00
740.09, 153.00
740.39, 154.00
740.69, 162.00
741.00, 155.00
741.30, 165.00
741.60, 158.00
741.90, 157.00
742.21, 158.00
742.51, 206.00
742.81, 160.00
743.11, 162.00
743.42, 194.00
743.72, 166.00
744.02, 174.00
744.32, 173.00
744.63, 180.00
744.93, 180.00
745.23, 179.00
745.53, 181.00
745.83, 172.00
746.13, 172.00
746.44, 180.00
746.74, 179.00
747.04, 178.00
747.34, 177.00
747.64, 182.00
747.94, 178.00
748.25, 177.00
748.55, 178.00
748.85, 190.00
749.15, 182.00
749.45, 211.00
749.75, 202.00
750.05, 178.00
750.35, 170.00
750.66, 181.00
750.96, 171.00
751.26, 165.00
751.56, 158.00
751.86, 169.00
752.16, 153.00
752.46, 159.00
752.76, 156.00
753.06, 157.00
753.36, 192.00
753.66, 154.00
753.96, 154.00
754.27, 156.00
754.57, 157.00
754.87, 158.00
755.17, 155.00
755.47, 161.00
755.77, 160.00
756.07, 160.00
756.37, 169.00
756.67, 165.00
756.97, 160.00
757.27, 171.00
757.57, 166.00
757.87, 172.00
758.17, 168.00
758.47, 175.00
758.77, 172.00
759.07, 166.00
759.37, 171.00
759.67, 166.00
759.97, 169.00
760.27, 171.00
760.57, 162.00
760.86, 165.00
761.16, 162.00
761.46, 163.00
761.76, 196.00
762.06, 163.00
762.36, 166.00
762.66, 163.00
762.96, 158.00
763.26, 163.00
763.56, 185.00
763.86, 166.00
764.16, 154.00
764.45, 166.00
764.75, 163.00
765.05, 154.00
765.35, 154.00
765.65, 154.00
765.95, 158.00
766.25, 154.00
766.55, 164.00
766.84, 161.00
767.14, 156.00
767.44, 158.00
767.74, 158.00
768.04, 156.00
768.34, 154.00
768.63, 156.00
768.93, 153.00
769.23, 170.00
769.53, 167.00
769.83, 167.00
770.12, 167.00
770.42, 175.00
770.72, 167.00
771.02, 163.00
771.32, 163.00
771.61, 167.00
771.91, 168.00
772.21, 164.00
772.51, 169.00
772.80, 165.00
773.10, 169.00
773.40, 171.00
773.70, 171.00
773.99, 168.00
774.29, 174.00
774.59, 173.00
774.88, 171.00
775.18, 203.00
775.48, 416.00
775.78, 762.00
776.07, 989.00
776.37, 1038.00
776.67, 815.00
776.96, 551.00
777.26, 488.00
777.56, 363.00
777.85, 329.00
778.15, 306.00
778.45, 283.00
778.74, 247.00
779.04, 207.00
779.34, 180.00
779.63, 170.00
779.93, 153.00
780.22, 156.00
780.52, 144.00
780.82, 148.00
781.11, 152.00
781.41, 150.00
781.71, 153.00
782.00, 149.00
782.30, 152.00
782.59, 154.00
782.89, 154.00
783.19, 150.00
783.48, 145.00
783.78, 144.00
784.07, 156.00
784.37, 151.00
784.66, 152.00
784.96, 148.00
785.25, 152.00
785.55, 149.00
785.84, 147.00
786.14, 151.00
786.44, 151.00
786.73, 152.00
787.03, 149.00
787.32, 151.00
787.62, 144.00
787.91, 145.00
788.21, 148.00
788.50, 148.00
788.80, 140.00
789.09, 151.00
789.39, 150.00
789.68, 150.00
789.97, 148.00
790.27, 147.00
790.56, 147.00
790.86, 156.00
791.15, 149.00
791.45, 139.00
791.74, 170.00
792.04, 148.00
792.33, 144.00
792.62, 176.00
792.92, 145.00
793.21, 145.00
793.51, 151.00
793.80, 148.00
794.09, 147.00
794.39, 146.00
794.68, 145.00
794.98, 147.00
795.27, 143.00
795.56, 147.00
795.86, 151.00
796.15, 148.00
796.44, 151.00
796.74, 147.00
797.03, 144.00
797.32, 148.00
797.62, 145.00
797.91, 153.00
798.20, 150.00
798.50, 156.00
798.79, 160.00
799.08, 147.00
799.38, 144.00
799.67, 149.00
799.96, 159.00
800.26, 172.00
800.55, 149.00
800.84, 152.00
801.13, 150.00
801.43, 144.00
801.72, 181.00
802.01, 144.00
802.30, 147.00
802.60, 150.00
802.89, 148.00
803.18, 146.00
803.47, 146.00
803.77, 148.00
804.06, 151.00
804.35, 149.00
804.64, 164.00
804.94, 152.00
805.23, 152.00
805.52, 152.00
805.81, 152.00
806.10, 151.00
806.39, 146.00
806.69, 147.00
806.98, 147.00
807.27, 143.00
807.56, 153.00
807.85, 148.00
808.14, 142.00
808.44, 153.00
808.73, 147.00
809.02, 160.00
809.31, 148.00
809.60, 153.00
809.89, 159.00
810.18, 148.00
810.48, 154.00
810.77, 150.00
811.06, 144.00
811.35, 147.00
811.64, 145.00
811.93, 164.00
812.22, 143.00
812.51, 148.00
812.80, 142.00
813.09, 141.00
813.38, 145.00
813.67, 165.00
813.96, 145.00
814.26, 145.00
814.55, 148.00
814.84, 145.00
815.13, 151.00
815.42, 147.00
815.71, 151.00
816.00, 143.00
816.29, 149.00
816.58, 149.00
816.87, 147.00
817.16, 145.00
817.45, 153.00
817.74, 147.00
818.03, 146.00
818.32, 143.00
818.61, 141.00
818.90, 150.00
819.19, 138.00
819.48, 143.00
819.76, 144.00
820.05, 143.00
820.34, 136.00
820.63, 138.00
820.92, 140.00
821.21, 141.00
821.50, 142.00
821.79, 142.00
822.08, 141.00
822.37, 145.00
822.66, 141.00
822.95, 146.00
823.23, 140.00
823.52, 165.00
823.81, 148.00
824.10, 143.00
824.39, 144.00
824.68, 142.00
824.97, 159.00
825.26, 144.00
825.54, 192.00
825.83, 149.00
826.12, 143.00
826.41, 146.00
826.70, 146.00
826.99, 153.00
827.27, 142.00
827.56, 166.00
827.85, 144.00
828.14, 147.00
828.43, 148.00
828.71, 148.00
829.00, 143.00
829.29, 144.00
829.58, 152.00
829.86, 146.00
830.15, 147.00
830.44, 142.00
830.73, 146.00
831.01, 144.00
831.30, 143.00
831.59, 140.00
831.88, 144.00
832.16, 139.00
832.45, 152.00
832.74, 142.00
833.03, 141.00
833.31, 143.00
833.60, 151.00
833.89, 138.00
834.17, 146.00
834.46, 141.00
834.75, 144.00
835.03, 143.00
835.32, 142.00
835.61, 144.00
835.89, 160.00
836.18, 145.00
836.47, 143.00
836.75, 143.00
837.04, 147.00
837.33, 147.00
837.61, 149.00
837.90, 145.00
838.19, 141.00
838.47, 144.00
838.76, 149.00
839.04, 142.00
839.33, 145.00
839.62, 145.00
839.90, 143.00
840.19, 144.00
840.47, 142.00
840.76, 169.00
841.04, 145.00
841.33, 146.00
841.62, 148.00
841.90, 143.00
842.19, 138.00
842.47, 302.00
842.76, 145.00
843.04, 150.00
843.33, 176.00
843.61, 163.00
843.90, 163.00
844.18, 163.00
844.47, 162.00
844.75, 166.00
845.04, 154.00
845.32, 156.00
845.61, 154.00
845.89, 156.00
846.18, 152.00
846.46, 156.00
846.75, 147.00
847.03, 156.00
847.32, 145.00
847.60, 145.00
847.88, 142.00
848.17, 150.00
848.45, 163.00
848.74, 145.00
849.02, 142.00
849.31, 141.00
849.59, 144.00
849.87, 140.00
850.16, 144.00
850.44, 150.00
850.73, 180.00
851.01, 148.00
851.29, 143.00
851.58, 157.00
851.86, 143.00
852.14, 138.00
852.43, 145.00
852.71, 146.00
853.00, 144.00
853.28, 149.00
853.56, 143.00
853.85, 147.00
854.13, 143.00
854.41, 146.00
854.69, 143.00
854.98, 144.00
855.26, 198.00
855.54, 143.00
855.83, 152.00
856.11, 153.00
856.39, 149.00
856.68, 146.00
856.96, 142.00
857.24, 143.00
857.52, 148.00
857.81, 141.00
858.09, 145.00
858.37, 143.00
858.65, 140.00
858.94, 142.00
859.22, 142.00
