190.05, 0.00
190.41, 130.00
190.77, 135.00
191.14, 137.00
191.50, 135.00
191.86, 155.00
192.22, 148.00
192.58, 145.00
192.94, 142.00
193.31, 142.00
193.67, 145.00
194.03, 150.00
194.39, 148.00
194.75, 143.00
195.11, 151.00
195.47, 160.00
195.84, 146.00
196.20, 147.00
196.56, 159.00
196.92, 146.00
197.28, 144.00
197.64, 142.00
198.00, 145.00
198.37, 143.00
198.73, 146.00
199.09, 140.00
199.45, 143.00
199.81, 147.00
200.17, 151.00
200.53, 141.00
200.89, 152.00
201.25, 182.00
201.62, 143.00
201.98, 140.00
202.34, 145.00
202.70, 152.00
203.06, 138.00
203.42, 141.00
203.78, 144.00
204.14, 147.00
204.50, 175.00
204.86, 155.00
205.22, 151.00
205.58, 152.00
205.95, 149.00
206.31, 143.00
206.67, 145.00
207.03, 148.00
207.39, 157.00
207.75, 144.00
208.11, 146.00
208.47, 145.00
208.83, 152.00
209.19, 149.00
209.55, 146.00
209.91, 145.00
210.27, 154.00
210.63, 147.00
210.99, 156.00
211.35, 141.00
211.71, 144.00
212.07, 145.00
212.43, 148.00
212.79, 149.00
213.15, 148.00
213.51, 143.00
213.87, 148.00
214.23, 145.00
214.59, 149.00
214.95, 142.00
215.31, 145.00
215.67, 142.00
216.03, 179.00
216.39, 145.00
216.75, 141.00
217.11, 147.00
217.47, 147.00
217.83, 144.00
218.19, 149.00
218.55, 148.00
218.91, 146.00
219.27, 144.00
219.63, 149.00
219.99, 144.00
220.35, 139.00
220.71, 152.00
221.07, 145.00
221.43, 145.00
221.79, 145.00
222.15, 146.00
222.51, 146.00
222.87, 147.00
223.23, 146.00
223.59, 145.00
223.95, 141.00
224.31, 144.00
224.67, 144.00
225.03, 147.00
225.39, 153.00
225.74, 150.00
226.10, 145.00
226.46, 137.00
226.82, 148.00
227.18, 144.00
227.54, 144.00
227.90, 150.00
228.26, 146.00
228.62, 153.00
228.98, 143.00
229.34, 141.00
229.69, 141.00
230.05, 142.00
230.41, 145.00
230.77, 152.00
231.13, 148.00
231.49, 141.00
231.85, 143.00
232.21, 148.00
232.57, 147.00
232.92, 146.00
233.28, 139.00
233.64, 146.00
234.00, 145.00
234.36, 143.00
234.72, 141.00
235.08, 150.00
235.44, 145.00
235.79, 144.00
236.15, 152.00
236.51, 143.00
236.87, 141.00
237.23, 144.00
237.59, 145.00
237.94, 157.00
238.30, 147.00
238.66, 142.00
239.02, 142.00
239.38, 141.00
239.74, 139.00
240.09, 149.00
240.45, 140.00
240.81, 141.00
241.17, 147.00
241.53, 144.00
241.89, 145.00
242.24, 144.00
242.60, 145.00
242.96, 148.00
243.32, 144.00
243.68, 147.00
244.03, 151.00
244.39, 151.00
244.75, 166.00
245.11, 145.00
245.46, 148.00
245.82, 178.00
246.18, 145.00
246.54, 149.00
246.90, 141.00
247.25, 142.00
247.61, 142.00
247.97, 185.00
248.33, 142.00
248.68, 143.00
249.04, 141.00
249.40, 143.00
249.76, 147.00
250.11, 147.00
250.47, 147.00
250.83, 151.00
251.19, 150.00
251.54, 149.00
251.90, 144.00
252.26, 145.00
252.62, 144.00
252.97, 146.00
253.33, 142.00
253.69, 144.00
254.05, 147.00
254.40, 144.00
254.76, 141.00
255.12, 168.00
255.47, 149.00
255.83, 147.00
256.19, 145.00
256.54, 144.00
256.90, 144.00
257.26, 143.00
257.62, 145.00
257.97, 141.00
258.33, 146.00
258.69, 147.00
259.04, 141.00
259.40, 144.00
259.76, 146.00
260.11, 143.00
260.47, 142.00
260.83, 146.00
261.18, 140.00
261.54, 154.00
261.90, 149.00
262.25, 146.00
262.61, 151.00
262.97, 134.00
263.32, 142.00
263.68, 140.00
264.04, 148.00
264.39, 143.00
264.75, 143.00
265.10, 145.00
265.46, 191.00
265.82, 155.00
266.17, 143.00
266.53, 141.00
266.89, 146.00
267.24, 149.00
267.60, 143.00
267.95, 144.00
268.31, 143.00
268.67, 141.00
269.02, 141.00
269.38, 142.00
269.74, 150.00
270.09, 144.00
270.45, 140.00
270.80, 160.00
271.16, 150.00
271.51, 149.00
271.87, 154.00
272.23, 152.00
272.58, 149.00
272.94, 150.00
273.29, 143.00
273.65, 189.00
274.00, 147.00
274.36, 143.00
274.72, 141.00
275.07, 142.00
275.43, 146.00
275.78, 152.00
276.14, 146.00
276.49, 151.00
276.85, 151.00
277.20, 163.00
277.56, 151.00
277.92, 142.00
278.27, 146.00
278.63, 150.00
278.98, 148.00
279.34, 145.00
279.69, 146.00
280.05, 171.00
280.40, 151.00
280.76, 158.00
281.11, 156.00
281.47, 150.00
281.82, 148.00
282.18, 150.00
282.53, 159.00
282.89, 166.00
283.24, 164.00
283.60, 162.00
283.95, 161.00
284.31, 163.00
284.66, 167.00
285.02, 162.00
285.37, 173.00
285.73, 167.00
286.08, 173.00
286.44, 155.00
286.79, 157.00
287.14, 158.00
287.50, 158.00
287.85, 146.00
288.21, 158.00
288.56, 153.00
288.92, 154.00
289.27, 156.00
289.63, 156.00
289.98, 161.00
290.34, 152.00
290.69, 163.00
291.04, 147.00
291.40, 149.00
291.75, 148.00
292.11, 157.00
292.46, 152.00
292.81, 164.00
293.17, 155.00
293.52, 163.00
293.88, 170.00
294.23, 171.00
294.59, 183.00
294.94, 194.00
295.29, 196.00
295.65, 214.00
296.00, 224.00
296.36, 188.00
296.71, 199.00
297.06, 204.00
297.42, 201.00
297.77, 200.00
298.12, 187.00
298.48, 178.00
298.83, 178.00
299.19, 181.00
299.54, 187.00
299.89, 183.00
300.25, 180.00
300.60, 183.00
300.95, 180.00
301.31, 158.00
301.66, 157.00
302.01, 159.00
302.37, 159.00
302.72, 162.00
303.07, 162.00
303.43, 171.00
303.78, 175.00
304.13, 180.00
304.49, 178.00
304.84, 190.00
305.19, 223.00
305.55, 176.00
305.90, 183.00
306.25, 224.00
306.61, 280.00
306.96, 340.00
307.31, 431.00
307.66, 584.00
308.02, 756.00
308.37, 876.00
308.72, 985.00
309.08, 974.00
309.43, 931.00
309.78, 809.00
310.13, 702.00
310.49, 613.00
310.84, 499.00
311.19, 459.00
311.54, 404.00
311.90, 351.00
312.25, 325.00
312.60, 339.00
312.95, 417.00
313.31, 458.00
313.66, 448.00
314.01, 460.00
314.36, 459.00
314.72, 522.00
315.07, 658.00
315.42, 815.00
315.77, 864.00
316.13, 720.00
316.48, 494.00
316.83, 341.00
317.18, 258.00
317.54, 214.00
317.89, 184.00
318.24, 182.00
318.59, 178.00
318.94, 173.00
319.30, 172.00
319.65, 186.00
320.00, 184.00
320.35, 182.00
320.70, 189.00
321.05, 181.00
321.41, 186.00
321.76, 176.00
322.11, 173.00
322.46, 171.00
322.81, 216.00
323.17, 174.00
323.52, 170.00
323.87, 170.00
324.22, 170.00
324.57, 177.00
324.92, 177.00
325.27, 186.00
325.63, 197.00
325.98, 186.00
326.33, 207.00
326.68, 200.00
327.03, 197.00
327.38, 201.00
327.73, 215.00
328.09, 225.00
328.44, 259.00
328.79, 222.00
329.14, 251.00
329.49, 219.00
329.84, 211.00
330.19, 220.00
330.54, 215.00
330.89, 212.00
331.25, 197.00
331.60, 192.00
331.95, 190.00
332.30, 189.00
332.65, 203.00
333.00, 219.00
333.35, 282.00
333.70, 277.00
334.05, 249.00
334.40, 269.00
334.75, 315.00
335.10, 431.00
335.45, 604.00
335.81, 854.00
336.16, 1289.00
336.51, 1793.00
336.86, 1840.00
337.21, 1618.00
337.56, 992.00
337.91, 616.00
338.26, 376.00
338.61, 256.00
338.96, 224.00
339.31, 194.00
339.66, 195.00
340.01, 188.00
340.36, 178.00
340.71, 179.00
341.06, 174.00
341.41, 176.00
341.76, 179.00
342.11, 187.00
342.46, 175.00
342.81, 179.00
343.16, 178.00
343.51, 174.00
343.86, 186.00
344.21, 173.00
344.56, 178.00
344.91, 174.00
345.26, 184.00
345.61, 177.00
345.96, 174.00
346.31, 175.00
346.66, 210.00
347.01, 175.00
347.36, 195.00
347.71, 174.00
348.06, 174.00
348.41, 198.00
348.76, 212.00
349.10, 212.00
349.45, 228.00
349.80, 227.00
350.15, 223.00
350.50, 210.00
350.85, 220.00
351.20, 231.00
351.55, 267.00
351.90, 320.00
352.25, 385.00
352.60, 491.00
352.95, 654.00
353.30, 713.00
353.64, 636.00
353.99, 500.00
354.34, 411.00
354.69, 384.00
355.04, 399.00
355.39, 470.00
355.74, 602.00
356.09, 781.00
356.44, 965.00
356.78, 1310.00
357.13, 1491.00
357.48, 1425.00
357.83, 1093.00
358.18, 700.00
358.53, 459.00
358.88, 296.00
359.22, 232.00
359.57, 195.00
359.92, 184.00
360.27, 186.00
360.62, 190.00
360.97, 182.00
361.32, 187.00
361.66, 182.00
362.01, 183.00
362.36, 189.00
362.71, 190.00
363.06, 197.00
363.40, 201.00
363.75, 201.00
364.10, 204.00
364.45, 195.00
364.80, 186.00
365.14, 192.00
365.49, 194.00
365.84, 199.00
366.19, 212.00
366.54, 224.00
366.88, 236.00
367.23, 207.00
367.58, 240.00
367.93, 190.00
368.28, 194.00
368.62, 191.00
368.97, 216.00
369.32, 222.00
369.67, 240.00
370.01, 292.00
370.36, 302.00
370.71, 326.00
371.06, 282.00
371.40, 251.00
371.75, 219.00
372.10, 202.00
372.45, 201.00
372.79, 216.00
373.14, 245.00
373.49, 280.00
373.83, 340.00
374.18, 417.00
374.53, 513.00
374.88, 596.00
375.22, 593.00
375.57, 473.00
375.92, 368.00
376.26, 281.00
376.61, 228.00
376.96, 205.00
377.30, 217.00
377.65, 235.00
378.00, 260.00
378.35, 314.00
378.69, 402.00
379.04, 487.00
379.39, 639.00
379.73, 759.00
380.08, 773.00
380.43, 602.00
380.77, 435.00
381.12, 353.00
381.47, 282.00
381.81, 235.00
382.16, 209.00
382.50, 202.00
382.85, 269.00
383.20, 200.00
383.54, 207.00
383.89, 214.00
384.24, 222.00
384.58, 234.00
384.93, 254.00
385.27, 256.00
385.62, 259.00
385.97, 246.00
386.31, 244.00
386.66, 281.00
387.00, 250.00
387.35, 261.00
387.70, 284.00
388.04, 380.00
388.39, 392.00
388.73, 483.00
389.08, 589.00
389.43, 723.00
389.77, 842.00
390.12, 1017.00
390.46, 1423.00
390.81, 1564.00
391.15, 1530.00
391.50, 1153.00
391.85, 739.00
392.19, 529.00
392.54, 364.00
392.88, 285.00
393.23, 293.00
393.57, 301.00
393.92, 303.00
394.26, 259.00
394.61, 227.00
394.95, 211.00
395.30, 189.00
395.64, 183.00
395.99, 226.00
396.33, 201.00
396.68, 197.00
397.02, 213.00
397.37, 229.00
397.71, 253.00
398.06, 280.00
398.40, 315.00
398.75, 376.00
399.09, 394.00
399.44, 404.00
399.78, 336.00
400.13, 277.00
400.47, 225.00
400.82, 205.00
401.16, 188.00
401.51, 201.00
401.85, 186.00
402.20, 191.00
402.54, 197.00
402.88, 203.00
403.23, 218.00
403.57, 228.00
403.92, 254.00
404.26, 335.00
404.61, 318.00
404.95, 402.00
405.30, 372.00
405.64, 342.00
405.98, 320.00
406.33, 263.00
406.67, 221.00
407.02, 201.00
407.36, 197.00
407.70, 207.00
408.05, 211.00
408.39, 220.00
408.74, 235.00
409.08, 235.00
409.42, 214.00
409.77, 207.00
410.11, 216.00
410.46, 207.00
410.80, 213.00
411.14, 214.00
411.49, 230.00
411.83, 239.00
412.17, 232.00
412.52, 241.00
412.86, 255.00
413.20, 265.00
413.55, 261.00
413.89, 247.00
414.23, 228.00
414.58, 249.00
414.92, 220.00
415.26, 199.00
415.61, 203.00
415.95, 200.00
416.29, 211.00
416.64, 211.00
416.98, 210.00
417.32, 221.00
417.67, 253.00
418.01, 256.00
418.35, 270.00
418.70, 306.00
419.04, 356.00
419.38, 330.00
419.72, 317.00
420.07, 282.00
420.41, 238.00
420.75, 214.00
421.10, 210.00
421.44, 202.00
421.78, 201.00
422.12, 207.00
422.47, 220.00
422.81, 229.00
423.15, 233.00
423.49, 236.00
423.84, 226.00
424.18, 242.00
424.52, 257.00
424.86, 297.00
425.21, 370.00
425.55, 408.00
425.89, 470.00
426.23, 561.00
426.57, 666.00
426.92, 702.00
427.26, 751.00
427.60, 619.00
427.94, 440.00
428.28, 343.00
428.63, 273.00
428.97, 228.00
429.31, 208.00
429.65, 192.00
429.99, 188.00
430.34, 188.00
430.68, 193.00
431.02, 197.00
431.36, 189.00
431.70, 202.00
432.04, 198.00
432.39, 207.00
432.73, 225.00
433.07, 227.00
433.41, 247.00
433.75, 259.00
434.09, 241.00
434.43, 228.00
434.78, 215.00
435.12, 211.00
435.46, 215.00
435.80, 223.00
436.14, 227.00
436.48, 213.00
436.82, 232.00
437.16, 218.00
437.51, 212.00
437.85, 212.00
438.19, 254.00
438.53, 210.00
438.87, 224.00
439.21, 218.00
439.55, 234.00
439.89, 230.00
440.23, 237.00
440.57, 249.00
440.91, 250.00
441.26, 235.00
441.60, 216.00
441.94, 220.00
442.28, 217.00
442.62, 216.00
442.96, 205.00
443.30, 210.00
443.64, 204.00
443.98, 208.00
444.32, 204.00
444.66, 190.00
445.00, 202.00
445.34, 213.00
445.68, 198.00
446.02, 202.00
446.36, 201.00
446.70, 206.00
447.04, 208.00
447.38, 242.00
447.72, 219.00
448.06, 224.00
448.40, 225.00
448.74, 216.00
449.08, 202.00
449.42, 198.00
449.76, 200.00
450.10, 194.00
450.44, 186.00
450.78, 199.00
451.12, 204.00
451.46, 200.00
451.80, 205.00
452.14, 195.00
452.48, 201.00
452.82, 200.00
453.16, 190.00
453.50, 194.00
453.84, 195.00
454.18, 236.00
454.52, 213.00
454.86, 202.00
455.19, 229.00
455.53, 212.00
455.87, 216.00
456.21, 228.00
456.55, 223.00
456.89, 225.00
457.23, 214.00
457.57, 212.00
457.91, 217.00
458.25, 222.00
458.59, 225.00
458.92, 241.00
459.26, 241.00
459.60, 246.00
459.94, 226.00
460.28, 214.00
460.62, 200.00
460.96, 194.00
461.30, 189.00
461.63, 192.00
461.97, 196.00
462.31, 197.00
462.65, 202.00
462.99, 211.00
463.33, 214.00
463.67, 218.00
464.00, 223.00
464.34, 224.00
464.68, 224.00
465.02, 234.00
465.36, 227.00
465.70, 221.00
466.03, 230.00
466.37, 207.00
466.71, 221.00
467.05, 232.00
467.39, 238.00
467.72, 247.00
468.06, 266.00
468.40, 275.00
468.74, 280.00
469.08, 284.00
469.41, 301.00
469.75, 327.00
470.09, 353.00
470.43, 345.00
470.76, 303.00
471.10, 281.00
471.44, 275.00
471.78, 264.00
472.11, 252.00
472.45, 243.00
472.79, 237.00
473.13, 237.00
473.46, 236.00
473.80, 225.00
474.14, 223.00
474.48, 234.00
474.81, 214.00
475.15, 228.00
475.49, 229.00
475.82, 221.00
476.16, 223.00
476.50, 211.00
476.84, 221.00
477.17, 209.00
477.51, 218.00
477.85, 222.00
478.18, 236.00
478.52, 216.00
478.86, 275.00
479.19, 227.00
479.53, 218.00
479.87, 258.00
480.20, 234.00
480.54, 231.00
480.88, 232.00
481.21, 222.00
481.55, 218.00
481.89, 214.00
482.22, 222.00
482.56, 222.00
482.90, 224.00
483.23, 225.00
483.57, 222.00
483.90, 221.00
484.24, 214.00
484.58, 221.00
484.91, 222.00
485.25, 232.00
485.58, 231.00
485.92, 227.00
486.26, 228.00
486.59, 229.00
486.93, 229.00
487.26, 228.00
487.60, 230.00
487.94, 230.00
488.27, 230.00
488.61, 233.00
488.94, 228.00
489.28, 221.00
489.61, 231.00
489.95, 229.00
490.29, 242.00
490.62, 244.00
490.96, 237.00
491.29, 244.00
491.63, 234.00
491.96, 228.00
492.30, 229.00
492.63, 230.00
492.97, 220.00
493.30, 224.00
493.64, 230.00
493.97, 219.00
494.31, 233.00
494.64, 238.00
494.98, 236.00
495.31, 239.00
495.65, 232.00
495.98, 241.00
496.32, 229.00
496.65, 258.00
496.99, 228.00
497.32, 219.00
497.66, 221.00
497.99, 223.00
498.33, 216.00
498.66, 220.00
499.00, 217.00
499.33, 223.00
499.67, 220.00
500.00, 223.00
500.34, 232.00
500.67, 233.00
501.00, 226.00
501.34, 224.00
501.67, 224.00
502.01, 230.00
502.34, 224.00
502.68, 237.00
503.01, 239.00
503.34, 242.00
503.68, 241.00
504.01, 237.00
504.35, 246.00
504.68, 245.00
505.01, 241.00
505.35, 253.00
505.68, 243.00
506.02, 249.00
506.35, 251.00
506.68, 256.00
507.02, 249.00
507.35, 243.00
507.68, 246.00
508.02, 244.00
508.35, 246.00
508.69, 238.00
509.02, 231.00
509.35, 237.00
509.69, 235.00
510.02, 238.00
510.35, 232.00
510.69, 227.00
511.02, 227.00
511.35, 228.00
511.69, 227.00
512.02, 221.00
512.35, 230.00
512.68, 226.00
513.02, 232.00
513.35, 234.00
513.68, 229.00
514.02, 225.00
514.35, 219.00
514.68, 223.00
515.01, 214.00
515.35, 225.00
515.68, 216.00
516.01, 217.00
516.35, 215.00
516.68, 220.00
517.01, 219.00
517.34, 221.00
517.68, 217.00
518.01, 232.00
518.34, 215.00
518.67, 227.00
519.01, 223.00
519.34, 227.00
519.67, 236.00
520.00, 227.00
520.33, 234.00
520.67, 227.00
521.00, 228.00
521.33, 233.00
521.66, 245.00
522.00, 242.00
522.33, 235.00
522.66, 228.00
522.99, 227.00
523.32, 229.00
523.65, 224.00
523.99, 232.00
524.32, 218.00
524.65, 220.00
524.98, 230.00
525.31, 225.00
525.65, 254.00
525.98, 222.00
526.31, 226.00
526.64, 234.00
526.97, 224.00
527.30, 212.00
527.63, 220.00
527.97, 222.00
528.30, 217.00
528.63, 219.00
528.96, 241.00
529.29, 219.00
529.62, 223.00
529.95, 210.00
530.28, 213.00
530.61, 203.00
530.95, 207.00
531.28, 215.00
531.61, 219.00
531.94, 224.00
532.27, 233.00
532.60, 228.00
532.93, 220.00
533.26, 219.00
533.59, 213.00
533.92, 210.00
534.25, 209.00
534.58, 242.00
534.91, 216.00
535.25, 198.00
535.58, 205.00
535.91, 201.00
536.24, 204.00
536.57, 216.00
536.90, 197.00
537.23, 212.00
537.56, 234.00
537.89, 208.00
538.22, 202.00
538.55, 203.00
538.88, 210.00
539.21, 322.00
539.54, 202.00
539.87, 192.00
540.20, 203.00
540.53, 200.00
540.86, 233.00
541.19, 201.00
541.52, 201.00
541.85, 209.00
542.18, 219.00
542.51, 217.00
542.84, 218.00
543.17, 215.00
543.50, 223.00
543.82, 212.00
544.15, 208.00
544.48, 220.00
544.81, 218.00
545.14, 238.00
545.47, 201.00
545.80, 235.00
546.13, 207.00
546.46, 248.00
546.79, 227.00
547.12, 207.00
547.45, 210.00
547.78, 210.00
548.10, 209.00
548.43, 212.00
548.76, 202.00
549.09, 202.00
549.42, 209.00
549.75, 214.00
550.08, 207.00
550.41, 206.00
550.74, 214.00
551.06, 212.00
551.39, 218.00
551.72, 204.00
552.05, 202.00
552.38, 206.00
552.71, 206.00
553.03, 215.00
553.36, 210.00
553.69, 213.00
554.02, 211.00
554.35, 215.00
554.68, 207.00
555.00, 217.00
555.33, 213.00
555.66, 214.00
555.99, 240.00
556.32, 225.00
556.64, 222.00
556.97, 233.00
557.30, 225.00
557.63, 232.00
557.96, 232.00
558.28, 229.00
558.61, 232.00
558.94, 227.00
559.27, 228.00
559.59, 222.00
559.92, 223.00
560.25, 221.00
560.58, 215.00
560.90, 227.00
561.23, 223.00
561.56, 210.00
561.89, 220.00
562.21, 213.00
562.54, 206.00
562.87, 212.00
563.20, 216.00
563.52, 198.00
563.85, 205.00
564.18, 226.00
564.50, 204.00
564.83, 234.00
565.16, 258.00
565.48, 188.00
565.81, 202.00
566.14, 195.00
566.47, 188.00
566.79, 201.00
567.12, 192.00
567.45, 223.00
567.77, 198.00
568.10, 200.00
568.43, 199.00
568.75, 193.00
569.08, 197.00
569.40, 232.00
569.73, 193.00
570.06, 196.00
570.38, 196.00
570.71, 192.00
571.04, 191.00
571.36, 199.00
571.69, 197.00
572.01, 200.00
572.34, 198.00
572.67, 197.00
572.99, 192.00
573.32, 205.00
573.64, 198.00
573.97, 194.00
574.30, 196.00
574.62, 190.00
574.95, 193.00
575.27, 197.00
575.60, 186.00
575.92, 193.00
576.25, 191.00
576.58, 197.00
576.90, 202.00
577.23, 236.00
577.55, 197.00
577.88, 192.00
578.20, 198.00
578.53, 193.00
578.85, 211.00
579.18, 199.00
579.50, 193.00
579.83, 196.00
580.15, 198.00
580.48, 200.00
580.80, 202.00
581.13, 203.00
581.45, 189.00
581.78, 194.00
582.10, 203.00
582.43, 203.00
582.75, 204.00
583.08, 194.00
583.40, 192.00
583.73, 264.00
584.05, 196.00
584.38, 193.00
584.70, 242.00
585.03, 204.00
585.35, 201.00
585.67, 208.00
586.00, 223.00
586.32, 241.00
586.65, 250.00
586.97, 248.00
587.30, 240.00
587.62, 221.00
587.94, 234.00
588.27, 212.00
588.59, 208.00
588.92, 207.00
589.24, 203.00
589.56, 211.00
589.89, 209.00
590.21, 211.00
590.54, 199.00
590.86, 193.00
591.18, 200.00
591.51, 209.00
591.83, 212.00
592.15, 207.00
592.48, 199.00
592.80, 211.00
593.13, 213.00
593.45, 209.00
593.77, 215.00
594.10, 216.00
594.42, 219.00
594.74, 216.00
595.07, 226.00
595.39, 214.00
595.71, 229.00
596.03, 230.00
596.36, 235.00
596.68, 231.00
597.00, 234.00
597.33, 239.00
597.65, 245.00
597.97, 246.00
598.30, 239.00
598.62, 235.00
598.94, 234.00
599.26, 237.00
599.59, 237.00
599.91, 249.00
600.23, 233.00
600.55, 228.00
600.88, 227.00
601.20, 217.00
601.52, 211.00
601.84, 207.00
602.17, 206.00
602.49, 197.00
602.81, 198.00
603.13, 204.00
603.45, 207.00
603.78, 196.00
604.10, 196.00
604.42, 187.00
604.74, 196.00
605.07, 188.00
605.39, 192.00
605.71, 190.00
606.03, 199.00
606.35, 188.00
606.67, 199.00
607.00, 194.00
607.32, 190.00
607.64, 188.00
607.96, 173.00
608.28, 182.00
608.60, 179.00
608.93, 187.00
609.25, 192.00
609.57, 186.00
609.89, 187.00
610.21, 183.00
610.53, 183.00
610.85, 182.00
611.17, 189.00
611.50, 180.00
611.82, 179.00
612.14, 183.00
612.46, 189.00
612.78, 177.00
613.10, 177.00
613.42, 177.00
613.74, 190.00
614.06, 230.00
614.38, 217.00
614.70, 218.00
615.03, 224.00
615.35, 216.00
615.67, 305.00
615.99, 193.00
616.31, 196.00
616.63, 197.00
616.95, 186.00
617.27, 187.00
617.59, 176.00
617.91, 184.00
618.23, 189.00
618.55, 176.00
618.87, 171.00
619.19, 176.00
619.51, 176.00
619.83, 173.00
620.15, 179.00
620.47, 180.00
620.79, 173.00
621.11, 182.00
621.43, 172.00
621.75, 188.00
622.07, 178.00
622.39, 177.00
622.71, 179.00
623.03, 178.00
623.35, 221.00
623.67, 175.00
623.99, 177.00
624.31, 182.00
624.63, 180.00
624.95, 172.00
625.26, 180.00
625.58, 181.00
625.90, 199.00
626.22, 173.00
626.54, 174.00
626.86, 184.00
627.18, 179.00
627.50, 184.00
627.82, 175.00
628.14, 182.00
628.46, 185.00
628.77, 179.00
629.09, 186.00
629.41, 184.00
629.73, 185.00
630.05, 191.00
630.37, 187.00
630.69, 196.00
631.00, 199.00
631.32, 200.00
631.64, 189.00
631.96, 188.00
632.28, 196.00
632.60, 196.00
632.92, 190.00
633.23, 200.00
633.55, 204.00
633.87, 201.00
634.19, 205.00
634.51, 209.00
634.82, 225.00
635.14, 224.00
635.46, 213.00
635.78, 217.00
636.10, 221.00
636.41, 221.00
636.73, 221.00
637.05, 215.00
637.37, 215.00
637.68, 215.00
638.00, 214.00
638.32, 223.00
638.64, 229.00
638.95, 251.00
639.27, 229.00
639.59, 232.00
639.91, 222.00
640.22, 219.00
640.54, 217.00
640.86, 212.00
641.18, 217.00
641.49, 225.00
641.81, 206.00
642.13, 218.00
642.44, 208.00
642.76, 201.00
643.08, 202.00
643.40, 209.00
643.71, 221.00
644.03, 223.00
644.35, 222.00
644.66, 222.00
644.98, 218.00
645.30, 213.00
645.61, 230.00
645.93, 201.00
646.25, 202.00
646.56, 203.00
646.88, 224.00
647.19, 192.00
647.51, 202.00
647.83, 190.00
648.14, 184.00
648.46, 188.00
648.78, 198.00
649.09, 195.00
649.41, 241.00
649.72, 204.00
650.04, 209.00
650.36, 214.00
650.67, 216.00
650.99, 214.00
651.30, 205.00
651.62, 212.00
651.93, 223.00
652.25, 233.00
652.57, 255.00
652.88, 220.00
653.20, 223.00
653.51, 218.00
653.83, 213.00
654.14, 198.00
654.46, 199.00
654.77, 203.00
655.09, 210.00
655.40, 216.00
655.72, 207.00
656.04, 191.00
656.35, 198.00
656.67, 195.00
656.98, 198.00
657.30, 202.00
657.61, 202.00
657.93, 206.00
658.24, 214.00
658.55, 247.00
658.87, 210.00
659.18, 210.00
659.50, 212.00
659.81, 213.00
660.13, 210.00
660.44, 204.00
660.76, 216.00
661.07, 230.00
661.39, 202.00
661.70, 201.00
662.01, 189.00
662.33, 193.00
662.64, 192.00
662.96, 180.00
663.27, 180.00
663.59, 183.00
663.90, 171.00
664.21, 176.00
664.53, 203.00
664.84, 187.00
665.16, 213.00
665.47, 185.00
665.78, 187.00
666.10, 208.00
666.41, 204.00
666.72, 206.00
667.04, 219.00
667.35, 205.00
667.67, 200.00
667.98, 196.00
668.29, 198.00
668.61, 202.00
668.92, 187.00
669.23, 192.00
669.55, 195.00
669.86, 218.00
670.17, 187.00
670.48, 189.00
670.80, 178.00
671.11, 174.00
671.42, 179.00
671.74, 179.00
672.05, 184.00
672.36, 183.00
672.68, 182.00
672.99, 187.00
673.30, 193.00
673.61, 197.00
673.93, 205.00
674.24, 207.00
674.55, 207.00
674.86, 210.00
675.18, 203.00
675.49, 212.00
675.80, 210.00
676.11, 215.00
676.43, 218.00
676.74, 212.00
677.05, 211.00
677.36, 221.00
677.67, 214.00
677.99, 209.00
678.30, 200.00
678.61, 197.00
678.92, 184.00
679.23, 193.00
679.55, 184.00
679.86, 182.00
680.17, 183.00
680.48, 189.00
680.79, 184.00
681.10, 170.00
681.42, 177.00
681.73, 171.00
682.04, 178.00
682.35, 171.00
682.66, 181.00
682.97, 174.00
683.28, 181.00
683.60, 182.00
683.91, 176.00
684.22, 193.00
684.53, 174.00
684.84, 170.00
685.15, 176.00
685.46, 194.00
685.77, 172.00
686.08, 173.00
686.40, 206.00
686.71, 168.00
687.02, 172.00
687.33, 171.00
687.64, 163.00
687.95, 168.00
688.26, 166.00
688.57, 163.00
688.88, 164.00
689.19, 157.00
689.50, 161.00
689.81, 163.00
690.12, 154.00
690.43, 172.00
690.74, 156.00
691.05, 161.00
691.36, 169.00
691.67, 154.00
691.98, 157.00
692.29, 156.00
692.60, 173.00
692.91, 159.00
693.22, 160.00
693.53, 157.00
693.84, 159.00
694.15, 156.00
694.46, 153.00
694.77, 158.00
695.08, 160.00
695.39, 160.00
695.70, 152.00
696.01, 160.00
696.32, 154.00
696.63, 155.00
696.94, 164.00
697.25, 155.00
697.56, 166.00
697.87, 171.00
698.17, 201.00
698.48, 163.00
698.79, 161.00
699.10, 158.00
699.41, 166.00
699.72, 159.00
700.03, 163.00
700.34, 158.00
700.65, 163.00
700.95, 163.00
701.26, 156.00
701.57, 160.00
701.88, 162.00
702.19, 174.00
702.50, 164.00
702.81, 163.00
703.11, 174.00
703.42, 156.00
703.73, 164.00
704.04, 165.00
704.35, 166.00
704.66, 186.00
704.96, 258.00
705.27, 305.00
705.58, 326.00
705.89, 306.00
706.20, 262.00
706.50, 241.00
706.81, 228.00
707.12, 204.00
707.43, 190.00
707.73, 179.00
708.04, 165.00
708.35, 163.00
708.66, 161.00
708.97, 158.00
709.27, 165.00
709.58, 158.00
709.89, 153.00
710.19, 159.00
710.50, 159.00
710.81, 153.00
711.12, 164.00
711.42, 157.00
711.73, 165.00
712.04, 159.00
712.35, 156.00
712.65, 154.00
712.96, 160.00
713.27, 161.00
713.57, 185.00
713.88, 182.00
714.19, 153.00
714.49, 162.00
714.80, 158.00
715.11, 159.00
715.41, 159.00
715.72, 155.00
716.03, 156.00
716.33, 169.00
716.64, 158.00
716.94, 162.00
717.25, 159.00
717.56, 167.00
717.86, 160.00
718.17, 157.00
718.48, 157.00
718.78, 154.00
719.09, 155.00
719.39, 155.00
719.70, 157.00
720.01, 158.00
720.31, 155.00
720.62, 153.00
720.92, 158.00
721.23, 157.00
721.53, 163.00
721.84, 168.00
722.15, 164.00
722.45, 158.00
722.76, 161.00
723.06, 159.00
723.37, 162.00
723.67, 164.00
723.98, 162.00
724.28, 158.00
724.59, 174.00
724.89, 165.00
725.20, 163.00
725.50, 165.00
725.81, 161.00
726.11, 160.00
726.42, 164.00
726.72, 167.00
727.03, 203.00
727.33, 166.00
727.64, 166.00
727.94, 163.00
728.25, 157.00
728.55, 156.00
728.86, 184.00
729.16, 156.00
729.46, 154.00
729.77, 161.00
730.07, 154.00
730.38, 156.00
730.68, 154.00
730.99, 165.00
731.29, 155.00
731.59, 160.00
731.90, 159.00
732.20, 158.00
732.51, 163.00
732.81, 159.00
733.11, 167.00
733.42, 161.00
733.72, 166.00
734.02, 162.00
734.33, 156.00
734.63, 158.00
734.94, 158.00
735.24, 162.00
735.54, 149.00
735.85, 163.00
736.15, 159.00
736.45, 162.00
736.76, 158.00
737.06, 156.00
737.36, 160.00
737.67, 155.00
737.97, 162.00
738.27, 153.00
738.57, 156.00
738.88, 157.00
739.18, 190.00
739.48, 159.00
739.79, 152.00
740.09, 163.00
740.39, 156.00
740.69, 168.00
741.00, 156.00
741.30, 164.00
741.60, 163.00
741.90, 156.00
742.21, 156.00
742.51, 205.00
742.81, 165.00
743.11, 166.00
743.42, 193.00
743.72, 169.00
744.02, 172.00
744.32, 176.00
744.63, 188.00
744.93, 185.00
745.23, 189.00
745.53, 186.00
745.83, 181.00
746.13, 189.00
746.44, 183.00
746.74, 176.00
747.04, 187.00
747.34, 182.00
747.64, 183.00
747.94, 188.00
748.25, 188.00
748.55, 182.00
748.85, 187.00
749.15, 194.00
749.45, 215.00
749.75, 205.00
750.05, 178.00
750.35, 169.00
750.66, 190.00
750.96, 172.00
751.26, 163.00
751.56, 159.00
751.86, 163.00
752.16, 155.00
752.46, 162.00
752.76, 151.00
753.06, 156.00
753.36, 198.00
753.66, 156.00
753.96, 157.00
754.27, 160.00
754.57, 155.00
754.87, 157.00
755.17, 153.00
755.47, 159.00
755.77, 161.00
756.07, 162.00
756.37, 163.00
756.67, 182.00
756.97, 164.00
757.27, 173.00
757.57, 162.00
757.87, 167.00
758.17, 171.00
758.47, 177.00
758.77, 177.00
759.07, 174.00
759.37, 167.00
759.67, 169.00
759.97, 167.00
760.27, 167.00
760.57, 165.00
760.86, 170.00
761.16, 169.00
761.46, 172.00
761.76, 195.00
762.06, 161.00
762.36, 171.00
762.66, 159.00
762.96, 156.00
763.26, 161.00
763.56, 188.00
763.86, 163.00
764.16, 153.00
764.45, 167.00
764.75, 158.00
765.05, 156.00
765.35, 153.00
765.65, 155.00
765.95, 155.00
766.25, 161.00
766.55, 152.00
766.84, 160.00
767.14, 164.00
767.44, 156.00
767.74, 162.00
768.04, 165.00
768.34, 162.00
768.63, 162.00
768.93, 167.00
769.23, 174.00
769.53, 167.00
769.83, 168.00
770.12, 167.00
770.42, 170.00
770.72, 171.00
771.02, 164.00
771.32, 165.00
771.61, 169.00
771.91, 172.00
772.21, 169.00
772.51, 171.00
772.80, 172.00
773.10, 171.00
773.40, 174.00
773.70, 168.00
773.99, 170.00
774.29, 179.00
774.59, 176.00
774.88, 171.00
775.18, 205.00
775.48, 438.00
775.78, 818.00
776.07, 1053.00
776.37, 1098.00
776.67, 857.00
776.96, 570.00
777.26, 504.00
777.56, 382.00
777.85, 334.00
778.15, 308.00
778.45, 283.00
778.74, 249.00
779.04, 212.00
779.34, 180.00
779.63, 174.00
779.93, 157.00
780.22, 155.00
780.52, 150.00
780.82, 153.00
781.11, 154.00
781.41, 151.00
781.71, 156.00
782.00, 148.00
782.30, 151.00
782.59, 156.00
782.89, 147.00
783.19, 152.00
783.48, 148.00
783.78, 153.00
784.07, 154.00
784.37, 151.00
784.66, 151.00
784.96, 149.00
785.25, 151.00
785.55, 152.00
785.84, 151.00
786.14, 145.00
786.44, 150.00
786.73, 153.00
787.03, 149.00
787.32, 145.00
787.62, 149.00
787.91, 148.00
788.21, 152.00
788.50, 149.00
788.80, 146.00
789.09, 148.00
789.39, 148.00
789.68, 150.00
789.97, 151.00
790.27, 148.00
790.56, 149.00
790.86, 155.00
791.15, 148.00
791.45, 147.00
791.74, 167.00
792.04, 143.00
792.33, 143.00
792.62, 169.00
792.92, 144.00
793.21, 145.00
793.51, 152.00
793.80, 143.00
794.09, 146.00
794.39, 147.00
794.68, 143.00
794.98, 145.00
795.27, 149.00
795.56, 145.00
795.86, 147.00
796.15, 150.00
796.44, 151.00
796.74, 144.00
797.03, 143.00
797.32, 142.00
797.62, 146.00
797.91, 161.00
798.20, 147.00
798.50, 147.00
798.79, 156.00
799.08, 147.00
799.38, 151.00
799.67, 146.00
799.96, 152.00
800.26, 171.00
800.55, 149.00
800.84, 151.00
801.13, 146.00
801.43, 154.00
801.72, 189.00
802.01, 147.00
802.30, 150.00
802.60, 148.00
802.89, 151.00
803.18, 146.00
803.47, 147.00
803.77, 151.00
804.06, 154.00
804.35, 146.00
804.64, 167.00
804.94, 145.00
805.23, 142.00
805.52, 150.00
805.81, 144.00
806.10, 145.00
806.39, 145.00
806.69, 146.00
806.98, 145.00
807.27, 146.00
807.56, 151.00
807.85, 145.00
808.14, 144.00
808.44, 154.00
808.73, 146.00
809.02, 164.00
809.31, 149.00
809.60, 149.00
809.89, 152.00
810.18, 146.00
810.48, 158.00
810.77, 152.00
811.06, 148.00
811.35, 146.00
811.64, 150.00
811.93, 171.00
812.22, 146.00
812.51, 142.00
812.80, 145.00
813.09, 145.00
813.38, 147.00
813.67, 170.00
813.96, 142.00
814.26, 145.00
814.55, 144.00
814.84, 143.00
815.13, 152.00
815.42, 144.00
815.71, 149.00
816.00, 143.00
816.29, 151.00
816.58, 152.00
816.87, 145.00
817.16, 140.00
817.45, 152.00
817.74, 149.00
818.03, 149.00
818.32, 142.00
818.61, 149.00
818.90, 151.00
819.19, 142.00
819.48, 150.00
819.76, 143.00
820.05, 144.00
820.34, 144.00
820.63, 148.00
820.92, 146.00
821.21, 142.00
821.50, 145.00
821.79, 143.00
822.08, 146.00
822.37, 148.00
822.66, 147.00
822.95, 149.00
823.23, 141.00
823.52, 166.00
823.81, 152.00
824.10, 142.00
824.39, 140.00
824.68, 147.00
824.97, 164.00
825.26, 143.00
825.54, 191.00
825.83, 148.00
826.12, 147.00
826.41, 142.00
826.70, 143.00
826.99, 149.00
827.27, 142.00
827.56, 163.00
827.85, 143.00
828.14, 146.00
828.43, 144.00
828.71, 145.00
829.00, 140.00
829.29, 145.00
829.58, 148.00
829.86, 143.00
830.15, 145.00
830.44, 153.00
830.73, 144.00
831.01, 142.00
831.30, 145.00
831.59, 147.00
831.88, 144.00
832.16, 143.00
832.45, 152.00
832.74, 145.00
833.03, 138.00
833.31, 145.00
833.60, 145.00
833.89, 145.00
834.17, 148.00
834.46, 143.00
834.75, 145.00
835.03, 147.00
835.32, 141.00
835.61, 150.00
835.89, 158.00
836.18, 143.00
836.47, 148.00
836.75, 143.00
837.04, 146.00
837.33, 149.00
837.61, 141.00
837.90, 144.00
838.19, 146.00
838.47, 143.00
838.76, 141.00
839.04, 147.00
839.33, 142.00
839.62, 144.00
839.90, 141.00
840.19, 141.00
840.47, 141.00
840.76, 172.00
841.04, 145.00
841.33, 151.00
841.62, 141.00
841.90, 145.00
842.19, 149.00
842.47, 177.00
842.76, 144.00
843.04, 152.00
843.33, 176.00
843.61, 165.00
843.90, 173.00
844.18, 165.00
844.47, 167.00
844.75, 164.00
845.04, 155.00
845.32, 157.00
845.61, 159.00
845.89, 153.00
846.18, 151.00
846.46, 151.00
846.75, 149.00
847.03, 165.00
847.32, 147.00
847.60, 142.00
847.88, 144.00
848.17, 139.00
848.45, 162.00
848.74, 149.00
849.02, 144.00
849.31, 147.00
849.59, 144.00
849.87, 145.00
850.16, 143.00
850.44, 147.00
850.73, 174.00
851.01, 149.00
851.29, 146.00
851.58, 148.00
851.86, 142.00
852.14, 145.00
852.43, 149.00
852.71, 147.00
853.00, 145.00
853.28, 148.00
853.56, 146.00
853.85, 146.00
854.13, 146.00
854.41, 147.00
854.69, 143.00
854.98, 141.00
855.26, 204.00
855.54, 144.00
855.83, 144.00
856.11, 144.00
856.39, 141.00
856.68, 148.00
856.96, 147.00
857.24, 138.00
857.52, 148.00
857.81, 149.00
858.09, 142.00
858.37, 140.00
858.65, 144.00
858.94, 138.00
859.22, 145.00
