190.05, 0.00
190.41, 132.00
190.77, 132.00
191.14, 133.00
191.50, 133.00
191.86, 158.00
192.22, 151.00
192.58, 148.00
192.94, 142.00
193.31, 140.00
193.67, 142.00
194.03, 152.00
194.39, 143.00
194.75, 151.00
195.11, 145.00
195.47, 160.00
195.84, 145.00
196.20, 140.00
196.56, 153.00
196.92, 141.00
197.28, 142.00
197.64, 141.00
198.00, 141.00
198.37, 147.00
198.73, 145.00
199.09, 139.00
199.45, 144.00
199.81, 143.00
200.17, 151.00
200.53, 149.00
200.89, 152.00
201.25, 178.00
201.62, 150.00
201.98, 143.00
202.34, 144.00
202.70, 150.00
203.06, 150.00
203.42, 144.00
203.78, 149.00
204.14, 150.00
204.50, 172.00
204.86, 158.00
205.22, 151.00
205.58, 146.00
205.95, 144.00
206.31, 145.00
206.67, 149.00
207.03, 147.00
207.39, 152.00
207.75, 145.00
208.11, 143.00
208.47, 143.00
208.83, 145.00
209.19, 147.00
209.55, 143.00
209.91, 144.00
210.27, 147.00
210.63, 142.00
210.99, 152.00
211.35, 147.00
211.71, 144.00
212.07, 143.00
212.43, 151.00
212.79, 144.00
213.15, 142.00
213.51, 147.00
213.87, 150.00
214.23, 147.00
214.59, 145.00
214.95, 147.00
215.31, 146.00
215.67, 144.00
216.03, 175.00
216.39, 142.00
216.75, 147.00
217.11, 148.00
217.47, 146.00
217.83, 142.00
218.19, 151.00
218.55, 150.00
218.91, 145.00
219.27, 142.00
219.63, 144.00
219.99, 141.00
220.35, 143.00
220.71, 156.00
221.07, 139.00
221.43, 141.00
221.79, 143.00
222.15, 145.00
222.51, 145.00
222.87, 145.00
223.23, 143.00
223.59, 142.00
223.95, 140.00
224.31, 142.00
224.67, 144.00
225.03, 152.00
225.39, 159.00
225.74, 150.00
226.10, 147.00
226.46, 140.00
226.82, 150.00
227.18, 148.00
227.54, 148.00
227.90, 146.00
228.26, 150.00
228.62, 154.00
228.98, 143.00
229.34, 139.00
229.69, 139.00
230.05, 148.00
230.41, 141.00
230.77, 148.00
231.13, 151.00
231.49, 145.00
231.85, 142.00
232.21, 151.00
232.57, 147.00
232.92, 144.00
233.28, 139.00
233.64, 146.00
234.00, 145.00
234.36, 139.00
234.72, 143.00
235.08, 150.00
235.44, 143.00
235.79, 149.00
236.15, 146.00
236.51, 141.00
236.87, 143.00
237.23, 143.00
237.59, 141.00
237.94, 149.00
238.30, 145.00
238.66, 142.00
239.02, 143.00
239.38, 138.00
239.74, 146.00
240.09, 157.00
240.45, 146.00
240.81, 145.00
241.17, 153.00
241.53, 149.00
241.89, 144.00
242.24, 146.00
242.60, 143.00
242.96, 147.00
243.32, 145.00
243.68, 141.00
244.03, 149.00
244.39, 146.00
244.75, 162.00
245.11, 144.00
245.46, 145.00
245.82, 166.00
246.18, 144.00
246.54, 152.00
246.90, 142.00
247.25, 144.00
247.61, 141.00
247.97, 185.00
248.33, 143.00
248.68, 140.00
249.04, 139.00
249.40, 138.00
249.76, 147.00
250.11, 141.00
250.47, 146.00
250.83, 147.00
251.19, 148.00
251.54, 156.00
251.90, 150.00
252.26, 148.00
252.62, 145.00
252.97, 147.00
253.33, 139.00
253.69, 141.00
254.05, 147.00
254.40, 148.00
254.76, 143.00
255.12, 172.00
255.47, 144.00
255.83, 142.00
256.19, 140.00
256.54, 146.00
256.90, 141.00
257.26, 146.00
257.62, 145.00
257.97, 145.00
258.33, 146.00
258.69, 145.00
259.04, 139.00
259.40, 141.00
259.76, 144.00
260.11, 144.00
260.47, 140.00
260.83, 149.00
261.18, 148.00
261.54, 152.00
261.90, 148.00
262.25, 142.00
262.61, 142.00
262.97, 136.00
263.32, 142.00
263.68, 143.00
264.04, 149.00
264.39, 143.00
264.75, 143.00
265.10, 146.00
265.46, 192.00
265.82, 159.00
266.17, 141.00
266.53, 144.00
266.89, 147.00
267.24, 154.00
267.60, 148.00
267.95, 140.00
268.31, 139.00
268.67, 138.00
269.02, 145.00
269.38, 141.00
269.74, 151.00
270.09, 147.00
270.45, 141.00
270.80, 166.00
271.16, 147.00
271.51, 154.00
271.87, 150.00
272.23, 148.00
272.58, 154.00
272.94, 144.00
273.29, 144.00
273.65, 188.00
274.00, 147.00
274.36, 148.00
274.72, 142.00
275.07, 142.00
275.43, 143.00
275.78, 150.00
276.14, 143.00
276.49, 142.00
276.85, 161.00
277.20, 171.00
277.56, 146.00
277.92, 144.00
278.27, 148.00
278.63, 155.00
278.98, 142.00
279.34, 144.00
279.69, 146.00
280.05, 164.00
280.40, 156.00
280.76, 164.00
281.11, 149.00
281.47, 148.00
281.82, 149.00
282.18, 147.00
282.53, 150.00
282.89, 158.00
283.24, 159.00
283.60, 150.00
283.95, 164.00
284.31, 166.00
284.66, 165.00
285.02, 162.00
285.37, 167.00
285.73, 158.00
286.08, 171.00
286.44, 156.00
286.79, 160.00
287.14, 159.00
287.50, 161.00
287.85, 147.00
288.21, 151.00
288.56, 152.00
288.92, 154.00
289.27, 152.00
289.63, 155.00
289.98, 163.00
290.34, 151.00
290.69, 165.00
291.04, 149.00
291.40, 150.00
291.75, 151.00
292.11, 153.00
292.46, 146.00
292.81, 160.00
293.17, 149.00
293.52, 163.00
293.88, 162.00
294.23, 174.00
294.59, 176.00
294.94, 188.00
295.29, 199.00
295.65, 204.00
296.00, 229.00
296.36, 204.00
296.71, 200.00
297.06, 192.00
297.42, 209.00
297.77, 197.00
298.12, 195.00
298.48, 179.00
298.83, 180.00
299.19, 179.00
299.54, 182.00
299.89, 190.00
300.25, 176.00
300.60, 179.00
300.95, 178.00
301.31, 163.00
301.66, 158.00
302.01, 159.00
302.37, 158.00
302.72, 160.00
303.07, 163.00
303.43, 172.00
303.78, 170.00
304.13, 174.00
304.49, 181.00
304.84, 185.00
305.19, 208.00
305.55, 168.00
305.90, 188.00
306.25, 211.00
306.61, 276.00
306.96, 335.00
307.31, 423.00
307.66, 570.00
308.02, 745.00
308.37, 870.00
308.72, 980.00
309.08, 976.00
309.43, 926.00
309.78, 788.00
310.13, 695.00
310.49, 614.00
310.84, 491.00
311.19, 446.00
311.54, 390.00
311.90, 345.00
312.25, 330.00
312.60, 345.00
312.95, 417.00
313.31, 454.00
313.66, 440.00
314.01, 449.00
314.36, 455.00
314.72, 517.00
315.07, 665.00
315.42, 819.00
315.77, 860.00
316.13, 716.00
316.48, 484.00
316.83, 325.00
317.18, 255.00
317.54, 207.00
317.89, 189.00
318.24, 180.00
318.59, 176.00
318.94, 176.00
319.30, 171.00
319.65, 181.00
320.00, 175.00
320.35, 183.00
320.70, 182.00
321.05, 184.00
321.41, 180.00
321.76, 185.00
322.11, 178.00
322.46, 180.00
322.81, 211.00
323.17, 176.00
323.52, 172.00
323.87, 170.00
324.22, 167.00
324.57, 172.00
324.92, 184.00
325.27, 178.00
325.63, 189.00
325.98, 196.00
326.33, 203.00
326.68, 195.00
327.03, 204.00
327.38, 202.00
327.73, 214.00
328.09, 225.00
328.44, 252.00
328.79, 220.00
329.14, 247.00
329.49, 217.00
329.84, 207.00
330.19, 218.00
330.54, 212.00
330.89, 207.00
331.25, 186.00
331.60, 186.00
331.95, 196.00
332.30, 185.00
332.65, 198.00
333.00, 214.00
333.35, 273.00
333.70, 282.00
334.05, 247.00
334.40, 266.00
334.75, 301.00
335.10, 418.00
335.45, 607.00
335.81, 872.00
336.16, 1276.00
336.51, 1768.00
336.86, 1846.00
337.21, 1625.00
337.56, 1003.00
337.91, 605.00
338.26, 365.00
338.61, 258.00
338.96, 221.00
339.31, 199.00
339.66, 191.00
340.01, 193.00
340.36, 179.00
340.71, 173.00
341.06, 173.00
341.41, 176.00
341.76, 178.00
342.11, 175.00
342.46, 181.00
342.81, 184.00
343.16, 173.00
343.51, 177.00
343.86, 186.00
344.21, 176.00
344.56, 176.00
344.91, 177.00
345.26, 188.00
345.61, 178.00
345.96, 172.00
346.31, 173.00
346.66, 204.00
347.01, 173.00
347.36, 197.00
347.71, 170.00
348.06, 175.00
348.41, 191.00
348.76, 205.00
349.10, 207.00
349.45, 231.00
349.80, 223.00
350.15, 226.00
350.50, 219.00
350.85, 224.00
351.20, 229.00
351.55, 265.00
351.90, 319.00
352.25, 386.00
352.60, 494.00
352.95, 650.00
353.30, 692.00
353.64, 630.00
353.99, 488.00
354.34, 408.00
354.69, 371.00
355.04, 381.00
355.39, 475.00
355.74, 595.00
356.09, 770.00
356.44, 973.00
356.78, 1306.00
357.13, 1493.00
357.48, 1451.00
357.83, 1098.00
358.18, 710.00
358.53, 462.00
358.88, 303.00
359.22, 234.00
359.57, 193.00
359.92, 187.00
360.27, 185.00
360.62, 187.00
360.97, 185.00
361.32, 184.00
361.66, 184.00
362.01, 186.00
362.36, 190.00
362.71, 186.00
363.06, 199.00
363.40, 198.00
363.75, 194.00
364.10, 201.00
364.45, 198.00
364.80, 189.00
365.14, 196.00
365.49, 200.00
365.84, 196.00
366.19, 211.00
366.54, 216.00
366.88, 242.00
367.23, 204.00
367.58, 245.00
367.93, 194.00
368.28, 184.00
368.62, 189.00
368.97, 216.00
369.32, 225.00
369.67, 236.00
370.01, 291.00
370.36, 313.00
370.71, 326.00
371.06, 277.00
371.40, 263.00
371.75, 213.00
372.10, 203.00
372.45, 205.00
372.79, 221.00
373.14, 240.00
373.49, 285.00
373.83, 336.00
374.18, 406.00
374.53, 521.00
374.88, 586.00
375.22, 586.00
375.57, 474.00
375.92, 350.00
376.26, 277.00
376.61, 222.00
376.96, 209.00
377.30, 221.00
377.65, 228.00
378.00, 264.00
378.35, 312.00
378.69, 392.00
379.04, 478.00
379.39, 645.00
379.73, 763.00
380.08, 781.00
380.43, 590.00
380.77, 437.00
381.12, 349.00
381.47, 281.00
381.81, 230.00
382.16, 202.00
382.50, 197.00
382.85, 272.00
383.20, 199.00
383.54, 214.00
383.89, 219.00
384.24, 210.00
384.58, 224.00
384.93, 258.00
385.27, 251.00
385.62, 253.00
385.97, 252.00
386.31, 238.00
386.66, 272.00
387.00, 243.00
387.35, 261.00
387.70, 285.00
388.04, 397.00
388.39, 382.00
388.73, 490.00
389.08, 600.00
389.43, 723.00
389.77, 868.00
390.12, 1046.00
390.46, 1459.00
390.81, 1619.00
391.15, 1571.00
391.50, 1184.00
391.85, 764.00
392.19, 525.00
392.54, 356.00
392.88, 290.00
393.23, 297.00
393.57, 297.00
393.92, 294.00
394.26, 257.00
394.61, 226.00
394.95, 209.00
395.30, 191.00
395.64, 192.00
395.99, 224.00
396.33, 192.00
396.68, 194.00
397.02, 201.00
397.37, 221.00
397.71, 251.00
398.06, 273.00
398.40, 302.00
398.75, 369.00
399.09, 397.00
399.44, 398.00
399.78, 339.00
400.13, 277.00
400.47, 234.00
400.82, 199.00
401.16, 185.00
401.51, 194.00
401.85, 186.00
402.20, 187.00
402.54, 188.00
402.88, 204.00
403.23, 215.00
403.57, 219.00
403.92, 246.00
404.26, 325.00
404.61, 310.00
404.95, 395.00
405.30, 362.00
405.64, 347.00
405.98, 312.00
406.33, 259.00
406.67, 218.00
407.02, 205.00
407.36, 201.00
407.70, 208.00
408.05, 212.00
408.39, 222.00
408.74, 228.00
409.08, 238.00
409.42, 218.00
409.77, 215.00
410.11, 220.00
410.46, 199.00
410.80, 214.00
411.14, 216.00
411.49, 231.00
411.83, 234.00
412.17, 230.00
412.52, 245.00
412.86, 250.00
413.20, 260.00
413.55, 256.00
413.89, 241.00
414.23, 233.00
414.58, 249.00
414.92, 202.00
415.26, 198.00
415.61, 197.00
415.95, 195.00
416.29, 205.00
416.64, 205.00
416.98, 210.00
417.32, 222.00
417.67, 250.00
418.01, 255.00
418.35, 267.00
418.70, 300.00
419.04, 345.00
419.38, 326.00
419.72, 321.00
420.07, 276.00
420.41, 238.00
420.75, 215.00
421.10, 213.00
421.44, 209.00
421.78, 209.00
422.12, 200.00
422.47, 220.00
422.81, 225.00
423.15, 236.00
423.49, 242.00
423.84, 230.00
424.18, 244.00
424.52, 260.00
424.86, 302.00
425.21, 370.00
425.55, 409.00
425.89, 486.00
426.23, 555.00
426.57, 666.00
426.92, 719.00
427.26, 750.00
427.60, 632.00
427.94, 452.00
428.28, 344.00
428.63, 267.00
428.97, 226.00
429.31, 206.00
429.65, 189.00
429.99, 197.00
430.34, 187.00
430.68, 187.00
431.02, 189.00
431.36, 186.00
431.70, 196.00
432.04, 204.00
432.39, 207.00
432.73, 220.00
433.07, 231.00
433.41, 240.00
433.75, 245.00
434.09, 241.00
434.43, 231.00
434.78, 219.00
435.12, 210.00
435.46, 213.00
435.80, 218.00
436.14, 222.00
436.48, 216.00
436.82, 222.00
437.16, 218.00
437.51, 214.00
437.85, 199.00
438.19, 245.00
438.53, 203.00
438.87, 230.00
439.21, 212.00
439.55, 220.00
439.89, 230.00
440.23, 237.00
440.57, 238.00
440.91, 248.00
441.26, 238.00
441.60, 226.00
441.94, 211.00
442.28, 220.00
442.62, 210.00
442.96, 209.00
443.30, 205.00
443.64, 202.00
443.98, 199.00
444.32, 204.00
444.66, 199.00
445.00, 194.00
445.34, 209.00
445.68, 206.00
446.02, 207.00
446.36, 199.00
446.70, 202.00
447.04, 206.00
447.38, 237.00
447.72, 218.00
448.06, 220.00
448.40, 227.00
448.74, 207.00
449.08, 209.00
449.42, 199.00
449.76, 208.00
450.10, 193.00
450.44, 189.00
450.78, 193.00
451.12, 202.00
451.46, 202.00
451.80, 199.00
452.14, 188.00
452.48, 188.00
452.82, 192.00
453.16, 196.00
453.50, 203.00
453.84, 189.00
454.18, 232.00
454.52, 207.00
454.86, 208.00
455.19, 223.00
455.53, 210.00
455.87, 213.00
456.21, 223.00
456.55, 224.00
456.89, 212.00
457.23, 218.00
457.57, 215.00
457.91, 216.00
458.25, 220.00
458.59, 233.00
458.92, 241.00
459.26, 232.00
459.60, 242.00
459.94, 222.00
460.28, 203.00
460.62, 212.00
460.96, 191.00
461.30, 193.00
461.63, 193.00
461.97, 188.00
462.31, 189.00
462.65, 201.00
462.99, 209.00
463.33, 215.00
463.67, 211.00
464.00, 222.00
464.34, 210.00
464.68, 217.00
465.02, 231.00
465.36, 230.00
465.70, 221.00
466.03, 223.00
466.37, 217.00
466.71, 215.00
467.05, 228.00
467.39, 238.00
467.72, 247.00
468.06, 260.00
468.40, 271.00
468.74, 273.00
469.08, 286.00
469.41, 317.00
469.75, 338.00
470.09, 363.00
470.43, 350.00
470.76, 302.00
471.10, 289.00
471.44, 283.00
471.78, 260.00
472.11, 254.00
472.45, 239.00
472.79, 239.00
473.13, 238.00
473.46, 238.00
473.80, 232.00
474.14, 218.00
474.48, 226.00
474.81, 220.00
475.15, 216.00
475.49, 221.00
475.82, 221.00
476.16, 218.00
476.50, 216.00
476.84, 221.00
477.17, 211.00
477.51, 217.00
477.85, 212.00
478.18, 229.00
478.52, 219.00
478.86, 270.00
479.19, 226.00
479.53, 220.00
479.87, 265.00
480.20, 229.00
480.54, 229.00
480.88, 218.00
481.21, 222.00
481.55, 215.00
481.89, 213.00
482.22, 224.00
482.56, 220.00
482.90, 214.00
483.23, 214.00
483.57, 222.00
483.90, 221.00
484.24, 220.00
484.58, 212.00
484.91, 226.00
485.25, 217.00
485.58, 221.00
485.92, 223.00
486.26, 232.00
486.59, 226.00
486.93, 221.00
487.26, 222.00
487.60, 238.00
487.94, 225.00
488.27, 228.00
488.61, 219.00
488.94, 225.00
489.28, 223.00
489.61, 228.00
489.95, 229.00
490.29, 229.00
490.62, 242.00
490.96, 239.00
491.29, 242.00
491.63, 222.00
491.96, 228.00
492.30, 228.00
492.63, 222.00
492.97, 218.00
493.30, 220.00
493.64, 225.00
493.97, 219.00
494.31, 229.00
494.64, 236.00
494.98, 229.00
495.31, 234.00
495.65, 222.00
495.98, 232.00
496.32, 222.00
496.65, 255.00
496.99, 225.00
497.32, 223.00
497.66, 213.00
497.99, 212.00
498.33, 210.00
498.66, 217.00
499.00, 220.00
499.33, 216.00
499.67, 222.00
500.00, 217.00
500.34, 229.00
500.67, 230.00
501.00, 229.00
501.34, 226.00
501.67, 225.00
502.01, 217.00
502.34, 227.00
502.68, 236.00
503.01, 239.00
503.34, 235.00
503.68, 236.00
504.01, 231.00
504.35, 239.00
504.68, 241.00
505.01, 234.00
505.35, 247.00
505.68, 244.00
506.02, 249.00
506.35, 248.00
506.68, 251.00
507.02, 243.00
507.35, 236.00
507.68, 234.00
508.02, 237.00
508.35, 249.00
508.69, 237.00
509.02, 238.00
509.35, 234.00
509.69, 224.00
510.02, 233.00
510.35, 229.00
510.69, 224.00
511.02, 224.00
511.35, 224.00
511.69, 233.00
512.02, 218.00
512.35, 222.00
512.68, 230.00
513.02, 231.00
513.35, 224.00
513.68, 222.00
514.02, 230.00
514.35, 215.00
514.68, 229.00
515.01, 217.00
515.35, 230.00
515.68, 216.00
516.01, 215.00
516.35, 210.00
516.68, 217.00
517.01, 216.00
517.34, 219.00
517.68, 221.00
518.01, 229.00
518.34, 212.00
518.67, 217.00
519.01, 218.00
519.34, 231.00
519.67, 228.00
520.00, 222.00
520.33, 233.00
520.67, 226.00
521.00, 229.00
521.33, 238.00
521.66, 234.00
522.00, 239.00
522.33, 232.00
522.66, 226.00
522.99, 218.00
523.32, 232.00
523.65, 229.00
523.99, 223.00
524.32, 227.00
524.65, 228.00
524.98, 225.00
525.31, 221.00
525.65, 256.00
525.98, 221.00
526.31, 225.00
526.64, 231.00
526.97, 227.00
527.30, 220.00
527.63, 214.00
527.97, 206.00
528.30, 211.00
528.63, 219.00
528.96, 242.00
529.29, 208.00
529.62, 221.00
529.95, 208.00
530.28, 204.00
530.61, 201.00
530.95, 213.00
531.28, 205.00
531.61, 220.00
531.94, 218.00
532.27, 219.00
532.60, 220.00
532.93, 229.00
533.26, 215.00
533.59, 210.00
533.92, 213.00
534.25, 199.00
534.58, 242.00
534.91, 207.00
535.25, 208.00
535.58, 206.00
535.91, 197.00
536.24, 213.00
536.57, 209.00
536.90, 202.00
537.23, 215.00
537.56, 245.00
537.89, 205.00
538.22, 198.00
538.55, 204.00
538.88, 208.00
539.21, 314.00
539.54, 200.00
539.87, 198.00
540.20, 205.00
540.53, 204.00
540.86, 233.00
541.19, 198.00
541.52, 201.00
541.85, 200.00
542.18, 213.00
542.51, 217.00
542.84, 216.00
543.17, 215.00
543.50, 207.00
543.82, 213.00
544.15, 214.00
544.48, 214.00
544.81, 217.00
545.14, 243.00
545.47, 213.00
545.80, 238.00
546.13, 206.00
546.46, 236.00
546.79, 240.00
547.12, 204.00
547.45, 205.00
547.78, 210.00
548.10, 204.00
548.43, 208.00
548.76, 210.00
549.09, 211.00
549.42, 204.00
549.75, 210.00
550.08, 201.00
550.41, 205.00
550.74, 216.00
551.06, 204.00
551.39, 211.00
551.72, 203.00
552.05, 201.00
552.38, 206.00
552.71, 202.00
553.03, 206.00
553.36, 205.00
553.69, 214.00
554.02, 212.00
554.35, 210.00
554.68, 206.00
555.00, 212.00
555.33, 211.00
555.66, 215.00
555.99, 230.00
556.32, 219.00
556.64, 219.00
556.97, 234.00
557.30, 227.00
557.63, 226.00
557.96, 230.00
558.28, 231.00
558.61, 229.00
558.94, 228.00
559.27, 230.00
559.59, 227.00
559.92, 216.00
560.25, 215.00
560.58, 221.00
560.90, 229.00
561.23, 221.00
561.56, 223.00
561.89, 216.00
562.21, 212.00
562.54, 208.00
562.87, 205.00
563.20, 208.00
563.52, 202.00
563.85, 196.00
564.18, 216.00
564.50, 189.00
564.83, 229.00
565.16, 260.00
565.48, 190.00
565.81, 205.00
566.14, 188.00
566.47, 187.00
566.79, 195.00
567.12, 187.00
567.45, 218.00
567.77, 187.00
568.10, 197.00
568.43, 198.00
568.75, 196.00
569.08, 192.00
569.40, 234.00
569.73, 196.00
570.06, 193.00
570.38, 191.00
570.71, 193.00
571.04, 188.00
571.36, 193.00
571.69, 200.00
572.01, 200.00
572.34, 188.00
572.67, 200.00
572.99, 198.00
573.32, 209.00
573.64, 192.00
573.97, 186.00
574.30, 192.00
574.62, 193.00
574.95, 190.00
575.27, 187.00
575.60, 188.00
575.92, 197.00
576.25, 191.00
576.58, 201.00
576.90, 184.00
577.23, 237.00
577.55, 192.00
577.88, 193.00
578.20, 191.00
578.53, 192.00
578.85, 206.00
579.18, 198.00
579.50, 192.00
579.83, 189.00
580.15, 191.00
580.48, 192.00
580.80, 194.00
581.13, 196.00
581.45, 192.00
581.78, 194.00
582.10, 201.00
582.43, 197.00
582.75, 196.00
583.08, 193.00
583.40, 194.00
583.73, 261.00
584.05, 196.00
584.38, 196.00
584.70, 246.00
585.03, 203.00
585.35, 196.00
585.67, 199.00
586.00, 215.00
586.32, 236.00
586.65, 244.00
586.97, 240.00
587.30, 238.00
587.62, 219.00
587.94, 230.00
588.27, 208.00
588.59, 201.00
588.92, 194.00
589.24, 202.00
589.56, 202.00
589.89, 210.00
590.21, 202.00
590.54, 199.00
590.86, 189.00
591.18, 194.00
591.51, 201.00
591.83, 213.00
592.15, 206.00
592.48, 202.00
592.80, 208.00
593.13, 212.00
593.45, 217.00
593.77, 219.00
594.10, 212.00
594.42, 219.00
594.74, 219.00
595.07, 226.00
595.39, 225.00
595.71, 232.00
596.03, 230.00
596.36, 227.00
596.68, 235.00
597.00, 233.00
597.33, 238.00
597.65, 243.00
597.97, 241.00
598.30, 237.00
598.62, 239.00
598.94, 237.00
599.26, 223.00
599.59, 234.00
599.91, 239.00
600.23, 231.00
600.55, 224.00
600.88, 218.00
601.20, 216.00
601.52, 205.00
601.84, 207.00
602.17, 206.00
602.49, 203.00
602.81, 195.00
603.13, 201.00
603.45, 205.00
603.78, 194.00
604.10, 196.00
604.42, 192.00
604.74, 193.00
605.07, 194.00
605.39, 188.00
605.71, 187.00
606.03, 191.00
606.35, 186.00
606.67, 194.00
607.00, 193.00
607.32, 185.00
607.64, 188.00
607.96, 179.00
608.28, 186.00
608.60, 178.00
608.93, 176.00
609.25, 184.00
609.57, 189.00
609.89, 188.00
610.21, 184.00
610.53, 184.00
610.85, 178.00
611.17, 183.00
611.50, 178.00
611.82, 177.00
612.14, 177.00
612.46, 178.00
612.78, 178.00
613.10, 179.00
613.42, 177.00
613.74, 193.00
614.06, 230.00
614.38, 210.00
614.70, 222.00
615.03, 226.00
615.35, 212.00
615.67, 311.00
615.99, 192.00
616.31, 191.00
616.63, 190.00
616.95, 185.00
617.27, 175.00
617.59, 181.00
617.91, 183.00
618.23, 181.00
618.55, 180.00
618.87, 177.00
619.19, 177.00
619.51, 171.00
619.83, 179.00
620.15, 175.00
620.47, 173.00
620.79, 174.00
621.11, 184.00
621.43, 176.00
621.75, 183.00
622.07, 180.00
622.39, 172.00
622.71, 172.00
623.03, 174.00
623.35, 217.00
623.67, 170.00
623.99, 172.00
624.31, 177.00
624.63, 182.00
624.95, 171.00
625.26, 170.00
625.58, 180.00
625.90, 202.00
626.22, 172.00
626.54, 177.00
626.86, 180.00
627.18, 176.00
627.50, 179.00
627.82, 176.00
628.14, 178.00
628.46, 183.00
628.77, 178.00
629.09, 189.00
629.41, 193.00
629.73, 179.00
630.05, 189.00
630.37, 181.00
630.69, 189.00
631.00, 198.00
631.32, 195.00
631.64, 188.00
631.96, 185.00
632.28, 192.00
632.60, 190.00
632.92, 194.00
633.23, 190.00
633.55, 201.00
633.87, 198.00
634.19, 199.00
634.51, 206.00
634.82, 221.00
635.14, 219.00
635.46, 214.00
635.78, 218.00
636.10, 222.00
636.41, 209.00
636.73, 219.00
637.05, 211.00
637.37, 213.00
637.68, 218.00
638.00, 209.00
638.32, 224.00
638.64, 229.00
638.95, 251.00
639.27, 231.00
639.59, 227.00
639.91, 220.00
640.22, 214.00
640.54, 218.00
640.86, 210.00
641.18, 215.00
641.49, 228.00
641.81, 214.00
642.13, 221.00
642.44, 201.00
642.76, 201.00
643.08, 206.00
643.40, 202.00
643.71, 219.00
644.03, 210.00
644.35, 203.00
644.66, 223.00
644.98, 214.00
645.30, 202.00
645.61, 224.00
645.93, 208.00
646.25, 191.00
646.56, 206.00
646.88, 230.00
647.19, 187.00
647.51, 198.00
647.83, 185.00
648.14, 186.00
648.46, 184.00
648.78, 197.00
649.09, 194.00
649.41, 235.00
649.72, 211.00
650.04, 219.00
650.36, 209.00
650.67, 214.00
650.99, 211.00
651.30, 214.00
651.62, 214.00
651.93, 224.00
652.25, 232.00
652.57, 254.00
652.88, 218.00
653.20, 218.00
653.51, 219.00
653.83, 211.00
654.14, 196.00
654.46, 200.00
654.77, 214.00
655.09, 206.00
655.40, 215.00
655.72, 198.00
656.04, 194.00
656.35, 193.00
656.67, 197.00
656.98, 191.00
657.30, 202.00
657.61, 192.00
657.93, 205.00
658.24, 213.00
658.55, 249.00
658.87, 206.00
659.18, 204.00
659.50, 208.00
659.81, 220.00
660.13, 205.00
660.44, 210.00
660.76, 212.00
661.07, 230.00
661.39, 206.00
661.70, 200.00
662.01, 191.00
662.33, 192.00
662.64, 191.00
662.96, 182.00
663.27, 181.00
663.59, 181.00
663.90, 186.00
664.21, 180.00
664.53, 197.00
664.84, 183.00
665.16, 205.00
665.47, 184.00
665.78, 188.00
666.10, 199.00
666.41, 194.00
666.72, 199.00
667.04, 216.00
667.35, 198.00
667.67, 204.00
667.98, 199.00
668.29, 196.00
668.61, 198.00
668.92, 193.00
669.23, 192.00
669.55, 193.00
669.86, 222.00
670.17, 191.00
670.48, 183.00
670.80, 181.00
671.11, 176.00
671.42, 173.00
671.74, 181.00
672.05, 179.00
672.36, 182.00
672.68, 184.00
672.99, 195.00
673.30, 189.00
673.61, 192.00
673.93, 198.00
674.24, 201.00
674.55, 210.00
674.86, 204.00
675.18, 207.00
675.49, 215.00
675.80, 205.00
676.11, 210.00
676.43, 211.00
676.74, 210.00
677.05, 212.00
677.36, 210.00
677.67, 209.00
677.99, 200.00
678.30, 201.00
678.61, 197.00
678.92, 195.00
679.23, 194.00
679.55, 186.00
679.86, 187.00
680.17, 181.00
680.48, 176.00
680.79, 183.00
681.10, 177.00
681.42, 179.00
681.73, 169.00
682.04, 173.00
682.35, 171.00
682.66, 177.00
682.97, 176.00
683.28, 176.00
683.60, 178.00
683.91, 174.00
684.22, 186.00
684.53, 175.00
684.84, 170.00
685.15, 179.00
685.46, 200.00
685.77, 165.00
686.08, 170.00
686.40, 207.00
686.71, 168.00
687.02, 162.00
687.33, 170.00
687.64, 159.00
687.95, 161.00
688.26, 163.00
688.57, 160.00
688.88, 161.00
689.19, 157.00
689.50, 162.00
689.81, 161.00
690.12, 162.00
690.43, 178.00
690.74, 161.00
691.05, 157.00
691.36, 170.00
691.67, 161.00
691.98, 160.00
692.29, 160.00
692.60, 171.00
692.91, 159.00
693.22, 160.00
693.53, 154.00
693.84, 159.00
694.15, 157.00
694.46, 154.00
694.77, 155.00
695.08, 162.00
695.39, 165.00
695.70, 161.00
696.01, 166.00
696.32, 160.00
696.63, 151.00
696.94, 159.00
697.25, 156.00
697.56, 166.00
697.87, 163.00
698.17, 196.00
698.48, 163.00
698.79, 160.00
699.10, 156.00
699.41, 161.00
699.72, 159.00
700.03, 161.00
700.34, 161.00
700.65, 166.00
700.95, 158.00
701.26, 156.00
701.57, 158.00
701.88, 162.00
702.19, 177.00
702.50, 165.00
702.81, 155.00
703.11, 185.00
703.42, 157.00
703.73, 164.00
704.04, 160.00
704.35, 172.00
704.66, 193.00
704.96, 264.00
705.27, 308.00
705.58, 343.00
705.89, 314.00
706.20, 265.00
706.50, 241.00
706.81, 230.00
707.12, 207.00
707.43, 194.00
707.73, 174.00
708.04, 161.00
708.35, 167.00
708.66, 159.00
708.97, 159.00
709.27, 158.00
709.58, 161.00
709.89, 157.00
710.19, 156.00
710.50, 160.00
710.81, 159.00
711.12, 161.00
711.42, 156.00
711.73, 165.00
712.04, 164.00
712.35, 153.00
712.65, 158.00
712.96, 160.00
713.27, 164.00
713.57, 184.00
713.88, 180.00
714.19, 159.00
714.49, 157.00
714.80, 156.00
715.11, 158.00
715.41, 155.00
715.72, 158.00
716.03, 155.00
716.33, 166.00
716.64, 156.00
716.94, 163.00
717.25, 155.00
717.56, 168.00
717.86, 159.00
718.17, 150.00
718.48, 157.00
718.78, 160.00
719.09, 157.00
719.39, 156.00
719.70, 147.00
720.01, 155.00
720.31, 161.00
720.62, 150.00
720.92, 159.00
721.23, 161.00
721.53, 164.00
721.84, 158.00
722.15, 166.00
722.45, 166.00
722.76, 160.00
723.06, 162.00
723.37, 156.00
723.67, 162.00
723.98, 163.00
724.28, 166.00
724.59, 173.00
724.89, 167.00
725.20, 162.00
725.50, 174.00
725.81, 161.00
726.11, 163.00
726.42, 167.00
726.72, 167.00
727.03, 204.00
727.33, 159.00
727.64, 167.00
727.94, 156.00
728.25, 158.00
728.55, 158.00
728.86, 181.00
729.16, 154.00
729.46, 155.00
729.77, 157.00
730.07, 150.00
730.38, 157.00
730.68, 158.00
730.99, 165.00
731.29, 157.00
731.59, 160.00
731.90, 154.00
732.20, 152.00
732.51, 164.00
732.81, 155.00
733.11, 166.00
733.42, 163.00
733.72, 162.00
734.02, 160.00
734.33, 158.00
734.63, 154.00
734.94, 156.00
735.24, 157.00
735.54, 160.00
735.85, 158.00
736.15, 156.00
736.45, 159.00
736.76, 156.00
737.06, 161.00
737.36, 160.00
737.67, 158.00
737.97, 158.00
738.27, 160.00
738.57, 158.00
738.88, 154.00
739.18, 201.00
739.48, 158.00
739.79, 153.00
740.09, 160.00
740.39, 154.00
740.69, 165.00
741.00, 155.00
741.30, 168.00
741.60, 150.00
741.90, 160.00
742.21, 161.00
742.51, 209.00
742.81, 161.00
743.11, 159.00
743.42, 186.00
743.72, 168.00
744.02, 176.00
744.32, 176.00
744.63, 182.00
744.93, 185.00
745.23, 178.00
745.53, 185.00
745.83, 178.00
746.13, 182.00
746.44, 180.00
746.74, 184.00
747.04, 177.00
747.34, 178.00
747.64, 183.00
747.94, 175.00
748.25, 184.00
748.55, 178.00
748.85, 184.00
749.15, 194.00
749.45, 213.00
749.75, 202.00
750.05, 177.00
750.35, 173.00
750.66, 179.00
750.96, 168.00
751.26, 159.00
751.56, 169.00
751.86, 167.00
752.16, 159.00
752.46, 166.00
752.76, 151.00
753.06, 156.00
753.36, 192.00
753.66, 156.00
753.96, 160.00
754.27, 154.00
754.57, 163.00
754.87, 156.00
755.17, 155.00
755.47, 160.00
755.77, 163.00
756.07, 154.00
756.37, 167.00
756.67, 166.00
756.97, 166.00
757.27, 171.00
757.57, 164.00
757.87, 166.00
758.17, 171.00
758.47, 170.00
758.77, 171.00
759.07, 166.00
759.37, 167.00
759.67, 169.00
759.97, 172.00
760.27, 167.00
760.57, 165.00
760.86, 170.00
761.16, 164.00
761.46, 163.00
761.76, 195.00
762.06, 156.00
762.36, 165.00
762.66, 160.00
762.96, 159.00
763.26, 159.00
763.56, 190.00
763.86, 162.00
764.16, 149.00
764.45, 164.00
764.75, 156.00
765.05, 154.00
765.35, 150.00
765.65, 153.00
765.95, 153.00
766.25, 157.00
766.55, 162.00
766.84, 158.00
767.14, 164.00
767.44, 156.00
767.74, 161.00
768.04, 162.00
768.34, 159.00
768.63, 159.00
768.93, 161.00
769.23, 165.00
769.53, 164.00
769.83, 167.00
770.12, 164.00
770.42, 161.00
770.72, 163.00
771.02, 168.00
771.32, 165.00
771.61, 168.00
771.91, 170.00
772.21, 164.00
772.51, 167.00
772.80, 158.00
773.10, 171.00
773.40, 166.00
773.70, 162.00
773.99, 165.00
774.29, 171.00
774.59, 175.00
774.88, 173.00
775.18, 203.00
775.48, 428.00
775.78, 791.00
776.07, 1026.00
776.37, 1064.00
776.67, 835.00
776.96, 561.00
777.26, 503.00
777.56, 374.00
777.85, 345.00
778.15, 310.00
778.45, 279.00
778.74, 244.00
779.04, 207.00
779.34, 177.00
779.63, 172.00
779.93, 163.00
780.22, 154.00
780.52, 156.00
780.82, 151.00
781.11, 153.00
781.41, 154.00
781.71, 153.00
782.00, 147.00
782.30, 154.00
782.59, 158.00
782.89, 145.00
783.19, 146.00
783.48, 148.00
783.78, 151.00
784.07, 157.00
784.37, 161.00
784.66, 146.00
784.96, 149.00
785.25, 145.00
785.55, 151.00
785.84, 154.00
786.14, 153.00
786.44, 145.00
786.73, 153.00
787.03, 152.00
787.32, 150.00
787.62, 150.00
787.91, 144.00
788.21, 152.00
788.50, 149.00
788.80, 150.00
789.09, 151.00
789.39, 153.00
789.68, 142.00
789.97, 153.00
790.27, 150.00
790.56, 148.00
790.86, 157.00
791.15, 150.00
791.45, 145.00
791.74, 168.00
792.04, 142.00
792.33, 155.00
792.62, 166.00
792.92, 141.00
793.21, 147.00
793.51, 149.00
793.80, 145.00
794.09, 143.00
794.39, 140.00
794.68, 142.00
794.98, 148.00
795.27, 144.00
795.56, 147.00
795.86, 144.00
796.15, 142.00
796.44, 151.00
796.74, 147.00
797.03, 148.00
797.32, 150.00
797.62, 146.00
797.91, 160.00
798.20, 152.00
798.50, 157.00
798.79, 158.00
799.08, 149.00
799.38, 147.00
799.67, 146.00
799.96, 162.00
800.26, 169.00
800.55, 148.00
800.84, 154.00
801.13, 143.00
801.43, 145.00
801.72, 181.00
802.01, 147.00
802.30, 148.00
802.60, 148.00
802.89, 156.00
803.18, 146.00
803.47, 147.00
803.77, 150.00
804.06, 149.00
804.35, 148.00
804.64, 166.00
804.94, 149.00
805.23, 141.00
805.52, 146.00
805.81, 146.00
806.10, 151.00
806.39, 150.00
806.69, 145.00
806.98, 148.00
807.27, 148.00
807.56, 153.00
807.85, 149.00
808.14, 147.00
808.44, 155.00
808.73, 150.00
809.02, 169.00
809.31, 150.00
809.60, 151.00
809.89, 153.00
810.18, 144.00
810.48, 153.00
810.77, 154.00
811.06, 148.00
811.35, 149.00
811.64, 148.00
811.93, 163.00
812.22, 146.00
812.51, 144.00
812.80, 144.00
813.09, 146.00
813.38, 138.00
813.67, 171.00
813.96, 148.00
814.26, 141.00
814.55, 143.00
814.84, 143.00
815.13, 152.00
815.42, 146.00
815.71, 152.00
816.00, 145.00
816.29, 152.00
816.58, 149.00
816.87, 142.00
817.16, 144.00
817.45, 153.00
817.74, 148.00
818.03, 143.00
818.32, 145.00
818.61, 144.00
818.90, 148.00
819.19, 145.00
819.48, 144.00
819.76, 147.00
820.05, 145.00
820.34, 141.00
820.63, 145.00
820.92, 149.00
821.21, 148.00
821.50, 148.00
821.79, 145.00
822.08, 145.00
822.37, 146.00
822.66, 140.00
822.95, 151.00
823.23, 141.00
823.52, 163.00
823.81, 151.00
824.10, 143.00
824.39, 143.00
824.68, 143.00
824.97, 159.00
825.26, 146.00
825.54, 192.00
825.83, 147.00
826.12, 144.00
826.41, 148.00
826.70, 137.00
826.99, 154.00
827.27, 145.00
827.56, 168.00
827.85, 142.00
828.14, 141.00
828.43, 154.00
828.71, 146.00
829.00, 144.00
829.29, 142.00
829.58, 147.00
829.86, 140.00
830.15, 146.00
830.44, 145.00
830.73, 146.00
831.01, 143.00
831.30, 141.00
831.59, 150.00
831.88, 140.00
832.16, 142.00
832.45, 149.00
832.74, 141.00
833.03, 142.00
833.31, 139.00
833.60, 143.00
833.89, 143.00
834.17, 144.00
834.46, 145.00
834.75, 141.00
835.03, 140.00
835.32, 138.00
835.61, 143.00
835.89, 163.00
836.18, 143.00
836.47, 143.00
836.75, 147.00
837.04, 143.00
837.33, 151.00
837.61, 147.00
837.90, 142.00
838.19, 141.00
838.47, 145.00
838.76, 144.00
839.04, 144.00
839.33, 143.00
839.62, 146.00
839.90, 146.00
840.19, 143.00
840.47, 141.00
840.76, 170.00
841.04, 143.00
841.33, 148.00
841.62, 145.00
841.90, 143.00
842.19, 145.00
842.47, 301.00
842.76, 143.00
843.04, 156.00
843.33, 179.00
843.61, 171.00
843.90, 171.00
844.18, 168.00
844.47, 160.00
844.75, 161.00
845.04, 153.00
845.32, 159.00
845.61, 153.00
845.89, 147.00
846.18, 151.00
846.46, 149.00
846.75, 152.00
847.03, 163.00
847.32, 146.00
847.60, 142.00
847.88, 146.00
848.17, 143.00
848.45, 161.00
848.74, 150.00
849.02, 141.00
849.31, 142.00
849.59, 142.00
849.87, 147.00
850.16, 144.00
850.44, 150.00
850.73, 173.00
851.01, 147.00
851.29, 147.00
851.58, 150.00
851.86, 148.00
852.14, 143.00
852.43, 145.00
852.71, 144.00
853.00, 142.00
853.28, 153.00
853.56, 141.00
853.85, 143.00
854.13, 151.00
854.41, 144.00
854.69, 143.00
854.98, 142.00
855.26, 197.00
855.54, 146.00
855.83, 142.00
856.11, 151.00
856.39, 144.00
856.68, 146.00
856.96, 140.00
857.24, 146.00
857.52, 146.00
857.81, 149.00
858.09, 144.00
858.37, 142.00
858.65, 143.00
858.94, 141.00
859.22, 149.00
