190.05, 0.00
190.41, 133.00
190.77, 131.00
191.14, 136.00
191.50, 135.00
191.86, 158.00
192.22, 146.00
192.58, 144.00
192.94, 141.00
193.31, 143.00
193.67, 143.00
194.03, 150.00
194.39, 139.00
194.75, 142.00
195.11, 154.00
195.47, 156.00
195.84, 139.00
196.20, 143.00
196.56, 160.00
196.92, 142.00
197.28, 149.00
197.64, 141.00
198.00, 142.00
198.37, 140.00
198.73, 141.00
199.09, 143.00
199.45, 142.00
199.81, 145.00
200.17, 151.00
200.53, 147.00
200.89, 148.00
201.25, 182.00
201.62, 144.00
201.98, 146.00
202.34, 142.00
202.70, 146.00
203.06, 144.00
203.42, 145.00
203.78, 147.00
204.14, 144.00
204.50, 170.00
204.86, 151.00
205.22, 151.00
205.58, 148.00
205.95, 142.00
206.31, 142.00
206.67, 145.00
207.03, 143.00
207.39, 151.00
207.75, 138.00
208.11, 141.00
208.47, 143.00
208.83, 154.00
209.19, 145.00
209.55, 142.00
209.91, 143.00
210.27, 151.00
210.63, 146.00
210.99, 153.00
211.35, 144.00
211.71, 146.00
212.07, 145.00
212.43, 147.00
212.79, 143.00
213.15, 147.00
213.51, 148.00
213.87, 142.00
214.23, 140.00
214.59, 145.00
214.95, 142.00
215.31, 141.00
215.67, 144.00
216.03, 174.00
216.39, 143.00
216.75, 139.00
217.11, 142.00
217.47, 144.00
217.83, 145.00
218.19, 155.00
218.55, 149.00
218.91, 145.00
219.27, 151.00
219.63, 142.00
219.99, 139.00
220.35, 140.00
220.71, 149.00
221.07, 147.00
221.43, 152.00
221.79, 142.00
222.15, 146.00
222.51, 143.00
222.87, 144.00
223.23, 141.00
223.59, 141.00
223.95, 149.00
224.31, 149.00
224.67, 146.00
225.03, 147.00
225.39, 151.00
225.74, 152.00
226.10, 144.00
226.46, 144.00
226.82, 145.00
227.18, 143.00
227.54, 143.00
227.90, 146.00
228.26, 151.00
228.62, 154.00
228.98, 144.00
229.34, 139.00
229.69, 142.00
230.05, 139.00
230.41, 152.00
230.77, 149.00
231.13, 148.00
231.49, 142.00
231.85, 139.00
232.21, 151.00
232.57, 147.00
232.92, 139.00
233.28, 144.00
233.64, 151.00
234.00, 141.00
234.36, 144.00
234.72, 147.00
235.08, 149.00
235.44, 149.00
235.79, 142.00
236.15, 149.00
236.51, 140.00
236.87, 142.00
237.23, 146.00
237.59, 145.00
237.94, 149.00
238.30, 146.00
238.66, 142.00
239.02, 141.00
239.38, 137.00
239.74, 144.00
240.09, 154.00
240.45, 147.00
240.81, 139.00
241.17, 153.00
241.53, 146.00
241.89, 142.00
242.24, 146.00
242.60, 145.00
242.96, 147.00
243.32, 149.00
243.68, 143.00
244.03, 147.00
244.39, 148.00
244.75, 160.00
245.11, 145.00
245.46, 142.00
245.82, 170.00
246.18, 143.00
246.54, 147.00
246.90, 144.00
247.25, 142.00
247.61, 143.00
247.97, 185.00
248.33, 148.00
248.68, 145.00
249.04, 144.00
249.40, 145.00
249.76, 148.00
250.11, 147.00
250.47, 145.00
250.83, 147.00
251.19, 145.00
251.54, 151.00
251.90, 147.00
252.26, 144.00
252.62, 142.00
252.97, 146.00
253.33, 143.00
253.69, 138.00
254.05, 147.00
254.40, 146.00
254.76, 143.00
255.12, 172.00
255.47, 141.00
255.83, 144.00
256.19, 143.00
256.54, 139.00
256.90, 140.00
257.26, 145.00
257.62, 145.00
257.97, 140.00
258.33, 143.00
258.69, 140.00
259.04, 147.00
259.40, 142.00
259.76, 152.00
260.11, 146.00
260.47, 146.00
260.83, 150.00
261.18, 145.00
261.54, 152.00
261.90, 147.00
262.25, 147.00
262.61, 141.00
262.97, 143.00
263.32, 141.00
263.68, 143.00
264.04, 149.00
264.39, 142.00
264.75, 147.00
265.10, 146.00
265.46, 195.00
265.82, 159.00
266.17, 147.00
266.53, 140.00
266.89, 144.00
267.24, 150.00
267.60, 146.00
267.95, 145.00
268.31, 145.00
268.67, 146.00
269.02, 144.00
269.38, 140.00
269.74, 151.00
270.09, 146.00
270.45, 144.00
270.80, 164.00
271.16, 150.00
271.51, 150.00
271.87, 153.00
272.23, 150.00
272.58, 152.00
272.94, 142.00
273.29, 141.00
273.65, 195.00
274.00, 144.00
274.36, 145.00
274.72, 145.00
275.07, 149.00
275.43, 147.00
275.78, 150.00
276.14, 143.00
276.49, 148.00
276.85, 158.00
277.20, 169.00
277.56, 141.00
277.92, 143.00
278.27, 144.00
278.63, 149.00
278.98, 144.00
279.34, 141.00
279.69, 151.00
280.05, 164.00
280.40, 159.00
280.76, 161.00
281.11, 152.00
281.47, 145.00
281.82, 151.00
282.18, 145.00
282.53, 160.00
282.89, 160.00
283.24, 164.00
283.60, 155.00
283.95, 163.00
284.31, 162.00
284.66, 172.00
285.02, 167.00
285.37, 168.00
285.73, 170.00
286.08, 177.00
286.44, 159.00
286.79, 159.00
287.14, 155.00
287.50, 161.00
287.85, 152.00
288.21, 151.00
288.56, 151.00
288.92, 156.00
289.27, 153.00
289.63, 159.00
289.98, 159.00
290.34, 156.00
290.69, 162.00
291.04, 155.00
291.40, 148.00
291.75, 148.00
292.11, 163.00
292.46, 153.00
292.81, 158.00
293.17, 154.00
293.52, 154.00
293.88, 165.00
294.23, 174.00
294.59, 177.00
294.94, 185.00
295.29, 201.00
295.65, 208.00
296.00, 220.00
296.36, 197.00
296.71, 197.00
297.06, 194.00
297.42, 196.00
297.77, 203.00
298.12, 187.00
298.48, 174.00
298.83, 180.00
299.19, 173.00
299.54, 182.00
299.89, 182.00
300.25, 174.00
300.60, 184.00
300.95, 183.00
301.31, 162.00
301.66, 160.00
302.01, 163.00
302.37, 155.00
302.72, 162.00
303.07, 166.00
303.43, 176.00
303.78, 164.00
304.13, 174.00
304.49, 179.00
304.84, 179.00
305.19, 220.00
305.55, 173.00
305.90, 180.00
306.25, 222.00
306.61, 282.00
306.96, 339.00
307.31, 417.00
307.66, 563.00
308.02, 739.00
308.37, 864.00
308.72, 968.00
309.08, 965.00
309.43, 907.00
309.78, 790.00
310.13, 694.00
310.49, 589.00
310.84, 490.00
311.19, 438.00
311.54, 387.00
311.90, 354.00
312.25, 334.00
312.60, 339.00
312.95, 405.00
313.31, 454.00
313.66, 452.00
314.01, 449.00
314.36, 452.00
314.72, 517.00
315.07, 667.00
315.42, 818.00
315.77, 874.00
316.13, 689.00
316.48, 474.00
316.83, 331.00
317.18, 254.00
317.54, 210.00
317.89, 185.00
318.24, 184.00
318.59, 177.00
318.94, 172.00
319.30, 176.00
319.65, 182.00
320.00, 182.00
320.35, 181.00
320.70, 184.00
321.05, 184.00
321.41, 180.00
321.76, 182.00
322.11, 178.00
322.46, 175.00
322.81, 214.00
323.17, 178.00
323.52, 168.00
323.87, 173.00
324.22, 167.00
324.57, 179.00
324.92, 180.00
325.27, 169.00
325.63, 192.00
325.98, 186.00
326.33, 208.00
326.68, 204.00
327.03, 200.00
327.38, 201.00
327.73, 215.00
328.09, 231.00
328.44, 253.00
328.79, 220.00
329.14, 253.00
329.49, 209.00
329.84, 214.00
330.19, 217.00
330.54, 214.00
330.89, 202.00
331.25, 191.00
331.60, 198.00
331.95, 196.00
332.30, 195.00
332.65, 190.00
333.00, 218.00
333.35, 267.00
333.70, 276.00
334.05, 255.00
334.40, 273.00
334.75, 306.00
335.10, 416.00
335.45, 596.00
335.81, 879.00
336.16, 1243.00
336.51, 1780.00
336.86, 1872.00
337.21, 1632.00
337.56, 991.00
337.91, 606.00
338.26, 379.00
338.61, 257.00
338.96, 213.00
339.31, 199.00
339.66, 188.00
340.01, 190.00
340.36, 185.00
340.71, 186.00
341.06, 174.00
341.41, 179.00
341.76, 179.00
342.11, 176.00
342.46, 171.00
342.81, 185.00
343.16, 180.00
343.51, 172.00
343.86, 179.00
344.21, 173.00
344.56, 179.00
344.91, 176.00
345.26, 184.00
345.61, 173.00
345.96, 174.00
346.31, 174.00
346.66, 202.00
347.01, 170.00
347.36, 195.00
347.71, 174.00
348.06, 181.00
348.41, 192.00
348.76, 209.00
349.10, 210.00
349.45, 236.00
349.80, 230.00
350.15, 219.00
350.50, 211.00
350.85, 227.00
351.20, 225.00
351.55, 262.00
351.90, 314.00
352.25, 387.00
352.60, 504.00
352.95, 638.00
353.30, 701.00
353.64, 628.00
353.99, 486.00
354.34, 407.00
354.69, 376.00
355.04, 392.00
355.39, 455.00
355.74, 605.00
356.09, 768.00
356.44, 978.00
356.78, 1314.00
357.13, 1510.00
357.48, 1438.00
357.83, 1103.00
358.18, 699.00
358.53, 461.00
358.88, 297.00
359.22, 238.00
359.57, 199.00
359.92, 190.00
360.27, 187.00
360.62, 184.00
360.97, 187.00
361.32, 185.00
361.66, 184.00
362.01, 182.00
362.36, 190.00
362.71, 196.00
363.06, 197.00
363.40, 197.00
363.75, 200.00
364.10, 203.00
364.45, 190.00
364.80, 187.00
365.14, 187.00
365.49, 195.00
365.84, 195.00
366.19, 209.00
366.54, 215.00
366.88, 233.00
367.23, 197.00
367.58, 248.00
367.93, 185.00
368.28, 187.00
368.62, 187.00
368.97, 210.00
369.32, 221.00
369.67, 248.00
370.01, 292.00
370.36, 308.00
370.71, 324.00
371.06, 282.00
371.40, 250.00
371.75, 213.00
372.10, 205.00
372.45, 200.00
372.79, 219.00
373.14, 245.00
373.49, 273.00
373.83, 331.00
374.18, 406.00
374.53, 520.00
374.88, 580.00
375.22, 585.00
375.57, 477.00
375.92, 365.00
376.26, 282.00
376.61, 233.00
376.96, 201.00
377.30, 214.00
377.65, 233.00
378.00, 260.00
378.35, 312.00
378.69, 397.00
379.04, 472.00
379.39, 626.00
379.73, 777.00
380.08, 780.00
380.43, 599.00
380.77, 426.00
381.12, 351.00
381.47, 284.00
381.81, 232.00
382.16, 198.00
382.50, 200.00
382.85, 265.00
383.20, 199.00
383.54, 202.00
383.89, 217.00
384.24, 221.00
384.58, 228.00
384.93, 261.00
385.27, 258.00
385.62, 254.00
385.97, 248.00
386.31, 245.00
386.66, 276.00
387.00, 248.00
387.35, 255.00
387.70, 284.00
388.04, 388.00
388.39, 391.00
388.73, 495.00
389.08, 608.00
389.43, 755.00
389.77, 898.00
390.12, 1099.00
390.46, 1530.00
390.81, 1680.00
391.15, 1631.00
391.50, 1216.00
391.85, 778.00
392.19, 534.00
392.54, 366.00
392.88, 291.00
393.23, 292.00
393.57, 299.00
393.92, 299.00
394.26, 258.00
394.61, 227.00
394.95, 212.00
395.30, 194.00
395.64, 183.00
395.99, 221.00
396.33, 189.00
396.68, 191.00
397.02, 209.00
397.37, 223.00
397.71, 246.00
398.06, 276.00
398.40, 304.00
398.75, 370.00
399.09, 396.00
399.44, 395.00
399.78, 336.00
400.13, 279.00
400.47, 227.00
400.82, 191.00
401.16, 181.00
401.51, 193.00
401.85, 179.00
402.20, 181.00
402.54, 195.00
402.88, 207.00
403.23, 208.00
403.57, 216.00
403.92, 246.00
404.26, 331.00
404.61, 309.00
404.95, 398.00
405.30, 367.00
405.64, 339.00
405.98, 317.00
406.33, 261.00
406.67, 218.00
407.02, 200.00
407.36, 200.00
407.70, 209.00
408.05, 204.00
408.39, 220.00
408.74, 229.00
409.08, 234.00
409.42, 213.00
409.77, 208.00
410.11, 212.00
410.46, 198.00
410.80, 219.00
411.14, 214.00
411.49, 218.00
411.83, 238.00
412.17, 234.00
412.52, 231.00
412.86, 257.00
413.20, 253.00
413.55, 250.00
413.89, 240.00
414.23, 221.00
414.58, 250.00
414.92, 199.00
415.26, 196.00
415.61, 199.00
415.95, 196.00
416.29, 201.00
416.64, 211.00
416.98, 207.00
417.32, 225.00
417.67, 253.00
418.01, 255.00
418.35, 278.00
418.70, 302.00
419.04, 341.00
419.38, 337.00
419.72, 322.00
420.07, 285.00
420.41, 227.00
420.75, 218.00
421.10, 206.00
421.44, 206.00
421.78, 207.00
422.12, 204.00
422.47, 218.00
422.81, 228.00
423.15, 244.00
423.49, 231.00
423.84, 228.00
424.18, 244.00
424.52, 255.00
424.86, 306.00
425.21, 380.00
425.55, 417.00
425.89, 481.00
426.23, 568.00
426.57, 698.00
426.92, 719.00
427.26, 781.00
427.60, 652.00
427.94, 453.00
428.28, 340.00
428.63, 276.00
428.97, 230.00
429.31, 203.00
429.65, 192.00
429.99, 192.00
430.34, 187.00
430.68, 184.00
431.02, 201.00
431.36, 192.00
431.70, 190.00
432.04, 200.00
432.39, 203.00
432.73, 221.00
433.07, 224.00
433.41, 236.00
433.75, 246.00
434.09, 241.00
434.43, 225.00
434.78, 210.00
435.12, 213.00
435.46, 214.00
435.80, 220.00
436.14, 226.00
436.48, 213.00
436.82, 230.00
437.16, 220.00
437.51, 213.00
437.85, 213.00
438.19, 249.00
438.53, 207.00
438.87, 221.00
439.21, 221.00
439.55, 224.00
439.89, 230.00
440.23, 245.00
440.57, 243.00
440.91, 240.00
441.26, 243.00
441.60, 219.00
441.94, 217.00
442.28, 213.00
442.62, 207.00
442.96, 207.00
443.30, 205.00
443.64, 201.00
443.98, 199.00
444.32, 209.00
444.66, 193.00
445.00, 198.00
445.34, 208.00
445.68, 204.00
446.02, 202.00
446.36, 198.00
446.70, 199.00
447.04, 206.00
447.38, 231.00
447.72, 215.00
448.06, 216.00
448.40, 209.00
448.74, 214.00
449.08, 205.00
449.42, 205.00
449.76, 205.00
450.10, 206.00
450.44, 189.00
450.78, 198.00
451.12, 201.00
451.46, 198.00
451.80, 202.00
452.14, 182.00
452.48, 187.00
452.82, 197.00
453.16, 188.00
453.50, 192.00
453.84, 191.00
454.18, 240.00
454.52, 202.00
454.86, 209.00
455.19, 222.00
455.53, 205.00
455.87, 210.00
456.21, 223.00
456.55, 218.00
456.89, 221.00
457.23, 216.00
457.57, 215.00
457.91, 224.00
458.25, 213.00
458.59, 233.00
458.92, 235.00
459.26, 231.00
459.60, 238.00
459.94, 222.00
460.28, 203.00
460.62, 206.00
460.96, 197.00
461.30, 185.00
461.63, 187.00
461.97, 196.00
462.31, 197.00
462.65, 201.00
462.99, 207.00
463.33, 204.00
463.67, 212.00
464.00, 220.00
464.34, 219.00
464.68, 217.00
465.02, 233.00
465.36, 227.00
465.70, 218.00
466.03, 221.00
466.37, 208.00
466.71, 211.00
467.05, 228.00
467.39, 242.00
467.72, 248.00
468.06, 263.00
468.40, 271.00
468.74, 282.00
469.08, 284.00
469.41, 306.00
469.75, 338.00
470.09, 362.00
470.43, 355.00
470.76, 310.00
471.10, 292.00
471.44, 283.00
471.78, 263.00
472.11, 252.00
472.45, 244.00
472.79, 231.00
473.13, 233.00
473.46, 236.00
473.80, 225.00
474.14, 221.00
474.48, 227.00
474.81, 220.00
475.15, 215.00
475.49, 218.00
475.82, 221.00
476.16, 218.00
476.50, 206.00
476.84, 214.00
477.17, 213.00
477.51, 204.00
477.85, 213.00
478.18, 232.00
478.52, 206.00
478.86, 267.00
479.19, 220.00
479.53, 214.00
479.87, 262.00
480.20, 229.00
480.54, 222.00
480.88, 211.00
481.21, 213.00
481.55, 216.00
481.89, 209.00
482.22, 213.00
482.56, 221.00
482.90, 215.00
483.23, 220.00
483.57, 220.00
483.90, 223.00
484.24, 208.00
484.58, 212.00
484.91, 216.00
485.25, 217.00
485.58, 221.00
485.92, 223.00
486.26, 221.00
486.59, 222.00
486.93, 224.00
487.26, 228.00
487.60, 233.00
487.94, 224.00
488.27, 231.00
488.61, 225.00
488.94, 225.00
489.28, 223.00
489.61, 224.00
489.95, 228.00
490.29, 236.00
490.62, 231.00
490.96, 230.00
491.29, 230.00
491.63, 228.00
491.96, 220.00
492.30, 224.00
492.63, 221.00
492.97, 219.00
493.30, 217.00
493.64, 217.00
493.97, 215.00
494.31, 229.00
494.64, 231.00
494.98, 238.00
495.31, 234.00
495.65, 224.00
495.98, 233.00
496.32, 215.00
496.65, 253.00
496.99, 221.00
497.32, 218.00
497.66, 210.00
497.99, 213.00
498.33, 212.00
498.66, 216.00
499.00, 217.00
499.33, 212.00
499.67, 213.00
500.00, 217.00
500.34, 225.00
500.67, 231.00
501.00, 229.00
501.34, 229.00
501.67, 219.00
502.01, 221.00
502.34, 224.00
502.68, 236.00
503.01, 239.00
503.34, 242.00
503.68, 242.00
504.01, 239.00
504.35, 238.00
504.68, 250.00
505.01, 234.00
505.35, 241.00
505.68, 237.00
506.02, 244.00
506.35, 254.00
506.68, 243.00
507.02, 243.00
507.35, 238.00
507.68, 232.00
508.02, 234.00
508.35, 239.00
508.69, 239.00
509.02, 233.00
509.35, 228.00
509.69, 229.00
510.02, 233.00
510.35, 222.00
510.69, 226.00
511.02, 225.00
511.35, 222.00
511.69, 223.00
512.02, 232.00
512.35, 225.00
512.68, 221.00
513.02, 223.00
513.35, 222.00
513.68, 227.00
514.02, 226.00
514.35, 220.00
514.68, 220.00
515.01, 221.00
515.35, 221.00
515.68, 216.00
516.01, 213.00
516.35, 219.00
516.68, 215.00
517.01, 219.00
517.34, 215.00
517.68, 215.00
518.01, 221.00
518.34, 210.00
518.67, 213.00
519.01, 217.00
519.34, 226.00
519.67, 230.00
520.00, 220.00
520.33, 221.00
520.67, 226.00
521.00, 230.00
521.33, 234.00
521.66, 233.00
522.00, 236.00
522.33, 228.00
522.66, 228.00
522.99, 222.00
523.32, 232.00
523.65, 219.00
523.99, 223.00
524.32, 226.00
524.65, 218.00
524.98, 227.00
525.31, 219.00
525.65, 264.00
525.98, 225.00
526.31, 211.00
526.64, 221.00
526.97, 222.00
527.30, 212.00
527.63, 212.00
527.97, 210.00
528.30, 213.00
528.63, 214.00
528.96, 241.00
529.29, 209.00
529.62, 217.00
529.95, 203.00
530.28, 209.00
530.61, 202.00
530.95, 206.00
531.28, 210.00
531.61, 220.00
531.94, 221.00
532.27, 222.00
532.60, 222.00
532.93, 217.00
533.26, 210.00
533.59, 212.00
533.92, 217.00
534.25, 203.00
534.58, 243.00
534.91, 219.00
535.25, 200.00
535.58, 204.00
535.91, 198.00
536.24, 212.00
536.57, 202.00
536.90, 204.00
537.23, 208.00
537.56, 245.00
537.89, 207.00
538.22, 198.00
538.55, 192.00
538.88, 198.00
539.21, 320.00
539.54, 197.00
539.87, 195.00
540.20, 204.00
540.53, 195.00
540.86, 236.00
541.19, 199.00
541.52, 192.00
541.85, 194.00
542.18, 224.00
542.51, 213.00
542.84, 217.00
543.17, 217.00
543.50, 209.00
543.82, 208.00
544.15, 215.00
544.48, 208.00
544.81, 208.00
545.14, 230.00
545.47, 203.00
545.80, 240.00
546.13, 205.00
546.46, 243.00
546.79, 226.00
547.12, 200.00
547.45, 198.00
547.78, 214.00
548.10, 196.00
548.43, 207.00
548.76, 204.00
549.09, 196.00
549.42, 211.00
549.75, 206.00
550.08, 203.00
550.41, 207.00
550.74, 214.00
551.06, 204.00
551.39, 212.00
551.72, 200.00
552.05, 203.00
552.38, 198.00
552.71, 195.00
553.03, 205.00
553.36, 202.00
553.69, 214.00
554.02, 200.00
554.35, 212.00
554.68, 209.00
555.00, 212.00
555.33, 209.00
555.66, 202.00
555.99, 228.00
556.32, 215.00
556.64, 216.00
556.97, 238.00
557.30, 235.00
557.63, 231.00
557.96, 229.00
558.28, 236.00
558.61, 233.00
558.94, 229.00
559.27, 230.00
559.59, 225.00
559.92, 218.00
560.25, 223.00
560.58, 227.00
560.90, 228.00
561.23, 220.00
561.56, 210.00
561.89, 219.00
562.21, 210.00
562.54, 213.00
562.87, 204.00
563.20, 202.00
563.52, 201.00
563.85, 200.00
564.18, 216.00
564.50, 201.00
564.83, 228.00
565.16, 246.00
565.48, 190.00
565.81, 197.00
566.14, 187.00
566.47, 185.00
566.79, 192.00
567.12, 191.00
567.45, 215.00
567.77, 195.00
568.10, 195.00
568.43, 197.00
568.75, 196.00
569.08, 196.00
569.40, 231.00
569.73, 194.00
570.06, 188.00
570.38, 187.00
570.71, 193.00
571.04, 192.00
571.36, 192.00
571.69, 194.00
572.01, 192.00
572.34, 190.00
572.67, 192.00
572.99, 191.00
573.32, 213.00
573.64, 192.00
573.97, 191.00
574.30, 193.00
574.62, 191.00
574.95, 192.00
575.27, 191.00
575.60, 187.00
575.92, 194.00
576.25, 184.00
576.58, 189.00
576.90, 198.00
577.23, 229.00
577.55, 185.00
577.88, 186.00
578.20, 188.00
578.53, 191.00
578.85, 207.00
579.18, 200.00
579.50, 188.00
579.83, 188.00
580.15, 191.00
580.48, 195.00
580.80, 196.00
581.13, 196.00
581.45, 190.00
581.78, 187.00
582.10, 192.00
582.43, 192.00
582.75, 194.00
583.08, 193.00
583.40, 193.00
583.73, 266.00
584.05, 190.00
584.38, 192.00
584.70, 240.00
585.03, 198.00
585.35, 198.00
585.67, 201.00
586.00, 214.00
586.32, 239.00
586.65, 250.00
586.97, 235.00
587.30, 229.00
587.62, 220.00
587.94, 225.00
588.27, 206.00
588.59, 205.00
588.92, 208.00
589.24, 202.00
589.56, 209.00
589.89, 208.00
590.21, 200.00
590.54, 194.00
590.86, 193.00
591.18, 194.00
591.51, 195.00
591.83, 212.00
592.15, 205.00
592.48, 200.00
592.80, 212.00
593.13, 203.00
593.45, 217.00
593.77, 217.00
594.10, 219.00
594.42, 225.00
594.74, 222.00
595.07, 210.00
595.39, 226.00
595.71, 238.00
596.03, 230.00
596.36, 236.00
596.68, 236.00
597.00, 232.00
597.33, 240.00
597.65, 243.00
597.97, 232.00
598.30, 237.00
598.62, 235.00
598.94, 232.00
599.26, 234.00
599.59, 237.00
599.91, 237.00
600.23, 227.00
600.55, 225.00
600.88, 223.00
601.20, 213.00
601.52, 206.00
601.84, 202.00
602.17, 205.00
602.49, 198.00
602.81, 195.00
603.13, 204.00
603.45, 207.00
603.78, 197.00
604.10, 198.00
604.42, 190.00
604.74, 195.00
605.07, 196.00
605.39, 194.00
605.71, 191.00
606.03, 187.00
606.35, 186.00
606.67, 190.00
607.00, 187.00
607.32, 190.00
607.64, 184.00
607.96, 182.00
608.28, 187.00
608.60, 175.00
608.93, 173.00
609.25, 190.00
609.57, 180.00
609.89, 178.00
610.21, 179.00
610.53, 174.00
610.85, 178.00
611.17, 183.00
611.50, 176.00
611.82, 177.00
612.14, 175.00
612.46, 177.00
612.78, 179.00
613.10, 179.00
613.42, 171.00
613.74, 190.00
614.06, 227.00
614.38, 211.00
614.70, 218.00
615.03, 226.00
615.35, 221.00
615.67, 309.00
615.99, 199.00
616.31, 189.00
616.63, 198.00
616.95, 190.00
617.27, 172.00
617.59, 184.00
617.91, 180.00
618.23, 186.00
618.55, 176.00
618.87, 180.00
619.19, 177.00
619.51, 167.00
619.83, 171.00
620.15, 168.00
620.47, 179.00
620.79, 174.00
621.11, 185.00
621.43, 172.00
621.75, 186.00
622.07, 178.00
622.39, 172.00
622.71, 180.00
623.03, 170.00
623.35, 219.00
623.67, 174.00
623.99, 175.00
624.31, 179.00
624.63, 173.00
624.95, 168.00
625.26, 175.00
625.58, 172.00
625.90, 205.00
626.22, 172.00
626.54, 172.00
626.86, 175.00
627.18, 177.00
627.50, 179.00
627.82, 179.00
628.14, 174.00
628.46, 186.00
628.77, 180.00
629.09, 185.00
629.41, 186.00
629.73, 184.00
630.05, 192.00
630.37, 183.00
630.69, 191.00
631.00, 191.00
631.32, 209.00
631.64, 187.00
631.96, 191.00
632.28, 185.00
632.60, 190.00
632.92, 194.00
633.23, 190.00
633.55, 207.00
633.87, 201.00
634.19, 206.00
634.51, 207.00
634.82, 216.00
635.14, 224.00
635.46, 215.00
635.78, 218.00
636.10, 209.00
636.41, 216.00
636.73, 217.00
637.05, 211.00
637.37, 217.00
637.68, 209.00
638.00, 215.00
638.32, 218.00
638.64, 228.00
638.95, 251.00
639.27, 234.00
639.59, 228.00
639.91, 224.00
640.22, 218.00
640.54, 212.00
640.86, 204.00
641.18, 218.00
641.49, 228.00
641.81, 216.00
642.13, 220.00
642.44, 205.00
642.76, 205.00
643.08, 203.00
643.40, 203.00
643.71, 209.00
644.03, 214.00
644.35, 220.00
644.66, 220.00
644.98, 209.00
645.30, 206.00
645.61, 221.00
645.93, 204.00
646.25, 191.00
646.56, 199.00
646.88, 225.00
647.19, 189.00
647.51, 196.00
647.83, 186.00
648.14, 186.00
648.46, 185.00
648.78, 197.00
649.09, 194.00
649.41, 230.00
649.72, 200.00
650.04, 211.00
650.36, 201.00
650.67, 216.00
650.99, 210.00
651.30, 210.00
651.62, 214.00
651.93, 216.00
652.25, 229.00
652.57, 256.00
652.88, 214.00
653.20, 218.00
653.51, 214.00
653.83, 208.00
654.14, 198.00
654.46, 205.00
654.77, 196.00
655.09, 204.00
655.40, 213.00
655.72, 204.00
656.04, 194.00
656.35, 193.00
656.67, 193.00
656.98, 197.00
657.30, 197.00
657.61, 199.00
657.93, 203.00
658.24, 207.00
658.55, 247.00
658.87, 210.00
659.18, 210.00
659.50, 201.00
659.81, 212.00
660.13, 203.00
660.44, 210.00
660.76, 216.00
661.07, 222.00
661.39, 200.00
661.70, 198.00
662.01, 189.00
662.33, 183.00
662.64, 184.00
662.96, 182.00
663.27, 176.00
663.59, 181.00
663.90, 180.00
664.21, 175.00
664.53, 202.00
664.84, 180.00
665.16, 207.00
665.47, 183.00
665.78, 188.00
666.10, 194.00
666.41, 194.00
666.72, 194.00
667.04, 202.00
667.35, 200.00
667.67, 199.00
667.98, 199.00
668.29, 189.00
668.61, 192.00
668.92, 194.00
669.23, 189.00
669.55, 186.00
669.86, 216.00
670.17, 185.00
670.48, 185.00
670.80, 180.00
671.11, 176.00
671.42, 177.00
671.74, 184.00
672.05, 181.00
672.36, 177.00
672.68, 184.00
672.99, 185.00
673.30, 189.00
673.61, 189.00
673.93, 192.00
674.24, 198.00
674.55, 203.00
674.86, 197.00
675.18, 206.00
675.49, 207.00
675.80, 205.00
676.11, 209.00
676.43, 213.00
676.74, 200.00
677.05, 209.00
677.36, 214.00
677.67, 204.00
677.99, 206.00
678.30, 196.00
678.61, 195.00
678.92, 183.00
679.23, 194.00
679.55, 188.00
679.86, 176.00
680.17, 182.00
680.48, 187.00
680.79, 180.00
681.10, 177.00
681.42, 178.00
681.73, 173.00
682.04, 171.00
682.35, 166.00
682.66, 174.00
682.97, 179.00
683.28, 177.00
683.60, 178.00
683.91, 173.00
684.22, 184.00
684.53, 180.00
684.84, 162.00
685.15, 174.00
685.46, 197.00
685.77, 168.00
686.08, 168.00
686.40, 206.00
686.71, 176.00
687.02, 172.00
687.33, 161.00
687.64, 165.00
687.95, 160.00
688.26, 166.00
688.57, 158.00
688.88, 159.00
689.19, 159.00
689.50, 160.00
689.81, 164.00
690.12, 163.00
690.43, 180.00
690.74, 161.00
691.05, 157.00
691.36, 169.00
691.67, 154.00
691.98, 161.00
692.29, 155.00
692.60, 160.00
692.91, 158.00
693.22, 158.00
693.53, 161.00
693.84, 160.00
694.15, 155.00
694.46, 156.00
694.77, 160.00
695.08, 160.00
695.39, 169.00
695.70, 154.00
696.01, 159.00
696.32, 160.00
696.63, 161.00
696.94, 160.00
697.25, 162.00
697.56, 161.00
697.87, 165.00
698.17, 203.00
698.48, 163.00
698.79, 156.00
699.10, 157.00
699.41, 157.00
699.72, 159.00
700.03, 157.00
700.34, 162.00
700.65, 160.00
700.95, 159.00
701.26, 161.00
701.57, 152.00
701.88, 158.00
702.19, 175.00
702.50, 160.00
702.81, 159.00
703.11, 181.00
703.42, 158.00
703.73, 168.00
704.04, 166.00
704.35, 166.00
704.66, 192.00
704.96, 266.00
705.27, 313.00
705.58, 349.00
705.89, 312.00
706.20, 267.00
706.50, 247.00
706.81, 231.00
707.12, 213.00
707.43, 190.00
707.73, 181.00
708.04, 164.00
708.35, 163.00
708.66, 158.00
708.97, 161.00
709.27, 158.00
709.58, 158.00
709.89, 156.00
710.19, 153.00
710.50, 163.00
710.81, 159.00
711.12, 159.00
711.42, 157.00
711.73, 169.00
712.04, 161.00
712.35, 155.00
712.65, 160.00
712.96, 164.00
713.27, 160.00
713.57, 185.00
713.88, 183.00
714.19, 159.00
714.49, 161.00
714.80, 157.00
715.11, 157.00
715.41, 161.00
715.72, 158.00
716.03, 157.00
716.33, 160.00
716.64, 153.00
716.94, 158.00
717.25, 156.00
717.56, 165.00
717.86, 163.00
718.17, 153.00
718.48, 151.00
718.78, 156.00
719.09, 153.00
719.39, 150.00
719.70, 156.00
720.01, 152.00
720.31, 152.00
720.62, 154.00
720.92, 158.00
721.23, 161.00
721.53, 164.00
721.84, 164.00
722.15, 167.00
722.45, 163.00
722.76, 161.00
723.06, 159.00
723.37, 164.00
723.67, 158.00
723.98, 161.00
724.28, 163.00
724.59, 167.00
724.89, 168.00
725.20, 163.00
725.50, 167.00
725.81, 162.00
726.11, 163.00
726.42, 161.00
726.72, 165.00
727.03, 208.00
727.33, 164.00
727.64, 173.00
727.94, 162.00
728.25, 158.00
728.55, 158.00
728.86, 177.00
729.16, 163.00
729.46, 152.00
729.77, 155.00
730.07, 152.00
730.38, 151.00
730.68, 152.00
730.99, 159.00
731.29, 159.00
731.59, 163.00
731.90, 153.00
732.20, 154.00
732.51, 161.00
732.81, 159.00
733.11, 170.00
733.42, 159.00
733.72, 170.00
734.02, 165.00
734.33, 161.00
734.63, 164.00
734.94, 158.00
735.24, 161.00
735.54, 159.00
735.85, 161.00
736.15, 160.00
736.45, 159.00
736.76, 159.00
737.06, 157.00
737.36, 158.00
737.67, 159.00
737.97, 160.00
738.27, 157.00
738.57, 156.00
738.88, 151.00
739.18, 190.00
739.48, 153.00
739.79, 148.00
740.09, 157.00
740.39, 160.00
740.69, 162.00
741.00, 152.00
741.30, 158.00
741.60, 160.00
741.90, 153.00
742.21, 155.00
742.51, 203.00
742.81, 160.00
743.11, 164.00
743.42, 191.00
743.72, 168.00
744.02, 174.00
744.32, 178.00
744.63, 177.00
744.93, 176.00
745.23, 182.00
745.53, 187.00
745.83, 180.00
746.13, 181.00
746.44, 178.00
746.74, 175.00
747.04, 181.00
747.34, 172.00
747.64, 182.00
747.94, 177.00
748.25, 179.00
748.55, 181.00
748.85, 178.00
749.15, 191.00
749.45, 209.00
749.75, 197.00
750.05, 171.00
750.35, 172.00
750.66, 179.00
750.96, 167.00
751.26, 162.00
751.56, 158.00
751.86, 165.00
752.16, 157.00
752.46, 150.00
752.76, 159.00
753.06, 155.00
753.36, 199.00
753.66, 159.00
753.96, 158.00
754.27, 150.00
754.57, 158.00
754.87, 158.00
755.17, 164.00
755.47, 157.00
755.77, 161.00
756.07, 160.00
756.37, 162.00
756.67, 162.00
756.97, 163.00
757.27, 168.00
757.57, 164.00
757.87, 167.00
758.17, 165.00
758.47, 165.00
758.77, 173.00
759.07, 165.00
759.37, 163.00
759.67, 166.00
759.97, 176.00
760.27, 160.00
760.57, 163.00
760.86, 161.00
761.16, 162.00
761.46, 166.00
761.76, 197.00
762.06, 157.00
762.36, 164.00
762.66, 159.00
762.96, 157.00
763.26, 156.00
763.56, 190.00
763.86, 167.00
764.16, 152.00
764.45, 165.00
764.75, 161.00
765.05, 152.00
765.35, 150.00
765.65, 153.00
765.95, 152.00
766.25, 158.00
766.55, 168.00
766.84, 159.00
767.14, 160.00
767.44, 158.00
767.74, 157.00
768.04, 162.00
768.34, 160.00
768.63, 163.00
768.93, 162.00
769.23, 164.00
769.53, 166.00
769.83, 165.00
770.12, 170.00
770.42, 162.00
770.72, 164.00
771.02, 163.00
771.32, 166.00
771.61, 170.00
771.91, 174.00
772.21, 170.00
772.51, 167.00
772.80, 164.00
773.10, 172.00
773.40, 172.00
773.70, 174.00
773.99, 172.00
774.29, 171.00
774.59, 173.00
774.88, 172.00
775.18, 210.00
775.48, 424.00
775.78, 807.00
776.07, 1041.00
776.37, 1067.00
776.67, 844.00
776.96, 576.00
777.26, 498.00
777.56, 373.00
777.85, 348.00
778.15, 307.00
778.45, 280.00
778.74, 248.00
779.04, 218.00
779.34, 182.00
779.63, 168.00
779.93, 156.00
780.22, 151.00
780.52, 145.00
780.82, 154.00
781.11, 153.00
781.41, 151.00
781.71, 146.00
782.00, 151.00
782.30, 149.00
782.59, 159.00
782.89, 151.00
783.19, 145.00
783.48, 150.00
783.78, 146.00
784.07, 159.00
784.37, 156.00
784.66, 150.00
784.96, 144.00
785.25, 149.00
785.55, 150.00
785.84, 151.00
786.14, 147.00
786.44, 149.00
786.73, 149.00
787.03, 148.00
787.32, 152.00
787.62, 148.00
787.91, 151.00
788.21, 155.00
788.50, 147.00
788.80, 144.00
789.09, 149.00
789.39, 155.00
789.68, 146.00
789.97, 151.00
790.27, 143.00
790.56, 152.00
790.86, 152.00
791.15, 146.00
791.45, 142.00
791.74, 170.00
792.04, 147.00
792.33, 142.00
792.62, 173.00
792.92, 145.00
793.21, 148.00
793.51, 146.00
793.80, 150.00
794.09, 144.00
794.39, 143.00
794.68, 145.00
794.98, 147.00
795.27, 146.00
795.56, 148.00
795.86, 147.00
796.15, 143.00
796.44, 145.00
796.74, 143.00
797.03, 143.00
797.32, 145.00
797.62, 145.00
797.91, 151.00
798.20, 147.00
798.50, 154.00
798.79, 153.00
799.08, 147.00
799.38, 148.00
799.67, 145.00
799.96, 158.00
800.26, 173.00
800.55, 143.00
800.84, 149.00
801.13, 145.00
801.43, 146.00
801.72, 182.00
802.01, 144.00
802.30, 146.00
802.60, 147.00
802.89, 151.00
803.18, 147.00
803.47, 147.00
803.77, 155.00
804.06, 155.00
804.35, 153.00
804.64, 168.00
804.94, 143.00
805.23, 148.00
805.52, 153.00
805.81, 150.00
806.10, 151.00
806.39, 149.00
806.69, 147.00
806.98, 143.00
807.27, 151.00
807.56, 153.00
807.85, 151.00
808.14, 150.00
808.44, 158.00
808.73, 151.00
809.02, 168.00
809.31, 151.00
809.60, 155.00
809.89, 153.00
810.18, 146.00
810.48, 150.00
810.77, 149.00
811.06, 144.00
811.35, 148.00
811.64, 148.00
811.93, 165.00
812.22, 144.00
812.51, 143.00
812.80, 145.00
813.09, 143.00
813.38, 146.00
813.67, 167.00
813.96, 142.00
814.26, 146.00
814.55, 141.00
814.84, 143.00
815.13, 147.00
815.42, 148.00
815.71, 148.00
816.00, 144.00
816.29, 150.00
816.58, 148.00
816.87, 147.00
817.16, 145.00
817.45, 150.00
817.74, 149.00
818.03, 144.00
818.32, 140.00
818.61, 147.00
818.90, 144.00
819.19, 143.00
819.48, 151.00
819.76, 149.00
820.05, 145.00
820.34, 146.00
820.63, 145.00
820.92, 137.00
821.21, 147.00
821.50, 142.00
821.79, 145.00
822.08, 145.00
822.37, 147.00
822.66, 139.00
822.95, 145.00
823.23, 143.00
823.52, 165.00
823.81, 145.00
824.10, 143.00
824.39, 142.00
824.68, 142.00
824.97, 161.00
825.26, 146.00
825.54, 187.00
825.83, 145.00
826.12, 142.00
826.41, 144.00
826.70, 141.00
826.99, 151.00
827.27, 144.00
827.56, 164.00
827.85, 144.00
828.14, 143.00
828.43, 151.00
828.71, 152.00
829.00, 143.00
829.29, 144.00
829.58, 143.00
829.86, 148.00
830.15, 141.00
830.44, 147.00
830.73, 146.00
831.01, 142.00
831.30, 144.00
831.59, 141.00
831.88, 144.00
832.16, 138.00
832.45, 151.00
832.74, 144.00
833.03, 144.00
833.31, 145.00
833.60, 140.00
833.89, 137.00
834.17, 149.00
834.46, 139.00
834.75, 143.00
835.03, 149.00
835.32, 144.00
835.61, 147.00
835.89, 162.00
836.18, 143.00
836.47, 141.00
836.75, 143.00
837.04, 146.00
837.33, 148.00
837.61, 144.00
837.90, 143.00
838.19, 144.00
838.47, 148.00
838.76, 143.00
839.04, 145.00
839.33, 142.00
839.62, 148.00
839.90, 145.00
840.19, 145.00
840.47, 149.00
840.76, 172.00
841.04, 143.00
841.33, 149.00
841.62, 145.00
841.90, 146.00
842.19, 142.00
842.47, 177.00
842.76, 148.00
843.04, 153.00
843.33, 174.00
843.61, 175.00
843.90, 165.00
844.18, 169.00
844.47, 165.00
844.75, 168.00
845.04, 155.00
845.32, 159.00
845.61, 154.00
845.89, 153.00
846.18, 155.00
846.46, 150.00
846.75, 149.00
847.03, 157.00
847.32, 146.00
847.60, 146.00
847.88, 149.00
848.17, 147.00
848.45, 163.00
848.74, 148.00
849.02, 142.00
849.31, 147.00
849.59, 149.00
849.87, 145.00
850.16, 145.00
850.44, 148.00
850.73, 180.00
851.01, 152.00
851.29, 140.00
851.58, 148.00
851.86, 143.00
852.14, 147.00
852.43, 148.00
852.71, 146.00
853.00, 142.00
853.28, 151.00
853.56, 146.00
853.85, 142.00
854.13, 145.00
854.41, 145.00
854.69, 147.00
854.98, 141.00
855.26, 200.00
855.54, 144.00
855.83, 143.00
856.11, 151.00
856.39, 148.00
856.68, 140.00
856.96, 139.00
857.24, 146.00
857.52, 153.00
857.81, 145.00
858.09, 147.00
858.37, 143.00
858.65, 144.00
858.94, 143.00
859.22, 145.00
