190.05, 0.00
190.41, 132.00
190.77, 132.00
191.14, 133.00
191.50, 138.00
191.86, 159.00
192.22, 147.00
192.58, 143.00
192.94, 146.00
193.31, 145.00
193.67, 145.00
194.03, 152.00
194.39, 145.00
194.75, 141.00
195.11, 151.00
195.47, 165.00
195.84, 144.00
196.20, 147.00
196.56, 161.00
196.92, 146.00
197.28, 146.00
197.64, 143.00
198.00, 142.00
198.37, 142.00
198.73, 141.00
199.09, 143.00
199.45, 145.00
199.81, 144.00
200.17, 152.00
200.53, 143.00
200.89, 150.00
201.25, 183.00
201.62, 142.00
201.98, 141.00
202.34, 144.00
202.70, 152.00
203.06, 144.00
203.42, 144.00
203.78, 144.00
204.14, 144.00
204.50, 171.00
204.86, 155.00
205.22, 155.00
205.58, 155.00
205.95, 147.00
206.31, 144.00
206.67, 149.00
207.03, 146.00
207.39, 152.00
207.75, 144.00
208.11, 144.00
208.47, 145.00
208.83, 155.00
209.19, 141.00
209.55, 146.00
209.91, 152.00
210.27, 151.00
210.63, 148.00
210.99, 161.00
211.35, 147.00
211.71, 149.00
212.07, 147.00
212.43, 148.00
212.79, 149.00
213.15, 147.00
213.51, 147.00
213.87, 150.00
214.23, 148.00
214.59, 145.00
214.95, 148.00
215.31, 145.00
215.67, 146.00
216.03, 178.00
216.39, 145.00
216.75, 145.00
217.11, 154.00
217.47, 144.00
217.83, 143.00
218.19, 143.00
218.55, 153.00
218.91, 149.00
219.27, 147.00
219.63, 146.00
219.99, 145.00
220.35, 145.00
220.71, 152.00
221.07, 146.00
221.43, 147.00
221.79, 149.00
222.15, 148.00
222.51, 147.00
222.87, 140.00
223.23, 145.00
223.59, 142.00
223.95, 139.00
224.31, 140.00
224.67, 143.00
225.03, 149.00
225.39, 153.00
225.74, 151.00
226.10, 143.00
226.46, 144.00
226.82, 148.00
227.18, 150.00
227.54, 146.00
227.90, 150.00
228.26, 151.00
228.62, 153.00
228.98, 146.00
229.34, 144.00
229.69, 144.00
230.05, 149.00
230.41, 147.00
230.77, 151.00
231.13, 151.00
231.49, 145.00
231.85, 145.00
232.21, 153.00
232.57, 152.00
232.92, 143.00
233.28, 143.00
233.64, 142.00
234.00, 141.00
234.36, 143.00
234.72, 142.00
235.08, 144.00
235.44, 151.00
235.79, 145.00
236.15, 143.00
236.51, 145.00
236.87, 142.00
237.23, 144.00
237.59, 144.00
237.94, 149.00
238.30, 148.00
238.66, 145.00
239.02, 143.00
239.38, 142.00
239.74, 142.00
240.09, 159.00
240.45, 144.00
240.81, 139.00
241.17, 150.00
241.53, 146.00
241.89, 138.00
242.24, 145.00
242.60, 145.00
242.96, 147.00
243.32, 149.00
243.68, 143.00
244.03, 153.00
244.39, 148.00
244.75, 164.00
245.11, 144.00
245.46, 144.00
245.82, 170.00
246.18, 141.00
246.54, 144.00
246.90, 142.00
247.25, 139.00
247.61, 142.00
247.97, 181.00
248.33, 149.00
248.68, 139.00
249.04, 142.00
249.40, 140.00
249.76, 146.00
250.11, 145.00
250.47, 146.00
250.83, 145.00
251.19, 156.00
251.54, 153.00
251.90, 148.00
252.26, 148.00
252.62, 143.00
252.97, 146.00
253.33, 147.00
253.69, 144.00
254.05, 146.00
254.40, 142.00
254.76, 141.00
255.12, 172.00
255.47, 149.00
255.83, 149.00
256.19, 145.00
256.54, 143.00
256.90, 140.00
257.26, 144.00
257.62, 150.00
257.97, 141.00
258.33, 153.00
258.69, 140.00
259.04, 138.00
259.40, 145.00
259.76, 143.00
260.11, 140.00
260.47, 141.00
260.83, 141.00
261.18, 143.00
261.54, 150.00
261.90, 147.00
262.25, 145.00
262.61, 143.00
262.97, 146.00
263.32, 142.00
263.68, 145.00
264.04, 150.00
264.39, 141.00
264.75, 146.00
265.10, 146.00
265.46, 188.00
265.82, 161.00
266.17, 143.00
266.53, 141.00
266.89, 147.00
267.24, 152.00
267.60, 143.00
267.95, 142.00
268.31, 144.00
268.67, 144.00
269.02, 144.00
269.38, 146.00
269.74, 151.00
270.09, 144.00
270.45, 144.00
270.80, 162.00
271.16, 146.00
271.51, 142.00
271.87, 151.00
272.23, 156.00
272.58, 146.00
272.94, 144.00
273.29, 144.00
273.65, 193.00
274.00, 141.00
274.36, 149.00
274.72, 138.00
275.07, 144.00
275.43, 144.00
275.78, 147.00
276.14, 150.00
276.49, 153.00
276.85, 154.00
277.20, 165.00
277.56, 148.00
277.92, 143.00
278.27, 146.00
278.63, 157.00
278.98, 149.00
279.34, 148.00
279.69, 154.00
280.05, 165.00
280.40, 158.00
280.76, 161.00
281.11, 155.00
281.47, 152.00
281.82, 153.00
282.18, 154.00
282.53, 155.00
282.89, 164.00
283.24, 162.00
283.60, 164.00
283.95, 162.00
284.31, 171.00
284.66, 165.00
285.02, 169.00
285.37, 171.00
285.73, 169.00
286.08, 167.00
286.44, 152.00
286.79, 159.00
287.14, 159.00
287.50, 157.00
287.85, 151.00
288.21, 151.00
288.56, 156.00
288.92, 161.00
289.27, 157.00
289.63, 155.00
289.98, 166.00
290.34, 153.00
290.69, 159.00
291.04, 152.00
291.40, 142.00
291.75, 147.00
292.11, 158.00
292.46, 149.00
292.81, 165.00
293.17, 155.00
293.52, 162.00
293.88, 168.00
294.23, 174.00
294.59, 174.00
294.94, 186.00
295.29, 200.00
295.65, 211.00
296.00, 225.00
296.36, 198.00
296.71, 192.00
297.06, 194.00
297.42, 208.00
297.77, 197.00
298.12, 186.00
298.48, 179.00
298.83, 176.00
299.19, 183.00
299.54, 184.00
299.89, 179.00
300.25, 179.00
300.60, 179.00
300.95, 182.00
301.31, 162.00
301.66, 154.00
302.01, 161.00
302.37, 153.00
302.72, 164.00
303.07, 165.00
303.43, 172.00
303.78, 174.00
304.13, 184.00
304.49, 179.00
304.84, 180.00
305.19, 205.00
305.55, 181.00
305.90, 188.00
306.25, 224.00
306.61, 289.00
306.96, 333.00
307.31, 424.00
307.66, 565.00
308.02, 741.00
308.37, 870.00
308.72, 980.00
309.08, 985.00
309.43, 926.00
309.78, 798.00
310.13, 694.00
310.49, 606.00
310.84, 493.00
311.19, 440.00
311.54, 396.00
311.90, 350.00
312.25, 325.00
312.60, 341.00
312.95, 416.00
313.31, 460.00
313.66, 462.00
314.01, 463.00
314.36, 461.00
314.72, 520.00
315.07, 682.00
315.42, 814.00
315.77, 871.00
316.13, 727.00
316.48, 486.00
316.83, 340.00
317.18, 259.00
317.54, 210.00
317.89, 189.00
318.24, 183.00
318.59, 178.00
318.94, 173.00
319.30, 178.00
319.65, 187.00
320.00, 179.00
320.35, 183.00
320.70, 180.00
321.05, 183.00
321.41, 176.00
321.76, 177.00
322.11, 172.00
322.46, 175.00
322.81, 216.00
323.17, 177.00
323.52, 172.00
323.87, 170.00
324.22, 167.00
324.57, 178.00
324.92, 179.00
325.27, 178.00
325.63, 188.00
325.98, 194.00
326.33, 204.00
326.68, 196.00
327.03, 203.00
327.38, 205.00
327.73, 214.00
328.09, 223.00
328.44, 260.00
328.79, 221.00
329.14, 257.00
329.49, 213.00
329.84, 212.00
330.19, 211.00
330.54, 214.00
330.89, 209.00
331.25, 188.00
331.60, 190.00
331.95, 187.00
332.30, 191.00
332.65, 198.00
333.00, 218.00
333.35, 273.00
333.70, 275.00
334.05, 252.00
334.40, 263.00
334.75, 301.00
335.10, 427.00
335.45, 604.00
335.81, 886.00
336.16, 1285.00
336.51, 1806.00
336.86, 1874.00
337.21, 1634.00
337.56, 1032.00
337.91, 605.00
338.26, 377.00
338.61, 265.00
338.96, 217.00
339.31, 198.00
339.66, 191.00
340.01, 192.00
340.36, 179.00
340.71, 181.00
341.06, 175.00
341.41, 181.00
341.76, 175.00
342.11, 182.00
342.46, 179.00
342.81, 185.00
343.16, 176.00
343.51, 177.00
343.86, 184.00
344.21, 167.00
344.56, 174.00
344.91, 180.00
345.26, 180.00
345.61, 174.00
345.96, 175.00
346.31, 174.00
346.66, 203.00
347.01, 172.00
347.36, 197.00
347.71, 175.00
348.06, 175.00
348.41, 202.00
348.76, 205.00
349.10, 210.00
349.45, 233.00
349.80, 228.00
350.15, 222.00
350.50, 216.00
350.85, 223.00
351.20, 223.00
351.55, 267.00
351.90, 329.00
352.25, 392.00
352.60, 509.00
352.95, 646.00
353.30, 717.00
353.64, 633.00
353.99, 495.00
354.34, 411.00
354.69, 381.00
355.04, 402.00
355.39, 476.00
355.74, 620.00
356.09, 809.00
356.44, 983.00
356.78, 1325.00
357.13, 1509.00
357.48, 1473.00
357.83, 1119.00
358.18, 719.00
358.53, 467.00
358.88, 298.00
359.22, 233.00
359.57, 195.00
359.92, 188.00
360.27, 187.00
360.62, 189.00
360.97, 182.00
361.32, 184.00
361.66, 188.00
362.01, 183.00
362.36, 197.00
362.71, 192.00
363.06, 187.00
363.40, 197.00
363.75, 200.00
364.10, 198.00
364.45, 191.00
364.80, 191.00
365.14, 191.00
365.49, 196.00
365.84, 201.00
366.19, 213.00
366.54, 220.00
366.88, 238.00
367.23, 204.00
367.58, 245.00
367.93, 188.00
368.28, 183.00
368.62, 192.00
368.97, 213.00
369.32, 227.00
369.67, 243.00
370.01, 287.00
370.36, 305.00
370.71, 323.00
371.06, 281.00
371.40, 252.00
371.75, 217.00
372.10, 206.00
372.45, 202.00
372.79, 221.00
373.14, 243.00
373.49, 275.00
373.83, 327.00
374.18, 409.00
374.53, 519.00
374.88, 591.00
375.22, 604.00
375.57, 483.00
375.92, 362.00
376.26, 284.00
376.61, 231.00
376.96, 201.00
377.30, 220.00
377.65, 239.00
378.00, 257.00
378.35, 316.00
378.69, 389.00
379.04, 479.00
379.39, 650.00
379.73, 769.00
380.08, 787.00
380.43, 603.00
380.77, 436.00
381.12, 366.00
381.47, 283.00
381.81, 229.00
382.16, 202.00
382.50, 200.00
382.85, 263.00
383.20, 200.00
383.54, 205.00
383.89, 213.00
384.24, 217.00
384.58, 232.00
384.93, 261.00
385.27, 254.00
385.62, 257.00
385.97, 248.00
386.31, 236.00
386.66, 279.00
387.00, 253.00
387.35, 259.00
387.70, 286.00
388.04, 389.00
388.39, 397.00
388.73, 502.00
389.08, 608.00
389.43, 748.00
389.77, 898.00
390.12, 1094.00
390.46, 1527.00
390.81, 1692.00
391.15, 1593.00
391.50, 1220.00
391.85, 766.00
392.19, 532.00
392.54, 364.00
392.88, 291.00
393.23, 296.00
393.57, 302.00
393.92, 294.00
394.26, 246.00
394.61, 223.00
394.95, 210.00
395.30, 187.00
395.64, 185.00
395.99, 227.00
396.33, 191.00
396.68, 201.00
397.02, 206.00
397.37, 223.00
397.71, 246.00
398.06, 270.00
398.40, 315.00
398.75, 378.00
399.09, 395.00
399.44, 406.00
399.78, 343.00
400.13, 273.00
400.47, 225.00
400.82, 202.00
401.16, 188.00
401.51, 190.00
401.85, 178.00
402.20, 194.00
402.54, 196.00
402.88, 204.00
403.23, 210.00
403.57, 227.00
403.92, 254.00
404.26, 329.00
404.61, 310.00
404.95, 398.00
405.30, 370.00
405.64, 342.00
405.98, 326.00
406.33, 263.00
406.67, 218.00
407.02, 199.00
407.36, 201.00
407.70, 209.00
408.05, 205.00
408.39, 219.00
408.74, 226.00
409.08, 240.00
409.42, 218.00
409.77, 214.00
410.11, 219.00
410.46, 201.00
410.80, 206.00
411.14, 219.00
411.49, 226.00
411.83, 236.00
412.17, 232.00
412.52, 239.00
412.86, 249.00
413.20, 255.00
413.55, 251.00
413.89, 240.00
414.23, 226.00
414.58, 254.00
414.92, 205.00
415.26, 197.00
415.61, 199.00
415.95, 203.00
416.29, 207.00
416.64, 205.00
416.98, 213.00
417.32, 226.00
417.67, 249.00
418.01, 263.00
418.35, 269.00
418.70, 308.00
419.04, 352.00
419.38, 329.00
419.72, 321.00
420.07, 284.00
420.41, 238.00
420.75, 219.00
421.10, 206.00
421.44, 207.00
421.78, 206.00
422.12, 207.00
422.47, 220.00
422.81, 225.00
423.15, 243.00
423.49, 235.00
423.84, 228.00
424.18, 248.00
424.52, 264.00
424.86, 303.00
425.21, 375.00
425.55, 413.00
425.89, 502.00
426.23, 563.00
426.57, 707.00
426.92, 730.00
427.26, 767.00
427.60, 645.00
427.94, 460.00
428.28, 352.00
428.63, 283.00
428.97, 226.00
429.31, 212.00
429.65, 192.00
429.99, 185.00
430.34, 189.00
430.68, 187.00
431.02, 198.00
431.36, 187.00
431.70, 199.00
432.04, 202.00
432.39, 210.00
432.73, 218.00
433.07, 225.00
433.41, 245.00
433.75, 248.00
434.09, 238.00
434.43, 221.00
434.78, 211.00
435.12, 213.00
435.46, 217.00
435.80, 222.00
436.14, 229.00
436.48, 217.00
436.82, 225.00
437.16, 216.00
437.51, 212.00
437.85, 211.00
438.19, 249.00
438.53, 216.00
438.87, 229.00
439.21, 224.00
439.55, 229.00
439.89, 233.00
440.23, 238.00
440.57, 239.00
440.91, 241.00
441.26, 243.00
441.60, 222.00
441.94, 216.00
442.28, 213.00
442.62, 211.00
442.96, 207.00
443.30, 209.00
443.64, 201.00
443.98, 197.00
444.32, 204.00
444.66, 197.00
445.00, 195.00
445.34, 208.00
445.68, 198.00
446.02, 204.00
446.36, 198.00
446.70, 207.00
447.04, 209.00
447.38, 238.00
447.72, 209.00
448.06, 212.00
448.40, 218.00
448.74, 212.00
449.08, 213.00
449.42, 206.00
449.76, 203.00
450.10, 196.00
450.44, 191.00
450.78, 199.00
451.12, 205.00
451.46, 203.00
451.80, 200.00
452.14, 194.00
452.48, 189.00
452.82, 193.00
453.16, 185.00
453.50, 198.00
453.84, 182.00
454.18, 236.00
454.52, 202.00
454.86, 203.00
455.19, 222.00
455.53, 200.00
455.87, 206.00
456.21, 221.00
456.55, 222.00
456.89, 215.00
457.23, 217.00
457.57, 217.00
457.91, 224.00
458.25, 225.00
458.59, 235.00
458.92, 243.00
459.26, 234.00
459.60, 243.00
459.94, 228.00
460.28, 206.00
460.62, 199.00
460.96, 196.00
461.30, 190.00
461.63, 186.00
461.97, 194.00
462.31, 194.00
462.65, 198.00
462.99, 214.00
463.33, 207.00
463.67, 212.00
464.00, 214.00
464.34, 220.00
464.68, 217.00
465.02, 232.00
465.36, 234.00
465.70, 222.00
466.03, 228.00
466.37, 210.00
466.71, 215.00
467.05, 232.00
467.39, 239.00
467.72, 243.00
468.06, 257.00
468.40, 276.00
468.74, 285.00
469.08, 293.00
469.41, 321.00
469.75, 344.00
470.09, 360.00
470.43, 360.00
470.76, 312.00
471.10, 293.00
471.44, 273.00
471.78, 262.00
472.11, 241.00
472.45, 241.00
472.79, 244.00
473.13, 236.00
473.46, 235.00
473.80, 226.00
474.14, 222.00
474.48, 231.00
474.81, 221.00
475.15, 221.00
475.49, 221.00
475.82, 219.00
476.16, 221.00
476.50, 214.00
476.84, 214.00
477.17, 207.00
477.51, 212.00
477.85, 206.00
478.18, 231.00
478.52, 213.00
478.86, 271.00
479.19, 226.00
479.53, 216.00
479.87, 261.00
480.20, 234.00
480.54, 223.00
480.88, 218.00
481.21, 218.00
481.55, 216.00
481.89, 222.00
482.22, 218.00
482.56, 222.00
482.90, 216.00
483.23, 217.00
483.57, 213.00
483.90, 220.00
484.24, 220.00
484.58, 214.00
484.91, 222.00
485.25, 220.00
485.58, 219.00
485.92, 234.00
486.26, 221.00
486.59, 227.00
486.93, 235.00
487.26, 231.00
487.60, 236.00
487.94, 219.00
488.27, 231.00
488.61, 234.00
488.94, 224.00
489.28, 226.00
489.61, 223.00
489.95, 228.00
490.29, 238.00
490.62, 242.00
490.96, 233.00
491.29, 237.00
491.63, 224.00
491.96, 225.00
492.30, 228.00
492.63, 229.00
492.97, 220.00
493.30, 217.00
493.64, 227.00
493.97, 218.00
494.31, 225.00
494.64, 233.00
494.98, 235.00
495.31, 236.00
495.65, 227.00
495.98, 235.00
496.32, 224.00
496.65, 262.00
496.99, 223.00
497.32, 222.00
497.66, 218.00
497.99, 211.00
498.33, 217.00
498.66, 220.00
499.00, 214.00
499.33, 214.00
499.67, 218.00
500.00, 222.00
500.34, 225.00
500.67, 231.00
501.00, 231.00
501.34, 220.00
501.67, 217.00
502.01, 225.00
502.34, 230.00
502.68, 237.00
503.01, 246.00
503.34, 238.00
503.68, 239.00
504.01, 242.00
504.35, 242.00
504.68, 242.00
505.01, 236.00
505.35, 239.00
505.68, 245.00
506.02, 250.00
506.35, 251.00
506.68, 261.00
507.02, 254.00
507.35, 241.00
507.68, 228.00
508.02, 240.00
508.35, 245.00
508.69, 237.00
509.02, 234.00
509.35, 234.00
509.69, 236.00
510.02, 236.00
510.35, 230.00
510.69, 235.00
511.02, 219.00
511.35, 228.00
511.69, 230.00
512.02, 218.00
512.35, 225.00
512.68, 221.00
513.02, 230.00
513.35, 224.00
513.68, 219.00
514.02, 230.00
514.35, 222.00
514.68, 225.00
515.01, 214.00
515.35, 226.00
515.68, 212.00
516.01, 215.00
516.35, 215.00
516.68, 214.00
517.01, 213.00
517.34, 224.00
517.68, 215.00
518.01, 235.00
518.34, 217.00
518.67, 217.00
519.01, 222.00
519.34, 228.00
519.67, 229.00
520.00, 223.00
520.33, 226.00
520.67, 223.00
521.00, 225.00
521.33, 234.00
521.66, 240.00
522.00, 240.00
522.33, 231.00
522.66, 227.00
522.99, 221.00
523.32, 228.00
523.65, 223.00
523.99, 223.00
524.32, 223.00
524.65, 225.00
524.98, 221.00
525.31, 222.00
525.65, 256.00
525.98, 223.00
526.31, 215.00
526.64, 229.00
526.97, 221.00
527.30, 219.00
527.63, 217.00
527.97, 209.00
528.30, 217.00
528.63, 224.00
528.96, 238.00
529.29, 217.00
529.62, 218.00
529.95, 206.00
530.28, 205.00
530.61, 206.00
530.95, 210.00
531.28, 209.00
531.61, 220.00
531.94, 227.00
532.27, 222.00
532.60, 223.00
532.93, 221.00
533.26, 209.00
533.59, 211.00
533.92, 216.00
534.25, 204.00
534.58, 240.00
534.91, 214.00
535.25, 204.00
535.58, 208.00
535.91, 202.00
536.24, 211.00
536.57, 213.00
536.90, 206.00
537.23, 207.00
537.56, 240.00
537.89, 203.00
538.22, 196.00
538.55, 205.00
538.88, 202.00
539.21, 318.00
539.54, 209.00
539.87, 205.00
540.20, 200.00
540.53, 204.00
540.86, 228.00
541.19, 206.00
541.52, 201.00
541.85, 210.00
542.18, 221.00
542.51, 219.00
542.84, 215.00
543.17, 215.00
543.50, 214.00
543.82, 215.00
544.15, 215.00
544.48, 213.00
544.81, 210.00
545.14, 237.00
545.47, 206.00
545.80, 236.00
546.13, 208.00
546.46, 246.00
546.79, 228.00
547.12, 208.00
547.45, 203.00
547.78, 209.00
548.10, 209.00
548.43, 204.00
548.76, 205.00
549.09, 197.00
549.42, 208.00
549.75, 204.00
550.08, 208.00
550.41, 209.00
550.74, 220.00
551.06, 202.00
551.39, 217.00
551.72, 207.00
552.05, 203.00
552.38, 196.00
552.71, 203.00
553.03, 211.00
553.36, 209.00
553.69, 211.00
554.02, 202.00
554.35, 214.00
554.68, 207.00
555.00, 218.00
555.33, 212.00
555.66, 210.00
555.99, 228.00
556.32, 213.00
556.64, 221.00
556.97, 225.00
557.30, 231.00
557.63, 225.00
557.96, 231.00
558.28, 231.00
558.61, 224.00
558.94, 225.00
559.27, 231.00
559.59, 225.00
559.92, 219.00
560.25, 225.00
560.58, 219.00
560.90, 229.00
561.23, 218.00
561.56, 222.00
561.89, 214.00
562.21, 210.00
562.54, 208.00
562.87, 207.00
563.20, 207.00
563.52, 201.00
563.85, 198.00
564.18, 217.00
564.50, 201.00
564.83, 232.00
565.16, 254.00
565.48, 186.00
565.81, 207.00
566.14, 196.00
566.47, 188.00
566.79, 194.00
567.12, 186.00
567.45, 218.00
567.77, 196.00
568.10, 193.00
568.43, 202.00
568.75, 184.00
569.08, 189.00
569.40, 232.00
569.73, 189.00
570.06, 194.00
570.38, 189.00
570.71, 187.00
571.04, 190.00
571.36, 200.00
571.69, 193.00
572.01, 193.00
572.34, 189.00
572.67, 195.00
572.99, 195.00
573.32, 212.00
573.64, 187.00
573.97, 187.00
574.30, 194.00
574.62, 188.00
574.95, 191.00
575.27, 192.00
575.60, 187.00
575.92, 189.00
576.25, 181.00
576.58, 194.00
576.90, 195.00
577.23, 223.00
577.55, 196.00
577.88, 186.00
578.20, 191.00
578.53, 191.00
578.85, 206.00
579.18, 201.00
579.50, 189.00
579.83, 188.00
580.15, 192.00
580.48, 196.00
580.80, 190.00
581.13, 196.00
581.45, 195.00
581.78, 193.00
582.10, 201.00
582.43, 197.00
582.75, 197.00
583.08, 194.00
583.40, 189.00
583.73, 256.00
584.05, 192.00
584.38, 190.00
584.70, 241.00
585.03, 197.00
585.35, 203.00
585.67, 203.00
586.00, 216.00
586.32, 242.00
586.65, 248.00
586.97, 238.00
587.30, 240.00
587.62, 220.00
587.94, 231.00
588.27, 215.00
588.59, 205.00
588.92, 202.00
589.24, 204.00
589.56, 207.00
589.89, 203.00
590.21, 202.00
590.54, 199.00
590.86, 201.00
591.18, 196.00
591.51, 198.00
591.83, 216.00
592.15, 205.00
592.48, 201.00
592.80, 206.00
593.13, 211.00
593.45, 215.00
593.77, 217.00
594.10, 217.00
594.42, 223.00
594.74, 223.00
595.07, 223.00
595.39, 232.00
595.71, 232.00
596.03, 236.00
596.36, 235.00
596.68, 236.00
597.00, 245.00
597.33, 241.00
597.65, 241.00
597.97, 249.00
598.30, 239.00
598.62, 231.00
598.94, 239.00
599.26, 238.00
599.59, 248.00
599.91, 238.00
600.23, 230.00
600.55, 227.00
600.88, 220.00
601.20, 221.00
601.52, 207.00
601.84, 212.00
602.17, 209.00
602.49, 197.00
602.81, 190.00
603.13, 199.00
603.45, 200.00
603.78, 200.00
604.10, 194.00
604.42, 189.00
604.74, 190.00
605.07, 193.00
605.39, 189.00
605.71, 188.00
606.03, 198.00
606.35, 191.00
606.67, 198.00
607.00, 192.00
607.32, 188.00
607.64, 187.00
607.96, 177.00
608.28, 187.00
608.60, 178.00
608.93, 178.00
609.25, 192.00
609.57, 189.00
609.89, 187.00
610.21, 179.00
610.53, 177.00
610.85, 176.00
611.17, 180.00
611.50, 177.00
611.82, 180.00
612.14, 175.00
612.46, 176.00
612.78, 181.00
613.10, 177.00
613.42, 178.00
613.74, 190.00
614.06, 228.00
614.38, 217.00
614.70, 218.00
615.03, 222.00
615.35, 214.00
615.67, 307.00
615.99, 193.00
616.31, 191.00
616.63, 187.00
616.95, 182.00
617.27, 182.00
617.59, 182.00
617.91, 186.00
618.23, 187.00
618.55, 175.00
618.87, 180.00
619.19, 178.00
619.51, 176.00
619.83, 174.00
620.15, 176.00
620.47, 173.00
620.79, 176.00
621.11, 179.00
621.43, 179.00
621.75, 180.00
622.07, 178.00
622.39, 179.00
622.71, 173.00
623.03, 173.00
623.35, 218.00
623.67, 176.00
623.99, 171.00
624.31, 176.00
624.63, 180.00
624.95, 175.00
625.26, 180.00
625.58, 170.00
625.90, 201.00
626.22, 173.00
626.54, 173.00
626.86, 180.00
627.18, 176.00
627.50, 181.00
627.82, 176.00
628.14, 179.00
628.46, 185.00
628.77, 179.00
629.09, 185.00
629.41, 188.00
629.73, 182.00
630.05, 189.00
630.37, 182.00
630.69, 194.00
631.00, 202.00
631.32, 194.00
631.64, 188.00
631.96, 192.00
632.28, 186.00
632.60, 197.00
632.92, 186.00
633.23, 201.00
633.55, 201.00
633.87, 197.00
634.19, 206.00
634.51, 213.00
634.82, 230.00
635.14, 223.00
635.46, 219.00
635.78, 217.00
636.10, 214.00
636.41, 215.00
636.73, 212.00
637.05, 221.00
637.37, 219.00
637.68, 210.00
638.00, 216.00
638.32, 216.00
638.64, 232.00
638.95, 248.00
639.27, 236.00
639.59, 230.00
639.91, 220.00
640.22, 220.00
640.54, 215.00
640.86, 214.00
641.18, 223.00
641.49, 237.00
641.81, 223.00
642.13, 216.00
642.44, 205.00
642.76, 203.00
643.08, 202.00
643.40, 201.00
643.71, 212.00
644.03, 215.00
644.35, 220.00
644.66, 217.00
644.98, 213.00
645.30, 208.00
645.61, 218.00
645.93, 202.00
646.25, 191.00
646.56, 201.00
646.88, 220.00
647.19, 174.00
647.51, 196.00
647.83, 187.00
648.14, 181.00
648.46, 186.00
648.78, 191.00
649.09, 198.00
649.41, 243.00
649.72, 203.00
650.04, 210.00
650.36, 205.00
650.67, 207.00
650.99, 216.00
651.30, 220.00
651.62, 211.00
651.93, 219.00
652.25, 229.00
652.57, 258.00
652.88, 219.00
653.20, 215.00
653.51, 224.00
653.83, 210.00
654.14, 199.00
654.46, 202.00
654.77, 202.00
655.09, 205.00
655.40, 212.00
655.72, 194.00
656.04, 189.00
656.35, 199.00
656.67, 190.00
656.98, 190.00
657.30, 201.00
657.61, 201.00
657.93, 204.00
658.24, 209.00
658.55, 250.00
658.87, 210.00
659.18, 210.00
659.50, 211.00
659.81, 215.00
660.13, 216.00
660.44, 209.00
660.76, 214.00
661.07, 227.00
661.39, 202.00
661.70, 198.00
662.01, 195.00
662.33, 189.00
662.64, 189.00
662.96, 182.00
663.27, 184.00
663.59, 179.00
663.90, 174.00
664.21, 181.00
664.53, 197.00
664.84, 182.00
665.16, 213.00
665.47, 186.00
665.78, 183.00
666.10, 198.00
666.41, 195.00
666.72, 212.00
667.04, 213.00
667.35, 202.00
667.67, 202.00
667.98, 199.00
668.29, 199.00
668.61, 195.00
668.92, 188.00
669.23, 189.00
669.55, 190.00
669.86, 213.00
670.17, 190.00
670.48, 183.00
670.80, 182.00
671.11, 176.00
671.42, 177.00
671.74, 179.00
672.05, 180.00
672.36, 185.00
672.68, 178.00
672.99, 186.00
673.30, 193.00
673.61, 189.00
673.93, 194.00
674.24, 201.00
674.55, 209.00
674.86, 205.00
675.18, 207.00
675.49, 209.00
675.80, 208.00
676.11, 214.00
676.43, 217.00
676.74, 216.00
677.05, 213.00
677.36, 217.00
677.67, 211.00
677.99, 206.00
678.30, 198.00
678.61, 204.00
678.92, 189.00
679.23, 194.00
679.55, 181.00
679.86, 183.00
680.17, 178.00
680.48, 190.00
680.79, 179.00
681.10, 170.00
681.42, 174.00
681.73, 172.00
682.04, 174.00
682.35, 170.00
682.66, 181.00
682.97, 170.00
683.28, 177.00
683.60, 174.00
683.91, 176.00
684.22, 194.00
684.53, 178.00
684.84, 168.00
685.15, 175.00
685.46, 195.00
685.77, 166.00
686.08, 171.00
686.40, 211.00
686.71, 169.00
687.02, 170.00
687.33, 169.00
687.64, 165.00
687.95, 163.00
688.26, 165.00
688.57, 158.00
688.88, 161.00
689.19, 164.00
689.50, 155.00
689.81, 167.00
690.12, 158.00
690.43, 180.00
690.74, 150.00
691.05, 155.00
691.36, 173.00
691.67, 158.00
691.98, 158.00
692.29, 162.00
692.60, 165.00
692.91, 158.00
693.22, 157.00
693.53, 161.00
693.84, 165.00
694.15, 158.00
694.46, 156.00
694.77, 157.00
695.08, 160.00
695.39, 166.00
695.70, 156.00
696.01, 165.00
696.32, 152.00
696.63, 162.00
696.94, 161.00
697.25, 164.00
697.56, 167.00
697.87, 165.00
698.17, 193.00
698.48, 162.00
698.79, 157.00
699.10, 153.00
699.41, 158.00
699.72, 161.00
700.03, 155.00
700.34, 157.00
700.65, 162.00
700.95, 156.00
701.26, 163.00
701.57, 155.00
701.88, 159.00
702.19, 170.00
702.50, 167.00
702.81, 156.00
703.11, 184.00
703.42, 160.00
703.73, 168.00
704.04, 166.00
704.35, 169.00
704.66, 187.00
704.96, 263.00
705.27, 316.00
705.58, 343.00
705.89, 323.00
706.20, 278.00
706.50, 248.00
706.81, 234.00
707.12, 208.00
707.43, 193.00
707.73, 186.00
708.04, 164.00
708.35, 172.00
708.66, 160.00
708.97, 157.00
709.27, 164.00
709.58, 157.00
709.89, 155.00
710.19, 154.00
710.50, 165.00
710.81, 156.00
711.12, 162.00
711.42, 151.00
711.73, 153.00
712.04, 154.00
712.35, 163.00
712.65, 158.00
712.96, 163.00
713.27, 161.00
713.57, 182.00
713.88, 183.00
714.19, 161.00
714.49, 159.00
714.80, 165.00
715.11, 153.00
715.41, 157.00
715.72, 157.00
716.03, 155.00
716.33, 165.00
716.64, 153.00
716.94, 162.00
717.25, 157.00
717.56, 163.00
717.86, 157.00
718.17, 155.00
718.48, 154.00
718.78, 155.00
719.09, 156.00
719.39, 153.00
719.70, 147.00
720.01, 152.00
720.31, 148.00
720.62, 156.00
720.92, 155.00
721.23, 163.00
721.53, 160.00
721.84, 160.00
722.15, 168.00
722.45, 162.00
722.76, 163.00
723.06, 160.00
723.37, 162.00
723.67, 161.00
723.98, 161.00
724.28, 166.00
724.59, 171.00
724.89, 171.00
725.20, 161.00
725.50, 171.00
725.81, 164.00
726.11, 158.00
726.42, 164.00
726.72, 174.00
727.03, 196.00
727.33, 169.00
727.64, 171.00
727.94, 158.00
728.25, 159.00
728.55, 154.00
728.86, 181.00
729.16, 155.00
729.46, 156.00
729.77, 156.00
730.07, 155.00
730.38, 157.00
730.68, 156.00
730.99, 169.00
731.29, 155.00
731.59, 157.00
731.90, 154.00
732.20, 161.00
732.51, 163.00
732.81, 159.00
733.11, 160.00
733.42, 160.00
733.72, 167.00
734.02, 165.00
734.33, 165.00
734.63, 158.00
734.94, 152.00
735.24, 161.00
735.54, 164.00
735.85, 156.00
736.15, 157.00
736.45, 160.00
736.76, 162.00
737.06, 162.00
737.36, 155.00
737.67, 161.00
737.97, 160.00
738.27, 157.00
738.57, 156.00
738.88, 159.00
739.18, 193.00
739.48, 155.00
739.79, 148.00
740.09, 160.00
740.39, 159.00
740.69, 163.00
741.00, 156.00
741.30, 166.00
741.60, 154.00
741.90, 157.00
742.21, 166.00
742.51, 210.00
742.81, 164.00
743.11, 157.00
743.42, 185.00
743.72, 167.00
744.02, 179.00
744.32, 170.00
744.63, 178.00
744.93, 183.00
745.23, 178.00
745.53, 185.00
745.83, 181.00
746.13, 177.00
746.44, 183.00
746.74, 180.00
747.04, 179.00
747.34, 181.00
747.64, 182.00
747.94, 185.00
748.25, 187.00
748.55, 187.00
748.85, 187.00
749.15, 189.00
749.45, 214.00
749.75, 199.00
750.05, 174.00
750.35, 169.00
750.66, 182.00
750.96, 170.00
751.26, 161.00
751.56, 162.00
751.86, 161.00
752.16, 160.00
752.46, 151.00
752.76, 154.00
753.06, 147.00
753.36, 197.00
753.66, 152.00
753.96, 160.00
754.27, 154.00
754.57, 153.00
754.87, 155.00
755.17, 154.00
755.47, 160.00
755.77, 159.00
756.07, 161.00
756.37, 163.00
756.67, 170.00
756.97, 173.00
757.27, 171.00
757.57, 166.00
757.87, 177.00
758.17, 161.00
758.47, 166.00
758.77, 171.00
759.07, 167.00
759.37, 164.00
759.67, 171.00
759.97, 172.00
760.27, 167.00
760.57, 170.00
760.86, 168.00
761.16, 158.00
761.46, 167.00
761.76, 191.00
762.06, 160.00
762.36, 167.00
762.66, 158.00
762.96, 156.00
763.26, 156.00
763.56, 188.00
763.86, 165.00
764.16, 156.00
764.45, 164.00
764.75, 157.00
765.05, 158.00
765.35, 154.00
765.65, 152.00
765.95, 155.00
766.25, 156.00
766.55, 164.00
766.84, 157.00
767.14, 158.00
767.44, 156.00
767.74, 162.00
768.04, 165.00
768.34, 163.00
768.63, 164.00
768.93, 161.00
769.23, 167.00
769.53, 165.00
769.83, 174.00
770.12, 170.00
770.42, 166.00
770.72, 166.00
771.02, 164.00
771.32, 167.00
771.61, 166.00
771.91, 172.00
772.21, 169.00
772.51, 171.00
772.80, 164.00
773.10, 165.00
773.40, 169.00
773.70, 170.00
773.99, 159.00
774.29, 175.00
774.59, 178.00
774.88, 165.00
775.18, 209.00
775.48, 441.00
775.78, 805.00
776.07, 1047.00
776.37, 1112.00
776.67, 860.00
776.96, 582.00
777.26, 520.00
777.56, 391.00
777.85, 348.00
778.15, 311.00
778.45, 291.00
778.74, 252.00
779.04, 211.00
779.34, 185.00
779.63, 179.00
779.93, 161.00
780.22, 155.00
780.52, 152.00
780.82, 151.00
781.11, 149.00
781.41, 151.00
781.71, 151.00
782.00, 154.00
782.30, 155.00
782.59, 154.00
782.89, 154.00
783.19, 149.00
783.48, 149.00
783.78, 145.00
784.07, 160.00
784.37, 155.00
784.66, 146.00
784.96, 146.00
785.25, 141.00
785.55, 149.00
785.84, 156.00
786.14, 147.00
786.44, 154.00
786.73, 151.00
787.03, 147.00
787.32, 148.00
787.62, 150.00
787.91, 153.00
788.21, 153.00
788.50, 151.00
788.80, 148.00
789.09, 151.00
789.39, 152.00
789.68, 149.00
789.97, 150.00
790.27, 150.00
790.56, 149.00
790.86, 158.00
791.15, 150.00
791.45, 146.00
791.74, 165.00
792.04, 152.00
792.33, 150.00
792.62, 170.00
792.92, 146.00
793.21, 143.00
793.51, 152.00
793.80, 143.00
794.09, 143.00
794.39, 144.00
794.68, 141.00
794.98, 135.00
795.27, 148.00
795.56, 145.00
795.86, 150.00
796.15, 145.00
796.44, 152.00
796.74, 144.00
797.03, 143.00
797.32, 148.00
797.62, 143.00
797.91, 157.00
798.20, 144.00
798.50, 154.00
798.79, 156.00
799.08, 144.00
799.38, 147.00
799.67, 148.00
799.96, 165.00
800.26, 173.00
800.55, 145.00
800.84, 149.00
801.13, 145.00
801.43, 147.00
801.72, 187.00
802.01, 147.00
802.30, 146.00
802.60, 144.00
802.89, 146.00
803.18, 147.00
803.47, 149.00
803.77, 153.00
804.06, 150.00
804.35, 145.00
804.64, 164.00
804.94, 148.00
805.23, 150.00
805.52, 148.00
805.81, 147.00
806.10, 144.00
806.39, 151.00
806.69, 146.00
806.98, 146.00
807.27, 150.00
807.56, 158.00
807.85, 148.00
808.14, 145.00
808.44, 150.00
808.73, 146.00
809.02, 166.00
809.31, 148.00
809.60, 151.00
809.89, 155.00
810.18, 142.00
810.48, 154.00
810.77, 152.00
811.06, 147.00
811.35, 144.00
811.64, 151.00
811.93, 168.00
812.22, 147.00
812.51, 146.00
812.80, 145.00
813.09, 146.00
813.38, 145.00
813.67, 161.00
813.96, 146.00
814.26, 139.00
814.55, 140.00
814.84, 137.00
815.13, 147.00
815.42, 143.00
815.71, 146.00
816.00, 139.00
816.29, 147.00
816.58, 148.00
816.87, 147.00
817.16, 139.00
817.45, 153.00
817.74, 151.00
818.03, 141.00
818.32, 144.00
818.61, 144.00
818.90, 148.00
819.19, 147.00
819.48, 147.00
819.76, 146.00
820.05, 144.00
820.34, 141.00
820.63, 144.00
820.92, 143.00
821.21, 149.00
821.50, 144.00
821.79, 143.00
822.08, 146.00
822.37, 145.00
822.66, 146.00
822.95, 141.00
823.23, 146.00
823.52, 162.00
823.81, 145.00
824.10, 141.00
824.39, 150.00
824.68, 143.00
824.97, 155.00
825.26, 141.00
825.54, 194.00
825.83, 143.00
826.12, 140.00
826.41, 144.00
826.70, 143.00
826.99, 152.00
827.27, 141.00
827.56, 162.00
827.85, 145.00
828.14, 146.00
828.43, 145.00
828.71, 144.00
829.00, 142.00
829.29, 145.00
829.58, 148.00
829.86, 144.00
830.15, 143.00
830.44, 150.00
830.73, 149.00
831.01, 141.00
831.30, 140.00
831.59, 146.00
831.88, 142.00
832.16, 143.00
832.45, 150.00
832.74, 148.00
833.03, 144.00
833.31, 143.00
833.60, 143.00
833.89, 144.00
834.17, 148.00
834.46, 141.00
834.75, 144.00
835.03, 140.00
835.32, 141.00
835.61, 140.00
835.89, 157.00
836.18, 142.00
836.47, 140.00
836.75, 142.00
837.04, 148.00
837.33, 150.00
837.61, 146.00
837.90, 146.00
838.19, 142.00
838.47, 140.00
838.76, 146.00
839.04, 146.00
839.33, 144.00
839.62, 144.00
839.90, 145.00
840.19, 145.00
840.47, 145.00
840.76, 170.00
841.04, 148.00
841.33, 149.00
841.62, 146.00
841.90, 143.00
842.19, 145.00
842.47, 304.00
842.76, 143.00
843.04, 152.00
843.33, 174.00
843.61, 173.00
843.90, 164.00
844.18, 162.00
844.47, 169.00
844.75, 159.00
845.04, 152.00
845.32, 161.00
845.61, 151.00
845.89, 154.00
846.18, 150.00
846.46, 151.00
846.75, 148.00
847.03, 162.00
847.32, 144.00
847.60, 140.00
847.88, 143.00
848.17, 142.00
848.45, 160.00
848.74, 147.00
849.02, 144.00
849.31, 141.00
849.59, 145.00
849.87, 145.00
850.16, 144.00
850.44, 154.00
850.73, 178.00
851.01, 151.00
851.29, 142.00
851.58, 143.00
851.86, 148.00
852.14, 146.00
852.43, 148.00
852.71, 147.00
853.00, 142.00
853.28, 150.00
853.56, 150.00
853.85, 143.00
854.13, 146.00
854.41, 144.00
854.69, 140.00
854.98, 146.00
855.26, 198.00
855.54, 146.00
855.83, 141.00
856.11, 150.00
856.39, 145.00
856.68, 142.00
856.96, 139.00
857.24, 149.00
857.52, 147.00
857.81, 147.00
858.09, 145.00
858.37, 140.00
858.65, 141.00
858.94, 141.00
859.22, 140.00
