190.05, 0.00
190.41, 131.00
190.77, 136.00
191.14, 136.00
191.50, 134.00
191.86, 157.00
192.22, 145.00
192.58, 143.00
192.94, 145.00
193.31, 142.00
193.67, 143.00
194.03, 153.00
194.39, 142.00
194.75, 143.00
195.11, 150.00
195.47, 155.00
195.84, 142.00
196.20, 139.00
196.56, 165.00
196.92, 143.00
197.28, 146.00
197.64, 145.00
198.00, 141.00
198.37, 145.00
198.73, 145.00
199.09, 143.00
199.45, 143.00
199.81, 146.00
200.17, 148.00
200.53, 145.00
200.89, 148.00
201.25, 179.00
201.62, 147.00
201.98, 144.00
202.34, 143.00
202.70, 148.00
203.06, 140.00
203.42, 143.00
203.78, 145.00
204.14, 141.00
204.50, 170.00
204.86, 156.00
205.22, 153.00
205.58, 148.00
205.95, 146.00
206.31, 143.00
206.67, 141.00
207.03, 145.00
207.39, 150.00
207.75, 146.00
208.11, 142.00
208.47, 147.00
208.83, 147.00
209.19, 145.00
209.55, 144.00
209.91, 144.00
210.27, 151.00
210.63, 143.00
210.99, 151.00
211.35, 147.00
211.71, 147.00
212.07, 150.00
212.43, 146.00
212.79, 144.00
213.15, 147.00
213.51, 145.00
213.87, 148.00
214.23, 144.00
214.59, 146.00
214.95, 143.00
215.31, 142.00
215.67, 145.00
216.03, 174.00
216.39, 141.00
216.75, 146.00
217.11, 144.00
217.47, 147.00
217.83, 143.00
218.19, 140.00
218.55, 150.00
218.91, 150.00
219.27, 141.00
219.63, 148.00
219.99, 141.00
220.35, 143.00
220.71, 153.00
221.07, 145.00
221.43, 140.00
221.79, 146.00
222.15, 147.00
222.51, 142.00
222.87, 145.00
223.23, 142.00
223.59, 148.00
223.95, 140.00
224.31, 144.00
224.67, 143.00
225.03, 146.00
225.39, 152.00
225.74, 150.00
226.10, 145.00
226.46, 144.00
226.82, 151.00
227.18, 147.00
227.54, 147.00
227.90, 145.00
228.26, 148.00
228.62, 153.00
228.98, 141.00
229.34, 142.00
229.69, 142.00
230.05, 140.00
230.41, 138.00
230.77, 144.00
231.13, 152.00
231.49, 145.00
231.85, 141.00
232.21, 145.00
232.57, 139.00
232.92, 140.00
233.28, 139.00
233.64, 138.00
234.00, 145.00
234.36, 141.00
234.72, 142.00
235.08, 145.00
235.44, 151.00
235.79, 145.00
236.15, 146.00
236.51, 143.00
236.87, 141.00
237.23, 143.00
237.59, 143.00
237.94, 150.00
238.30, 140.00
238.66, 140.00
239.02, 141.00
239.38, 142.00
239.74, 141.00
240.09, 149.00
240.45, 143.00
240.81, 141.00
241.17, 151.00
241.53, 145.00
241.89, 144.00
242.24, 140.00
242.60, 142.00
242.96, 147.00
243.32, 141.00
243.68, 141.00
244.03, 147.00
244.39, 149.00
244.75, 169.00
245.11, 142.00
245.46, 145.00
245.82, 168.00
246.18, 141.00
246.54, 143.00
246.90, 143.00
247.25, 142.00
247.61, 141.00
247.97, 186.00
248.33, 144.00
248.68, 143.00
249.04, 141.00
249.40, 146.00
249.76, 144.00
250.11, 141.00
250.47, 149.00
250.83, 145.00
251.19, 148.00
251.54, 153.00
251.90, 146.00
252.26, 149.00
252.62, 143.00
252.97, 149.00
253.33, 148.00
253.69, 145.00
254.05, 152.00
254.40, 142.00
254.76, 146.00
255.12, 177.00
255.47, 143.00
255.83, 153.00
256.19, 148.00
256.54, 141.00
256.90, 142.00
257.26, 147.00
257.62, 140.00
257.97, 142.00
258.33, 146.00
258.69, 144.00
259.04, 145.00
259.40, 142.00
259.76, 145.00
260.11, 142.00
260.47, 147.00
260.83, 145.00
261.18, 141.00
261.54, 145.00
261.90, 146.00
262.25, 141.00
262.61, 140.00
262.97, 140.00
263.32, 143.00
263.68, 142.00
264.04, 146.00
264.39, 144.00
264.75, 142.00
265.10, 147.00
265.46, 192.00
265.82, 155.00
266.17, 146.00
266.53, 145.00
266.89, 144.00
267.24, 145.00
267.60, 148.00
267.95, 145.00
268.31, 147.00
268.67, 141.00
269.02, 142.00
269.38, 139.00
269.74, 153.00
270.09, 142.00
270.45, 147.00
270.80, 167.00
271.16, 148.00
271.51, 148.00
271.87, 149.00
272.23, 155.00
272.58, 151.00
272.94, 148.00
273.29, 142.00
273.65, 193.00
274.00, 143.00
274.36, 146.00
274.72, 143.00
275.07, 143.00
275.43, 144.00
275.78, 147.00
276.14, 145.00
276.49, 145.00
276.85, 156.00
277.20, 167.00
277.56, 148.00
277.92, 144.00
278.27, 145.00
278.63, 148.00
278.98, 143.00
279.34, 147.00
279.69, 148.00
280.05, 166.00
280.40, 149.00
280.76, 163.00
281.11, 148.00
281.47, 149.00
281.82, 148.00
282.18, 152.00
282.53, 158.00
282.89, 164.00
283.24, 160.00
283.60, 154.00
283.95, 160.00
284.31, 162.00
284.66, 164.00
285.02, 163.00
285.37, 167.00
285.73, 168.00
286.08, 172.00
286.44, 154.00
286.79, 162.00
287.14, 159.00
287.50, 153.00
287.85, 148.00
288.21, 151.00
288.56, 154.00
288.92, 155.00
289.27, 152.00
289.63, 157.00
289.98, 161.00
290.34, 150.00
290.69, 164.00
291.04, 146.00
291.40, 151.00
291.75, 152.00
292.11, 151.00
292.46, 149.00
292.81, 159.00
293.17, 156.00
293.52, 155.00
293.88, 161.00
294.23, 178.00
294.59, 177.00
294.94, 191.00
295.29, 199.00
295.65, 210.00
296.00, 221.00
296.36, 199.00
296.71, 194.00
297.06, 193.00
297.42, 205.00
297.77, 197.00
298.12, 187.00
298.48, 177.00
298.83, 181.00
299.19, 183.00
299.54, 179.00
299.89, 183.00
300.25, 177.00
300.60, 181.00
300.95, 170.00
301.31, 165.00
301.66, 158.00
302.01, 161.00
302.37, 164.00
302.72, 160.00
303.07, 162.00
303.43, 174.00
303.78, 165.00
304.13, 178.00
304.49, 176.00
304.84, 185.00
305.19, 214.00
305.55, 182.00
305.90, 187.00
306.25, 219.00
306.61, 281.00
306.96, 329.00
307.31, 411.00
307.66, 562.00
308.02, 729.00
308.37, 852.00
308.72, 957.00
309.08, 959.00
309.43, 914.00
309.78, 785.00
310.13, 682.00
310.49, 603.00
310.84, 483.00
311.19, 449.00
311.54, 399.00
311.90, 360.00
312.25, 330.00
312.60, 342.00
312.95, 405.00
313.31, 463.00
313.66, 461.00
314.01, 453.00
314.36, 452.00
314.72, 513.00
315.07, 664.00
315.42, 811.00
315.77, 859.00
316.13, 717.00
316.48, 480.00
316.83, 336.00
317.18, 251.00
317.54, 214.00
317.89, 183.00
318.24, 185.00
318.59, 180.00
318.94, 176.00
319.30, 174.00
319.65, 179.00
320.00, 181.00
320.35, 177.00
320.70, 180.00
321.05, 181.00
321.41, 176.00
321.76, 183.00
322.11, 179.00
322.46, 175.00
322.81, 217.00
323.17, 172.00
323.52, 169.00
323.87, 171.00
324.22, 169.00
324.57, 179.00
324.92, 181.00
325.27, 185.00
325.63, 200.00
325.98, 197.00
326.33, 200.00
326.68, 203.00
327.03, 202.00
327.38, 197.00
327.73, 214.00
328.09, 228.00
328.44, 255.00
328.79, 225.00
329.14, 248.00
329.49, 215.00
329.84, 209.00
330.19, 212.00
330.54, 213.00
330.89, 212.00
331.25, 199.00
331.60, 192.00
331.95, 187.00
332.30, 192.00
332.65, 199.00
333.00, 214.00
333.35, 282.00
333.70, 279.00
334.05, 255.00
334.40, 279.00
334.75, 316.00
335.10, 429.00
335.45, 626.00
335.81, 897.00
336.16, 1296.00
336.51, 1826.00
336.86, 1898.00
337.21, 1658.00
337.56, 1015.00
337.91, 619.00
338.26, 389.00
338.61, 262.00
338.96, 220.00
339.31, 198.00
339.66, 191.00
340.01, 193.00
340.36, 178.00
340.71, 182.00
341.06, 177.00
341.41, 186.00
341.76, 170.00
342.11, 192.00
342.46, 178.00
342.81, 183.00
343.16, 178.00
343.51, 176.00
343.86, 184.00
344.21, 179.00
344.56, 179.00
344.91, 178.00
345.26, 187.00
345.61, 178.00
345.96, 175.00
346.31, 175.00
346.66, 205.00
347.01, 176.00
347.36, 200.00
347.71, 171.00
348.06, 174.00
348.41, 199.00
348.76, 204.00
349.10, 210.00
349.45, 235.00
349.80, 223.00
350.15, 219.00
350.50, 214.00
350.85, 227.00
351.20, 228.00
351.55, 268.00
351.90, 330.00
352.25, 399.00
352.60, 504.00
352.95, 646.00
353.30, 722.00
353.64, 627.00
353.99, 492.00
354.34, 413.00
354.69, 377.00
355.04, 402.00
355.39, 477.00
355.74, 611.00
356.09, 798.00
356.44, 1004.00
356.78, 1326.00
357.13, 1521.00
357.48, 1454.00
357.83, 1120.00
358.18, 709.00
358.53, 471.00
358.88, 304.00
359.22, 236.00
359.57, 197.00
359.92, 194.00
360.27, 189.00
360.62, 183.00
360.97, 193.00
361.32, 186.00
361.66, 185.00
362.01, 185.00
362.36, 190.00
362.71, 192.00
363.06, 201.00
363.40, 198.00
363.75, 204.00
364.10, 203.00
364.45, 195.00
364.80, 189.00
365.14, 187.00
365.49, 195.00
365.84, 202.00
366.19, 208.00
366.54, 220.00
366.88, 243.00
367.23, 202.00
367.58, 245.00
367.93, 190.00
368.28, 191.00
368.62, 190.00
368.97, 202.00
369.32, 227.00
369.67, 242.00
370.01, 293.00
370.36, 303.00
370.71, 337.00
371.06, 283.00
371.40, 250.00
371.75, 219.00
372.10, 208.00
372.45, 206.00
372.79, 217.00
373.14, 248.00
373.49, 288.00
373.83, 345.00
374.18, 417.00
374.53, 527.00
374.88, 592.00
375.22, 601.00
375.57, 483.00
375.92, 358.00
376.26, 279.00
376.61, 241.00
376.96, 209.00
377.30, 219.00
377.65, 236.00
378.00, 263.00
378.35, 315.00
378.69, 395.00
379.04, 483.00
379.39, 659.00
379.73, 764.00
380.08, 793.00
380.43, 619.00
380.77, 430.00
381.12, 363.00
381.47, 283.00
381.81, 231.00
382.16, 204.00
382.50, 207.00
382.85, 270.00
383.20, 198.00
383.54, 204.00
383.89, 218.00
384.24, 222.00
384.58, 233.00
384.93, 255.00
385.27, 264.00
385.62, 254.00
385.97, 255.00
386.31, 243.00
386.66, 273.00
387.00, 252.00
387.35, 270.00
387.70, 294.00
388.04, 390.00
388.39, 409.00
388.73, 507.00
389.08, 615.00
389.43, 746.00
389.77, 897.00
390.12, 1084.00
390.46, 1531.00
390.81, 1681.00
391.15, 1628.00
391.50, 1218.00
391.85, 784.00
392.19, 542.00
392.54, 364.00
392.88, 295.00
393.23, 305.00
393.57, 294.00
393.92, 291.00
394.26, 262.00
394.61, 234.00
394.95, 213.00
395.30, 190.00
395.64, 185.00
395.99, 234.00
396.33, 194.00
396.68, 192.00
397.02, 202.00
397.37, 231.00
397.71, 249.00
398.06, 276.00
398.40, 317.00
398.75, 370.00
399.09, 409.00
399.44, 399.00
399.78, 334.00
400.13, 284.00
400.47, 231.00
400.82, 203.00
401.16, 185.00
401.51, 189.00
401.85, 193.00
402.20, 193.00
402.54, 196.00
402.88, 210.00
403.23, 213.00
403.57, 231.00
403.92, 252.00
404.26, 337.00
404.61, 321.00
404.95, 404.00
405.30, 372.00
405.64, 348.00
405.98, 326.00
406.33, 259.00
406.67, 223.00
407.02, 199.00
407.36, 198.00
407.70, 214.00
408.05, 208.00
408.39, 225.00
408.74, 230.00
409.08, 239.00
409.42, 221.00
409.77, 210.00
410.11, 212.00
410.46, 205.00
410.80, 212.00
411.14, 222.00
411.49, 232.00
411.83, 237.00
412.17, 236.00
412.52, 241.00
412.86, 254.00
413.20, 259.00
413.55, 255.00
413.89, 243.00
414.23, 227.00
414.58, 250.00
414.92, 210.00
415.26, 206.00
415.61, 200.00
415.95, 210.00
416.29, 210.00
416.64, 206.00
416.98, 212.00
417.32, 226.00
417.67, 250.00
418.01, 259.00
418.35, 273.00
418.70, 301.00
419.04, 351.00
419.38, 335.00
419.72, 322.00
420.07, 292.00
420.41, 239.00
420.75, 214.00
421.10, 210.00
421.44, 207.00
421.78, 207.00
422.12, 205.00
422.47, 220.00
422.81, 233.00
423.15, 236.00
423.49, 248.00
423.84, 231.00
424.18, 254.00
424.52, 267.00
424.86, 312.00
425.21, 382.00
425.55, 421.00
425.89, 494.00
426.23, 578.00
426.57, 707.00
426.92, 751.00
427.26, 781.00
427.60, 655.00
427.94, 463.00
428.28, 359.00
428.63, 281.00
428.97, 233.00
429.31, 205.00
429.65, 196.00
429.99, 193.00
430.34, 185.00
430.68, 188.00
431.02, 200.00
431.36, 187.00
431.70, 206.00
432.04, 207.00
432.39, 209.00
432.73, 222.00
433.07, 229.00
433.41, 249.00
433.75, 244.00
434.09, 243.00
434.43, 229.00
434.78, 215.00
435.12, 213.00
435.46, 213.00
435.80, 220.00
436.14, 221.00
436.48, 222.00
436.82, 227.00
437.16, 219.00
437.51, 214.00
437.85, 210.00
438.19, 253.00
438.53, 221.00
438.87, 221.00
439.21, 217.00
439.55, 231.00
439.89, 239.00
440.23, 231.00
440.57, 235.00
440.91, 250.00
441.26, 236.00
441.60, 226.00
441.94, 219.00
442.28, 217.00
442.62, 208.00
442.96, 204.00
443.30, 205.00
443.64, 205.00
443.98, 209.00
444.32, 201.00
444.66, 193.00
445.00, 200.00
445.34, 205.00
445.68, 197.00
446.02, 201.00
446.36, 196.00
446.70, 205.00
447.04, 203.00
447.38, 233.00
447.72, 217.00
448.06, 216.00
448.40, 223.00
448.74, 213.00
449.08, 211.00
449.42, 202.00
449.76, 203.00
450.10, 202.00
450.44, 189.00
450.78, 196.00
451.12, 203.00
451.46, 199.00
451.80, 209.00
452.14, 192.00
452.48, 191.00
452.82, 190.00
453.16, 194.00
453.50, 199.00
453.84, 186.00
454.18, 240.00
454.52, 206.00
454.86, 205.00
455.19, 226.00
455.53, 215.00
455.87, 214.00
456.21, 219.00
456.55, 221.00
456.89, 216.00
457.23, 227.00
457.57, 214.00
457.91, 217.00
458.25, 228.00
458.59, 233.00
458.92, 242.00
459.26, 239.00
459.60, 243.00
459.94, 222.00
460.28, 212.00
460.62, 208.00
460.96, 197.00
461.30, 191.00
461.63, 196.00
461.97, 193.00
462.31, 196.00
462.65, 206.00
462.99, 207.00
463.33, 218.00
463.67, 219.00
464.00, 222.00
464.34, 218.00
464.68, 221.00
465.02, 244.00
465.36, 229.00
465.70, 222.00
466.03, 228.00
466.37, 207.00
466.71, 217.00
467.05, 225.00
467.39, 236.00
467.72, 253.00
468.06, 262.00
468.40, 277.00
468.74, 286.00
469.08, 286.00
469.41, 319.00
469.75, 338.00
470.09, 360.00
470.43, 356.00
470.76, 311.00
471.10, 292.00
471.44, 281.00
471.78, 267.00
472.11, 251.00
472.45, 248.00
472.79, 241.00
473.13, 227.00
473.46, 234.00
473.80, 229.00
474.14, 223.00
474.48, 230.00
474.81, 223.00
475.15, 217.00
475.49, 224.00
475.82, 225.00
476.16, 222.00
476.50, 216.00
476.84, 219.00
477.17, 213.00
477.51, 212.00
477.85, 207.00
478.18, 230.00
478.52, 211.00
478.86, 274.00
479.19, 233.00
479.53, 217.00
479.87, 266.00
480.20, 233.00
480.54, 226.00
480.88, 217.00
481.21, 218.00
481.55, 227.00
481.89, 219.00
482.22, 214.00
482.56, 224.00
482.90, 216.00
483.23, 215.00
483.57, 220.00
483.90, 219.00
484.24, 218.00
484.58, 218.00
484.91, 211.00
485.25, 219.00
485.58, 222.00
485.92, 222.00
486.26, 219.00
486.59, 224.00
486.93, 233.00
487.26, 227.00
487.60, 227.00
487.94, 231.00
488.27, 231.00
488.61, 224.00
488.94, 227.00
489.28, 227.00
489.61, 236.00
489.95, 226.00
490.29, 238.00
490.62, 243.00
490.96, 232.00
491.29, 239.00
491.63, 227.00
491.96, 224.00
492.30, 227.00
492.63, 231.00
492.97, 228.00
493.30, 221.00
493.64, 224.00
493.97, 219.00
494.31, 229.00
494.64, 230.00
494.98, 240.00
495.31, 237.00
495.65, 231.00
495.98, 231.00
496.32, 223.00
496.65, 255.00
496.99, 232.00
497.32, 218.00
497.66, 221.00
497.99, 214.00
498.33, 209.00
498.66, 213.00
499.00, 223.00
499.33, 219.00
499.67, 217.00
500.00, 227.00
500.34, 229.00
500.67, 229.00
501.00, 238.00
501.34, 225.00
501.67, 227.00
502.01, 216.00
502.34, 229.00
502.68, 236.00
503.01, 245.00
503.34, 241.00
503.68, 242.00
504.01, 242.00
504.35, 241.00
504.68, 246.00
505.01, 246.00
505.35, 245.00
505.68, 241.00
506.02, 247.00
506.35, 249.00
506.68, 262.00
507.02, 247.00
507.35, 239.00
507.68, 248.00
508.02, 241.00
508.35, 242.00
508.69, 238.00
509.02, 233.00
509.35, 238.00
509.69, 236.00
510.02, 238.00
510.35, 233.00
510.69, 225.00
511.02, 233.00
511.35, 224.00
511.69, 230.00
512.02, 220.00
512.35, 230.00
512.68, 228.00
513.02, 224.00
513.35, 227.00
513.68, 221.00
514.02, 229.00
514.35, 227.00
514.68, 221.00
515.01, 215.00
515.35, 225.00
515.68, 219.00
516.01, 225.00
516.35, 214.00
516.68, 216.00
517.01, 216.00
517.34, 220.00
517.68, 216.00
518.01, 224.00
518.34, 216.00
518.67, 226.00
519.01, 209.00
519.34, 227.00
519.67, 231.00
520.00, 226.00
520.33, 226.00
520.67, 225.00
521.00, 232.00
521.33, 233.00
521.66, 236.00
522.00, 234.00
522.33, 241.00
522.66, 233.00
522.99, 225.00
523.32, 232.00
523.65, 223.00
523.99, 228.00
524.32, 220.00
524.65, 230.00
524.98, 222.00
525.31, 231.00
525.65, 261.00
525.98, 227.00
526.31, 221.00
526.64, 233.00
526.97, 232.00
527.30, 219.00
527.63, 218.00
527.97, 215.00
528.30, 217.00
528.63, 225.00
528.96, 238.00
529.29, 213.00
529.62, 218.00
529.95, 210.00
530.28, 205.00
530.61, 208.00
530.95, 213.00
531.28, 209.00
531.61, 217.00
531.94, 223.00
532.27, 228.00
532.60, 225.00
532.93, 216.00
533.26, 216.00
533.59, 207.00
533.92, 214.00
534.25, 210.00
534.58, 242.00
534.91, 214.00
535.25, 204.00
535.58, 200.00
535.91, 206.00
536.24, 210.00
536.57, 208.00
536.90, 210.00
537.23, 209.00
537.56, 248.00
537.89, 212.00
538.22, 209.00
538.55, 210.00
538.88, 207.00
539.21, 319.00
539.54, 197.00
539.87, 203.00
540.20, 205.00
540.53, 197.00
540.86, 237.00
541.19, 199.00
541.52, 198.00
541.85, 204.00
542.18, 220.00
542.51, 216.00
542.84, 214.00
543.17, 215.00
543.50, 215.00
543.82, 209.00
544.15, 211.00
544.48, 217.00
544.81, 218.00
545.14, 239.00
545.47, 207.00
545.80, 244.00
546.13, 214.00
546.46, 256.00
546.79, 232.00
547.12, 208.00
547.45, 208.00
547.78, 212.00
548.10, 205.00
548.43, 211.00
548.76, 205.00
549.09, 198.00
549.42, 213.00
549.75, 202.00
550.08, 210.00
550.41, 205.00
550.74, 220.00
551.06, 204.00
551.39, 214.00
551.72, 207.00
552.05, 199.00
552.38, 200.00
552.71, 202.00
553.03, 210.00
553.36, 209.00
553.69, 214.00
554.02, 209.00
554.35, 209.00
554.68, 209.00
555.00, 215.00
555.33, 211.00
555.66, 212.00
555.99, 234.00
556.32, 222.00
556.64, 218.00
556.97, 235.00
557.30, 231.00
557.63, 230.00
557.96, 231.00
558.28, 234.00
558.61, 228.00
558.94, 231.00
559.27, 231.00
559.59, 225.00
559.92, 221.00
560.25, 220.00
560.58, 225.00
560.90, 228.00
561.23, 217.00
561.56, 221.00
561.89, 221.00
562.21, 212.00
562.54, 213.00
562.87, 201.00
563.20, 204.00
563.52, 204.00
563.85, 204.00
564.18, 224.00
564.50, 209.00
564.83, 230.00
565.16, 261.00
565.48, 193.00
565.81, 207.00
566.14, 189.00
566.47, 195.00
566.79, 195.00
567.12, 191.00
567.45, 217.00
567.77, 193.00
568.10, 199.00
568.43, 197.00
568.75, 190.00
569.08, 197.00
569.40, 234.00
569.73, 194.00
570.06, 194.00
570.38, 187.00
570.71, 193.00
571.04, 193.00
571.36, 205.00
571.69, 199.00
572.01, 198.00
572.34, 195.00
572.67, 194.00
572.99, 199.00
573.32, 213.00
573.64, 190.00
573.97, 192.00
574.30, 191.00
574.62, 195.00
574.95, 194.00
575.27, 196.00
575.60, 192.00
575.92, 188.00
576.25, 189.00
576.58, 197.00
576.90, 192.00
577.23, 225.00
577.55, 195.00
577.88, 189.00
578.20, 190.00
578.53, 186.00
578.85, 207.00
579.18, 196.00
579.50, 188.00
579.83, 189.00
580.15, 198.00
580.48, 192.00
580.80, 192.00
581.13, 204.00
581.45, 193.00
581.78, 185.00
582.10, 201.00
582.43, 196.00
582.75, 199.00
583.08, 197.00
583.40, 193.00
583.73, 259.00
584.05, 197.00
584.38, 199.00
584.70, 245.00
585.03, 193.00
585.35, 198.00
585.67, 202.00
586.00, 223.00
586.32, 242.00
586.65, 252.00
586.97, 246.00
587.30, 230.00
587.62, 218.00
587.94, 234.00
588.27, 211.00
588.59, 209.00
588.92, 200.00
589.24, 203.00
589.56, 204.00
589.89, 209.00
590.21, 199.00
590.54, 196.00
590.86, 204.00
591.18, 199.00
591.51, 200.00
591.83, 209.00
592.15, 210.00
592.48, 207.00
592.80, 214.00
593.13, 210.00
593.45, 212.00
593.77, 219.00
594.10, 220.00
594.42, 226.00
594.74, 216.00
595.07, 223.00
595.39, 227.00
595.71, 240.00
596.03, 230.00
596.36, 233.00
596.68, 231.00
597.00, 238.00
597.33, 235.00
597.65, 242.00
597.97, 250.00
598.30, 232.00
598.62, 239.00
598.94, 237.00
599.26, 232.00
599.59, 236.00
599.91, 238.00
600.23, 230.00
600.55, 225.00
600.88, 223.00
601.20, 215.00
601.52, 212.00
601.84, 211.00
602.17, 204.00
602.49, 198.00
602.81, 193.00
603.13, 198.00
603.45, 206.00
603.78, 201.00
604.10, 199.00
604.42, 196.00
604.74, 198.00
605.07, 188.00
605.39, 192.00
605.71, 188.00
606.03, 187.00
606.35, 185.00
606.67, 195.00
607.00, 191.00
607.32, 187.00
607.64, 192.00
607.96, 178.00
608.28, 184.00
608.60, 181.00
608.93, 184.00
609.25, 188.00
609.57, 184.00
609.89, 186.00
610.21, 181.00
610.53, 181.00
610.85, 179.00
611.17, 179.00
611.50, 176.00
611.82, 179.00
612.14, 179.00
612.46, 179.00
612.78, 174.00
613.10, 185.00
613.42, 179.00
613.74, 191.00
614.06, 232.00
614.38, 209.00
614.70, 218.00
615.03, 226.00
615.35, 218.00
615.67, 312.00
615.99, 197.00
616.31, 192.00
616.63, 194.00
616.95, 187.00
617.27, 181.00
617.59, 181.00
617.91, 186.00
618.23, 189.00
618.55, 175.00
618.87, 177.00
619.19, 173.00
619.51, 175.00
619.83, 176.00
620.15, 177.00
620.47, 174.00
620.79, 173.00
621.11, 179.00
621.43, 178.00
621.75, 183.00
622.07, 166.00
622.39, 172.00
622.71, 178.00
623.03, 178.00
623.35, 216.00
623.67, 180.00
623.99, 179.00
624.31, 178.00
624.63, 184.00
624.95, 177.00
625.26, 177.00
625.58, 176.00
625.90, 205.00
626.22, 181.00
626.54, 185.00
626.86, 178.00
627.18, 181.00
627.50, 184.00
627.82, 177.00
628.14, 185.00
628.46, 186.00
628.77, 185.00
629.09, 185.00
629.41, 188.00
629.73, 183.00
630.05, 194.00
630.37, 189.00
630.69, 199.00
631.00, 203.00
631.32, 197.00
631.64, 190.00
631.96, 186.00
632.28, 192.00
632.60, 193.00
632.92, 192.00
633.23, 197.00
633.55, 208.00
633.87, 201.00
634.19, 206.00
634.51, 208.00
634.82, 233.00
635.14, 224.00
635.46, 219.00
635.78, 217.00
636.10, 220.00
636.41, 219.00
636.73, 215.00
637.05, 216.00
637.37, 218.00
637.68, 220.00
638.00, 211.00
638.32, 220.00
638.64, 226.00
638.95, 256.00
639.27, 231.00
639.59, 232.00
639.91, 224.00
640.22, 223.00
640.54, 219.00
640.86, 215.00
641.18, 215.00
641.49, 224.00
641.81, 212.00
642.13, 215.00
642.44, 208.00
642.76, 206.00
643.08, 200.00
643.40, 203.00
643.71, 217.00
644.03, 215.00
644.35, 214.00
644.66, 224.00
644.98, 215.00
645.30, 204.00
645.61, 225.00
645.93, 206.00
646.25, 194.00
646.56, 205.00
646.88, 225.00
647.19, 192.00
647.51, 196.00
647.83, 188.00
648.14, 182.00
648.46, 185.00
648.78, 194.00
649.09, 199.00
649.41, 235.00
649.72, 205.00
650.04, 211.00
650.36, 211.00
650.67, 210.00
650.99, 216.00
651.30, 213.00
651.62, 212.00
651.93, 220.00
652.25, 234.00
652.57, 251.00
652.88, 214.00
653.20, 218.00
653.51, 211.00
653.83, 212.00
654.14, 204.00
654.46, 201.00
654.77, 200.00
655.09, 207.00
655.40, 214.00
655.72, 201.00
656.04, 194.00
656.35, 199.00
656.67, 195.00
656.98, 197.00
657.30, 201.00
657.61, 201.00
657.93, 203.00
658.24, 211.00
658.55, 242.00
658.87, 208.00
659.18, 204.00
659.50, 207.00
659.81, 214.00
660.13, 206.00
660.44, 208.00
660.76, 212.00
661.07, 227.00
661.39, 207.00
661.70, 203.00
662.01, 191.00
662.33, 185.00
662.64, 191.00
662.96, 178.00
663.27, 180.00
663.59, 179.00
663.90, 173.00
664.21, 178.00
664.53, 193.00
664.84, 182.00
665.16, 204.00
665.47, 188.00
665.78, 178.00
666.10, 198.00
666.41, 199.00
666.72, 207.00
667.04, 215.00
667.35, 205.00
667.67, 196.00
667.98, 200.00
668.29, 193.00
668.61, 199.00
668.92, 198.00
669.23, 193.00
669.55, 197.00
669.86, 215.00
670.17, 184.00
670.48, 187.00
670.80, 182.00
671.11, 178.00
671.42, 182.00
671.74, 188.00
672.05, 180.00
672.36, 182.00
672.68, 185.00
672.99, 180.00
673.30, 185.00
673.61, 197.00
673.93, 197.00
674.24, 197.00
674.55, 203.00
674.86, 201.00
675.18, 209.00
675.49, 215.00
675.80, 208.00
676.11, 207.00
676.43, 217.00
676.74, 217.00
677.05, 204.00
677.36, 217.00
677.67, 205.00
677.99, 209.00
678.30, 199.00
678.61, 198.00
678.92, 189.00
679.23, 189.00
679.55, 184.00
679.86, 179.00
680.17, 185.00
680.48, 186.00
680.79, 183.00
681.10, 177.00
681.42, 176.00
681.73, 177.00
682.04, 175.00
682.35, 175.00
682.66, 181.00
682.97, 172.00
683.28, 176.00
683.60, 179.00
683.91, 177.00
684.22, 189.00
684.53, 182.00
684.84, 176.00
685.15, 176.00
685.46, 195.00
685.77, 169.00
686.08, 169.00
686.40, 208.00
686.71, 172.00
687.02, 168.00
687.33, 166.00
687.64, 162.00
687.95, 166.00
688.26, 159.00
688.57, 162.00
688.88, 163.00
689.19, 163.00
689.50, 158.00
689.81, 163.00
690.12, 157.00
690.43, 182.00
690.74, 157.00
691.05, 161.00
691.36, 174.00
691.67, 158.00
691.98, 159.00
692.29, 162.00
692.60, 160.00
692.91, 160.00
693.22, 160.00
693.53, 161.00
693.84, 161.00
694.15, 161.00
694.46, 166.00
694.77, 161.00
695.08, 158.00
695.39, 168.00
695.70, 161.00
696.01, 160.00
696.32, 150.00
696.63, 159.00
696.94, 163.00
697.25, 158.00
697.56, 160.00
697.87, 164.00
698.17, 202.00
698.48, 160.00
698.79, 160.00
699.10, 158.00
699.41, 164.00
699.72, 160.00
700.03, 158.00
700.34, 158.00
700.65, 162.00
700.95, 161.00
701.26, 158.00
701.57, 161.00
701.88, 157.00
702.19, 171.00
702.50, 165.00
702.81, 159.00
703.11, 184.00
703.42, 163.00
703.73, 166.00
704.04, 163.00
704.35, 172.00
704.66, 195.00
704.96, 276.00
705.27, 319.00
705.58, 355.00
705.89, 321.00
706.20, 271.00
706.50, 245.00
706.81, 234.00
707.12, 208.00
707.43, 196.00
707.73, 183.00
708.04, 164.00
708.35, 165.00
708.66, 161.00
708.97, 158.00
709.27, 166.00
709.58, 158.00
709.89, 159.00
710.19, 157.00
710.50, 162.00
710.81, 156.00
711.12, 163.00
711.42, 158.00
711.73, 162.00
712.04, 159.00
712.35, 166.00
712.65, 164.00
712.96, 160.00
713.27, 161.00
713.57, 187.00
713.88, 183.00
714.19, 154.00
714.49, 155.00
714.80, 165.00
715.11, 157.00
715.41, 155.00
715.72, 156.00
716.03, 157.00
716.33, 163.00
716.64, 152.00
716.94, 162.00
717.25, 154.00
717.56, 169.00
717.86, 154.00
718.17, 154.00
718.48, 153.00
718.78, 152.00
719.09, 153.00
719.39, 155.00
719.70, 158.00
720.01, 156.00
720.31, 151.00
720.62, 156.00
720.92, 154.00
721.23, 164.00
721.53, 160.00
721.84, 160.00
722.15, 168.00
722.45, 160.00
722.76, 158.00
723.06, 159.00
723.37, 159.00
723.67, 160.00
723.98, 163.00
724.28, 165.00
724.59, 169.00
724.89, 170.00
725.20, 167.00
725.50, 174.00
725.81, 163.00
726.11, 163.00
726.42, 165.00
726.72, 168.00
727.03, 206.00
727.33, 171.00
727.64, 169.00
727.94, 161.00
728.25, 159.00
728.55, 155.00
728.86, 180.00
729.16, 155.00
729.46, 155.00
729.77, 157.00
730.07, 153.00
730.38, 153.00
730.68, 153.00
730.99, 168.00
731.29, 155.00
731.59, 158.00
731.90, 157.00
732.20, 157.00
732.51, 157.00
732.81, 158.00
733.11, 171.00
733.42, 157.00
733.72, 171.00
734.02, 166.00
734.33, 162.00
734.63, 161.00
734.94, 158.00
735.24, 157.00
735.54, 164.00
735.85, 158.00
736.15, 161.00
736.45, 160.00
736.76, 162.00
737.06, 158.00
737.36, 161.00
737.67, 161.00
737.97, 156.00
738.27, 157.00
738.57, 155.00
738.88, 151.00
739.18, 192.00
739.48, 156.00
739.79, 152.00
740.09, 155.00
740.39, 159.00
740.69, 163.00
741.00, 155.00
741.30, 161.00
741.60, 154.00
741.90, 155.00
742.21, 159.00
742.51, 203.00
742.81, 167.00
743.11, 164.00
743.42, 191.00
743.72, 166.00
744.02, 174.00
744.32, 168.00
744.63, 186.00
744.93, 180.00
745.23, 183.00
745.53, 184.00
745.83, 178.00
746.13, 182.00
746.44, 175.00
746.74, 181.00
747.04, 175.00
747.34, 180.00
747.64, 180.00
747.94, 184.00
748.25, 185.00
748.55, 180.00
748.85, 187.00
749.15, 186.00
749.45, 217.00
749.75, 211.00
750.05, 180.00
750.35, 169.00
750.66, 183.00
750.96, 162.00
751.26, 158.00
751.56, 159.00
751.86, 161.00
752.16, 155.00
752.46, 161.00
752.76, 154.00
753.06, 157.00
753.36, 195.00
753.66, 156.00
753.96, 159.00
754.27, 158.00
754.57, 154.00
754.87, 155.00
755.17, 160.00
755.47, 163.00
755.77, 160.00
756.07, 162.00
756.37, 164.00
756.67, 167.00
756.97, 161.00
757.27, 174.00
757.57, 170.00
757.87, 171.00
758.17, 163.00
758.47, 168.00
758.77, 168.00
759.07, 162.00
759.37, 168.00
759.67, 164.00
759.97, 165.00
760.27, 169.00
760.57, 165.00
760.86, 166.00
761.16, 168.00
761.46, 169.00
761.76, 190.00
762.06, 161.00
762.36, 168.00
762.66, 160.00
762.96, 154.00
763.26, 154.00
763.56, 187.00
763.86, 161.00
764.16, 151.00
764.45, 172.00
764.75, 161.00
765.05, 154.00
765.35, 158.00
765.65, 155.00
765.95, 156.00
766.25, 161.00
766.55, 161.00
766.84, 164.00
767.14, 158.00
767.44, 158.00
767.74, 162.00
768.04, 163.00
768.34, 162.00
768.63, 168.00
768.93, 165.00
769.23, 172.00
769.53, 169.00
769.83, 169.00
770.12, 169.00
770.42, 154.00
770.72, 169.00
771.02, 165.00
771.32, 165.00
771.61, 164.00
771.91, 172.00
772.21, 163.00
772.51, 165.00
772.80, 168.00
773.10, 165.00
773.40, 165.00
773.70, 169.00
773.99, 167.00
774.29, 180.00
774.59, 177.00
774.88, 174.00
775.18, 209.00
775.48, 432.00
775.78, 804.00
776.07, 1054.00
776.37, 1109.00
776.67, 858.00
776.96, 589.00
777.26, 514.00
777.56, 380.00
777.85, 344.00
778.15, 312.00
778.45, 286.00
778.74, 248.00
779.04, 220.00
779.34, 185.00
779.63, 172.00
779.93, 154.00
780.22, 150.00
780.52, 148.00
780.82, 151.00
781.11, 151.00
781.41, 150.00
781.71, 154.00
782.00, 147.00
782.30, 152.00
782.59, 161.00
782.89, 148.00
783.19, 152.00
783.48, 147.00
783.78, 150.00
784.07, 158.00
784.37, 153.00
784.66, 151.00
784.96, 142.00
785.25, 149.00
785.55, 148.00
785.84, 154.00
786.14, 148.00
786.44, 146.00
786.73, 151.00
787.03, 148.00
787.32, 148.00
787.62, 147.00
787.91, 148.00
788.21, 152.00
788.50, 149.00
788.80, 147.00
789.09, 149.00
789.39, 155.00
789.68, 145.00
789.97, 149.00
790.27, 147.00
790.56, 145.00
790.86, 155.00
791.15, 145.00
791.45, 147.00
791.74, 163.00
792.04, 148.00
792.33, 147.00
792.62, 168.00
792.92, 146.00
793.21, 147.00
793.51, 150.00
793.80, 146.00
794.09, 145.00
794.39, 141.00
794.68, 146.00
794.98, 149.00
795.27, 150.00
795.56, 145.00
795.86, 149.00
796.15, 146.00
796.44, 152.00
796.74, 144.00
797.03, 146.00
797.32, 143.00
797.62, 149.00
797.91, 156.00
798.20, 149.00
798.50, 159.00
798.79, 156.00
799.08, 146.00
799.38, 149.00
799.67, 148.00
799.96, 156.00
800.26, 172.00
800.55, 149.00
800.84, 158.00
801.13, 144.00
801.43, 147.00
801.72, 185.00
802.01, 148.00
802.30, 151.00
802.60, 146.00
802.89, 150.00
803.18, 146.00
803.47, 150.00
803.77, 153.00
804.06, 157.00
804.35, 151.00
804.64, 162.00
804.94, 145.00
805.23, 148.00
805.52, 148.00
805.81, 145.00
806.10, 145.00
806.39, 149.00
806.69, 152.00
806.98, 145.00
807.27, 150.00
807.56, 154.00
807.85, 146.00
808.14, 146.00
808.44, 158.00
808.73, 147.00
809.02, 164.00
809.31, 151.00
809.60, 151.00
809.89, 158.00
810.18, 144.00
810.48, 151.00
810.77, 139.00
811.06, 146.00
811.35, 145.00
811.64, 147.00
811.93, 164.00
812.22, 148.00
812.51, 146.00
812.80, 143.00
813.09, 143.00
813.38, 143.00
813.67, 168.00
813.96, 146.00
814.26, 142.00
814.55, 145.00
814.84, 143.00
815.13, 148.00
815.42, 144.00
815.71, 143.00
816.00, 146.00
816.29, 150.00
816.58, 149.00
816.87, 146.00
817.16, 147.00
817.45, 155.00
817.74, 149.00
818.03, 137.00
818.32, 139.00
818.61, 144.00
818.90, 151.00
819.19, 143.00
819.48, 146.00
819.76, 139.00
820.05, 143.00
820.34, 148.00
820.63, 150.00
820.92, 143.00
821.21, 138.00
821.50, 138.00
821.79, 142.00
822.08, 143.00
822.37, 146.00
822.66, 146.00
822.95, 147.00
823.23, 142.00
823.52, 165.00
823.81, 147.00
824.10, 142.00
824.39, 144.00
824.68, 143.00
824.97, 166.00
825.26, 143.00
825.54, 191.00
825.83, 141.00
826.12, 144.00
826.41, 144.00
826.70, 142.00
826.99, 146.00
827.27, 142.00
827.56, 170.00
827.85, 142.00
828.14, 144.00
828.43, 149.00
828.71, 145.00
829.00, 146.00
829.29, 143.00
829.58, 142.00
829.86, 140.00
830.15, 145.00
830.44, 145.00
830.73, 145.00
831.01, 143.00
831.30, 142.00
831.59, 143.00
831.88, 141.00
832.16, 141.00
832.45, 143.00
832.74, 145.00
833.03, 142.00
833.31, 148.00
833.60, 143.00
833.89, 140.00
834.17, 150.00
834.46, 144.00
834.75, 142.00
835.03, 142.00
835.32, 141.00
835.61, 146.00
835.89, 158.00
836.18, 143.00
836.47, 143.00
836.75, 148.00
837.04, 151.00
837.33, 152.00
837.61, 144.00
837.90, 141.00
838.19, 144.00
838.47, 144.00
838.76, 147.00
839.04, 144.00
839.33, 140.00
839.62, 142.00
839.90, 144.00
840.19, 141.00
840.47, 143.00
840.76, 171.00
841.04, 142.00
841.33, 142.00
841.62, 146.00
841.90, 146.00
842.19, 143.00
842.47, 181.00
842.76, 143.00
843.04, 150.00
843.33, 174.00
843.61, 172.00
843.90, 165.00
844.18, 167.00
844.47, 167.00
844.75, 167.00
845.04, 160.00
845.32, 158.00
845.61, 158.00
845.89, 157.00
846.18, 151.00
846.46, 151.00
846.75, 148.00
847.03, 156.00
847.32, 146.00
847.60, 143.00
847.88, 151.00
848.17, 150.00
848.45, 163.00
848.74, 146.00
849.02, 145.00
849.31, 146.00
849.59, 146.00
849.87, 150.00
850.16, 140.00
850.44, 151.00
850.73, 176.00
851.01, 154.00
851.29, 145.00
851.58, 148.00
851.86, 141.00
852.14, 143.00
852.43, 143.00
852.71, 144.00
853.00, 139.00
853.28, 145.00
853.56, 142.00
853.85, 142.00
854.13, 147.00
854.41, 144.00
854.69, 147.00
854.98, 142.00
855.26, 197.00
855.54, 145.00
855.83, 143.00
856.11, 149.00
856.39, 148.00
856.68, 147.00
856.96, 144.00
857.24, 147.00
857.52, 145.00
857.81, 147.00
858.09, 144.00
858.37, 140.00
858.65, 143.00
858.94, 140.00
859.22, 142.00
