190.05, 0.00
190.41, 132.00
190.77, 133.00
191.14, 139.00
191.50, 139.00
191.86, 161.00
192.22, 148.00
192.58, 146.00
192.94, 145.00
193.31, 139.00
193.67, 146.00
194.03, 147.00
194.39, 146.00
194.75, 140.00
195.11, 154.00
195.47, 157.00
195.84, 143.00
196.20, 143.00
196.56, 161.00
196.92, 144.00
197.28, 148.00
197.64, 139.00
198.00, 144.00
198.37, 146.00
198.73, 144.00
199.09, 143.00
199.45, 148.00
199.81, 148.00
200.17, 153.00
200.53, 145.00
200.89, 156.00
201.25, 185.00
201.62, 146.00
201.98, 146.00
202.34, 144.00
202.70, 153.00
203.06, 142.00
203.42, 146.00
203.78, 142.00
204.14, 145.00
204.50, 169.00
204.86, 152.00
205.22, 156.00
205.58, 147.00
205.95, 141.00
206.31, 142.00
206.67, 145.00
207.03, 147.00
207.39, 154.00
207.75, 142.00
208.11, 138.00
208.47, 144.00
208.83, 148.00
209.19, 144.00
209.55, 145.00
209.91, 145.00
210.27, 147.00
210.63, 145.00
210.99, 154.00
211.35, 145.00
211.71, 145.00
212.07, 142.00
212.43, 148.00
212.79, 147.00
213.15, 141.00
213.51, 144.00
213.87, 147.00
214.23, 146.00
214.59, 148.00
214.95, 143.00
215.31, 146.00
215.67, 145.00
216.03, 174.00
216.39, 146.00
216.75, 145.00
217.11, 149.00
217.47, 143.00
217.83, 141.00
218.19, 147.00
218.55, 144.00
218.91, 144.00
219.27, 144.00
219.63, 147.00
219.99, 139.00
220.35, 140.00
220.71, 152.00
221.07, 148.00
221.43, 141.00
221.79, 147.00
222.15, 143.00
222.51, 143.00
222.87, 142.00
223.23, 145.00
223.59, 145.00
223.95, 146.00
224.31, 145.00
224.67, 138.00
225.03, 146.00
225.39, 152.00
225.74, 149.00
226.10, 146.00
226.46, 146.00
226.82, 149.00
227.18, 149.00
227.54, 150.00
227.90, 149.00
228.26, 148.00
228.62, 148.00
228.98, 142.00
229.34, 143.00
229.69, 142.00
230.05, 145.00
230.41, 151.00
230.77, 153.00
231.13, 148.00
231.49, 144.00
231.85, 138.00
232.21, 151.00
232.57, 144.00
232.92, 144.00
233.28, 144.00
233.64, 144.00
234.00, 142.00
234.36, 141.00
234.72, 144.00
235.08, 147.00
235.44, 145.00
235.79, 142.00
236.15, 146.00
236.51, 146.00
236.87, 143.00
237.23, 149.00
237.59, 146.00
237.94, 156.00
238.30, 149.00
238.66, 143.00
239.02, 143.00
239.38, 141.00
239.74, 139.00
240.09, 155.00
240.45, 144.00
240.81, 149.00
241.17, 149.00
241.53, 143.00
241.89, 140.00
242.24, 137.00
242.60, 143.00
242.96, 153.00
243.32, 147.00
243.68, 140.00
244.03, 144.00
244.39, 152.00
244.75, 165.00
245.11, 149.00
245.46, 140.00
245.82, 170.00
246.18, 142.00
246.54, 149.00
246.90, 138.00
247.25, 143.00
247.61, 146.00
247.97, 183.00
248.33, 143.00
248.68, 143.00
249.04, 138.00
249.40, 145.00
249.76, 150.00
250.11, 144.00
250.47, 148.00
250.83, 144.00
251.19, 149.00
251.54, 153.00
251.90, 147.00
252.26, 143.00
252.62, 143.00
252.97, 147.00
253.33, 141.00
253.69, 142.00
254.05, 147.00
254.40, 142.00
254.76, 146.00
255.12, 167.00
255.47, 153.00
255.83, 146.00
256.19, 147.00
256.54, 150.00
256.90, 141.00
257.26, 140.00
257.62, 145.00
257.97, 143.00
258.33, 154.00
258.69, 142.00
259.04, 145.00
259.40, 142.00
259.76, 149.00
260.11, 144.00
260.47, 140.00
260.83, 149.00
261.18, 143.00
261.54, 149.00
261.90, 153.00
262.25, 144.00
262.61, 140.00
262.97, 146.00
263.32, 137.00
263.68, 141.00
264.04, 146.00
264.39, 138.00
264.75, 139.00
265.10, 147.00
265.46, 193.00
265.82, 156.00
266.17, 147.00
266.53, 143.00
266.89, 148.00
267.24, 152.00
267.60, 138.00
267.95, 142.00
268.31, 141.00
268.67, 146.00
269.02, 146.00
269.38, 138.00
269.74, 154.00
270.09, 143.00
270.45, 146.00
270.80, 166.00
271.16, 146.00
271.51, 148.00
271.87, 152.00
272.23, 151.00
272.58, 150.00
272.94, 147.00
273.29, 142.00
273.65, 191.00
274.00, 143.00
274.36, 149.00
274.72, 144.00
275.07, 145.00
275.43, 143.00
275.78, 152.00
276.14, 147.00
276.49, 146.00
276.85, 159.00
277.20, 170.00
277.56, 143.00
277.92, 141.00
278.27, 148.00
278.63, 149.00
278.98, 143.00
279.34, 143.00
279.69, 148.00
280.05, 169.00
280.40, 152.00
280.76, 160.00
281.11, 151.00
281.47, 153.00
281.82, 148.00
282.18, 149.00
282.53, 158.00
282.89, 156.00
283.24, 170.00
283.60, 157.00
283.95, 164.00
284.31, 159.00
284.66, 167.00
285.02, 172.00
285.37, 174.00
285.73, 168.00
286.08, 170.00
286.44, 154.00
286.79, 161.00
287.14, 155.00
287.50, 156.00
287.85, 148.00
288.21, 153.00
288.56, 153.00
288.92, 157.00
289.27, 157.00
289.63, 153.00
289.98, 161.00
290.34, 150.00
290.69, 158.00
291.04, 150.00
291.40, 151.00
291.75, 149.00
292.11, 152.00
292.46, 147.00
292.81, 161.00
293.17, 160.00
293.52, 159.00
293.88, 166.00
294.23, 168.00
294.59, 181.00
294.94, 189.00
295.29, 198.00
295.65, 210.00
296.00, 219.00
296.36, 197.00
296.71, 193.00
297.06, 197.00
297.42, 194.00
297.77, 193.00
298.12, 191.00
298.48, 177.00
298.83, 178.00
299.19, 173.00
299.54, 178.00
299.89, 186.00
300.25, 182.00
300.60, 178.00
300.95, 175.00
301.31, 166.00
301.66, 151.00
302.01, 158.00
302.37, 152.00
302.72, 160.00
303.07, 166.00
303.43, 168.00
303.78, 164.00
304.13, 183.00
304.49, 179.00
304.84, 182.00
305.19, 213.00
305.55, 172.00
305.90, 185.00
306.25, 219.00
306.61, 276.00
306.96, 323.00
307.31, 414.00
307.66, 559.00
308.02, 732.00
308.37, 830.00
308.72, 958.00
309.08, 956.00
309.43, 898.00
309.78, 782.00
310.13, 673.00
310.49, 589.00
310.84, 494.00
311.19, 433.00
311.54, 394.00
311.90, 343.00
312.25, 329.00
312.60, 331.00
312.95, 403.00
313.31, 431.00
313.66, 438.00
314.01, 436.00
314.36, 449.00
314.72, 504.00
315.07, 660.00
315.42, 795.00
315.77, 856.00
316.13, 681.00
316.48, 475.00
316.83, 335.00
317.18, 244.00
317.54, 208.00
317.89, 189.00
318.24, 176.00
318.59, 181.00
318.94, 175.00
319.30, 172.00
319.65, 184.00
320.00, 180.00
320.35, 178.00
320.70, 186.00
321.05, 176.00
321.41, 180.00
321.76, 177.00
322.11, 170.00
322.46, 176.00
322.81, 213.00
323.17, 170.00
323.52, 173.00
323.87, 170.00
324.22, 171.00
324.57, 173.00
324.92, 176.00
325.27, 175.00
325.63, 194.00
325.98, 188.00
326.33, 208.00
326.68, 202.00
327.03, 199.00
327.38, 200.00
327.73, 209.00
328.09, 229.00
328.44, 260.00
328.79, 219.00
329.14, 249.00
329.49, 214.00
329.84, 206.00
330.19, 216.00
330.54, 205.00
330.89, 204.00
331.25, 195.00
331.60, 192.00
331.95, 185.00
332.30, 185.00
332.65, 199.00
333.00, 210.00
333.35, 266.00
333.70, 277.00
334.05, 243.00
334.40, 271.00
334.75, 294.00
335.10, 416.00
335.45, 579.00
335.81, 843.00
336.16, 1234.00
336.51, 1726.00
336.86, 1805.00
337.21, 1591.00
337.56, 976.00
337.91, 595.00
338.26, 364.00
338.61, 265.00
338.96, 219.00
339.31, 200.00
339.66, 183.00
340.01, 195.00
340.36, 189.00
340.71, 177.00
341.06, 172.00
341.41, 179.00
341.76, 168.00
342.11, 180.00
342.46, 170.00
342.81, 173.00
343.16, 177.00
343.51, 174.00
343.86, 178.00
344.21, 174.00
344.56, 174.00
344.91, 176.00
345.26, 186.00
345.61, 175.00
345.96, 175.00
346.31, 172.00
346.66, 204.00
347.01, 173.00
347.36, 201.00
347.71, 169.00
348.06, 175.00
348.41, 191.00
348.76, 205.00
349.10, 205.00
349.45, 225.00
349.80, 222.00
350.15, 223.00
350.50, 212.00
350.85, 218.00
351.20, 221.00
351.55, 264.00
351.90, 307.00
352.25, 381.00
352.60, 486.00
352.95, 630.00
353.30, 688.00
353.64, 611.00
353.99, 480.00
354.34, 408.00
354.69, 374.00
355.04, 389.00
355.39, 460.00
355.74, 577.00
356.09, 757.00
356.44, 942.00
356.78, 1268.00
357.13, 1461.00
357.48, 1377.00
357.83, 1085.00
358.18, 686.00
358.53, 455.00
358.88, 295.00
359.22, 228.00
359.57, 188.00
359.92, 185.00
360.27, 187.00
360.62, 185.00
360.97, 186.00
361.32, 184.00
361.66, 187.00
362.01, 185.00
362.36, 190.00
362.71, 190.00
363.06, 190.00
363.40, 192.00
363.75, 192.00
364.10, 197.00
364.45, 189.00
364.80, 191.00
365.14, 179.00
365.49, 196.00
365.84, 200.00
366.19, 206.00
366.54, 217.00
366.88, 237.00
367.23, 193.00
367.58, 242.00
367.93, 188.00
368.28, 187.00
368.62, 186.00
368.97, 208.00
369.32, 225.00
369.67, 231.00
370.01, 287.00
370.36, 295.00
370.71, 322.00
371.06, 285.00
371.40, 245.00
371.75, 205.00
372.10, 197.00
372.45, 192.00
372.79, 219.00
373.14, 241.00
373.49, 271.00
373.83, 330.00
374.18, 407.00
374.53, 504.00
374.88, 563.00
375.22, 568.00
375.57, 467.00
375.92, 352.00
376.26, 275.00
376.61, 229.00
376.96, 206.00
377.30, 222.00
377.65, 233.00
378.00, 258.00
378.35, 311.00
378.69, 381.00
379.04, 476.00
379.39, 609.00
379.73, 736.00
380.08, 751.00
380.43, 595.00
380.77, 434.00
381.12, 351.00
381.47, 277.00
381.81, 230.00
382.16, 200.00
382.50, 201.00
382.85, 272.00
383.20, 200.00
383.54, 204.00
383.89, 216.00
384.24, 215.00
384.58, 229.00
384.93, 263.00
385.27, 250.00
385.62, 262.00
385.97, 259.00
386.31, 239.00
386.66, 271.00
387.00, 242.00
387.35, 249.00
387.70, 285.00
388.04, 382.00
388.39, 385.00
388.73, 485.00
389.08, 584.00
389.43, 721.00
389.77, 859.00
390.12, 1054.00
390.46, 1455.00
390.81, 1608.00
391.15, 1579.00
391.50, 1192.00
391.85, 750.00
392.19, 532.00
392.54, 356.00
392.88, 289.00
393.23, 287.00
393.57, 301.00
393.92, 281.00
394.26, 256.00
394.61, 229.00
394.95, 214.00
395.30, 188.00
395.64, 181.00
395.99, 225.00
396.33, 190.00
396.68, 195.00
397.02, 210.00
397.37, 225.00
397.71, 244.00
398.06, 277.00
398.40, 301.00
398.75, 369.00
399.09, 391.00
399.44, 392.00
399.78, 323.00
400.13, 279.00
400.47, 230.00
400.82, 197.00
401.16, 190.00
401.51, 187.00
401.85, 185.00
402.20, 195.00
402.54, 195.00
402.88, 203.00
403.23, 204.00
403.57, 219.00
403.92, 244.00
404.26, 320.00
404.61, 294.00
404.95, 398.00
405.30, 363.00
405.64, 335.00
405.98, 312.00
406.33, 252.00
406.67, 216.00
407.02, 200.00
407.36, 205.00
407.70, 215.00
408.05, 211.00
408.39, 220.00
408.74, 226.00
409.08, 239.00
409.42, 210.00
409.77, 215.00
410.11, 214.00
410.46, 206.00
410.80, 213.00
411.14, 212.00
411.49, 223.00
411.83, 231.00
412.17, 221.00
412.52, 228.00
412.86, 252.00
413.20, 256.00
413.55, 252.00
413.89, 244.00
414.23, 233.00
414.58, 251.00
414.92, 206.00
415.26, 194.00
415.61, 201.00
415.95, 198.00
416.29, 203.00
416.64, 205.00
416.98, 213.00
417.32, 222.00
417.67, 241.00
418.01, 254.00
418.35, 268.00
418.70, 296.00
419.04, 345.00
419.38, 330.00
419.72, 319.00
420.07, 286.00
420.41, 230.00
420.75, 220.00
421.10, 205.00
421.44, 204.00
421.78, 206.00
422.12, 200.00
422.47, 216.00
422.81, 225.00
423.15, 231.00
423.49, 239.00
423.84, 229.00
424.18, 242.00
424.52, 254.00
424.86, 293.00
425.21, 369.00
425.55, 413.00
425.89, 484.00
426.23, 543.00
426.57, 675.00
426.92, 717.00
427.26, 747.00
427.60, 630.00
427.94, 453.00
428.28, 343.00
428.63, 273.00
428.97, 229.00
429.31, 207.00
429.65, 191.00
429.99, 192.00
430.34, 191.00
430.68, 191.00
431.02, 201.00
431.36, 186.00
431.70, 196.00
432.04, 206.00
432.39, 200.00
432.73, 218.00
433.07, 222.00
433.41, 242.00
433.75, 246.00
434.09, 234.00
434.43, 230.00
434.78, 210.00
435.12, 204.00
435.46, 216.00
435.80, 222.00
436.14, 217.00
436.48, 210.00
436.82, 226.00
437.16, 219.00
437.51, 215.00
437.85, 213.00
438.19, 252.00
438.53, 204.00
438.87, 222.00
439.21, 213.00
439.55, 220.00
439.89, 235.00
440.23, 231.00
440.57, 242.00
440.91, 238.00
441.26, 234.00
441.60, 226.00
441.94, 221.00
442.28, 214.00
442.62, 206.00
442.96, 204.00
443.30, 201.00
443.64, 199.00
443.98, 198.00
444.32, 202.00
444.66, 189.00
445.00, 199.00
445.34, 205.00
445.68, 204.00
446.02, 203.00
446.36, 201.00
446.70, 204.00
447.04, 206.00
447.38, 233.00
447.72, 218.00
448.06, 207.00
448.40, 220.00
448.74, 205.00
449.08, 208.00
449.42, 199.00
449.76, 197.00
450.10, 191.00
450.44, 193.00
450.78, 199.00
451.12, 197.00
451.46, 202.00
451.80, 199.00
452.14, 190.00
452.48, 192.00
452.82, 193.00
453.16, 193.00
453.50, 195.00
453.84, 185.00
454.18, 237.00
454.52, 207.00
454.86, 203.00
455.19, 215.00
455.53, 217.00
455.87, 207.00
456.21, 221.00
456.55, 216.00
456.89, 219.00
457.23, 223.00
457.57, 212.00
457.91, 222.00
458.25, 215.00
458.59, 230.00
458.92, 242.00
459.26, 234.00
459.60, 239.00
459.94, 223.00
460.28, 205.00
460.62, 204.00
460.96, 189.00
461.30, 189.00
461.63, 188.00
461.97, 195.00
462.31, 192.00
462.65, 199.00
462.99, 213.00
463.33, 203.00
463.67, 203.00
464.00, 221.00
464.34, 225.00
464.68, 217.00
465.02, 229.00
465.36, 225.00
465.70, 220.00
466.03, 223.00
466.37, 210.00
466.71, 211.00
467.05, 219.00
467.39, 230.00
467.72, 241.00
468.06, 261.00
468.40, 271.00
468.74, 278.00
469.08, 276.00
469.41, 316.00
469.75, 333.00
470.09, 355.00
470.43, 345.00
470.76, 299.00
471.10, 286.00
471.44, 278.00
471.78, 265.00
472.11, 248.00
472.45, 246.00
472.79, 232.00
473.13, 231.00
473.46, 241.00
473.80, 227.00
474.14, 218.00
474.48, 221.00
474.81, 221.00
475.15, 216.00
475.49, 212.00
475.82, 217.00
476.16, 221.00
476.50, 213.00
476.84, 212.00
477.17, 213.00
477.51, 216.00
477.85, 206.00
478.18, 230.00
478.52, 215.00
478.86, 264.00
479.19, 228.00
479.53, 219.00
479.87, 262.00
480.20, 229.00
480.54, 221.00
480.88, 221.00
481.21, 211.00
481.55, 219.00
481.89, 213.00
482.22, 220.00
482.56, 217.00
482.90, 215.00
483.23, 209.00
483.57, 220.00
483.90, 212.00
484.24, 206.00
484.58, 219.00
484.91, 213.00
485.25, 217.00
485.58, 223.00
485.92, 224.00
486.26, 218.00
486.59, 216.00
486.93, 230.00
487.26, 232.00
487.60, 227.00
487.94, 223.00
488.27, 226.00
488.61, 224.00
488.94, 222.00
489.28, 224.00
489.61, 224.00
489.95, 230.00
490.29, 239.00
490.62, 235.00
490.96, 234.00
491.29, 239.00
491.63, 227.00
491.96, 223.00
492.30, 227.00
492.63, 228.00
492.97, 215.00
493.30, 220.00
493.64, 224.00
493.97, 223.00
494.31, 230.00
494.64, 236.00
494.98, 233.00
495.31, 236.00
495.65, 226.00
495.98, 230.00
496.32, 224.00
496.65, 251.00
496.99, 221.00
497.32, 214.00
497.66, 212.00
497.99, 215.00
498.33, 214.00
498.66, 216.00
499.00, 217.00
499.33, 218.00
499.67, 221.00
500.00, 217.00
500.34, 222.00
500.67, 231.00
501.00, 234.00
501.34, 221.00
501.67, 221.00
502.01, 219.00
502.34, 228.00
502.68, 240.00
503.01, 237.00
503.34, 232.00
503.68, 233.00
504.01, 235.00
504.35, 237.00
504.68, 245.00
505.01, 242.00
505.35, 246.00
505.68, 236.00
506.02, 247.00
506.35, 241.00
506.68, 255.00
507.02, 249.00
507.35, 239.00
507.68, 245.00
508.02, 239.00
508.35, 252.00
508.69, 238.00
509.02, 233.00
509.35, 238.00
509.69, 223.00
510.02, 232.00
510.35, 229.00
510.69, 225.00
511.02, 229.00
511.35, 220.00
511.69, 226.00
512.02, 224.00
512.35, 229.00
512.68, 219.00
513.02, 226.00
513.35, 216.00
513.68, 219.00
514.02, 230.00
514.35, 215.00
514.68, 225.00
515.01, 218.00
515.35, 224.00
515.68, 213.00
516.01, 208.00
516.35, 211.00
516.68, 221.00
517.01, 212.00
517.34, 213.00
517.68, 213.00
518.01, 228.00
518.34, 215.00
518.67, 224.00
519.01, 216.00
519.34, 224.00
519.67, 232.00
520.00, 221.00
520.33, 226.00
520.67, 222.00
521.00, 231.00
521.33, 229.00
521.66, 243.00
522.00, 231.00
522.33, 231.00
522.66, 223.00
522.99, 225.00
523.32, 227.00
523.65, 219.00
523.99, 222.00
524.32, 228.00
524.65, 226.00
524.98, 226.00
525.31, 217.00
525.65, 250.00
525.98, 224.00
526.31, 215.00
526.64, 231.00
526.97, 217.00
527.30, 209.00
527.63, 214.00
527.97, 211.00
528.30, 212.00
528.63, 212.00
528.96, 236.00
529.29, 214.00
529.62, 222.00
529.95, 203.00
530.28, 207.00
530.61, 212.00
530.95, 209.00
531.28, 210.00
531.61, 225.00
531.94, 221.00
532.27, 225.00
532.60, 218.00
532.93, 226.00
533.26, 216.00
533.59, 209.00
533.92, 210.00
534.25, 200.00
534.58, 243.00
534.91, 209.00
535.25, 202.00
535.58, 208.00
535.91, 201.00
536.24, 203.00
536.57, 214.00
536.90, 206.00
537.23, 207.00
537.56, 246.00
537.89, 209.00
538.22, 198.00
538.55, 199.00
538.88, 206.00
539.21, 318.00
539.54, 199.00
539.87, 202.00
540.20, 210.00
540.53, 199.00
540.86, 226.00
541.19, 204.00
541.52, 193.00
541.85, 207.00
542.18, 216.00
542.51, 210.00
542.84, 216.00
543.17, 220.00
543.50, 209.00
543.82, 209.00
544.15, 211.00
544.48, 209.00
544.81, 208.00
545.14, 239.00
545.47, 206.00
545.80, 245.00
546.13, 206.00
546.46, 239.00
546.79, 228.00
547.12, 203.00
547.45, 205.00
547.78, 206.00
548.10, 200.00
548.43, 204.00
548.76, 207.00
549.09, 202.00
549.42, 205.00
549.75, 201.00
550.08, 202.00
550.41, 209.00
550.74, 212.00
551.06, 204.00
551.39, 216.00
551.72, 207.00
552.05, 201.00
552.38, 203.00
552.71, 203.00
553.03, 201.00
553.36, 211.00
553.69, 205.00
554.02, 198.00
554.35, 208.00
554.68, 207.00
555.00, 213.00
555.33, 208.00
555.66, 205.00
555.99, 226.00
556.32, 217.00
556.64, 215.00
556.97, 224.00
557.30, 221.00
557.63, 225.00
557.96, 226.00
558.28, 232.00
558.61, 228.00
558.94, 226.00
559.27, 222.00
559.59, 226.00
559.92, 224.00
560.25, 220.00
560.58, 217.00
560.90, 221.00
561.23, 213.00
561.56, 216.00
561.89, 214.00
562.21, 205.00
562.54, 210.00
562.87, 201.00
563.20, 206.00
563.52, 196.00
563.85, 199.00
564.18, 215.00
564.50, 190.00
564.83, 225.00
565.16, 248.00
565.48, 189.00
565.81, 201.00
566.14, 185.00
566.47, 185.00
566.79, 188.00
567.12, 187.00
567.45, 215.00
567.77, 196.00
568.10, 194.00
568.43, 199.00
568.75, 195.00
569.08, 203.00
569.40, 229.00
569.73, 196.00
570.06, 191.00
570.38, 188.00
570.71, 193.00
571.04, 191.00
571.36, 188.00
571.69, 199.00
572.01, 193.00
572.34, 189.00
572.67, 191.00
572.99, 188.00
573.32, 212.00
573.64, 190.00
573.97, 194.00
574.30, 190.00
574.62, 190.00
574.95, 188.00
575.27, 190.00
575.60, 184.00
575.92, 187.00
576.25, 195.00
576.58, 195.00
576.90, 192.00
577.23, 223.00
577.55, 189.00
577.88, 193.00
578.20, 189.00
578.53, 182.00
578.85, 213.00
579.18, 196.00
579.50, 191.00
579.83, 189.00
580.15, 196.00
580.48, 199.00
580.80, 192.00
581.13, 195.00
581.45, 189.00
581.78, 186.00
582.10, 195.00
582.43, 193.00
582.75, 197.00
583.08, 197.00
583.40, 194.00
583.73, 266.00
584.05, 197.00
584.38, 197.00
584.70, 242.00
585.03, 197.00
585.35, 198.00
585.67, 201.00
586.00, 217.00
586.32, 238.00
586.65, 243.00
586.97, 248.00
587.30, 231.00
587.62, 220.00
587.94, 230.00
588.27, 205.00
588.59, 206.00
588.92, 202.00
589.24, 201.00
589.56, 207.00
589.89, 215.00
590.21, 194.00
590.54, 196.00
590.86, 201.00
591.18, 197.00
591.51, 197.00
591.83, 215.00
592.15, 201.00
592.48, 207.00
592.80, 204.00
593.13, 206.00
593.45, 213.00
593.77, 209.00
594.10, 221.00
594.42, 216.00
594.74, 217.00
595.07, 227.00
595.39, 216.00
595.71, 226.00
596.03, 233.00
596.36, 223.00
596.68, 236.00
597.00, 235.00
597.33, 233.00
597.65, 241.00
597.97, 231.00
598.30, 230.00
598.62, 230.00
598.94, 231.00
599.26, 231.00
599.59, 234.00
599.91, 236.00
600.23, 225.00
600.55, 229.00
600.88, 223.00
601.20, 211.00
601.52, 214.00
601.84, 205.00
602.17, 209.00
602.49, 200.00
602.81, 191.00
603.13, 203.00
603.45, 203.00
603.78, 194.00
604.10, 198.00
604.42, 193.00
604.74, 194.00
605.07, 188.00
605.39, 190.00
605.71, 189.00
606.03, 190.00
606.35, 184.00
606.67, 195.00
607.00, 197.00
607.32, 181.00
607.64, 189.00
607.96, 179.00
608.28, 186.00
608.60, 174.00
608.93, 177.00
609.25, 195.00
609.57, 191.00
609.89, 183.00
610.21, 182.00
610.53, 183.00
610.85, 176.00
611.17, 187.00
611.50, 179.00
611.82, 179.00
612.14, 179.00
612.46, 170.00
612.78, 173.00
613.10, 177.00
613.42, 182.00
613.74, 196.00
614.06, 230.00
614.38, 209.00
614.70, 226.00
615.03, 222.00
615.35, 207.00
615.67, 315.00
615.99, 190.00
616.31, 192.00
616.63, 198.00
616.95, 188.00
617.27, 178.00
617.59, 177.00
617.91, 182.00
618.23, 183.00
618.55, 172.00
618.87, 174.00
619.19, 172.00
619.51, 168.00
619.83, 173.00
620.15, 190.00
620.47, 177.00
620.79, 174.00
621.11, 183.00
621.43, 172.00
621.75, 183.00
622.07, 182.00
622.39, 174.00
622.71, 172.00
623.03, 176.00
623.35, 221.00
623.67, 176.00
623.99, 169.00
624.31, 173.00
624.63, 179.00
624.95, 174.00
625.26, 179.00
625.58, 170.00
625.90, 199.00
626.22, 175.00
626.54, 179.00
626.86, 184.00
627.18, 175.00
627.50, 179.00
627.82, 178.00
628.14, 184.00
628.46, 184.00
628.77, 178.00
629.09, 182.00
629.41, 181.00
629.73, 177.00
630.05, 194.00
630.37, 177.00
630.69, 194.00
631.00, 198.00
631.32, 197.00
631.64, 184.00
631.96, 184.00
632.28, 193.00
632.60, 193.00
632.92, 185.00
633.23, 193.00
633.55, 206.00
633.87, 198.00
634.19, 202.00
634.51, 211.00
634.82, 216.00
635.14, 217.00
635.46, 216.00
635.78, 217.00
636.10, 209.00
636.41, 212.00
636.73, 214.00
637.05, 215.00
637.37, 210.00
637.68, 209.00
638.00, 209.00
638.32, 224.00
638.64, 221.00
638.95, 241.00
639.27, 231.00
639.59, 227.00
639.91, 214.00
640.22, 219.00
640.54, 208.00
640.86, 203.00
641.18, 213.00
641.49, 229.00
641.81, 203.00
642.13, 219.00
642.44, 197.00
642.76, 197.00
643.08, 200.00
643.40, 201.00
643.71, 215.00
644.03, 216.00
644.35, 208.00
644.66, 218.00
644.98, 205.00
645.30, 210.00
645.61, 227.00
645.93, 205.00
646.25, 195.00
646.56, 205.00
646.88, 229.00
647.19, 184.00
647.51, 191.00
647.83, 183.00
648.14, 188.00
648.46, 189.00
648.78, 192.00
649.09, 187.00
649.41, 242.00
649.72, 193.00
650.04, 210.00
650.36, 205.00
650.67, 209.00
650.99, 216.00
651.30, 208.00
651.62, 209.00
651.93, 217.00
652.25, 236.00
652.57, 254.00
652.88, 211.00
653.20, 216.00
653.51, 217.00
653.83, 205.00
654.14, 193.00
654.46, 200.00
654.77, 197.00
655.09, 199.00
655.40, 217.00
655.72, 198.00
656.04, 193.00
656.35, 195.00
656.67, 195.00
656.98, 192.00
657.30, 199.00
657.61, 201.00
657.93, 207.00
658.24, 205.00
658.55, 249.00
658.87, 205.00
659.18, 206.00
659.50, 209.00
659.81, 203.00
660.13, 209.00
660.44, 206.00
660.76, 212.00
661.07, 221.00
661.39, 200.00
661.70, 200.00
662.01, 190.00
662.33, 191.00
662.64, 187.00
662.96, 181.00
663.27, 182.00
663.59, 180.00
663.90, 175.00
664.21, 178.00
664.53, 203.00
664.84, 180.00
665.16, 206.00
665.47, 184.00
665.78, 180.00
666.10, 198.00
666.41, 194.00
666.72, 200.00
667.04, 216.00
667.35, 198.00
667.67, 195.00
667.98, 204.00
668.29, 196.00
668.61, 191.00
668.92, 187.00
669.23, 188.00
669.55, 191.00
669.86, 218.00
670.17, 182.00
670.48, 181.00
670.80, 177.00
671.11, 178.00
671.42, 173.00
671.74, 182.00
672.05, 172.00
672.36, 185.00
672.68, 180.00
672.99, 178.00
673.30, 187.00
673.61, 191.00
673.93, 200.00
674.24, 199.00
674.55, 199.00
674.86, 201.00
675.18, 205.00
675.49, 207.00
675.80, 202.00
676.11, 211.00
676.43, 207.00
676.74, 203.00
677.05, 208.00
677.36, 214.00
677.67, 204.00
677.99, 196.00
678.30, 198.00
678.61, 193.00
678.92, 188.00
679.23, 191.00
679.55, 187.00
679.86, 180.00
680.17, 183.00
680.48, 184.00
680.79, 183.00
681.10, 178.00
681.42, 178.00
681.73, 170.00
682.04, 174.00
682.35, 171.00
682.66, 173.00
682.97, 172.00
683.28, 175.00
683.60, 175.00
683.91, 171.00
684.22, 193.00
684.53, 170.00
684.84, 173.00
685.15, 176.00
685.46, 198.00
685.77, 162.00
686.08, 166.00
686.40, 208.00
686.71, 167.00
687.02, 169.00
687.33, 168.00
687.64, 164.00
687.95, 158.00
688.26, 161.00
688.57, 158.00
688.88, 160.00
689.19, 158.00
689.50, 155.00
689.81, 163.00
690.12, 158.00
690.43, 176.00
690.74, 156.00
691.05, 161.00
691.36, 170.00
691.67, 155.00
691.98, 156.00
692.29, 157.00
692.60, 161.00
692.91, 161.00
693.22, 163.00
693.53, 159.00
693.84, 157.00
694.15, 156.00
694.46, 160.00
694.77, 158.00
695.08, 149.00
695.39, 166.00
695.70, 152.00
696.01, 158.00
696.32, 154.00
696.63, 152.00
696.94, 162.00
697.25, 155.00
697.56, 162.00
697.87, 165.00
698.17, 196.00
698.48, 159.00
698.79, 156.00
699.10, 156.00
699.41, 167.00
699.72, 158.00
700.03, 156.00
700.34, 158.00
700.65, 163.00
700.95, 153.00
701.26, 163.00
701.57, 159.00
701.88, 156.00
702.19, 173.00
702.50, 167.00
702.81, 153.00
703.11, 190.00
703.42, 163.00
703.73, 165.00
704.04, 166.00
704.35, 171.00
704.66, 190.00
704.96, 264.00
705.27, 316.00
705.58, 336.00
705.89, 317.00
706.20, 267.00
706.50, 249.00
706.81, 223.00
707.12, 207.00
707.43, 192.00
707.73, 181.00
708.04, 160.00
708.35, 166.00
708.66, 160.00
708.97, 154.00
709.27, 164.00
709.58, 157.00
709.89, 156.00
710.19, 155.00
710.50, 160.00
710.81, 157.00
711.12, 155.00
711.42, 155.00
711.73, 164.00
712.04, 162.00
712.35, 160.00
712.65, 162.00
712.96, 161.00
713.27, 160.00
713.57, 188.00
713.88, 182.00
714.19, 158.00
714.49, 158.00
714.80, 161.00
715.11, 161.00
715.41, 159.00
715.72, 153.00
716.03, 159.00
716.33, 163.00
716.64, 155.00
716.94, 163.00
717.25, 150.00
717.56, 158.00
717.86, 165.00
718.17, 154.00
718.48, 151.00
718.78, 156.00
719.09, 150.00
719.39, 159.00
719.70, 154.00
720.01, 154.00
720.31, 152.00
720.62, 154.00
720.92, 155.00
721.23, 163.00
721.53, 165.00
721.84, 159.00
722.15, 171.00
722.45, 162.00
722.76, 158.00
723.06, 164.00
723.37, 161.00
723.67, 159.00
723.98, 162.00
724.28, 159.00
724.59, 169.00
724.89, 169.00
725.20, 164.00
725.50, 170.00
725.81, 161.00
726.11, 154.00
726.42, 160.00
726.72, 169.00
727.03, 202.00
727.33, 171.00
727.64, 175.00
727.94, 166.00
728.25, 161.00
728.55, 155.00
728.86, 173.00
729.16, 154.00
729.46, 154.00
729.77, 164.00
730.07, 154.00
730.38, 152.00
730.68, 153.00
730.99, 164.00
731.29, 151.00
731.59, 159.00
731.90, 154.00
732.20, 158.00
732.51, 165.00
732.81, 157.00
733.11, 164.00
733.42, 162.00
733.72, 162.00
734.02, 165.00
734.33, 158.00
734.63, 162.00
734.94, 156.00
735.24, 161.00
735.54, 159.00
735.85, 156.00
736.15, 156.00
736.45, 158.00
736.76, 160.00
737.06, 156.00
737.36, 160.00
737.67, 161.00
737.97, 159.00
738.27, 155.00
738.57, 156.00
738.88, 156.00
739.18, 193.00
739.48, 157.00
739.79, 151.00
740.09, 159.00
740.39, 160.00
740.69, 160.00
741.00, 153.00
741.30, 165.00
741.60, 154.00
741.90, 157.00
742.21, 155.00
742.51, 207.00
742.81, 161.00
743.11, 161.00
743.42, 194.00
743.72, 170.00
744.02, 173.00
744.32, 176.00
744.63, 186.00
744.93, 179.00
745.23, 179.00
745.53, 182.00
745.83, 183.00
746.13, 177.00
746.44, 181.00
746.74, 177.00
747.04, 179.00
747.34, 179.00
747.64, 179.00
747.94, 180.00
748.25, 180.00
748.55, 184.00
748.85, 187.00
749.15, 180.00
749.45, 206.00
749.75, 203.00
750.05, 174.00
750.35, 166.00
750.66, 180.00
750.96, 162.00
751.26, 161.00
751.56, 161.00
751.86, 167.00
752.16, 157.00
752.46, 156.00
752.76, 154.00
753.06, 155.00
753.36, 194.00
753.66, 155.00
753.96, 163.00
754.27, 154.00
754.57, 156.00
754.87, 156.00
755.17, 158.00
755.47, 157.00
755.77, 163.00
756.07, 170.00
756.37, 158.00
756.67, 167.00
756.97, 167.00
757.27, 167.00
757.57, 164.00
757.87, 178.00
758.17, 163.00
758.47, 166.00
758.77, 164.00
759.07, 171.00
759.37, 164.00
759.67, 166.00
759.97, 168.00
760.27, 164.00
760.57, 164.00
760.86, 166.00
761.16, 164.00
761.46, 162.00
761.76, 191.00
762.06, 162.00
762.36, 164.00
762.66, 156.00
762.96, 155.00
763.26, 156.00
763.56, 190.00
763.86, 164.00
764.16, 156.00
764.45, 167.00
764.75, 160.00
765.05, 156.00
765.35, 155.00
765.65, 159.00
765.95, 155.00
766.25, 159.00
766.55, 163.00
766.84, 158.00
767.14, 158.00
767.44, 161.00
767.74, 162.00
768.04, 162.00
768.34, 161.00
768.63, 157.00
768.93, 159.00
769.23, 169.00
769.53, 164.00
769.83, 165.00
770.12, 163.00
770.42, 167.00
770.72, 165.00
771.02, 158.00
771.32, 162.00
771.61, 162.00
771.91, 173.00
772.21, 167.00
772.51, 160.00
772.80, 164.00
773.10, 164.00
773.40, 171.00
773.70, 169.00
773.99, 171.00
774.29, 171.00
774.59, 174.00
774.88, 168.00
775.18, 200.00
775.48, 423.00
775.78, 769.00
776.07, 974.00
776.37, 1044.00
776.67, 809.00
776.96, 559.00
777.26, 489.00
777.56, 371.00
777.85, 331.00
778.15, 307.00
778.45, 279.00
778.74, 237.00
779.04, 208.00
779.34, 180.00
779.63, 166.00
779.93, 148.00
780.22, 157.00
780.52, 147.00
780.82, 151.00
781.11, 143.00
781.41, 153.00
781.71, 148.00
782.00, 149.00
782.30, 147.00
782.59, 157.00
782.89, 149.00
783.19, 148.00
783.48, 149.00
783.78, 147.00
784.07, 160.00
784.37, 150.00
784.66, 151.00
784.96, 143.00
785.25, 153.00
785.55, 148.00
785.84, 151.00
786.14, 148.00
786.44, 149.00
786.73, 150.00
787.03, 152.00
787.32, 146.00
787.62, 148.00
787.91, 144.00
788.21, 155.00
788.50, 147.00
788.80, 144.00
789.09, 153.00
789.39, 159.00
789.68, 148.00
789.97, 155.00
790.27, 148.00
790.56, 145.00
790.86, 153.00
791.15, 141.00
791.45, 143.00
791.74, 170.00
792.04, 148.00
792.33, 142.00
792.62, 172.00
792.92, 143.00
793.21, 143.00
793.51, 149.00
793.80, 147.00
794.09, 146.00
794.39, 147.00
794.68, 143.00
794.98, 147.00
795.27, 150.00
795.56, 145.00
795.86, 154.00
796.15, 145.00
796.44, 150.00
796.74, 145.00
797.03, 143.00
797.32, 149.00
797.62, 148.00
797.91, 157.00
798.20, 149.00
798.50, 151.00
798.79, 156.00
799.08, 143.00
799.38, 148.00
799.67, 145.00
799.96, 157.00
800.26, 168.00
800.55, 152.00
800.84, 149.00
801.13, 144.00
801.43, 143.00
801.72, 191.00
802.01, 149.00
802.30, 150.00
802.60, 143.00
802.89, 149.00
803.18, 143.00
803.47, 146.00
803.77, 151.00
804.06, 151.00
804.35, 153.00
804.64, 172.00
804.94, 153.00
805.23, 147.00
805.52, 150.00
805.81, 147.00
806.10, 151.00
806.39, 149.00
806.69, 146.00
806.98, 149.00
807.27, 148.00
807.56, 149.00
807.85, 149.00
808.14, 144.00
808.44, 151.00
808.73, 146.00
809.02, 168.00
809.31, 149.00
809.60, 148.00
809.89, 151.00
810.18, 144.00
810.48, 148.00
810.77, 145.00
811.06, 148.00
811.35, 149.00
811.64, 147.00
811.93, 167.00
812.22, 148.00
812.51, 144.00
812.80, 138.00
813.09, 143.00
813.38, 145.00
813.67, 168.00
813.96, 145.00
814.26, 144.00
814.55, 146.00
814.84, 145.00
815.13, 149.00
815.42, 142.00
815.71, 149.00
816.00, 143.00
816.29, 155.00
816.58, 149.00
816.87, 141.00
817.16, 142.00
817.45, 151.00
817.74, 153.00
818.03, 147.00
818.32, 149.00
818.61, 147.00
818.90, 144.00
819.19, 144.00
819.48, 146.00
819.76, 149.00
820.05, 139.00
820.34, 143.00
820.63, 144.00
820.92, 131.00
821.21, 145.00
821.50, 143.00
821.79, 140.00
822.08, 142.00
822.37, 148.00
822.66, 142.00
822.95, 147.00
823.23, 145.00
823.52, 163.00
823.81, 148.00
824.10, 143.00
824.39, 140.00
824.68, 142.00
824.97, 157.00
825.26, 143.00
825.54, 189.00
825.83, 148.00
826.12, 143.00
826.41, 142.00
826.70, 144.00
826.99, 155.00
827.27, 145.00
827.56, 164.00
827.85, 145.00
828.14, 142.00
828.43, 149.00
828.71, 149.00
829.00, 148.00
829.29, 144.00
829.58, 145.00
829.86, 142.00
830.15, 148.00
830.44, 143.00
830.73, 146.00
831.01, 144.00
831.30, 138.00
831.59, 141.00
831.88, 141.00
832.16, 142.00
832.45, 142.00
832.74, 145.00
833.03, 149.00
833.31, 146.00
833.60, 141.00
833.89, 143.00
834.17, 149.00
834.46, 143.00
834.75, 145.00
835.03, 142.00
835.32, 141.00
835.61, 148.00
835.89, 161.00
836.18, 143.00
836.47, 143.00
836.75, 149.00
837.04, 149.00
837.33, 153.00
837.61, 143.00
837.90, 141.00
838.19, 145.00
838.47, 145.00
838.76, 148.00
839.04, 147.00
839.33, 147.00
839.62, 143.00
839.90, 146.00
840.19, 142.00
840.47, 140.00
840.76, 169.00
841.04, 144.00
841.33, 144.00
841.62, 145.00
841.90, 138.00
842.19, 143.00
842.47, 303.00
842.76, 145.00
843.04, 152.00
843.33, 178.00
843.61, 164.00
843.90, 173.00
844.18, 166.00
844.47, 169.00
844.75, 165.00
845.04, 155.00
845.32, 158.00
845.61, 155.00
845.89, 150.00
846.18, 155.00
846.46, 150.00
846.75, 148.00
847.03, 153.00
847.32, 149.00
847.60, 143.00
847.88, 141.00
848.17, 150.00
848.45, 161.00
848.74, 150.00
849.02, 142.00
849.31, 143.00
849.59, 142.00
849.87, 143.00
850.16, 147.00
850.44, 146.00
850.73, 172.00
851.01, 147.00
851.29, 147.00
851.58, 149.00
851.86, 141.00
852.14, 142.00
852.43, 145.00
852.71, 144.00
853.00, 142.00
853.28, 150.00
853.56, 139.00
853.85, 142.00
854.13, 143.00
854.41, 145.00
854.69, 141.00
854.98, 149.00
855.26, 197.00
855.54, 143.00
855.83, 144.00
856.11, 153.00
856.39, 147.00
856.68, 140.00
856.96, 146.00
857.24, 141.00
857.52, 152.00
857.81, 144.00
858.09, 144.00
858.37, 146.00
858.65, 141.00
858.94, 143.00
859.22, 144.00
