190.05, 0.00
190.41, 133.00
190.77, 131.00
191.14, 136.00
191.50, 132.00
191.86, 159.00
192.22, 148.00
192.58, 145.00
192.94, 143.00
193.31, 141.00
193.67, 140.00
194.03, 151.00
194.39, 145.00
194.75, 142.00
195.11, 152.00
195.47, 160.00
195.84, 140.00
196.20, 140.00
196.56, 154.00
196.92, 145.00
197.28, 142.00
197.64, 138.00
198.00, 140.00
198.37, 147.00
198.73, 142.00
199.09, 136.00
199.45, 141.00
199.81, 145.00
200.17, 149.00
200.53, 143.00
200.89, 149.00
201.25, 171.00
201.62, 139.00
201.98, 137.00
202.34, 145.00
202.70, 150.00
203.06, 142.00
203.42, 143.00
203.78, 148.00
204.14, 143.00
204.50, 170.00
204.86, 157.00
205.22, 154.00
205.58, 145.00
205.95, 147.00
206.31, 145.00
206.67, 147.00
207.03, 149.00
207.39, 152.00
207.75, 145.00
208.11, 149.00
208.47, 145.00
208.83, 149.00
209.19, 152.00
209.55, 145.00
209.91, 143.00
210.27, 149.00
210.63, 148.00
210.99, 152.00
211.35, 143.00
211.71, 149.00
212.07, 147.00
212.43, 150.00
212.79, 147.00
213.15, 142.00
213.51, 137.00
213.87, 148.00
214.23, 146.00
214.59, 138.00
214.95, 146.00
215.31, 145.00
215.67, 150.00
216.03, 175.00
216.39, 146.00
216.75, 148.00
217.11, 151.00
217.47, 146.00
217.83, 145.00
218.19, 150.00
218.55, 152.00
218.91, 150.00
219.27, 146.00
219.63, 147.00
219.99, 144.00
220.35, 145.00
220.71, 150.00
221.07, 144.00
221.43, 151.00
221.79, 148.00
222.15, 143.00
222.51, 145.00
222.87, 143.00
223.23, 146.00
223.59, 142.00
223.95, 141.00
224.31, 143.00
224.67, 144.00
225.03, 148.00
225.39, 155.00
225.74, 149.00
226.10, 141.00
226.46, 145.00
226.82, 147.00
227.18, 149.00
227.54, 144.00
227.90, 152.00
228.26, 149.00
228.62, 155.00
228.98, 142.00
229.34, 144.00
229.69, 144.00
230.05, 151.00
230.41, 149.00
230.77, 155.00
231.13, 154.00
231.49, 157.00
231.85, 147.00
232.21, 152.00
232.57, 151.00
232.92, 145.00
233.28, 144.00
233.64, 150.00
234.00, 147.00
234.36, 141.00
234.72, 146.00
235.08, 148.00
235.44, 147.00
235.79, 145.00
236.15, 148.00
236.51, 145.00
236.87, 141.00
237.23, 142.00
237.59, 145.00
237.94, 155.00
238.30, 148.00
238.66, 142.00
239.02, 148.00
239.38, 141.00
239.74, 146.00
240.09, 159.00
240.45, 141.00
240.81, 140.00
241.17, 154.00
241.53, 143.00
241.89, 143.00
242.24, 147.00
242.60, 144.00
242.96, 148.00
243.32, 147.00
243.68, 147.00
244.03, 146.00
244.39, 145.00
244.75, 164.00
245.11, 149.00
245.46, 146.00
245.82, 175.00
246.18, 146.00
246.54, 145.00
246.90, 143.00
247.25, 141.00
247.61, 143.00
247.97, 185.00
248.33, 146.00
248.68, 142.00
249.04, 141.00
249.40, 139.00
249.76, 139.00
250.11, 143.00
250.47, 151.00
250.83, 143.00
251.19, 144.00
251.54, 153.00
251.90, 143.00
252.26, 149.00
252.62, 142.00
252.97, 145.00
253.33, 143.00
253.69, 145.00
254.05, 149.00
254.40, 145.00
254.76, 141.00
255.12, 172.00
255.47, 145.00
255.83, 150.00
256.19, 145.00
256.54, 141.00
256.90, 143.00
257.26, 146.00
257.62, 152.00
257.97, 146.00
258.33, 148.00
258.69, 145.00
259.04, 139.00
259.40, 143.00
259.76, 152.00
260.11, 147.00
260.47, 141.00
260.83, 141.00
261.18, 156.00
261.54, 145.00
261.90, 147.00
262.25, 139.00
262.61, 142.00
262.97, 141.00
263.32, 145.00
263.68, 139.00
264.04, 146.00
264.39, 143.00
264.75, 142.00
265.10, 144.00
265.46, 184.00
265.82, 160.00
266.17, 144.00
266.53, 144.00
266.89, 147.00
267.24, 152.00
267.60, 141.00
267.95, 141.00
268.31, 141.00
268.67, 140.00
269.02, 146.00
269.38, 141.00
269.74, 151.00
270.09, 148.00
270.45, 144.00
270.80, 168.00
271.16, 149.00
271.51, 154.00
271.87, 153.00
272.23, 153.00
272.58, 150.00
272.94, 145.00
273.29, 144.00
273.65, 186.00
274.00, 134.00
274.36, 147.00
274.72, 141.00
275.07, 143.00
275.43, 148.00
275.78, 148.00
276.14, 147.00
276.49, 151.00
276.85, 158.00
277.20, 166.00
277.56, 142.00
277.92, 145.00
278.27, 151.00
278.63, 152.00
278.98, 142.00
279.34, 143.00
279.69, 148.00
280.05, 167.00
280.40, 159.00
280.76, 162.00
281.11, 155.00
281.47, 155.00
281.82, 157.00
282.18, 149.00
282.53, 159.00
282.89, 163.00
283.24, 165.00
283.60, 162.00
283.95, 165.00
284.31, 166.00
284.66, 169.00
285.02, 168.00
285.37, 170.00
285.73, 171.00
286.08, 173.00
286.44, 160.00
286.79, 159.00
287.14, 159.00
287.50, 157.00
287.85, 151.00
288.21, 154.00
288.56, 152.00
288.92, 163.00
289.27, 163.00
289.63, 159.00
289.98, 163.00
290.34, 159.00
290.69, 165.00
291.04, 151.00
291.40, 150.00
291.75, 150.00
292.11, 154.00
292.46, 152.00
292.81, 165.00
293.17, 158.00
293.52, 163.00
293.88, 170.00
294.23, 172.00
294.59, 190.00
294.94, 193.00
295.29, 215.00
295.65, 226.00
296.00, 242.00
296.36, 214.00
296.71, 208.00
297.06, 217.00
297.42, 212.00
297.77, 218.00
298.12, 194.00
298.48, 191.00
298.83, 183.00
299.19, 186.00
299.54, 183.00
299.89, 185.00
300.25, 178.00
300.60, 180.00
300.95, 176.00
301.31, 161.00
301.66, 160.00
302.01, 164.00
302.37, 159.00
302.72, 170.00
303.07, 168.00
303.43, 169.00
303.78, 177.00
304.13, 180.00
304.49, 181.00
304.84, 187.00
305.19, 225.00
305.55, 181.00
305.90, 199.00
306.25, 233.00
306.61, 292.00
306.96, 341.00
307.31, 420.00
307.66, 588.00
308.02, 766.00
308.37, 908.00
308.72, 1004.00
309.08, 1024.00
309.43, 934.00
309.78, 823.00
310.13, 709.00
310.49, 629.00
310.84, 509.00
311.19, 481.00
311.54, 419.00
311.90, 379.00
312.25, 360.00
312.60, 373.00
312.95, 456.00
313.31, 517.00
313.66, 507.00
314.01, 502.00
314.36, 514.00
314.72, 596.00
315.07, 763.00
315.42, 968.00
315.77, 1028.00
316.13, 826.00
316.48, 551.00
316.83, 372.00
317.18, 274.00
317.54, 222.00
317.89, 196.00
318.24, 188.00
318.59, 178.00
318.94, 185.00
319.30, 180.00
319.65, 191.00
320.00, 187.00
320.35, 193.00
320.70, 190.00
321.05, 186.00
321.41, 186.00
321.76, 183.00
322.11, 180.00
322.46, 180.00
322.81, 223.00
323.17, 186.00
323.52, 175.00
323.87, 175.00
324.22, 184.00
324.57, 176.00
324.92, 183.00
325.27, 182.00
325.63, 203.00
325.98, 201.00
326.33, 217.00
326.68, 219.00
327.03, 210.00
327.38, 213.00
327.73, 228.00
328.09, 254.00
328.44, 283.00
328.79, 245.00
329.14, 274.00
329.49, 241.00
329.84, 231.00
330.19, 235.00
330.54, 237.00
330.89, 230.00
331.25, 202.00
331.60, 202.00
331.95, 194.00
332.30, 202.00
332.65, 211.00
333.00, 234.00
333.35, 292.00
333.70, 299.00
334.05, 274.00
334.40, 298.00
334.75, 360.00
335.10, 512.00
335.45, 730.00
335.81, 1070.00
336.16, 1564.00
336.51, 2210.00
336.86, 2248.00
337.21, 1966.00
337.56, 1194.00
337.91, 716.00
338.26, 427.00
338.61, 289.00
338.96, 240.00
339.31, 212.00
339.66, 206.00
340.01, 208.00
340.36, 190.00
340.71, 189.00
341.06, 182.00
341.41, 182.00
341.76, 179.00
342.11, 188.00
342.46, 189.00
342.81, 187.00
343.16, 184.00
343.51, 190.00
343.86, 185.00
344.21, 183.00
344.56, 189.00
344.91, 178.00
345.26, 188.00
345.61, 181.00
345.96, 181.00
346.31, 179.00
346.66, 208.00
347.01, 176.00
347.36, 201.00
347.71, 180.00
348.06, 177.00
348.41, 205.00
348.76, 215.00
349.10, 221.00
349.45, 257.00
349.80, 243.00
350.15, 235.00
350.50, 231.00
350.85, 244.00
351.20, 254.00
351.55, 302.00
351.90, 363.00
352.25, 478.00
352.60, 610.00
352.95, 799.00
353.30, 846.00
353.64, 763.00
353.99, 596.00
354.34, 500.00
354.69, 451.00
355.04, 474.00
355.39, 578.00
355.74, 766.00
356.09, 970.00
356.44, 1201.00
356.78, 1621.00
357.13, 1816.00
357.48, 1747.00
357.83, 1314.00
358.18, 835.00
358.53, 525.00
358.88, 327.00
359.22, 246.00
359.57, 199.00
359.92, 193.00
360.27, 193.00
360.62, 191.00
360.97, 200.00
361.32, 196.00
361.66, 189.00
362.01, 191.00
362.36, 200.00
362.71, 204.00
363.06, 210.00
363.40, 213.00
363.75, 220.00
364.10, 215.00
364.45, 200.00
364.80, 198.00
365.14, 201.00
365.49, 204.00
365.84, 210.00
366.19, 219.00
366.54, 241.00
366.88, 255.00
367.23, 221.00
367.58, 261.00
367.93, 205.00
368.28, 199.00
368.62, 202.00
368.97, 223.00
369.32, 235.00
369.67, 257.00
370.01, 319.00
370.36, 348.00
370.71, 364.00
371.06, 303.00
371.40, 269.00
371.75, 227.00
372.10, 211.00
372.45, 215.00
372.79, 236.00
373.14, 265.00
373.49, 309.00
373.83, 388.00
374.18, 476.00
374.53, 603.00
374.88, 686.00
375.22, 700.00
375.57, 545.00
375.92, 402.00
376.26, 305.00
376.61, 251.00
376.96, 214.00
377.30, 233.00
377.65, 252.00
378.00, 289.00
378.35, 351.00
378.69, 453.00
379.04, 562.00
379.39, 741.00
379.73, 908.00
380.08, 925.00
380.43, 701.00
380.77, 488.00
381.12, 397.00
381.47, 307.00
381.81, 248.00
382.16, 215.00
382.50, 211.00
382.85, 279.00
383.20, 203.00
383.54, 223.00
383.89, 237.00
384.24, 235.00
384.58, 252.00
384.93, 281.00
385.27, 282.00
385.62, 282.00
385.97, 282.00
386.31, 271.00
386.66, 295.00
387.00, 277.00
387.35, 297.00
387.70, 326.00
388.04, 452.00
388.39, 481.00
388.73, 612.00
389.08, 764.00
389.43, 944.00
389.77, 1120.00
390.12, 1369.00
390.46, 1939.00
390.81, 2143.00
391.15, 2101.00
391.50, 1558.00
391.85, 921.00
392.19, 640.00
392.54, 415.00
392.88, 325.00
393.23, 329.00
393.57, 334.00
393.92, 321.00
394.26, 286.00
394.61, 239.00
394.95, 218.00
395.30, 202.00
395.64, 191.00
395.99, 226.00
396.33, 202.00
396.68, 210.00
397.02, 218.00
397.37, 243.00
397.71, 272.00
398.06, 302.00
398.40, 346.00
398.75, 417.00
399.09, 460.00
399.44, 466.00
399.78, 375.00
400.13, 311.00
400.47, 244.00
400.82, 214.00
401.16, 196.00
401.51, 201.00
401.85, 190.00
402.20, 194.00
402.54, 215.00
402.88, 223.00
403.23, 227.00
403.57, 239.00
403.92, 279.00
404.26, 365.00
404.61, 350.00
404.95, 453.00
405.30, 430.00
405.64, 396.00
405.98, 349.00
406.33, 287.00
406.67, 226.00
407.02, 222.00
407.36, 218.00
407.70, 227.00
408.05, 218.00
408.39, 227.00
408.74, 246.00
409.08, 251.00
409.42, 234.00
409.77, 225.00
410.11, 232.00
410.46, 219.00
410.80, 230.00
411.14, 235.00
411.49, 250.00
411.83, 259.00
412.17, 249.00
412.52, 262.00
412.86, 273.00
413.20, 285.00
413.55, 288.00
413.89, 268.00
414.23, 254.00
414.58, 266.00
414.92, 222.00
415.26, 216.00
415.61, 211.00
415.95, 215.00
416.29, 219.00
416.64, 223.00
416.98, 230.00
417.32, 240.00
417.67, 279.00
418.01, 295.00
418.35, 308.00
418.70, 349.00
419.04, 409.00
419.38, 386.00
419.72, 379.00
420.07, 317.00
420.41, 260.00
420.75, 236.00
421.10, 222.00
421.44, 216.00
421.78, 219.00
422.12, 220.00
422.47, 242.00
422.81, 255.00
423.15, 266.00
423.49, 266.00
423.84, 255.00
424.18, 274.00
424.52, 292.00
424.86, 358.00
425.21, 443.00
425.55, 490.00
425.89, 585.00
426.23, 676.00
426.57, 862.00
426.92, 907.00
427.26, 971.00
427.60, 798.00
427.94, 542.00
428.28, 397.00
428.63, 308.00
428.97, 245.00
429.31, 221.00
429.65, 204.00
429.99, 202.00
430.34, 192.00
430.68, 201.00
431.02, 202.00
431.36, 193.00
431.70, 210.00
432.04, 210.00
432.39, 225.00
432.73, 231.00
433.07, 245.00
433.41, 259.00
433.75, 263.00
434.09, 259.00
434.43, 253.00
434.78, 226.00
435.12, 224.00
435.46, 220.00
435.80, 232.00
436.14, 240.00
436.48, 227.00
436.82, 245.00
437.16, 236.00
437.51, 228.00
437.85, 226.00
438.19, 268.00
438.53, 224.00
438.87, 233.00
439.21, 232.00
439.55, 239.00
439.89, 253.00
440.23, 263.00
440.57, 265.00
440.91, 265.00
441.26, 259.00
441.60, 239.00
441.94, 232.00
442.28, 221.00
442.62, 228.00
442.96, 214.00
443.30, 217.00
443.64, 207.00
443.98, 206.00
444.32, 220.00
444.66, 207.00
445.00, 217.00
445.34, 225.00
445.68, 216.00
446.02, 222.00
446.36, 211.00
446.70, 222.00
447.04, 222.00
447.38, 241.00
447.72, 232.00
448.06, 241.00
448.40, 238.00
448.74, 225.00
449.08, 226.00
449.42, 218.00
449.76, 214.00
450.10, 214.00
450.44, 205.00
450.78, 210.00
451.12, 224.00
451.46, 211.00
451.80, 221.00
452.14, 194.00
452.48, 199.00
452.82, 198.00
453.16, 206.00
453.50, 215.00
453.84, 196.00
454.18, 246.00
454.52, 216.00
454.86, 223.00
455.19, 240.00
455.53, 220.00
455.87, 226.00
456.21, 242.00
456.55, 242.00
456.89, 238.00
457.23, 238.00
457.57, 232.00
457.91, 242.00
458.25, 244.00
458.59, 248.00
458.92, 264.00
459.26, 261.00
459.60, 274.00
459.94, 247.00
460.28, 225.00
460.62, 217.00
460.96, 214.00
461.30, 204.00
461.63, 200.00
461.97, 209.00
462.31, 207.00
462.65, 218.00
462.99, 222.00
463.33, 232.00
463.67, 237.00
464.00, 245.00
464.34, 243.00
464.68, 253.00
465.02, 258.00
465.36, 250.00
465.70, 237.00
466.03, 243.00
466.37, 228.00
466.71, 234.00
467.05, 246.00
467.39, 256.00
467.72, 267.00
468.06, 295.00
468.40, 312.00
468.74, 310.00
469.08, 314.00
469.41, 355.00
469.75, 389.00
470.09, 401.00
470.43, 413.00
470.76, 365.00
471.10, 330.00
471.44, 309.00
471.78, 291.00
472.11, 270.00
472.45, 269.00
472.79, 253.00
473.13, 257.00
473.46, 252.00
473.80, 237.00
474.14, 251.00
474.48, 246.00
474.81, 231.00
475.15, 231.00
475.49, 234.00
475.82, 232.00
476.16, 228.00
476.50, 221.00
476.84, 230.00
477.17, 228.00
477.51, 222.00
477.85, 225.00
478.18, 235.00
478.52, 220.00
478.86, 280.00
479.19, 244.00
479.53, 234.00
479.87, 280.00
480.20, 247.00
480.54, 244.00
480.88, 239.00
481.21, 236.00
481.55, 229.00
481.89, 233.00
482.22, 231.00
482.56, 243.00
482.90, 241.00
483.23, 229.00
483.57, 238.00
483.90, 236.00
484.24, 223.00
484.58, 232.00
484.91, 235.00
485.25, 245.00
485.58, 237.00
485.92, 250.00
486.26, 241.00
486.59, 239.00
486.93, 248.00
487.26, 250.00
487.60, 253.00
487.94, 247.00
488.27, 252.00
488.61, 238.00
488.94, 244.00
489.28, 241.00
489.61, 240.00
489.95, 244.00
490.29, 256.00
490.62, 261.00
490.96, 253.00
491.29, 258.00
491.63, 241.00
491.96, 249.00
492.30, 244.00
492.63, 243.00
492.97, 245.00
493.30, 240.00
493.64, 233.00
493.97, 236.00
494.31, 240.00
494.64, 262.00
494.98, 257.00
495.31, 255.00
495.65, 240.00
495.98, 252.00
496.32, 244.00
496.65, 267.00
496.99, 235.00
497.32, 229.00
497.66, 226.00
497.99, 231.00
498.33, 228.00
498.66, 228.00
499.00, 234.00
499.33, 230.00
499.67, 240.00
500.00, 235.00
500.34, 244.00
500.67, 250.00
501.00, 253.00
501.34, 249.00
501.67, 238.00
502.01, 240.00
502.34, 238.00
502.68, 251.00
503.01, 264.00
503.34, 257.00
503.68, 256.00
504.01, 260.00
504.35, 268.00
504.68, 270.00
505.01, 273.00
505.35, 273.00
505.68, 265.00
506.02, 275.00
506.35, 279.00
506.68, 292.00
507.02, 278.00
507.35, 271.00
507.68, 262.00
508.02, 269.00
508.35, 265.00
508.69, 265.00
509.02, 250.00
509.35, 256.00
509.69, 251.00
510.02, 257.00
510.35, 245.00
510.69, 240.00
511.02, 246.00
511.35, 242.00
511.69, 242.00
512.02, 249.00
512.35, 252.00
512.68, 238.00
513.02, 242.00
513.35, 241.00
513.68, 244.00
514.02, 243.00
514.35, 243.00
514.68, 234.00
515.01, 232.00
515.35, 233.00
515.68, 226.00
516.01, 228.00
516.35, 229.00
516.68, 232.00
517.01, 229.00
517.34, 241.00
517.68, 224.00
518.01, 239.00
518.34, 233.00
518.67, 237.00
519.01, 236.00
519.34, 236.00
519.67, 251.00
520.00, 240.00
520.33, 247.00
520.67, 243.00
521.00, 246.00
521.33, 253.00
521.66, 264.00
522.00, 261.00
522.33, 246.00
522.66, 242.00
522.99, 231.00
523.32, 248.00
523.65, 239.00
523.99, 241.00
524.32, 237.00
524.65, 240.00
524.98, 235.00
525.31, 235.00
525.65, 269.00
525.98, 239.00
526.31, 231.00
526.64, 244.00
526.97, 236.00
527.30, 227.00
527.63, 222.00
527.97, 237.00
528.30, 224.00
528.63, 232.00
528.96, 254.00
529.29, 225.00
529.62, 233.00
529.95, 218.00
530.28, 229.00
530.61, 219.00
530.95, 221.00
531.28, 224.00
531.61, 226.00
531.94, 229.00
532.27, 242.00
532.60, 237.00
532.93, 234.00
533.26, 236.00
533.59, 227.00
533.92, 227.00
534.25, 217.00
534.58, 255.00
534.91, 223.00
535.25, 222.00
535.58, 218.00
535.91, 213.00
536.24, 220.00
536.57, 222.00
536.90, 207.00
537.23, 217.00
537.56, 254.00
537.89, 221.00
538.22, 211.00
538.55, 212.00
538.88, 214.00
539.21, 335.00
539.54, 217.00
539.87, 209.00
540.20, 210.00
540.53, 214.00
540.86, 247.00
541.19, 216.00
541.52, 211.00
541.85, 221.00
542.18, 229.00
542.51, 226.00
542.84, 232.00
543.17, 234.00
543.50, 225.00
543.82, 223.00
544.15, 227.00
544.48, 230.00
544.81, 221.00
545.14, 251.00
545.47, 219.00
545.80, 265.00
546.13, 222.00
546.46, 263.00
546.79, 239.00
547.12, 212.00
547.45, 229.00
547.78, 225.00
548.10, 217.00
548.43, 218.00
548.76, 215.00
549.09, 216.00
549.42, 220.00
549.75, 219.00
550.08, 221.00
550.41, 217.00
550.74, 229.00
551.06, 214.00
551.39, 229.00
551.72, 217.00
552.05, 222.00
552.38, 210.00
552.71, 214.00
553.03, 215.00
553.36, 226.00
553.69, 222.00
554.02, 219.00
554.35, 230.00
554.68, 221.00
555.00, 228.00
555.33, 223.00
555.66, 233.00
555.99, 243.00
556.32, 235.00
556.64, 240.00
556.97, 244.00
557.30, 247.00
557.63, 252.00
557.96, 248.00
558.28, 247.00
558.61, 259.00
558.94, 248.00
559.27, 237.00
559.59, 238.00
559.92, 241.00
560.25, 231.00
560.58, 240.00
560.90, 244.00
561.23, 243.00
561.56, 228.00
561.89, 231.00
562.21, 226.00
562.54, 224.00
562.87, 216.00
563.20, 219.00
563.52, 215.00
563.85, 216.00
564.18, 234.00
564.50, 214.00
564.83, 240.00
565.16, 262.00
565.48, 199.00
565.81, 215.00
566.14, 201.00
566.47, 199.00
566.79, 205.00
567.12, 201.00
567.45, 230.00
567.77, 202.00
568.10, 206.00
568.43, 207.00
568.75, 197.00
569.08, 207.00
569.40, 239.00
569.73, 202.00
570.06, 196.00
570.38, 203.00
570.71, 196.00
571.04, 197.00
571.36, 207.00
571.69, 215.00
572.01, 208.00
572.34, 205.00
572.67, 209.00
572.99, 204.00
573.32, 221.00
573.64, 200.00
573.97, 196.00
574.30, 201.00
574.62, 202.00
574.95, 202.00
575.27, 208.00
575.60, 206.00
575.92, 200.00
576.25, 199.00
576.58, 210.00
576.90, 205.00
577.23, 241.00
577.55, 206.00
577.88, 201.00
578.20, 200.00
578.53, 196.00
578.85, 215.00
579.18, 208.00
579.50, 207.00
579.83, 199.00
580.15, 201.00
580.48, 206.00
580.80, 208.00
581.13, 213.00
581.45, 205.00
581.78, 209.00
582.10, 209.00
582.43, 212.00
582.75, 210.00
583.08, 206.00
583.40, 206.00
583.73, 273.00
584.05, 208.00
584.38, 200.00
584.70, 254.00
585.03, 214.00
585.35, 208.00
585.67, 213.00
586.00, 248.00
586.32, 290.00
586.65, 319.00
586.97, 311.00
587.30, 278.00
587.62, 255.00
587.94, 263.00
588.27, 245.00
588.59, 233.00
588.92, 221.00
589.24, 224.00
589.56, 216.00
589.89, 225.00
590.21, 208.00
590.54, 207.00
590.86, 211.00
591.18, 209.00
591.51, 210.00
591.83, 230.00
592.15, 217.00
592.48, 214.00
592.80, 224.00
593.13, 225.00
593.45, 226.00
593.77, 227.00
594.10, 235.00
594.42, 241.00
594.74, 240.00
595.07, 246.00
595.39, 242.00
595.71, 250.00
596.03, 251.00
596.36, 257.00
596.68, 261.00
597.00, 262.00
597.33, 260.00
597.65, 266.00
597.97, 260.00
598.30, 255.00
598.62, 261.00
598.94, 253.00
599.26, 259.00
599.59, 258.00
599.91, 265.00
600.23, 248.00
600.55, 243.00
600.88, 244.00
601.20, 235.00
601.52, 226.00
601.84, 219.00
602.17, 216.00
602.49, 213.00
602.81, 208.00
603.13, 211.00
603.45, 214.00
603.78, 214.00
604.10, 201.00
604.42, 206.00
604.74, 200.00
605.07, 207.00
605.39, 201.00
605.71, 202.00
606.03, 201.00
606.35, 193.00
606.67, 202.00
607.00, 203.00
607.32, 197.00
607.64, 196.00
607.96, 187.00
608.28, 187.00
608.60, 186.00
608.93, 192.00
609.25, 196.00
609.57, 208.00
609.89, 194.00
610.21, 196.00
610.53, 189.00
610.85, 193.00
611.17, 184.00
611.50, 194.00
611.82, 184.00
612.14, 189.00
612.46, 188.00
612.78, 192.00
613.10, 188.00
613.42, 184.00
613.74, 207.00
614.06, 238.00
614.38, 227.00
614.70, 234.00
615.03, 229.00
615.35, 231.00
615.67, 313.00
615.99, 202.00
616.31, 205.00
616.63, 207.00
616.95, 192.00
617.27, 193.00
617.59, 183.00
617.91, 189.00
618.23, 190.00
618.55, 181.00
618.87, 181.00
619.19, 183.00
619.51, 184.00
619.83, 179.00
620.15, 181.00
620.47, 190.00
620.79, 180.00
621.11, 189.00
621.43, 182.00
621.75, 192.00
622.07, 189.00
622.39, 184.00
622.71, 189.00
623.03, 178.00
623.35, 223.00
623.67, 182.00
623.99, 178.00
624.31, 177.00
624.63, 187.00
624.95, 183.00
625.26, 188.00
625.58, 185.00
625.90, 210.00
626.22, 176.00
626.54, 182.00
626.86, 189.00
627.18, 180.00
627.50, 186.00
627.82, 183.00
628.14, 190.00
628.46, 197.00
628.77, 191.00
629.09, 191.00
629.41, 197.00
629.73, 194.00
630.05, 199.00
630.37, 204.00
630.69, 202.00
631.00, 210.00
631.32, 214.00
631.64, 198.00
631.96, 206.00
632.28, 206.00
632.60, 205.00
632.92, 200.00
633.23, 207.00
633.55, 223.00
633.87, 220.00
634.19, 226.00
634.51, 229.00
634.82, 242.00
635.14, 238.00
635.46, 237.00
635.78, 240.00
636.10, 234.00
636.41, 240.00
636.73, 239.00
637.05, 238.00
637.37, 224.00
637.68, 230.00
638.00, 232.00
638.32, 243.00
638.64, 258.00
638.95, 280.00
639.27, 267.00
639.59, 268.00
639.91, 246.00
640.22, 237.00
640.54, 241.00
640.86, 234.00
641.18, 238.00
641.49, 249.00
641.81, 233.00
642.13, 235.00
642.44, 225.00
642.76, 225.00
643.08, 222.00
643.40, 221.00
643.71, 226.00
644.03, 230.00
644.35, 236.00
644.66, 234.00
644.98, 231.00
645.30, 224.00
645.61, 238.00
645.93, 218.00
646.25, 209.00
646.56, 218.00
646.88, 233.00
647.19, 201.00
647.51, 206.00
647.83, 194.00
648.14, 199.00
648.46, 199.00
648.78, 200.00
649.09, 209.00
649.41, 254.00
649.72, 209.00
650.04, 226.00
650.36, 216.00
650.67, 232.00
650.99, 227.00
651.30, 227.00
651.62, 230.00
651.93, 233.00
652.25, 247.00
652.57, 275.00
652.88, 232.00
653.20, 235.00
653.51, 229.00
653.83, 217.00
654.14, 216.00
654.46, 209.00
654.77, 219.00
655.09, 223.00
655.40, 234.00
655.72, 212.00
656.04, 209.00
656.35, 211.00
656.67, 202.00
656.98, 207.00
657.30, 205.00
657.61, 211.00
657.93, 218.00
658.24, 226.00
658.55, 264.00
658.87, 226.00
659.18, 220.00
659.50, 221.00
659.81, 239.00
660.13, 232.00
660.44, 224.00
660.76, 226.00
661.07, 237.00
661.39, 210.00
661.70, 211.00
662.01, 200.00
662.33, 202.00
662.64, 200.00
662.96, 193.00
663.27, 194.00
663.59, 190.00
663.90, 188.00
664.21, 186.00
664.53, 214.00
664.84, 190.00
665.16, 218.00
665.47, 194.00
665.78, 197.00
666.10, 206.00
666.41, 214.00
666.72, 223.00
667.04, 235.00
667.35, 218.00
667.67, 210.00
667.98, 209.00
668.29, 211.00
668.61, 204.00
668.92, 209.00
669.23, 209.00
669.55, 212.00
669.86, 230.00
670.17, 194.00
670.48, 190.00
670.80, 188.00
671.11, 190.00
671.42, 186.00
671.74, 192.00
672.05, 190.00
672.36, 188.00
672.68, 194.00
672.99, 191.00
673.30, 199.00
673.61, 204.00
673.93, 208.00
674.24, 212.00
674.55, 217.00
674.86, 210.00
675.18, 222.00
675.49, 232.00
675.80, 219.00
676.11, 227.00
676.43, 228.00
676.74, 219.00
677.05, 218.00
677.36, 234.00
677.67, 223.00
677.99, 218.00
678.30, 207.00
678.61, 207.00
678.92, 201.00
679.23, 200.00
679.55, 194.00
679.86, 195.00
680.17, 183.00
680.48, 192.00
680.79, 186.00
681.10, 180.00
681.42, 181.00
681.73, 178.00
682.04, 176.00
682.35, 177.00
682.66, 184.00
682.97, 176.00
683.28, 184.00
683.60, 183.00
683.91, 178.00
684.22, 193.00
684.53, 179.00
684.84, 178.00
685.15, 181.00
685.46, 209.00
685.77, 177.00
686.08, 176.00
686.40, 215.00
686.71, 173.00
687.02, 169.00
687.33, 173.00
687.64, 168.00
687.95, 171.00
688.26, 167.00
688.57, 163.00
688.88, 166.00
689.19, 161.00
689.50, 166.00
689.81, 163.00
690.12, 163.00
690.43, 175.00
690.74, 162.00
691.05, 158.00
691.36, 175.00
691.67, 162.00
691.98, 163.00
692.29, 156.00
692.60, 166.00
692.91, 162.00
693.22, 154.00
693.53, 156.00
693.84, 168.00
694.15, 166.00
694.46, 155.00
694.77, 161.00
695.08, 161.00
695.39, 173.00
695.70, 162.00
696.01, 164.00
696.32, 158.00
696.63, 160.00
696.94, 169.00
697.25, 156.00
697.56, 170.00
697.87, 172.00
698.17, 206.00
698.48, 163.00
698.79, 163.00
699.10, 166.00
699.41, 164.00
699.72, 163.00
700.03, 167.00
700.34, 160.00
700.65, 163.00
700.95, 168.00
701.26, 167.00
701.57, 165.00
701.88, 157.00
702.19, 174.00
702.50, 166.00
702.81, 162.00
703.11, 183.00
703.42, 163.00
703.73, 174.00
704.04, 174.00
704.35, 176.00
704.66, 209.00
704.96, 324.00
705.27, 405.00
705.58, 444.00
705.89, 405.00
706.20, 331.00
706.50, 286.00
706.81, 268.00
707.12, 240.00
707.43, 214.00
707.73, 192.00
708.04, 171.00
708.35, 169.00
708.66, 165.00
708.97, 165.00
709.27, 162.00
709.58, 160.00
709.89, 165.00
710.19, 164.00
710.50, 162.00
710.81, 163.00
711.12, 163.00
711.42, 165.00
711.73, 164.00
712.04, 160.00
712.35, 167.00
712.65, 165.00
712.96, 166.00
713.27, 165.00
713.57, 188.00
713.88, 189.00
714.19, 158.00
714.49, 166.00
714.80, 164.00
715.11, 163.00
715.41, 166.00
715.72, 158.00
716.03, 161.00
716.33, 170.00
716.64, 158.00
716.94, 165.00
717.25, 157.00
717.56, 169.00
717.86, 172.00
718.17, 161.00
718.48, 156.00
718.78, 159.00
719.09, 158.00
719.39, 159.00
719.70, 161.00
720.01, 161.00
720.31, 156.00
720.62, 157.00
720.92, 162.00
721.23, 167.00
721.53, 164.00
721.84, 160.00
722.15, 172.00
722.45, 169.00
722.76, 167.00
723.06, 163.00
723.37, 170.00
723.67, 171.00
723.98, 166.00
724.28, 156.00
724.59, 172.00
724.89, 173.00
725.20, 165.00
725.50, 174.00
725.81, 168.00
726.11, 170.00
726.42, 170.00
726.72, 177.00
727.03, 214.00
727.33, 173.00
727.64, 178.00
727.94, 167.00
728.25, 169.00
728.55, 164.00
728.86, 180.00
729.16, 157.00
729.46, 162.00
729.77, 163.00
730.07, 164.00
730.38, 157.00
730.68, 158.00
730.99, 164.00
731.29, 161.00
731.59, 167.00
731.90, 161.00
732.20, 158.00
732.51, 169.00
732.81, 162.00
733.11, 173.00
733.42, 160.00
733.72, 167.00
734.02, 165.00
734.33, 164.00
734.63, 160.00
734.94, 161.00
735.24, 167.00
735.54, 164.00
735.85, 161.00
736.15, 161.00
736.45, 165.00
736.76, 166.00
737.06, 166.00
737.36, 161.00
737.67, 169.00
737.97, 160.00
738.27, 165.00
738.57, 160.00
738.88, 157.00
739.18, 197.00
739.48, 160.00
739.79, 157.00
740.09, 166.00
740.39, 161.00
740.69, 162.00
741.00, 162.00
741.30, 173.00
741.60, 159.00
741.90, 163.00
742.21, 165.00
742.51, 212.00
742.81, 170.00
743.11, 163.00
743.42, 193.00
743.72, 168.00
744.02, 182.00
744.32, 178.00
744.63, 183.00
744.93, 189.00
745.23, 191.00
745.53, 201.00
745.83, 185.00
746.13, 185.00
746.44, 189.00
746.74, 189.00
747.04, 193.00
747.34, 187.00
747.64, 189.00
747.94, 189.00
748.25, 187.00
748.55, 194.00
748.85, 189.00
749.15, 198.00
749.45, 222.00
749.75, 211.00
750.05, 180.00
750.35, 177.00
750.66, 185.00
750.96, 176.00
751.26, 166.00
751.56, 163.00
751.86, 169.00
752.16, 159.00
752.46, 154.00
752.76, 158.00
753.06, 154.00
753.36, 194.00
753.66, 155.00
753.96, 162.00
754.27, 158.00
754.57, 162.00
754.87, 162.00
755.17, 163.00
755.47, 163.00
755.77, 163.00
756.07, 167.00
756.37, 170.00
756.67, 174.00
756.97, 175.00
757.27, 177.00
757.57, 166.00
757.87, 176.00
758.17, 169.00
758.47, 179.00
758.77, 174.00
759.07, 174.00
759.37, 176.00
759.67, 172.00
759.97, 182.00
760.27, 181.00
760.57, 167.00
760.86, 168.00
761.16, 172.00
761.46, 172.00
761.76, 198.00
762.06, 167.00
762.36, 177.00
762.66, 163.00
762.96, 162.00
763.26, 161.00
763.56, 187.00
763.86, 169.00
764.16, 157.00
764.45, 168.00
764.75, 160.00
765.05, 164.00
765.35, 152.00
765.65, 154.00
765.95, 157.00
766.25, 164.00
766.55, 159.00
766.84, 167.00
767.14, 159.00
767.44, 163.00
767.74, 164.00
768.04, 165.00
768.34, 172.00
768.63, 170.00
768.93, 167.00
769.23, 174.00
769.53, 170.00
769.83, 166.00
770.12, 168.00
770.42, 176.00
770.72, 172.00
771.02, 175.00
771.32, 169.00
771.61, 175.00
771.91, 179.00
772.21, 173.00
772.51, 173.00
772.80, 174.00
773.10, 170.00
773.40, 177.00
773.70, 172.00
773.99, 182.00
774.29, 176.00
774.59, 180.00
774.88, 185.00
775.18, 232.00
775.48, 576.00
775.78, 1147.00
776.07, 1491.00
776.37, 1563.00
776.67, 1225.00
776.96, 806.00
777.26, 661.00
777.56, 486.00
777.85, 436.00
778.15, 386.00
778.45, 355.00
778.74, 297.00
779.04, 254.00
779.34, 205.00
779.63, 189.00
779.93, 164.00
780.22, 163.00
780.52, 155.00
780.82, 157.00
781.11, 158.00
781.41, 152.00
781.71, 153.00
782.00, 156.00
782.30, 152.00
782.59, 163.00
782.89, 151.00
783.19, 153.00
783.48, 155.00
783.78, 154.00
784.07, 161.00
784.37, 156.00
784.66, 149.00
784.96, 149.00
785.25, 151.00
785.55, 151.00
785.84, 150.00
786.14, 147.00
786.44, 147.00
786.73, 151.00
787.03, 152.00
787.32, 145.00
787.62, 147.00
787.91, 147.00
788.21, 156.00
788.50, 145.00
788.80, 143.00
789.09, 149.00
789.39, 157.00
789.68, 150.00
789.97, 149.00
790.27, 153.00
790.56, 152.00
790.86, 163.00
791.15, 150.00
791.45, 148.00
791.74, 174.00
792.04, 146.00
792.33, 145.00
792.62, 175.00
792.92, 146.00
793.21, 146.00
793.51, 154.00
793.80, 154.00
794.09, 150.00
794.39, 143.00
794.68, 148.00
794.98, 146.00
795.27, 146.00
795.56, 142.00
795.86, 150.00
796.15, 143.00
796.44, 154.00
796.74, 146.00
797.03, 148.00
797.32, 148.00
797.62, 145.00
797.91, 159.00
798.20, 150.00
798.50, 157.00
798.79, 160.00
799.08, 144.00
799.38, 146.00
799.67, 146.00
799.96, 162.00
800.26, 175.00
800.55, 147.00
800.84, 148.00
801.13, 147.00
801.43, 148.00
801.72, 189.00
802.01, 153.00
802.30, 149.00
802.60, 147.00
802.89, 152.00
803.18, 152.00
803.47, 148.00
803.77, 155.00
804.06, 152.00
804.35, 149.00
804.64, 172.00
804.94, 147.00
805.23, 146.00
805.52, 150.00
805.81, 148.00
806.10, 149.00
806.39, 146.00
806.69, 146.00
806.98, 149.00
807.27, 147.00
807.56, 152.00
807.85, 150.00
808.14, 146.00
808.44, 153.00
808.73, 149.00
809.02, 167.00
809.31, 151.00
809.60, 153.00
809.89, 154.00
810.18, 149.00
810.48, 157.00
810.77, 148.00
811.06, 146.00
811.35, 150.00
811.64, 157.00
811.93, 170.00
812.22, 148.00
812.51, 149.00
812.80, 147.00
813.09, 146.00
813.38, 147.00
813.67, 162.00
813.96, 147.00
814.26, 142.00
814.55, 143.00
814.84, 137.00
815.13, 153.00
815.42, 154.00
815.71, 149.00
816.00, 147.00
816.29, 151.00
816.58, 149.00
816.87, 145.00
817.16, 143.00
817.45, 148.00
817.74, 150.00
818.03, 139.00
818.32, 145.00
818.61, 146.00
818.90, 152.00
819.19, 150.00
819.48, 147.00
819.76, 145.00
820.05, 143.00
820.34, 149.00
820.63, 145.00
820.92, 149.00
821.21, 147.00
821.50, 147.00
821.79, 142.00
822.08, 139.00
822.37, 150.00
822.66, 148.00
822.95, 145.00
823.23, 148.00
823.52, 165.00
823.81, 151.00
824.10, 143.00
824.39, 145.00
824.68, 143.00
824.97, 165.00
825.26, 145.00
825.54, 193.00
825.83, 143.00
826.12, 136.00
826.41, 138.00
826.70, 142.00
826.99, 155.00
827.27, 143.00
827.56, 158.00
827.85, 146.00
828.14, 143.00
828.43, 144.00
828.71, 151.00
829.00, 144.00
829.29, 145.00
829.58, 148.00
829.86, 143.00
830.15, 144.00
830.44, 148.00
830.73, 148.00
831.01, 147.00
831.30, 143.00
831.59, 145.00
831.88, 147.00
832.16, 145.00
832.45, 153.00
832.74, 147.00
833.03, 143.00
833.31, 151.00
833.60, 145.00
833.89, 139.00
834.17, 147.00
834.46, 146.00
834.75, 144.00
835.03, 146.00
835.32, 141.00
835.61, 143.00
835.89, 161.00
836.18, 143.00
836.47, 141.00
836.75, 143.00
837.04, 145.00
837.33, 145.00
837.61, 142.00
837.90, 143.00
838.19, 141.00
838.47, 145.00
838.76, 144.00
839.04, 141.00
839.33, 139.00
839.62, 138.00
839.90, 146.00
840.19, 148.00
840.47, 145.00
840.76, 168.00
841.04, 148.00
841.33, 147.00
841.62, 148.00
841.90, 144.00
842.19, 146.00
842.47, 312.00
842.76, 148.00
843.04, 155.00
843.33, 184.00
843.61, 183.00
843.90, 177.00
844.18, 176.00
844.47, 171.00
844.75, 174.00
845.04, 154.00
845.32, 159.00
845.61, 152.00
845.89, 152.00
846.18, 157.00
846.46, 153.00
846.75, 148.00
847.03, 163.00
847.32, 147.00
847.60, 151.00
847.88, 146.00
848.17, 146.00
848.45, 163.00
848.74, 147.00
849.02, 145.00
849.31, 146.00
849.59, 151.00
849.87, 147.00
850.16, 141.00
850.44, 146.00
850.73, 172.00
851.01, 148.00
851.29, 145.00
851.58, 148.00
851.86, 137.00
852.14, 147.00
852.43, 154.00
852.71, 145.00
853.00, 143.00
853.28, 145.00
853.56, 145.00
853.85, 142.00
854.13, 140.00
854.41, 138.00
854.69, 139.00
854.98, 143.00
855.26, 202.00
855.54, 149.00
855.83, 145.00
856.11, 146.00
856.39, 143.00
856.68, 141.00
856.96, 146.00
857.24, 145.00
857.52, 145.00
857.81, 149.00
858.09, 138.00
858.37, 144.00
858.65, 143.00
858.94, 144.00
859.22, 144.00
