190.05, 0.00
190.41, 131.00
190.77, 132.00
191.14, 141.00
191.50, 139.00
191.86, 159.00
192.22, 153.00
192.58, 149.00
192.94, 144.00
193.31, 145.00
193.67, 144.00
194.03, 150.00
194.39, 139.00
194.75, 142.00
195.11, 157.00
195.47, 163.00
195.84, 141.00
196.20, 146.00
196.56, 161.00
196.92, 145.00
197.28, 144.00
197.64, 140.00
198.00, 146.00
198.37, 145.00
198.73, 145.00
199.09, 147.00
199.45, 141.00
199.81, 145.00
200.17, 152.00
200.53, 145.00
200.89, 154.00
201.25, 183.00
201.62, 140.00
201.98, 144.00
202.34, 148.00
202.70, 145.00
203.06, 146.00
203.42, 143.00
203.78, 143.00
204.14, 141.00
204.50, 167.00
204.86, 154.00
205.22, 151.00
205.58, 152.00
205.95, 142.00
206.31, 143.00
206.67, 147.00
207.03, 147.00
207.39, 149.00
207.75, 140.00
208.11, 140.00
208.47, 146.00
208.83, 152.00
209.19, 148.00
209.55, 151.00
209.91, 147.00
210.27, 148.00
210.63, 145.00
210.99, 153.00
211.35, 145.00
211.71, 147.00
212.07, 145.00
212.43, 150.00
212.79, 149.00
213.15, 146.00
213.51, 142.00
213.87, 152.00
214.23, 143.00
214.59, 147.00
214.95, 146.00
215.31, 147.00
215.67, 147.00
216.03, 180.00
216.39, 145.00
216.75, 148.00
217.11, 148.00
217.47, 139.00
217.83, 144.00
218.19, 144.00
218.55, 149.00
218.91, 153.00
219.27, 145.00
219.63, 142.00
219.99, 144.00
220.35, 141.00
220.71, 155.00
221.07, 144.00
221.43, 141.00
221.79, 141.00
222.15, 149.00
222.51, 144.00
222.87, 148.00
223.23, 142.00
223.59, 142.00
223.95, 146.00
224.31, 143.00
224.67, 143.00
225.03, 150.00
225.39, 154.00
225.74, 146.00
226.10, 141.00
226.46, 144.00
226.82, 152.00
227.18, 153.00
227.54, 149.00
227.90, 147.00
228.26, 147.00
228.62, 152.00
228.98, 143.00
229.34, 140.00
229.69, 143.00
230.05, 148.00
230.41, 146.00
230.77, 155.00
231.13, 153.00
231.49, 142.00
231.85, 140.00
232.21, 148.00
232.57, 151.00
232.92, 146.00
233.28, 142.00
233.64, 148.00
234.00, 144.00
234.36, 143.00
234.72, 140.00
235.08, 151.00
235.44, 141.00
235.79, 142.00
236.15, 145.00
236.51, 146.00
236.87, 143.00
237.23, 145.00
237.59, 145.00
237.94, 155.00
238.30, 146.00
238.66, 146.00
239.02, 145.00
239.38, 143.00
239.74, 142.00
240.09, 153.00
240.45, 145.00
240.81, 140.00
241.17, 152.00
241.53, 143.00
241.89, 141.00
242.24, 139.00
242.60, 142.00
242.96, 151.00
243.32, 143.00
243.68, 142.00
244.03, 148.00
244.39, 147.00
244.75, 166.00
245.11, 146.00
245.46, 143.00
245.82, 168.00
246.18, 143.00
246.54, 141.00
246.90, 141.00
247.25, 141.00
247.61, 144.00
247.97, 184.00
248.33, 142.00
248.68, 138.00
249.04, 143.00
249.40, 139.00
249.76, 145.00
250.11, 144.00
250.47, 145.00
250.83, 144.00
251.19, 150.00
251.54, 152.00
251.90, 142.00
252.26, 148.00
252.62, 143.00
252.97, 148.00
253.33, 141.00
253.69, 142.00
254.05, 149.00
254.40, 145.00
254.76, 141.00
255.12, 170.00
255.47, 142.00
255.83, 145.00
256.19, 147.00
256.54, 142.00
256.90, 133.00
257.26, 138.00
257.62, 146.00
257.97, 141.00
258.33, 148.00
258.69, 147.00
259.04, 145.00
259.40, 142.00
259.76, 145.00
260.11, 138.00
260.47, 141.00
260.83, 148.00
261.18, 144.00
261.54, 150.00
261.90, 146.00
262.25, 143.00
262.61, 148.00
262.97, 144.00
263.32, 143.00
263.68, 140.00
264.04, 147.00
264.39, 147.00
264.75, 145.00
265.10, 147.00
265.46, 192.00
265.82, 160.00
266.17, 142.00
266.53, 145.00
266.89, 150.00
267.24, 149.00
267.60, 142.00
267.95, 146.00
268.31, 145.00
268.67, 144.00
269.02, 145.00
269.38, 142.00
269.74, 149.00
270.09, 143.00
270.45, 146.00
270.80, 168.00
271.16, 151.00
271.51, 147.00
271.87, 153.00
272.23, 155.00
272.58, 152.00
272.94, 143.00
273.29, 143.00
273.65, 193.00
274.00, 147.00
274.36, 149.00
274.72, 147.00
275.07, 138.00
275.43, 145.00
275.78, 150.00
276.14, 141.00
276.49, 148.00
276.85, 157.00
277.20, 166.00
277.56, 146.00
277.92, 139.00
278.27, 147.00
278.63, 151.00
278.98, 147.00
279.34, 149.00
279.69, 151.00
280.05, 167.00
280.40, 156.00
280.76, 165.00
281.11, 153.00
281.47, 150.00
281.82, 152.00
282.18, 155.00
282.53, 169.00
282.89, 159.00
283.24, 168.00
283.60, 150.00
283.95, 162.00
284.31, 165.00
284.66, 167.00
285.02, 169.00
285.37, 167.00
285.73, 161.00
286.08, 180.00
286.44, 154.00
286.79, 163.00
287.14, 158.00
287.50, 157.00
287.85, 152.00
288.21, 157.00
288.56, 154.00
288.92, 156.00
289.27, 166.00
289.63, 156.00
289.98, 170.00
290.34, 157.00
290.69, 166.00
291.04, 153.00
291.40, 150.00
291.75, 146.00
292.11, 159.00
292.46, 153.00
292.81, 164.00
293.17, 156.00
293.52, 159.00
293.88, 166.00
294.23, 170.00
294.59, 192.00
294.94, 192.00
295.29, 198.00
295.65, 212.00
296.00, 233.00
296.36, 198.00
296.71, 196.00
297.06, 196.00
297.42, 205.00
297.77, 203.00
298.12, 198.00
298.48, 185.00
298.83, 179.00
299.19, 183.00
299.54, 192.00
299.89, 182.00
300.25, 188.00
300.60, 191.00
300.95, 177.00
301.31, 169.00
301.66, 157.00
302.01, 165.00
302.37, 158.00
302.72, 163.00
303.07, 167.00
303.43, 174.00
303.78, 177.00
304.13, 179.00
304.49, 178.00
304.84, 185.00
305.19, 213.00
305.55, 178.00
305.90, 191.00
306.25, 229.00
306.61, 304.00
306.96, 347.00
307.31, 433.00
307.66, 609.00
308.02, 774.00
308.37, 919.00
308.72, 1032.00
309.08, 1030.00
309.43, 973.00
309.78, 821.00
310.13, 724.00
310.49, 636.00
310.84, 521.00
311.19, 457.00
311.54, 409.00
311.90, 361.00
312.25, 338.00
312.60, 349.00
312.95, 427.00
313.31, 483.00
313.66, 482.00
314.01, 466.00
314.36, 482.00
314.72, 542.00
315.07, 710.00
315.42, 869.00
315.77, 918.00
316.13, 743.00
316.48, 506.00
316.83, 350.00
317.18, 265.00
317.54, 215.00
317.89, 190.00
318.24, 186.00
318.59, 176.00
318.94, 179.00
319.30, 176.00
319.65, 181.00
320.00, 181.00
320.35, 179.00
320.70, 187.00
321.05, 182.00
321.41, 185.00
321.76, 184.00
322.11, 180.00
322.46, 178.00
322.81, 213.00
323.17, 182.00
323.52, 170.00
323.87, 166.00
324.22, 170.00
324.57, 178.00
324.92, 176.00
325.27, 181.00
325.63, 197.00
325.98, 200.00
326.33, 213.00
326.68, 210.00
327.03, 204.00
327.38, 207.00
327.73, 220.00
328.09, 231.00
328.44, 259.00
328.79, 232.00
329.14, 261.00
329.49, 216.00
329.84, 220.00
330.19, 222.00
330.54, 216.00
330.89, 217.00
331.25, 189.00
331.60, 196.00
331.95, 188.00
332.30, 195.00
332.65, 203.00
333.00, 217.00
333.35, 273.00
333.70, 284.00
334.05, 255.00
334.40, 279.00
334.75, 324.00
335.10, 445.00
335.45, 639.00
335.81, 935.00
336.16, 1368.00
336.51, 1890.00
336.86, 1965.00
337.21, 1749.00
337.56, 1044.00
337.91, 640.00
338.26, 383.00
338.61, 273.00
338.96, 230.00
339.31, 200.00
339.66, 197.00
340.01, 196.00
340.36, 189.00
340.71, 183.00
341.06, 177.00
341.41, 183.00
341.76, 174.00
342.11, 187.00
342.46, 179.00
342.81, 184.00
343.16, 181.00
343.51, 183.00
343.86, 186.00
344.21, 174.00
344.56, 189.00
344.91, 184.00
345.26, 188.00
345.61, 183.00
345.96, 178.00
346.31, 175.00
346.66, 203.00
347.01, 177.00
347.36, 194.00
347.71, 177.00
348.06, 172.00
348.41, 201.00
348.76, 210.00
349.10, 216.00
349.45, 238.00
349.80, 231.00
350.15, 229.00
350.50, 214.00
350.85, 224.00
351.20, 234.00
351.55, 278.00
351.90, 334.00
352.25, 414.00
352.60, 531.00
352.95, 693.00
353.30, 748.00
353.64, 673.00
353.99, 515.00
354.34, 423.00
354.69, 392.00
355.04, 410.00
355.39, 492.00
355.74, 639.00
356.09, 844.00
356.44, 1026.00
356.78, 1397.00
357.13, 1597.00
357.48, 1534.00
357.83, 1162.00
358.18, 744.00
358.53, 489.00
358.88, 307.00
359.22, 240.00
359.57, 200.00
359.92, 195.00
360.27, 190.00
360.62, 193.00
360.97, 192.00
361.32, 185.00
361.66, 194.00
362.01, 185.00
362.36, 194.00
362.71, 192.00
363.06, 202.00
363.40, 201.00
363.75, 206.00
364.10, 204.00
364.45, 191.00
364.80, 189.00
365.14, 194.00
365.49, 198.00
365.84, 201.00
366.19, 216.00
366.54, 222.00
366.88, 245.00
367.23, 206.00
367.58, 253.00
367.93, 192.00
368.28, 190.00
368.62, 199.00
368.97, 215.00
369.32, 222.00
369.67, 248.00
370.01, 305.00
370.36, 323.00
370.71, 344.00
371.06, 292.00
371.40, 260.00
371.75, 218.00
372.10, 208.00
372.45, 202.00
372.79, 218.00
373.14, 247.00
373.49, 286.00
373.83, 356.00
374.18, 429.00
374.53, 533.00
374.88, 625.00
375.22, 620.00
375.57, 489.00
375.92, 379.00
376.26, 287.00
376.61, 234.00
376.96, 206.00
377.30, 214.00
377.65, 241.00
378.00, 265.00
378.35, 322.00
378.69, 402.00
379.04, 503.00
379.39, 666.00
379.73, 808.00
380.08, 814.00
380.43, 635.00
380.77, 455.00
381.12, 362.00
381.47, 291.00
381.81, 242.00
382.16, 210.00
382.50, 200.00
382.85, 273.00
383.20, 202.00
383.54, 216.00
383.89, 210.00
384.24, 216.00
384.58, 235.00
384.93, 266.00
385.27, 259.00
385.62, 262.00
385.97, 256.00
386.31, 247.00
386.66, 282.00
387.00, 257.00
387.35, 262.00
387.70, 292.00
388.04, 397.00
388.39, 415.00
388.73, 509.00
389.08, 646.00
389.43, 795.00
389.77, 929.00
390.12, 1154.00
390.46, 1583.00
390.81, 1775.00
391.15, 1707.00
391.50, 1303.00
391.85, 788.00
392.19, 552.00
392.54, 368.00
392.88, 305.00
393.23, 309.00
393.57, 312.00
393.92, 308.00
394.26, 259.00
394.61, 228.00
394.95, 212.00
395.30, 194.00
395.64, 187.00
395.99, 231.00
396.33, 202.00
396.68, 207.00
397.02, 210.00
397.37, 235.00
397.71, 250.00
398.06, 285.00
398.40, 324.00
398.75, 393.00
399.09, 416.00
399.44, 414.00
399.78, 347.00
400.13, 293.00
400.47, 231.00
400.82, 201.00
401.16, 187.00
401.51, 198.00
401.85, 191.00
402.20, 193.00
402.54, 203.00
402.88, 206.00
403.23, 216.00
403.57, 226.00
403.92, 258.00
404.26, 340.00
404.61, 320.00
404.95, 414.00
405.30, 380.00
405.64, 351.00
405.98, 331.00
406.33, 265.00
406.67, 226.00
407.02, 205.00
407.36, 200.00
407.70, 210.00
408.05, 212.00
408.39, 224.00
408.74, 235.00
409.08, 236.00
409.42, 222.00
409.77, 218.00
410.11, 219.00
410.46, 205.00
410.80, 215.00
411.14, 221.00
411.49, 238.00
411.83, 249.00
412.17, 236.00
412.52, 247.00
412.86, 259.00
413.20, 268.00
413.55, 267.00
413.89, 243.00
414.23, 232.00
414.58, 246.00
414.92, 206.00
415.26, 198.00
415.61, 204.00
415.95, 204.00
416.29, 213.00
416.64, 211.00
416.98, 213.00
417.32, 225.00
417.67, 259.00
418.01, 260.00
418.35, 285.00
418.70, 315.00
419.04, 369.00
419.38, 342.00
419.72, 336.00
420.07, 292.00
420.41, 249.00
420.75, 232.00
421.10, 207.00
421.44, 210.00
421.78, 209.00
422.12, 213.00
422.47, 222.00
422.81, 234.00
423.15, 247.00
423.49, 237.00
423.84, 229.00
424.18, 258.00
424.52, 268.00
424.86, 310.00
425.21, 382.00
425.55, 425.00
425.89, 511.00
426.23, 598.00
426.57, 724.00
426.92, 768.00
427.26, 806.00
427.60, 671.00
427.94, 470.00
428.28, 354.00
428.63, 283.00
428.97, 234.00
429.31, 211.00
429.65, 187.00
429.99, 196.00
430.34, 188.00
430.68, 194.00
431.02, 198.00
431.36, 192.00
431.70, 199.00
432.04, 211.00
432.39, 213.00
432.73, 228.00
433.07, 234.00
433.41, 249.00
433.75, 254.00
434.09, 242.00
434.43, 233.00
434.78, 218.00
435.12, 212.00
435.46, 214.00
435.80, 215.00
436.14, 235.00
436.48, 221.00
436.82, 235.00
437.16, 225.00
437.51, 215.00
437.85, 209.00
438.19, 248.00
438.53, 208.00
438.87, 232.00
439.21, 223.00
439.55, 235.00
439.89, 229.00
440.23, 237.00
440.57, 252.00
440.91, 257.00
441.26, 243.00
441.60, 227.00
441.94, 224.00
442.28, 211.00
442.62, 215.00
442.96, 203.00
443.30, 204.00
443.64, 206.00
443.98, 205.00
444.32, 210.00
444.66, 198.00
445.00, 205.00
445.34, 210.00
445.68, 203.00
446.02, 207.00
446.36, 202.00
446.70, 201.00
447.04, 214.00
447.38, 237.00
447.72, 227.00
448.06, 227.00
448.40, 222.00
448.74, 211.00
449.08, 210.00
449.42, 201.00
449.76, 203.00
450.10, 201.00
450.44, 195.00
450.78, 202.00
451.12, 202.00
451.46, 202.00
451.80, 203.00
452.14, 197.00
452.48, 194.00
452.82, 196.00
453.16, 193.00
453.50, 200.00
453.84, 194.00
454.18, 236.00
454.52, 214.00
454.86, 214.00
455.19, 225.00
455.53, 212.00
455.87, 219.00
456.21, 229.00
456.55, 225.00
456.89, 222.00
457.23, 226.00
457.57, 217.00
457.91, 225.00
458.25, 227.00
458.59, 232.00
458.92, 249.00
459.26, 244.00
459.60, 240.00
459.94, 231.00
460.28, 212.00
460.62, 204.00
460.96, 198.00
461.30, 186.00
461.63, 193.00
461.97, 199.00
462.31, 198.00
462.65, 202.00
462.99, 210.00
463.33, 214.00
463.67, 222.00
464.00, 225.00
464.34, 225.00
464.68, 226.00
465.02, 241.00
465.36, 232.00
465.70, 227.00
466.03, 221.00
466.37, 212.00
466.71, 223.00
467.05, 228.00
467.39, 240.00
467.72, 253.00
468.06, 272.00
468.40, 278.00
468.74, 288.00
469.08, 293.00
469.41, 326.00
469.75, 349.00
470.09, 374.00
470.43, 372.00
470.76, 314.00
471.10, 304.00
471.44, 278.00
471.78, 269.00
472.11, 254.00
472.45, 254.00
472.79, 243.00
473.13, 238.00
473.46, 239.00
473.80, 232.00
474.14, 218.00
474.48, 235.00
474.81, 221.00
475.15, 215.00
475.49, 223.00
475.82, 227.00
476.16, 225.00
476.50, 216.00
476.84, 222.00
477.17, 214.00
477.51, 209.00
477.85, 219.00
478.18, 234.00
478.52, 220.00
478.86, 269.00
479.19, 230.00
479.53, 220.00
479.87, 267.00
480.20, 237.00
480.54, 235.00
480.88, 225.00
481.21, 217.00
481.55, 223.00
481.89, 222.00
482.22, 218.00
482.56, 220.00
482.90, 225.00
483.23, 227.00
483.57, 220.00
483.90, 225.00
484.24, 220.00
484.58, 218.00
484.91, 222.00
485.25, 226.00
485.58, 222.00
485.92, 227.00
486.26, 224.00
486.59, 234.00
486.93, 237.00
487.26, 241.00
487.60, 239.00
487.94, 233.00
488.27, 234.00
488.61, 227.00
488.94, 233.00
489.28, 231.00
489.61, 229.00
489.95, 225.00
490.29, 237.00
490.62, 244.00
490.96, 233.00
491.29, 237.00
491.63, 225.00
491.96, 228.00
492.30, 227.00
492.63, 227.00
492.97, 226.00
493.30, 225.00
493.64, 221.00
493.97, 222.00
494.31, 230.00
494.64, 239.00
494.98, 246.00
495.31, 229.00
495.65, 231.00
495.98, 234.00
496.32, 227.00
496.65, 263.00
496.99, 228.00
497.32, 227.00
497.66, 216.00
497.99, 222.00
498.33, 218.00
498.66, 214.00
499.00, 223.00
499.33, 216.00
499.67, 221.00
500.00, 221.00
500.34, 230.00
500.67, 231.00
501.00, 223.00
501.34, 227.00
501.67, 225.00
502.01, 231.00
502.34, 230.00
502.68, 240.00
503.01, 240.00
503.34, 245.00
503.68, 243.00
504.01, 246.00
504.35, 244.00
504.68, 244.00
505.01, 252.00
505.35, 251.00
505.68, 249.00
506.02, 253.00
506.35, 252.00
506.68, 268.00
507.02, 256.00
507.35, 245.00
507.68, 243.00
508.02, 249.00
508.35, 252.00
508.69, 241.00
509.02, 242.00
509.35, 237.00
509.69, 233.00
510.02, 239.00
510.35, 226.00
510.69, 236.00
511.02, 231.00
511.35, 227.00
511.69, 230.00
512.02, 220.00
512.35, 233.00
512.68, 225.00
513.02, 227.00
513.35, 224.00
513.68, 227.00
514.02, 225.00
514.35, 224.00
514.68, 222.00
515.01, 220.00
515.35, 226.00
515.68, 222.00
516.01, 217.00
516.35, 219.00
516.68, 223.00
517.01, 218.00
517.34, 226.00
517.68, 214.00
518.01, 231.00
518.34, 213.00
518.67, 223.00
519.01, 221.00
519.34, 226.00
519.67, 239.00
520.00, 229.00
520.33, 226.00
520.67, 227.00
521.00, 234.00
521.33, 233.00
521.66, 239.00
522.00, 245.00
522.33, 229.00
522.66, 232.00
522.99, 234.00
523.32, 229.00
523.65, 228.00
523.99, 225.00
524.32, 232.00
524.65, 226.00
524.98, 229.00
525.31, 224.00
525.65, 258.00
525.98, 230.00
526.31, 217.00
526.64, 233.00
526.97, 228.00
527.30, 225.00
527.63, 219.00
527.97, 213.00
528.30, 212.00
528.63, 229.00
528.96, 246.00
529.29, 214.00
529.62, 223.00
529.95, 210.00
530.28, 207.00
530.61, 207.00
530.95, 210.00
531.28, 216.00
531.61, 218.00
531.94, 234.00
532.27, 235.00
532.60, 224.00
532.93, 222.00
533.26, 210.00
533.59, 214.00
533.92, 212.00
534.25, 199.00
534.58, 244.00
534.91, 214.00
535.25, 207.00
535.58, 206.00
535.91, 203.00
536.24, 209.00
536.57, 216.00
536.90, 203.00
537.23, 203.00
537.56, 243.00
537.89, 213.00
538.22, 202.00
538.55, 196.00
538.88, 213.00
539.21, 323.00
539.54, 209.00
539.87, 201.00
540.20, 206.00
540.53, 197.00
540.86, 235.00
541.19, 203.00
541.52, 205.00
541.85, 209.00
542.18, 221.00
542.51, 221.00
542.84, 224.00
543.17, 225.00
543.50, 212.00
543.82, 220.00
544.15, 224.00
544.48, 221.00
544.81, 216.00
545.14, 235.00
545.47, 207.00
545.80, 249.00
546.13, 211.00
546.46, 255.00
546.79, 235.00
547.12, 205.00
547.45, 207.00
547.78, 213.00
548.10, 209.00
548.43, 209.00
548.76, 201.00
549.09, 203.00
549.42, 214.00
549.75, 206.00
550.08, 214.00
550.41, 210.00
550.74, 214.00
551.06, 204.00
551.39, 220.00
551.72, 207.00
552.05, 212.00
552.38, 210.00
552.71, 210.00
553.03, 210.00
553.36, 211.00
553.69, 215.00
554.02, 210.00
554.35, 214.00
554.68, 215.00
555.00, 213.00
555.33, 201.00
555.66, 213.00
555.99, 233.00
556.32, 221.00
556.64, 223.00
556.97, 235.00
557.30, 229.00
557.63, 231.00
557.96, 238.00
558.28, 236.00
558.61, 231.00
558.94, 230.00
559.27, 225.00
559.59, 235.00
559.92, 225.00
560.25, 221.00
560.58, 230.00
560.90, 229.00
561.23, 222.00
561.56, 223.00
561.89, 220.00
562.21, 217.00
562.54, 217.00
562.87, 205.00
563.20, 210.00
563.52, 193.00
563.85, 201.00
564.18, 214.00
564.50, 202.00
564.83, 235.00
565.16, 258.00
565.48, 192.00
565.81, 202.00
566.14, 199.00
566.47, 192.00
566.79, 197.00
567.12, 199.00
567.45, 229.00
567.77, 196.00
568.10, 192.00
568.43, 198.00
568.75, 189.00
569.08, 199.00
569.40, 235.00
569.73, 194.00
570.06, 198.00
570.38, 197.00
570.71, 195.00
571.04, 193.00
571.36, 201.00
571.69, 194.00
572.01, 190.00
572.34, 193.00
572.67, 198.00
572.99, 198.00
573.32, 214.00
573.64, 196.00
573.97, 195.00
574.30, 196.00
574.62, 198.00
574.95, 197.00
575.27, 200.00
575.60, 183.00
575.92, 193.00
576.25, 196.00
576.58, 202.00
576.90, 200.00
577.23, 231.00
577.55, 193.00
577.88, 194.00
578.20, 201.00
578.53, 196.00
578.85, 210.00
579.18, 202.00
579.50, 191.00
579.83, 193.00
580.15, 194.00
580.48, 194.00
580.80, 197.00
581.13, 194.00
581.45, 192.00
581.78, 190.00
582.10, 202.00
582.43, 197.00
582.75, 197.00
583.08, 199.00
583.40, 189.00
583.73, 267.00
584.05, 202.00
584.38, 201.00
584.70, 244.00
585.03, 202.00
585.35, 193.00
585.67, 205.00
586.00, 227.00
586.32, 246.00
586.65, 259.00
586.97, 251.00
587.30, 249.00
587.62, 227.00
587.94, 234.00
588.27, 216.00
588.59, 208.00
588.92, 203.00
589.24, 197.00
589.56, 207.00
589.89, 207.00
590.21, 208.00
590.54, 198.00
590.86, 197.00
591.18, 203.00
591.51, 201.00
591.83, 213.00
592.15, 204.00
592.48, 207.00
592.80, 212.00
593.13, 208.00
593.45, 214.00
593.77, 214.00
594.10, 230.00
594.42, 225.00
594.74, 234.00
595.07, 231.00
595.39, 228.00
595.71, 232.00
596.03, 233.00
596.36, 238.00
596.68, 248.00
597.00, 248.00
597.33, 242.00
597.65, 255.00
597.97, 245.00
598.30, 250.00
598.62, 240.00
598.94, 238.00
599.26, 245.00
599.59, 246.00
599.91, 248.00
600.23, 231.00
600.55, 231.00
600.88, 225.00
601.20, 218.00
601.52, 217.00
601.84, 215.00
602.17, 206.00
602.49, 200.00
602.81, 197.00
603.13, 201.00
603.45, 206.00
603.78, 198.00
604.10, 199.00
604.42, 191.00
604.74, 198.00
605.07, 198.00
605.39, 189.00
605.71, 193.00
606.03, 188.00
606.35, 189.00
606.67, 202.00
607.00, 192.00
607.32, 188.00
607.64, 191.00
607.96, 184.00
608.28, 187.00
608.60, 182.00
608.93, 186.00
609.25, 192.00
609.57, 187.00
609.89, 192.00
610.21, 177.00
610.53, 178.00
610.85, 180.00
611.17, 185.00
611.50, 182.00
611.82, 184.00
612.14, 177.00
612.46, 181.00
612.78, 183.00
613.10, 186.00
613.42, 184.00
613.74, 191.00
614.06, 226.00
614.38, 217.00
614.70, 226.00
615.03, 225.00
615.35, 216.00
615.67, 320.00
615.99, 196.00
616.31, 191.00
616.63, 190.00
616.95, 187.00
617.27, 185.00
617.59, 182.00
617.91, 186.00
618.23, 189.00
618.55, 177.00
618.87, 175.00
619.19, 176.00
619.51, 172.00
619.83, 175.00
620.15, 177.00
620.47, 176.00
620.79, 173.00
621.11, 179.00
621.43, 175.00
621.75, 188.00
622.07, 184.00
622.39, 182.00
622.71, 182.00
623.03, 175.00
623.35, 216.00
623.67, 180.00
623.99, 171.00
624.31, 175.00
624.63, 179.00
624.95, 172.00
625.26, 178.00
625.58, 179.00
625.90, 202.00
626.22, 177.00
626.54, 183.00
626.86, 184.00
627.18, 174.00
627.50, 186.00
627.82, 180.00
628.14, 180.00
628.46, 186.00
628.77, 183.00
629.09, 189.00
629.41, 189.00
629.73, 179.00
630.05, 188.00
630.37, 189.00
630.69, 195.00
631.00, 197.00
631.32, 202.00
631.64, 196.00
631.96, 193.00
632.28, 195.00
632.60, 193.00
632.92, 193.00
633.23, 200.00
633.55, 209.00
633.87, 202.00
634.19, 211.00
634.51, 219.00
634.82, 212.00
635.14, 224.00
635.46, 224.00
635.78, 214.00
636.10, 219.00
636.41, 224.00
636.73, 221.00
637.05, 218.00
637.37, 214.00
637.68, 227.00
638.00, 217.00
638.32, 224.00
638.64, 241.00
638.95, 261.00
639.27, 241.00
639.59, 237.00
639.91, 231.00
640.22, 221.00
640.54, 215.00
640.86, 212.00
641.18, 222.00
641.49, 233.00
641.81, 222.00
642.13, 226.00
642.44, 213.00
642.76, 207.00
643.08, 202.00
643.40, 212.00
643.71, 211.00
644.03, 221.00
644.35, 226.00
644.66, 233.00
644.98, 212.00
645.30, 217.00
645.61, 224.00
645.93, 206.00
646.25, 202.00
646.56, 204.00
646.88, 226.00
647.19, 192.00
647.51, 199.00
647.83, 189.00
648.14, 184.00
648.46, 192.00
648.78, 194.00
649.09, 198.00
649.41, 247.00
649.72, 205.00
650.04, 216.00
650.36, 212.00
650.67, 217.00
650.99, 216.00
651.30, 219.00
651.62, 222.00
651.93, 220.00
652.25, 233.00
652.57, 260.00
652.88, 222.00
653.20, 223.00
653.51, 221.00
653.83, 215.00
654.14, 200.00
654.46, 208.00
654.77, 208.00
655.09, 216.00
655.40, 216.00
655.72, 206.00
656.04, 204.00
656.35, 208.00
656.67, 195.00
656.98, 204.00
657.30, 201.00
657.61, 205.00
657.93, 212.00
658.24, 212.00
658.55, 247.00
658.87, 216.00
659.18, 219.00
659.50, 217.00
659.81, 215.00
660.13, 217.00
660.44, 214.00
660.76, 221.00
661.07, 229.00
661.39, 212.00
661.70, 199.00
662.01, 196.00
662.33, 192.00
662.64, 200.00
662.96, 185.00
663.27, 180.00
663.59, 181.00
663.90, 176.00
664.21, 185.00
664.53, 209.00
664.84, 188.00
665.16, 204.00
665.47, 187.00
665.78, 190.00
666.10, 198.00
666.41, 206.00
666.72, 211.00
667.04, 213.00
667.35, 201.00
667.67, 205.00
667.98, 198.00
668.29, 199.00
668.61, 194.00
668.92, 194.00
669.23, 193.00
669.55, 194.00
669.86, 216.00
670.17, 193.00
670.48, 191.00
670.80, 184.00
671.11, 187.00
671.42, 180.00
671.74, 187.00
672.05, 178.00
672.36, 187.00
672.68, 187.00
672.99, 186.00
673.30, 195.00
673.61, 201.00
673.93, 194.00
674.24, 207.00
674.55, 206.00
674.86, 205.00
675.18, 218.00
675.49, 216.00
675.80, 210.00
676.11, 204.00
676.43, 224.00
676.74, 215.00
677.05, 211.00
677.36, 218.00
677.67, 212.00
677.99, 209.00
678.30, 201.00
678.61, 195.00
678.92, 196.00
679.23, 190.00
679.55, 189.00
679.86, 190.00
680.17, 187.00
680.48, 190.00
680.79, 185.00
681.10, 174.00
681.42, 184.00
681.73, 176.00
682.04, 169.00
682.35, 172.00
682.66, 180.00
682.97, 182.00
683.28, 176.00
683.60, 179.00
683.91, 178.00
684.22, 197.00
684.53, 175.00
684.84, 173.00
685.15, 175.00
685.46, 201.00
685.77, 167.00
686.08, 175.00
686.40, 206.00
686.71, 172.00
687.02, 167.00
687.33, 170.00
687.64, 161.00
687.95, 162.00
688.26, 158.00
688.57, 158.00
688.88, 156.00
689.19, 170.00
689.50, 156.00
689.81, 165.00
690.12, 156.00
690.43, 179.00
690.74, 159.00
691.05, 153.00
691.36, 171.00
691.67, 158.00
691.98, 161.00
692.29, 159.00
692.60, 163.00
692.91, 161.00
693.22, 165.00
693.53, 160.00
693.84, 163.00
694.15, 158.00
694.46, 153.00
694.77, 157.00
695.08, 163.00
695.39, 166.00
695.70, 154.00
696.01, 162.00
696.32, 155.00
696.63, 154.00
696.94, 163.00
697.25, 154.00
697.56, 163.00
697.87, 170.00
698.17, 204.00
698.48, 164.00
698.79, 163.00
699.10, 158.00
699.41, 167.00
699.72, 158.00
700.03, 161.00
700.34, 159.00
700.65, 160.00
700.95, 152.00
701.26, 157.00
701.57, 160.00
701.88, 160.00
702.19, 173.00
702.50, 162.00
702.81, 160.00
703.11, 186.00
703.42, 157.00
703.73, 168.00
704.04, 168.00
704.35, 171.00
704.66, 190.00
704.96, 276.00
705.27, 338.00
705.58, 358.00
705.89, 334.00
706.20, 286.00
706.50, 259.00
706.81, 239.00
707.12, 210.00
707.43, 190.00
707.73, 187.00
708.04, 164.00
708.35, 169.00
708.66, 158.00
708.97, 160.00
709.27, 163.00
709.58, 161.00
709.89, 155.00
710.19, 157.00
710.50, 160.00
710.81, 151.00
711.12, 163.00
711.42, 154.00
711.73, 165.00
712.04, 156.00
712.35, 157.00
712.65, 162.00
712.96, 166.00
713.27, 163.00
713.57, 188.00
713.88, 179.00
714.19, 159.00
714.49, 163.00
714.80, 163.00
715.11, 163.00
715.41, 156.00
715.72, 162.00
716.03, 163.00
716.33, 171.00
716.64, 155.00
716.94, 162.00
717.25, 150.00
717.56, 169.00
717.86, 157.00
718.17, 153.00
718.48, 148.00
718.78, 157.00
719.09, 155.00
719.39, 151.00
719.70, 154.00
720.01, 157.00
720.31, 155.00
720.62, 158.00
720.92, 156.00
721.23, 166.00
721.53, 165.00
721.84, 162.00
722.15, 166.00
722.45, 159.00
722.76, 161.00
723.06, 161.00
723.37, 159.00
723.67, 161.00
723.98, 165.00
724.28, 164.00
724.59, 178.00
724.89, 167.00
725.20, 160.00
725.50, 177.00
725.81, 162.00
726.11, 161.00
726.42, 165.00
726.72, 172.00
727.03, 206.00
727.33, 170.00
727.64, 168.00
727.94, 163.00
728.25, 161.00
728.55, 157.00
728.86, 177.00
729.16, 160.00
729.46, 152.00
729.77, 155.00
730.07, 156.00
730.38, 146.00
730.68, 152.00
730.99, 167.00
731.29, 156.00
731.59, 156.00
731.90, 156.00
732.20, 157.00
732.51, 163.00
732.81, 155.00
733.11, 159.00
733.42, 161.00
733.72, 164.00
734.02, 166.00
734.33, 163.00
734.63, 159.00
734.94, 159.00
735.24, 162.00
735.54, 161.00
735.85, 161.00
736.15, 163.00
736.45, 161.00
736.76, 161.00
737.06, 162.00
737.36, 162.00
737.67, 158.00
737.97, 162.00
738.27, 156.00
738.57, 154.00
738.88, 152.00
739.18, 195.00
739.48, 162.00
739.79, 154.00
740.09, 159.00
740.39, 161.00
740.69, 159.00
741.00, 151.00
741.30, 158.00
741.60, 156.00
741.90, 156.00
742.21, 157.00
742.51, 207.00
742.81, 165.00
743.11, 166.00
743.42, 192.00
743.72, 169.00
744.02, 175.00
744.32, 174.00
744.63, 186.00
744.93, 183.00
745.23, 184.00
745.53, 183.00
745.83, 175.00
746.13, 178.00
746.44, 182.00
746.74, 187.00
747.04, 183.00
747.34, 185.00
747.64, 181.00
747.94, 183.00
748.25, 183.00
748.55, 184.00
748.85, 182.00
749.15, 194.00
749.45, 212.00
749.75, 204.00
750.05, 181.00
750.35, 174.00
750.66, 181.00
750.96, 168.00
751.26, 163.00
751.56, 158.00
751.86, 166.00
752.16, 167.00
752.46, 156.00
752.76, 155.00
753.06, 160.00
753.36, 193.00
753.66, 158.00
753.96, 163.00
754.27, 156.00
754.57, 159.00
754.87, 162.00
755.17, 158.00
755.47, 158.00
755.77, 160.00
756.07, 166.00
756.37, 170.00
756.67, 174.00
756.97, 168.00
757.27, 178.00
757.57, 169.00
757.87, 165.00
758.17, 171.00
758.47, 174.00
758.77, 174.00
759.07, 164.00
759.37, 171.00
759.67, 175.00
759.97, 174.00
760.27, 174.00
760.57, 172.00
760.86, 168.00
761.16, 164.00
761.46, 162.00
761.76, 191.00
762.06, 160.00
762.36, 169.00
762.66, 160.00
762.96, 158.00
763.26, 154.00
763.56, 189.00
763.86, 161.00
764.16, 154.00
764.45, 170.00
764.75, 154.00
765.05, 153.00
765.35, 153.00
765.65, 154.00
765.95, 156.00
766.25, 158.00
766.55, 163.00
766.84, 164.00
767.14, 161.00
767.44, 161.00
767.74, 164.00
768.04, 168.00
768.34, 164.00
768.63, 162.00
768.93, 163.00
769.23, 176.00
769.53, 171.00
769.83, 164.00
770.12, 165.00
770.42, 168.00
770.72, 170.00
771.02, 166.00
771.32, 172.00
771.61, 167.00
771.91, 171.00
772.21, 173.00
772.51, 173.00
772.80, 168.00
773.10, 170.00
773.40, 170.00
773.70, 168.00
773.99, 171.00
774.29, 176.00
774.59, 177.00
774.88, 168.00
775.18, 210.00
775.48, 463.00
775.78, 857.00
776.07, 1128.00
776.37, 1171.00
776.67, 914.00
776.96, 612.00
777.26, 528.00
777.56, 404.00
777.85, 359.00
778.15, 322.00
778.45, 293.00
778.74, 256.00
779.04, 221.00
779.34, 187.00
779.63, 176.00
779.93, 157.00
780.22, 158.00
780.52, 157.00
780.82, 148.00
781.11, 151.00
781.41, 149.00
781.71, 152.00
782.00, 148.00
782.30, 158.00
782.59, 157.00
782.89, 151.00
783.19, 146.00
783.48, 147.00
783.78, 148.00
784.07, 155.00
784.37, 156.00
784.66, 148.00
784.96, 153.00
785.25, 148.00
785.55, 149.00
785.84, 156.00
786.14, 150.00
786.44, 149.00
786.73, 151.00
787.03, 153.00
787.32, 149.00
787.62, 147.00
787.91, 148.00
788.21, 156.00
788.50, 145.00
788.80, 151.00
789.09, 151.00
789.39, 155.00
789.68, 147.00
789.97, 152.00
790.27, 149.00
790.56, 152.00
790.86, 156.00
791.15, 149.00
791.45, 147.00
791.74, 167.00
792.04, 147.00
792.33, 144.00
792.62, 171.00
792.92, 146.00
793.21, 149.00
793.51, 151.00
793.80, 151.00
794.09, 148.00
794.39, 146.00
794.68, 143.00
794.98, 146.00
795.27, 146.00
795.56, 144.00
795.86, 147.00
796.15, 147.00
796.44, 148.00
796.74, 144.00
797.03, 147.00
797.32, 140.00
797.62, 141.00
797.91, 155.00
798.20, 151.00
798.50, 157.00
798.79, 159.00
799.08, 148.00
799.38, 146.00
799.67, 141.00
799.96, 158.00
800.26, 172.00
800.55, 150.00
800.84, 151.00
801.13, 149.00
801.43, 146.00
801.72, 186.00
802.01, 153.00
802.30, 146.00
802.60, 144.00
802.89, 153.00
803.18, 147.00
803.47, 147.00
803.77, 152.00
804.06, 151.00
804.35, 154.00
804.64, 167.00
804.94, 149.00
805.23, 146.00
805.52, 147.00
805.81, 150.00
806.10, 149.00
806.39, 148.00
806.69, 152.00
806.98, 149.00
807.27, 145.00
807.56, 150.00
807.85, 152.00
808.14, 149.00
808.44, 156.00
808.73, 149.00
809.02, 164.00
809.31, 147.00
809.60, 154.00
809.89, 158.00
810.18, 146.00
810.48, 151.00
810.77, 149.00
811.06, 149.00
811.35, 141.00
811.64, 148.00
811.93, 172.00
812.22, 141.00
812.51, 149.00
812.80, 145.00
813.09, 144.00
813.38, 146.00
813.67, 159.00
813.96, 151.00
814.26, 142.00
814.55, 142.00
814.84, 148.00
815.13, 148.00
815.42, 151.00
815.71, 148.00
816.00, 146.00
816.29, 157.00
816.58, 148.00
816.87, 146.00
817.16, 144.00
817.45, 151.00
817.74, 153.00
818.03, 149.00
818.32, 147.00
818.61, 141.00
818.90, 152.00
819.19, 150.00
819.48, 146.00
819.76, 144.00
820.05, 146.00
820.34, 149.00
820.63, 149.00
820.92, 146.00
821.21, 140.00
821.50, 148.00
821.79, 143.00
822.08, 146.00
822.37, 143.00
822.66, 146.00
822.95, 151.00
823.23, 139.00
823.52, 169.00
823.81, 145.00
824.10, 145.00
824.39, 146.00
824.68, 142.00
824.97, 166.00
825.26, 141.00
825.54, 191.00
825.83, 146.00
826.12, 144.00
826.41, 145.00
826.70, 144.00
826.99, 144.00
827.27, 143.00
827.56, 164.00
827.85, 143.00
828.14, 140.00
828.43, 147.00
828.71, 148.00
829.00, 143.00
829.29, 146.00
829.58, 150.00
829.86, 144.00
830.15, 145.00
830.44, 148.00
830.73, 152.00
831.01, 141.00
831.30, 142.00
831.59, 148.00
831.88, 142.00
832.16, 142.00
832.45, 150.00
832.74, 144.00
833.03, 142.00
833.31, 143.00
833.60, 139.00
833.89, 137.00
834.17, 147.00
834.46, 141.00
834.75, 138.00
835.03, 144.00
835.32, 142.00
835.61, 142.00
835.89, 157.00
836.18, 143.00
836.47, 143.00
836.75, 147.00
837.04, 150.00
837.33, 148.00
837.61, 143.00
837.90, 146.00
838.19, 139.00
838.47, 140.00
838.76, 144.00
839.04, 142.00
839.33, 142.00
839.62, 141.00
839.90, 145.00
840.19, 143.00
840.47, 140.00
840.76, 174.00
841.04, 144.00
841.33, 148.00
841.62, 144.00
841.90, 143.00
842.19, 142.00
842.47, 174.00
842.76, 150.00
843.04, 152.00
843.33, 175.00
843.61, 166.00
843.90, 168.00
844.18, 169.00
844.47, 162.00
844.75, 161.00
845.04, 156.00
845.32, 155.00
845.61, 149.00
845.89, 152.00
846.18, 156.00
846.46, 151.00
846.75, 147.00
847.03, 160.00
847.32, 146.00
847.60, 145.00
847.88, 148.00
848.17, 145.00
848.45, 163.00
848.74, 149.00
849.02, 145.00
849.31, 142.00
849.59, 145.00
849.87, 146.00
850.16, 145.00
850.44, 147.00
850.73, 177.00
851.01, 144.00
851.29, 144.00
851.58, 148.00
851.86, 142.00
852.14, 139.00
852.43, 146.00
852.71, 144.00
853.00, 141.00
853.28, 150.00
853.56, 147.00
853.85, 144.00
854.13, 141.00
854.41, 140.00
854.69, 145.00
854.98, 140.00
855.26, 204.00
855.54, 144.00
855.83, 147.00
856.11, 150.00
856.39, 146.00
856.68, 142.00
856.96, 143.00
857.24, 141.00
857.52, 149.00
857.81, 143.00
858.09, 143.00
858.37, 143.00
858.65, 146.00
858.94, 146.00
859.22, 145.00
