190.05, 0.00
190.41, 130.00
190.77, 134.00
191.14, 129.00
191.50, 132.00
191.86, 160.00
192.22, 141.00
192.58, 146.00
192.94, 144.00
193.31, 142.00
193.67, 141.00
194.03, 148.00
194.39, 145.00
194.75, 141.00
195.11, 149.00
195.47, 159.00
195.84, 143.00
196.20, 141.00
196.56, 158.00
196.92, 141.00
197.28, 153.00
197.64, 140.00
198.00, 145.00
198.37, 148.00
198.73, 145.00
199.09, 142.00
199.45, 143.00
199.81, 146.00
200.17, 147.00
200.53, 147.00
200.89, 153.00
201.25, 183.00
201.62, 142.00
201.98, 142.00
202.34, 149.00
202.70, 150.00
203.06, 140.00
203.42, 142.00
203.78, 143.00
204.14, 140.00
204.50, 172.00
204.86, 154.00
205.22, 152.00
205.58, 148.00
205.95, 147.00
206.31, 140.00
206.67, 144.00
207.03, 147.00
207.39, 155.00
207.75, 141.00
208.11, 143.00
208.47, 146.00
208.83, 152.00
209.19, 147.00
209.55, 145.00
209.91, 147.00
210.27, 147.00
210.63, 143.00
210.99, 156.00
211.35, 148.00
211.71, 151.00
212.07, 151.00
212.43, 151.00
212.79, 147.00
213.15, 150.00
213.51, 149.00
213.87, 147.00
214.23, 145.00
214.59, 147.00
214.95, 142.00
215.31, 141.00
215.67, 154.00
216.03, 175.00
216.39, 140.00
216.75, 147.00
217.11, 155.00
217.47, 146.00
217.83, 137.00
218.19, 148.00
218.55, 149.00
218.91, 147.00
219.27, 146.00
219.63, 143.00
219.99, 144.00
220.35, 141.00
220.71, 153.00
221.07, 149.00
221.43, 147.00
221.79, 148.00
222.15, 146.00
222.51, 151.00
222.87, 146.00
223.23, 145.00
223.59, 144.00
223.95, 147.00
224.31, 145.00
224.67, 143.00
225.03, 150.00
225.39, 152.00
225.74, 149.00
226.10, 142.00
226.46, 142.00
226.82, 153.00
227.18, 152.00
227.54, 151.00
227.90, 148.00
228.26, 153.00
228.62, 151.00
228.98, 140.00
229.34, 144.00
229.69, 145.00
230.05, 143.00
230.41, 144.00
230.77, 153.00
231.13, 152.00
231.49, 151.00
231.85, 145.00
232.21, 155.00
232.57, 147.00
232.92, 142.00
233.28, 142.00
233.64, 146.00
234.00, 143.00
234.36, 145.00
234.72, 143.00
235.08, 143.00
235.44, 151.00
235.79, 143.00
236.15, 143.00
236.51, 139.00
236.87, 146.00
237.23, 149.00
237.59, 144.00
237.94, 152.00
238.30, 147.00
238.66, 145.00
239.02, 141.00
239.38, 143.00
239.74, 143.00
240.09, 151.00
240.45, 145.00
240.81, 143.00
241.17, 152.00
241.53, 145.00
241.89, 147.00
242.24, 146.00
242.60, 147.00
242.96, 150.00
243.32, 151.00
243.68, 139.00
244.03, 149.00
244.39, 146.00
244.75, 161.00
245.11, 151.00
245.46, 147.00
245.82, 170.00
246.18, 145.00
246.54, 150.00
246.90, 143.00
247.25, 141.00
247.61, 149.00
247.97, 187.00
248.33, 146.00
248.68, 141.00
249.04, 142.00
249.40, 146.00
249.76, 146.00
250.11, 138.00
250.47, 146.00
250.83, 146.00
251.19, 144.00
251.54, 155.00
251.90, 151.00
252.26, 146.00
252.62, 141.00
252.97, 151.00
253.33, 138.00
253.69, 146.00
254.05, 146.00
254.40, 135.00
254.76, 144.00
255.12, 173.00
255.47, 151.00
255.83, 147.00
256.19, 143.00
256.54, 146.00
256.90, 145.00
257.26, 146.00
257.62, 148.00
257.97, 142.00
258.33, 146.00
258.69, 141.00
259.04, 143.00
259.40, 141.00
259.76, 149.00
260.11, 142.00
260.47, 143.00
260.83, 146.00
261.18, 143.00
261.54, 149.00
261.90, 149.00
262.25, 147.00
262.61, 148.00
262.97, 142.00
263.32, 141.00
263.68, 141.00
264.04, 152.00
264.39, 142.00
264.75, 146.00
265.10, 151.00
265.46, 189.00
265.82, 154.00
266.17, 145.00
266.53, 142.00
266.89, 145.00
267.24, 150.00
267.60, 145.00
267.95, 143.00
268.31, 141.00
268.67, 140.00
269.02, 143.00
269.38, 139.00
269.74, 151.00
270.09, 145.00
270.45, 146.00
270.80, 167.00
271.16, 147.00
271.51, 155.00
271.87, 155.00
272.23, 149.00
272.58, 147.00
272.94, 140.00
273.29, 148.00
273.65, 192.00
274.00, 143.00
274.36, 150.00
274.72, 146.00
275.07, 145.00
275.43, 148.00
275.78, 152.00
276.14, 146.00
276.49, 153.00
276.85, 154.00
277.20, 172.00
277.56, 145.00
277.92, 143.00
278.27, 143.00
278.63, 151.00
278.98, 141.00
279.34, 146.00
279.69, 147.00
280.05, 170.00
280.40, 152.00
280.76, 163.00
281.11, 158.00
281.47, 154.00
281.82, 151.00
282.18, 146.00
282.53, 163.00
282.89, 165.00
283.24, 164.00
283.60, 159.00
283.95, 166.00
284.31, 167.00
284.66, 167.00
285.02, 168.00
285.37, 166.00
285.73, 168.00
286.08, 174.00
286.44, 158.00
286.79, 158.00
287.14, 158.00
287.50, 158.00
287.85, 152.00
288.21, 155.00
288.56, 154.00
288.92, 154.00
289.27, 148.00
289.63, 153.00
289.98, 161.00
290.34, 149.00
290.69, 161.00
291.04, 158.00
291.40, 152.00
291.75, 153.00
292.11, 153.00
292.46, 151.00
292.81, 157.00
293.17, 158.00
293.52, 154.00
293.88, 164.00
294.23, 171.00
294.59, 179.00
294.94, 193.00
295.29, 197.00
295.65, 205.00
296.00, 221.00
296.36, 203.00
296.71, 190.00
297.06, 202.00
297.42, 206.00
297.77, 199.00
298.12, 189.00
298.48, 180.00
298.83, 183.00
299.19, 176.00
299.54, 180.00
299.89, 180.00
300.25, 179.00
300.60, 182.00
300.95, 172.00
301.31, 160.00
301.66, 157.00
302.01, 159.00
302.37, 166.00
302.72, 162.00
303.07, 159.00
303.43, 168.00
303.78, 179.00
304.13, 172.00
304.49, 176.00
304.84, 181.00
305.19, 217.00
305.55, 171.00
305.90, 187.00
306.25, 218.00
306.61, 284.00
306.96, 326.00
307.31, 422.00
307.66, 558.00
308.02, 726.00
308.37, 852.00
308.72, 956.00
309.08, 961.00
309.43, 927.00
309.78, 783.00
310.13, 684.00
310.49, 608.00
310.84, 481.00
311.19, 441.00
311.54, 397.00
311.90, 347.00
312.25, 329.00
312.60, 339.00
312.95, 397.00
313.31, 444.00
313.66, 457.00
314.01, 450.00
314.36, 450.00
314.72, 509.00
315.07, 654.00
315.42, 814.00
315.77, 862.00
316.13, 691.00
316.48, 481.00
316.83, 332.00
317.18, 256.00
317.54, 201.00
317.89, 182.00
318.24, 184.00
318.59, 178.00
318.94, 173.00
319.30, 170.00
319.65, 173.00
320.00, 177.00
320.35, 177.00
320.70, 183.00
321.05, 174.00
321.41, 180.00
321.76, 178.00
322.11, 172.00
322.46, 175.00
322.81, 208.00
323.17, 168.00
323.52, 164.00
323.87, 170.00
324.22, 168.00
324.57, 172.00
324.92, 173.00
325.27, 178.00
325.63, 190.00
325.98, 188.00
326.33, 204.00
326.68, 199.00
327.03, 199.00
327.38, 201.00
327.73, 216.00
328.09, 225.00
328.44, 260.00
328.79, 218.00
329.14, 252.00
329.49, 211.00
329.84, 209.00
330.19, 218.00
330.54, 215.00
330.89, 213.00
331.25, 189.00
331.60, 191.00
331.95, 187.00
332.30, 188.00
332.65, 194.00
333.00, 222.00
333.35, 271.00
333.70, 273.00
334.05, 251.00
334.40, 267.00
334.75, 302.00
335.10, 414.00
335.45, 600.00
335.81, 865.00
336.16, 1261.00
336.51, 1825.00
336.86, 1823.00
337.21, 1633.00
337.56, 996.00
337.91, 596.00
338.26, 371.00
338.61, 255.00
338.96, 221.00
339.31, 198.00
339.66, 189.00
340.01, 197.00
340.36, 180.00
340.71, 177.00
341.06, 173.00
341.41, 177.00
341.76, 179.00
342.11, 179.00
342.46, 174.00
342.81, 186.00
343.16, 174.00
343.51, 172.00
343.86, 183.00
344.21, 183.00
344.56, 181.00
344.91, 176.00
345.26, 186.00
345.61, 175.00
345.96, 174.00
346.31, 171.00
346.66, 202.00
347.01, 178.00
347.36, 197.00
347.71, 178.00
348.06, 179.00
348.41, 200.00
348.76, 202.00
349.10, 214.00
349.45, 227.00
349.80, 220.00
350.15, 220.00
350.50, 213.00
350.85, 218.00
351.20, 225.00
351.55, 269.00
351.90, 314.00
352.25, 400.00
352.60, 491.00
352.95, 646.00
353.30, 711.00
353.64, 630.00
353.99, 484.00
354.34, 423.00
354.69, 382.00
355.04, 399.00
355.39, 461.00
355.74, 603.00
356.09, 787.00
356.44, 981.00
356.78, 1313.00
357.13, 1502.00
357.48, 1437.00
357.83, 1083.00
358.18, 718.00
358.53, 460.00
358.88, 300.00
359.22, 232.00
359.57, 189.00
359.92, 186.00
360.27, 185.00
360.62, 187.00
360.97, 184.00
361.32, 185.00
361.66, 188.00
362.01, 185.00
362.36, 190.00
362.71, 192.00
363.06, 197.00
363.40, 197.00
363.75, 196.00
364.10, 203.00
364.45, 198.00
364.80, 192.00
365.14, 192.00
365.49, 194.00
365.84, 197.00
366.19, 208.00
366.54, 216.00
366.88, 229.00
367.23, 210.00
367.58, 243.00
367.93, 190.00
368.28, 186.00
368.62, 190.00
368.97, 211.00
369.32, 234.00
369.67, 233.00
370.01, 291.00
370.36, 307.00
370.71, 329.00
371.06, 277.00
371.40, 249.00
371.75, 210.00
372.10, 207.00
372.45, 201.00
372.79, 222.00
373.14, 241.00
373.49, 277.00
373.83, 335.00
374.18, 411.00
374.53, 519.00
374.88, 580.00
375.22, 581.00
375.57, 467.00
375.92, 354.00
376.26, 286.00
376.61, 223.00
376.96, 200.00
377.30, 211.00
377.65, 234.00
378.00, 254.00
378.35, 310.00
378.69, 387.00
379.04, 480.00
379.39, 633.00
379.73, 761.00
380.08, 772.00
380.43, 601.00
380.77, 436.00
381.12, 353.00
381.47, 283.00
381.81, 227.00
382.16, 202.00
382.50, 201.00
382.85, 265.00
383.20, 199.00
383.54, 204.00
383.89, 212.00
384.24, 216.00
384.58, 227.00
384.93, 255.00
385.27, 251.00
385.62, 249.00
385.97, 258.00
386.31, 243.00
386.66, 274.00
387.00, 248.00
387.35, 261.00
387.70, 284.00
388.04, 399.00
388.39, 399.00
388.73, 493.00
389.08, 610.00
389.43, 747.00
389.77, 896.00
390.12, 1088.00
390.46, 1538.00
390.81, 1695.00
391.15, 1647.00
391.50, 1232.00
391.85, 784.00
392.19, 550.00
392.54, 369.00
392.88, 289.00
393.23, 285.00
393.57, 305.00
393.92, 296.00
394.26, 256.00
394.61, 221.00
394.95, 216.00
395.30, 186.00
395.64, 182.00
395.99, 224.00
396.33, 199.00
396.68, 195.00
397.02, 200.00
397.37, 218.00
397.71, 241.00
398.06, 267.00
398.40, 304.00
398.75, 360.00
399.09, 393.00
399.44, 402.00
399.78, 332.00
400.13, 277.00
400.47, 224.00
400.82, 196.00
401.16, 185.00
401.51, 186.00
401.85, 181.00
402.20, 194.00
402.54, 189.00
402.88, 205.00
403.23, 209.00
403.57, 221.00
403.92, 244.00
404.26, 327.00
404.61, 313.00
404.95, 391.00
405.30, 368.00
405.64, 355.00
405.98, 318.00
406.33, 260.00
406.67, 218.00
407.02, 204.00
407.36, 203.00
407.70, 207.00
408.05, 217.00
408.39, 215.00
408.74, 225.00
409.08, 232.00
409.42, 212.00
409.77, 208.00
410.11, 212.00
410.46, 198.00
410.80, 219.00
411.14, 215.00
411.49, 226.00
411.83, 238.00
412.17, 231.00
412.52, 241.00
412.86, 247.00
413.20, 249.00
413.55, 252.00
413.89, 241.00
414.23, 227.00
414.58, 254.00
414.92, 209.00
415.26, 199.00
415.61, 194.00
415.95, 200.00
416.29, 210.00
416.64, 209.00
416.98, 213.00
417.32, 220.00
417.67, 253.00
418.01, 263.00
418.35, 273.00
418.70, 299.00
419.04, 348.00
419.38, 324.00
419.72, 320.00
420.07, 283.00
420.41, 241.00
420.75, 221.00
421.10, 206.00
421.44, 208.00
421.78, 203.00
422.12, 208.00
422.47, 203.00
422.81, 228.00
423.15, 236.00
423.49, 234.00
423.84, 225.00
424.18, 246.00
424.52, 257.00
424.86, 300.00
425.21, 375.00
425.55, 409.00
425.89, 489.00
426.23, 572.00
426.57, 695.00
426.92, 751.00
427.26, 782.00
427.60, 643.00
427.94, 463.00
428.28, 353.00
428.63, 280.00
428.97, 233.00
429.31, 204.00
429.65, 188.00
429.99, 192.00
430.34, 192.00
430.68, 187.00
431.02, 199.00
431.36, 194.00
431.70, 199.00
432.04, 198.00
432.39, 210.00
432.73, 214.00
433.07, 228.00
433.41, 245.00
433.75, 247.00
434.09, 246.00
434.43, 222.00
434.78, 205.00
435.12, 209.00
435.46, 209.00
435.80, 205.00
436.14, 223.00
436.48, 211.00
436.82, 223.00
437.16, 222.00
437.51, 211.00
437.85, 211.00
438.19, 254.00
438.53, 207.00
438.87, 225.00
439.21, 215.00
439.55, 225.00
439.89, 228.00
440.23, 238.00
440.57, 246.00
440.91, 245.00
441.26, 235.00
441.60, 217.00
441.94, 226.00
442.28, 213.00
442.62, 209.00
442.96, 204.00
443.30, 202.00
443.64, 197.00
443.98, 202.00
444.32, 204.00
444.66, 181.00
445.00, 192.00
445.34, 210.00
445.68, 197.00
446.02, 205.00
446.36, 204.00
446.70, 203.00
447.04, 206.00
447.38, 240.00
447.72, 209.00
448.06, 213.00
448.40, 214.00
448.74, 205.00
449.08, 210.00
449.42, 203.00
449.76, 194.00
450.10, 191.00
450.44, 197.00
450.78, 192.00
451.12, 202.00
451.46, 201.00
451.80, 206.00
452.14, 194.00
452.48, 186.00
452.82, 186.00
453.16, 184.00
453.50, 193.00
453.84, 189.00
454.18, 234.00
454.52, 203.00
454.86, 200.00
455.19, 227.00
455.53, 211.00
455.87, 206.00
456.21, 220.00
456.55, 215.00
456.89, 216.00
457.23, 221.00
457.57, 214.00
457.91, 217.00
458.25, 208.00
458.59, 224.00
458.92, 242.00
459.26, 235.00
459.60, 238.00
459.94, 229.00
460.28, 209.00
460.62, 209.00
460.96, 193.00
461.30, 186.00
461.63, 183.00
461.97, 198.00
462.31, 195.00
462.65, 205.00
462.99, 205.00
463.33, 209.00
463.67, 211.00
464.00, 214.00
464.34, 221.00
464.68, 223.00
465.02, 235.00
465.36, 228.00
465.70, 223.00
466.03, 223.00
466.37, 207.00
466.71, 220.00
467.05, 219.00
467.39, 230.00
467.72, 249.00
468.06, 253.00
468.40, 272.00
468.74, 281.00
469.08, 278.00
469.41, 305.00
469.75, 331.00
470.09, 360.00
470.43, 356.00
470.76, 310.00
471.10, 295.00
471.44, 281.00
471.78, 262.00
472.11, 248.00
472.45, 242.00
472.79, 227.00
473.13, 235.00
473.46, 237.00
473.80, 223.00
474.14, 225.00
474.48, 222.00
474.81, 217.00
475.15, 214.00
475.49, 222.00
475.82, 216.00
476.16, 212.00
476.50, 212.00
476.84, 210.00
477.17, 205.00
477.51, 214.00
477.85, 205.00
478.18, 227.00
478.52, 212.00
478.86, 264.00
479.19, 230.00
479.53, 213.00
479.87, 257.00
480.20, 224.00
480.54, 222.00
480.88, 213.00
481.21, 221.00
481.55, 208.00
481.89, 204.00
482.22, 218.00
482.56, 217.00
482.90, 210.00
483.23, 210.00
483.57, 215.00
483.90, 217.00
484.24, 216.00
484.58, 219.00
484.91, 215.00
485.25, 221.00
485.58, 216.00
485.92, 222.00
486.26, 220.00
486.59, 225.00
486.93, 225.00
487.26, 220.00
487.60, 232.00
487.94, 220.00
488.27, 228.00
488.61, 221.00
488.94, 229.00
489.28, 223.00
489.61, 219.00
489.95, 225.00
490.29, 231.00
490.62, 233.00
490.96, 228.00
491.29, 237.00
491.63, 228.00
491.96, 222.00
492.30, 222.00
492.63, 222.00
492.97, 226.00
493.30, 225.00
493.64, 218.00
493.97, 224.00
494.31, 227.00
494.64, 236.00
494.98, 230.00
495.31, 233.00
495.65, 222.00
495.98, 228.00
496.32, 227.00
496.65, 254.00
496.99, 216.00
497.32, 215.00
497.66, 214.00
497.99, 211.00
498.33, 208.00
498.66, 216.00
499.00, 218.00
499.33, 211.00
499.67, 212.00
500.00, 218.00
500.34, 226.00
500.67, 232.00
501.00, 225.00
501.34, 222.00
501.67, 224.00
502.01, 222.00
502.34, 222.00
502.68, 234.00
503.01, 238.00
503.34, 232.00
503.68, 235.00
504.01, 235.00
504.35, 239.00
504.68, 236.00
505.01, 244.00
505.35, 235.00
505.68, 239.00
506.02, 240.00
506.35, 247.00
506.68, 260.00
507.02, 238.00
507.35, 237.00
507.68, 247.00
508.02, 243.00
508.35, 239.00
508.69, 234.00
509.02, 227.00
509.35, 235.00
509.69, 227.00
510.02, 235.00
510.35, 230.00
510.69, 228.00
511.02, 222.00
511.35, 226.00
511.69, 223.00
512.02, 222.00
512.35, 232.00
512.68, 220.00
513.02, 226.00
513.35, 226.00
513.68, 220.00
514.02, 226.00
514.35, 221.00
514.68, 217.00
515.01, 210.00
515.35, 217.00
515.68, 216.00
516.01, 214.00
516.35, 209.00
516.68, 212.00
517.01, 211.00
517.34, 218.00
517.68, 212.00
518.01, 215.00
518.34, 214.00
518.67, 223.00
519.01, 218.00
519.34, 218.00
519.67, 226.00
520.00, 222.00
520.33, 228.00
520.67, 223.00
521.00, 223.00
521.33, 242.00
521.66, 240.00
522.00, 241.00
522.33, 238.00
522.66, 226.00
522.99, 219.00
523.32, 227.00
523.65, 218.00
523.99, 220.00
524.32, 222.00
524.65, 225.00
524.98, 220.00
525.31, 224.00
525.65, 253.00
525.98, 221.00
526.31, 218.00
526.64, 223.00
526.97, 216.00
527.30, 213.00
527.63, 214.00
527.97, 213.00
528.30, 214.00
528.63, 219.00
528.96, 232.00
529.29, 205.00
529.62, 214.00
529.95, 200.00
530.28, 208.00
530.61, 205.00
530.95, 202.00
531.28, 208.00
531.61, 224.00
531.94, 217.00
532.27, 226.00
532.60, 223.00
532.93, 216.00
533.26, 213.00
533.59, 212.00
533.92, 212.00
534.25, 202.00
534.58, 244.00
534.91, 204.00
535.25, 204.00
535.58, 205.00
535.91, 202.00
536.24, 205.00
536.57, 206.00
536.90, 201.00
537.23, 205.00
537.56, 242.00
537.89, 209.00
538.22, 189.00
538.55, 195.00
538.88, 203.00
539.21, 316.00
539.54, 197.00
539.87, 197.00
540.20, 203.00
540.53, 197.00
540.86, 236.00
541.19, 202.00
541.52, 199.00
541.85, 204.00
542.18, 216.00
542.51, 218.00
542.84, 215.00
543.17, 211.00
543.50, 213.00
543.82, 208.00
544.15, 211.00
544.48, 213.00
544.81, 212.00
545.14, 241.00
545.47, 200.00
545.80, 239.00
546.13, 207.00
546.46, 247.00
546.79, 228.00
547.12, 204.00
547.45, 203.00
547.78, 206.00
548.10, 197.00
548.43, 213.00
548.76, 195.00
549.09, 203.00
549.42, 197.00
549.75, 203.00
550.08, 200.00
550.41, 211.00
550.74, 212.00
551.06, 207.00
551.39, 208.00
551.72, 198.00
552.05, 201.00
552.38, 204.00
552.71, 205.00
553.03, 203.00
553.36, 202.00
553.69, 209.00
554.02, 203.00
554.35, 213.00
554.68, 209.00
555.00, 219.00
555.33, 209.00
555.66, 212.00
555.99, 236.00
556.32, 214.00
556.64, 224.00
556.97, 233.00
557.30, 219.00
557.63, 224.00
557.96, 225.00
558.28, 235.00
558.61, 235.00
558.94, 227.00
559.27, 225.00
559.59, 226.00
559.92, 221.00
560.25, 221.00
560.58, 219.00
560.90, 222.00
561.23, 217.00
561.56, 217.00
561.89, 214.00
562.21, 207.00
562.54, 207.00
562.87, 214.00
563.20, 207.00
563.52, 203.00
563.85, 200.00
564.18, 213.00
564.50, 200.00
564.83, 231.00
565.16, 254.00
565.48, 190.00
565.81, 201.00
566.14, 184.00
566.47, 186.00
566.79, 190.00
567.12, 185.00
567.45, 215.00
567.77, 191.00
568.10, 195.00
568.43, 189.00
568.75, 190.00
569.08, 196.00
569.40, 225.00
569.73, 191.00
570.06, 191.00
570.38, 192.00
570.71, 187.00
571.04, 197.00
571.36, 188.00
571.69, 188.00
572.01, 184.00
572.34, 186.00
572.67, 197.00
572.99, 188.00
573.32, 213.00
573.64, 187.00
573.97, 185.00
574.30, 194.00
574.62, 185.00
574.95, 198.00
575.27, 195.00
575.60, 184.00
575.92, 187.00
576.25, 188.00
576.58, 199.00
576.90, 186.00
577.23, 226.00
577.55, 191.00
577.88, 189.00
578.20, 186.00
578.53, 190.00
578.85, 210.00
579.18, 204.00
579.50, 191.00
579.83, 189.00
580.15, 192.00
580.48, 191.00
580.80, 193.00
581.13, 187.00
581.45, 188.00
581.78, 190.00
582.10, 192.00
582.43, 191.00
582.75, 201.00
583.08, 190.00
583.40, 190.00
583.73, 249.00
584.05, 196.00
584.38, 184.00
584.70, 245.00
585.03, 195.00
585.35, 199.00
585.67, 201.00
586.00, 215.00
586.32, 237.00
586.65, 242.00
586.97, 246.00
587.30, 233.00
587.62, 220.00
587.94, 224.00
588.27, 206.00
588.59, 201.00
588.92, 202.00
589.24, 204.00
589.56, 197.00
589.89, 206.00
590.21, 197.00
590.54, 193.00
590.86, 193.00
591.18, 194.00
591.51, 194.00
591.83, 206.00
592.15, 193.00
592.48, 201.00
592.80, 210.00
593.13, 208.00
593.45, 202.00
593.77, 210.00
594.10, 221.00
594.42, 217.00
594.74, 218.00
595.07, 222.00
595.39, 216.00
595.71, 227.00
596.03, 223.00
596.36, 237.00
596.68, 233.00
597.00, 235.00
597.33, 240.00
597.65, 241.00
597.97, 240.00
598.30, 241.00
598.62, 239.00
598.94, 230.00
599.26, 240.00
599.59, 238.00
599.91, 238.00
600.23, 229.00
600.55, 224.00
600.88, 223.00
601.20, 214.00
601.52, 213.00
601.84, 209.00
602.17, 204.00
602.49, 198.00
602.81, 192.00
603.13, 201.00
603.45, 205.00
603.78, 195.00
604.10, 194.00
604.42, 189.00
604.74, 186.00
605.07, 190.00
605.39, 185.00
605.71, 187.00
606.03, 188.00
606.35, 180.00
606.67, 197.00
607.00, 191.00
607.32, 183.00
607.64, 184.00
607.96, 183.00
608.28, 179.00
608.60, 179.00
608.93, 175.00
609.25, 187.00
609.57, 185.00
609.89, 185.00
610.21, 181.00
610.53, 180.00
610.85, 179.00
611.17, 180.00
611.50, 178.00
611.82, 179.00
612.14, 179.00
612.46, 177.00
612.78, 178.00
613.10, 177.00
613.42, 181.00
613.74, 192.00
614.06, 231.00
614.38, 213.00
614.70, 217.00
615.03, 221.00
615.35, 212.00
615.67, 307.00
615.99, 187.00
616.31, 196.00
616.63, 190.00
616.95, 187.00
617.27, 178.00
617.59, 175.00
617.91, 179.00
618.23, 181.00
618.55, 174.00
618.87, 175.00
619.19, 175.00
619.51, 167.00
619.83, 170.00
620.15, 176.00
620.47, 180.00
620.79, 172.00
621.11, 183.00
621.43, 175.00
621.75, 183.00
622.07, 175.00
622.39, 176.00
622.71, 168.00
623.03, 168.00
623.35, 210.00
623.67, 180.00
623.99, 171.00
624.31, 174.00
624.63, 176.00
624.95, 175.00
625.26, 169.00
625.58, 178.00
625.90, 199.00
626.22, 176.00
626.54, 176.00
626.86, 176.00
627.18, 175.00
627.50, 176.00
627.82, 179.00
628.14, 174.00
628.46, 181.00
628.77, 175.00
629.09, 177.00
629.41, 184.00
629.73, 180.00
630.05, 183.00
630.37, 185.00
630.69, 191.00
631.00, 195.00
631.32, 200.00
631.64, 192.00
631.96, 187.00
632.28, 191.00
632.60, 193.00
632.92, 193.00
633.23, 192.00
633.55, 201.00
633.87, 203.00
634.19, 204.00
634.51, 199.00
634.82, 215.00
635.14, 222.00
635.46, 215.00
635.78, 216.00
636.10, 214.00
636.41, 217.00
636.73, 216.00
637.05, 215.00
637.37, 213.00
637.68, 209.00
638.00, 208.00
638.32, 217.00
638.64, 231.00
638.95, 246.00
639.27, 232.00
639.59, 223.00
639.91, 223.00
640.22, 216.00
640.54, 217.00
640.86, 204.00
641.18, 221.00
641.49, 226.00
641.81, 211.00
642.13, 222.00
642.44, 200.00
642.76, 203.00
643.08, 203.00
643.40, 214.00
643.71, 203.00
644.03, 213.00
644.35, 217.00
644.66, 218.00
644.98, 210.00
645.30, 209.00
645.61, 225.00
645.93, 201.00
646.25, 194.00
646.56, 204.00
646.88, 220.00
647.19, 189.00
647.51, 191.00
647.83, 187.00
648.14, 187.00
648.46, 186.00
648.78, 190.00
649.09, 194.00
649.41, 240.00
649.72, 202.00
650.04, 209.00
650.36, 211.00
650.67, 206.00
650.99, 205.00
651.30, 210.00
651.62, 206.00
651.93, 210.00
652.25, 232.00
652.57, 249.00
652.88, 217.00
653.20, 221.00
653.51, 214.00
653.83, 206.00
654.14, 197.00
654.46, 197.00
654.77, 202.00
655.09, 205.00
655.40, 216.00
655.72, 202.00
656.04, 196.00
656.35, 194.00
656.67, 194.00
656.98, 201.00
657.30, 196.00
657.61, 201.00
657.93, 203.00
658.24, 205.00
658.55, 241.00
658.87, 209.00
659.18, 213.00
659.50, 202.00
659.81, 216.00
660.13, 212.00
660.44, 209.00
660.76, 205.00
661.07, 221.00
661.39, 199.00
661.70, 200.00
662.01, 191.00
662.33, 191.00
662.64, 193.00
662.96, 178.00
663.27, 177.00
663.59, 177.00
663.90, 167.00
664.21, 173.00
664.53, 204.00
664.84, 184.00
665.16, 206.00
665.47, 187.00
665.78, 178.00
666.10, 201.00
666.41, 193.00
666.72, 205.00
667.04, 209.00
667.35, 201.00
667.67, 199.00
667.98, 201.00
668.29, 192.00
668.61, 190.00
668.92, 190.00
669.23, 188.00
669.55, 193.00
669.86, 214.00
670.17, 186.00
670.48, 179.00
670.80, 176.00
671.11, 180.00
671.42, 179.00
671.74, 182.00
672.05, 175.00
672.36, 182.00
672.68, 180.00
672.99, 187.00
673.30, 184.00
673.61, 184.00
673.93, 193.00
674.24, 191.00
674.55, 196.00
674.86, 204.00
675.18, 205.00
675.49, 208.00
675.80, 202.00
676.11, 213.00
676.43, 213.00
676.74, 207.00
677.05, 207.00
677.36, 218.00
677.67, 211.00
677.99, 202.00
678.30, 203.00
678.61, 201.00
678.92, 187.00
679.23, 188.00
679.55, 188.00
679.86, 180.00
680.17, 184.00
680.48, 184.00
680.79, 172.00
681.10, 171.00
681.42, 176.00
681.73, 174.00
682.04, 178.00
682.35, 168.00
682.66, 176.00
682.97, 170.00
683.28, 175.00
683.60, 177.00
683.91, 183.00
684.22, 191.00
684.53, 174.00
684.84, 180.00
685.15, 181.00
685.46, 200.00
685.77, 166.00
686.08, 166.00
686.40, 206.00
686.71, 168.00
687.02, 166.00
687.33, 164.00
687.64, 162.00
687.95, 167.00
688.26, 160.00
688.57, 158.00
688.88, 167.00
689.19, 159.00
689.50, 158.00
689.81, 162.00
690.12, 157.00
690.43, 174.00
690.74, 161.00
691.05, 154.00
691.36, 175.00
691.67, 156.00
691.98, 161.00
692.29, 155.00
692.60, 165.00
692.91, 163.00
693.22, 158.00
693.53, 161.00
693.84, 163.00
694.15, 155.00
694.46, 153.00
694.77, 156.00
695.08, 160.00
695.39, 162.00
695.70, 155.00
696.01, 164.00
696.32, 159.00
696.63, 160.00
696.94, 160.00
697.25, 158.00
697.56, 164.00
697.87, 163.00
698.17, 193.00
698.48, 164.00
698.79, 160.00
699.10, 155.00
699.41, 161.00
699.72, 151.00
700.03, 157.00
700.34, 159.00
700.65, 166.00
700.95, 160.00
701.26, 160.00
701.57, 152.00
701.88, 160.00
702.19, 171.00
702.50, 163.00
702.81, 160.00
703.11, 185.00
703.42, 155.00
703.73, 165.00
704.04, 165.00
704.35, 170.00
704.66, 186.00
704.96, 268.00
705.27, 321.00
705.58, 343.00
705.89, 327.00
706.20, 274.00
706.50, 244.00
706.81, 236.00
707.12, 206.00
707.43, 194.00
707.73, 186.00
708.04, 164.00
708.35, 166.00
708.66, 155.00
708.97, 159.00
709.27, 161.00
709.58, 157.00
709.89, 156.00
710.19, 149.00
710.50, 162.00
710.81, 154.00
711.12, 159.00
711.42, 159.00
711.73, 167.00
712.04, 156.00
712.35, 160.00
712.65, 159.00
712.96, 162.00
713.27, 160.00
713.57, 186.00
713.88, 180.00
714.19, 154.00
714.49, 151.00
714.80, 157.00
715.11, 157.00
715.41, 161.00
715.72, 159.00
716.03, 153.00
716.33, 161.00
716.64, 154.00
716.94, 152.00
717.25, 153.00
717.56, 163.00
717.86, 158.00
718.17, 154.00
718.48, 152.00
718.78, 156.00
719.09, 156.00
719.39, 162.00
719.70, 154.00
720.01, 155.00
720.31, 156.00
720.62, 157.00
720.92, 156.00
721.23, 162.00
721.53, 164.00
721.84, 162.00
722.15, 170.00
722.45, 163.00
722.76, 161.00
723.06, 163.00
723.37, 158.00
723.67, 155.00
723.98, 161.00
724.28, 165.00
724.59, 165.00
724.89, 164.00
725.20, 164.00
725.50, 174.00
725.81, 162.00
726.11, 157.00
726.42, 162.00
726.72, 162.00
727.03, 204.00
727.33, 167.00
727.64, 164.00
727.94, 159.00
728.25, 156.00
728.55, 157.00
728.86, 175.00
729.16, 155.00
729.46, 152.00
729.77, 152.00
730.07, 152.00
730.38, 154.00
730.68, 155.00
730.99, 170.00
731.29, 155.00
731.59, 164.00
731.90, 159.00
732.20, 157.00
732.51, 160.00
732.81, 159.00
733.11, 166.00
733.42, 156.00
733.72, 168.00
734.02, 163.00
734.33, 157.00
734.63, 156.00
734.94, 160.00
735.24, 157.00
735.54, 159.00
735.85, 162.00
736.15, 158.00
736.45, 154.00
736.76, 159.00
737.06, 167.00
737.36, 160.00
737.67, 159.00
737.97, 154.00
738.27, 156.00
738.57, 162.00
738.88, 154.00
739.18, 195.00
739.48, 159.00
739.79, 155.00
740.09, 160.00
740.39, 156.00
740.69, 162.00
741.00, 155.00
741.30, 166.00
741.60, 158.00
741.90, 155.00
742.21, 158.00
742.51, 206.00
742.81, 165.00
743.11, 162.00
743.42, 188.00
743.72, 169.00
744.02, 172.00
744.32, 171.00
744.63, 178.00
744.93, 180.00
745.23, 178.00
745.53, 178.00
745.83, 179.00
746.13, 172.00
746.44, 179.00
746.74, 179.00
747.04, 181.00
747.34, 181.00
747.64, 178.00
747.94, 182.00
748.25, 185.00
748.55, 179.00
748.85, 183.00
749.15, 192.00
749.45, 213.00
749.75, 194.00
750.05, 178.00
750.35, 165.00
750.66, 184.00
750.96, 171.00
751.26, 163.00
751.56, 159.00
751.86, 162.00
752.16, 159.00
752.46, 153.00
752.76, 157.00
753.06, 153.00
753.36, 191.00
753.66, 153.00
753.96, 157.00
754.27, 156.00
754.57, 153.00
754.87, 157.00
755.17, 160.00
755.47, 156.00
755.77, 157.00
756.07, 165.00
756.37, 157.00
756.67, 168.00
756.97, 167.00
757.27, 170.00
757.57, 164.00
757.87, 169.00
758.17, 173.00
758.47, 168.00
758.77, 172.00
759.07, 166.00
759.37, 175.00
759.67, 166.00
759.97, 172.00
760.27, 168.00
760.57, 168.00
760.86, 164.00
761.16, 166.00
761.46, 168.00
761.76, 195.00
762.06, 158.00
762.36, 167.00
762.66, 160.00
762.96, 150.00
763.26, 161.00
763.56, 194.00
763.86, 163.00
764.16, 154.00
764.45, 168.00
764.75, 157.00
765.05, 153.00
765.35, 152.00
765.65, 155.00
765.95, 153.00
766.25, 157.00
766.55, 164.00
766.84, 159.00
767.14, 156.00
767.44, 159.00
767.74, 161.00
768.04, 157.00
768.34, 153.00
768.63, 158.00
768.93, 168.00
769.23, 169.00
769.53, 166.00
769.83, 166.00
770.12, 162.00
770.42, 164.00
770.72, 165.00
771.02, 169.00
771.32, 165.00
771.61, 172.00
771.91, 173.00
772.21, 168.00
772.51, 175.00
772.80, 168.00
773.10, 163.00
773.40, 170.00
773.70, 168.00
773.99, 171.00
774.29, 176.00
774.59, 177.00
774.88, 170.00
775.18, 206.00
775.48, 422.00
775.78, 794.00
776.07, 1025.00
776.37, 1076.00
776.67, 843.00
776.96, 582.00
777.26, 487.00
777.56, 385.00
777.85, 340.00
778.15, 310.00
778.45, 282.00
778.74, 243.00
779.04, 213.00
779.34, 177.00
779.63, 169.00
779.93, 162.00
780.22, 160.00
780.52, 156.00
780.82, 146.00
781.11, 152.00
781.41, 153.00
781.71, 147.00
782.00, 150.00
782.30, 152.00
782.59, 158.00
782.89, 154.00
783.19, 149.00
783.48, 150.00
783.78, 151.00
784.07, 161.00
784.37, 155.00
784.66, 150.00
784.96, 151.00
785.25, 148.00
785.55, 150.00
785.84, 152.00
786.14, 150.00
786.44, 149.00
786.73, 151.00
787.03, 147.00
787.32, 146.00
787.62, 153.00
787.91, 150.00
788.21, 151.00
788.50, 147.00
788.80, 150.00
789.09, 153.00
789.39, 146.00
789.68, 148.00
789.97, 154.00
790.27, 146.00
790.56, 151.00
790.86, 149.00
791.15, 151.00
791.45, 144.00
791.74, 172.00
792.04, 151.00
792.33, 144.00
792.62, 175.00
792.92, 152.00
793.21, 146.00
793.51, 150.00
793.80, 151.00
794.09, 147.00
794.39, 139.00
794.68, 146.00
794.98, 148.00
795.27, 145.00
795.56, 146.00
795.86, 149.00
796.15, 147.00
796.44, 156.00
796.74, 145.00
797.03, 143.00
797.32, 144.00
797.62, 146.00
797.91, 156.00
798.20, 149.00
798.50, 151.00
798.79, 148.00
799.08, 143.00
799.38, 144.00
799.67, 144.00
799.96, 154.00
800.26, 173.00
800.55, 150.00
800.84, 156.00
801.13, 143.00
801.43, 143.00
801.72, 191.00
802.01, 146.00
802.30, 145.00
802.60, 146.00
802.89, 151.00
803.18, 148.00
803.47, 149.00
803.77, 147.00
804.06, 150.00
804.35, 151.00
804.64, 170.00
804.94, 147.00
805.23, 148.00
805.52, 150.00
805.81, 151.00
806.10, 148.00
806.39, 148.00
806.69, 145.00
806.98, 144.00
807.27, 148.00
807.56, 150.00
807.85, 149.00
808.14, 144.00
808.44, 150.00
808.73, 150.00
809.02, 159.00
809.31, 151.00
809.60, 148.00
809.89, 152.00
810.18, 152.00
810.48, 157.00
810.77, 149.00
811.06, 144.00
811.35, 146.00
811.64, 151.00
811.93, 164.00
812.22, 148.00
812.51, 140.00
812.80, 146.00
813.09, 147.00
813.38, 145.00
813.67, 161.00
813.96, 150.00
814.26, 143.00
814.55, 146.00
814.84, 146.00
815.13, 145.00
815.42, 146.00
815.71, 145.00
816.00, 144.00
816.29, 154.00
816.58, 150.00
816.87, 147.00
817.16, 144.00
817.45, 150.00
817.74, 148.00
818.03, 148.00
818.32, 143.00
818.61, 144.00
818.90, 145.00
819.19, 142.00
819.48, 142.00
819.76, 146.00
820.05, 144.00
820.34, 144.00
820.63, 142.00
820.92, 142.00
821.21, 144.00
821.50, 146.00
821.79, 139.00
822.08, 141.00
822.37, 151.00
822.66, 142.00
822.95, 153.00
823.23, 144.00
823.52, 162.00
823.81, 146.00
824.10, 147.00
824.39, 150.00
824.68, 145.00
824.97, 158.00
825.26, 142.00
825.54, 194.00
825.83, 146.00
826.12, 142.00
826.41, 147.00
826.70, 144.00
826.99, 148.00
827.27, 143.00
827.56, 165.00
827.85, 146.00
828.14, 147.00
828.43, 148.00
828.71, 144.00
829.00, 151.00
829.29, 146.00
829.58, 146.00
829.86, 145.00
830.15, 148.00
830.44, 148.00
830.73, 144.00
831.01, 148.00
831.30, 141.00
831.59, 146.00
831.88, 143.00
832.16, 143.00
832.45, 152.00
832.74, 145.00
833.03, 145.00
833.31, 148.00
833.60, 146.00
833.89, 143.00
834.17, 152.00
834.46, 148.00
834.75, 143.00
835.03, 144.00
835.32, 143.00
835.61, 146.00
835.89, 154.00
836.18, 151.00
836.47, 145.00
836.75, 147.00
837.04, 146.00
837.33, 146.00
837.61, 146.00
837.90, 145.00
838.19, 141.00
838.47, 134.00
838.76, 144.00
839.04, 148.00
839.33, 145.00
839.62, 144.00
839.90, 152.00
840.19, 144.00
840.47, 141.00
840.76, 174.00
841.04, 146.00
841.33, 146.00
841.62, 142.00
841.90, 148.00
842.19, 147.00
842.47, 181.00
842.76, 148.00
843.04, 155.00
843.33, 179.00
843.61, 167.00
843.90, 170.00
844.18, 164.00
844.47, 168.00
844.75, 165.00
845.04, 154.00
845.32, 156.00
845.61, 157.00
845.89, 152.00
846.18, 153.00
846.46, 147.00
846.75, 148.00
847.03, 163.00
847.32, 148.00
847.60, 147.00
847.88, 141.00
848.17, 149.00
848.45, 159.00
848.74, 150.00
849.02, 135.00
849.31, 140.00
849.59, 143.00
849.87, 140.00
850.16, 146.00
850.44, 151.00
850.73, 172.00
851.01, 149.00
851.29, 146.00
851.58, 146.00
851.86, 138.00
852.14, 140.00
852.43, 141.00
852.71, 145.00
853.00, 144.00
853.28, 153.00
853.56, 146.00
853.85, 146.00
854.13, 141.00
854.41, 146.00
854.69, 141.00
854.98, 142.00
855.26, 200.00
855.54, 150.00
855.83, 145.00
856.11, 148.00
856.39, 145.00
856.68, 139.00
856.96, 143.00
857.24, 144.00
857.52, 150.00
857.81, 142.00
858.09, 147.00
858.37, 142.00
858.65, 140.00
858.94, 142.00
859.22, 140.00
