190.05, 0.00
190.41, 132.00
190.77, 133.00
191.14, 133.00
191.50, 135.00
191.86, 161.00
192.22, 150.00
192.58, 145.00
192.94, 142.00
193.31, 145.00
193.67, 139.00
194.03, 148.00
194.39, 142.00
194.75, 140.00
195.11, 151.00
195.47, 161.00
195.84, 140.00
196.20, 145.00
196.56, 158.00
196.92, 143.00
197.28, 146.00
197.64, 143.00
198.00, 141.00
198.37, 144.00
198.73, 145.00
199.09, 135.00
199.45, 140.00
199.81, 145.00
200.17, 150.00
200.53, 141.00
200.89, 149.00
201.25, 177.00
201.62, 142.00
201.98, 147.00
202.34, 143.00
202.70, 152.00
203.06, 145.00
203.42, 143.00
203.78, 146.00
204.14, 141.00
204.50, 173.00
204.86, 157.00
205.22, 154.00
205.58, 149.00
205.95, 145.00
206.31, 149.00
206.67, 146.00
207.03, 143.00
207.39, 152.00
207.75, 143.00
208.11, 144.00
208.47, 144.00
208.83, 149.00
209.19, 145.00
209.55, 140.00
209.91, 147.00
210.27, 148.00
210.63, 143.00
210.99, 143.00
211.35, 138.00
211.71, 146.00
212.07, 145.00
212.43, 146.00
212.79, 141.00
213.15, 144.00
213.51, 148.00
213.87, 149.00
214.23, 148.00
214.59, 142.00
214.95, 146.00
215.31, 143.00
215.67, 141.00
216.03, 177.00
216.39, 148.00
216.75, 141.00
217.11, 146.00
217.47, 145.00
217.83, 143.00
218.19, 144.00
218.55, 148.00
218.91, 145.00
219.27, 150.00
219.63, 145.00
219.99, 142.00
220.35, 145.00
220.71, 145.00
221.07, 147.00
221.43, 142.00
221.79, 143.00
222.15, 145.00
222.51, 144.00
222.87, 141.00
223.23, 140.00
223.59, 143.00
223.95, 144.00
224.31, 141.00
224.67, 140.00
225.03, 145.00
225.39, 148.00
225.74, 149.00
226.10, 142.00
226.46, 146.00
226.82, 150.00
227.18, 151.00
227.54, 142.00
227.90, 151.00
228.26, 146.00
228.62, 156.00
228.98, 145.00
229.34, 141.00
229.69, 145.00
230.05, 148.00
230.41, 145.00
230.77, 153.00
231.13, 157.00
231.49, 144.00
231.85, 144.00
232.21, 150.00
232.57, 149.00
232.92, 141.00
233.28, 142.00
233.64, 145.00
234.00, 142.00
234.36, 139.00
234.72, 139.00
235.08, 152.00
235.44, 145.00
235.79, 140.00
236.15, 148.00
236.51, 141.00
236.87, 137.00
237.23, 145.00
237.59, 142.00
237.94, 147.00
238.30, 143.00
238.66, 142.00
239.02, 141.00
239.38, 141.00
239.74, 141.00
240.09, 155.00
240.45, 145.00
240.81, 141.00
241.17, 152.00
241.53, 143.00
241.89, 141.00
242.24, 144.00
242.60, 141.00
242.96, 147.00
243.32, 147.00
243.68, 147.00
244.03, 146.00
244.39, 149.00
244.75, 167.00
245.11, 146.00
245.46, 148.00
245.82, 172.00
246.18, 141.00
246.54, 143.00
246.90, 140.00
247.25, 138.00
247.61, 143.00
247.97, 178.00
248.33, 145.00
248.68, 143.00
249.04, 146.00
249.40, 140.00
249.76, 145.00
250.11, 144.00
250.47, 144.00
250.83, 146.00
251.19, 140.00
251.54, 153.00
251.90, 147.00
252.26, 145.00
252.62, 140.00
252.97, 151.00
253.33, 144.00
253.69, 142.00
254.05, 150.00
254.40, 145.00
254.76, 138.00
255.12, 173.00
255.47, 148.00
255.83, 146.00
256.19, 145.00
256.54, 143.00
256.90, 141.00
257.26, 139.00
257.62, 144.00
257.97, 140.00
258.33, 141.00
258.69, 141.00
259.04, 142.00
259.40, 140.00
259.76, 144.00
260.11, 133.00
260.47, 138.00
260.83, 149.00
261.18, 140.00
261.54, 148.00
261.90, 147.00
262.25, 142.00
262.61, 142.00
262.97, 143.00
263.32, 140.00
263.68, 141.00
264.04, 146.00
264.39, 141.00
264.75, 143.00
265.10, 148.00
265.46, 190.00
265.82, 155.00
266.17, 143.00
266.53, 145.00
266.89, 148.00
267.24, 154.00
267.60, 142.00
267.95, 144.00
268.31, 146.00
268.67, 145.00
269.02, 143.00
269.38, 143.00
269.74, 150.00
270.09, 141.00
270.45, 141.00
270.80, 164.00
271.16, 145.00
271.51, 152.00
271.87, 148.00
272.23, 155.00
272.58, 151.00
272.94, 143.00
273.29, 140.00
273.65, 198.00
274.00, 149.00
274.36, 143.00
274.72, 142.00
275.07, 142.00
275.43, 142.00
275.78, 150.00
276.14, 142.00
276.49, 146.00
276.85, 158.00
277.20, 166.00
277.56, 150.00
277.92, 146.00
278.27, 148.00
278.63, 149.00
278.98, 145.00
279.34, 149.00
279.69, 149.00
280.05, 169.00
280.40, 154.00
280.76, 158.00
281.11, 151.00
281.47, 149.00
281.82, 150.00
282.18, 146.00
282.53, 159.00
282.89, 164.00
283.24, 160.00
283.60, 160.00
283.95, 163.00
284.31, 163.00
284.66, 171.00
285.02, 169.00
285.37, 171.00
285.73, 164.00
286.08, 173.00
286.44, 154.00
286.79, 161.00
287.14, 161.00
287.50, 156.00
287.85, 151.00
288.21, 156.00
288.56, 150.00
288.92, 155.00
289.27, 149.00
289.63, 158.00
289.98, 163.00
290.34, 152.00
290.69, 159.00
291.04, 151.00
291.40, 146.00
291.75, 153.00
292.11, 155.00
292.46, 150.00
292.81, 161.00
293.17, 151.00
293.52, 158.00
293.88, 159.00
294.23, 174.00
294.59, 182.00
294.94, 196.00
295.29, 194.00
295.65, 210.00
296.00, 221.00
296.36, 191.00
296.71, 187.00
297.06, 198.00
297.42, 201.00
297.77, 196.00
298.12, 192.00
298.48, 178.00
298.83, 182.00
299.19, 180.00
299.54, 182.00
299.89, 179.00
300.25, 180.00
300.60, 177.00
300.95, 177.00
301.31, 166.00
301.66, 160.00
302.01, 158.00
302.37, 159.00
302.72, 162.00
303.07, 160.00
303.43, 166.00
303.78, 172.00
304.13, 172.00
304.49, 180.00
304.84, 178.00
305.19, 215.00
305.55, 176.00
305.90, 187.00
306.25, 218.00
306.61, 276.00
306.96, 322.00
307.31, 403.00
307.66, 565.00
308.02, 722.00
308.37, 860.00
308.72, 945.00
309.08, 973.00
309.43, 891.00
309.78, 778.00
310.13, 679.00
310.49, 606.00
310.84, 476.00
311.19, 440.00
311.54, 385.00
311.90, 343.00
312.25, 324.00
312.60, 330.00
312.95, 397.00
313.31, 442.00
313.66, 429.00
314.01, 439.00
314.36, 450.00
314.72, 507.00
315.07, 651.00
315.42, 797.00
315.77, 855.00
316.13, 686.00
316.48, 464.00
316.83, 327.00
317.18, 260.00
317.54, 213.00
317.89, 189.00
318.24, 185.00
318.59, 176.00
318.94, 176.00
319.30, 172.00
319.65, 181.00
320.00, 181.00
320.35, 179.00
320.70, 181.00
321.05, 179.00
321.41, 178.00
321.76, 182.00
322.11, 179.00
322.46, 165.00
322.81, 215.00
323.17, 171.00
323.52, 164.00
323.87, 168.00
324.22, 166.00
324.57, 173.00
324.92, 179.00
325.27, 177.00
325.63, 194.00
325.98, 188.00
326.33, 204.00
326.68, 199.00
327.03, 197.00
327.38, 199.00
327.73, 206.00
328.09, 223.00
328.44, 252.00
328.79, 217.00
329.14, 248.00
329.49, 211.00
329.84, 204.00
330.19, 212.00
330.54, 204.00
330.89, 207.00
331.25, 189.00
331.60, 192.00
331.95, 184.00
332.30, 190.00
332.65, 201.00
333.00, 213.00
333.35, 272.00
333.70, 277.00
334.05, 248.00
334.40, 265.00
334.75, 300.00
335.10, 412.00
335.45, 589.00
335.81, 848.00
336.16, 1254.00
336.51, 1742.00
336.86, 1806.00
337.21, 1593.00
337.56, 995.00
337.91, 598.00
338.26, 372.00
338.61, 258.00
338.96, 215.00
339.31, 199.00
339.66, 186.00
340.01, 191.00
340.36, 184.00
340.71, 181.00
341.06, 172.00
341.41, 181.00
341.76, 173.00
342.11, 183.00
342.46, 176.00
342.81, 180.00
343.16, 179.00
343.51, 179.00
343.86, 184.00
344.21, 177.00
344.56, 177.00
344.91, 174.00
345.26, 186.00
345.61, 173.00
345.96, 169.00
346.31, 166.00
346.66, 206.00
347.01, 167.00
347.36, 192.00
347.71, 166.00
348.06, 178.00
348.41, 193.00
348.76, 208.00
349.10, 212.00
349.45, 227.00
349.80, 220.00
350.15, 220.00
350.50, 215.00
350.85, 216.00
351.20, 218.00
351.55, 261.00
351.90, 314.00
352.25, 381.00
352.60, 492.00
352.95, 638.00
353.30, 697.00
353.64, 633.00
353.99, 482.00
354.34, 405.00
354.69, 367.00
355.04, 380.00
355.39, 460.00
355.74, 601.00
356.09, 770.00
356.44, 953.00
356.78, 1289.00
357.13, 1483.00
357.48, 1436.00
357.83, 1074.00
358.18, 708.00
358.53, 465.00
358.88, 288.00
359.22, 236.00
359.57, 194.00
359.92, 188.00
360.27, 185.00
360.62, 185.00
360.97, 188.00
361.32, 184.00
361.66, 185.00
362.01, 185.00
362.36, 188.00
362.71, 197.00
363.06, 194.00
363.40, 198.00
363.75, 197.00
364.10, 200.00
364.45, 201.00
364.80, 189.00
365.14, 188.00
365.49, 199.00
365.84, 198.00
366.19, 202.00
366.54, 222.00
366.88, 234.00
367.23, 202.00
367.58, 244.00
367.93, 191.00
368.28, 180.00
368.62, 189.00
368.97, 211.00
369.32, 223.00
369.67, 231.00
370.01, 288.00
370.36, 291.00
370.71, 329.00
371.06, 268.00
371.40, 254.00
371.75, 214.00
372.10, 201.00
372.45, 200.00
372.79, 210.00
373.14, 237.00
373.49, 280.00
373.83, 327.00
374.18, 406.00
374.53, 509.00
374.88, 566.00
375.22, 587.00
375.57, 464.00
375.92, 364.00
376.26, 275.00
376.61, 235.00
376.96, 197.00
377.30, 211.00
377.65, 235.00
378.00, 255.00
378.35, 306.00
378.69, 387.00
379.04, 475.00
379.39, 627.00
379.73, 759.00
380.08, 754.00
380.43, 592.00
380.77, 432.00
381.12, 348.00
381.47, 280.00
381.81, 230.00
382.16, 195.00
382.50, 197.00
382.85, 275.00
383.20, 196.00
383.54, 208.00
383.89, 213.00
384.24, 214.00
384.58, 226.00
384.93, 251.00
385.27, 244.00
385.62, 247.00
385.97, 246.00
386.31, 246.00
386.66, 268.00
387.00, 246.00
387.35, 260.00
387.70, 276.00
388.04, 380.00
388.39, 387.00
388.73, 473.00
389.08, 598.00
389.43, 729.00
389.77, 883.00
390.12, 1058.00
390.46, 1466.00
390.81, 1627.00
391.15, 1574.00
391.50, 1198.00
391.85, 748.00
392.19, 535.00
392.54, 358.00
392.88, 287.00
393.23, 291.00
393.57, 295.00
393.92, 290.00
394.26, 247.00
394.61, 221.00
394.95, 209.00
395.30, 177.00
395.64, 185.00
395.99, 222.00
396.33, 190.00
396.68, 200.00
397.02, 205.00
397.37, 223.00
397.71, 247.00
398.06, 270.00
398.40, 305.00
398.75, 354.00
399.09, 397.00
399.44, 399.00
399.78, 327.00
400.13, 275.00
400.47, 232.00
400.82, 196.00
401.16, 185.00
401.51, 185.00
401.85, 182.00
402.20, 187.00
402.54, 193.00
402.88, 198.00
403.23, 217.00
403.57, 219.00
403.92, 246.00
404.26, 331.00
404.61, 303.00
404.95, 400.00
405.30, 359.00
405.64, 342.00
405.98, 305.00
406.33, 261.00
406.67, 214.00
407.02, 196.00
407.36, 202.00
407.70, 212.00
408.05, 203.00
408.39, 218.00
408.74, 222.00
409.08, 231.00
409.42, 215.00
409.77, 201.00
410.11, 211.00
410.46, 205.00
410.80, 207.00
411.14, 217.00
411.49, 231.00
411.83, 233.00
412.17, 232.00
412.52, 237.00
412.86, 251.00
413.20, 255.00
413.55, 254.00
413.89, 242.00
414.23, 225.00
414.58, 252.00
414.92, 201.00
415.26, 199.00
415.61, 199.00
415.95, 197.00
416.29, 198.00
416.64, 208.00
416.98, 212.00
417.32, 218.00
417.67, 240.00
418.01, 254.00
418.35, 271.00
418.70, 297.00
419.04, 343.00
419.38, 330.00
419.72, 310.00
420.07, 273.00
420.41, 238.00
420.75, 212.00
421.10, 200.00
421.44, 205.00
421.78, 202.00
422.12, 204.00
422.47, 214.00
422.81, 229.00
423.15, 248.00
423.49, 235.00
423.84, 224.00
424.18, 247.00
424.52, 254.00
424.86, 303.00
425.21, 372.00
425.55, 405.00
425.89, 488.00
426.23, 565.00
426.57, 682.00
426.92, 726.00
427.26, 765.00
427.60, 629.00
427.94, 461.00
428.28, 341.00
428.63, 276.00
428.97, 222.00
429.31, 200.00
429.65, 187.00
429.99, 190.00
430.34, 190.00
430.68, 191.00
431.02, 195.00
431.36, 184.00
431.70, 193.00
432.04, 200.00
432.39, 207.00
432.73, 217.00
433.07, 228.00
433.41, 239.00
433.75, 241.00
434.09, 235.00
434.43, 230.00
434.78, 208.00
435.12, 202.00
435.46, 216.00
435.80, 220.00
436.14, 217.00
436.48, 220.00
436.82, 230.00
437.16, 215.00
437.51, 212.00
437.85, 211.00
438.19, 249.00
438.53, 202.00
438.87, 217.00
439.21, 211.00
439.55, 225.00
439.89, 236.00
440.23, 238.00
440.57, 239.00
440.91, 244.00
441.26, 238.00
441.60, 218.00
441.94, 210.00
442.28, 211.00
442.62, 201.00
442.96, 200.00
443.30, 204.00
443.64, 203.00
443.98, 199.00
444.32, 206.00
444.66, 199.00
445.00, 194.00
445.34, 202.00
445.68, 200.00
446.02, 205.00
446.36, 196.00
446.70, 205.00
447.04, 206.00
447.38, 229.00
447.72, 215.00
448.06, 217.00
448.40, 218.00
448.74, 209.00
449.08, 207.00
449.42, 200.00
449.76, 198.00
450.10, 194.00
450.44, 190.00
450.78, 195.00
451.12, 203.00
451.46, 196.00
451.80, 197.00
452.14, 184.00
452.48, 192.00
452.82, 194.00
453.16, 190.00
453.50, 199.00
453.84, 190.00
454.18, 227.00
454.52, 201.00
454.86, 197.00
455.19, 220.00
455.53, 207.00
455.87, 204.00
456.21, 223.00
456.55, 219.00
456.89, 216.00
457.23, 213.00
457.57, 214.00
457.91, 219.00
458.25, 211.00
458.59, 231.00
458.92, 246.00
459.26, 240.00
459.60, 241.00
459.94, 222.00
460.28, 208.00
460.62, 205.00
460.96, 196.00
461.30, 191.00
461.63, 186.00
461.97, 193.00
462.31, 191.00
462.65, 203.00
462.99, 209.00
463.33, 206.00
463.67, 211.00
464.00, 212.00
464.34, 217.00
464.68, 213.00
465.02, 233.00
465.36, 231.00
465.70, 219.00
466.03, 217.00
466.37, 207.00
466.71, 219.00
467.05, 222.00
467.39, 234.00
467.72, 248.00
468.06, 262.00
468.40, 266.00
468.74, 272.00
469.08, 285.00
469.41, 304.00
469.75, 336.00
470.09, 354.00
470.43, 343.00
470.76, 303.00
471.10, 290.00
471.44, 285.00
471.78, 264.00
472.11, 243.00
472.45, 235.00
472.79, 228.00
473.13, 235.00
473.46, 234.00
473.80, 223.00
474.14, 216.00
474.48, 220.00
474.81, 225.00
475.15, 216.00
475.49, 226.00
475.82, 223.00
476.16, 213.00
476.50, 213.00
476.84, 219.00
477.17, 203.00
477.51, 210.00
477.85, 215.00
478.18, 231.00
478.52, 210.00
478.86, 260.00
479.19, 223.00
479.53, 213.00
479.87, 261.00
480.20, 221.00
480.54, 224.00
480.88, 213.00
481.21, 210.00
481.55, 217.00
481.89, 207.00
482.22, 215.00
482.56, 215.00
482.90, 211.00
483.23, 213.00
483.57, 222.00
483.90, 214.00
484.24, 217.00
484.58, 221.00
484.91, 209.00
485.25, 217.00
485.58, 218.00
485.92, 225.00
486.26, 222.00
486.59, 228.00
486.93, 229.00
487.26, 229.00
487.60, 226.00
487.94, 231.00
488.27, 227.00
488.61, 219.00
488.94, 215.00
489.28, 221.00
489.61, 223.00
489.95, 221.00
490.29, 226.00
490.62, 234.00
490.96, 232.00
491.29, 233.00
491.63, 223.00
491.96, 219.00
492.30, 223.00
492.63, 220.00
492.97, 218.00
493.30, 225.00
493.64, 221.00
493.97, 210.00
494.31, 224.00
494.64, 232.00
494.98, 227.00
495.31, 233.00
495.65, 226.00
495.98, 225.00
496.32, 224.00
496.65, 257.00
496.99, 229.00
497.32, 217.00
497.66, 219.00
497.99, 214.00
498.33, 209.00
498.66, 212.00
499.00, 223.00
499.33, 213.00
499.67, 206.00
500.00, 223.00
500.34, 225.00
500.67, 222.00
501.00, 224.00
501.34, 216.00
501.67, 216.00
502.01, 214.00
502.34, 221.00
502.68, 240.00
503.01, 239.00
503.34, 233.00
503.68, 233.00
504.01, 234.00
504.35, 237.00
504.68, 239.00
505.01, 242.00
505.35, 246.00
505.68, 243.00
506.02, 244.00
506.35, 245.00
506.68, 256.00
507.02, 250.00
507.35, 243.00
507.68, 238.00
508.02, 239.00
508.35, 236.00
508.69, 232.00
509.02, 234.00
509.35, 233.00
509.69, 232.00
510.02, 237.00
510.35, 225.00
510.69, 228.00
511.02, 221.00
511.35, 224.00
511.69, 221.00
512.02, 216.00
512.35, 225.00
512.68, 228.00
513.02, 230.00
513.35, 224.00
513.68, 213.00
514.02, 228.00
514.35, 221.00
514.68, 228.00
515.01, 218.00
515.35, 219.00
515.68, 211.00
516.01, 214.00
516.35, 207.00
516.68, 213.00
517.01, 215.00
517.34, 215.00
517.68, 213.00
518.01, 227.00
518.34, 207.00
518.67, 217.00
519.01, 220.00
519.34, 223.00
519.67, 232.00
520.00, 227.00
520.33, 222.00
520.67, 224.00
521.00, 226.00
521.33, 228.00
521.66, 239.00
522.00, 234.00
522.33, 233.00
522.66, 226.00
522.99, 227.00
523.32, 230.00
523.65, 219.00
523.99, 220.00
524.32, 218.00
524.65, 220.00
524.98, 224.00
525.31, 217.00
525.65, 252.00
525.98, 221.00
526.31, 215.00
526.64, 225.00
526.97, 218.00
527.30, 213.00
527.63, 207.00
527.97, 208.00
528.30, 208.00
528.63, 219.00
528.96, 240.00
529.29, 211.00
529.62, 214.00
529.95, 201.00
530.28, 205.00
530.61, 202.00
530.95, 202.00
531.28, 205.00
531.61, 213.00
531.94, 217.00
532.27, 226.00
532.60, 215.00
532.93, 208.00
533.26, 212.00
533.59, 210.00
533.92, 215.00
534.25, 201.00
534.58, 246.00
534.91, 207.00
535.25, 196.00
535.58, 197.00
535.91, 201.00
536.24, 198.00
536.57, 205.00
536.90, 198.00
537.23, 204.00
537.56, 246.00
537.89, 205.00
538.22, 201.00
538.55, 195.00
538.88, 196.00
539.21, 313.00
539.54, 193.00
539.87, 205.00
540.20, 207.00
540.53, 194.00
540.86, 234.00
541.19, 205.00
541.52, 197.00
541.85, 204.00
542.18, 222.00
542.51, 213.00
542.84, 214.00
543.17, 215.00
543.50, 216.00
543.82, 213.00
544.15, 213.00
544.48, 211.00
544.81, 205.00
545.14, 236.00
545.47, 200.00
545.80, 241.00
546.13, 207.00
546.46, 246.00
546.79, 234.00
547.12, 197.00
547.45, 201.00
547.78, 208.00
548.10, 202.00
548.43, 205.00
548.76, 198.00
549.09, 200.00
549.42, 207.00
549.75, 204.00
550.08, 206.00
550.41, 199.00
550.74, 214.00
551.06, 204.00
551.39, 212.00
551.72, 198.00
552.05, 203.00
552.38, 197.00
552.71, 199.00
553.03, 210.00
553.36, 212.00
553.69, 207.00
554.02, 210.00
554.35, 206.00
554.68, 205.00
555.00, 213.00
555.33, 207.00
555.66, 205.00
555.99, 225.00
556.32, 208.00
556.64, 214.00
556.97, 230.00
557.30, 219.00
557.63, 219.00
557.96, 231.00
558.28, 230.00
558.61, 221.00
558.94, 221.00
559.27, 222.00
559.59, 223.00
559.92, 216.00
560.25, 225.00
560.58, 213.00
560.90, 226.00
561.23, 217.00
561.56, 221.00
561.89, 213.00
562.21, 215.00
562.54, 202.00
562.87, 205.00
563.20, 209.00
563.52, 197.00
563.85, 190.00
564.18, 217.00
564.50, 197.00
564.83, 234.00
565.16, 250.00
565.48, 199.00
565.81, 196.00
566.14, 187.00
566.47, 185.00
566.79, 196.00
567.12, 190.00
567.45, 214.00
567.77, 189.00
568.10, 197.00
568.43, 196.00
568.75, 184.00
569.08, 198.00
569.40, 233.00
569.73, 193.00
570.06, 188.00
570.38, 185.00
570.71, 189.00
571.04, 189.00
571.36, 189.00
571.69, 191.00
572.01, 192.00
572.34, 188.00
572.67, 193.00
572.99, 191.00
573.32, 210.00
573.64, 195.00
573.97, 186.00
574.30, 191.00
574.62, 192.00
574.95, 191.00
575.27, 188.00
575.60, 187.00
575.92, 183.00
576.25, 196.00
576.58, 193.00
576.90, 193.00
577.23, 227.00
577.55, 193.00
577.88, 184.00
578.20, 185.00
578.53, 186.00
578.85, 206.00
579.18, 198.00
579.50, 187.00
579.83, 187.00
580.15, 193.00
580.48, 196.00
580.80, 196.00
581.13, 197.00
581.45, 184.00
581.78, 193.00
582.10, 189.00
582.43, 190.00
582.75, 192.00
583.08, 190.00
583.40, 189.00
583.73, 257.00
584.05, 197.00
584.38, 191.00
584.70, 239.00
585.03, 196.00
585.35, 193.00
585.67, 201.00
586.00, 219.00
586.32, 238.00
586.65, 250.00
586.97, 247.00
587.30, 231.00
587.62, 224.00
587.94, 225.00
588.27, 207.00
588.59, 196.00
588.92, 200.00
589.24, 194.00
589.56, 200.00
589.89, 203.00
590.21, 201.00
590.54, 193.00
590.86, 194.00
591.18, 200.00
591.51, 199.00
591.83, 206.00
592.15, 205.00
592.48, 203.00
592.80, 204.00
593.13, 197.00
593.45, 210.00
593.77, 216.00
594.10, 216.00
594.42, 224.00
594.74, 218.00
595.07, 215.00
595.39, 223.00
595.71, 226.00
596.03, 227.00
596.36, 227.00
596.68, 238.00
597.00, 233.00
597.33, 239.00
597.65, 239.00
597.97, 242.00
598.30, 234.00
598.62, 233.00
598.94, 234.00
599.26, 223.00
599.59, 238.00
599.91, 233.00
600.23, 235.00
600.55, 221.00
600.88, 229.00
601.20, 213.00
601.52, 208.00
601.84, 202.00
602.17, 204.00
602.49, 192.00
602.81, 190.00
603.13, 201.00
603.45, 200.00
603.78, 192.00
604.10, 196.00
604.42, 194.00
604.74, 194.00
605.07, 189.00
605.39, 189.00
605.71, 186.00
606.03, 188.00
606.35, 175.00
606.67, 191.00
607.00, 191.00
607.32, 188.00
607.64, 188.00
607.96, 175.00
608.28, 179.00
608.60, 180.00
608.93, 181.00
609.25, 195.00
609.57, 182.00
609.89, 184.00
610.21, 186.00
610.53, 180.00
610.85, 186.00
611.17, 187.00
611.50, 181.00
611.82, 183.00
612.14, 182.00
612.46, 181.00
612.78, 175.00
613.10, 173.00
613.42, 177.00
613.74, 186.00
614.06, 223.00
614.38, 208.00
614.70, 216.00
615.03, 223.00
615.35, 214.00
615.67, 309.00
615.99, 186.00
616.31, 189.00
616.63, 193.00
616.95, 186.00
617.27, 176.00
617.59, 178.00
617.91, 182.00
618.23, 186.00
618.55, 173.00
618.87, 176.00
619.19, 174.00
619.51, 172.00
619.83, 178.00
620.15, 173.00
620.47, 170.00
620.79, 177.00
621.11, 182.00
621.43, 178.00
621.75, 182.00
622.07, 176.00
622.39, 173.00
622.71, 175.00
623.03, 170.00
623.35, 216.00
623.67, 177.00
623.99, 175.00
624.31, 167.00
624.63, 177.00
624.95, 178.00
625.26, 177.00
625.58, 167.00
625.90, 198.00
626.22, 178.00
626.54, 171.00
626.86, 182.00
627.18, 183.00
627.50, 180.00
627.82, 179.00
628.14, 176.00
628.46, 177.00
628.77, 178.00
629.09, 182.00
629.41, 186.00
629.73, 183.00
630.05, 190.00
630.37, 186.00
630.69, 192.00
631.00, 200.00
631.32, 196.00
631.64, 190.00
631.96, 188.00
632.28, 186.00
632.60, 193.00
632.92, 193.00
633.23, 189.00
633.55, 203.00
633.87, 201.00
634.19, 206.00
634.51, 205.00
634.82, 223.00
635.14, 221.00
635.46, 215.00
635.78, 215.00
636.10, 208.00
636.41, 221.00
636.73, 223.00
637.05, 209.00
637.37, 207.00
637.68, 213.00
638.00, 216.00
638.32, 219.00
638.64, 227.00
638.95, 240.00
639.27, 231.00
639.59, 234.00
639.91, 229.00
640.22, 217.00
640.54, 213.00
640.86, 205.00
641.18, 218.00
641.49, 224.00
641.81, 214.00
642.13, 218.00
642.44, 198.00
642.76, 211.00
643.08, 202.00
643.40, 200.00
643.71, 211.00
644.03, 208.00
644.35, 217.00
644.66, 226.00
644.98, 209.00
645.30, 211.00
645.61, 222.00
645.93, 201.00
646.25, 196.00
646.56, 194.00
646.88, 222.00
647.19, 191.00
647.51, 192.00
647.83, 192.00
648.14, 179.00
648.46, 185.00
648.78, 194.00
649.09, 190.00
649.41, 236.00
649.72, 206.00
650.04, 212.00
650.36, 209.00
650.67, 212.00
650.99, 210.00
651.30, 212.00
651.62, 212.00
651.93, 213.00
652.25, 236.00
652.57, 257.00
652.88, 218.00
653.20, 214.00
653.51, 213.00
653.83, 206.00
654.14, 196.00
654.46, 206.00
654.77, 205.00
655.09, 203.00
655.40, 215.00
655.72, 196.00
656.04, 190.00
656.35, 197.00
656.67, 199.00
656.98, 197.00
657.30, 201.00
657.61, 197.00
657.93, 204.00
658.24, 197.00
658.55, 247.00
658.87, 210.00
659.18, 207.00
659.50, 209.00
659.81, 213.00
660.13, 210.00
660.44, 205.00
660.76, 209.00
661.07, 224.00
661.39, 195.00
661.70, 189.00
662.01, 190.00
662.33, 187.00
662.64, 188.00
662.96, 181.00
663.27, 179.00
663.59, 177.00
663.90, 177.00
664.21, 181.00
664.53, 198.00
664.84, 177.00
665.16, 207.00
665.47, 189.00
665.78, 183.00
666.10, 195.00
666.41, 207.00
666.72, 202.00
667.04, 210.00
667.35, 203.00
667.67, 197.00
667.98, 200.00
668.29, 192.00
668.61, 183.00
668.92, 190.00
669.23, 185.00
669.55, 187.00
669.86, 215.00
670.17, 182.00
670.48, 180.00
670.80, 176.00
671.11, 181.00
671.42, 175.00
671.74, 182.00
672.05, 174.00
672.36, 181.00
672.68, 179.00
672.99, 179.00
673.30, 187.00
673.61, 196.00
673.93, 199.00
674.24, 201.00
674.55, 196.00
674.86, 197.00
675.18, 212.00
675.49, 206.00
675.80, 195.00
676.11, 209.00
676.43, 205.00
676.74, 203.00
677.05, 207.00
677.36, 215.00
677.67, 202.00
677.99, 194.00
678.30, 189.00
678.61, 196.00
678.92, 190.00
679.23, 188.00
679.55, 182.00
679.86, 181.00
680.17, 176.00
680.48, 183.00
680.79, 181.00
681.10, 175.00
681.42, 178.00
681.73, 172.00
682.04, 173.00
682.35, 173.00
682.66, 173.00
682.97, 175.00
683.28, 182.00
683.60, 179.00
683.91, 174.00
684.22, 194.00
684.53, 168.00
684.84, 176.00
685.15, 173.00
685.46, 197.00
685.77, 167.00
686.08, 170.00
686.40, 207.00
686.71, 169.00
687.02, 163.00
687.33, 165.00
687.64, 158.00
687.95, 160.00
688.26, 159.00
688.57, 164.00
688.88, 163.00
689.19, 157.00
689.50, 158.00
689.81, 162.00
690.12, 156.00
690.43, 176.00
690.74, 156.00
691.05, 160.00
691.36, 169.00
691.67, 151.00
691.98, 160.00
692.29, 156.00
692.60, 156.00
692.91, 159.00
693.22, 155.00
693.53, 161.00
693.84, 163.00
694.15, 155.00
694.46, 149.00
694.77, 159.00
695.08, 158.00
695.39, 165.00
695.70, 160.00
696.01, 161.00
696.32, 159.00
696.63, 157.00
696.94, 166.00
697.25, 158.00
697.56, 164.00
697.87, 161.00
698.17, 200.00
698.48, 160.00
698.79, 155.00
699.10, 151.00
699.41, 163.00
699.72, 157.00
700.03, 154.00
700.34, 159.00
700.65, 161.00
700.95, 157.00
701.26, 159.00
701.57, 153.00
701.88, 160.00
702.19, 168.00
702.50, 163.00
702.81, 158.00
703.11, 183.00
703.42, 155.00
703.73, 161.00
704.04, 167.00
704.35, 171.00
704.66, 186.00
704.96, 261.00
705.27, 312.00
705.58, 341.00
705.89, 313.00
706.20, 267.00
706.50, 242.00
706.81, 234.00
707.12, 212.00
707.43, 191.00
707.73, 185.00
708.04, 164.00
708.35, 167.00
708.66, 164.00
708.97, 158.00
709.27, 153.00
709.58, 160.00
709.89, 154.00
710.19, 154.00
710.50, 165.00
710.81, 162.00
711.12, 162.00
711.42, 157.00
711.73, 151.00
712.04, 161.00
712.35, 159.00
712.65, 154.00
712.96, 159.00
713.27, 163.00
713.57, 186.00
713.88, 176.00
714.19, 155.00
714.49, 156.00
714.80, 159.00
715.11, 158.00
715.41, 158.00
715.72, 159.00
716.03, 159.00
716.33, 166.00
716.64, 157.00
716.94, 162.00
717.25, 154.00
717.56, 163.00
717.86, 163.00
718.17, 151.00
718.48, 154.00
718.78, 159.00
719.09, 156.00
719.39, 154.00
719.70, 153.00
720.01, 154.00
720.31, 159.00
720.62, 151.00
720.92, 160.00
721.23, 155.00
721.53, 164.00
721.84, 156.00
722.15, 163.00
722.45, 167.00
722.76, 159.00
723.06, 158.00
723.37, 162.00
723.67, 161.00
723.98, 159.00
724.28, 158.00
724.59, 168.00
724.89, 166.00
725.20, 162.00
725.50, 165.00
725.81, 161.00
726.11, 159.00
726.42, 160.00
726.72, 168.00
727.03, 200.00
727.33, 167.00
727.64, 172.00
727.94, 160.00
728.25, 157.00
728.55, 163.00
728.86, 176.00
729.16, 152.00
729.46, 153.00
729.77, 161.00
730.07, 162.00
730.38, 150.00
730.68, 156.00
730.99, 168.00
731.29, 157.00
731.59, 161.00
731.90, 156.00
732.20, 164.00
732.51, 161.00
732.81, 153.00
733.11, 160.00
733.42, 157.00
733.72, 161.00
734.02, 166.00
734.33, 159.00
734.63, 155.00
734.94, 154.00
735.24, 154.00
735.54, 158.00
735.85, 157.00
736.15, 157.00
736.45, 159.00
736.76, 152.00
737.06, 154.00
737.36, 157.00
737.67, 158.00
737.97, 159.00
738.27, 158.00
738.57, 156.00
738.88, 160.00
739.18, 192.00
739.48, 160.00
739.79, 150.00
740.09, 158.00
740.39, 162.00
740.69, 164.00
741.00, 151.00
741.30, 160.00
741.60, 155.00
741.90, 155.00
742.21, 157.00
742.51, 209.00
742.81, 153.00
743.11, 159.00
743.42, 189.00
743.72, 165.00
744.02, 170.00
744.32, 177.00
744.63, 175.00
744.93, 184.00
745.23, 184.00
745.53, 183.00
745.83, 179.00
746.13, 171.00
746.44, 176.00
746.74, 178.00
747.04, 178.00
747.34, 176.00
747.64, 177.00
747.94, 178.00
748.25, 186.00
748.55, 187.00
748.85, 184.00
749.15, 188.00
749.45, 213.00
749.75, 205.00
750.05, 171.00
750.35, 170.00
750.66, 179.00
750.96, 169.00
751.26, 158.00
751.56, 162.00
751.86, 163.00
752.16, 155.00
752.46, 152.00
752.76, 158.00
753.06, 156.00
753.36, 196.00
753.66, 152.00
753.96, 153.00
754.27, 154.00
754.57, 148.00
754.87, 152.00
755.17, 153.00
755.47, 153.00
755.77, 157.00
756.07, 161.00
756.37, 163.00
756.67, 167.00
756.97, 161.00
757.27, 168.00
757.57, 167.00
757.87, 168.00
758.17, 165.00
758.47, 173.00
758.77, 172.00
759.07, 164.00
759.37, 165.00
759.67, 173.00
759.97, 171.00
760.27, 166.00
760.57, 166.00
760.86, 171.00
761.16, 162.00
761.46, 161.00
761.76, 196.00
762.06, 161.00
762.36, 167.00
762.66, 159.00
762.96, 155.00
763.26, 162.00
763.56, 188.00
763.86, 162.00
764.16, 152.00
764.45, 163.00
764.75, 156.00
765.05, 160.00
765.35, 159.00
765.65, 157.00
765.95, 153.00
766.25, 158.00
766.55, 160.00
766.84, 160.00
767.14, 161.00
767.44, 159.00
767.74, 159.00
768.04, 165.00
768.34, 164.00
768.63, 159.00
768.93, 167.00
769.23, 168.00
769.53, 167.00
769.83, 168.00
770.12, 162.00
770.42, 167.00
770.72, 165.00
771.02, 160.00
771.32, 164.00
771.61, 161.00
771.91, 170.00
772.21, 165.00
772.51, 167.00
772.80, 160.00
773.10, 168.00
773.40, 174.00
773.70, 164.00
773.99, 175.00
774.29, 169.00
774.59, 167.00
774.88, 170.00
775.18, 205.00
775.48, 412.00
775.78, 782.00
776.07, 997.00
776.37, 1059.00
776.67, 826.00
776.96, 568.00
777.26, 500.00
777.56, 371.00
777.85, 336.00
778.15, 304.00
778.45, 281.00
778.74, 254.00
779.04, 213.00
779.34, 182.00
779.63, 175.00
779.93, 161.00
780.22, 158.00
780.52, 153.00
780.82, 152.00
781.11, 145.00
781.41, 151.00
781.71, 156.00
782.00, 149.00
782.30, 155.00
782.59, 158.00
782.89, 152.00
783.19, 156.00
783.48, 155.00
783.78, 150.00
784.07, 158.00
784.37, 155.00
784.66, 150.00
784.96, 148.00
785.25, 145.00
785.55, 147.00
785.84, 154.00
786.14, 148.00
786.44, 148.00
786.73, 150.00
787.03, 151.00
787.32, 149.00
787.62, 149.00
787.91, 147.00
788.21, 153.00
788.50, 149.00
788.80, 149.00
789.09, 151.00
789.39, 155.00
789.68, 147.00
789.97, 156.00
790.27, 147.00
790.56, 146.00
790.86, 156.00
791.15, 142.00
791.45, 145.00
791.74, 164.00
792.04, 149.00
792.33, 142.00
792.62, 176.00
792.92, 150.00
793.21, 149.00
793.51, 148.00
793.80, 152.00
794.09, 142.00
794.39, 145.00
794.68, 137.00
794.98, 150.00
795.27, 142.00
795.56, 142.00
795.86, 153.00
796.15, 151.00
796.44, 152.00
796.74, 143.00
797.03, 146.00
797.32, 145.00
797.62, 149.00
797.91, 154.00
798.20, 146.00
798.50, 154.00
798.79, 155.00
799.08, 150.00
799.38, 147.00
799.67, 146.00
799.96, 160.00
800.26, 171.00
800.55, 151.00
800.84, 152.00
801.13, 146.00
801.43, 146.00
801.72, 178.00
802.01, 141.00
802.30, 150.00
802.60, 149.00
802.89, 150.00
803.18, 148.00
803.47, 151.00
803.77, 154.00
804.06, 149.00
804.35, 150.00
804.64, 166.00
804.94, 146.00
805.23, 145.00
805.52, 144.00
805.81, 145.00
806.10, 149.00
806.39, 145.00
806.69, 145.00
806.98, 147.00
807.27, 145.00
807.56, 152.00
807.85, 146.00
808.14, 148.00
808.44, 148.00
808.73, 143.00
809.02, 167.00
809.31, 152.00
809.60, 152.00
809.89, 154.00
810.18, 146.00
810.48, 157.00
810.77, 144.00
811.06, 144.00
811.35, 144.00
811.64, 149.00
811.93, 170.00
812.22, 148.00
812.51, 142.00
812.80, 147.00
813.09, 149.00
813.38, 143.00
813.67, 169.00
813.96, 146.00
814.26, 147.00
814.55, 143.00
814.84, 144.00
815.13, 142.00
815.42, 143.00
815.71, 149.00
816.00, 144.00
816.29, 155.00
816.58, 147.00
816.87, 145.00
817.16, 146.00
817.45, 153.00
817.74, 152.00
818.03, 140.00
818.32, 145.00
818.61, 144.00
818.90, 146.00
819.19, 144.00
819.48, 148.00
819.76, 143.00
820.05, 144.00
820.34, 148.00
820.63, 145.00
820.92, 142.00
821.21, 143.00
821.50, 147.00
821.79, 141.00
822.08, 143.00
822.37, 155.00
822.66, 142.00
822.95, 149.00
823.23, 148.00
823.52, 162.00
823.81, 145.00
824.10, 144.00
824.39, 138.00
824.68, 145.00
824.97, 164.00
825.26, 148.00
825.54, 191.00
825.83, 145.00
826.12, 141.00
826.41, 140.00
826.70, 143.00
826.99, 150.00
827.27, 143.00
827.56, 161.00
827.85, 143.00
828.14, 141.00
828.43, 147.00
828.71, 146.00
829.00, 147.00
829.29, 151.00
829.58, 152.00
829.86, 141.00
830.15, 141.00
830.44, 147.00
830.73, 146.00
831.01, 145.00
831.30, 140.00
831.59, 144.00
831.88, 143.00
832.16, 141.00
832.45, 152.00
832.74, 145.00
833.03, 146.00
833.31, 145.00
833.60, 141.00
833.89, 145.00
834.17, 148.00
834.46, 142.00
834.75, 148.00
835.03, 143.00
835.32, 143.00
835.61, 139.00
835.89, 161.00
836.18, 144.00
836.47, 139.00
836.75, 144.00
837.04, 145.00
837.33, 146.00
837.61, 146.00
837.90, 143.00
838.19, 147.00
838.47, 145.00
838.76, 147.00
839.04, 142.00
839.33, 147.00
839.62, 142.00
839.90, 148.00
840.19, 147.00
840.47, 142.00
840.76, 170.00
841.04, 146.00
841.33, 149.00
841.62, 142.00
841.90, 145.00
842.19, 146.00
842.47, 303.00
842.76, 146.00
843.04, 150.00
843.33, 175.00
843.61, 168.00
843.90, 171.00
844.18, 170.00
844.47, 158.00
844.75, 164.00
845.04, 153.00
845.32, 147.00
845.61, 152.00
845.89, 148.00
846.18, 149.00
846.46, 150.00
846.75, 144.00
847.03, 154.00
847.32, 143.00
847.60, 143.00
847.88, 143.00
848.17, 145.00
848.45, 165.00
848.74, 152.00
849.02, 149.00
849.31, 148.00
849.59, 141.00
849.87, 140.00
850.16, 144.00
850.44, 150.00
850.73, 174.00
851.01, 145.00
851.29, 142.00
851.58, 149.00
851.86, 142.00
852.14, 140.00
852.43, 147.00
852.71, 143.00
853.00, 142.00
853.28, 152.00
853.56, 143.00
853.85, 147.00
854.13, 140.00
854.41, 143.00
854.69, 142.00
854.98, 147.00
855.26, 198.00
855.54, 145.00
855.83, 142.00
856.11, 146.00
856.39, 142.00
856.68, 146.00
856.96, 145.00
857.24, 144.00
857.52, 148.00
857.81, 146.00
858.09, 141.00
858.37, 144.00
858.65, 146.00
858.94, 138.00
859.22, 146.00
