190.05, 0.00
190.41, 133.00
190.77, 137.00
191.14, 139.00
191.50, 139.00
191.86, 163.00
192.22, 150.00
192.58, 144.00
192.94, 146.00
193.31, 145.00
193.67, 143.00
194.03, 155.00
194.39, 140.00
194.75, 144.00
195.11, 155.00
195.47, 160.00
195.84, 145.00
196.20, 145.00
196.56, 159.00
196.92, 139.00
197.28, 148.00
197.64, 145.00
198.00, 142.00
198.37, 146.00
198.73, 146.00
199.09, 143.00
199.45, 144.00
199.81, 149.00
200.17, 152.00
200.53, 148.00
200.89, 157.00
201.25, 188.00
201.62, 144.00
201.98, 144.00
202.34, 142.00
202.70, 147.00
203.06, 145.00
203.42, 141.00
203.78, 141.00
204.14, 146.00
204.50, 173.00
204.86, 157.00
205.22, 153.00
205.58, 150.00
205.95, 145.00
206.31, 142.00
206.67, 144.00
207.03, 151.00
207.39, 162.00
207.75, 144.00
208.11, 142.00
208.47, 141.00
208.83, 142.00
209.19, 143.00
209.55, 146.00
209.91, 144.00
210.27, 146.00
210.63, 144.00
210.99, 157.00
211.35, 144.00
211.71, 146.00
212.07, 142.00
212.43, 147.00
212.79, 148.00
213.15, 145.00
213.51, 143.00
213.87, 142.00
214.23, 146.00
214.59, 146.00
214.95, 145.00
215.31, 144.00
215.67, 139.00
216.03, 176.00
216.39, 141.00
216.75, 142.00
217.11, 142.00
217.47, 148.00
217.83, 148.00
218.19, 149.00
218.55, 147.00
218.91, 146.00
219.27, 145.00
219.63, 143.00
219.99, 144.00
220.35, 143.00
220.71, 150.00
221.07, 143.00
221.43, 145.00
221.79, 138.00
222.15, 146.00
222.51, 140.00
222.87, 142.00
223.23, 143.00
223.59, 141.00
223.95, 142.00
224.31, 142.00
224.67, 142.00
225.03, 148.00
225.39, 155.00
225.74, 148.00
226.10, 148.00
226.46, 145.00
226.82, 146.00
227.18, 148.00
227.54, 145.00
227.90, 145.00
228.26, 143.00
228.62, 151.00
228.98, 140.00
229.34, 140.00
229.69, 141.00
230.05, 144.00
230.41, 140.00
230.77, 149.00
231.13, 157.00
231.49, 143.00
231.85, 145.00
232.21, 146.00
232.57, 145.00
232.92, 140.00
233.28, 137.00
233.64, 148.00
234.00, 143.00
234.36, 142.00
234.72, 144.00
235.08, 145.00
235.44, 148.00
235.79, 145.00
236.15, 146.00
236.51, 141.00
236.87, 140.00
237.23, 146.00
237.59, 144.00
237.94, 152.00
238.30, 145.00
238.66, 146.00
239.02, 141.00
239.38, 142.00
239.74, 143.00
240.09, 152.00
240.45, 143.00
240.81, 141.00
241.17, 149.00
241.53, 151.00
241.89, 145.00
242.24, 143.00
242.60, 142.00
242.96, 150.00
243.32, 145.00
243.68, 142.00
244.03, 150.00
244.39, 145.00
244.75, 169.00
245.11, 144.00
245.46, 146.00
245.82, 176.00
246.18, 142.00
246.54, 146.00
246.90, 141.00
247.25, 147.00
247.61, 143.00
247.97, 184.00
248.33, 148.00
248.68, 144.00
249.04, 143.00
249.40, 143.00
249.76, 149.00
250.11, 143.00
250.47, 147.00
250.83, 148.00
251.19, 149.00
251.54, 157.00
251.90, 143.00
252.26, 146.00
252.62, 140.00
252.97, 143.00
253.33, 144.00
253.69, 140.00
254.05, 146.00
254.40, 144.00
254.76, 145.00
255.12, 169.00
255.47, 150.00
255.83, 148.00
256.19, 149.00
256.54, 140.00
256.90, 144.00
257.26, 144.00
257.62, 147.00
257.97, 145.00
258.33, 149.00
258.69, 141.00
259.04, 142.00
259.40, 144.00
259.76, 143.00
260.11, 138.00
260.47, 143.00
260.83, 143.00
261.18, 143.00
261.54, 146.00
261.90, 152.00
262.25, 141.00
262.61, 145.00
262.97, 140.00
263.32, 144.00
263.68, 142.00
264.04, 151.00
264.39, 142.00
264.75, 141.00
265.10, 147.00
265.46, 185.00
265.82, 169.00
266.17, 144.00
266.53, 145.00
266.89, 152.00
267.24, 151.00
267.60, 141.00
267.95, 147.00
268.31, 135.00
268.67, 141.00
269.02, 145.00
269.38, 140.00
269.74, 148.00
270.09, 146.00
270.45, 141.00
270.80, 166.00
271.16, 145.00
271.51, 155.00
271.87, 156.00
272.23, 152.00
272.58, 152.00
272.94, 143.00
273.29, 141.00
273.65, 187.00
274.00, 145.00
274.36, 148.00
274.72, 143.00
275.07, 143.00
275.43, 143.00
275.78, 150.00
276.14, 145.00
276.49, 145.00
276.85, 155.00
277.20, 169.00
277.56, 148.00
277.92, 142.00
278.27, 142.00
278.63, 151.00
278.98, 140.00
279.34, 146.00
279.69, 149.00
280.05, 166.00
280.40, 159.00
280.76, 162.00
281.11, 154.00
281.47, 151.00
281.82, 151.00
282.18, 153.00
282.53, 160.00
282.89, 159.00
283.24, 161.00
283.60, 155.00
283.95, 161.00
284.31, 164.00
284.66, 167.00
285.02, 169.00
285.37, 174.00
285.73, 161.00
286.08, 170.00
286.44, 157.00
286.79, 158.00
287.14, 156.00
287.50, 157.00
287.85, 151.00
288.21, 151.00
288.56, 150.00
288.92, 152.00
289.27, 162.00
289.63, 161.00
289.98, 166.00
290.34, 155.00
290.69, 162.00
291.04, 151.00
291.40, 146.00
291.75, 146.00
292.11, 153.00
292.46, 151.00
292.81, 158.00
293.17, 158.00
293.52, 163.00
293.88, 162.00
294.23, 169.00
294.59, 180.00
294.94, 193.00
295.29, 198.00
295.65, 208.00
296.00, 224.00
296.36, 195.00
296.71, 192.00
297.06, 196.00
297.42, 204.00
297.77, 203.00
298.12, 189.00
298.48, 182.00
298.83, 178.00
299.19, 177.00
299.54, 180.00
299.89, 181.00
300.25, 183.00
300.60, 185.00
300.95, 172.00
301.31, 166.00
301.66, 158.00
302.01, 156.00
302.37, 160.00
302.72, 163.00
303.07, 161.00
303.43, 175.00
303.78, 173.00
304.13, 173.00
304.49, 175.00
304.84, 181.00
305.19, 210.00
305.55, 173.00
305.90, 190.00
306.25, 224.00
306.61, 279.00
306.96, 336.00
307.31, 410.00
307.66, 577.00
308.02, 735.00
308.37, 869.00
308.72, 966.00
309.08, 976.00
309.43, 914.00
309.78, 795.00
310.13, 692.00
310.49, 613.00
310.84, 496.00
311.19, 439.00
311.54, 391.00
311.90, 349.00
312.25, 329.00
312.60, 348.00
312.95, 409.00
313.31, 444.00
313.66, 460.00
314.01, 441.00
314.36, 444.00
314.72, 510.00
315.07, 658.00
315.42, 802.00
315.77, 875.00
316.13, 683.00
316.48, 468.00
316.83, 340.00
317.18, 259.00
317.54, 209.00
317.89, 185.00
318.24, 180.00
318.59, 177.00
318.94, 176.00
319.30, 183.00
319.65, 182.00
320.00, 183.00
320.35, 181.00
320.70, 187.00
321.05, 181.00
321.41, 188.00
321.76, 178.00
322.11, 174.00
322.46, 170.00
322.81, 218.00
323.17, 181.00
323.52, 169.00
323.87, 169.00
324.22, 174.00
324.57, 177.00
324.92, 179.00
325.27, 185.00
325.63, 201.00
325.98, 193.00
326.33, 210.00
326.68, 196.00
327.03, 201.00
327.38, 198.00
327.73, 217.00
328.09, 225.00
328.44, 258.00
328.79, 215.00
329.14, 251.00
329.49, 208.00
329.84, 213.00
330.19, 214.00
330.54, 212.00
330.89, 213.00
331.25, 194.00
331.60, 194.00
331.95, 185.00
332.30, 192.00
332.65, 204.00
333.00, 215.00
333.35, 273.00
333.70, 278.00
334.05, 248.00
334.40, 268.00
334.75, 310.00
335.10, 422.00
335.45, 604.00
335.81, 863.00
336.16, 1276.00
336.51, 1772.00
336.86, 1819.00
337.21, 1612.00
337.56, 1002.00
337.91, 613.00
338.26, 371.00
338.61, 259.00
338.96, 218.00
339.31, 199.00
339.66, 190.00
340.01, 196.00
340.36, 184.00
340.71, 175.00
341.06, 175.00
341.41, 177.00
341.76, 172.00
342.11, 174.00
342.46, 169.00
342.81, 178.00
343.16, 177.00
343.51, 178.00
343.86, 183.00
344.21, 174.00
344.56, 179.00
344.91, 175.00
345.26, 188.00
345.61, 179.00
345.96, 176.00
346.31, 176.00
346.66, 199.00
347.01, 168.00
347.36, 194.00
347.71, 175.00
348.06, 172.00
348.41, 191.00
348.76, 204.00
349.10, 212.00
349.45, 232.00
349.80, 228.00
350.15, 217.00
350.50, 217.00
350.85, 218.00
351.20, 227.00
351.55, 262.00
351.90, 322.00
352.25, 389.00
352.60, 498.00
352.95, 641.00
353.30, 689.00
353.64, 626.00
353.99, 499.00
354.34, 406.00
354.69, 375.00
355.04, 385.00
355.39, 472.00
355.74, 605.00
356.09, 782.00
356.44, 962.00
356.78, 1293.00
357.13, 1483.00
357.48, 1425.00
357.83, 1066.00
358.18, 686.00
358.53, 468.00
358.88, 297.00
359.22, 236.00
359.57, 188.00
359.92, 183.00
360.27, 184.00
360.62, 185.00
360.97, 184.00
361.32, 183.00
361.66, 185.00
362.01, 184.00
362.36, 189.00
362.71, 197.00
363.06, 200.00
363.40, 194.00
363.75, 204.00
364.10, 195.00
364.45, 198.00
364.80, 189.00
365.14, 192.00
365.49, 195.00
365.84, 193.00
366.19, 205.00
366.54, 216.00
366.88, 234.00
367.23, 209.00
367.58, 242.00
367.93, 192.00
368.28, 186.00
368.62, 186.00
368.97, 210.00
369.32, 229.00
369.67, 236.00
370.01, 290.00
370.36, 306.00
370.71, 336.00
371.06, 279.00
371.40, 257.00
371.75, 218.00
372.10, 203.00
372.45, 204.00
372.79, 221.00
373.14, 243.00
373.49, 276.00
373.83, 337.00
374.18, 408.00
374.53, 516.00
374.88, 581.00
375.22, 576.00
375.57, 470.00
375.92, 361.00
376.26, 282.00
376.61, 232.00
376.96, 197.00
377.30, 211.00
377.65, 224.00
378.00, 255.00
378.35, 306.00
378.69, 399.00
379.04, 478.00
379.39, 627.00
379.73, 751.00
380.08, 769.00
380.43, 600.00
380.77, 429.00
381.12, 359.00
381.47, 282.00
381.81, 233.00
382.16, 203.00
382.50, 201.00
382.85, 268.00
383.20, 203.00
383.54, 209.00
383.89, 210.00
384.24, 216.00
384.58, 224.00
384.93, 256.00
385.27, 255.00
385.62, 253.00
385.97, 248.00
386.31, 239.00
386.66, 274.00
387.00, 251.00
387.35, 255.00
387.70, 283.00
388.04, 385.00
388.39, 383.00
388.73, 487.00
389.08, 581.00
389.43, 726.00
389.77, 863.00
390.12, 1043.00
390.46, 1439.00
390.81, 1596.00
391.15, 1540.00
391.50, 1154.00
391.85, 736.00
392.19, 520.00
392.54, 362.00
392.88, 294.00
393.23, 297.00
393.57, 299.00
393.92, 290.00
394.26, 259.00
394.61, 227.00
394.95, 207.00
395.30, 189.00
395.64, 184.00
395.99, 232.00
396.33, 189.00
396.68, 200.00
397.02, 205.00
397.37, 221.00
397.71, 241.00
398.06, 273.00
398.40, 311.00
398.75, 366.00
399.09, 392.00
399.44, 394.00
399.78, 333.00
400.13, 274.00
400.47, 222.00
400.82, 203.00
401.16, 188.00
401.51, 191.00
401.85, 176.00
402.20, 189.00
402.54, 190.00
402.88, 200.00
403.23, 203.00
403.57, 220.00
403.92, 246.00
404.26, 326.00
404.61, 305.00
404.95, 400.00
405.30, 363.00
405.64, 344.00
405.98, 302.00
406.33, 255.00
406.67, 216.00
407.02, 204.00
407.36, 203.00
407.70, 207.00
408.05, 208.00
408.39, 222.00
408.74, 230.00
409.08, 237.00
409.42, 218.00
409.77, 208.00
410.11, 216.00
410.46, 199.00
410.80, 205.00
411.14, 213.00
411.49, 231.00
411.83, 247.00
412.17, 226.00
412.52, 235.00
412.86, 250.00
413.20, 253.00
413.55, 260.00
413.89, 239.00
414.23, 230.00
414.58, 252.00
414.92, 203.00
415.26, 201.00
415.61, 203.00
415.95, 201.00
416.29, 208.00
416.64, 211.00
416.98, 213.00
417.32, 216.00
417.67, 247.00
418.01, 263.00
418.35, 273.00
418.70, 303.00
419.04, 349.00
419.38, 333.00
419.72, 321.00
420.07, 278.00
420.41, 233.00
420.75, 211.00
421.10, 208.00
421.44, 197.00
421.78, 205.00
422.12, 202.00
422.47, 217.00
422.81, 223.00
423.15, 242.00
423.49, 231.00
423.84, 229.00
424.18, 237.00
424.52, 257.00
424.86, 295.00
425.21, 369.00
425.55, 406.00
425.89, 482.00
426.23, 552.00
426.57, 672.00
426.92, 710.00
427.26, 744.00
427.60, 628.00
427.94, 435.00
428.28, 340.00
428.63, 265.00
428.97, 222.00
429.31, 204.00
429.65, 192.00
429.99, 197.00
430.34, 185.00
430.68, 191.00
431.02, 199.00
431.36, 190.00
431.70, 198.00
432.04, 193.00
432.39, 209.00
432.73, 221.00
433.07, 232.00
433.41, 239.00
433.75, 246.00
434.09, 242.00
434.43, 226.00
434.78, 211.00
435.12, 209.00
435.46, 201.00
435.80, 223.00
436.14, 223.00
436.48, 207.00
436.82, 226.00
437.16, 219.00
437.51, 218.00
437.85, 210.00
438.19, 245.00
438.53, 210.00
438.87, 226.00
439.21, 210.00
439.55, 227.00
439.89, 237.00
440.23, 234.00
440.57, 243.00
440.91, 244.00
441.26, 230.00
441.60, 223.00
441.94, 219.00
442.28, 211.00
442.62, 208.00
442.96, 201.00
443.30, 201.00
443.64, 195.00
443.98, 204.00
444.32, 205.00
444.66, 197.00
445.00, 200.00
445.34, 209.00
445.68, 206.00
446.02, 206.00
446.36, 202.00
446.70, 202.00
447.04, 212.00
447.38, 237.00
447.72, 213.00
448.06, 217.00
448.40, 219.00
448.74, 210.00
449.08, 210.00
449.42, 197.00
449.76, 202.00
450.10, 190.00
450.44, 198.00
450.78, 202.00
451.12, 199.00
451.46, 199.00
451.80, 205.00
452.14, 193.00
452.48, 194.00
452.82, 192.00
453.16, 189.00
453.50, 198.00
453.84, 193.00
454.18, 235.00
454.52, 205.00
454.86, 203.00
455.19, 221.00
455.53, 209.00
455.87, 214.00
456.21, 228.00
456.55, 220.00
456.89, 224.00
457.23, 224.00
457.57, 215.00
457.91, 220.00
458.25, 213.00
458.59, 229.00
458.92, 233.00
459.26, 230.00
459.60, 243.00
459.94, 216.00
460.28, 210.00
460.62, 202.00
460.96, 191.00
461.30, 190.00
461.63, 189.00
461.97, 188.00
462.31, 197.00
462.65, 204.00
462.99, 214.00
463.33, 208.00
463.67, 214.00
464.00, 225.00
464.34, 220.00
464.68, 225.00
465.02, 236.00
465.36, 233.00
465.70, 220.00
466.03, 218.00
466.37, 208.00
466.71, 215.00
467.05, 224.00
467.39, 242.00
467.72, 252.00
468.06, 261.00
468.40, 274.00
468.74, 275.00
469.08, 291.00
469.41, 315.00
469.75, 326.00
470.09, 354.00
470.43, 351.00
470.76, 306.00
471.10, 287.00
471.44, 269.00
471.78, 266.00
472.11, 252.00
472.45, 241.00
472.79, 236.00
473.13, 232.00
473.46, 239.00
473.80, 233.00
474.14, 226.00
474.48, 230.00
474.81, 212.00
475.15, 220.00
475.49, 224.00
475.82, 224.00
476.16, 215.00
476.50, 210.00
476.84, 213.00
477.17, 217.00
477.51, 210.00
477.85, 210.00
478.18, 232.00
478.52, 211.00
478.86, 269.00
479.19, 228.00
479.53, 220.00
479.87, 264.00
480.20, 235.00
480.54, 230.00
480.88, 215.00
481.21, 218.00
481.55, 229.00
481.89, 217.00
482.22, 218.00
482.56, 224.00
482.90, 222.00
483.23, 220.00
483.57, 218.00
483.90, 218.00
484.24, 215.00
484.58, 218.00
484.91, 220.00
485.25, 221.00
485.58, 224.00
485.92, 229.00
486.26, 222.00
486.59, 229.00
486.93, 228.00
487.26, 227.00
487.60, 233.00
487.94, 227.00
488.27, 229.00
488.61, 229.00
488.94, 223.00
489.28, 229.00
489.61, 220.00
489.95, 228.00
490.29, 235.00
490.62, 241.00
490.96, 233.00
491.29, 246.00
491.63, 231.00
491.96, 226.00
492.30, 228.00
492.63, 231.00
492.97, 219.00
493.30, 220.00
493.64, 224.00
493.97, 223.00
494.31, 227.00
494.64, 236.00
494.98, 230.00
495.31, 232.00
495.65, 230.00
495.98, 225.00
496.32, 228.00
496.65, 255.00
496.99, 223.00
497.32, 215.00
497.66, 222.00
497.99, 211.00
498.33, 212.00
498.66, 217.00
499.00, 223.00
499.33, 222.00
499.67, 224.00
500.00, 226.00
500.34, 229.00
500.67, 235.00
501.00, 230.00
501.34, 226.00
501.67, 225.00
502.01, 228.00
502.34, 219.00
502.68, 240.00
503.01, 235.00
503.34, 238.00
503.68, 239.00
504.01, 242.00
504.35, 238.00
504.68, 245.00
505.01, 245.00
505.35, 248.00
505.68, 244.00
506.02, 250.00
506.35, 243.00
506.68, 262.00
507.02, 245.00
507.35, 239.00
507.68, 247.00
508.02, 247.00
508.35, 245.00
508.69, 236.00
509.02, 238.00
509.35, 241.00
509.69, 228.00
510.02, 235.00
510.35, 229.00
510.69, 232.00
511.02, 228.00
511.35, 225.00
511.69, 230.00
512.02, 221.00
512.35, 230.00
512.68, 218.00
513.02, 226.00
513.35, 223.00
513.68, 221.00
514.02, 229.00
514.35, 222.00
514.68, 220.00
515.01, 225.00
515.35, 222.00
515.68, 212.00
516.01, 209.00
516.35, 213.00
516.68, 206.00
517.01, 215.00
517.34, 215.00
517.68, 210.00
518.01, 214.00
518.34, 209.00
518.67, 221.00
519.01, 225.00
519.34, 217.00
519.67, 235.00
520.00, 224.00
520.33, 234.00
520.67, 219.00
521.00, 225.00
521.33, 233.00
521.66, 237.00
522.00, 233.00
522.33, 236.00
522.66, 224.00
522.99, 222.00
523.32, 231.00
523.65, 226.00
523.99, 225.00
524.32, 221.00
524.65, 220.00
524.98, 219.00
525.31, 228.00
525.65, 255.00
525.98, 226.00
526.31, 220.00
526.64, 231.00
526.97, 222.00
527.30, 213.00
527.63, 214.00
527.97, 214.00
528.30, 209.00
528.63, 223.00
528.96, 235.00
529.29, 212.00
529.62, 220.00
529.95, 212.00
530.28, 212.00
530.61, 208.00
530.95, 205.00
531.28, 215.00
531.61, 222.00
531.94, 219.00
532.27, 233.00
532.60, 226.00
532.93, 216.00
533.26, 214.00
533.59, 214.00
533.92, 212.00
534.25, 205.00
534.58, 249.00
534.91, 211.00
535.25, 200.00
535.58, 203.00
535.91, 208.00
536.24, 211.00
536.57, 211.00
536.90, 208.00
537.23, 209.00
537.56, 251.00
537.89, 200.00
538.22, 194.00
538.55, 203.00
538.88, 209.00
539.21, 322.00
539.54, 198.00
539.87, 203.00
540.20, 203.00
540.53, 200.00
540.86, 230.00
541.19, 192.00
541.52, 197.00
541.85, 210.00
542.18, 220.00
542.51, 221.00
542.84, 215.00
543.17, 217.00
543.50, 213.00
543.82, 215.00
544.15, 221.00
544.48, 216.00
544.81, 213.00
545.14, 244.00
545.47, 214.00
545.80, 250.00
546.13, 212.00
546.46, 245.00
546.79, 236.00
547.12, 206.00
547.45, 204.00
547.78, 208.00
548.10, 208.00
548.43, 215.00
548.76, 207.00
549.09, 197.00
549.42, 204.00
549.75, 208.00
550.08, 207.00
550.41, 214.00
550.74, 213.00
551.06, 204.00
551.39, 208.00
551.72, 200.00
552.05, 203.00
552.38, 202.00
552.71, 201.00
553.03, 206.00
553.36, 212.00
553.69, 208.00
554.02, 208.00
554.35, 213.00
554.68, 207.00
555.00, 216.00
555.33, 211.00
555.66, 208.00
555.99, 229.00
556.32, 212.00
556.64, 219.00
556.97, 237.00
557.30, 233.00
557.63, 233.00
557.96, 233.00
558.28, 240.00
558.61, 226.00
558.94, 224.00
559.27, 225.00
559.59, 230.00
559.92, 223.00
560.25, 221.00
560.58, 219.00
560.90, 226.00
561.23, 216.00
561.56, 215.00
561.89, 211.00
562.21, 214.00
562.54, 208.00
562.87, 204.00
563.20, 201.00
563.52, 194.00
563.85, 196.00
564.18, 218.00
564.50, 204.00
564.83, 228.00
565.16, 246.00
565.48, 194.00
565.81, 201.00
566.14, 193.00
566.47, 186.00
566.79, 195.00
567.12, 191.00
567.45, 220.00
567.77, 196.00
568.10, 192.00
568.43, 196.00
568.75, 194.00
569.08, 193.00
569.40, 236.00
569.73, 193.00
570.06, 189.00
570.38, 192.00
570.71, 191.00
571.04, 190.00
571.36, 203.00
571.69, 189.00
572.01, 194.00
572.34, 195.00
572.67, 202.00
572.99, 191.00
573.32, 214.00
573.64, 193.00
573.97, 194.00
574.30, 188.00
574.62, 194.00
574.95, 194.00
575.27, 194.00
575.60, 188.00
575.92, 192.00
576.25, 189.00
576.58, 195.00
576.90, 189.00
577.23, 230.00
577.55, 195.00
577.88, 187.00
578.20, 194.00
578.53, 191.00
578.85, 214.00
579.18, 200.00
579.50, 186.00
579.83, 187.00
580.15, 202.00
580.48, 197.00
580.80, 196.00
581.13, 197.00
581.45, 193.00
581.78, 191.00
582.10, 204.00
582.43, 202.00
582.75, 194.00
583.08, 188.00
583.40, 184.00
583.73, 269.00
584.05, 194.00
584.38, 190.00
584.70, 245.00
585.03, 197.00
585.35, 200.00
585.67, 198.00
586.00, 219.00
586.32, 234.00
586.65, 248.00
586.97, 241.00
587.30, 233.00
587.62, 218.00
587.94, 229.00
588.27, 212.00
588.59, 200.00
588.92, 204.00
589.24, 201.00
589.56, 205.00
589.89, 204.00
590.21, 207.00
590.54, 191.00
590.86, 200.00
591.18, 192.00
591.51, 197.00
591.83, 215.00
592.15, 206.00
592.48, 211.00
592.80, 208.00
593.13, 207.00
593.45, 217.00
593.77, 214.00
594.10, 222.00
594.42, 219.00
594.74, 220.00
595.07, 221.00
595.39, 227.00
595.71, 227.00
596.03, 228.00
596.36, 227.00
596.68, 233.00
597.00, 239.00
597.33, 241.00
597.65, 239.00
597.97, 237.00
598.30, 239.00
598.62, 233.00
598.94, 238.00
599.26, 239.00
599.59, 240.00
599.91, 242.00
600.23, 229.00
600.55, 220.00
600.88, 232.00
601.20, 214.00
601.52, 217.00
601.84, 205.00
602.17, 200.00
602.49, 199.00
602.81, 192.00
603.13, 202.00
603.45, 210.00
603.78, 200.00
604.10, 198.00
604.42, 192.00
604.74, 191.00
605.07, 192.00
605.39, 188.00
605.71, 187.00
606.03, 190.00
606.35, 190.00
606.67, 190.00
607.00, 192.00
607.32, 189.00
607.64, 182.00
607.96, 178.00
608.28, 184.00
608.60, 178.00
608.93, 179.00
609.25, 178.00
609.57, 185.00
609.89, 185.00
610.21, 182.00
610.53, 178.00
610.85, 183.00
611.17, 183.00
611.50, 182.00
611.82, 184.00
612.14, 176.00
612.46, 177.00
612.78, 173.00
613.10, 187.00
613.42, 177.00
613.74, 198.00
614.06, 230.00
614.38, 213.00
614.70, 219.00
615.03, 216.00
615.35, 213.00
615.67, 307.00
615.99, 194.00
616.31, 196.00
616.63, 188.00
616.95, 188.00
617.27, 184.00
617.59, 181.00
617.91, 182.00
618.23, 180.00
618.55, 173.00
618.87, 173.00
619.19, 175.00
619.51, 170.00
619.83, 169.00
620.15, 176.00
620.47, 171.00
620.79, 175.00
621.11, 176.00
621.43, 177.00
621.75, 189.00
622.07, 178.00
622.39, 177.00
622.71, 178.00
623.03, 175.00
623.35, 226.00
623.67, 177.00
623.99, 178.00
624.31, 175.00
624.63, 176.00
624.95, 178.00
625.26, 177.00
625.58, 181.00
625.90, 202.00
626.22, 173.00
626.54, 176.00
626.86, 186.00
627.18, 177.00
627.50, 177.00
627.82, 180.00
628.14, 172.00
628.46, 183.00
628.77, 177.00
629.09, 184.00
629.41, 184.00
629.73, 186.00
630.05, 190.00
630.37, 181.00
630.69, 196.00
631.00, 201.00
631.32, 200.00
631.64, 188.00
631.96, 193.00
632.28, 189.00
632.60, 188.00
632.92, 194.00
633.23, 192.00
633.55, 202.00
633.87, 196.00
634.19, 202.00
634.51, 211.00
634.82, 223.00
635.14, 220.00
635.46, 217.00
635.78, 215.00
636.10, 211.00
636.41, 218.00
636.73, 213.00
637.05, 218.00
637.37, 216.00
637.68, 208.00
638.00, 211.00
638.32, 222.00
638.64, 226.00
638.95, 238.00
639.27, 234.00
639.59, 233.00
639.91, 220.00
640.22, 219.00
640.54, 215.00
640.86, 208.00
641.18, 216.00
641.49, 230.00
641.81, 217.00
642.13, 217.00
642.44, 207.00
642.76, 203.00
643.08, 210.00
643.40, 203.00
643.71, 210.00
644.03, 216.00
644.35, 220.00
644.66, 222.00
644.98, 210.00
645.30, 209.00
645.61, 228.00
645.93, 194.00
646.25, 201.00
646.56, 197.00
646.88, 224.00
647.19, 192.00
647.51, 198.00
647.83, 187.00
648.14, 184.00
648.46, 186.00
648.78, 196.00
649.09, 196.00
649.41, 240.00
649.72, 206.00
650.04, 209.00
650.36, 213.00
650.67, 211.00
650.99, 217.00
651.30, 214.00
651.62, 216.00
651.93, 215.00
652.25, 235.00
652.57, 258.00
652.88, 214.00
653.20, 216.00
653.51, 217.00
653.83, 204.00
654.14, 204.00
654.46, 201.00
654.77, 201.00
655.09, 210.00
655.40, 210.00
655.72, 201.00
656.04, 191.00
656.35, 199.00
656.67, 191.00
656.98, 197.00
657.30, 195.00
657.61, 200.00
657.93, 206.00
658.24, 211.00
658.55, 249.00
658.87, 212.00
659.18, 204.00
659.50, 217.00
659.81, 217.00
660.13, 216.00
660.44, 212.00
660.76, 207.00
661.07, 224.00
661.39, 206.00
661.70, 202.00
662.01, 188.00
662.33, 188.00
662.64, 186.00
662.96, 171.00
663.27, 181.00
663.59, 182.00
663.90, 178.00
664.21, 178.00
664.53, 200.00
664.84, 182.00
665.16, 209.00
665.47, 191.00
665.78, 181.00
666.10, 191.00
666.41, 196.00
666.72, 205.00
667.04, 213.00
667.35, 203.00
667.67, 194.00
667.98, 196.00
668.29, 196.00
668.61, 192.00
668.92, 199.00
669.23, 193.00
669.55, 190.00
669.86, 216.00
670.17, 182.00
670.48, 177.00
670.80, 183.00
671.11, 178.00
671.42, 182.00
671.74, 179.00
672.05, 177.00
672.36, 183.00
672.68, 184.00
672.99, 176.00
673.30, 186.00
673.61, 191.00
673.93, 199.00
674.24, 201.00
674.55, 205.00
674.86, 210.00
675.18, 205.00
675.49, 214.00
675.80, 209.00
676.11, 209.00
676.43, 214.00
676.74, 206.00
677.05, 206.00
677.36, 221.00
677.67, 212.00
677.99, 204.00
678.30, 198.00
678.61, 193.00
678.92, 199.00
679.23, 193.00
679.55, 190.00
679.86, 184.00
680.17, 182.00
680.48, 188.00
680.79, 185.00
681.10, 169.00
681.42, 180.00
681.73, 171.00
682.04, 172.00
682.35, 170.00
682.66, 176.00
682.97, 174.00
683.28, 182.00
683.60, 177.00
683.91, 182.00
684.22, 187.00
684.53, 176.00
684.84, 175.00
685.15, 172.00
685.46, 193.00
685.77, 165.00
686.08, 169.00
686.40, 210.00
686.71, 169.00
687.02, 172.00
687.33, 164.00
687.64, 157.00
687.95, 164.00
688.26, 160.00
688.57, 165.00
688.88, 161.00
689.19, 161.00
689.50, 160.00
689.81, 164.00
690.12, 159.00
690.43, 174.00
690.74, 160.00
691.05, 158.00
691.36, 169.00
691.67, 163.00
691.98, 155.00
692.29, 159.00
692.60, 160.00
692.91, 159.00
693.22, 161.00
693.53, 155.00
693.84, 166.00
694.15, 157.00
694.46, 152.00
694.77, 157.00
695.08, 160.00
695.39, 168.00
695.70, 153.00
696.01, 164.00
696.32, 150.00
696.63, 164.00
696.94, 162.00
697.25, 155.00
697.56, 165.00
697.87, 166.00
698.17, 201.00
698.48, 163.00
698.79, 158.00
699.10, 159.00
699.41, 160.00
699.72, 156.00
700.03, 161.00
700.34, 162.00
700.65, 160.00
700.95, 158.00
701.26, 159.00
701.57, 157.00
701.88, 153.00
702.19, 173.00
702.50, 166.00
702.81, 157.00
703.11, 178.00
703.42, 159.00
703.73, 162.00
704.04, 164.00
704.35, 162.00
704.66, 191.00
704.96, 262.00
705.27, 310.00
705.58, 328.00
705.89, 309.00
706.20, 258.00
706.50, 242.00
706.81, 225.00
707.12, 198.00
707.43, 190.00
707.73, 179.00
708.04, 159.00
708.35, 160.00
708.66, 159.00
708.97, 152.00
709.27, 163.00
709.58, 161.00
709.89, 152.00
710.19, 156.00
710.50, 162.00
710.81, 158.00
711.12, 160.00
711.42, 159.00
711.73, 167.00
712.04, 156.00
712.35, 163.00
712.65, 162.00
712.96, 166.00
713.27, 161.00
713.57, 192.00
713.88, 177.00
714.19, 156.00
714.49, 156.00
714.80, 163.00
715.11, 161.00
715.41, 157.00
715.72, 156.00
716.03, 154.00
716.33, 171.00
716.64, 159.00
716.94, 160.00
717.25, 155.00
717.56, 163.00
717.86, 157.00
718.17, 153.00
718.48, 148.00
718.78, 155.00
719.09, 161.00
719.39, 152.00
719.70, 158.00
720.01, 156.00
720.31, 155.00
720.62, 156.00
720.92, 159.00
721.23, 167.00
721.53, 163.00
721.84, 160.00
722.15, 171.00
722.45, 161.00
722.76, 159.00
723.06, 156.00
723.37, 161.00
723.67, 164.00
723.98, 160.00
724.28, 163.00
724.59, 168.00
724.89, 165.00
725.20, 161.00
725.50, 172.00
725.81, 161.00
726.11, 159.00
726.42, 166.00
726.72, 165.00
727.03, 205.00
727.33, 170.00
727.64, 169.00
727.94, 173.00
728.25, 159.00
728.55, 157.00
728.86, 185.00
729.16, 158.00
729.46, 156.00
729.77, 163.00
730.07, 155.00
730.38, 154.00
730.68, 157.00
730.99, 165.00
731.29, 157.00
731.59, 163.00
731.90, 156.00
732.20, 158.00
732.51, 160.00
732.81, 161.00
733.11, 160.00
733.42, 162.00
733.72, 164.00
734.02, 160.00
734.33, 158.00
734.63, 162.00
734.94, 160.00
735.24, 166.00
735.54, 162.00
735.85, 162.00
736.15, 162.00
736.45, 159.00
736.76, 154.00
737.06, 151.00
737.36, 155.00
737.67, 160.00
737.97, 160.00
738.27, 159.00
738.57, 160.00
738.88, 154.00
739.18, 191.00
739.48, 158.00
739.79, 153.00
740.09, 159.00
740.39, 155.00
740.69, 163.00
741.00, 151.00
741.30, 163.00
741.60, 154.00
741.90, 159.00
742.21, 158.00
742.51, 212.00
742.81, 164.00
743.11, 162.00
743.42, 194.00
743.72, 167.00
744.02, 168.00
744.32, 176.00
744.63, 185.00
744.93, 179.00
745.23, 175.00
745.53, 183.00
745.83, 177.00
746.13, 180.00
746.44, 180.00
746.74, 178.00
747.04, 184.00
747.34, 187.00
747.64, 180.00
747.94, 179.00
748.25, 182.00
748.55, 181.00
748.85, 187.00
749.15, 185.00
749.45, 206.00
749.75, 206.00
750.05, 182.00
750.35, 167.00
750.66, 181.00
750.96, 166.00
751.26, 159.00
751.56, 160.00
751.86, 167.00
752.16, 157.00
752.46, 153.00
752.76, 153.00
753.06, 157.00
753.36, 197.00
753.66, 155.00
753.96, 160.00
754.27, 159.00
754.57, 158.00
754.87, 163.00
755.17, 159.00
755.47, 159.00
755.77, 159.00
756.07, 162.00
756.37, 164.00
756.67, 171.00
756.97, 168.00
757.27, 171.00
757.57, 162.00
757.87, 169.00
758.17, 164.00
758.47, 170.00
758.77, 166.00
759.07, 166.00
759.37, 170.00
759.67, 166.00
759.97, 175.00
760.27, 166.00
760.57, 170.00
760.86, 167.00
761.16, 167.00
761.46, 160.00
761.76, 199.00
762.06, 163.00
762.36, 165.00
762.66, 157.00
762.96, 157.00
763.26, 160.00
763.56, 197.00
763.86, 165.00
764.16, 157.00
764.45, 169.00
764.75, 157.00
765.05, 158.00
765.35, 153.00
765.65, 155.00
765.95, 150.00
766.25, 162.00
766.55, 164.00
766.84, 158.00
767.14, 159.00
767.44, 157.00
767.74, 165.00
768.04, 165.00
768.34, 165.00
768.63, 167.00
768.93, 164.00
769.23, 172.00
769.53, 164.00
769.83, 165.00
770.12, 171.00
770.42, 166.00
770.72, 168.00
771.02, 169.00
771.32, 165.00
771.61, 167.00
771.91, 172.00
772.21, 162.00
772.51, 170.00
772.80, 166.00
773.10, 168.00
773.40, 172.00
773.70, 164.00
773.99, 178.00
774.29, 177.00
774.59, 180.00
774.88, 166.00
775.18, 202.00
775.48, 425.00
775.78, 793.00
776.07, 1019.00
776.37, 1052.00
776.67, 820.00
776.96, 569.00
777.26, 492.00
777.56, 371.00
777.85, 341.00
778.15, 310.00
778.45, 274.00
778.74, 249.00
779.04, 202.00
779.34, 184.00
779.63, 167.00
779.93, 158.00
780.22, 147.00
780.52, 158.00
780.82, 149.00
781.11, 151.00
781.41, 149.00
781.71, 150.00
782.00, 154.00
782.30, 153.00
782.59, 162.00
782.89, 154.00
783.19, 152.00
783.48, 146.00
783.78, 152.00
784.07, 161.00
784.37, 158.00
784.66, 148.00
784.96, 150.00
785.25, 149.00
785.55, 157.00
785.84, 154.00
786.14, 154.00
786.44, 151.00
786.73, 149.00
787.03, 144.00
787.32, 144.00
787.62, 149.00
787.91, 149.00
788.21, 152.00
788.50, 145.00
788.80, 150.00
789.09, 152.00
789.39, 154.00
789.68, 147.00
789.97, 151.00
790.27, 152.00
790.56, 150.00
790.86, 156.00
791.15, 150.00
791.45, 145.00
791.74, 169.00
792.04, 146.00
792.33, 143.00
792.62, 175.00
792.92, 142.00
793.21, 145.00
793.51, 150.00
793.80, 144.00
794.09, 152.00
794.39, 144.00
794.68, 147.00
794.98, 145.00
795.27, 147.00
795.56, 146.00
795.86, 151.00
796.15, 147.00
796.44, 151.00
796.74, 144.00
797.03, 143.00
797.32, 144.00
797.62, 145.00
797.91, 155.00
798.20, 151.00
798.50, 152.00
798.79, 162.00
799.08, 146.00
799.38, 148.00
799.67, 145.00
799.96, 158.00
800.26, 171.00
800.55, 152.00
800.84, 150.00
801.13, 142.00
801.43, 146.00
801.72, 184.00
802.01, 145.00
802.30, 146.00
802.60, 146.00
802.89, 149.00
803.18, 149.00
803.47, 144.00
803.77, 156.00
804.06, 151.00
804.35, 152.00
804.64, 162.00
804.94, 144.00
805.23, 149.00
805.52, 145.00
805.81, 153.00
806.10, 154.00
806.39, 146.00
806.69, 149.00
806.98, 147.00
807.27, 145.00
807.56, 152.00
807.85, 151.00
808.14, 145.00
808.44, 156.00
808.73, 142.00
809.02, 166.00
809.31, 152.00
809.60, 143.00
809.89, 152.00
810.18, 145.00
810.48, 157.00
810.77, 148.00
811.06, 142.00
811.35, 144.00
811.64, 149.00
811.93, 170.00
812.22, 141.00
812.51, 145.00
812.80, 146.00
813.09, 146.00
813.38, 145.00
813.67, 164.00
813.96, 149.00
814.26, 145.00
814.55, 144.00
814.84, 141.00
815.13, 152.00
815.42, 147.00
815.71, 147.00
816.00, 146.00
816.29, 155.00
816.58, 151.00
816.87, 148.00
817.16, 143.00
817.45, 154.00
817.74, 148.00
818.03, 145.00
818.32, 144.00
818.61, 147.00
818.90, 150.00
819.19, 151.00
819.48, 145.00
819.76, 146.00
820.05, 145.00
820.34, 151.00
820.63, 145.00
820.92, 146.00
821.21, 143.00
821.50, 141.00
821.79, 146.00
822.08, 146.00
822.37, 150.00
822.66, 148.00
822.95, 151.00
823.23, 143.00
823.52, 160.00
823.81, 152.00
824.10, 139.00
824.39, 145.00
824.68, 140.00
824.97, 159.00
825.26, 143.00
825.54, 191.00
825.83, 148.00
826.12, 146.00
826.41, 146.00
826.70, 146.00
826.99, 146.00
827.27, 148.00
827.56, 166.00
827.85, 143.00
828.14, 141.00
828.43, 152.00
828.71, 147.00
829.00, 146.00
829.29, 142.00
829.58, 144.00
829.86, 141.00
830.15, 148.00
830.44, 146.00
830.73, 149.00
831.01, 145.00
831.30, 144.00
831.59, 147.00
831.88, 142.00
832.16, 142.00
832.45, 150.00
832.74, 147.00
833.03, 142.00
833.31, 146.00
833.60, 148.00
833.89, 145.00
834.17, 149.00
834.46, 143.00
834.75, 141.00
835.03, 141.00
835.32, 142.00
835.61, 149.00
835.89, 160.00
836.18, 147.00
836.47, 144.00
836.75, 143.00
837.04, 143.00
837.33, 144.00
837.61, 149.00
837.90, 144.00
838.19, 141.00
838.47, 145.00
838.76, 144.00
839.04, 141.00
839.33, 144.00
839.62, 136.00
839.90, 145.00
840.19, 143.00
840.47, 144.00
840.76, 169.00
841.04, 147.00
841.33, 146.00
841.62, 141.00
841.90, 142.00
842.19, 145.00
842.47, 306.00
842.76, 145.00
843.04, 150.00
843.33, 174.00
843.61, 169.00
843.90, 176.00
844.18, 169.00
844.47, 169.00
844.75, 160.00
845.04, 161.00
845.32, 154.00
845.61, 154.00
845.89, 149.00
846.18, 149.00
846.46, 148.00
846.75, 151.00
847.03, 160.00
847.32, 151.00
847.60, 141.00
847.88, 143.00
848.17, 149.00
848.45, 160.00
848.74, 148.00
849.02, 143.00
849.31, 144.00
849.59, 145.00
849.87, 146.00
850.16, 141.00
850.44, 145.00
850.73, 174.00
851.01, 145.00
851.29, 143.00
851.58, 150.00
851.86, 142.00
852.14, 142.00
852.43, 145.00
852.71, 147.00
853.00, 147.00
853.28, 148.00
853.56, 148.00
853.85, 143.00
854.13, 144.00
854.41, 143.00
854.69, 145.00
854.98, 144.00
855.26, 202.00
855.54, 150.00
855.83, 145.00
856.11, 148.00
856.39, 149.00
856.68, 146.00
856.96, 146.00
857.24, 144.00
857.52, 147.00
857.81, 145.00
858.09, 142.00
858.37, 147.00
858.65, 144.00
858.94, 144.00
859.22, 141.00
