190.05, 0.00
190.41, 134.00
190.77, 135.00
191.14, 138.00
191.50, 136.00
191.86, 156.00
192.22, 150.00
192.58, 144.00
192.94, 144.00
193.31, 148.00
193.67, 147.00
194.03, 152.00
194.39, 140.00
194.75, 142.00
195.11, 154.00
195.47, 163.00
195.84, 144.00
196.20, 145.00
196.56, 161.00
196.92, 144.00
197.28, 145.00
197.64, 143.00
198.00, 145.00
198.37, 145.00
198.73, 145.00
199.09, 146.00
199.45, 143.00
199.81, 148.00
200.17, 156.00
200.53, 143.00
200.89, 157.00
201.25, 183.00
201.62, 145.00
201.98, 147.00
202.34, 147.00
202.70, 150.00
203.06, 142.00
203.42, 144.00
203.78, 146.00
204.14, 145.00
204.50, 174.00
204.86, 152.00
205.22, 153.00
205.58, 149.00
205.95, 144.00
206.31, 142.00
206.67, 145.00
207.03, 152.00
207.39, 156.00
207.75, 144.00
208.11, 143.00
208.47, 144.00
208.83, 152.00
209.19, 146.00
209.55, 145.00
209.91, 148.00
210.27, 149.00
210.63, 143.00
210.99, 150.00
211.35, 151.00
211.71, 149.00
212.07, 143.00
212.43, 148.00
212.79, 146.00
213.15, 147.00
213.51, 148.00
213.87, 149.00
214.23, 143.00
214.59, 146.00
214.95, 146.00
215.31, 148.00
215.67, 143.00
216.03, 174.00
216.39, 145.00
216.75, 142.00
217.11, 144.00
217.47, 144.00
217.83, 140.00
218.19, 145.00
218.55, 148.00
218.91, 148.00
219.27, 144.00
219.63, 144.00
219.99, 143.00
220.35, 143.00
220.71, 147.00
221.07, 143.00
221.43, 145.00
221.79, 147.00
222.15, 147.00
222.51, 139.00
222.87, 145.00
223.23, 142.00
223.59, 141.00
223.95, 146.00
224.31, 143.00
224.67, 143.00
225.03, 152.00
225.39, 150.00
225.74, 151.00
226.10, 146.00
226.46, 144.00
226.82, 152.00
227.18, 148.00
227.54, 146.00
227.90, 148.00
228.26, 147.00
228.62, 152.00
228.98, 148.00
229.34, 142.00
229.69, 143.00
230.05, 147.00
230.41, 144.00
230.77, 148.00
231.13, 154.00
231.49, 140.00
231.85, 137.00
232.21, 153.00
232.57, 147.00
232.92, 145.00
233.28, 141.00
233.64, 150.00
234.00, 140.00
234.36, 144.00
234.72, 141.00
235.08, 144.00
235.44, 146.00
235.79, 140.00
236.15, 147.00
236.51, 141.00
236.87, 140.00
237.23, 148.00
237.59, 143.00
237.94, 148.00
238.30, 145.00
238.66, 141.00
239.02, 145.00
239.38, 143.00
239.74, 142.00
240.09, 151.00
240.45, 144.00
240.81, 145.00
241.17, 145.00
241.53, 145.00
241.89, 143.00
242.24, 143.00
242.60, 141.00
242.96, 150.00
243.32, 146.00
243.68, 141.00
244.03, 149.00
244.39, 147.00
244.75, 159.00
245.11, 144.00
245.46, 149.00
245.82, 169.00
246.18, 142.00
246.54, 149.00
246.90, 144.00
247.25, 144.00
247.61, 142.00
247.97, 182.00
248.33, 148.00
248.68, 143.00
249.04, 140.00
249.40, 138.00
249.76, 144.00
250.11, 144.00
250.47, 150.00
250.83, 147.00
251.19, 147.00
251.54, 155.00
251.90, 147.00
252.26, 145.00
252.62, 139.00
252.97, 149.00
253.33, 142.00
253.69, 144.00
254.05, 149.00
254.40, 142.00
254.76, 141.00
255.12, 169.00
255.47, 144.00
255.83, 143.00
256.19, 149.00
256.54, 140.00
256.90, 139.00
257.26, 141.00
257.62, 143.00
257.97, 141.00
258.33, 148.00
258.69, 140.00
259.04, 144.00
259.40, 142.00
259.76, 148.00
260.11, 143.00
260.47, 141.00
260.83, 150.00
261.18, 143.00
261.54, 155.00
261.90, 144.00
262.25, 146.00
262.61, 145.00
262.97, 146.00
263.32, 143.00
263.68, 140.00
264.04, 143.00
264.39, 144.00
264.75, 146.00
265.10, 145.00
265.46, 189.00
265.82, 158.00
266.17, 143.00
266.53, 142.00
266.89, 146.00
267.24, 148.00
267.60, 132.00
267.95, 144.00
268.31, 135.00
268.67, 141.00
269.02, 144.00
269.38, 140.00
269.74, 145.00
270.09, 146.00
270.45, 144.00
270.80, 165.00
271.16, 148.00
271.51, 154.00
271.87, 152.00
272.23, 150.00
272.58, 151.00
272.94, 140.00
273.29, 143.00
273.65, 192.00
274.00, 144.00
274.36, 154.00
274.72, 143.00
275.07, 144.00
275.43, 146.00
275.78, 148.00
276.14, 143.00
276.49, 149.00
276.85, 155.00
277.20, 170.00
277.56, 146.00
277.92, 138.00
278.27, 146.00
278.63, 156.00
278.98, 151.00
279.34, 148.00
279.69, 144.00
280.05, 168.00
280.40, 161.00
280.76, 160.00
281.11, 148.00
281.47, 147.00
281.82, 148.00
282.18, 152.00
282.53, 160.00
282.89, 164.00
283.24, 166.00
283.60, 155.00
283.95, 163.00
284.31, 165.00
284.66, 165.00
285.02, 160.00
285.37, 169.00
285.73, 167.00
286.08, 165.00
286.44, 158.00
286.79, 155.00
287.14, 161.00
287.50, 163.00
287.85, 148.00
288.21, 156.00
288.56, 149.00
288.92, 157.00
289.27, 152.00
289.63, 158.00
289.98, 161.00
290.34, 149.00
290.69, 162.00
291.04, 152.00
291.40, 155.00
291.75, 148.00
292.11, 158.00
292.46, 149.00
292.81, 162.00
293.17, 149.00
293.52, 157.00
293.88, 160.00
294.23, 163.00
294.59, 177.00
294.94, 186.00
295.29, 192.00
295.65, 206.00
296.00, 223.00
296.36, 201.00
296.71, 193.00
297.06, 196.00
297.42, 204.00
297.77, 204.00
298.12, 193.00
298.48, 183.00
298.83, 182.00
299.19, 181.00
299.54, 182.00
299.89, 181.00
300.25, 181.00
300.60, 186.00
300.95, 179.00
301.31, 164.00
301.66, 156.00
302.01, 155.00
302.37, 158.00
302.72, 163.00
303.07, 164.00
303.43, 169.00
303.78, 173.00
304.13, 179.00
304.49, 174.00
304.84, 179.00
305.19, 215.00
305.55, 178.00
305.90, 185.00
306.25, 218.00
306.61, 278.00
306.96, 329.00
307.31, 419.00
307.66, 565.00
308.02, 725.00
308.37, 848.00
308.72, 932.00
309.08, 954.00
309.43, 903.00
309.78, 787.00
310.13, 680.00
310.49, 590.00
310.84, 485.00
311.19, 438.00
311.54, 384.00
311.90, 342.00
312.25, 330.00
312.60, 329.00
312.95, 401.00
313.31, 436.00
313.66, 443.00
314.01, 434.00
314.36, 463.00
314.72, 497.00
315.07, 648.00
315.42, 809.00
315.77, 848.00
316.13, 688.00
316.48, 472.00
316.83, 324.00
317.18, 251.00
317.54, 209.00
317.89, 187.00
318.24, 184.00
318.59, 174.00
318.94, 172.00
319.30, 176.00
319.65, 180.00
320.00, 179.00
320.35, 184.00
320.70, 186.00
321.05, 176.00
321.41, 186.00
321.76, 183.00
322.11, 178.00
322.46, 164.00
322.81, 210.00
323.17, 172.00
323.52, 165.00
323.87, 164.00
324.22, 173.00
324.57, 172.00
324.92, 175.00
325.27, 179.00
325.63, 191.00
325.98, 195.00
326.33, 199.00
326.68, 199.00
327.03, 198.00
327.38, 193.00
327.73, 208.00
328.09, 223.00
328.44, 248.00
328.79, 220.00
329.14, 246.00
329.49, 214.00
329.84, 212.00
330.19, 211.00
330.54, 208.00
330.89, 209.00
331.25, 192.00
331.60, 188.00
331.95, 184.00
332.30, 192.00
332.65, 197.00
333.00, 214.00
333.35, 263.00
333.70, 279.00
334.05, 251.00
334.40, 267.00
334.75, 302.00
335.10, 413.00
335.45, 582.00
335.81, 851.00
336.16, 1247.00
336.51, 1729.00
336.86, 1824.00
337.21, 1594.00
337.56, 980.00
337.91, 596.00
338.26, 366.00
338.61, 261.00
338.96, 214.00
339.31, 196.00
339.66, 184.00
340.01, 191.00
340.36, 179.00
340.71, 187.00
341.06, 175.00
341.41, 184.00
341.76, 173.00
342.11, 174.00
342.46, 175.00
342.81, 181.00
343.16, 173.00
343.51, 180.00
343.86, 184.00
344.21, 178.00
344.56, 180.00
344.91, 173.00
345.26, 183.00
345.61, 181.00
345.96, 173.00
346.31, 169.00
346.66, 202.00
347.01, 177.00
347.36, 193.00
347.71, 176.00
348.06, 175.00
348.41, 192.00
348.76, 206.00
349.10, 209.00
349.45, 226.00
349.80, 222.00
350.15, 223.00
350.50, 211.00
350.85, 208.00
351.20, 221.00
351.55, 258.00
351.90, 309.00
352.25, 376.00
352.60, 488.00
352.95, 632.00
353.30, 687.00
353.64, 614.00
353.99, 481.00
354.34, 400.00
354.69, 359.00
355.04, 388.00
355.39, 457.00
355.74, 588.00
356.09, 755.00
356.44, 943.00
356.78, 1274.00
357.13, 1453.00
357.48, 1420.00
357.83, 1077.00
358.18, 697.00
358.53, 459.00
358.88, 289.00
359.22, 235.00
359.57, 193.00
359.92, 187.00
360.27, 183.00
360.62, 190.00
360.97, 185.00
361.32, 185.00
361.66, 180.00
362.01, 186.00
362.36, 183.00
362.71, 191.00
363.06, 198.00
363.40, 198.00
363.75, 195.00
364.10, 198.00
364.45, 193.00
364.80, 190.00
365.14, 191.00
365.49, 190.00
365.84, 197.00
366.19, 206.00
366.54, 213.00
366.88, 232.00
367.23, 204.00
367.58, 239.00
367.93, 190.00
368.28, 180.00
368.62, 190.00
368.97, 208.00
369.32, 217.00
369.67, 233.00
370.01, 284.00
370.36, 301.00
370.71, 329.00
371.06, 277.00
371.40, 251.00
371.75, 208.00
372.10, 203.00
372.45, 199.00
372.79, 214.00
373.14, 238.00
373.49, 272.00
373.83, 332.00
374.18, 400.00
374.53, 493.00
374.88, 557.00
375.22, 577.00
375.57, 465.00
375.92, 349.00
376.26, 271.00
376.61, 224.00
376.96, 210.00
377.30, 214.00
377.65, 224.00
378.00, 253.00
378.35, 298.00
378.69, 379.00
379.04, 472.00
379.39, 618.00
379.73, 740.00
380.08, 751.00
380.43, 579.00
380.77, 422.00
381.12, 358.00
381.47, 275.00
381.81, 225.00
382.16, 195.00
382.50, 201.00
382.85, 272.00
383.20, 196.00
383.54, 202.00
383.89, 207.00
384.24, 214.00
384.58, 230.00
384.93, 258.00
385.27, 254.00
385.62, 244.00
385.97, 251.00
386.31, 242.00
386.66, 274.00
387.00, 236.00
387.35, 259.00
387.70, 279.00
388.04, 381.00
388.39, 387.00
388.73, 473.00
389.08, 589.00
389.43, 713.00
389.77, 854.00
390.12, 1057.00
390.46, 1460.00
390.81, 1589.00
391.15, 1556.00
391.50, 1178.00
391.85, 749.00
392.19, 524.00
392.54, 346.00
392.88, 290.00
393.23, 287.00
393.57, 291.00
393.92, 292.00
394.26, 251.00
394.61, 225.00
394.95, 212.00
395.30, 183.00
395.64, 182.00
395.99, 220.00
396.33, 196.00
396.68, 192.00
397.02, 206.00
397.37, 215.00
397.71, 243.00
398.06, 272.00
398.40, 303.00
398.75, 352.00
399.09, 388.00
399.44, 388.00
399.78, 319.00
400.13, 280.00
400.47, 225.00
400.82, 203.00
401.16, 186.00
401.51, 188.00
401.85, 185.00
402.20, 193.00
402.54, 191.00
402.88, 207.00
403.23, 215.00
403.57, 215.00
403.92, 238.00
404.26, 325.00
404.61, 307.00
404.95, 390.00
405.30, 361.00
405.64, 336.00
405.98, 320.00
406.33, 261.00
406.67, 214.00
407.02, 202.00
407.36, 202.00
407.70, 213.00
408.05, 212.00
408.39, 210.00
408.74, 223.00
409.08, 238.00
409.42, 209.00
409.77, 209.00
410.11, 211.00
410.46, 198.00
410.80, 215.00
411.14, 209.00
411.49, 227.00
411.83, 233.00
412.17, 231.00
412.52, 238.00
412.86, 246.00
413.20, 250.00
413.55, 250.00
413.89, 236.00
414.23, 227.00
414.58, 244.00
414.92, 202.00
415.26, 198.00
415.61, 196.00
415.95, 195.00
416.29, 201.00
416.64, 207.00
416.98, 213.00
417.32, 217.00
417.67, 241.00
418.01, 256.00
418.35, 263.00
418.70, 294.00
419.04, 344.00
419.38, 330.00
419.72, 319.00
420.07, 279.00
420.41, 231.00
420.75, 215.00
421.10, 204.00
421.44, 210.00
421.78, 201.00
422.12, 198.00
422.47, 214.00
422.81, 225.00
423.15, 239.00
423.49, 234.00
423.84, 219.00
424.18, 241.00
424.52, 259.00
424.86, 290.00
425.21, 360.00
425.55, 400.00
425.89, 481.00
426.23, 543.00
426.57, 663.00
426.92, 718.00
427.26, 755.00
427.60, 639.00
427.94, 443.00
428.28, 346.00
428.63, 271.00
428.97, 224.00
429.31, 205.00
429.65, 197.00
429.99, 195.00
430.34, 180.00
430.68, 185.00
431.02, 205.00
431.36, 190.00
431.70, 194.00
432.04, 200.00
432.39, 206.00
432.73, 217.00
433.07, 221.00
433.41, 241.00
433.75, 239.00
434.09, 234.00
434.43, 226.00
434.78, 206.00
435.12, 205.00
435.46, 208.00
435.80, 217.00
436.14, 217.00
436.48, 216.00
436.82, 225.00
437.16, 219.00
437.51, 213.00
437.85, 205.00
438.19, 250.00
438.53, 209.00
438.87, 220.00
439.21, 209.00
439.55, 227.00
439.89, 231.00
440.23, 233.00
440.57, 239.00
440.91, 245.00
441.26, 235.00
441.60, 219.00
441.94, 221.00
442.28, 213.00
442.62, 208.00
442.96, 205.00
443.30, 211.00
443.64, 195.00
443.98, 198.00
444.32, 201.00
444.66, 194.00
445.00, 200.00
445.34, 211.00
445.68, 197.00
446.02, 207.00
446.36, 199.00
446.70, 200.00
447.04, 201.00
447.38, 235.00
447.72, 211.00
448.06, 213.00
448.40, 215.00
448.74, 204.00
449.08, 208.00
449.42, 196.00
449.76, 196.00
450.10, 188.00
450.44, 188.00
450.78, 188.00
451.12, 197.00
451.46, 205.00
451.80, 199.00
452.14, 191.00
452.48, 186.00
452.82, 184.00
453.16, 191.00
453.50, 192.00
453.84, 192.00
454.18, 231.00
454.52, 202.00
454.86, 210.00
455.19, 219.00
455.53, 209.00
455.87, 213.00
456.21, 224.00
456.55, 213.00
456.89, 211.00
457.23, 222.00
457.57, 210.00
457.91, 220.00
458.25, 213.00
458.59, 218.00
458.92, 236.00
459.26, 232.00
459.60, 237.00
459.94, 221.00
460.28, 207.00
460.62, 205.00
460.96, 190.00
461.30, 188.00
461.63, 188.00
461.97, 190.00
462.31, 197.00
462.65, 200.00
462.99, 205.00
463.33, 208.00
463.67, 211.00
464.00, 211.00
464.34, 218.00
464.68, 223.00
465.02, 230.00
465.36, 230.00
465.70, 211.00
466.03, 218.00
466.37, 213.00
466.71, 209.00
467.05, 214.00
467.39, 231.00
467.72, 248.00
468.06, 257.00
468.40, 272.00
468.74, 274.00
469.08, 278.00
469.41, 300.00
469.75, 330.00
470.09, 353.00
470.43, 341.00
470.76, 299.00
471.10, 286.00
471.44, 276.00
471.78, 256.00
472.11, 247.00
472.45, 237.00
472.79, 232.00
473.13, 227.00
473.46, 232.00
473.80, 225.00
474.14, 225.00
474.48, 229.00
474.81, 213.00
475.15, 217.00
475.49, 220.00
475.82, 215.00
476.16, 211.00
476.50, 206.00
476.84, 213.00
477.17, 207.00
477.51, 209.00
477.85, 209.00
478.18, 227.00
478.52, 213.00
478.86, 267.00
479.19, 225.00
479.53, 216.00
479.87, 259.00
480.20, 226.00
480.54, 226.00
480.88, 215.00
481.21, 216.00
481.55, 205.00
481.89, 206.00
482.22, 213.00
482.56, 218.00
482.90, 215.00
483.23, 206.00
483.57, 207.00
483.90, 212.00
484.24, 218.00
484.58, 221.00
484.91, 219.00
485.25, 221.00
485.58, 222.00
485.92, 223.00
486.26, 219.00
486.59, 225.00
486.93, 222.00
487.26, 223.00
487.60, 224.00
487.94, 222.00
488.27, 227.00
488.61, 227.00
488.94, 221.00
489.28, 220.00
489.61, 222.00
489.95, 221.00
490.29, 226.00
490.62, 239.00
490.96, 231.00
491.29, 235.00
491.63, 221.00
491.96, 220.00
492.30, 221.00
492.63, 222.00
492.97, 217.00
493.30, 217.00
493.64, 214.00
493.97, 220.00
494.31, 214.00
494.64, 232.00
494.98, 228.00
495.31, 226.00
495.65, 222.00
495.98, 221.00
496.32, 221.00
496.65, 252.00
496.99, 225.00
497.32, 213.00
497.66, 217.00
497.99, 208.00
498.33, 211.00
498.66, 222.00
499.00, 221.00
499.33, 217.00
499.67, 212.00
500.00, 217.00
500.34, 226.00
500.67, 234.00
501.00, 221.00
501.34, 221.00
501.67, 219.00
502.01, 222.00
502.34, 219.00
502.68, 235.00
503.01, 236.00
503.34, 233.00
503.68, 233.00
504.01, 239.00
504.35, 235.00
504.68, 241.00
505.01, 233.00
505.35, 243.00
505.68, 240.00
506.02, 239.00
506.35, 246.00
506.68, 243.00
507.02, 239.00
507.35, 231.00
507.68, 235.00
508.02, 237.00
508.35, 242.00
508.69, 234.00
509.02, 238.00
509.35, 235.00
509.69, 230.00
510.02, 236.00
510.35, 222.00
510.69, 226.00
511.02, 220.00
511.35, 227.00
511.69, 225.00
512.02, 212.00
512.35, 225.00
512.68, 221.00
513.02, 216.00
513.35, 213.00
513.68, 211.00
514.02, 225.00
514.35, 224.00
514.68, 223.00
515.01, 214.00
515.35, 219.00
515.68, 218.00
516.01, 207.00
516.35, 210.00
516.68, 218.00
517.01, 206.00
517.34, 211.00
517.68, 205.00
518.01, 217.00
518.34, 206.00
518.67, 218.00
519.01, 212.00
519.34, 222.00
519.67, 229.00
520.00, 218.00
520.33, 219.00
520.67, 222.00
521.00, 225.00
521.33, 231.00
521.66, 231.00
522.00, 236.00
522.33, 236.00
522.66, 224.00
522.99, 216.00
523.32, 224.00
523.65, 222.00
523.99, 221.00
524.32, 220.00
524.65, 217.00
524.98, 229.00
525.31, 219.00
525.65, 251.00
525.98, 226.00
526.31, 214.00
526.64, 226.00
526.97, 222.00
527.30, 217.00
527.63, 208.00
527.97, 218.00
528.30, 205.00
528.63, 222.00
528.96, 236.00
529.29, 205.00
529.62, 216.00
529.95, 200.00
530.28, 198.00
530.61, 205.00
530.95, 205.00
531.28, 206.00
531.61, 214.00
531.94, 221.00
532.27, 226.00
532.60, 220.00
532.93, 219.00
533.26, 206.00
533.59, 208.00
533.92, 208.00
534.25, 208.00
534.58, 235.00
534.91, 205.00
535.25, 206.00
535.58, 199.00
535.91, 201.00
536.24, 200.00
536.57, 209.00
536.90, 200.00
537.23, 205.00
537.56, 247.00
537.89, 204.00
538.22, 202.00
538.55, 197.00
538.88, 203.00
539.21, 315.00
539.54, 196.00
539.87, 195.00
540.20, 194.00
540.53, 190.00
540.86, 228.00
541.19, 207.00
541.52, 192.00
541.85, 210.00
542.18, 212.00
542.51, 217.00
542.84, 211.00
543.17, 213.00
543.50, 213.00
543.82, 207.00
544.15, 204.00
544.48, 216.00
544.81, 208.00
545.14, 231.00
545.47, 209.00
545.80, 244.00
546.13, 202.00
546.46, 235.00
546.79, 233.00
547.12, 207.00
547.45, 204.00
547.78, 207.00
548.10, 201.00
548.43, 208.00
548.76, 199.00
549.09, 203.00
549.42, 198.00
549.75, 210.00
550.08, 203.00
550.41, 204.00
550.74, 213.00
551.06, 201.00
551.39, 209.00
551.72, 201.00
552.05, 200.00
552.38, 204.00
552.71, 199.00
553.03, 201.00
553.36, 212.00
553.69, 213.00
554.02, 198.00
554.35, 210.00
554.68, 206.00
555.00, 210.00
555.33, 206.00
555.66, 214.00
555.99, 221.00
556.32, 215.00
556.64, 220.00
556.97, 231.00
557.30, 229.00
557.63, 225.00
557.96, 230.00
558.28, 231.00
558.61, 231.00
558.94, 222.00
559.27, 225.00
559.59, 217.00
559.92, 223.00
560.25, 217.00
560.58, 218.00
560.90, 223.00
561.23, 215.00
561.56, 217.00
561.89, 206.00
562.21, 209.00
562.54, 207.00
562.87, 200.00
563.20, 203.00
563.52, 193.00
563.85, 187.00
564.18, 210.00
564.50, 197.00
564.83, 228.00
565.16, 251.00
565.48, 185.00
565.81, 197.00
566.14, 185.00
566.47, 189.00
566.79, 192.00
567.12, 187.00
567.45, 214.00
567.77, 191.00
568.10, 191.00
568.43, 192.00
568.75, 190.00
569.08, 197.00
569.40, 228.00
569.73, 194.00
570.06, 185.00
570.38, 187.00
570.71, 187.00
571.04, 188.00
571.36, 192.00
571.69, 197.00
572.01, 193.00
572.34, 192.00
572.67, 199.00
572.99, 192.00
573.32, 200.00
573.64, 187.00
573.97, 189.00
574.30, 194.00
574.62, 194.00
574.95, 190.00
575.27, 193.00
575.60, 182.00
575.92, 192.00
576.25, 190.00
576.58, 198.00
576.90, 189.00
577.23, 228.00
577.55, 192.00
577.88, 184.00
578.20, 188.00
578.53, 187.00
578.85, 205.00
579.18, 204.00
579.50, 194.00
579.83, 188.00
580.15, 189.00
580.48, 193.00
580.80, 190.00
581.13, 191.00
581.45, 191.00
581.78, 192.00
582.10, 193.00
582.43, 195.00
582.75, 187.00
583.08, 190.00
583.40, 190.00
583.73, 264.00
584.05, 203.00
584.38, 188.00
584.70, 247.00
585.03, 193.00
585.35, 194.00
585.67, 197.00
586.00, 217.00
586.32, 233.00
586.65, 243.00
586.97, 234.00
587.30, 223.00
587.62, 211.00
587.94, 225.00
588.27, 203.00
588.59, 207.00
588.92, 195.00
589.24, 199.00
589.56, 199.00
589.89, 205.00
590.21, 195.00
590.54, 188.00
590.86, 199.00
591.18, 192.00
591.51, 196.00
591.83, 209.00
592.15, 204.00
592.48, 200.00
592.80, 209.00
593.13, 210.00
593.45, 212.00
593.77, 209.00
594.10, 217.00
594.42, 223.00
594.74, 222.00
595.07, 223.00
595.39, 222.00
595.71, 223.00
596.03, 233.00
596.36, 232.00
596.68, 232.00
597.00, 231.00
597.33, 237.00
597.65, 240.00
597.97, 239.00
598.30, 233.00
598.62, 227.00
598.94, 227.00
599.26, 232.00
599.59, 237.00
599.91, 237.00
600.23, 225.00
600.55, 224.00
600.88, 226.00
601.20, 207.00
601.52, 210.00
601.84, 202.00
602.17, 204.00
602.49, 196.00
602.81, 193.00
603.13, 200.00
603.45, 204.00
603.78, 195.00
604.10, 197.00
604.42, 189.00
604.74, 193.00
605.07, 189.00
605.39, 186.00
605.71, 192.00
606.03, 181.00
606.35, 183.00
606.67, 192.00
607.00, 194.00
607.32, 188.00
607.64, 183.00
607.96, 176.00
608.28, 179.00
608.60, 172.00
608.93, 172.00
609.25, 185.00
609.57, 177.00
609.89, 184.00
610.21, 179.00
610.53, 177.00
610.85, 171.00
611.17, 177.00
611.50, 179.00
611.82, 183.00
612.14, 176.00
612.46, 179.00
612.78, 178.00
613.10, 180.00
613.42, 174.00
613.74, 185.00
614.06, 232.00
614.38, 211.00
614.70, 220.00
615.03, 222.00
615.35, 214.00
615.67, 304.00
615.99, 193.00
616.31, 188.00
616.63, 190.00
616.95, 186.00
617.27, 179.00
617.59, 178.00
617.91, 180.00
618.23, 184.00
618.55, 178.00
618.87, 174.00
619.19, 165.00
619.51, 166.00
619.83, 164.00
620.15, 168.00
620.47, 178.00
620.79, 173.00
621.11, 173.00
621.43, 175.00
621.75, 184.00
622.07, 177.00
622.39, 179.00
622.71, 170.00
623.03, 173.00
623.35, 213.00
623.67, 168.00
623.99, 175.00
624.31, 169.00
624.63, 178.00
624.95, 172.00
625.26, 174.00
625.58, 178.00
625.90, 201.00
626.22, 177.00
626.54, 173.00
626.86, 179.00
627.18, 181.00
627.50, 184.00
627.82, 175.00
628.14, 180.00
628.46, 186.00
628.77, 177.00
629.09, 186.00
629.41, 182.00
629.73, 177.00
630.05, 193.00
630.37, 186.00
630.69, 195.00
631.00, 195.00
631.32, 196.00
631.64, 189.00
631.96, 191.00
632.28, 185.00
632.60, 200.00
632.92, 184.00
633.23, 194.00
633.55, 198.00
633.87, 207.00
634.19, 206.00
634.51, 203.00
634.82, 218.00
635.14, 215.00
635.46, 218.00
635.78, 213.00
636.10, 211.00
636.41, 210.00
636.73, 212.00
637.05, 217.00
637.37, 215.00
637.68, 211.00
638.00, 209.00
638.32, 223.00
638.64, 225.00
638.95, 247.00
639.27, 235.00
639.59, 230.00
639.91, 217.00
640.22, 217.00
640.54, 213.00
640.86, 211.00
641.18, 220.00
641.49, 223.00
641.81, 209.00
642.13, 214.00
642.44, 199.00
642.76, 203.00
643.08, 205.00
643.40, 202.00
643.71, 203.00
644.03, 215.00
644.35, 210.00
644.66, 219.00
644.98, 211.00
645.30, 209.00
645.61, 222.00
645.93, 208.00
646.25, 194.00
646.56, 201.00
646.88, 222.00
647.19, 191.00
647.51, 187.00
647.83, 185.00
648.14, 186.00
648.46, 183.00
648.78, 189.00
649.09, 190.00
649.41, 241.00
649.72, 198.00
650.04, 203.00
650.36, 204.00
650.67, 215.00
650.99, 203.00
651.30, 206.00
651.62, 213.00
651.93, 213.00
652.25, 227.00
652.57, 255.00
652.88, 218.00
653.20, 211.00
653.51, 215.00
653.83, 207.00
654.14, 192.00
654.46, 200.00
654.77, 196.00
655.09, 203.00
655.40, 215.00
655.72, 195.00
656.04, 191.00
656.35, 196.00
656.67, 191.00
656.98, 196.00
657.30, 200.00
657.61, 195.00
657.93, 203.00
658.24, 206.00
658.55, 249.00
658.87, 205.00
659.18, 203.00
659.50, 209.00
659.81, 213.00
660.13, 211.00
660.44, 212.00
660.76, 204.00
661.07, 217.00
661.39, 203.00
661.70, 198.00
662.01, 189.00
662.33, 193.00
662.64, 191.00
662.96, 185.00
663.27, 182.00
663.59, 176.00
663.90, 178.00
664.21, 174.00
664.53, 196.00
664.84, 179.00
665.16, 205.00
665.47, 178.00
665.78, 187.00
666.10, 197.00
666.41, 195.00
666.72, 204.00
667.04, 207.00
667.35, 199.00
667.67, 195.00
667.98, 191.00
668.29, 193.00
668.61, 191.00
668.92, 196.00
669.23, 186.00
669.55, 189.00
669.86, 214.00
670.17, 182.00
670.48, 183.00
670.80, 180.00
671.11, 181.00
671.42, 175.00
671.74, 181.00
672.05, 176.00
672.36, 186.00
672.68, 181.00
672.99, 177.00
673.30, 190.00
673.61, 197.00
673.93, 195.00
674.24, 199.00
674.55, 195.00
674.86, 200.00
675.18, 205.00
675.49, 212.00
675.80, 203.00
676.11, 209.00
676.43, 214.00
676.74, 213.00
677.05, 211.00
677.36, 222.00
677.67, 209.00
677.99, 200.00
678.30, 192.00
678.61, 190.00
678.92, 187.00
679.23, 194.00
679.55, 176.00
679.86, 181.00
680.17, 181.00
680.48, 188.00
680.79, 183.00
681.10, 169.00
681.42, 174.00
681.73, 174.00
682.04, 168.00
682.35, 175.00
682.66, 175.00
682.97, 174.00
683.28, 178.00
683.60, 175.00
683.91, 173.00
684.22, 186.00
684.53, 175.00
684.84, 166.00
685.15, 175.00
685.46, 196.00
685.77, 166.00
686.08, 169.00
686.40, 199.00
686.71, 169.00
687.02, 164.00
687.33, 164.00
687.64, 158.00
687.95, 162.00
688.26, 155.00
688.57, 161.00
688.88, 163.00
689.19, 162.00
689.50, 158.00
689.81, 159.00
690.12, 159.00
690.43, 177.00
690.74, 159.00
691.05, 155.00
691.36, 171.00
691.67, 156.00
691.98, 163.00
692.29, 155.00
692.60, 158.00
692.91, 157.00
693.22, 154.00
693.53, 163.00
693.84, 158.00
694.15, 156.00
694.46, 157.00
694.77, 158.00
695.08, 159.00
695.39, 164.00
695.70, 159.00
696.01, 160.00
696.32, 163.00
696.63, 158.00
696.94, 163.00
697.25, 165.00
697.56, 165.00
697.87, 166.00
698.17, 201.00
698.48, 161.00
698.79, 156.00
699.10, 154.00
699.41, 162.00
699.72, 157.00
700.03, 159.00
700.34, 161.00
700.65, 163.00
700.95, 158.00
701.26, 163.00
701.57, 158.00
701.88, 156.00
702.19, 179.00
702.50, 160.00
702.81, 159.00
703.11, 182.00
703.42, 159.00
703.73, 166.00
704.04, 159.00
704.35, 173.00
704.66, 187.00
704.96, 259.00
705.27, 307.00
705.58, 332.00
705.89, 306.00
706.20, 267.00
706.50, 229.00
706.81, 235.00
707.12, 208.00
707.43, 191.00
707.73, 184.00
708.04, 157.00
708.35, 164.00
708.66, 158.00
708.97, 155.00
709.27, 158.00
709.58, 162.00
709.89, 156.00
710.19, 155.00
710.50, 158.00
710.81, 159.00
711.12, 159.00
711.42, 163.00
711.73, 155.00
712.04, 154.00
712.35, 162.00
712.65, 163.00
712.96, 163.00
713.27, 164.00
713.57, 186.00
713.88, 175.00
714.19, 154.00
714.49, 159.00
714.80, 166.00
715.11, 162.00
715.41, 160.00
715.72, 157.00
716.03, 154.00
716.33, 162.00
716.64, 154.00
716.94, 158.00
717.25, 159.00
717.56, 163.00
717.86, 157.00
718.17, 154.00
718.48, 150.00
718.78, 158.00
719.09, 154.00
719.39, 154.00
719.70, 155.00
720.01, 155.00
720.31, 159.00
720.62, 153.00
720.92, 154.00
721.23, 163.00
721.53, 164.00
721.84, 158.00
722.15, 166.00
722.45, 160.00
722.76, 162.00
723.06, 166.00
723.37, 159.00
723.67, 161.00
723.98, 164.00
724.28, 164.00
724.59, 173.00
724.89, 167.00
725.20, 160.00
725.50, 173.00
725.81, 160.00
726.11, 160.00
726.42, 160.00
726.72, 168.00
727.03, 204.00
727.33, 163.00
727.64, 156.00
727.94, 162.00
728.25, 154.00
728.55, 153.00
728.86, 183.00
729.16, 154.00
729.46, 149.00
729.77, 163.00
730.07, 152.00
730.38, 158.00
730.68, 158.00
730.99, 158.00
731.29, 150.00
731.59, 161.00
731.90, 155.00
732.20, 151.00
732.51, 159.00
732.81, 153.00
733.11, 154.00
733.42, 159.00
733.72, 162.00
734.02, 167.00
734.33, 153.00
734.63, 155.00
734.94, 152.00
735.24, 163.00
735.54, 159.00
735.85, 157.00
736.15, 157.00
736.45, 157.00
736.76, 161.00
737.06, 155.00
737.36, 160.00
737.67, 159.00
737.97, 157.00
738.27, 156.00
738.57, 157.00
738.88, 155.00
739.18, 194.00
739.48, 160.00
739.79, 152.00
740.09, 160.00
740.39, 160.00
740.69, 164.00
741.00, 154.00
741.30, 170.00
741.60, 157.00
741.90, 156.00
742.21, 161.00
742.51, 201.00
742.81, 163.00
743.11, 164.00
743.42, 189.00
743.72, 170.00
744.02, 171.00
744.32, 169.00
744.63, 180.00
744.93, 179.00
745.23, 180.00
745.53, 185.00
745.83, 174.00
746.13, 180.00
746.44, 176.00
746.74, 181.00
747.04, 176.00
747.34, 177.00
747.64, 179.00
747.94, 175.00
748.25, 179.00
748.55, 190.00
748.85, 179.00
749.15, 188.00
749.45, 212.00
749.75, 201.00
750.05, 174.00
750.35, 169.00
750.66, 179.00
750.96, 168.00
751.26, 161.00
751.56, 158.00
751.86, 161.00
752.16, 152.00
752.46, 154.00
752.76, 154.00
753.06, 153.00
753.36, 199.00
753.66, 155.00
753.96, 163.00
754.27, 150.00
754.57, 155.00
754.87, 155.00
755.17, 160.00
755.47, 157.00
755.77, 161.00
756.07, 167.00
756.37, 163.00
756.67, 168.00
756.97, 164.00
757.27, 174.00
757.57, 165.00
757.87, 169.00
758.17, 166.00
758.47, 169.00
758.77, 168.00
759.07, 168.00
759.37, 165.00
759.67, 168.00
759.97, 162.00
760.27, 162.00
760.57, 170.00
760.86, 165.00
761.16, 167.00
761.46, 165.00
761.76, 192.00
762.06, 157.00
762.36, 168.00
762.66, 157.00
762.96, 160.00
763.26, 157.00
763.56, 188.00
763.86, 170.00
764.16, 149.00
764.45, 170.00
764.75, 156.00
765.05, 152.00
765.35, 154.00
765.65, 154.00
765.95, 147.00
766.25, 157.00
766.55, 167.00
766.84, 157.00
767.14, 156.00
767.44, 153.00
767.74, 163.00
768.04, 162.00
768.34, 158.00
768.63, 163.00
768.93, 163.00
769.23, 168.00
769.53, 166.00
769.83, 174.00
770.12, 167.00
770.42, 163.00
770.72, 164.00
771.02, 168.00
771.32, 165.00
771.61, 169.00
771.91, 172.00
772.21, 168.00
772.51, 167.00
772.80, 168.00
773.10, 167.00
773.40, 169.00
773.70, 160.00
773.99, 168.00
774.29, 171.00
774.59, 179.00
774.88, 170.00
775.18, 210.00
775.48, 428.00
775.78, 766.00
776.07, 987.00
776.37, 1033.00
776.67, 824.00
776.96, 553.00
777.26, 493.00
777.56, 378.00
777.85, 337.00
778.15, 301.00
778.45, 287.00
778.74, 242.00
779.04, 211.00
779.34, 185.00
779.63, 171.00
779.93, 163.00
780.22, 152.00
780.52, 152.00
780.82, 149.00
781.11, 152.00
781.41, 145.00
781.71, 152.00
782.00, 151.00
782.30, 148.00
782.59, 157.00
782.89, 153.00
783.19, 150.00
783.48, 149.00
783.78, 149.00
784.07, 154.00
784.37, 155.00
784.66, 150.00
784.96, 153.00
785.25, 148.00
785.55, 147.00
785.84, 155.00
786.14, 150.00
786.44, 144.00
786.73, 148.00
787.03, 148.00
787.32, 150.00
787.62, 151.00
787.91, 146.00
788.21, 150.00
788.50, 150.00
788.80, 146.00
789.09, 150.00
789.39, 149.00
789.68, 148.00
789.97, 153.00
790.27, 144.00
790.56, 150.00
790.86, 151.00
791.15, 144.00
791.45, 145.00
791.74, 171.00
792.04, 147.00
792.33, 149.00
792.62, 177.00
792.92, 141.00
793.21, 147.00
793.51, 152.00
793.80, 143.00
794.09, 147.00
794.39, 143.00
794.68, 147.00
794.98, 146.00
795.27, 147.00
795.56, 148.00
795.86, 151.00
796.15, 149.00
796.44, 150.00
796.74, 147.00
797.03, 144.00
797.32, 146.00
797.62, 147.00
797.91, 153.00
798.20, 150.00
798.50, 149.00
798.79, 160.00
799.08, 147.00
799.38, 149.00
799.67, 149.00
799.96, 153.00
800.26, 169.00
800.55, 150.00
800.84, 145.00
801.13, 146.00
801.43, 159.00
801.72, 178.00
802.01, 148.00
802.30, 145.00
802.60, 146.00
802.89, 151.00
803.18, 142.00
803.47, 146.00
803.77, 153.00
804.06, 154.00
804.35, 154.00
804.64, 167.00
804.94, 149.00
805.23, 141.00
805.52, 146.00
805.81, 147.00
806.10, 148.00
806.39, 149.00
806.69, 147.00
806.98, 149.00
807.27, 150.00
807.56, 155.00
807.85, 152.00
808.14, 147.00
808.44, 150.00
808.73, 145.00
809.02, 161.00
809.31, 146.00
809.60, 149.00
809.89, 155.00
810.18, 148.00
810.48, 151.00
810.77, 146.00
811.06, 140.00
811.35, 141.00
811.64, 145.00
811.93, 169.00
812.22, 146.00
812.51, 146.00
812.80, 143.00
813.09, 144.00
813.38, 144.00
813.67, 162.00
813.96, 150.00
814.26, 144.00
814.55, 144.00
814.84, 148.00
815.13, 154.00
815.42, 147.00
815.71, 148.00
816.00, 142.00
816.29, 152.00
816.58, 148.00
816.87, 145.00
817.16, 141.00
817.45, 149.00
817.74, 147.00
818.03, 139.00
818.32, 137.00
818.61, 143.00
818.90, 146.00
819.19, 145.00
819.48, 141.00
819.76, 143.00
820.05, 143.00
820.34, 146.00
820.63, 139.00
820.92, 135.00
821.21, 147.00
821.50, 144.00
821.79, 146.00
822.08, 142.00
822.37, 149.00
822.66, 139.00
822.95, 141.00
823.23, 145.00
823.52, 167.00
823.81, 149.00
824.10, 148.00
824.39, 151.00
824.68, 145.00
824.97, 156.00
825.26, 148.00
825.54, 191.00
825.83, 144.00
826.12, 140.00
826.41, 138.00
826.70, 144.00
826.99, 154.00
827.27, 145.00
827.56, 163.00
827.85, 144.00
828.14, 147.00
828.43, 152.00
828.71, 146.00
829.00, 142.00
829.29, 144.00
829.58, 148.00
829.86, 142.00
830.15, 146.00
830.44, 144.00
830.73, 143.00
831.01, 142.00
831.30, 144.00
831.59, 145.00
831.88, 138.00
832.16, 141.00
832.45, 148.00
832.74, 147.00
833.03, 137.00
833.31, 140.00
833.60, 146.00
833.89, 140.00
834.17, 144.00
834.46, 148.00
834.75, 144.00
835.03, 144.00
835.32, 142.00
835.61, 144.00
835.89, 161.00
836.18, 143.00
836.47, 141.00
836.75, 145.00
837.04, 149.00
837.33, 144.00
837.61, 144.00
837.90, 142.00
838.19, 137.00
838.47, 139.00
838.76, 144.00
839.04, 142.00
839.33, 139.00
839.62, 143.00
839.90, 146.00
840.19, 147.00
840.47, 141.00
840.76, 165.00
841.04, 147.00
841.33, 149.00
841.62, 145.00
841.90, 141.00
842.19, 141.00
842.47, 172.00
842.76, 145.00
843.04, 154.00
843.33, 179.00
843.61, 165.00
843.90, 172.00
844.18, 167.00
844.47, 163.00
844.75, 166.00
845.04, 156.00
845.32, 156.00
845.61, 156.00
845.89, 152.00
846.18, 149.00
846.46, 152.00
846.75, 145.00
847.03, 165.00
847.32, 150.00
847.60, 145.00
847.88, 146.00
848.17, 147.00
848.45, 164.00
848.74, 150.00
849.02, 142.00
849.31, 143.00
849.59, 147.00
849.87, 144.00
850.16, 144.00
850.44, 147.00
850.73, 178.00
851.01, 148.00
851.29, 143.00
851.58, 147.00
851.86, 144.00
852.14, 144.00
852.43, 148.00
852.71, 141.00
853.00, 144.00
853.28, 151.00
853.56, 145.00
853.85, 146.00
854.13, 144.00
854.41, 147.00
854.69, 147.00
854.98, 139.00
855.26, 203.00
855.54, 150.00
855.83, 140.00
856.11, 151.00
856.39, 146.00
856.68, 146.00
856.96, 144.00
857.24, 144.00
857.52, 151.00
857.81, 149.00
858.09, 140.00
858.37, 138.00
858.65, 140.00
858.94, 139.00
859.22, 141.00
