190.05, 0.00
190.41, 133.00
190.77, 131.00
191.14, 133.00
191.50, 135.00
191.86, 160.00
192.22, 144.00
192.58, 143.00
192.94, 145.00
193.31, 147.00
193.67, 144.00
194.03, 153.00
194.39, 144.00
194.75, 138.00
195.11, 152.00
195.47, 158.00
195.84, 144.00
196.20, 145.00
196.56, 164.00
196.92, 142.00
197.28, 151.00
197.64, 138.00
198.00, 142.00
198.37, 146.00
198.73, 144.00
199.09, 143.00
199.45, 151.00
199.81, 149.00
200.17, 149.00
200.53, 144.00
200.89, 149.00
201.25, 178.00
201.62, 142.00
201.98, 141.00
202.34, 145.00
202.70, 151.00
203.06, 143.00
203.42, 139.00
203.78, 139.00
204.14, 140.00
204.50, 168.00
204.86, 157.00
205.22, 151.00
205.58, 149.00
205.95, 142.00
206.31, 139.00
206.67, 145.00
207.03, 150.00
207.39, 156.00
207.75, 140.00
208.11, 143.00
208.47, 141.00
208.83, 147.00
209.19, 142.00
209.55, 143.00
209.91, 143.00
210.27, 149.00
210.63, 146.00
210.99, 155.00
211.35, 142.00
211.71, 152.00
212.07, 145.00
212.43, 144.00
212.79, 148.00
213.15, 141.00
213.51, 142.00
213.87, 149.00
214.23, 140.00
214.59, 146.00
214.95, 141.00
215.31, 140.00
215.67, 146.00
216.03, 176.00
216.39, 146.00
216.75, 143.00
217.11, 147.00
217.47, 145.00
217.83, 142.00
218.19, 147.00
218.55, 149.00
218.91, 147.00
219.27, 146.00
219.63, 142.00
219.99, 143.00
220.35, 146.00
220.71, 153.00
221.07, 149.00
221.43, 150.00
221.79, 146.00
222.15, 150.00
222.51, 153.00
222.87, 142.00
223.23, 144.00
223.59, 142.00
223.95, 145.00
224.31, 144.00
224.67, 143.00
225.03, 144.00
225.39, 150.00
225.74, 147.00
226.10, 142.00
226.46, 142.00
226.82, 148.00
227.18, 145.00
227.54, 145.00
227.90, 149.00
228.26, 148.00
228.62, 150.00
228.98, 140.00
229.34, 146.00
229.69, 143.00
230.05, 145.00
230.41, 143.00
230.77, 153.00
231.13, 150.00
231.49, 146.00
231.85, 147.00
232.21, 149.00
232.57, 143.00
232.92, 145.00
233.28, 146.00
233.64, 147.00
234.00, 141.00
234.36, 145.00
234.72, 145.00
235.08, 147.00
235.44, 146.00
235.79, 137.00
236.15, 147.00
236.51, 143.00
236.87, 140.00
237.23, 143.00
237.59, 143.00
237.94, 154.00
238.30, 148.00
238.66, 133.00
239.02, 141.00
239.38, 140.00
239.74, 137.00
240.09, 154.00
240.45, 143.00
240.81, 140.00
241.17, 153.00
241.53, 140.00
241.89, 140.00
242.24, 140.00
242.60, 146.00
242.96, 149.00
243.32, 150.00
243.68, 143.00
244.03, 147.00
244.39, 147.00
244.75, 169.00
245.11, 143.00
245.46, 145.00
245.82, 173.00
246.18, 142.00
246.54, 148.00
246.90, 138.00
247.25, 141.00
247.61, 141.00
247.97, 182.00
248.33, 143.00
248.68, 141.00
249.04, 142.00
249.40, 143.00
249.76, 148.00
250.11, 138.00
250.47, 145.00
250.83, 143.00
251.19, 145.00
251.54, 153.00
251.90, 145.00
252.26, 143.00
252.62, 138.00
252.97, 144.00
253.33, 144.00
253.69, 144.00
254.05, 145.00
254.40, 139.00
254.76, 138.00
255.12, 171.00
255.47, 147.00
255.83, 148.00
256.19, 149.00
256.54, 142.00
256.90, 143.00
257.26, 139.00
257.62, 147.00
257.97, 141.00
258.33, 147.00
258.69, 143.00
259.04, 141.00
259.40, 143.00
259.76, 147.00
260.11, 146.00
260.47, 140.00
260.83, 148.00
261.18, 143.00
261.54, 146.00
261.90, 146.00
262.25, 142.00
262.61, 142.00
262.97, 138.00
263.32, 141.00
263.68, 138.00
264.04, 150.00
264.39, 139.00
264.75, 133.00
265.10, 142.00
265.46, 187.00
265.82, 155.00
266.17, 142.00
266.53, 141.00
266.89, 146.00
267.24, 150.00
267.60, 145.00
267.95, 140.00
268.31, 144.00
268.67, 145.00
269.02, 143.00
269.38, 144.00
269.74, 154.00
270.09, 146.00
270.45, 147.00
270.80, 170.00
271.16, 141.00
271.51, 150.00
271.87, 152.00
272.23, 151.00
272.58, 145.00
272.94, 146.00
273.29, 146.00
273.65, 190.00
274.00, 143.00
274.36, 143.00
274.72, 140.00
275.07, 144.00
275.43, 142.00
275.78, 141.00
276.14, 140.00
276.49, 146.00
276.85, 153.00
277.20, 166.00
277.56, 146.00
277.92, 139.00
278.27, 147.00
278.63, 154.00
278.98, 145.00
279.34, 145.00
279.69, 147.00
280.05, 165.00
280.40, 150.00
280.76, 159.00
281.11, 153.00
281.47, 150.00
281.82, 154.00
282.18, 151.00
282.53, 158.00
282.89, 163.00
283.24, 163.00
283.60, 162.00
283.95, 162.00
284.31, 161.00
284.66, 166.00
285.02, 169.00
285.37, 172.00
285.73, 165.00
286.08, 172.00
286.44, 158.00
286.79, 153.00
287.14, 158.00
287.50, 156.00
287.85, 150.00
288.21, 154.00
288.56, 153.00
288.92, 152.00
289.27, 155.00
289.63, 157.00
289.98, 160.00
290.34, 152.00
290.69, 158.00
291.04, 154.00
291.40, 152.00
291.75, 151.00
292.11, 158.00
292.46, 147.00
292.81, 158.00
293.17, 156.00
293.52, 157.00
293.88, 163.00
294.23, 173.00
294.59, 184.00
294.94, 187.00
295.29, 198.00
295.65, 206.00
296.00, 224.00
296.36, 203.00
296.71, 188.00
297.06, 200.00
297.42, 200.00
297.77, 204.00
298.12, 197.00
298.48, 180.00
298.83, 178.00
299.19, 181.00
299.54, 179.00
299.89, 179.00
300.25, 183.00
300.60, 182.00
300.95, 179.00
301.31, 168.00
301.66, 148.00
302.01, 159.00
302.37, 158.00
302.72, 158.00
303.07, 164.00
303.43, 170.00
303.78, 171.00
304.13, 179.00
304.49, 177.00
304.84, 180.00
305.19, 217.00
305.55, 170.00
305.90, 189.00
306.25, 228.00
306.61, 283.00
306.96, 335.00
307.31, 412.00
307.66, 579.00
308.02, 744.00
308.37, 877.00
308.72, 979.00
309.08, 966.00
309.43, 905.00
309.78, 792.00
310.13, 693.00
310.49, 611.00
310.84, 500.00
311.19, 443.00
311.54, 388.00
311.90, 344.00
312.25, 333.00
312.60, 341.00
312.95, 415.00
313.31, 432.00
313.66, 445.00
314.01, 447.00
314.36, 463.00
314.72, 516.00
315.07, 669.00
315.42, 800.00
315.77, 857.00
316.13, 711.00
316.48, 481.00
316.83, 331.00
317.18, 258.00
317.54, 215.00
317.89, 185.00
318.24, 183.00
318.59, 175.00
318.94, 177.00
319.30, 176.00
319.65, 190.00
320.00, 182.00
320.35, 188.00
320.70, 191.00
321.05, 180.00
321.41, 182.00
321.76, 184.00
322.11, 176.00
322.46, 170.00
322.81, 211.00
323.17, 172.00
323.52, 172.00
323.87, 164.00
324.22, 169.00
324.57, 173.00
324.92, 176.00
325.27, 177.00
325.63, 191.00
325.98, 191.00
326.33, 205.00
326.68, 200.00
327.03, 197.00
327.38, 198.00
327.73, 213.00
328.09, 223.00
328.44, 255.00
328.79, 219.00
329.14, 255.00
329.49, 213.00
329.84, 206.00
330.19, 214.00
330.54, 211.00
330.89, 216.00
331.25, 187.00
331.60, 192.00
331.95, 187.00
332.30, 185.00
332.65, 204.00
333.00, 211.00
333.35, 271.00
333.70, 292.00
334.05, 246.00
334.40, 267.00
334.75, 305.00
335.10, 416.00
335.45, 604.00
335.81, 858.00
336.16, 1270.00
336.51, 1798.00
336.86, 1865.00
337.21, 1633.00
337.56, 994.00
337.91, 607.00
338.26, 378.00
338.61, 255.00
338.96, 221.00
339.31, 194.00
339.66, 188.00
340.01, 190.00
340.36, 179.00
340.71, 180.00
341.06, 170.00
341.41, 176.00
341.76, 169.00
342.11, 183.00
342.46, 171.00
342.81, 184.00
343.16, 175.00
343.51, 177.00
343.86, 184.00
344.21, 179.00
344.56, 178.00
344.91, 175.00
345.26, 185.00
345.61, 172.00
345.96, 179.00
346.31, 175.00
346.66, 202.00
347.01, 178.00
347.36, 197.00
347.71, 173.00
348.06, 175.00
348.41, 194.00
348.76, 215.00
349.10, 197.00
349.45, 228.00
349.80, 221.00
350.15, 220.00
350.50, 210.00
350.85, 218.00
351.20, 222.00
351.55, 267.00
351.90, 317.00
352.25, 386.00
352.60, 491.00
352.95, 648.00
353.30, 712.00
353.64, 634.00
353.99, 491.00
354.34, 403.00
354.69, 366.00
355.04, 397.00
355.39, 467.00
355.74, 612.00
356.09, 786.00
356.44, 974.00
356.78, 1308.00
357.13, 1523.00
357.48, 1438.00
357.83, 1118.00
358.18, 710.00
358.53, 465.00
358.88, 300.00
359.22, 235.00
359.57, 192.00
359.92, 186.00
360.27, 185.00
360.62, 188.00
360.97, 196.00
361.32, 185.00
361.66, 184.00
362.01, 185.00
362.36, 192.00
362.71, 187.00
363.06, 197.00
363.40, 200.00
363.75, 192.00
364.10, 193.00
364.45, 197.00
364.80, 196.00
365.14, 190.00
365.49, 200.00
365.84, 193.00
366.19, 204.00
366.54, 214.00
366.88, 230.00
367.23, 202.00
367.58, 240.00
367.93, 185.00
368.28, 188.00
368.62, 194.00
368.97, 204.00
369.32, 220.00
369.67, 240.00
370.01, 289.00
370.36, 305.00
370.71, 340.00
371.06, 278.00
371.40, 250.00
371.75, 217.00
372.10, 201.00
372.45, 200.00
372.79, 218.00
373.14, 247.00
373.49, 285.00
373.83, 341.00
374.18, 409.00
374.53, 509.00
374.88, 594.00
375.22, 589.00
375.57, 479.00
375.92, 365.00
376.26, 281.00
376.61, 227.00
376.96, 205.00
377.30, 217.00
377.65, 233.00
378.00, 255.00
378.35, 312.00
378.69, 399.00
379.04, 475.00
379.39, 645.00
379.73, 770.00
380.08, 777.00
380.43, 600.00
380.77, 431.00
381.12, 366.00
381.47, 279.00
381.81, 230.00
382.16, 202.00
382.50, 202.00
382.85, 271.00
383.20, 200.00
383.54, 207.00
383.89, 211.00
384.24, 214.00
384.58, 233.00
384.93, 255.00
385.27, 253.00
385.62, 251.00
385.97, 252.00
386.31, 243.00
386.66, 261.00
387.00, 244.00
387.35, 257.00
387.70, 283.00
388.04, 389.00
388.39, 387.00
388.73, 481.00
389.08, 604.00
389.43, 723.00
389.77, 898.00
390.12, 1066.00
390.46, 1493.00
390.81, 1646.00
391.15, 1578.00
391.50, 1190.00
391.85, 743.00
392.19, 526.00
392.54, 367.00
392.88, 288.00
393.23, 301.00
393.57, 299.00
393.92, 290.00
394.26, 249.00
394.61, 226.00
394.95, 209.00
395.30, 190.00
395.64, 178.00
395.99, 221.00
396.33, 191.00
396.68, 194.00
397.02, 209.00
397.37, 216.00
397.71, 248.00
398.06, 275.00
398.40, 306.00
398.75, 366.00
399.09, 398.00
399.44, 408.00
399.78, 329.00
400.13, 280.00
400.47, 231.00
400.82, 199.00
401.16, 186.00
401.51, 194.00
401.85, 186.00
402.20, 191.00
402.54, 200.00
402.88, 207.00
403.23, 213.00
403.57, 229.00
403.92, 244.00
404.26, 329.00
404.61, 307.00
404.95, 386.00
405.30, 362.00
405.64, 342.00
405.98, 319.00
406.33, 262.00
406.67, 217.00
407.02, 203.00
407.36, 203.00
407.70, 211.00
408.05, 208.00
408.39, 223.00
408.74, 228.00
409.08, 232.00
409.42, 215.00
409.77, 205.00
410.11, 218.00
410.46, 202.00
410.80, 215.00
411.14, 220.00
411.49, 230.00
411.83, 232.00
412.17, 228.00
412.52, 239.00
412.86, 251.00
413.20, 261.00
413.55, 255.00
413.89, 241.00
414.23, 231.00
414.58, 251.00
414.92, 202.00
415.26, 202.00
415.61, 193.00
415.95, 199.00
416.29, 207.00
416.64, 204.00
416.98, 206.00
417.32, 226.00
417.67, 246.00
418.01, 259.00
418.35, 276.00
418.70, 306.00
419.04, 343.00
419.38, 330.00
419.72, 319.00
420.07, 282.00
420.41, 232.00
420.75, 213.00
421.10, 204.00
421.44, 200.00
421.78, 211.00
422.12, 203.00
422.47, 211.00
422.81, 222.00
423.15, 236.00
423.49, 233.00
423.84, 237.00
424.18, 242.00
424.52, 260.00
424.86, 300.00
425.21, 372.00
425.55, 409.00
425.89, 477.00
426.23, 563.00
426.57, 692.00
426.92, 729.00
427.26, 766.00
427.60, 653.00
427.94, 461.00
428.28, 346.00
428.63, 279.00
428.97, 230.00
429.31, 212.00
429.65, 199.00
429.99, 193.00
430.34, 185.00
430.68, 188.00
431.02, 200.00
431.36, 190.00
431.70, 192.00
432.04, 203.00
432.39, 207.00
432.73, 222.00
433.07, 235.00
433.41, 236.00
433.75, 240.00
434.09, 234.00
434.43, 223.00
434.78, 208.00
435.12, 209.00
435.46, 212.00
435.80, 221.00
436.14, 228.00
436.48, 219.00
436.82, 224.00
437.16, 226.00
437.51, 217.00
437.85, 214.00
438.19, 249.00
438.53, 213.00
438.87, 219.00
439.21, 220.00
439.55, 232.00
439.89, 235.00
440.23, 240.00
440.57, 250.00
440.91, 245.00
441.26, 234.00
441.60, 222.00
441.94, 216.00
442.28, 212.00
442.62, 206.00
442.96, 205.00
443.30, 204.00
443.64, 208.00
443.98, 196.00
444.32, 206.00
444.66, 191.00
445.00, 200.00
445.34, 207.00
445.68, 206.00
446.02, 208.00
446.36, 205.00
446.70, 200.00
447.04, 207.00
447.38, 230.00
447.72, 222.00
448.06, 221.00
448.40, 217.00
448.74, 211.00
449.08, 207.00
449.42, 205.00
449.76, 202.00
450.10, 196.00
450.44, 189.00
450.78, 197.00
451.12, 201.00
451.46, 197.00
451.80, 200.00
452.14, 188.00
452.48, 193.00
452.82, 197.00
453.16, 190.00
453.50, 197.00
453.84, 189.00
454.18, 229.00
454.52, 206.00
454.86, 204.00
455.19, 222.00
455.53, 209.00
455.87, 208.00
456.21, 233.00
456.55, 216.00
456.89, 211.00
457.23, 221.00
457.57, 210.00
457.91, 215.00
458.25, 217.00
458.59, 231.00
458.92, 242.00
459.26, 239.00
459.60, 238.00
459.94, 218.00
460.28, 205.00
460.62, 203.00
460.96, 199.00
461.30, 188.00
461.63, 192.00
461.97, 201.00
462.31, 195.00
462.65, 207.00
462.99, 206.00
463.33, 207.00
463.67, 219.00
464.00, 219.00
464.34, 219.00
464.68, 222.00
465.02, 233.00
465.36, 232.00
465.70, 219.00
466.03, 221.00
466.37, 209.00
466.71, 206.00
467.05, 218.00
467.39, 229.00
467.72, 247.00
468.06, 252.00
468.40, 274.00
468.74, 278.00
469.08, 280.00
469.41, 310.00
469.75, 335.00
470.09, 354.00
470.43, 352.00
470.76, 304.00
471.10, 288.00
471.44, 285.00
471.78, 261.00
472.11, 250.00
472.45, 244.00
472.79, 236.00
473.13, 238.00
473.46, 239.00
473.80, 231.00
474.14, 225.00
474.48, 227.00
474.81, 218.00
475.15, 208.00
475.49, 227.00
475.82, 224.00
476.16, 214.00
476.50, 214.00
476.84, 223.00
477.17, 211.00
477.51, 208.00
477.85, 217.00
478.18, 231.00
478.52, 215.00
478.86, 266.00
479.19, 224.00
479.53, 216.00
479.87, 259.00
480.20, 223.00
480.54, 226.00
480.88, 221.00
481.21, 217.00
481.55, 220.00
481.89, 221.00
482.22, 214.00
482.56, 219.00
482.90, 212.00
483.23, 215.00
483.57, 216.00
483.90, 216.00
484.24, 212.00
484.58, 213.00
484.91, 223.00
485.25, 225.00
485.58, 217.00
485.92, 231.00
486.26, 220.00
486.59, 225.00
486.93, 227.00
487.26, 229.00
487.60, 236.00
487.94, 226.00
488.27, 232.00
488.61, 225.00
488.94, 229.00
489.28, 223.00
489.61, 229.00
489.95, 226.00
490.29, 237.00
490.62, 242.00
490.96, 230.00
491.29, 244.00
491.63, 225.00
491.96, 219.00
492.30, 222.00
492.63, 220.00
492.97, 217.00
493.30, 216.00
493.64, 219.00
493.97, 225.00
494.31, 234.00
494.64, 229.00
494.98, 230.00
495.31, 234.00
495.65, 228.00
495.98, 235.00
496.32, 222.00
496.65, 260.00
496.99, 229.00
497.32, 220.00
497.66, 218.00
497.99, 214.00
498.33, 212.00
498.66, 214.00
499.00, 227.00
499.33, 211.00
499.67, 220.00
500.00, 225.00
500.34, 227.00
500.67, 230.00
501.00, 224.00
501.34, 228.00
501.67, 229.00
502.01, 219.00
502.34, 222.00
502.68, 231.00
503.01, 240.00
503.34, 240.00
503.68, 233.00
504.01, 233.00
504.35, 240.00
504.68, 247.00
505.01, 244.00
505.35, 252.00
505.68, 242.00
506.02, 249.00
506.35, 246.00
506.68, 255.00
507.02, 249.00
507.35, 239.00
507.68, 244.00
508.02, 238.00
508.35, 237.00
508.69, 227.00
509.02, 229.00
509.35, 229.00
509.69, 231.00
510.02, 231.00
510.35, 234.00
510.69, 222.00
511.02, 225.00
511.35, 228.00
511.69, 231.00
512.02, 223.00
512.35, 235.00
512.68, 218.00
513.02, 223.00
513.35, 220.00
513.68, 221.00
514.02, 226.00
514.35, 221.00
514.68, 227.00
515.01, 210.00
515.35, 227.00
515.68, 205.00
516.01, 208.00
516.35, 210.00
516.68, 217.00
517.01, 206.00
517.34, 219.00
517.68, 217.00
518.01, 218.00
518.34, 211.00
518.67, 217.00
519.01, 214.00
519.34, 221.00
519.67, 232.00
520.00, 226.00
520.33, 228.00
520.67, 228.00
521.00, 234.00
521.33, 231.00
521.66, 238.00
522.00, 238.00
522.33, 243.00
522.66, 222.00
522.99, 222.00
523.32, 233.00
523.65, 222.00
523.99, 223.00
524.32, 224.00
524.65, 222.00
524.98, 226.00
525.31, 218.00
525.65, 250.00
525.98, 220.00
526.31, 218.00
526.64, 230.00
526.97, 218.00
527.30, 216.00
527.63, 213.00
527.97, 218.00
528.30, 210.00
528.63, 220.00
528.96, 238.00
529.29, 206.00
529.62, 216.00
529.95, 207.00
530.28, 216.00
530.61, 205.00
530.95, 205.00
531.28, 205.00
531.61, 216.00
531.94, 220.00
532.27, 228.00
532.60, 219.00
532.93, 224.00
533.26, 207.00
533.59, 203.00
533.92, 215.00
534.25, 205.00
534.58, 246.00
534.91, 212.00
535.25, 203.00
535.58, 200.00
535.91, 201.00
536.24, 202.00
536.57, 206.00
536.90, 204.00
537.23, 199.00
537.56, 249.00
537.89, 206.00
538.22, 197.00
538.55, 204.00
538.88, 202.00
539.21, 312.00
539.54, 201.00
539.87, 199.00
540.20, 202.00
540.53, 205.00
540.86, 229.00
541.19, 203.00
541.52, 199.00
541.85, 205.00
542.18, 223.00
542.51, 222.00
542.84, 214.00
543.17, 218.00
543.50, 218.00
543.82, 211.00
544.15, 218.00
544.48, 213.00
544.81, 216.00
545.14, 246.00
545.47, 206.00
545.80, 246.00
546.13, 214.00
546.46, 251.00
546.79, 238.00
547.12, 199.00
547.45, 210.00
547.78, 205.00
548.10, 207.00
548.43, 204.00
548.76, 203.00
549.09, 201.00
549.42, 202.00
549.75, 204.00
550.08, 210.00
550.41, 209.00
550.74, 212.00
551.06, 206.00
551.39, 205.00
551.72, 212.00
552.05, 201.00
552.38, 205.00
552.71, 205.00
553.03, 204.00
553.36, 209.00
553.69, 216.00
554.02, 204.00
554.35, 218.00
554.68, 206.00
555.00, 217.00
555.33, 207.00
555.66, 213.00
555.99, 233.00
556.32, 214.00
556.64, 221.00
556.97, 238.00
557.30, 236.00
557.63, 230.00
557.96, 229.00
558.28, 232.00
558.61, 227.00
558.94, 227.00
559.27, 230.00
559.59, 224.00
559.92, 223.00
560.25, 218.00
560.58, 213.00
560.90, 231.00
561.23, 215.00
561.56, 209.00
561.89, 212.00
562.21, 212.00
562.54, 213.00
562.87, 207.00
563.20, 207.00
563.52, 198.00
563.85, 197.00
564.18, 215.00
564.50, 206.00
564.83, 232.00
565.16, 255.00
565.48, 189.00
565.81, 203.00
566.14, 191.00
566.47, 186.00
566.79, 200.00
567.12, 186.00
567.45, 217.00
567.77, 191.00
568.10, 198.00
568.43, 196.00
568.75, 185.00
569.08, 194.00
569.40, 227.00
569.73, 190.00
570.06, 193.00
570.38, 192.00
570.71, 191.00
571.04, 189.00
571.36, 196.00
571.69, 194.00
572.01, 190.00
572.34, 191.00
572.67, 197.00
572.99, 193.00
573.32, 214.00
573.64, 192.00
573.97, 187.00
574.30, 190.00
574.62, 196.00
574.95, 191.00
575.27, 193.00
575.60, 187.00
575.92, 196.00
576.25, 188.00
576.58, 199.00
576.90, 196.00
577.23, 218.00
577.55, 190.00
577.88, 186.00
578.20, 193.00
578.53, 188.00
578.85, 204.00
579.18, 200.00
579.50, 188.00
579.83, 193.00
580.15, 192.00
580.48, 193.00
580.80, 195.00
581.13, 190.00
581.45, 189.00
581.78, 182.00
582.10, 192.00
582.43, 198.00
582.75, 205.00
583.08, 191.00
583.40, 189.00
583.73, 255.00
584.05, 201.00
584.38, 191.00
584.70, 237.00
585.03, 204.00
585.35, 199.00
585.67, 198.00
586.00, 223.00
586.32, 235.00
586.65, 246.00
586.97, 243.00
587.30, 234.00
587.62, 216.00
587.94, 232.00
588.27, 212.00
588.59, 208.00
588.92, 200.00
589.24, 204.00
589.56, 204.00
589.89, 202.00
590.21, 194.00
590.54, 201.00
590.86, 193.00
591.18, 197.00
591.51, 203.00
591.83, 218.00
592.15, 201.00
592.48, 201.00
592.80, 208.00
593.13, 200.00
593.45, 209.00
593.77, 206.00
594.10, 214.00
594.42, 218.00
594.74, 224.00
595.07, 217.00
595.39, 221.00
595.71, 232.00
596.03, 228.00
596.36, 236.00
596.68, 231.00
597.00, 235.00
597.33, 234.00
597.65, 246.00
597.97, 243.00
598.30, 232.00
598.62, 241.00
598.94, 233.00
599.26, 236.00
599.59, 236.00
599.91, 235.00
600.23, 228.00
600.55, 229.00
600.88, 228.00
601.20, 221.00
601.52, 211.00
601.84, 204.00
602.17, 205.00
602.49, 197.00
602.81, 192.00
603.13, 208.00
603.45, 207.00
603.78, 194.00
604.10, 196.00
604.42, 197.00
604.74, 188.00
605.07, 195.00
605.39, 186.00
605.71, 186.00
606.03, 193.00
606.35, 186.00
606.67, 195.00
607.00, 196.00
607.32, 183.00
607.64, 181.00
607.96, 179.00
608.28, 180.00
608.60, 176.00
608.93, 177.00
609.25, 189.00
609.57, 185.00
609.89, 184.00
610.21, 181.00
610.53, 182.00
610.85, 176.00
611.17, 188.00
611.50, 181.00
611.82, 176.00
612.14, 184.00
612.46, 179.00
612.78, 177.00
613.10, 181.00
613.42, 179.00
613.74, 192.00
614.06, 230.00
614.38, 212.00
614.70, 215.00
615.03, 220.00
615.35, 225.00
615.67, 302.00
615.99, 191.00
616.31, 185.00
616.63, 193.00
616.95, 185.00
617.27, 186.00
617.59, 177.00
617.91, 185.00
618.23, 179.00
618.55, 180.00
618.87, 171.00
619.19, 173.00
619.51, 175.00
619.83, 173.00
620.15, 170.00
620.47, 173.00
620.79, 168.00
621.11, 177.00
621.43, 177.00
621.75, 185.00
622.07, 178.00
622.39, 180.00
622.71, 175.00
623.03, 175.00
623.35, 220.00
623.67, 170.00
623.99, 171.00
624.31, 174.00
624.63, 180.00
624.95, 176.00
625.26, 176.00
625.58, 176.00
625.90, 195.00
626.22, 174.00
626.54, 173.00
626.86, 178.00
627.18, 176.00
627.50, 178.00
627.82, 170.00
628.14, 180.00
628.46, 176.00
628.77, 180.00
629.09, 184.00
629.41, 190.00
629.73, 183.00
630.05, 194.00
630.37, 188.00
630.69, 198.00
631.00, 191.00
631.32, 196.00
631.64, 193.00
631.96, 182.00
632.28, 190.00
632.60, 193.00
632.92, 191.00
633.23, 196.00
633.55, 208.00
633.87, 204.00
634.19, 203.00
634.51, 215.00
634.82, 218.00
635.14, 221.00
635.46, 207.00
635.78, 213.00
636.10, 216.00
636.41, 212.00
636.73, 214.00
637.05, 212.00
637.37, 214.00
637.68, 211.00
638.00, 210.00
638.32, 219.00
638.64, 234.00
638.95, 246.00
639.27, 232.00
639.59, 226.00
639.91, 216.00
640.22, 207.00
640.54, 208.00
640.86, 207.00
641.18, 211.00
641.49, 233.00
641.81, 211.00
642.13, 220.00
642.44, 203.00
642.76, 200.00
643.08, 202.00
643.40, 209.00
643.71, 211.00
644.03, 213.00
644.35, 216.00
644.66, 220.00
644.98, 213.00
645.30, 208.00
645.61, 222.00
645.93, 201.00
646.25, 199.00
646.56, 206.00
646.88, 225.00
647.19, 188.00
647.51, 193.00
647.83, 188.00
648.14, 185.00
648.46, 189.00
648.78, 190.00
649.09, 190.00
649.41, 241.00
649.72, 201.00
650.04, 219.00
650.36, 214.00
650.67, 212.00
650.99, 223.00
651.30, 217.00
651.62, 215.00
651.93, 220.00
652.25, 231.00
652.57, 254.00
652.88, 214.00
653.20, 217.00
653.51, 216.00
653.83, 210.00
654.14, 206.00
654.46, 203.00
654.77, 200.00
655.09, 204.00
655.40, 214.00
655.72, 203.00
656.04, 195.00
656.35, 196.00
656.67, 195.00
656.98, 197.00
657.30, 193.00
657.61, 205.00
657.93, 207.00
658.24, 208.00
658.55, 248.00
658.87, 205.00
659.18, 203.00
659.50, 209.00
659.81, 219.00
660.13, 215.00
660.44, 205.00
660.76, 210.00
661.07, 223.00
661.39, 201.00
661.70, 198.00
662.01, 197.00
662.33, 192.00
662.64, 193.00
662.96, 178.00
663.27, 181.00
663.59, 176.00
663.90, 177.00
664.21, 177.00
664.53, 203.00
664.84, 178.00
665.16, 211.00
665.47, 181.00
665.78, 184.00
666.10, 201.00
666.41, 196.00
666.72, 207.00
667.04, 214.00
667.35, 201.00
667.67, 194.00
667.98, 199.00
668.29, 193.00
668.61, 189.00
668.92, 188.00
669.23, 198.00
669.55, 189.00
669.86, 214.00
670.17, 183.00
670.48, 184.00
670.80, 175.00
671.11, 186.00
671.42, 176.00
671.74, 184.00
672.05, 174.00
672.36, 179.00
672.68, 180.00
672.99, 184.00
673.30, 188.00
673.61, 185.00
673.93, 201.00
674.24, 204.00
674.55, 204.00
674.86, 202.00
675.18, 207.00
675.49, 208.00
675.80, 207.00
676.11, 211.00
676.43, 215.00
676.74, 205.00
677.05, 217.00
677.36, 226.00
677.67, 208.00
677.99, 199.00
678.30, 199.00
678.61, 199.00
678.92, 195.00
679.23, 191.00
679.55, 184.00
679.86, 179.00
680.17, 180.00
680.48, 189.00
680.79, 182.00
681.10, 174.00
681.42, 176.00
681.73, 170.00
682.04, 176.00
682.35, 166.00
682.66, 174.00
682.97, 175.00
683.28, 172.00
683.60, 171.00
683.91, 178.00
684.22, 190.00
684.53, 172.00
684.84, 172.00
685.15, 177.00
685.46, 198.00
685.77, 162.00
686.08, 166.00
686.40, 203.00
686.71, 167.00
687.02, 169.00
687.33, 172.00
687.64, 163.00
687.95, 164.00
688.26, 161.00
688.57, 159.00
688.88, 163.00
689.19, 154.00
689.50, 160.00
689.81, 164.00
690.12, 159.00
690.43, 172.00
690.74, 159.00
691.05, 157.00
691.36, 172.00
691.67, 162.00
691.98, 157.00
692.29, 160.00
692.60, 159.00
692.91, 160.00
693.22, 156.00
693.53, 158.00
693.84, 163.00
694.15, 158.00
694.46, 149.00
694.77, 157.00
695.08, 161.00
695.39, 167.00
695.70, 159.00
696.01, 162.00
696.32, 159.00
696.63, 161.00
696.94, 160.00
697.25, 161.00
697.56, 165.00
697.87, 160.00
698.17, 202.00
698.48, 163.00
698.79, 162.00
699.10, 159.00
699.41, 158.00
699.72, 164.00
700.03, 160.00
700.34, 156.00
700.65, 164.00
700.95, 156.00
701.26, 155.00
701.57, 160.00
701.88, 160.00
702.19, 168.00
702.50, 161.00
702.81, 152.00
703.11, 188.00
703.42, 162.00
703.73, 165.00
704.04, 168.00
704.35, 166.00
704.66, 191.00
704.96, 251.00
705.27, 312.00
705.58, 340.00
705.89, 316.00
706.20, 276.00
706.50, 240.00
706.81, 231.00
707.12, 208.00
707.43, 196.00
707.73, 181.00
708.04, 163.00
708.35, 170.00
708.66, 158.00
708.97, 155.00
709.27, 164.00
709.58, 164.00
709.89, 162.00
710.19, 159.00
710.50, 159.00
710.81, 161.00
711.12, 160.00
711.42, 157.00
711.73, 163.00
712.04, 155.00
712.35, 163.00
712.65, 158.00
712.96, 164.00
713.27, 162.00
713.57, 186.00
713.88, 184.00
714.19, 156.00
714.49, 154.00
714.80, 167.00
715.11, 157.00
715.41, 157.00
715.72, 159.00
716.03, 157.00
716.33, 163.00
716.64, 152.00
716.94, 163.00
717.25, 155.00
717.56, 167.00
717.86, 163.00
718.17, 157.00
718.48, 157.00
718.78, 157.00
719.09, 157.00
719.39, 154.00
719.70, 159.00
720.01, 157.00
720.31, 157.00
720.62, 158.00
720.92, 158.00
721.23, 163.00
721.53, 170.00
721.84, 163.00
722.15, 167.00
722.45, 161.00
722.76, 161.00
723.06, 159.00
723.37, 158.00
723.67, 161.00
723.98, 158.00
724.28, 163.00
724.59, 167.00
724.89, 164.00
725.20, 163.00
725.50, 171.00
725.81, 158.00
726.11, 161.00
726.42, 161.00
726.72, 164.00
727.03, 197.00
727.33, 171.00
727.64, 161.00
727.94, 166.00
728.25, 163.00
728.55, 156.00
728.86, 177.00
729.16, 156.00
729.46, 156.00
729.77, 159.00
730.07, 154.00
730.38, 156.00
730.68, 155.00
730.99, 167.00
731.29, 157.00
731.59, 162.00
731.90, 158.00
732.20, 161.00
732.51, 164.00
732.81, 160.00
733.11, 166.00
733.42, 160.00
733.72, 166.00
734.02, 168.00
734.33, 157.00
734.63, 159.00
734.94, 155.00
735.24, 157.00
735.54, 154.00
735.85, 165.00
736.15, 152.00
736.45, 159.00
736.76, 161.00
737.06, 157.00
737.36, 157.00
737.67, 159.00
737.97, 159.00
738.27, 155.00
738.57, 154.00
738.88, 154.00
739.18, 190.00
739.48, 157.00
739.79, 151.00
740.09, 160.00
740.39, 159.00
740.69, 163.00
741.00, 159.00
741.30, 168.00
741.60, 153.00
741.90, 155.00
742.21, 161.00
742.51, 212.00
742.81, 164.00
743.11, 160.00
743.42, 193.00
743.72, 168.00
744.02, 173.00
744.32, 179.00
744.63, 176.00
744.93, 178.00
745.23, 184.00
745.53, 184.00
745.83, 171.00
746.13, 182.00
746.44, 173.00
746.74, 175.00
747.04, 182.00
747.34, 183.00
747.64, 178.00
747.94, 181.00
748.25, 182.00
748.55, 186.00
748.85, 181.00
749.15, 194.00
749.45, 212.00
749.75, 202.00
750.05, 176.00
750.35, 167.00
750.66, 185.00
750.96, 173.00
751.26, 160.00
751.56, 165.00
751.86, 169.00
752.16, 153.00
752.46, 157.00
752.76, 157.00
753.06, 160.00
753.36, 199.00
753.66, 153.00
753.96, 157.00
754.27, 153.00
754.57, 155.00
754.87, 157.00
755.17, 157.00
755.47, 163.00
755.77, 162.00
756.07, 167.00
756.37, 163.00
756.67, 168.00
756.97, 164.00
757.27, 172.00
757.57, 164.00
757.87, 174.00
758.17, 164.00
758.47, 167.00
758.77, 176.00
759.07, 167.00
759.37, 169.00
759.67, 168.00
759.97, 175.00
760.27, 168.00
760.57, 161.00
760.86, 167.00
761.16, 168.00
761.46, 164.00
761.76, 189.00
762.06, 165.00
762.36, 163.00
762.66, 161.00
762.96, 167.00
763.26, 162.00
763.56, 185.00
763.86, 164.00
764.16, 155.00
764.45, 166.00
764.75, 157.00
765.05, 157.00
765.35, 152.00
765.65, 159.00
765.95, 149.00
766.25, 158.00
766.55, 157.00
766.84, 161.00
767.14, 166.00
767.44, 154.00
767.74, 158.00
768.04, 163.00
768.34, 159.00
768.63, 158.00
768.93, 163.00
769.23, 169.00
769.53, 166.00
769.83, 171.00
770.12, 165.00
770.42, 171.00
770.72, 168.00
771.02, 167.00
771.32, 166.00
771.61, 166.00
771.91, 176.00
772.21, 169.00
772.51, 168.00
772.80, 168.00
773.10, 160.00
773.40, 168.00
773.70, 170.00
773.99, 168.00
774.29, 176.00
774.59, 167.00
774.88, 167.00
775.18, 200.00
775.48, 424.00
775.78, 790.00
776.07, 1030.00
776.37, 1087.00
776.67, 842.00
776.96, 564.00
777.26, 496.00
777.56, 381.00
777.85, 338.00
778.15, 304.00
778.45, 284.00
778.74, 247.00
779.04, 212.00
779.34, 185.00
779.63, 169.00
779.93, 160.00
780.22, 157.00
780.52, 150.00
780.82, 149.00
781.11, 152.00
781.41, 147.00
781.71, 153.00
782.00, 151.00
782.30, 150.00
782.59, 156.00
782.89, 152.00
783.19, 151.00
783.48, 147.00
783.78, 146.00
784.07, 157.00
784.37, 151.00
784.66, 156.00
784.96, 146.00
785.25, 148.00
785.55, 149.00
785.84, 154.00
786.14, 148.00
786.44, 144.00
786.73, 148.00
787.03, 150.00
787.32, 151.00
787.62, 148.00
787.91, 144.00
788.21, 148.00
788.50, 147.00
788.80, 146.00
789.09, 154.00
789.39, 148.00
789.68, 151.00
789.97, 152.00
790.27, 149.00
790.56, 151.00
790.86, 158.00
791.15, 149.00
791.45, 143.00
791.74, 168.00
792.04, 146.00
792.33, 146.00
792.62, 170.00
792.92, 152.00
793.21, 147.00
793.51, 153.00
793.80, 146.00
794.09, 146.00
794.39, 144.00
794.68, 143.00
794.98, 144.00
795.27, 143.00
795.56, 149.00
795.86, 147.00
796.15, 149.00
796.44, 153.00
796.74, 145.00
797.03, 145.00
797.32, 146.00
797.62, 144.00
797.91, 157.00
798.20, 146.00
798.50, 155.00
798.79, 156.00
799.08, 146.00
799.38, 148.00
799.67, 151.00
799.96, 154.00
800.26, 172.00
800.55, 147.00
800.84, 147.00
801.13, 144.00
801.43, 145.00
801.72, 182.00
802.01, 149.00
802.30, 150.00
802.60, 146.00
802.89, 152.00
803.18, 148.00
803.47, 143.00
803.77, 149.00
804.06, 149.00
804.35, 153.00
804.64, 166.00
804.94, 151.00
805.23, 149.00
805.52, 142.00
805.81, 150.00
806.10, 146.00
806.39, 143.00
806.69, 148.00
806.98, 146.00
807.27, 147.00
807.56, 152.00
807.85, 149.00
808.14, 147.00
808.44, 155.00
808.73, 147.00
809.02, 163.00
809.31, 147.00
809.60, 150.00
809.89, 157.00
810.18, 146.00
810.48, 150.00
810.77, 152.00
811.06, 143.00
811.35, 147.00
811.64, 156.00
811.93, 169.00
812.22, 147.00
812.51, 145.00
812.80, 140.00
813.09, 148.00
813.38, 146.00
813.67, 165.00
813.96, 141.00
814.26, 139.00
814.55, 139.00
814.84, 145.00
815.13, 150.00
815.42, 140.00
815.71, 150.00
816.00, 147.00
816.29, 155.00
816.58, 154.00
816.87, 144.00
817.16, 142.00
817.45, 149.00
817.74, 138.00
818.03, 149.00
818.32, 148.00
818.61, 149.00
818.90, 144.00
819.19, 143.00
819.48, 142.00
819.76, 143.00
820.05, 137.00
820.34, 143.00
820.63, 140.00
820.92, 149.00
821.21, 142.00
821.50, 143.00
821.79, 142.00
822.08, 145.00
822.37, 147.00
822.66, 148.00
822.95, 150.00
823.23, 148.00
823.52, 163.00
823.81, 150.00
824.10, 146.00
824.39, 148.00
824.68, 142.00
824.97, 161.00
825.26, 142.00
825.54, 190.00
825.83, 147.00
826.12, 147.00
826.41, 143.00
826.70, 139.00
826.99, 153.00
827.27, 144.00
827.56, 167.00
827.85, 131.00
828.14, 141.00
828.43, 149.00
828.71, 148.00
829.00, 145.00
829.29, 146.00
829.58, 146.00
829.86, 143.00
830.15, 145.00
830.44, 143.00
830.73, 149.00
831.01, 144.00
831.30, 147.00
831.59, 145.00
831.88, 143.00
832.16, 140.00
832.45, 148.00
832.74, 145.00
833.03, 143.00
833.31, 143.00
833.60, 142.00
833.89, 145.00
834.17, 148.00
834.46, 146.00
834.75, 145.00
835.03, 141.00
835.32, 141.00
835.61, 146.00
835.89, 159.00
836.18, 143.00
836.47, 141.00
836.75, 138.00
837.04, 147.00
837.33, 146.00
837.61, 144.00
837.90, 142.00
838.19, 145.00
838.47, 142.00
838.76, 144.00
839.04, 139.00
839.33, 141.00
839.62, 146.00
839.90, 142.00
840.19, 140.00
840.47, 144.00
840.76, 168.00
841.04, 145.00
841.33, 150.00
841.62, 148.00
841.90, 143.00
842.19, 142.00
842.47, 300.00
842.76, 144.00
843.04, 152.00
843.33, 178.00
843.61, 168.00
843.90, 164.00
844.18, 171.00
844.47, 164.00
844.75, 166.00
845.04, 155.00
845.32, 153.00
845.61, 159.00
845.89, 152.00
846.18, 150.00
846.46, 152.00
846.75, 148.00
847.03, 161.00
847.32, 143.00
847.60, 148.00
847.88, 141.00
848.17, 142.00
848.45, 165.00
848.74, 145.00
849.02, 146.00
849.31, 141.00
849.59, 140.00
849.87, 143.00
850.16, 138.00
850.44, 148.00
850.73, 169.00
851.01, 151.00
851.29, 147.00
851.58, 145.00
851.86, 143.00
852.14, 143.00
852.43, 150.00
852.71, 145.00
853.00, 145.00
853.28, 153.00
853.56, 148.00
853.85, 143.00
854.13, 146.00
854.41, 145.00
854.69, 143.00
854.98, 141.00
855.26, 198.00
855.54, 139.00
855.83, 141.00
856.11, 145.00
856.39, 139.00
856.68, 142.00
856.96, 146.00
857.24, 142.00
857.52, 149.00
857.81, 141.00
858.09, 142.00
858.37, 140.00
858.65, 141.00
858.94, 142.00
859.22, 139.00
