190.05, 0.00
190.41, 129.00
190.77, 129.00
191.14, 136.00
191.50, 135.00
191.86, 157.00
192.22, 144.00
192.58, 143.00
192.94, 147.00
193.31, 138.00
193.67, 142.00
194.03, 154.00
194.39, 145.00
194.75, 140.00
195.11, 146.00
195.47, 158.00
195.84, 138.00
196.20, 145.00
196.56, 154.00
196.92, 140.00
197.28, 141.00
197.64, 144.00
198.00, 138.00
198.37, 142.00
198.73, 147.00
199.09, 144.00
199.45, 139.00
199.81, 143.00
200.17, 148.00
200.53, 146.00
200.89, 151.00
201.25, 181.00
201.62, 142.00
201.98, 142.00
202.34, 142.00
202.70, 152.00
203.06, 143.00
203.42, 143.00
203.78, 144.00
204.14, 146.00
204.50, 165.00
204.86, 157.00
205.22, 155.00
205.58, 149.00
205.95, 144.00
206.31, 146.00
206.67, 149.00
207.03, 151.00
207.39, 149.00
207.75, 148.00
208.11, 145.00
208.47, 141.00
208.83, 146.00
209.19, 143.00
209.55, 147.00
209.91, 143.00
210.27, 146.00
210.63, 141.00
210.99, 157.00
211.35, 147.00
211.71, 154.00
212.07, 144.00
212.43, 148.00
212.79, 142.00
213.15, 143.00
213.51, 152.00
213.87, 148.00
214.23, 147.00
214.59, 143.00
214.95, 151.00
215.31, 147.00
215.67, 151.00
216.03, 181.00
216.39, 151.00
216.75, 146.00
217.11, 151.00
217.47, 148.00
217.83, 146.00
218.19, 147.00
218.55, 155.00
218.91, 151.00
219.27, 148.00
219.63, 146.00
219.99, 145.00
220.35, 143.00
220.71, 152.00
221.07, 147.00
221.43, 146.00
221.79, 145.00
222.15, 148.00
222.51, 140.00
222.87, 145.00
223.23, 143.00
223.59, 141.00
223.95, 140.00
224.31, 145.00
224.67, 148.00
225.03, 152.00
225.39, 152.00
225.74, 149.00
226.10, 147.00
226.46, 147.00
226.82, 150.00
227.18, 151.00
227.54, 149.00
227.90, 154.00
228.26, 152.00
228.62, 155.00
228.98, 148.00
229.34, 143.00
229.69, 147.00
230.05, 146.00
230.41, 147.00
230.77, 160.00
231.13, 151.00
231.49, 144.00
231.85, 149.00
232.21, 155.00
232.57, 148.00
232.92, 143.00
233.28, 146.00
233.64, 146.00
234.00, 143.00
234.36, 141.00
234.72, 150.00
235.08, 146.00
235.44, 145.00
235.79, 144.00
236.15, 149.00
236.51, 141.00
236.87, 139.00
237.23, 148.00
237.59, 148.00
237.94, 158.00
238.30, 144.00
238.66, 144.00
239.02, 148.00
239.38, 142.00
239.74, 144.00
240.09, 156.00
240.45, 148.00
240.81, 146.00
241.17, 156.00
241.53, 145.00
241.89, 145.00
242.24, 147.00
242.60, 143.00
242.96, 151.00
243.32, 150.00
243.68, 141.00
244.03, 152.00
244.39, 146.00
244.75, 165.00
245.11, 150.00
245.46, 150.00
245.82, 175.00
246.18, 142.00
246.54, 147.00
246.90, 145.00
247.25, 139.00
247.61, 146.00
247.97, 188.00
248.33, 149.00
248.68, 141.00
249.04, 147.00
249.40, 146.00
249.76, 144.00
250.11, 144.00
250.47, 148.00
250.83, 151.00
251.19, 147.00
251.54, 154.00
251.90, 153.00
252.26, 147.00
252.62, 145.00
252.97, 156.00
253.33, 141.00
253.69, 144.00
254.05, 150.00
254.40, 144.00
254.76, 144.00
255.12, 175.00
255.47, 146.00
255.83, 147.00
256.19, 148.00
256.54, 140.00
256.90, 142.00
257.26, 145.00
257.62, 142.00
257.97, 142.00
258.33, 149.00
258.69, 139.00
259.04, 141.00
259.40, 135.00
259.76, 142.00
260.11, 141.00
260.47, 141.00
260.83, 146.00
261.18, 143.00
261.54, 154.00
261.90, 147.00
262.25, 142.00
262.61, 135.00
262.97, 145.00
263.32, 142.00
263.68, 147.00
264.04, 150.00
264.39, 142.00
264.75, 140.00
265.10, 149.00
265.46, 196.00
265.82, 162.00
266.17, 148.00
266.53, 144.00
266.89, 149.00
267.24, 149.00
267.60, 138.00
267.95, 140.00
268.31, 140.00
268.67, 141.00
269.02, 142.00
269.38, 138.00
269.74, 147.00
270.09, 144.00
270.45, 144.00
270.80, 166.00
271.16, 148.00
271.51, 153.00
271.87, 144.00
272.23, 148.00
272.58, 146.00
272.94, 144.00
273.29, 145.00
273.65, 192.00
274.00, 142.00
274.36, 146.00
274.72, 139.00
275.07, 142.00
275.43, 151.00
275.78, 148.00
276.14, 145.00
276.49, 148.00
276.85, 158.00
277.20, 164.00
277.56, 145.00
277.92, 144.00
278.27, 152.00
278.63, 153.00
278.98, 147.00
279.34, 143.00
279.69, 151.00
280.05, 168.00
280.40, 155.00
280.76, 160.00
281.11, 152.00
281.47, 151.00
281.82, 149.00
282.18, 148.00
282.53, 155.00
282.89, 169.00
283.24, 166.00
283.60, 158.00
283.95, 165.00
284.31, 169.00
284.66, 168.00
285.02, 172.00
285.37, 164.00
285.73, 172.00
286.08, 176.00
286.44, 164.00
286.79, 161.00
287.14, 164.00
287.50, 158.00
287.85, 151.00
288.21, 154.00
288.56, 149.00
288.92, 155.00
289.27, 164.00
289.63, 160.00
289.98, 164.00
290.34, 156.00
290.69, 160.00
291.04, 149.00
291.40, 153.00
291.75, 151.00
292.11, 153.00
292.46, 151.00
292.81, 159.00
293.17, 154.00
293.52, 156.00
293.88, 165.00
294.23, 172.00
294.59, 183.00
294.94, 196.00
295.29, 202.00
295.65, 210.00
296.00, 227.00
296.36, 200.00
296.71, 204.00
297.06, 199.00
297.42, 206.00
297.77, 204.00
298.12, 195.00
298.48, 180.00
298.83, 185.00
299.19, 184.00
299.54, 186.00
299.89, 190.00
300.25, 181.00
300.60, 184.00
300.95, 174.00
301.31, 166.00
301.66, 159.00
302.01, 159.00
302.37, 158.00
302.72, 162.00
303.07, 169.00
303.43, 169.00
303.78, 176.00
304.13, 179.00
304.49, 179.00
304.84, 178.00
305.19, 209.00
305.55, 182.00
305.90, 196.00
306.25, 227.00
306.61, 289.00
306.96, 340.00
307.31, 432.00
307.66, 604.00
308.02, 784.00
308.37, 923.00
308.72, 1018.00
309.08, 1028.00
309.43, 973.00
309.78, 817.00
310.13, 742.00
310.49, 629.00
310.84, 527.00
311.19, 454.00
311.54, 419.00
311.90, 363.00
312.25, 350.00
312.60, 359.00
312.95, 433.00
313.31, 468.00
313.66, 492.00
314.01, 473.00
314.36, 484.00
314.72, 546.00
315.07, 717.00
315.42, 883.00
315.77, 920.00
316.13, 748.00
316.48, 499.00
316.83, 345.00
317.18, 256.00
317.54, 215.00
317.89, 187.00
318.24, 187.00
318.59, 178.00
318.94, 180.00
319.30, 181.00
319.65, 184.00
320.00, 184.00
320.35, 185.00
320.70, 177.00
321.05, 186.00
321.41, 179.00
321.76, 183.00
322.11, 176.00
322.46, 175.00
322.81, 216.00
323.17, 181.00
323.52, 173.00
323.87, 173.00
324.22, 171.00
324.57, 174.00
324.92, 176.00
325.27, 187.00
325.63, 195.00
325.98, 196.00
326.33, 217.00
326.68, 201.00
327.03, 200.00
327.38, 206.00
327.73, 212.00
328.09, 232.00
328.44, 264.00
328.79, 226.00
329.14, 259.00
329.49, 224.00
329.84, 222.00
330.19, 222.00
330.54, 216.00
330.89, 214.00
331.25, 193.00
331.60, 197.00
331.95, 193.00
332.30, 194.00
332.65, 203.00
333.00, 217.00
333.35, 277.00
333.70, 286.00
334.05, 260.00
334.40, 279.00
334.75, 324.00
335.10, 438.00
335.45, 646.00
335.81, 958.00
336.16, 1382.00
336.51, 1927.00
336.86, 2037.00
337.21, 1766.00
337.56, 1078.00
337.91, 649.00
338.26, 388.00
338.61, 272.00
338.96, 226.00
339.31, 203.00
339.66, 193.00
340.01, 196.00
340.36, 186.00
340.71, 180.00
341.06, 174.00
341.41, 184.00
341.76, 181.00
342.11, 188.00
342.46, 179.00
342.81, 188.00
343.16, 173.00
343.51, 183.00
343.86, 183.00
344.21, 179.00
344.56, 182.00
344.91, 183.00
345.26, 181.00
345.61, 177.00
345.96, 173.00
346.31, 176.00
346.66, 206.00
347.01, 174.00
347.36, 199.00
347.71, 174.00
348.06, 178.00
348.41, 193.00
348.76, 212.00
349.10, 214.00
349.45, 238.00
349.80, 236.00
350.15, 232.00
350.50, 221.00
350.85, 225.00
351.20, 233.00
351.55, 276.00
351.90, 337.00
352.25, 408.00
352.60, 537.00
352.95, 706.00
353.30, 756.00
353.64, 674.00
353.99, 525.00
354.34, 433.00
354.69, 398.00
355.04, 414.00
355.39, 503.00
355.74, 650.00
356.09, 830.00
356.44, 1058.00
356.78, 1434.00
357.13, 1632.00
357.48, 1563.00
357.83, 1203.00
358.18, 742.00
358.53, 494.00
358.88, 304.00
359.22, 235.00
359.57, 185.00
359.92, 190.00
360.27, 188.00
360.62, 190.00
360.97, 189.00
361.32, 189.00
361.66, 190.00
362.01, 190.00
362.36, 193.00
362.71, 197.00
363.06, 201.00
363.40, 209.00
363.75, 206.00
364.10, 203.00
364.45, 190.00
364.80, 192.00
365.14, 202.00
365.49, 198.00
365.84, 198.00
366.19, 209.00
366.54, 220.00
366.88, 246.00
367.23, 212.00
367.58, 253.00
367.93, 193.00
368.28, 193.00
368.62, 192.00
368.97, 216.00
369.32, 235.00
369.67, 245.00
370.01, 304.00
370.36, 321.00
370.71, 348.00
371.06, 295.00
371.40, 264.00
371.75, 216.00
372.10, 207.00
372.45, 209.00
372.79, 224.00
373.14, 245.00
373.49, 288.00
373.83, 355.00
374.18, 442.00
374.53, 536.00
374.88, 622.00
375.22, 631.00
375.57, 510.00
375.92, 395.00
376.26, 298.00
376.61, 243.00
376.96, 209.00
377.30, 221.00
377.65, 237.00
378.00, 267.00
378.35, 332.00
378.69, 405.00
379.04, 507.00
379.39, 693.00
379.73, 827.00
380.08, 834.00
380.43, 648.00
380.77, 458.00
381.12, 368.00
381.47, 283.00
381.81, 227.00
382.16, 206.00
382.50, 210.00
382.85, 275.00
383.20, 202.00
383.54, 214.00
383.89, 222.00
384.24, 224.00
384.58, 229.00
384.93, 259.00
385.27, 261.00
385.62, 268.00
385.97, 260.00
386.31, 252.00
386.66, 284.00
387.00, 264.00
387.35, 276.00
387.70, 295.00
388.04, 407.00
388.39, 422.00
388.73, 521.00
389.08, 643.00
389.43, 814.00
389.77, 971.00
390.12, 1174.00
390.46, 1625.00
390.81, 1801.00
391.15, 1745.00
391.50, 1303.00
391.85, 808.00
392.19, 559.00
392.54, 383.00
392.88, 315.00
393.23, 328.00
393.57, 314.00
393.92, 300.00
394.26, 267.00
394.61, 229.00
394.95, 215.00
395.30, 195.00
395.64, 184.00
395.99, 224.00
396.33, 196.00
396.68, 205.00
397.02, 210.00
397.37, 225.00
397.71, 257.00
398.06, 282.00
398.40, 319.00
398.75, 394.00
399.09, 425.00
399.44, 425.00
399.78, 353.00
400.13, 287.00
400.47, 228.00
400.82, 207.00
401.16, 190.00
401.51, 198.00
401.85, 190.00
402.20, 198.00
402.54, 200.00
402.88, 204.00
403.23, 215.00
403.57, 223.00
403.92, 252.00
404.26, 342.00
404.61, 322.00
404.95, 407.00
405.30, 383.00
405.64, 370.00
405.98, 334.00
406.33, 271.00
406.67, 219.00
407.02, 206.00
407.36, 203.00
407.70, 213.00
408.05, 211.00
408.39, 225.00
408.74, 230.00
409.08, 242.00
409.42, 220.00
409.77, 216.00
410.11, 222.00
410.46, 211.00
410.80, 218.00
411.14, 223.00
411.49, 234.00
411.83, 242.00
412.17, 236.00
412.52, 240.00
412.86, 253.00
413.20, 264.00
413.55, 269.00
413.89, 248.00
414.23, 236.00
414.58, 255.00
414.92, 212.00
415.26, 205.00
415.61, 196.00
415.95, 210.00
416.29, 214.00
416.64, 216.00
416.98, 212.00
417.32, 220.00
417.67, 248.00
418.01, 264.00
418.35, 283.00
418.70, 318.00
419.04, 364.00
419.38, 336.00
419.72, 334.00
420.07, 292.00
420.41, 240.00
420.75, 227.00
421.10, 218.00
421.44, 209.00
421.78, 208.00
422.12, 207.00
422.47, 227.00
422.81, 232.00
423.15, 254.00
423.49, 248.00
423.84, 239.00
424.18, 259.00
424.52, 275.00
424.86, 315.00
425.21, 401.00
425.55, 432.00
425.89, 515.00
426.23, 600.00
426.57, 738.00
426.92, 787.00
427.26, 828.00
427.60, 682.00
427.94, 490.00
428.28, 369.00
428.63, 281.00
428.97, 236.00
429.31, 215.00
429.65, 193.00
429.99, 194.00
430.34, 179.00
430.68, 191.00
431.02, 201.00
431.36, 190.00
431.70, 198.00
432.04, 201.00
432.39, 212.00
432.73, 224.00
433.07, 236.00
433.41, 247.00
433.75, 254.00
434.09, 253.00
434.43, 231.00
434.78, 220.00
435.12, 217.00
435.46, 218.00
435.80, 230.00
436.14, 233.00
436.48, 215.00
436.82, 231.00
437.16, 223.00
437.51, 211.00
437.85, 216.00
438.19, 257.00
438.53, 214.00
438.87, 229.00
439.21, 220.00
439.55, 232.00
439.89, 225.00
440.23, 245.00
440.57, 252.00
440.91, 253.00
441.26, 247.00
441.60, 221.00
441.94, 224.00
442.28, 218.00
442.62, 209.00
442.96, 203.00
443.30, 215.00
443.64, 204.00
443.98, 205.00
444.32, 213.00
444.66, 192.00
445.00, 200.00
445.34, 213.00
445.68, 205.00
446.02, 209.00
446.36, 202.00
446.70, 205.00
447.04, 214.00
447.38, 238.00
447.72, 223.00
448.06, 224.00
448.40, 223.00
448.74, 219.00
449.08, 214.00
449.42, 210.00
449.76, 203.00
450.10, 202.00
450.44, 201.00
450.78, 204.00
451.12, 208.00
451.46, 203.00
451.80, 205.00
452.14, 195.00
452.48, 194.00
452.82, 197.00
453.16, 194.00
453.50, 203.00
453.84, 193.00
454.18, 234.00
454.52, 208.00
454.86, 204.00
455.19, 221.00
455.53, 217.00
455.87, 211.00
456.21, 229.00
456.55, 231.00
456.89, 227.00
457.23, 222.00
457.57, 218.00
457.91, 222.00
458.25, 223.00
458.59, 229.00
458.92, 247.00
459.26, 244.00
459.60, 247.00
459.94, 228.00
460.28, 215.00
460.62, 209.00
460.96, 194.00
461.30, 192.00
461.63, 198.00
461.97, 198.00
462.31, 196.00
462.65, 204.00
462.99, 211.00
463.33, 220.00
463.67, 217.00
464.00, 223.00
464.34, 225.00
464.68, 226.00
465.02, 241.00
465.36, 238.00
465.70, 224.00
466.03, 228.00
466.37, 209.00
466.71, 227.00
467.05, 231.00
467.39, 238.00
467.72, 252.00
468.06, 270.00
468.40, 282.00
468.74, 295.00
469.08, 293.00
469.41, 329.00
469.75, 356.00
470.09, 370.00
470.43, 370.00
470.76, 326.00
471.10, 302.00
471.44, 291.00
471.78, 269.00
472.11, 256.00
472.45, 251.00
472.79, 243.00
473.13, 240.00
473.46, 245.00
473.80, 234.00
474.14, 229.00
474.48, 231.00
474.81, 217.00
475.15, 217.00
475.49, 227.00
475.82, 235.00
476.16, 218.00
476.50, 214.00
476.84, 218.00
477.17, 211.00
477.51, 212.00
477.85, 216.00
478.18, 230.00
478.52, 221.00
478.86, 270.00
479.19, 228.00
479.53, 224.00
479.87, 270.00
480.20, 233.00
480.54, 229.00
480.88, 228.00
481.21, 220.00
481.55, 223.00
481.89, 217.00
482.22, 221.00
482.56, 218.00
482.90, 223.00
483.23, 222.00
483.57, 226.00
483.90, 212.00
484.24, 221.00
484.58, 221.00
484.91, 221.00
485.25, 227.00
485.58, 227.00
485.92, 227.00
486.26, 227.00
486.59, 234.00
486.93, 233.00
487.26, 234.00
487.60, 242.00
487.94, 227.00
488.27, 232.00
488.61, 227.00
488.94, 233.00
489.28, 223.00
489.61, 229.00
489.95, 231.00
490.29, 239.00
490.62, 245.00
490.96, 241.00
491.29, 244.00
491.63, 236.00
491.96, 227.00
492.30, 225.00
492.63, 232.00
492.97, 225.00
493.30, 229.00
493.64, 232.00
493.97, 221.00
494.31, 234.00
494.64, 238.00
494.98, 239.00
495.31, 238.00
495.65, 226.00
495.98, 234.00
496.32, 225.00
496.65, 257.00
496.99, 229.00
497.32, 219.00
497.66, 219.00
497.99, 215.00
498.33, 222.00
498.66, 213.00
499.00, 221.00
499.33, 216.00
499.67, 220.00
500.00, 220.00
500.34, 240.00
500.67, 234.00
501.00, 233.00
501.34, 223.00
501.67, 223.00
502.01, 227.00
502.34, 233.00
502.68, 246.00
503.01, 247.00
503.34, 244.00
503.68, 236.00
504.01, 247.00
504.35, 245.00
504.68, 254.00
505.01, 248.00
505.35, 247.00
505.68, 246.00
506.02, 254.00
506.35, 254.00
506.68, 265.00
507.02, 256.00
507.35, 245.00
507.68, 251.00
508.02, 247.00
508.35, 248.00
508.69, 243.00
509.02, 236.00
509.35, 237.00
509.69, 235.00
510.02, 250.00
510.35, 234.00
510.69, 232.00
511.02, 238.00
511.35, 229.00
511.69, 231.00
512.02, 221.00
512.35, 237.00
512.68, 224.00
513.02, 228.00
513.35, 226.00
513.68, 224.00
514.02, 225.00
514.35, 224.00
514.68, 223.00
515.01, 220.00
515.35, 229.00
515.68, 219.00
516.01, 217.00
516.35, 215.00
516.68, 216.00
517.01, 216.00
517.34, 225.00
517.68, 220.00
518.01, 224.00
518.34, 219.00
518.67, 217.00
519.01, 227.00
519.34, 231.00
519.67, 233.00
520.00, 228.00
520.33, 227.00
520.67, 227.00
521.00, 230.00
521.33, 238.00
521.66, 250.00
522.00, 243.00
522.33, 238.00
522.66, 229.00
522.99, 225.00
523.32, 230.00
523.65, 229.00
523.99, 224.00
524.32, 229.00
524.65, 221.00
524.98, 227.00
525.31, 226.00
525.65, 255.00
525.98, 229.00
526.31, 219.00
526.64, 232.00
526.97, 227.00
527.30, 222.00
527.63, 222.00
527.97, 216.00
528.30, 213.00
528.63, 222.00
528.96, 246.00
529.29, 210.00
529.62, 226.00
529.95, 210.00
530.28, 215.00
530.61, 214.00
530.95, 208.00
531.28, 217.00
531.61, 222.00
531.94, 232.00
532.27, 230.00
532.60, 225.00
532.93, 223.00
533.26, 220.00
533.59, 211.00
533.92, 210.00
534.25, 202.00
534.58, 246.00
534.91, 207.00
535.25, 204.00
535.58, 207.00
535.91, 204.00
536.24, 209.00
536.57, 214.00
536.90, 208.00
537.23, 201.00
537.56, 243.00
537.89, 210.00
538.22, 205.00
538.55, 209.00
538.88, 205.00
539.21, 330.00
539.54, 200.00
539.87, 209.00
540.20, 205.00
540.53, 209.00
540.86, 235.00
541.19, 199.00
541.52, 204.00
541.85, 214.00
542.18, 216.00
542.51, 223.00
542.84, 220.00
543.17, 219.00
543.50, 221.00
543.82, 220.00
544.15, 221.00
544.48, 219.00
544.81, 209.00
545.14, 244.00
545.47, 205.00
545.80, 249.00
546.13, 209.00
546.46, 252.00
546.79, 239.00
547.12, 202.00
547.45, 205.00
547.78, 210.00
548.10, 203.00
548.43, 207.00
548.76, 204.00
549.09, 206.00
549.42, 211.00
549.75, 208.00
550.08, 210.00
550.41, 210.00
550.74, 219.00
551.06, 206.00
551.39, 223.00
551.72, 204.00
552.05, 204.00
552.38, 209.00
552.71, 212.00
553.03, 211.00
553.36, 212.00
553.69, 216.00
554.02, 211.00
554.35, 209.00
554.68, 214.00
555.00, 213.00
555.33, 208.00
555.66, 216.00
555.99, 227.00
556.32, 217.00
556.64, 219.00
556.97, 241.00
557.30, 231.00
557.63, 234.00
557.96, 239.00
558.28, 234.00
558.61, 236.00
558.94, 233.00
559.27, 242.00
559.59, 233.00
559.92, 226.00
560.25, 223.00
560.58, 228.00
560.90, 226.00
561.23, 224.00
561.56, 223.00
561.89, 221.00
562.21, 207.00
562.54, 209.00
562.87, 210.00
563.20, 210.00
563.52, 200.00
563.85, 201.00
564.18, 218.00
564.50, 204.00
564.83, 226.00
565.16, 255.00
565.48, 192.00
565.81, 196.00
566.14, 186.00
566.47, 188.00
566.79, 194.00
567.12, 194.00
567.45, 226.00
567.77, 198.00
568.10, 198.00
568.43, 198.00
568.75, 191.00
569.08, 201.00
569.40, 233.00
569.73, 192.00
570.06, 192.00
570.38, 194.00
570.71, 190.00
571.04, 189.00
571.36, 193.00
571.69, 200.00
572.01, 195.00
572.34, 196.00
572.67, 203.00
572.99, 200.00
573.32, 211.00
573.64, 192.00
573.97, 197.00
574.30, 196.00
574.62, 193.00
574.95, 193.00
575.27, 196.00
575.60, 187.00
575.92, 192.00
576.25, 191.00
576.58, 195.00
576.90, 197.00
577.23, 230.00
577.55, 189.00
577.88, 189.00
578.20, 190.00
578.53, 191.00
578.85, 207.00
579.18, 199.00
579.50, 195.00
579.83, 189.00
580.15, 194.00
580.48, 201.00
580.80, 194.00
581.13, 191.00
581.45, 192.00
581.78, 189.00
582.10, 198.00
582.43, 196.00
582.75, 206.00
583.08, 193.00
583.40, 203.00
583.73, 274.00
584.05, 193.00
584.38, 194.00
584.70, 246.00
585.03, 193.00
585.35, 200.00
585.67, 198.00
586.00, 225.00
586.32, 249.00
586.65, 261.00
586.97, 252.00
587.30, 240.00
587.62, 229.00
587.94, 230.00
588.27, 211.00
588.59, 208.00
588.92, 203.00
589.24, 201.00
589.56, 208.00
589.89, 209.00
590.21, 203.00
590.54, 205.00
590.86, 201.00
591.18, 207.00
591.51, 197.00
591.83, 216.00
592.15, 205.00
592.48, 207.00
592.80, 213.00
593.13, 209.00
593.45, 219.00
593.77, 218.00
594.10, 223.00
594.42, 227.00
594.74, 224.00
595.07, 228.00
595.39, 230.00
595.71, 233.00
596.03, 235.00
596.36, 235.00
596.68, 235.00
597.00, 238.00
597.33, 244.00
597.65, 241.00
597.97, 245.00
598.30, 242.00
598.62, 247.00
598.94, 240.00
599.26, 240.00
599.59, 246.00
599.91, 237.00
600.23, 241.00
600.55, 227.00
600.88, 229.00
601.20, 222.00
601.52, 222.00
601.84, 207.00
602.17, 207.00
602.49, 203.00
602.81, 197.00
603.13, 202.00
603.45, 208.00
603.78, 193.00
604.10, 203.00
604.42, 198.00
604.74, 192.00
605.07, 190.00
605.39, 193.00
605.71, 191.00
606.03, 194.00
606.35, 182.00
606.67, 196.00
607.00, 196.00
607.32, 190.00
607.64, 189.00
607.96, 178.00
608.28, 186.00
608.60, 178.00
608.93, 181.00
609.25, 193.00
609.57, 187.00
609.89, 183.00
610.21, 182.00
610.53, 180.00
610.85, 186.00
611.17, 189.00
611.50, 179.00
611.82, 179.00
612.14, 181.00
612.46, 178.00
612.78, 175.00
613.10, 179.00
613.42, 177.00
613.74, 193.00
614.06, 227.00
614.38, 216.00
614.70, 219.00
615.03, 224.00
615.35, 225.00
615.67, 311.00
615.99, 198.00
616.31, 193.00
616.63, 195.00
616.95, 180.00
617.27, 178.00
617.59, 183.00
617.91, 180.00
618.23, 187.00
618.55, 174.00
618.87, 175.00
619.19, 179.00
619.51, 177.00
619.83, 174.00
620.15, 177.00
620.47, 178.00
620.79, 174.00
621.11, 180.00
621.43, 169.00
621.75, 188.00
622.07, 181.00
622.39, 178.00
622.71, 178.00
623.03, 173.00
623.35, 224.00
623.67, 177.00
623.99, 174.00
624.31, 181.00
624.63, 178.00
624.95, 175.00
625.26, 176.00
625.58, 171.00
625.90, 205.00
626.22, 176.00
626.54, 179.00
626.86, 180.00
627.18, 177.00
627.50, 186.00
627.82, 176.00
628.14, 177.00
628.46, 182.00
628.77, 179.00
629.09, 185.00
629.41, 188.00
629.73, 184.00
630.05, 195.00
630.37, 180.00
630.69, 197.00
631.00, 197.00
631.32, 202.00
631.64, 192.00
631.96, 192.00
632.28, 191.00
632.60, 194.00
632.92, 197.00
633.23, 201.00
633.55, 201.00
633.87, 209.00
634.19, 207.00
634.51, 215.00
634.82, 229.00
635.14, 230.00
635.46, 224.00
635.78, 217.00
636.10, 225.00
636.41, 227.00
636.73, 222.00
637.05, 224.00
637.37, 218.00
637.68, 220.00
638.00, 222.00
638.32, 227.00
638.64, 241.00
638.95, 257.00
639.27, 247.00
639.59, 240.00
639.91, 228.00
640.22, 225.00
640.54, 226.00
640.86, 222.00
641.18, 226.00
641.49, 234.00
641.81, 220.00
642.13, 223.00
642.44, 210.00
642.76, 211.00
643.08, 207.00
643.40, 209.00
643.71, 218.00
644.03, 222.00
644.35, 223.00
644.66, 223.00
644.98, 219.00
645.30, 217.00
645.61, 226.00
645.93, 215.00
646.25, 208.00
646.56, 205.00
646.88, 226.00
647.19, 195.00
647.51, 195.00
647.83, 184.00
648.14, 190.00
648.46, 188.00
648.78, 191.00
649.09, 192.00
649.41, 241.00
649.72, 213.00
650.04, 212.00
650.36, 218.00
650.67, 213.00
650.99, 215.00
651.30, 219.00
651.62, 215.00
651.93, 223.00
652.25, 228.00
652.57, 262.00
652.88, 233.00
653.20, 221.00
653.51, 220.00
653.83, 209.00
654.14, 199.00
654.46, 199.00
654.77, 198.00
655.09, 207.00
655.40, 217.00
655.72, 210.00
656.04, 188.00
656.35, 201.00
656.67, 193.00
656.98, 195.00
657.30, 194.00
657.61, 209.00
657.93, 214.00
658.24, 207.00
658.55, 249.00
658.87, 212.00
659.18, 207.00
659.50, 212.00
659.81, 222.00
660.13, 220.00
660.44, 213.00
660.76, 220.00
661.07, 229.00
661.39, 208.00
661.70, 201.00
662.01, 193.00
662.33, 196.00
662.64, 193.00
662.96, 191.00
663.27, 179.00
663.59, 180.00
663.90, 177.00
664.21, 182.00
664.53, 206.00
664.84, 183.00
665.16, 213.00
665.47, 190.00
665.78, 187.00
666.10, 201.00
666.41, 206.00
666.72, 211.00
667.04, 215.00
667.35, 204.00
667.67, 201.00
667.98, 201.00
668.29, 202.00
668.61, 191.00
668.92, 197.00
669.23, 190.00
669.55, 196.00
669.86, 217.00
670.17, 186.00
670.48, 185.00
670.80, 183.00
671.11, 184.00
671.42, 177.00
671.74, 184.00
672.05, 179.00
672.36, 190.00
672.68, 184.00
672.99, 190.00
673.30, 195.00
673.61, 200.00
673.93, 195.00
674.24, 199.00
674.55, 207.00
674.86, 211.00
675.18, 211.00
675.49, 217.00
675.80, 208.00
676.11, 214.00
676.43, 220.00
676.74, 212.00
677.05, 210.00
677.36, 224.00
677.67, 210.00
677.99, 208.00
678.30, 198.00
678.61, 196.00
678.92, 193.00
679.23, 193.00
679.55, 189.00
679.86, 181.00
680.17, 180.00
680.48, 184.00
680.79, 189.00
681.10, 172.00
681.42, 177.00
681.73, 171.00
682.04, 171.00
682.35, 181.00
682.66, 184.00
682.97, 178.00
683.28, 181.00
683.60, 182.00
683.91, 180.00
684.22, 193.00
684.53, 181.00
684.84, 167.00
685.15, 182.00
685.46, 198.00
685.77, 170.00
686.08, 167.00
686.40, 213.00
686.71, 164.00
687.02, 169.00
687.33, 162.00
687.64, 165.00
687.95, 164.00
688.26, 156.00
688.57, 163.00
688.88, 160.00
689.19, 159.00
689.50, 162.00
689.81, 164.00
690.12, 156.00
690.43, 175.00
690.74, 158.00
691.05, 155.00
691.36, 170.00
691.67, 158.00
691.98, 160.00
692.29, 160.00
692.60, 166.00
692.91, 159.00
693.22, 161.00
693.53, 162.00
693.84, 164.00
694.15, 154.00
694.46, 159.00
694.77, 161.00
695.08, 164.00
695.39, 172.00
695.70, 161.00
696.01, 168.00
696.32, 162.00
696.63, 161.00
696.94, 163.00
697.25, 153.00
697.56, 162.00
697.87, 167.00
698.17, 205.00
698.48, 166.00
698.79, 162.00
699.10, 157.00
699.41, 161.00
699.72, 159.00
700.03, 164.00
700.34, 159.00
700.65, 162.00
700.95, 152.00
701.26, 155.00
701.57, 156.00
701.88, 155.00
702.19, 171.00
702.50, 162.00
702.81, 162.00
703.11, 184.00
703.42, 161.00
703.73, 166.00
704.04, 168.00
704.35, 168.00
704.66, 202.00
704.96, 273.00
705.27, 339.00
705.58, 358.00
705.89, 338.00
706.20, 275.00
706.50, 255.00
706.81, 242.00
707.12, 215.00
707.43, 201.00
707.73, 189.00
708.04, 169.00
708.35, 164.00
708.66, 163.00
708.97, 158.00
709.27, 163.00
709.58, 159.00
709.89, 157.00
710.19, 153.00
710.50, 164.00
710.81, 156.00
711.12, 166.00
711.42, 154.00
711.73, 165.00
712.04, 157.00
712.35, 165.00
712.65, 160.00
712.96, 161.00
713.27, 162.00
713.57, 189.00
713.88, 182.00
714.19, 156.00
714.49, 160.00
714.80, 162.00
715.11, 165.00
715.41, 159.00
715.72, 162.00
716.03, 162.00
716.33, 165.00
716.64, 160.00
716.94, 161.00
717.25, 153.00
717.56, 167.00
717.86, 159.00
718.17, 155.00
718.48, 158.00
718.78, 160.00
719.09, 155.00
719.39, 152.00
719.70, 159.00
720.01, 158.00
720.31, 164.00
720.62, 151.00
720.92, 162.00
721.23, 162.00
721.53, 164.00
721.84, 160.00
722.15, 164.00
722.45, 162.00
722.76, 159.00
723.06, 160.00
723.37, 162.00
723.67, 160.00
723.98, 157.00
724.28, 166.00
724.59, 172.00
724.89, 170.00
725.20, 164.00
725.50, 174.00
725.81, 162.00
726.11, 163.00
726.42, 161.00
726.72, 167.00
727.03, 209.00
727.33, 171.00
727.64, 169.00
727.94, 164.00
728.25, 161.00
728.55, 161.00
728.86, 181.00
729.16, 160.00
729.46, 157.00
729.77, 161.00
730.07, 153.00
730.38, 157.00
730.68, 156.00
730.99, 165.00
731.29, 159.00
731.59, 165.00
731.90, 159.00
732.20, 155.00
732.51, 162.00
732.81, 159.00
733.11, 163.00
733.42, 159.00
733.72, 164.00
734.02, 165.00
734.33, 157.00
734.63, 158.00
734.94, 161.00
735.24, 162.00
735.54, 163.00
735.85, 161.00
736.15, 160.00
736.45, 156.00
736.76, 160.00
737.06, 165.00
737.36, 163.00
737.67, 160.00
737.97, 159.00
738.27, 162.00
738.57, 152.00
738.88, 149.00
739.18, 194.00
739.48, 157.00
739.79, 157.00
740.09, 162.00
740.39, 158.00
740.69, 162.00
741.00, 151.00
741.30, 168.00
741.60, 157.00
741.90, 158.00
742.21, 158.00
742.51, 211.00
742.81, 159.00
743.11, 162.00
743.42, 196.00
743.72, 177.00
744.02, 177.00
744.32, 173.00
744.63, 178.00
744.93, 181.00
745.23, 180.00
745.53, 185.00
745.83, 181.00
746.13, 182.00
746.44, 180.00
746.74, 182.00
747.04, 186.00
747.34, 184.00
747.64, 185.00
747.94, 185.00
748.25, 186.00
748.55, 185.00
748.85, 189.00
749.15, 197.00
749.45, 213.00
749.75, 207.00
750.05, 181.00
750.35, 170.00
750.66, 184.00
750.96, 173.00
751.26, 160.00
751.56, 158.00
751.86, 165.00
752.16, 155.00
752.46, 159.00
752.76, 155.00
753.06, 154.00
753.36, 198.00
753.66, 156.00
753.96, 161.00
754.27, 158.00
754.57, 153.00
754.87, 157.00
755.17, 160.00
755.47, 155.00
755.77, 162.00
756.07, 168.00
756.37, 168.00
756.67, 176.00
756.97, 168.00
757.27, 171.00
757.57, 166.00
757.87, 169.00
758.17, 172.00
758.47, 176.00
758.77, 172.00
759.07, 168.00
759.37, 167.00
759.67, 171.00
759.97, 176.00
760.27, 172.00
760.57, 164.00
760.86, 170.00
761.16, 166.00
761.46, 165.00
761.76, 196.00
762.06, 158.00
762.36, 168.00
762.66, 162.00
762.96, 163.00
763.26, 161.00
763.56, 185.00
763.86, 161.00
764.16, 152.00
764.45, 168.00
764.75, 158.00
765.05, 157.00
765.35, 155.00
765.65, 156.00
765.95, 158.00
766.25, 159.00
766.55, 163.00
766.84, 162.00
767.14, 160.00
767.44, 159.00
767.74, 161.00
768.04, 166.00
768.34, 163.00
768.63, 169.00
768.93, 167.00
769.23, 173.00
769.53, 162.00
769.83, 167.00
770.12, 165.00
770.42, 166.00
770.72, 168.00
771.02, 169.00
771.32, 167.00
771.61, 164.00
771.91, 172.00
772.21, 169.00
772.51, 171.00
772.80, 164.00
773.10, 164.00
773.40, 166.00
773.70, 163.00
773.99, 168.00
774.29, 167.00
774.59, 178.00
774.88, 170.00
775.18, 205.00
775.48, 472.00
775.78, 887.00
776.07, 1154.00
776.37, 1201.00
776.67, 920.00
776.96, 615.00
777.26, 533.00
777.56, 400.00
777.85, 363.00
778.15, 326.00
778.45, 297.00
778.74, 255.00
779.04, 225.00
779.34, 184.00
779.63, 173.00
779.93, 164.00
780.22, 156.00
780.52, 154.00
780.82, 150.00
781.11, 152.00
781.41, 150.00
781.71, 152.00
782.00, 144.00
782.30, 150.00
782.59, 158.00
782.89, 151.00
783.19, 144.00
783.48, 151.00
783.78, 149.00
784.07, 153.00
784.37, 161.00
784.66, 153.00
784.96, 151.00
785.25, 149.00
785.55, 153.00
785.84, 154.00
786.14, 149.00
786.44, 147.00
786.73, 150.00
787.03, 146.00
787.32, 148.00
787.62, 149.00
787.91, 148.00
788.21, 151.00
788.50, 148.00
788.80, 150.00
789.09, 146.00
789.39, 150.00
789.68, 145.00
789.97, 150.00
790.27, 149.00
790.56, 153.00
790.86, 161.00
791.15, 146.00
791.45, 145.00
791.74, 173.00
792.04, 146.00
792.33, 141.00
792.62, 177.00
792.92, 148.00
793.21, 142.00
793.51, 153.00
793.80, 149.00
794.09, 145.00
794.39, 142.00
794.68, 141.00
794.98, 141.00
795.27, 144.00
795.56, 145.00
795.86, 155.00
796.15, 145.00
796.44, 151.00
796.74, 145.00
797.03, 148.00
797.32, 147.00
797.62, 145.00
797.91, 157.00
798.20, 151.00
798.50, 152.00
798.79, 157.00
799.08, 147.00
799.38, 148.00
799.67, 147.00
799.96, 159.00
800.26, 173.00
800.55, 149.00
800.84, 149.00
801.13, 145.00
801.43, 147.00
801.72, 177.00
802.01, 143.00
802.30, 147.00
802.60, 147.00
802.89, 149.00
803.18, 146.00
803.47, 148.00
803.77, 155.00
804.06, 146.00
804.35, 148.00
804.64, 166.00
804.94, 144.00
805.23, 147.00
805.52, 150.00
805.81, 147.00
806.10, 147.00
806.39, 150.00
806.69, 147.00
806.98, 145.00
807.27, 148.00
807.56, 153.00
807.85, 148.00
808.14, 143.00
808.44, 152.00
808.73, 144.00
809.02, 166.00
809.31, 154.00
809.60, 153.00
809.89, 153.00
810.18, 146.00
810.48, 158.00
810.77, 152.00
811.06, 145.00
811.35, 148.00
811.64, 151.00
811.93, 165.00
812.22, 144.00
812.51, 147.00
812.80, 141.00
813.09, 143.00
813.38, 145.00
813.67, 160.00
813.96, 145.00
814.26, 143.00
814.55, 141.00
814.84, 143.00
815.13, 147.00
815.42, 144.00
815.71, 146.00
816.00, 142.00
816.29, 151.00
816.58, 151.00
816.87, 148.00
817.16, 145.00
817.45, 158.00
817.74, 149.00
818.03, 145.00
818.32, 145.00
818.61, 146.00
818.90, 151.00
819.19, 145.00
819.48, 144.00
819.76, 147.00
820.05, 146.00
820.34, 142.00
820.63, 144.00
820.92, 148.00
821.21, 141.00
821.50, 146.00
821.79, 142.00
822.08, 143.00
822.37, 146.00
822.66, 145.00
822.95, 150.00
823.23, 146.00
823.52, 168.00
823.81, 146.00
824.10, 146.00
824.39, 145.00
824.68, 138.00
824.97, 163.00
825.26, 145.00
825.54, 192.00
825.83, 143.00
826.12, 147.00
826.41, 140.00
826.70, 140.00
826.99, 149.00
827.27, 138.00
827.56, 161.00
827.85, 142.00
828.14, 141.00
828.43, 150.00
828.71, 142.00
829.00, 146.00
829.29, 144.00
829.58, 151.00
829.86, 144.00
830.15, 144.00
830.44, 145.00
830.73, 144.00
831.01, 142.00
831.30, 141.00
831.59, 148.00
831.88, 143.00
832.16, 143.00
832.45, 151.00
832.74, 148.00
833.03, 147.00
833.31, 148.00
833.60, 141.00
833.89, 141.00
834.17, 138.00
834.46, 142.00
834.75, 145.00
835.03, 141.00
835.32, 143.00
835.61, 143.00
835.89, 157.00
836.18, 143.00
836.47, 142.00
836.75, 140.00
837.04, 145.00
837.33, 144.00
837.61, 139.00
837.90, 142.00
838.19, 144.00
838.47, 143.00
838.76, 145.00
839.04, 147.00
839.33, 143.00
839.62, 148.00
839.90, 144.00
840.19, 142.00
840.47, 144.00
840.76, 172.00
841.04, 143.00
841.33, 145.00
841.62, 140.00
841.90, 141.00
842.19, 145.00
842.47, 178.00
842.76, 147.00
843.04, 148.00
843.33, 179.00
843.61, 162.00
843.90, 168.00
844.18, 166.00
844.47, 163.00
844.75, 161.00
845.04, 150.00
845.32, 155.00
845.61, 153.00
845.89, 151.00
846.18, 150.00
846.46, 153.00
846.75, 153.00
847.03, 156.00
847.32, 147.00
847.60, 147.00
847.88, 147.00
848.17, 149.00
848.45, 161.00
848.74, 150.00
849.02, 146.00
849.31, 146.00
849.59, 143.00
849.87, 150.00
850.16, 141.00
850.44, 147.00
850.73, 178.00
851.01, 152.00
851.29, 142.00
851.58, 149.00
851.86, 147.00
852.14, 145.00
852.43, 149.00
852.71, 141.00
853.00, 140.00
853.28, 152.00
853.56, 147.00
853.85, 149.00
854.13, 143.00
854.41, 138.00
854.69, 142.00
854.98, 141.00
855.26, 201.00
855.54, 144.00
855.83, 141.00
856.11, 145.00
856.39, 140.00
856.68, 143.00
856.96, 144.00
857.24, 139.00
857.52, 149.00
857.81, 144.00
858.09, 142.00
858.37, 145.00
858.65, 143.00
858.94, 143.00
859.22, 145.00
