190.05, 0.00
190.41, 131.00
190.77, 129.00
191.14, 132.00
191.50, 134.00
191.86, 158.00
192.22, 149.00
192.58, 146.00
192.94, 145.00
193.31, 141.00
193.67, 142.00
194.03, 154.00
194.39, 144.00
194.75, 140.00
195.11, 155.00
195.47, 159.00
195.84, 142.00
196.20, 145.00
196.56, 165.00
196.92, 141.00
197.28, 142.00
197.64, 142.00
198.00, 140.00
198.37, 143.00
198.73, 137.00
199.09, 140.00
199.45, 142.00
199.81, 144.00
200.17, 148.00
200.53, 139.00
200.89, 149.00
201.25, 175.00
201.62, 144.00
201.98, 141.00
202.34, 138.00
202.70, 149.00
203.06, 141.00
203.42, 142.00
203.78, 143.00
204.14, 146.00
204.50, 167.00
204.86, 156.00
205.22, 151.00
205.58, 153.00
205.95, 144.00
206.31, 144.00
206.67, 147.00
207.03, 147.00
207.39, 150.00
207.75, 143.00
208.11, 151.00
208.47, 146.00
208.83, 148.00
209.19, 143.00
209.55, 143.00
209.91, 144.00
210.27, 150.00
210.63, 151.00
210.99, 156.00
211.35, 146.00
211.71, 148.00
212.07, 140.00
212.43, 149.00
212.79, 146.00
213.15, 143.00
213.51, 148.00
213.87, 153.00
214.23, 148.00
214.59, 146.00
214.95, 144.00
215.31, 145.00
215.67, 148.00
216.03, 177.00
216.39, 146.00
216.75, 149.00
217.11, 151.00
217.47, 148.00
217.83, 146.00
218.19, 148.00
218.55, 152.00
218.91, 148.00
219.27, 145.00
219.63, 143.00
219.99, 144.00
220.35, 147.00
220.71, 152.00
221.07, 148.00
221.43, 141.00
221.79, 142.00
222.15, 146.00
222.51, 144.00
222.87, 146.00
223.23, 142.00
223.59, 140.00
223.95, 147.00
224.31, 145.00
224.67, 141.00
225.03, 146.00
225.39, 150.00
225.74, 155.00
226.10, 146.00
226.46, 144.00
226.82, 147.00
227.18, 152.00
227.54, 147.00
227.90, 147.00
228.26, 147.00
228.62, 159.00
228.98, 149.00
229.34, 147.00
229.69, 146.00
230.05, 149.00
230.41, 143.00
230.77, 158.00
231.13, 154.00
231.49, 146.00
231.85, 143.00
232.21, 155.00
232.57, 151.00
232.92, 143.00
233.28, 143.00
233.64, 158.00
234.00, 142.00
234.36, 143.00
234.72, 141.00
235.08, 153.00
235.44, 150.00
235.79, 138.00
236.15, 145.00
236.51, 144.00
236.87, 149.00
237.23, 144.00
237.59, 148.00
237.94, 152.00
238.30, 144.00
238.66, 146.00
239.02, 149.00
239.38, 141.00
239.74, 148.00
240.09, 153.00
240.45, 143.00
240.81, 141.00
241.17, 150.00
241.53, 146.00
241.89, 143.00
242.24, 147.00
242.60, 140.00
242.96, 148.00
243.32, 146.00
243.68, 144.00
244.03, 148.00
244.39, 144.00
244.75, 162.00
245.11, 148.00
245.46, 150.00
245.82, 168.00
246.18, 141.00
246.54, 149.00
246.90, 143.00
247.25, 140.00
247.61, 140.00
247.97, 183.00
248.33, 143.00
248.68, 141.00
249.04, 140.00
249.40, 140.00
249.76, 143.00
250.11, 143.00
250.47, 152.00
250.83, 153.00
251.19, 147.00
251.54, 154.00
251.90, 152.00
252.26, 147.00
252.62, 145.00
252.97, 152.00
253.33, 143.00
253.69, 142.00
254.05, 152.00
254.40, 145.00
254.76, 145.00
255.12, 175.00
255.47, 153.00
255.83, 153.00
256.19, 145.00
256.54, 144.00
256.90, 142.00
257.26, 137.00
257.62, 146.00
257.97, 144.00
258.33, 158.00
258.69, 148.00
259.04, 138.00
259.40, 152.00
259.76, 149.00
260.11, 143.00
260.47, 139.00
260.83, 149.00
261.18, 145.00
261.54, 152.00
261.90, 147.00
262.25, 145.00
262.61, 142.00
262.97, 146.00
263.32, 142.00
263.68, 143.00
264.04, 151.00
264.39, 143.00
264.75, 145.00
265.10, 147.00
265.46, 193.00
265.82, 158.00
266.17, 146.00
266.53, 147.00
266.89, 149.00
267.24, 152.00
267.60, 145.00
267.95, 141.00
268.31, 145.00
268.67, 144.00
269.02, 146.00
269.38, 144.00
269.74, 152.00
270.09, 141.00
270.45, 143.00
270.80, 164.00
271.16, 145.00
271.51, 144.00
271.87, 154.00
272.23, 153.00
272.58, 157.00
272.94, 148.00
273.29, 144.00
273.65, 191.00
274.00, 149.00
274.36, 145.00
274.72, 140.00
275.07, 142.00
275.43, 142.00
275.78, 150.00
276.14, 144.00
276.49, 142.00
276.85, 152.00
277.20, 170.00
277.56, 144.00
277.92, 145.00
278.27, 153.00
278.63, 158.00
278.98, 142.00
279.34, 149.00
279.69, 148.00
280.05, 163.00
280.40, 152.00
280.76, 161.00
281.11, 154.00
281.47, 153.00
281.82, 144.00
282.18, 148.00
282.53, 155.00
282.89, 159.00
283.24, 162.00
283.60, 157.00
283.95, 159.00
284.31, 163.00
284.66, 166.00
285.02, 164.00
285.37, 166.00
285.73, 168.00
286.08, 171.00
286.44, 154.00
286.79, 152.00
287.14, 155.00
287.50, 157.00
287.85, 150.00
288.21, 152.00
288.56, 153.00
288.92, 155.00
289.27, 150.00
289.63, 154.00
289.98, 161.00
290.34, 149.00
290.69, 159.00
291.04, 149.00
291.40, 151.00
291.75, 144.00
292.11, 153.00
292.46, 152.00
292.81, 160.00
293.17, 155.00
293.52, 155.00
293.88, 170.00
294.23, 170.00
294.59, 176.00
294.94, 188.00
295.29, 193.00
295.65, 205.00
296.00, 220.00
296.36, 197.00
296.71, 196.00
297.06, 197.00
297.42, 203.00
297.77, 198.00
298.12, 188.00
298.48, 182.00
298.83, 176.00
299.19, 174.00
299.54, 175.00
299.89, 180.00
300.25, 183.00
300.60, 179.00
300.95, 174.00
301.31, 161.00
301.66, 165.00
302.01, 156.00
302.37, 160.00
302.72, 165.00
303.07, 163.00
303.43, 170.00
303.78, 170.00
304.13, 170.00
304.49, 181.00
304.84, 182.00
305.19, 208.00
305.55, 175.00
305.90, 182.00
306.25, 215.00
306.61, 276.00
306.96, 331.00
307.31, 417.00
307.66, 554.00
308.02, 721.00
308.37, 841.00
308.72, 939.00
309.08, 953.00
309.43, 892.00
309.78, 774.00
310.13, 679.00
310.49, 594.00
310.84, 489.00
311.19, 435.00
311.54, 387.00
311.90, 339.00
312.25, 321.00
312.60, 325.00
312.95, 407.00
313.31, 438.00
313.66, 431.00
314.01, 448.00
314.36, 442.00
314.72, 501.00
315.07, 645.00
315.42, 786.00
315.77, 838.00
316.13, 685.00
316.48, 467.00
316.83, 330.00
317.18, 248.00
317.54, 213.00
317.89, 186.00
318.24, 175.00
318.59, 179.00
318.94, 170.00
319.30, 176.00
319.65, 183.00
320.00, 184.00
320.35, 179.00
320.70, 180.00
321.05, 181.00
321.41, 182.00
321.76, 183.00
322.11, 175.00
322.46, 173.00
322.81, 218.00
323.17, 168.00
323.52, 166.00
323.87, 174.00
324.22, 171.00
324.57, 173.00
324.92, 180.00
325.27, 178.00
325.63, 192.00
325.98, 192.00
326.33, 204.00
326.68, 194.00
327.03, 191.00
327.38, 198.00
327.73, 208.00
328.09, 217.00
328.44, 254.00
328.79, 214.00
329.14, 253.00
329.49, 207.00
329.84, 203.00
330.19, 214.00
330.54, 207.00
330.89, 206.00
331.25, 190.00
331.60, 188.00
331.95, 181.00
332.30, 181.00
332.65, 192.00
333.00, 213.00
333.35, 269.00
333.70, 276.00
334.05, 248.00
334.40, 261.00
334.75, 297.00
335.10, 405.00
335.45, 596.00
335.81, 840.00
336.16, 1220.00
336.51, 1697.00
336.86, 1792.00
337.21, 1564.00
337.56, 968.00
337.91, 604.00
338.26, 366.00
338.61, 264.00
338.96, 216.00
339.31, 194.00
339.66, 192.00
340.01, 186.00
340.36, 181.00
340.71, 179.00
341.06, 169.00
341.41, 181.00
341.76, 179.00
342.11, 182.00
342.46, 180.00
342.81, 181.00
343.16, 174.00
343.51, 176.00
343.86, 176.00
344.21, 170.00
344.56, 181.00
344.91, 179.00
345.26, 187.00
345.61, 176.00
345.96, 171.00
346.31, 171.00
346.66, 196.00
347.01, 170.00
347.36, 193.00
347.71, 171.00
348.06, 174.00
348.41, 192.00
348.76, 200.00
349.10, 206.00
349.45, 230.00
349.80, 222.00
350.15, 219.00
350.50, 211.00
350.85, 220.00
351.20, 222.00
351.55, 262.00
351.90, 304.00
352.25, 380.00
352.60, 482.00
352.95, 627.00
353.30, 690.00
353.64, 617.00
353.99, 485.00
354.34, 399.00
354.69, 373.00
355.04, 389.00
355.39, 448.00
355.74, 580.00
356.09, 755.00
356.44, 935.00
356.78, 1262.00
357.13, 1458.00
357.48, 1406.00
357.83, 1059.00
358.18, 680.00
358.53, 451.00
358.88, 284.00
359.22, 231.00
359.57, 189.00
359.92, 181.00
360.27, 184.00
360.62, 181.00
360.97, 186.00
361.32, 179.00
361.66, 184.00
362.01, 184.00
362.36, 189.00
362.71, 191.00
363.06, 196.00
363.40, 200.00
363.75, 197.00
364.10, 200.00
364.45, 198.00
364.80, 185.00
365.14, 191.00
365.49, 189.00
365.84, 194.00
366.19, 200.00
366.54, 213.00
366.88, 232.00
367.23, 200.00
367.58, 245.00
367.93, 192.00
368.28, 183.00
368.62, 193.00
368.97, 204.00
369.32, 221.00
369.67, 236.00
370.01, 286.00
370.36, 299.00
370.71, 324.00
371.06, 271.00
371.40, 250.00
371.75, 214.00
372.10, 205.00
372.45, 194.00
372.79, 218.00
373.14, 240.00
373.49, 270.00
373.83, 326.00
374.18, 400.00
374.53, 494.00
374.88, 553.00
375.22, 562.00
375.57, 459.00
375.92, 356.00
376.26, 278.00
376.61, 230.00
376.96, 201.00
377.30, 213.00
377.65, 235.00
378.00, 251.00
378.35, 313.00
378.69, 376.00
379.04, 468.00
379.39, 613.00
379.73, 747.00
380.08, 747.00
380.43, 593.00
380.77, 425.00
381.12, 352.00
381.47, 270.00
381.81, 227.00
382.16, 201.00
382.50, 198.00
382.85, 265.00
383.20, 196.00
383.54, 202.00
383.89, 207.00
384.24, 214.00
384.58, 232.00
384.93, 247.00
385.27, 251.00
385.62, 247.00
385.97, 249.00
386.31, 239.00
386.66, 266.00
387.00, 239.00
387.35, 259.00
387.70, 272.00
388.04, 377.00
388.39, 377.00
388.73, 467.00
389.08, 584.00
389.43, 714.00
389.77, 840.00
390.12, 1046.00
390.46, 1429.00
390.81, 1583.00
391.15, 1531.00
391.50, 1176.00
391.85, 747.00
392.19, 522.00
392.54, 355.00
392.88, 290.00
393.23, 286.00
393.57, 294.00
393.92, 289.00
394.26, 255.00
394.61, 227.00
394.95, 211.00
395.30, 189.00
395.64, 180.00
395.99, 227.00
396.33, 199.00
396.68, 192.00
397.02, 207.00
397.37, 223.00
397.71, 253.00
398.06, 271.00
398.40, 305.00
398.75, 353.00
399.09, 391.00
399.44, 385.00
399.78, 327.00
400.13, 271.00
400.47, 231.00
400.82, 195.00
401.16, 191.00
401.51, 187.00
401.85, 190.00
402.20, 189.00
402.54, 192.00
402.88, 211.00
403.23, 211.00
403.57, 212.00
403.92, 244.00
404.26, 317.00
404.61, 295.00
404.95, 394.00
405.30, 359.00
405.64, 337.00
405.98, 309.00
406.33, 259.00
406.67, 221.00
407.02, 193.00
407.36, 201.00
407.70, 210.00
408.05, 202.00
408.39, 213.00
408.74, 228.00
409.08, 235.00
409.42, 216.00
409.77, 202.00
410.11, 216.00
410.46, 200.00
410.80, 206.00
411.14, 215.00
411.49, 229.00
411.83, 232.00
412.17, 234.00
412.52, 238.00
412.86, 248.00
413.20, 251.00
413.55, 256.00
413.89, 239.00
414.23, 228.00
414.58, 244.00
414.92, 199.00
415.26, 198.00
415.61, 196.00
415.95, 200.00
416.29, 202.00
416.64, 207.00
416.98, 211.00
417.32, 216.00
417.67, 243.00
418.01, 252.00
418.35, 254.00
418.70, 290.00
419.04, 344.00
419.38, 321.00
419.72, 313.00
420.07, 278.00
420.41, 235.00
420.75, 212.00
421.10, 206.00
421.44, 202.00
421.78, 198.00
422.12, 205.00
422.47, 218.00
422.81, 228.00
423.15, 239.00
423.49, 229.00
423.84, 226.00
424.18, 247.00
424.52, 250.00
424.86, 295.00
425.21, 361.00
425.55, 409.00
425.89, 463.00
426.23, 534.00
426.57, 668.00
426.92, 705.00
427.26, 745.00
427.60, 621.00
427.94, 450.00
428.28, 332.00
428.63, 272.00
428.97, 225.00
429.31, 199.00
429.65, 190.00
429.99, 189.00
430.34, 183.00
430.68, 194.00
431.02, 202.00
431.36, 186.00
431.70, 195.00
432.04, 197.00
432.39, 200.00
432.73, 222.00
433.07, 225.00
433.41, 235.00
433.75, 250.00
434.09, 240.00
434.43, 223.00
434.78, 215.00
435.12, 203.00
435.46, 212.00
435.80, 215.00
436.14, 226.00
436.48, 208.00
436.82, 225.00
437.16, 215.00
437.51, 205.00
437.85, 208.00
438.19, 248.00
438.53, 208.00
438.87, 221.00
439.21, 217.00
439.55, 230.00
439.89, 231.00
440.23, 231.00
440.57, 240.00
440.91, 235.00
441.26, 234.00
441.60, 220.00
441.94, 214.00
442.28, 214.00
442.62, 204.00
442.96, 199.00
443.30, 205.00
443.64, 202.00
443.98, 201.00
444.32, 201.00
444.66, 194.00
445.00, 199.00
445.34, 211.00
445.68, 202.00
446.02, 206.00
446.36, 197.00
446.70, 204.00
447.04, 209.00
447.38, 232.00
447.72, 207.00
448.06, 214.00
448.40, 213.00
448.74, 205.00
449.08, 209.00
449.42, 194.00
449.76, 202.00
450.10, 193.00
450.44, 187.00
450.78, 198.00
451.12, 194.00
451.46, 189.00
451.80, 199.00
452.14, 181.00
452.48, 196.00
452.82, 188.00
453.16, 191.00
453.50, 196.00
453.84, 189.00
454.18, 225.00
454.52, 201.00
454.86, 200.00
455.19, 216.00
455.53, 213.00
455.87, 207.00
456.21, 226.00
456.55, 217.00
456.89, 212.00
457.23, 220.00
457.57, 205.00
457.91, 214.00
458.25, 219.00
458.59, 222.00
458.92, 235.00
459.26, 235.00
459.60, 229.00
459.94, 218.00
460.28, 204.00
460.62, 199.00
460.96, 181.00
461.30, 191.00
461.63, 185.00
461.97, 189.00
462.31, 186.00
462.65, 190.00
462.99, 206.00
463.33, 211.00
463.67, 213.00
464.00, 215.00
464.34, 213.00
464.68, 211.00
465.02, 227.00
465.36, 225.00
465.70, 211.00
466.03, 224.00
466.37, 209.00
466.71, 201.00
467.05, 216.00
467.39, 231.00
467.72, 251.00
468.06, 257.00
468.40, 271.00
468.74, 272.00
469.08, 284.00
469.41, 307.00
469.75, 323.00
470.09, 340.00
470.43, 355.00
470.76, 302.00
471.10, 285.00
471.44, 273.00
471.78, 254.00
472.11, 250.00
472.45, 239.00
472.79, 229.00
473.13, 226.00
473.46, 236.00
473.80, 223.00
474.14, 219.00
474.48, 228.00
474.81, 217.00
475.15, 217.00
475.49, 215.00
475.82, 220.00
476.16, 216.00
476.50, 211.00
476.84, 217.00
477.17, 201.00
477.51, 206.00
477.85, 215.00
478.18, 231.00
478.52, 205.00
478.86, 262.00
479.19, 218.00
479.53, 213.00
479.87, 256.00
480.20, 226.00
480.54, 226.00
480.88, 218.00
481.21, 214.00
481.55, 215.00
481.89, 207.00
482.22, 214.00
482.56, 215.00
482.90, 206.00
483.23, 212.00
483.57, 218.00
483.90, 216.00
484.24, 211.00
484.58, 212.00
484.91, 221.00
485.25, 213.00
485.58, 218.00
485.92, 219.00
486.26, 210.00
486.59, 221.00
486.93, 224.00
487.26, 219.00
487.60, 230.00
487.94, 223.00
488.27, 231.00
488.61, 227.00
488.94, 217.00
489.28, 220.00
489.61, 216.00
489.95, 219.00
490.29, 231.00
490.62, 232.00
490.96, 221.00
491.29, 238.00
491.63, 224.00
491.96, 227.00
492.30, 219.00
492.63, 226.00
492.97, 209.00
493.30, 218.00
493.64, 221.00
493.97, 209.00
494.31, 221.00
494.64, 231.00
494.98, 224.00
495.31, 229.00
495.65, 223.00
495.98, 228.00
496.32, 217.00
496.65, 253.00
496.99, 218.00
497.32, 209.00
497.66, 207.00
497.99, 210.00
498.33, 212.00
498.66, 211.00
499.00, 216.00
499.33, 212.00
499.67, 210.00
500.00, 215.00
500.34, 227.00
500.67, 231.00
501.00, 225.00
501.34, 225.00
501.67, 217.00
502.01, 217.00
502.34, 218.00
502.68, 233.00
503.01, 236.00
503.34, 239.00
503.68, 236.00
504.01, 236.00
504.35, 233.00
504.68, 240.00
505.01, 240.00
505.35, 233.00
505.68, 233.00
506.02, 246.00
506.35, 243.00
506.68, 255.00
507.02, 239.00
507.35, 233.00
507.68, 240.00
508.02, 240.00
508.35, 234.00
508.69, 230.00
509.02, 226.00
509.35, 225.00
509.69, 224.00
510.02, 232.00
510.35, 223.00
510.69, 224.00
511.02, 216.00
511.35, 218.00
511.69, 228.00
512.02, 210.00
512.35, 219.00
512.68, 217.00
513.02, 225.00
513.35, 216.00
513.68, 217.00
514.02, 216.00
514.35, 208.00
514.68, 214.00
515.01, 206.00
515.35, 227.00
515.68, 212.00
516.01, 211.00
516.35, 211.00
516.68, 215.00
517.01, 208.00
517.34, 215.00
517.68, 212.00
518.01, 224.00
518.34, 206.00
518.67, 214.00
519.01, 210.00
519.34, 221.00
519.67, 228.00
520.00, 218.00
520.33, 221.00
520.67, 224.00
521.00, 224.00
521.33, 233.00
521.66, 242.00
522.00, 233.00
522.33, 231.00
522.66, 220.00
522.99, 209.00
523.32, 222.00
523.65, 212.00
523.99, 218.00
524.32, 225.00
524.65, 219.00
524.98, 226.00
525.31, 221.00
525.65, 250.00
525.98, 218.00
526.31, 214.00
526.64, 230.00
526.97, 215.00
527.30, 210.00
527.63, 212.00
527.97, 206.00
528.30, 211.00
528.63, 219.00
528.96, 238.00
529.29, 208.00
529.62, 214.00
529.95, 207.00
530.28, 208.00
530.61, 205.00
530.95, 202.00
531.28, 206.00
531.61, 213.00
531.94, 213.00
532.27, 224.00
532.60, 220.00
532.93, 211.00
533.26, 209.00
533.59, 208.00
533.92, 202.00
534.25, 201.00
534.58, 242.00
534.91, 209.00
535.25, 204.00
535.58, 202.00
535.91, 199.00
536.24, 205.00
536.57, 207.00
536.90, 200.00
537.23, 202.00
537.56, 238.00
537.89, 204.00
538.22, 194.00
538.55, 193.00
538.88, 206.00
539.21, 314.00
539.54, 197.00
539.87, 203.00
540.20, 198.00
540.53, 202.00
540.86, 235.00
541.19, 199.00
541.52, 195.00
541.85, 204.00
542.18, 215.00
542.51, 212.00
542.84, 215.00
543.17, 215.00
543.50, 213.00
543.82, 209.00
544.15, 214.00
544.48, 212.00
544.81, 211.00
545.14, 239.00
545.47, 204.00
545.80, 246.00
546.13, 208.00
546.46, 241.00
546.79, 228.00
547.12, 204.00
547.45, 204.00
547.78, 200.00
548.10, 204.00
548.43, 207.00
548.76, 198.00
549.09, 203.00
549.42, 198.00
549.75, 203.00
550.08, 205.00
550.41, 213.00
550.74, 214.00
551.06, 202.00
551.39, 209.00
551.72, 200.00
552.05, 202.00
552.38, 203.00
552.71, 199.00
553.03, 205.00
553.36, 202.00
553.69, 209.00
554.02, 202.00
554.35, 209.00
554.68, 201.00
555.00, 216.00
555.33, 207.00
555.66, 210.00
555.99, 229.00
556.32, 211.00
556.64, 220.00
556.97, 227.00
557.30, 219.00
557.63, 224.00
557.96, 228.00
558.28, 227.00
558.61, 228.00
558.94, 222.00
559.27, 225.00
559.59, 219.00
559.92, 217.00
560.25, 218.00
560.58, 214.00
560.90, 221.00
561.23, 216.00
561.56, 212.00
561.89, 210.00
562.21, 209.00
562.54, 209.00
562.87, 201.00
563.20, 207.00
563.52, 195.00
563.85, 197.00
564.18, 212.00
564.50, 204.00
564.83, 236.00
565.16, 246.00
565.48, 185.00
565.81, 200.00
566.14, 182.00
566.47, 177.00
566.79, 194.00
567.12, 179.00
567.45, 214.00
567.77, 189.00
568.10, 192.00
568.43, 189.00
568.75, 186.00
569.08, 188.00
569.40, 234.00
569.73, 186.00
570.06, 190.00
570.38, 193.00
570.71, 189.00
571.04, 194.00
571.36, 199.00
571.69, 193.00
572.01, 190.00
572.34, 195.00
572.67, 201.00
572.99, 198.00
573.32, 211.00
573.64, 192.00
573.97, 186.00
574.30, 190.00
574.62, 185.00
574.95, 186.00
575.27, 191.00
575.60, 184.00
575.92, 189.00
576.25, 189.00
576.58, 198.00
576.90, 191.00
577.23, 228.00
577.55, 183.00
577.88, 200.00
578.20, 182.00
578.53, 188.00
578.85, 207.00
579.18, 195.00
579.50, 188.00
579.83, 187.00
580.15, 192.00
580.48, 198.00
580.80, 195.00
581.13, 196.00
581.45, 186.00
581.78, 198.00
582.10, 194.00
582.43, 191.00
582.75, 196.00
583.08, 189.00
583.40, 189.00
583.73, 258.00
584.05, 195.00
584.38, 196.00
584.70, 242.00
585.03, 191.00
585.35, 201.00
585.67, 199.00
586.00, 217.00
586.32, 235.00
586.65, 242.00
586.97, 243.00
587.30, 235.00
587.62, 207.00
587.94, 227.00
588.27, 213.00
588.59, 194.00
588.92, 200.00
589.24, 200.00
589.56, 199.00
589.89, 203.00
590.21, 211.00
590.54, 191.00
590.86, 189.00
591.18, 196.00
591.51, 199.00
591.83, 206.00
592.15, 198.00
592.48, 197.00
592.80, 208.00
593.13, 204.00
593.45, 214.00
593.77, 210.00
594.10, 214.00
594.42, 226.00
594.74, 215.00
595.07, 223.00
595.39, 217.00
595.71, 223.00
596.03, 226.00
596.36, 223.00
596.68, 226.00
597.00, 235.00
597.33, 228.00
597.65, 237.00
597.97, 233.00
598.30, 233.00
598.62, 227.00
598.94, 230.00
599.26, 231.00
599.59, 237.00
599.91, 233.00
600.23, 226.00
600.55, 225.00
600.88, 220.00
601.20, 207.00
601.52, 213.00
601.84, 199.00
602.17, 198.00
602.49, 197.00
602.81, 197.00
603.13, 194.00
603.45, 197.00
603.78, 197.00
604.10, 199.00
604.42, 186.00
604.74, 192.00
605.07, 191.00
605.39, 191.00
605.71, 191.00
606.03, 195.00
606.35, 185.00
606.67, 190.00
607.00, 192.00
607.32, 186.00
607.64, 190.00
607.96, 174.00
608.28, 184.00
608.60, 181.00
608.93, 180.00
609.25, 188.00
609.57, 182.00
609.89, 181.00
610.21, 186.00
610.53, 172.00
610.85, 177.00
611.17, 183.00
611.50, 177.00
611.82, 178.00
612.14, 176.00
612.46, 177.00
612.78, 180.00
613.10, 178.00
613.42, 175.00
613.74, 190.00
614.06, 233.00
614.38, 208.00
614.70, 213.00
615.03, 220.00
615.35, 217.00
615.67, 306.00
615.99, 187.00
616.31, 183.00
616.63, 193.00
616.95, 184.00
617.27, 182.00
617.59, 179.00
617.91, 182.00
618.23, 186.00
618.55, 175.00
618.87, 175.00
619.19, 179.00
619.51, 171.00
619.83, 170.00
620.15, 173.00
620.47, 174.00
620.79, 173.00
621.11, 179.00
621.43, 173.00
621.75, 179.00
622.07, 181.00
622.39, 171.00
622.71, 169.00
623.03, 178.00
623.35, 217.00
623.67, 173.00
623.99, 175.00
624.31, 173.00
624.63, 172.00
624.95, 175.00
625.26, 169.00
625.58, 168.00
625.90, 201.00
626.22, 177.00
626.54, 176.00
626.86, 174.00
627.18, 177.00
627.50, 182.00
627.82, 178.00
628.14, 176.00
628.46, 186.00
628.77, 180.00
629.09, 185.00
629.41, 190.00
629.73, 183.00
630.05, 191.00
630.37, 185.00
630.69, 197.00
631.00, 191.00
631.32, 194.00
631.64, 190.00
631.96, 184.00
632.28, 192.00
632.60, 187.00
632.92, 189.00
633.23, 193.00
633.55, 196.00
633.87, 201.00
634.19, 201.00
634.51, 212.00
634.82, 220.00
635.14, 216.00
635.46, 219.00
635.78, 211.00
636.10, 211.00
636.41, 213.00
636.73, 210.00
637.05, 215.00
637.37, 211.00
637.68, 211.00
638.00, 217.00
638.32, 213.00
638.64, 223.00
638.95, 247.00
639.27, 231.00
639.59, 229.00
639.91, 217.00
640.22, 221.00
640.54, 212.00
640.86, 205.00
641.18, 216.00
641.49, 228.00
641.81, 212.00
642.13, 221.00
642.44, 199.00
642.76, 202.00
643.08, 200.00
643.40, 205.00
643.71, 213.00
644.03, 212.00
644.35, 213.00
644.66, 219.00
644.98, 211.00
645.30, 205.00
645.61, 222.00
645.93, 200.00
646.25, 193.00
646.56, 198.00
646.88, 223.00
647.19, 182.00
647.51, 192.00
647.83, 190.00
648.14, 179.00
648.46, 184.00
648.78, 192.00
649.09, 192.00
649.41, 235.00
649.72, 196.00
650.04, 209.00
650.36, 206.00
650.67, 215.00
650.99, 213.00
651.30, 213.00
651.62, 214.00
651.93, 214.00
652.25, 222.00
652.57, 258.00
652.88, 213.00
653.20, 212.00
653.51, 212.00
653.83, 202.00
654.14, 199.00
654.46, 200.00
654.77, 204.00
655.09, 205.00
655.40, 211.00
655.72, 196.00
656.04, 188.00
656.35, 197.00
656.67, 192.00
656.98, 190.00
657.30, 188.00
657.61, 205.00
657.93, 199.00
658.24, 201.00
658.55, 239.00
658.87, 212.00
659.18, 207.00
659.50, 202.00
659.81, 217.00
660.13, 207.00
660.44, 208.00
660.76, 207.00
661.07, 220.00
661.39, 203.00
661.70, 194.00
662.01, 189.00
662.33, 185.00
662.64, 190.00
662.96, 183.00
663.27, 185.00
663.59, 177.00
663.90, 175.00
664.21, 174.00
664.53, 201.00
664.84, 178.00
665.16, 203.00
665.47, 177.00
665.78, 176.00
666.10, 193.00
666.41, 191.00
666.72, 195.00
667.04, 206.00
667.35, 193.00
667.67, 192.00
667.98, 201.00
668.29, 194.00
668.61, 188.00
668.92, 191.00
669.23, 187.00
669.55, 191.00
669.86, 210.00
670.17, 186.00
670.48, 184.00
670.80, 180.00
671.11, 178.00
671.42, 174.00
671.74, 184.00
672.05, 178.00
672.36, 179.00
672.68, 180.00
672.99, 183.00
673.30, 186.00
673.61, 190.00
673.93, 195.00
674.24, 198.00
674.55, 195.00
674.86, 198.00
675.18, 197.00
675.49, 205.00
675.80, 199.00
676.11, 214.00
676.43, 211.00
676.74, 204.00
677.05, 204.00
677.36, 219.00
677.67, 209.00
677.99, 202.00
678.30, 187.00
678.61, 189.00
678.92, 183.00
679.23, 189.00
679.55, 181.00
679.86, 182.00
680.17, 178.00
680.48, 182.00
680.79, 172.00
681.10, 170.00
681.42, 177.00
681.73, 172.00
682.04, 168.00
682.35, 170.00
682.66, 172.00
682.97, 175.00
683.28, 181.00
683.60, 182.00
683.91, 177.00
684.22, 193.00
684.53, 175.00
684.84, 166.00
685.15, 174.00
685.46, 190.00
685.77, 164.00
686.08, 168.00
686.40, 201.00
686.71, 171.00
687.02, 165.00
687.33, 163.00
687.64, 157.00
687.95, 163.00
688.26, 160.00
688.57, 155.00
688.88, 161.00
689.19, 155.00
689.50, 157.00
689.81, 164.00
690.12, 159.00
690.43, 177.00
690.74, 155.00
691.05, 157.00
691.36, 173.00
691.67, 157.00
691.98, 158.00
692.29, 157.00
692.60, 157.00
692.91, 160.00
693.22, 164.00
693.53, 154.00
693.84, 157.00
694.15, 156.00
694.46, 162.00
694.77, 159.00
695.08, 158.00
695.39, 165.00
695.70, 154.00
696.01, 167.00
696.32, 160.00
696.63, 159.00
696.94, 158.00
697.25, 157.00
697.56, 159.00
697.87, 164.00
698.17, 198.00
698.48, 165.00
698.79, 156.00
699.10, 157.00
699.41, 153.00
699.72, 163.00
700.03, 157.00
700.34, 160.00
700.65, 165.00
700.95, 160.00
701.26, 156.00
701.57, 156.00
701.88, 155.00
702.19, 173.00
702.50, 163.00
702.81, 155.00
703.11, 185.00
703.42, 157.00
703.73, 163.00
704.04, 168.00
704.35, 165.00
704.66, 188.00
704.96, 266.00
705.27, 309.00
705.58, 328.00
705.89, 307.00
706.20, 262.00
706.50, 242.00
706.81, 236.00
707.12, 200.00
707.43, 189.00
707.73, 184.00
708.04, 166.00
708.35, 162.00
708.66, 158.00
708.97, 150.00
709.27, 160.00
709.58, 158.00
709.89, 145.00
710.19, 157.00
710.50, 156.00
710.81, 156.00
711.12, 157.00
711.42, 157.00
711.73, 162.00
712.04, 154.00
712.35, 158.00
712.65, 161.00
712.96, 164.00
713.27, 163.00
713.57, 189.00
713.88, 184.00
714.19, 161.00
714.49, 160.00
714.80, 159.00
715.11, 156.00
715.41, 153.00
715.72, 153.00
716.03, 157.00
716.33, 167.00
716.64, 151.00
716.94, 161.00
717.25, 153.00
717.56, 162.00
717.86, 161.00
718.17, 160.00
718.48, 154.00
718.78, 158.00
719.09, 156.00
719.39, 151.00
719.70, 154.00
720.01, 152.00
720.31, 154.00
720.62, 159.00
720.92, 153.00
721.23, 161.00
721.53, 162.00
721.84, 154.00
722.15, 161.00
722.45, 160.00
722.76, 163.00
723.06, 163.00
723.37, 162.00
723.67, 158.00
723.98, 163.00
724.28, 163.00
724.59, 168.00
724.89, 172.00
725.20, 164.00
725.50, 169.00
725.81, 161.00
726.11, 158.00
726.42, 164.00
726.72, 165.00
727.03, 204.00
727.33, 163.00
727.64, 168.00
727.94, 161.00
728.25, 153.00
728.55, 159.00
728.86, 181.00
729.16, 154.00
729.46, 153.00
729.77, 164.00
730.07, 154.00
730.38, 154.00
730.68, 155.00
730.99, 167.00
731.29, 157.00
731.59, 156.00
731.90, 151.00
732.20, 158.00
732.51, 159.00
732.81, 160.00
733.11, 167.00
733.42, 160.00
733.72, 162.00
734.02, 164.00
734.33, 155.00
734.63, 159.00
734.94, 160.00
735.24, 162.00
735.54, 159.00
735.85, 163.00
736.15, 154.00
736.45, 158.00
736.76, 157.00
737.06, 162.00
737.36, 156.00
737.67, 164.00
737.97, 152.00
738.27, 160.00
738.57, 160.00
738.88, 151.00
739.18, 198.00
739.48, 158.00
739.79, 149.00
740.09, 157.00
740.39, 157.00
740.69, 163.00
741.00, 154.00
741.30, 164.00
741.60, 157.00
741.90, 159.00
742.21, 155.00
742.51, 206.00
742.81, 163.00
743.11, 163.00
743.42, 189.00
743.72, 168.00
744.02, 173.00
744.32, 175.00
744.63, 180.00
744.93, 181.00
745.23, 181.00
745.53, 179.00
745.83, 175.00
746.13, 177.00
746.44, 179.00
746.74, 179.00
747.04, 176.00
747.34, 179.00
747.64, 185.00
747.94, 181.00
748.25, 180.00
748.55, 180.00
748.85, 179.00
749.15, 186.00
749.45, 206.00
749.75, 207.00
750.05, 175.00
750.35, 168.00
750.66, 184.00
750.96, 164.00
751.26, 162.00
751.56, 157.00
751.86, 166.00
752.16, 159.00
752.46, 153.00
752.76, 151.00
753.06, 153.00
753.36, 197.00
753.66, 154.00
753.96, 157.00
754.27, 150.00
754.57, 155.00
754.87, 154.00
755.17, 158.00
755.47, 160.00
755.77, 157.00
756.07, 163.00
756.37, 166.00
756.67, 171.00
756.97, 170.00
757.27, 167.00
757.57, 171.00
757.87, 170.00
758.17, 163.00
758.47, 172.00
758.77, 175.00
759.07, 168.00
759.37, 167.00
759.67, 166.00
759.97, 170.00
760.27, 168.00
760.57, 165.00
760.86, 161.00
761.16, 164.00
761.46, 161.00
761.76, 194.00
762.06, 157.00
762.36, 166.00
762.66, 156.00
762.96, 161.00
763.26, 166.00
763.56, 184.00
763.86, 158.00
764.16, 153.00
764.45, 164.00
764.75, 154.00
765.05, 152.00
765.35, 155.00
765.65, 153.00
765.95, 149.00
766.25, 158.00
766.55, 155.00
766.84, 157.00
767.14, 161.00
767.44, 156.00
767.74, 167.00
768.04, 161.00
768.34, 161.00
768.63, 162.00
768.93, 165.00
769.23, 167.00
769.53, 166.00
769.83, 166.00
770.12, 165.00
770.42, 170.00
770.72, 166.00
771.02, 167.00
771.32, 161.00
771.61, 166.00
771.91, 176.00
772.21, 167.00
772.51, 164.00
772.80, 167.00
773.10, 165.00
773.40, 172.00
773.70, 166.00
773.99, 168.00
774.29, 175.00
774.59, 170.00
774.88, 169.00
775.18, 198.00
775.48, 415.00
775.78, 761.00
776.07, 995.00
776.37, 1031.00
776.67, 824.00
776.96, 551.00
777.26, 490.00
777.56, 368.00
777.85, 338.00
778.15, 308.00
778.45, 285.00
778.74, 252.00
779.04, 204.00
779.34, 186.00
779.63, 171.00
779.93, 161.00
780.22, 153.00
780.52, 152.00
780.82, 157.00
781.11, 154.00
781.41, 148.00
781.71, 152.00
782.00, 149.00
782.30, 148.00
782.59, 153.00
782.89, 154.00
783.19, 153.00
783.48, 146.00
783.78, 155.00
784.07, 163.00
784.37, 150.00
784.66, 148.00
784.96, 145.00
785.25, 145.00
785.55, 149.00
785.84, 148.00
786.14, 146.00
786.44, 151.00
786.73, 153.00
787.03, 144.00
787.32, 149.00
787.62, 148.00
787.91, 148.00
788.21, 152.00
788.50, 148.00
788.80, 151.00
789.09, 150.00
789.39, 149.00
789.68, 148.00
789.97, 153.00
790.27, 149.00
790.56, 152.00
790.86, 160.00
791.15, 147.00
791.45, 146.00
791.74, 171.00
792.04, 148.00
792.33, 149.00
792.62, 165.00
792.92, 145.00
793.21, 146.00
793.51, 153.00
793.80, 141.00
794.09, 146.00
794.39, 146.00
794.68, 147.00
794.98, 143.00
795.27, 146.00
795.56, 141.00
795.86, 149.00
796.15, 146.00
796.44, 153.00
796.74, 149.00
797.03, 146.00
797.32, 146.00
797.62, 147.00
797.91, 157.00
798.20, 148.00
798.50, 153.00
798.79, 156.00
799.08, 149.00
799.38, 141.00
799.67, 148.00
799.96, 160.00
800.26, 171.00
800.55, 146.00
800.84, 154.00
801.13, 146.00
801.43, 144.00
801.72, 191.00
802.01, 150.00
802.30, 146.00
802.60, 146.00
802.89, 158.00
803.18, 147.00
803.47, 148.00
803.77, 151.00
804.06, 146.00
804.35, 147.00
804.64, 162.00
804.94, 149.00
805.23, 141.00
805.52, 146.00
805.81, 142.00
806.10, 145.00
806.39, 143.00
806.69, 147.00
806.98, 139.00
807.27, 148.00
807.56, 149.00
807.85, 148.00
808.14, 147.00
808.44, 158.00
808.73, 150.00
809.02, 163.00
809.31, 150.00
809.60, 152.00
809.89, 152.00
810.18, 144.00
810.48, 158.00
810.77, 147.00
811.06, 147.00
811.35, 143.00
811.64, 149.00
811.93, 164.00
812.22, 147.00
812.51, 143.00
812.80, 142.00
813.09, 144.00
813.38, 141.00
813.67, 161.00
813.96, 142.00
814.26, 144.00
814.55, 144.00
814.84, 141.00
815.13, 147.00
815.42, 140.00
815.71, 145.00
816.00, 141.00
816.29, 152.00
816.58, 148.00
816.87, 142.00
817.16, 142.00
817.45, 153.00
817.74, 153.00
818.03, 144.00
818.32, 146.00
818.61, 143.00
818.90, 148.00
819.19, 148.00
819.48, 144.00
819.76, 141.00
820.05, 145.00
820.34, 143.00
820.63, 142.00
820.92, 141.00
821.21, 144.00
821.50, 142.00
821.79, 146.00
822.08, 143.00
822.37, 145.00
822.66, 143.00
822.95, 148.00
823.23, 144.00
823.52, 166.00
823.81, 151.00
824.10, 139.00
824.39, 142.00
824.68, 145.00
824.97, 160.00
825.26, 146.00
825.54, 193.00
825.83, 140.00
826.12, 140.00
826.41, 140.00
826.70, 143.00
826.99, 153.00
827.27, 141.00
827.56, 160.00
827.85, 143.00
828.14, 142.00
828.43, 151.00
828.71, 151.00
829.00, 142.00
829.29, 144.00
829.58, 149.00
829.86, 150.00
830.15, 145.00
830.44, 145.00
830.73, 146.00
831.01, 145.00
831.30, 143.00
831.59, 150.00
831.88, 140.00
832.16, 148.00
832.45, 151.00
832.74, 149.00
833.03, 141.00
833.31, 146.00
833.60, 150.00
833.89, 144.00
834.17, 147.00
834.46, 144.00
834.75, 143.00
835.03, 143.00
835.32, 142.00
835.61, 144.00
835.89, 155.00
836.18, 143.00
836.47, 141.00
836.75, 147.00
837.04, 144.00
837.33, 153.00
837.61, 143.00
837.90, 144.00
838.19, 138.00
838.47, 139.00
838.76, 145.00
839.04, 147.00
839.33, 144.00
839.62, 148.00
839.90, 146.00
840.19, 146.00
840.47, 141.00
840.76, 165.00
841.04, 143.00
841.33, 147.00
841.62, 143.00
841.90, 142.00
842.19, 142.00
842.47, 304.00
842.76, 149.00
843.04, 145.00
843.33, 179.00
843.61, 170.00
843.90, 170.00
844.18, 166.00
844.47, 162.00
844.75, 160.00
845.04, 157.00
845.32, 157.00
845.61, 152.00
845.89, 151.00
846.18, 146.00
846.46, 155.00
846.75, 149.00
847.03, 158.00
847.32, 144.00
847.60, 145.00
847.88, 144.00
848.17, 143.00
848.45, 163.00
848.74, 147.00
849.02, 139.00
849.31, 141.00
849.59, 145.00
849.87, 145.00
850.16, 143.00
850.44, 146.00
850.73, 180.00
851.01, 147.00
851.29, 146.00
851.58, 149.00
851.86, 143.00
852.14, 142.00
852.43, 143.00
852.71, 141.00
853.00, 138.00
853.28, 145.00
853.56, 144.00
853.85, 140.00
854.13, 136.00
854.41, 137.00
854.69, 138.00
854.98, 141.00
855.26, 201.00
855.54, 144.00
855.83, 142.00
856.11, 146.00
856.39, 148.00
856.68, 140.00
856.96, 144.00
857.24, 144.00
857.52, 145.00
857.81, 144.00
858.09, 141.00
858.37, 142.00
858.65, 144.00
858.94, 143.00
859.22, 142.00
