190.05, 0.00
190.41, 136.00
190.77, 133.00
191.14, 135.00
191.50, 136.00
191.86, 164.00
192.22, 151.00
192.58, 150.00
192.94, 146.00
193.31, 143.00
193.67, 143.00
194.03, 153.00
194.39, 140.00
194.75, 145.00
195.11, 158.00
195.47, 165.00
195.84, 143.00
196.20, 147.00
196.56, 159.00
196.92, 142.00
197.28, 147.00
197.64, 143.00
198.00, 147.00
198.37, 146.00
198.73, 142.00
199.09, 143.00
199.45, 145.00
199.81, 143.00
200.17, 152.00
200.53, 146.00
200.89, 151.00
201.25, 183.00
201.62, 145.00
201.98, 142.00
202.34, 146.00
202.70, 152.00
203.06, 143.00
203.42, 147.00
203.78, 143.00
204.14, 143.00
204.50, 168.00
204.86, 158.00
205.22, 149.00
205.58, 145.00
205.95, 144.00
206.31, 148.00
206.67, 150.00
207.03, 148.00
207.39, 155.00
207.75, 145.00
208.11, 143.00
208.47, 141.00
208.83, 153.00
209.19, 147.00
209.55, 144.00
209.91, 146.00
210.27, 148.00
210.63, 148.00
210.99, 150.00
211.35, 141.00
211.71, 144.00
212.07, 138.00
212.43, 150.00
212.79, 142.00
213.15, 145.00
213.51, 146.00
213.87, 150.00
214.23, 141.00
214.59, 144.00
214.95, 146.00
215.31, 147.00
215.67, 145.00
216.03, 178.00
216.39, 145.00
216.75, 142.00
217.11, 145.00
217.47, 145.00
217.83, 141.00
218.19, 145.00
218.55, 149.00
218.91, 147.00
219.27, 145.00
219.63, 148.00
219.99, 144.00
220.35, 140.00
220.71, 150.00
221.07, 143.00
221.43, 149.00
221.79, 141.00
222.15, 149.00
222.51, 145.00
222.87, 150.00
223.23, 144.00
223.59, 145.00
223.95, 144.00
224.31, 145.00
224.67, 141.00
225.03, 146.00
225.39, 149.00
225.74, 144.00
226.10, 145.00
226.46, 143.00
226.82, 146.00
227.18, 150.00
227.54, 148.00
227.90, 153.00
228.26, 148.00
228.62, 152.00
228.98, 147.00
229.34, 146.00
229.69, 145.00
230.05, 148.00
230.41, 146.00
230.77, 152.00
231.13, 156.00
231.49, 144.00
231.85, 149.00
232.21, 148.00
232.57, 148.00
232.92, 150.00
233.28, 142.00
233.64, 148.00
234.00, 143.00
234.36, 146.00
234.72, 142.00
235.08, 148.00
235.44, 149.00
235.79, 144.00
236.15, 149.00
236.51, 138.00
236.87, 140.00
237.23, 144.00
237.59, 144.00
237.94, 149.00
238.30, 144.00
238.66, 141.00
239.02, 136.00
239.38, 142.00
239.74, 145.00
240.09, 155.00
240.45, 141.00
240.81, 142.00
241.17, 154.00
241.53, 149.00
241.89, 144.00
242.24, 144.00
242.60, 141.00
242.96, 148.00
243.32, 144.00
243.68, 139.00
244.03, 147.00
244.39, 145.00
244.75, 168.00
245.11, 145.00
245.46, 149.00
245.82, 170.00
246.18, 143.00
246.54, 144.00
246.90, 146.00
247.25, 140.00
247.61, 142.00
247.97, 178.00
248.33, 147.00
248.68, 147.00
249.04, 141.00
249.40, 139.00
249.76, 151.00
250.11, 142.00
250.47, 144.00
250.83, 149.00
251.19, 144.00
251.54, 151.00
251.90, 143.00
252.26, 146.00
252.62, 147.00
252.97, 148.00
253.33, 141.00
253.69, 141.00
254.05, 152.00
254.40, 143.00
254.76, 145.00
255.12, 165.00
255.47, 150.00
255.83, 147.00
256.19, 148.00
256.54, 147.00
256.90, 145.00
257.26, 145.00
257.62, 149.00
257.97, 144.00
258.33, 148.00
258.69, 143.00
259.04, 142.00
259.40, 148.00
259.76, 144.00
260.11, 139.00
260.47, 140.00
260.83, 149.00
261.18, 141.00
261.54, 153.00
261.90, 147.00
262.25, 145.00
262.61, 143.00
262.97, 140.00
263.32, 145.00
263.68, 144.00
264.04, 152.00
264.39, 140.00
264.75, 141.00
265.10, 149.00
265.46, 191.00
265.82, 159.00
266.17, 144.00
266.53, 142.00
266.89, 148.00
267.24, 150.00
267.60, 146.00
267.95, 143.00
268.31, 145.00
268.67, 142.00
269.02, 142.00
269.38, 144.00
269.74, 148.00
270.09, 143.00
270.45, 146.00
270.80, 168.00
271.16, 146.00
271.51, 156.00
271.87, 149.00
272.23, 149.00
272.58, 143.00
272.94, 146.00
273.29, 137.00
273.65, 193.00
274.00, 141.00
274.36, 146.00
274.72, 144.00
275.07, 139.00
275.43, 146.00
275.78, 146.00
276.14, 144.00
276.49, 145.00
276.85, 155.00
277.20, 171.00
277.56, 142.00
277.92, 143.00
278.27, 145.00
278.63, 153.00
278.98, 148.00
279.34, 145.00
279.69, 148.00
280.05, 169.00
280.40, 156.00
280.76, 165.00
281.11, 150.00
281.47, 153.00
281.82, 148.00
282.18, 151.00
282.53, 159.00
282.89, 161.00
283.24, 160.00
283.60, 160.00
283.95, 158.00
284.31, 161.00
284.66, 177.00
285.02, 159.00
285.37, 166.00
285.73, 165.00
286.08, 174.00
286.44, 157.00
286.79, 158.00
287.14, 155.00
287.50, 151.00
287.85, 149.00
288.21, 154.00
288.56, 153.00
288.92, 157.00
289.27, 154.00
289.63, 156.00
289.98, 163.00
290.34, 147.00
290.69, 159.00
291.04, 148.00
291.40, 150.00
291.75, 146.00
292.11, 158.00
292.46, 150.00
292.81, 162.00
293.17, 149.00
293.52, 159.00
293.88, 163.00
294.23, 172.00
294.59, 183.00
294.94, 183.00
295.29, 194.00
295.65, 206.00
296.00, 223.00
296.36, 198.00
296.71, 193.00
297.06, 202.00
297.42, 200.00
297.77, 196.00
298.12, 187.00
298.48, 181.00
298.83, 176.00
299.19, 179.00
299.54, 177.00
299.89, 182.00
300.25, 181.00
300.60, 184.00
300.95, 179.00
301.31, 158.00
301.66, 159.00
302.01, 158.00
302.37, 157.00
302.72, 159.00
303.07, 159.00
303.43, 178.00
303.78, 170.00
304.13, 175.00
304.49, 176.00
304.84, 176.00
305.19, 209.00
305.55, 173.00
305.90, 184.00
306.25, 217.00
306.61, 280.00
306.96, 327.00
307.31, 411.00
307.66, 564.00
308.02, 713.00
308.37, 844.00
308.72, 942.00
309.08, 938.00
309.43, 891.00
309.78, 781.00
310.13, 665.00
310.49, 603.00
310.84, 487.00
311.19, 440.00
311.54, 387.00
311.90, 335.00
312.25, 325.00
312.60, 332.00
312.95, 399.00
313.31, 437.00
313.66, 431.00
314.01, 434.00
314.36, 438.00
314.72, 493.00
315.07, 633.00
315.42, 784.00
315.77, 823.00
316.13, 682.00
316.48, 456.00
316.83, 330.00
317.18, 253.00
317.54, 205.00
317.89, 185.00
318.24, 180.00
318.59, 174.00
318.94, 173.00
319.30, 174.00
319.65, 181.00
320.00, 178.00
320.35, 183.00
320.70, 189.00
321.05, 180.00
321.41, 180.00
321.76, 184.00
322.11, 175.00
322.46, 176.00
322.81, 208.00
323.17, 175.00
323.52, 164.00
323.87, 164.00
324.22, 166.00
324.57, 175.00
324.92, 175.00
325.27, 176.00
325.63, 190.00
325.98, 189.00
326.33, 200.00
326.68, 199.00
327.03, 199.00
327.38, 199.00
327.73, 211.00
328.09, 216.00
328.44, 249.00
328.79, 218.00
329.14, 255.00
329.49, 219.00
329.84, 203.00
330.19, 210.00
330.54, 203.00
330.89, 207.00
331.25, 190.00
331.60, 188.00
331.95, 185.00
332.30, 184.00
332.65, 192.00
333.00, 210.00
333.35, 264.00
333.70, 278.00
334.05, 245.00
334.40, 258.00
334.75, 307.00
335.10, 388.00
335.45, 578.00
335.81, 829.00
336.16, 1217.00
336.51, 1673.00
336.86, 1739.00
337.21, 1534.00
337.56, 955.00
337.91, 585.00
338.26, 362.00
338.61, 256.00
338.96, 213.00
339.31, 194.00
339.66, 190.00
340.01, 190.00
340.36, 175.00
340.71, 177.00
341.06, 174.00
341.41, 181.00
341.76, 175.00
342.11, 177.00
342.46, 174.00
342.81, 177.00
343.16, 178.00
343.51, 172.00
343.86, 182.00
344.21, 176.00
344.56, 177.00
344.91, 171.00
345.26, 175.00
345.61, 177.00
345.96, 177.00
346.31, 174.00
346.66, 202.00
347.01, 178.00
347.36, 188.00
347.71, 169.00
348.06, 174.00
348.41, 197.00
348.76, 207.00
349.10, 206.00
349.45, 224.00
349.80, 215.00
350.15, 215.00
350.50, 211.00
350.85, 218.00
351.20, 217.00
351.55, 256.00
351.90, 307.00
352.25, 371.00
352.60, 491.00
352.95, 628.00
353.30, 675.00
353.64, 602.00
353.99, 473.00
354.34, 395.00
354.69, 359.00
355.04, 376.00
355.39, 455.00
355.74, 580.00
356.09, 727.00
356.44, 917.00
356.78, 1247.00
357.13, 1412.00
357.48, 1354.00
357.83, 1045.00
358.18, 683.00
358.53, 446.00
358.88, 285.00
359.22, 233.00
359.57, 184.00
359.92, 185.00
360.27, 184.00
360.62, 186.00
360.97, 183.00
361.32, 188.00
361.66, 180.00
362.01, 181.00
362.36, 188.00
362.71, 191.00
363.06, 190.00
363.40, 203.00
363.75, 194.00
364.10, 194.00
364.45, 193.00
364.80, 192.00
365.14, 185.00
365.49, 200.00
365.84, 192.00
366.19, 203.00
366.54, 216.00
366.88, 234.00
367.23, 203.00
367.58, 242.00
367.93, 183.00
368.28, 183.00
368.62, 183.00
368.97, 203.00
369.32, 215.00
369.67, 236.00
370.01, 277.00
370.36, 300.00
370.71, 315.00
371.06, 272.00
371.40, 250.00
371.75, 208.00
372.10, 201.00
372.45, 201.00
372.79, 215.00
373.14, 241.00
373.49, 271.00
373.83, 326.00
374.18, 400.00
374.53, 498.00
374.88, 558.00
375.22, 560.00
375.57, 447.00
375.92, 359.00
376.26, 270.00
376.61, 224.00
376.96, 200.00
377.30, 218.00
377.65, 229.00
378.00, 250.00
378.35, 311.00
378.69, 370.00
379.04, 458.00
379.39, 614.00
379.73, 718.00
380.08, 738.00
380.43, 571.00
380.77, 408.00
381.12, 346.00
381.47, 275.00
381.81, 220.00
382.16, 197.00
382.50, 197.00
382.85, 269.00
383.20, 200.00
383.54, 206.00
383.89, 214.00
384.24, 218.00
384.58, 220.00
384.93, 256.00
385.27, 252.00
385.62, 244.00
385.97, 246.00
386.31, 239.00
386.66, 273.00
387.00, 238.00
387.35, 255.00
387.70, 278.00
388.04, 383.00
388.39, 372.00
388.73, 455.00
389.08, 574.00
389.43, 687.00
389.77, 829.00
390.12, 1008.00
390.46, 1359.00
390.81, 1511.00
391.15, 1458.00
391.50, 1110.00
391.85, 717.00
392.19, 506.00
392.54, 350.00
392.88, 280.00
393.23, 281.00
393.57, 295.00
393.92, 279.00
394.26, 251.00
394.61, 224.00
394.95, 206.00
395.30, 187.00
395.64, 179.00
395.99, 221.00
396.33, 190.00
396.68, 199.00
397.02, 202.00
397.37, 217.00
397.71, 238.00
398.06, 265.00
398.40, 298.00
398.75, 351.00
399.09, 385.00
399.44, 396.00
399.78, 324.00
400.13, 265.00
400.47, 221.00
400.82, 199.00
401.16, 182.00
401.51, 193.00
401.85, 182.00
402.20, 185.00
402.54, 193.00
402.88, 202.00
403.23, 212.00
403.57, 218.00
403.92, 238.00
404.26, 309.00
404.61, 299.00
404.95, 388.00
405.30, 344.00
405.64, 321.00
405.98, 308.00
406.33, 258.00
406.67, 210.00
407.02, 195.00
407.36, 197.00
407.70, 211.00
408.05, 203.00
408.39, 207.00
408.74, 227.00
409.08, 228.00
409.42, 207.00
409.77, 211.00
410.11, 209.00
410.46, 199.00
410.80, 205.00
411.14, 219.00
411.49, 226.00
411.83, 225.00
412.17, 225.00
412.52, 234.00
412.86, 241.00
413.20, 253.00
413.55, 257.00
413.89, 238.00
414.23, 235.00
414.58, 254.00
414.92, 205.00
415.26, 198.00
415.61, 192.00
415.95, 199.00
416.29, 203.00
416.64, 208.00
416.98, 210.00
417.32, 213.00
417.67, 238.00
418.01, 259.00
418.35, 269.00
418.70, 292.00
419.04, 336.00
419.38, 318.00
419.72, 309.00
420.07, 268.00
420.41, 230.00
420.75, 217.00
421.10, 205.00
421.44, 203.00
421.78, 198.00
422.12, 205.00
422.47, 218.00
422.81, 222.00
423.15, 243.00
423.49, 236.00
423.84, 224.00
424.18, 237.00
424.52, 254.00
424.86, 292.00
425.21, 368.00
425.55, 388.00
425.89, 468.00
426.23, 542.00
426.57, 644.00
426.92, 679.00
427.26, 722.00
427.60, 606.00
427.94, 442.00
428.28, 334.00
428.63, 271.00
428.97, 227.00
429.31, 210.00
429.65, 186.00
429.99, 195.00
430.34, 184.00
430.68, 186.00
431.02, 197.00
431.36, 190.00
431.70, 195.00
432.04, 200.00
432.39, 202.00
432.73, 216.00
433.07, 230.00
433.41, 242.00
433.75, 241.00
434.09, 233.00
434.43, 217.00
434.78, 220.00
435.12, 202.00
435.46, 216.00
435.80, 218.00
436.14, 220.00
436.48, 214.00
436.82, 225.00
437.16, 217.00
437.51, 212.00
437.85, 207.00
438.19, 249.00
438.53, 206.00
438.87, 223.00
439.21, 217.00
439.55, 223.00
439.89, 232.00
440.23, 223.00
440.57, 235.00
440.91, 242.00
441.26, 232.00
441.60, 222.00
441.94, 210.00
442.28, 207.00
442.62, 203.00
442.96, 201.00
443.30, 205.00
443.64, 193.00
443.98, 197.00
444.32, 201.00
444.66, 191.00
445.00, 198.00
445.34, 209.00
445.68, 199.00
446.02, 204.00
446.36, 197.00
446.70, 203.00
447.04, 204.00
447.38, 230.00
447.72, 217.00
448.06, 221.00
448.40, 214.00
448.74, 203.00
449.08, 207.00
449.42, 203.00
449.76, 198.00
450.10, 193.00
450.44, 183.00
450.78, 200.00
451.12, 197.00
451.46, 203.00
451.80, 192.00
452.14, 189.00
452.48, 182.00
452.82, 185.00
453.16, 192.00
453.50, 191.00
453.84, 193.00
454.18, 229.00
454.52, 213.00
454.86, 202.00
455.19, 220.00
455.53, 210.00
455.87, 209.00
456.21, 222.00
456.55, 225.00
456.89, 218.00
457.23, 216.00
457.57, 209.00
457.91, 227.00
458.25, 216.00
458.59, 226.00
458.92, 234.00
459.26, 230.00
459.60, 242.00
459.94, 225.00
460.28, 204.00
460.62, 205.00
460.96, 197.00
461.30, 189.00
461.63, 197.00
461.97, 194.00
462.31, 199.00
462.65, 201.00
462.99, 209.00
463.33, 209.00
463.67, 209.00
464.00, 211.00
464.34, 216.00
464.68, 222.00
465.02, 235.00
465.36, 222.00
465.70, 225.00
466.03, 220.00
466.37, 201.00
466.71, 210.00
467.05, 225.00
467.39, 230.00
467.72, 245.00
468.06, 252.00
468.40, 263.00
468.74, 267.00
469.08, 270.00
469.41, 301.00
469.75, 315.00
470.09, 346.00
470.43, 339.00
470.76, 305.00
471.10, 287.00
471.44, 276.00
471.78, 253.00
472.11, 249.00
472.45, 247.00
472.79, 238.00
473.13, 230.00
473.46, 228.00
473.80, 225.00
474.14, 220.00
474.48, 229.00
474.81, 214.00
475.15, 219.00
475.49, 216.00
475.82, 218.00
476.16, 216.00
476.50, 208.00
476.84, 216.00
477.17, 210.00
477.51, 213.00
477.85, 208.00
478.18, 228.00
478.52, 214.00
478.86, 265.00
479.19, 227.00
479.53, 220.00
479.87, 259.00
480.20, 227.00
480.54, 231.00
480.88, 215.00
481.21, 220.00
481.55, 211.00
481.89, 211.00
482.22, 217.00
482.56, 226.00
482.90, 221.00
483.23, 218.00
483.57, 223.00
483.90, 219.00
484.24, 212.00
484.58, 212.00
484.91, 224.00
485.25, 228.00
485.58, 227.00
485.92, 231.00
486.26, 218.00
486.59, 220.00
486.93, 227.00
487.26, 224.00
487.60, 230.00
487.94, 227.00
488.27, 235.00
488.61, 218.00
488.94, 225.00
489.28, 230.00
489.61, 217.00
489.95, 216.00
490.29, 235.00
490.62, 237.00
490.96, 228.00
491.29, 232.00
491.63, 232.00
491.96, 219.00
492.30, 227.00
492.63, 220.00
492.97, 224.00
493.30, 222.00
493.64, 212.00
493.97, 221.00
494.31, 224.00
494.64, 227.00
494.98, 232.00
495.31, 232.00
495.65, 226.00
495.98, 235.00
496.32, 225.00
496.65, 260.00
496.99, 229.00
497.32, 217.00
497.66, 210.00
497.99, 214.00
498.33, 213.00
498.66, 214.00
499.00, 224.00
499.33, 218.00
499.67, 211.00
500.00, 219.00
500.34, 224.00
500.67, 233.00
501.00, 223.00
501.34, 217.00
501.67, 221.00
502.01, 220.00
502.34, 230.00
502.68, 231.00
503.01, 233.00
503.34, 234.00
503.68, 229.00
504.01, 234.00
504.35, 238.00
504.68, 238.00
505.01, 242.00
505.35, 239.00
505.68, 236.00
506.02, 242.00
506.35, 243.00
506.68, 257.00
507.02, 240.00
507.35, 244.00
507.68, 231.00
508.02, 247.00
508.35, 238.00
508.69, 240.00
509.02, 227.00
509.35, 227.00
509.69, 225.00
510.02, 232.00
510.35, 225.00
510.69, 221.00
511.02, 225.00
511.35, 217.00
511.69, 226.00
512.02, 229.00
512.35, 221.00
512.68, 220.00
513.02, 227.00
513.35, 232.00
513.68, 210.00
514.02, 226.00
514.35, 216.00
514.68, 224.00
515.01, 222.00
515.35, 224.00
515.68, 220.00
516.01, 213.00
516.35, 209.00
516.68, 214.00
517.01, 215.00
517.34, 220.00
517.68, 211.00
518.01, 224.00
518.34, 207.00
518.67, 221.00
519.01, 219.00
519.34, 222.00
519.67, 232.00
520.00, 222.00
520.33, 224.00
520.67, 224.00
521.00, 221.00
521.33, 227.00
521.66, 230.00
522.00, 241.00
522.33, 229.00
522.66, 226.00
522.99, 222.00
523.32, 229.00
523.65, 221.00
523.99, 221.00
524.32, 222.00
524.65, 227.00
524.98, 223.00
525.31, 214.00
525.65, 250.00
525.98, 219.00
526.31, 222.00
526.64, 230.00
526.97, 220.00
527.30, 214.00
527.63, 217.00
527.97, 215.00
528.30, 206.00
528.63, 229.00
528.96, 242.00
529.29, 211.00
529.62, 221.00
529.95, 211.00
530.28, 213.00
530.61, 204.00
530.95, 208.00
531.28, 205.00
531.61, 217.00
531.94, 225.00
532.27, 229.00
532.60, 220.00
532.93, 220.00
533.26, 210.00
533.59, 206.00
533.92, 207.00
534.25, 204.00
534.58, 250.00
534.91, 207.00
535.25, 201.00
535.58, 206.00
535.91, 199.00
536.24, 205.00
536.57, 210.00
536.90, 195.00
537.23, 205.00
537.56, 239.00
537.89, 204.00
538.22, 201.00
538.55, 206.00
538.88, 206.00
539.21, 326.00
539.54, 203.00
539.87, 196.00
540.20, 207.00
540.53, 201.00
540.86, 230.00
541.19, 196.00
541.52, 201.00
541.85, 205.00
542.18, 218.00
542.51, 222.00
542.84, 218.00
543.17, 220.00
543.50, 214.00
543.82, 212.00
544.15, 217.00
544.48, 209.00
544.81, 213.00
545.14, 232.00
545.47, 216.00
545.80, 247.00
546.13, 210.00
546.46, 246.00
546.79, 224.00
547.12, 200.00
547.45, 213.00
547.78, 207.00
548.10, 202.00
548.43, 203.00
548.76, 202.00
549.09, 204.00
549.42, 203.00
549.75, 208.00
550.08, 205.00
550.41, 209.00
550.74, 211.00
551.06, 206.00
551.39, 213.00
551.72, 203.00
552.05, 199.00
552.38, 200.00
552.71, 203.00
553.03, 212.00
553.36, 211.00
553.69, 214.00
554.02, 210.00
554.35, 212.00
554.68, 202.00
555.00, 211.00
555.33, 210.00
555.66, 204.00
555.99, 231.00
556.32, 212.00
556.64, 218.00
556.97, 224.00
557.30, 221.00
557.63, 227.00
557.96, 225.00
558.28, 220.00
558.61, 226.00
558.94, 222.00
559.27, 220.00
559.59, 221.00
559.92, 223.00
560.25, 223.00
560.58, 214.00
560.90, 228.00
561.23, 219.00
561.56, 215.00
561.89, 221.00
562.21, 213.00
562.54, 209.00
562.87, 198.00
563.20, 206.00
563.52, 203.00
563.85, 199.00
564.18, 217.00
564.50, 198.00
564.83, 229.00
565.16, 257.00
565.48, 187.00
565.81, 201.00
566.14, 186.00
566.47, 191.00
566.79, 195.00
567.12, 191.00
567.45, 212.00
567.77, 188.00
568.10, 196.00
568.43, 192.00
568.75, 190.00
569.08, 196.00
569.40, 233.00
569.73, 187.00
570.06, 187.00
570.38, 189.00
570.71, 182.00
571.04, 192.00
571.36, 190.00
571.69, 194.00
572.01, 192.00
572.34, 189.00
572.67, 196.00
572.99, 196.00
573.32, 207.00
573.64, 190.00
573.97, 191.00
574.30, 187.00
574.62, 186.00
574.95, 186.00
575.27, 195.00
575.60, 193.00
575.92, 188.00
576.25, 194.00
576.58, 193.00
576.90, 198.00
577.23, 224.00
577.55, 193.00
577.88, 186.00
578.20, 191.00
578.53, 189.00
578.85, 206.00
579.18, 199.00
579.50, 186.00
579.83, 189.00
580.15, 186.00
580.48, 194.00
580.80, 194.00
581.13, 191.00
581.45, 189.00
581.78, 186.00
582.10, 192.00
582.43, 190.00
582.75, 192.00
583.08, 190.00
583.40, 189.00
583.73, 258.00
584.05, 190.00
584.38, 187.00
584.70, 250.00
585.03, 197.00
585.35, 200.00
585.67, 200.00
586.00, 214.00
586.32, 229.00
586.65, 239.00
586.97, 234.00
587.30, 228.00
587.62, 217.00
587.94, 224.00
588.27, 204.00
588.59, 205.00
588.92, 201.00
589.24, 196.00
589.56, 200.00
589.89, 202.00
590.21, 198.00
590.54, 194.00
590.86, 197.00
591.18, 191.00
591.51, 192.00
591.83, 214.00
592.15, 202.00
592.48, 206.00
592.80, 205.00
593.13, 198.00
593.45, 209.00
593.77, 210.00
594.10, 220.00
594.42, 219.00
594.74, 218.00
595.07, 219.00
595.39, 221.00
595.71, 228.00
596.03, 228.00
596.36, 228.00
596.68, 223.00
597.00, 231.00
597.33, 239.00
597.65, 243.00
597.97, 240.00
598.30, 237.00
598.62, 230.00
598.94, 228.00
599.26, 231.00
599.59, 237.00
599.91, 235.00
600.23, 220.00
600.55, 231.00
600.88, 223.00
601.20, 211.00
601.52, 207.00
601.84, 206.00
602.17, 201.00
602.49, 194.00
602.81, 199.00
603.13, 199.00
603.45, 202.00
603.78, 190.00
604.10, 194.00
604.42, 194.00
604.74, 187.00
605.07, 183.00
605.39, 190.00
605.71, 186.00
606.03, 194.00
606.35, 185.00
606.67, 193.00
607.00, 194.00
607.32, 184.00
607.64, 183.00
607.96, 177.00
608.28, 185.00
608.60, 179.00
608.93, 184.00
609.25, 193.00
609.57, 184.00
609.89, 181.00
610.21, 181.00
610.53, 182.00
610.85, 182.00
611.17, 186.00
611.50, 180.00
611.82, 179.00
612.14, 174.00
612.46, 178.00
612.78, 175.00
613.10, 185.00
613.42, 174.00
613.74, 190.00
614.06, 225.00
614.38, 205.00
614.70, 213.00
615.03, 224.00
615.35, 208.00
615.67, 307.00
615.99, 188.00
616.31, 190.00
616.63, 185.00
616.95, 183.00
617.27, 186.00
617.59, 177.00
617.91, 183.00
618.23, 186.00
618.55, 178.00
618.87, 172.00
619.19, 174.00
619.51, 177.00
619.83, 175.00
620.15, 170.00
620.47, 177.00
620.79, 179.00
621.11, 180.00
621.43, 178.00
621.75, 183.00
622.07, 179.00
622.39, 175.00
622.71, 179.00
623.03, 172.00
623.35, 221.00
623.67, 170.00
623.99, 174.00
624.31, 181.00
624.63, 172.00
624.95, 172.00
625.26, 177.00
625.58, 167.00
625.90, 200.00
626.22, 174.00
626.54, 178.00
626.86, 176.00
627.18, 174.00
627.50, 183.00
627.82, 175.00
628.14, 176.00
628.46, 188.00
628.77, 178.00
629.09, 186.00
629.41, 184.00
629.73, 181.00
630.05, 200.00
630.37, 187.00
630.69, 192.00
631.00, 203.00
631.32, 190.00
631.64, 185.00
631.96, 188.00
632.28, 191.00
632.60, 196.00
632.92, 190.00
633.23, 197.00
633.55, 199.00
633.87, 200.00
634.19, 202.00
634.51, 203.00
634.82, 217.00
635.14, 217.00
635.46, 212.00
635.78, 209.00
636.10, 206.00
636.41, 209.00
636.73, 215.00
637.05, 211.00
637.37, 212.00
637.68, 206.00
638.00, 205.00
638.32, 217.00
638.64, 224.00
638.95, 236.00
639.27, 234.00
639.59, 225.00
639.91, 214.00
640.22, 214.00
640.54, 210.00
640.86, 200.00
641.18, 215.00
641.49, 225.00
641.81, 204.00
642.13, 211.00
642.44, 203.00
642.76, 200.00
643.08, 196.00
643.40, 197.00
643.71, 212.00
644.03, 213.00
644.35, 219.00
644.66, 214.00
644.98, 208.00
645.30, 207.00
645.61, 225.00
645.93, 203.00
646.25, 195.00
646.56, 195.00
646.88, 219.00
647.19, 189.00
647.51, 193.00
647.83, 189.00
648.14, 186.00
648.46, 183.00
648.78, 196.00
649.09, 192.00
649.41, 240.00
649.72, 202.00
650.04, 214.00
650.36, 210.00
650.67, 208.00
650.99, 210.00
651.30, 207.00
651.62, 214.00
651.93, 213.00
652.25, 232.00
652.57, 252.00
652.88, 216.00
653.20, 216.00
653.51, 220.00
653.83, 208.00
654.14, 197.00
654.46, 202.00
654.77, 198.00
655.09, 206.00
655.40, 212.00
655.72, 200.00
656.04, 188.00
656.35, 196.00
656.67, 187.00
656.98, 191.00
657.30, 194.00
657.61, 194.00
657.93, 197.00
658.24, 207.00
658.55, 250.00
658.87, 203.00
659.18, 204.00
659.50, 209.00
659.81, 222.00
660.13, 206.00
660.44, 206.00
660.76, 206.00
661.07, 223.00
661.39, 200.00
661.70, 197.00
662.01, 198.00
662.33, 190.00
662.64, 194.00
662.96, 182.00
663.27, 181.00
663.59, 175.00
663.90, 176.00
664.21, 183.00
664.53, 199.00
664.84, 188.00
665.16, 218.00
665.47, 183.00
665.78, 180.00
666.10, 194.00
666.41, 195.00
666.72, 204.00
667.04, 204.00
667.35, 202.00
667.67, 195.00
667.98, 195.00
668.29, 194.00
668.61, 193.00
668.92, 195.00
669.23, 191.00
669.55, 196.00
669.86, 211.00
670.17, 174.00
670.48, 184.00
670.80, 177.00
671.11, 176.00
671.42, 175.00
671.74, 185.00
672.05, 179.00
672.36, 184.00
672.68, 187.00
672.99, 185.00
673.30, 190.00
673.61, 196.00
673.93, 198.00
674.24, 199.00
674.55, 201.00
674.86, 205.00
675.18, 209.00
675.49, 209.00
675.80, 204.00
676.11, 221.00
676.43, 207.00
676.74, 207.00
677.05, 210.00
677.36, 214.00
677.67, 201.00
677.99, 201.00
678.30, 197.00
678.61, 194.00
678.92, 188.00
679.23, 193.00
679.55, 184.00
679.86, 188.00
680.17, 171.00
680.48, 188.00
680.79, 184.00
681.10, 175.00
681.42, 172.00
681.73, 177.00
682.04, 174.00
682.35, 177.00
682.66, 179.00
682.97, 177.00
683.28, 177.00
683.60, 178.00
683.91, 180.00
684.22, 193.00
684.53, 174.00
684.84, 170.00
685.15, 174.00
685.46, 198.00
685.77, 170.00
686.08, 169.00
686.40, 208.00
686.71, 170.00
687.02, 170.00
687.33, 173.00
687.64, 161.00
687.95, 168.00
688.26, 157.00
688.57, 159.00
688.88, 163.00
689.19, 162.00
689.50, 162.00
689.81, 160.00
690.12, 157.00
690.43, 184.00
690.74, 158.00
691.05, 155.00
691.36, 167.00
691.67, 160.00
691.98, 161.00
692.29, 156.00
692.60, 165.00
692.91, 158.00
693.22, 155.00
693.53, 160.00
693.84, 155.00
694.15, 156.00
694.46, 159.00
694.77, 158.00
695.08, 164.00
695.39, 167.00
695.70, 161.00
696.01, 164.00
696.32, 165.00
696.63, 159.00
696.94, 163.00
697.25, 154.00
697.56, 165.00
697.87, 168.00
698.17, 202.00
698.48, 159.00
698.79, 153.00
699.10, 161.00
699.41, 165.00
699.72, 158.00
700.03, 159.00
700.34, 157.00
700.65, 163.00
700.95, 161.00
701.26, 155.00
701.57, 151.00
701.88, 161.00
702.19, 170.00
702.50, 154.00
702.81, 160.00
703.11, 182.00
703.42, 159.00
703.73, 169.00
704.04, 167.00
704.35, 169.00
704.66, 187.00
704.96, 265.00
705.27, 300.00
705.58, 319.00
705.89, 305.00
706.20, 257.00
706.50, 236.00
706.81, 228.00
707.12, 205.00
707.43, 190.00
707.73, 180.00
708.04, 165.00
708.35, 165.00
708.66, 157.00
708.97, 156.00
709.27, 163.00
709.58, 163.00
709.89, 154.00
710.19, 157.00
710.50, 163.00
710.81, 159.00
711.12, 157.00
711.42, 156.00
711.73, 156.00
712.04, 156.00
712.35, 157.00
712.65, 156.00
712.96, 159.00
713.27, 162.00
713.57, 190.00
713.88, 179.00
714.19, 155.00
714.49, 151.00
714.80, 166.00
715.11, 154.00
715.41, 159.00
715.72, 159.00
716.03, 156.00
716.33, 162.00
716.64, 154.00
716.94, 159.00
717.25, 158.00
717.56, 164.00
717.86, 161.00
718.17, 159.00
718.48, 157.00
718.78, 157.00
719.09, 152.00
719.39, 160.00
719.70, 159.00
720.01, 156.00
720.31, 150.00
720.62, 155.00
720.92, 158.00
721.23, 165.00
721.53, 169.00
721.84, 155.00
722.15, 165.00
722.45, 156.00
722.76, 163.00
723.06, 160.00
723.37, 161.00
723.67, 161.00
723.98, 155.00
724.28, 155.00
724.59, 166.00
724.89, 168.00
725.20, 158.00
725.50, 171.00
725.81, 161.00
726.11, 160.00
726.42, 167.00
726.72, 169.00
727.03, 204.00
727.33, 170.00
727.64, 171.00
727.94, 167.00
728.25, 159.00
728.55, 157.00
728.86, 177.00
729.16, 155.00
729.46, 149.00
729.77, 156.00
730.07, 152.00
730.38, 153.00
730.68, 157.00
730.99, 162.00
731.29, 154.00
731.59, 159.00
731.90, 156.00
732.20, 160.00
732.51, 161.00
732.81, 155.00
733.11, 168.00
733.42, 163.00
733.72, 162.00
734.02, 163.00
734.33, 157.00
734.63, 154.00
734.94, 160.00
735.24, 161.00
735.54, 157.00
735.85, 160.00
736.15, 159.00
736.45, 155.00
736.76, 159.00
737.06, 158.00
737.36, 159.00
737.67, 160.00
737.97, 157.00
738.27, 161.00
738.57, 157.00
738.88, 159.00
739.18, 191.00
739.48, 162.00
739.79, 157.00
740.09, 160.00
740.39, 153.00
740.69, 155.00
741.00, 152.00
741.30, 156.00
741.60, 156.00
741.90, 158.00
742.21, 155.00
742.51, 209.00
742.81, 159.00
743.11, 163.00
743.42, 188.00
743.72, 164.00
744.02, 175.00
744.32, 172.00
744.63, 177.00
744.93, 183.00
745.23, 178.00
745.53, 186.00
745.83, 176.00
746.13, 180.00
746.44, 173.00
746.74, 180.00
747.04, 182.00
747.34, 176.00
747.64, 179.00
747.94, 173.00
748.25, 182.00
748.55, 181.00
748.85, 183.00
749.15, 191.00
749.45, 214.00
749.75, 196.00
750.05, 175.00
750.35, 174.00
750.66, 184.00
750.96, 171.00
751.26, 164.00
751.56, 157.00
751.86, 168.00
752.16, 152.00
752.46, 154.00
752.76, 160.00
753.06, 152.00
753.36, 199.00
753.66, 152.00
753.96, 156.00
754.27, 154.00
754.57, 160.00
754.87, 154.00
755.17, 151.00
755.47, 156.00
755.77, 163.00
756.07, 160.00
756.37, 167.00
756.67, 170.00
756.97, 160.00
757.27, 167.00
757.57, 162.00
757.87, 170.00
758.17, 169.00
758.47, 177.00
758.77, 172.00
759.07, 169.00
759.37, 171.00
759.67, 168.00
759.97, 170.00
760.27, 165.00
760.57, 167.00
760.86, 171.00
761.16, 166.00
761.46, 164.00
761.76, 190.00
762.06, 161.00
762.36, 164.00
762.66, 160.00
762.96, 161.00
763.26, 163.00
763.56, 190.00
763.86, 161.00
764.16, 153.00
764.45, 168.00
764.75, 154.00
765.05, 157.00
765.35, 155.00
765.65, 151.00
765.95, 152.00
766.25, 162.00
766.55, 162.00
766.84, 161.00
767.14, 157.00
767.44, 157.00
767.74, 160.00
768.04, 167.00
768.34, 161.00
768.63, 160.00
768.93, 164.00
769.23, 169.00
769.53, 163.00
769.83, 167.00
770.12, 165.00
770.42, 170.00
770.72, 167.00
771.02, 158.00
771.32, 166.00
771.61, 166.00
771.91, 173.00
772.21, 165.00
772.51, 169.00
772.80, 165.00
773.10, 167.00
773.40, 175.00
773.70, 168.00
773.99, 173.00
774.29, 172.00
774.59, 181.00
774.88, 171.00
775.18, 203.00
775.48, 408.00
775.78, 769.00
776.07, 978.00
776.37, 1015.00
776.67, 797.00
776.96, 543.00
777.26, 473.00
777.56, 359.00
777.85, 330.00
778.15, 296.00
778.45, 278.00
778.74, 242.00
779.04, 205.00
779.34, 179.00
779.63, 166.00
779.93, 156.00
780.22, 151.00
780.52, 153.00
780.82, 154.00
781.11, 151.00
781.41, 154.00
781.71, 149.00
782.00, 152.00
782.30, 154.00
782.59, 158.00
782.89, 152.00
783.19, 147.00
783.48, 151.00
783.78, 150.00
784.07, 155.00
784.37, 151.00
784.66, 144.00
784.96, 150.00
785.25, 149.00
785.55, 151.00
785.84, 152.00
786.14, 151.00
786.44, 145.00
786.73, 153.00
787.03, 149.00
787.32, 145.00
787.62, 146.00
787.91, 150.00
788.21, 150.00
788.50, 148.00
788.80, 149.00
789.09, 149.00
789.39, 150.00
789.68, 149.00
789.97, 152.00
790.27, 150.00
790.56, 148.00
790.86, 163.00
791.15, 145.00
791.45, 146.00
791.74, 173.00
792.04, 145.00
792.33, 146.00
792.62, 178.00
792.92, 146.00
793.21, 143.00
793.51, 156.00
793.80, 143.00
794.09, 144.00
794.39, 145.00
794.68, 145.00
794.98, 146.00
795.27, 148.00
795.56, 146.00
795.86, 148.00
796.15, 144.00
796.44, 147.00
796.74, 143.00
797.03, 146.00
797.32, 143.00
797.62, 143.00
797.91, 160.00
798.20, 147.00
798.50, 149.00
798.79, 154.00
799.08, 148.00
799.38, 147.00
799.67, 148.00
799.96, 160.00
800.26, 178.00
800.55, 148.00
800.84, 148.00
801.13, 146.00
801.43, 148.00
801.72, 179.00
802.01, 150.00
802.30, 150.00
802.60, 145.00
802.89, 151.00
803.18, 144.00
803.47, 147.00
803.77, 150.00
804.06, 151.00
804.35, 152.00
804.64, 164.00
804.94, 142.00
805.23, 143.00
805.52, 144.00
805.81, 149.00
806.10, 142.00
806.39, 147.00
806.69, 145.00
806.98, 147.00
807.27, 147.00
807.56, 150.00
807.85, 151.00
808.14, 148.00
808.44, 153.00
808.73, 144.00
809.02, 164.00
809.31, 148.00
809.60, 155.00
809.89, 152.00
810.18, 143.00
810.48, 152.00
810.77, 146.00
811.06, 147.00
811.35, 146.00
811.64, 151.00
811.93, 170.00
812.22, 146.00
812.51, 144.00
812.80, 143.00
813.09, 151.00
813.38, 149.00
813.67, 166.00
813.96, 149.00
814.26, 148.00
814.55, 145.00
814.84, 145.00
815.13, 150.00
815.42, 144.00
815.71, 148.00
816.00, 147.00
816.29, 153.00
816.58, 147.00
816.87, 146.00
817.16, 145.00
817.45, 150.00
817.74, 147.00
818.03, 144.00
818.32, 142.00
818.61, 145.00
818.90, 148.00
819.19, 142.00
819.48, 148.00
819.76, 141.00
820.05, 148.00
820.34, 150.00
820.63, 148.00
820.92, 141.00
821.21, 147.00
821.50, 140.00
821.79, 146.00
822.08, 149.00
822.37, 145.00
822.66, 143.00
822.95, 144.00
823.23, 142.00
823.52, 165.00
823.81, 148.00
824.10, 143.00
824.39, 141.00
824.68, 147.00
824.97, 161.00
825.26, 144.00
825.54, 195.00
825.83, 147.00
826.12, 138.00
826.41, 141.00
826.70, 143.00
826.99, 150.00
827.27, 147.00
827.56, 164.00
827.85, 143.00
828.14, 144.00
828.43, 141.00
828.71, 146.00
829.00, 145.00
829.29, 139.00
829.58, 144.00
829.86, 142.00
830.15, 148.00
830.44, 147.00
830.73, 144.00
831.01, 145.00
831.30, 147.00
831.59, 147.00
831.88, 145.00
832.16, 140.00
832.45, 145.00
832.74, 147.00
833.03, 144.00
833.31, 145.00
833.60, 147.00
833.89, 140.00
834.17, 147.00
834.46, 142.00
834.75, 146.00
835.03, 145.00
835.32, 143.00
835.61, 146.00
835.89, 158.00
836.18, 143.00
836.47, 145.00
836.75, 142.00
837.04, 145.00
837.33, 148.00
837.61, 144.00
837.90, 142.00
838.19, 140.00
838.47, 141.00
838.76, 146.00
839.04, 142.00
839.33, 143.00
839.62, 148.00
839.90, 150.00
840.19, 145.00
840.47, 145.00
840.76, 171.00
841.04, 148.00
841.33, 146.00
841.62, 141.00
841.90, 140.00
842.19, 145.00
842.47, 304.00
842.76, 141.00
843.04, 149.00
843.33, 179.00
843.61, 167.00
843.90, 162.00
844.18, 163.00
844.47, 164.00
844.75, 166.00
845.04, 152.00
845.32, 157.00
845.61, 151.00
845.89, 152.00
846.18, 147.00
846.46, 150.00
846.75, 146.00
847.03, 159.00
847.32, 148.00
847.60, 143.00
847.88, 139.00
848.17, 150.00
848.45, 154.00
848.74, 147.00
849.02, 145.00
849.31, 145.00
849.59, 144.00
849.87, 145.00
850.16, 143.00
850.44, 147.00
850.73, 178.00
851.01, 149.00
851.29, 146.00
851.58, 149.00
851.86, 144.00
852.14, 143.00
852.43, 145.00
852.71, 143.00
853.00, 143.00
853.28, 153.00
853.56, 147.00
853.85, 148.00
854.13, 144.00
854.41, 144.00
854.69, 141.00
854.98, 145.00
855.26, 199.00
855.54, 150.00
855.83, 145.00
856.11, 147.00
856.39, 143.00
856.68, 140.00
856.96, 145.00
857.24, 147.00
857.52, 146.00
857.81, 145.00
858.09, 147.00
858.37, 139.00
858.65, 143.00
858.94, 144.00
859.22, 146.00
