190.05, 0.00
190.41, 133.00
190.77, 132.00
191.14, 134.00
191.50, 134.00
191.86, 161.00
192.22, 148.00
192.58, 147.00
192.94, 142.00
193.31, 146.00
193.67, 146.00
194.03, 150.00
194.39, 139.00
194.75, 145.00
195.11, 154.00
195.47, 160.00
195.84, 141.00
196.20, 140.00
196.56, 165.00
196.92, 143.00
197.28, 148.00
197.64, 141.00
198.00, 140.00
198.37, 148.00
198.73, 146.00
199.09, 143.00
199.45, 144.00
199.81, 145.00
200.17, 148.00
200.53, 144.00
200.89, 150.00
201.25, 176.00
201.62, 153.00
201.98, 147.00
202.34, 141.00
202.70, 146.00
203.06, 144.00
203.42, 142.00
203.78, 144.00
204.14, 146.00
204.50, 168.00
204.86, 156.00
205.22, 149.00
205.58, 146.00
205.95, 143.00
206.31, 141.00
206.67, 143.00
207.03, 141.00
207.39, 152.00
207.75, 142.00
208.11, 143.00
208.47, 143.00
208.83, 151.00
209.19, 148.00
209.55, 143.00
209.91, 143.00
210.27, 144.00
210.63, 141.00
210.99, 151.00
211.35, 142.00
211.71, 150.00
212.07, 144.00
212.43, 148.00
212.79, 144.00
213.15, 146.00
213.51, 144.00
213.87, 139.00
214.23, 145.00
214.59, 142.00
214.95, 141.00
215.31, 144.00
215.67, 143.00
216.03, 175.00
216.39, 142.00
216.75, 144.00
217.11, 147.00
217.47, 146.00
217.83, 139.00
218.19, 144.00
218.55, 151.00
218.91, 148.00
219.27, 144.00
219.63, 143.00
219.99, 140.00
220.35, 144.00
220.71, 152.00
221.07, 142.00
221.43, 148.00
221.79, 146.00
222.15, 147.00
222.51, 145.00
222.87, 141.00
223.23, 140.00
223.59, 142.00
223.95, 144.00
224.31, 141.00
224.67, 146.00
225.03, 145.00
225.39, 143.00
225.74, 148.00
226.10, 141.00
226.46, 143.00
226.82, 149.00
227.18, 142.00
227.54, 140.00
227.90, 152.00
228.26, 141.00
228.62, 153.00
228.98, 148.00
229.34, 145.00
229.69, 140.00
230.05, 147.00
230.41, 143.00
230.77, 148.00
231.13, 150.00
231.49, 145.00
231.85, 145.00
232.21, 151.00
232.57, 145.00
232.92, 145.00
233.28, 143.00
233.64, 146.00
234.00, 140.00
234.36, 146.00
234.72, 145.00
235.08, 145.00
235.44, 146.00
235.79, 142.00
236.15, 145.00
236.51, 142.00
236.87, 141.00
237.23, 148.00
237.59, 146.00
237.94, 148.00
238.30, 151.00
238.66, 149.00
239.02, 142.00
239.38, 144.00
239.74, 143.00
240.09, 157.00
240.45, 143.00
240.81, 140.00
241.17, 149.00
241.53, 147.00
241.89, 141.00
242.24, 146.00
242.60, 145.00
242.96, 144.00
243.32, 148.00
243.68, 142.00
244.03, 146.00
244.39, 145.00
244.75, 167.00
245.11, 145.00
245.46, 150.00
245.82, 171.00
246.18, 143.00
246.54, 149.00
246.90, 146.00
247.25, 145.00
247.61, 144.00
247.97, 184.00
248.33, 144.00
248.68, 139.00
249.04, 143.00
249.40, 139.00
249.76, 145.00
250.11, 142.00
250.47, 143.00
250.83, 144.00
251.19, 137.00
251.54, 148.00
251.90, 151.00
252.26, 147.00
252.62, 141.00
252.97, 149.00
253.33, 141.00
253.69, 144.00
254.05, 149.00
254.40, 147.00
254.76, 143.00
255.12, 174.00
255.47, 150.00
255.83, 146.00
256.19, 144.00
256.54, 143.00
256.90, 143.00
257.26, 142.00
257.62, 147.00
257.97, 142.00
258.33, 149.00
258.69, 147.00
259.04, 143.00
259.40, 141.00
259.76, 151.00
260.11, 142.00
260.47, 138.00
260.83, 148.00
261.18, 141.00
261.54, 153.00
261.90, 153.00
262.25, 140.00
262.61, 145.00
262.97, 143.00
263.32, 144.00
263.68, 142.00
264.04, 148.00
264.39, 143.00
264.75, 142.00
265.10, 143.00
265.46, 191.00
265.82, 159.00
266.17, 141.00
266.53, 144.00
266.89, 148.00
267.24, 155.00
267.60, 148.00
267.95, 140.00
268.31, 141.00
268.67, 149.00
269.02, 142.00
269.38, 145.00
269.74, 151.00
270.09, 148.00
270.45, 145.00
270.80, 171.00
271.16, 150.00
271.51, 151.00
271.87, 152.00
272.23, 153.00
272.58, 152.00
272.94, 144.00
273.29, 141.00
273.65, 191.00
274.00, 144.00
274.36, 150.00
274.72, 139.00
275.07, 136.00
275.43, 143.00
275.78, 144.00
276.14, 143.00
276.49, 141.00
276.85, 150.00
277.20, 164.00
277.56, 143.00
277.92, 145.00
278.27, 147.00
278.63, 154.00
278.98, 148.00
279.34, 148.00
279.69, 148.00
280.05, 168.00
280.40, 155.00
280.76, 158.00
281.11, 149.00
281.47, 154.00
281.82, 151.00
282.18, 148.00
282.53, 159.00
282.89, 165.00
283.24, 165.00
283.60, 155.00
283.95, 167.00
284.31, 169.00
284.66, 167.00
285.02, 169.00
285.37, 172.00
285.73, 166.00
286.08, 168.00
286.44, 157.00
286.79, 159.00
287.14, 157.00
287.50, 160.00
287.85, 158.00
288.21, 154.00
288.56, 154.00
288.92, 157.00
289.27, 150.00
289.63, 153.00
289.98, 166.00
290.34, 152.00
290.69, 155.00
291.04, 150.00
291.40, 152.00
291.75, 153.00
292.11, 157.00
292.46, 154.00
292.81, 156.00
293.17, 159.00
293.52, 163.00
293.88, 170.00
294.23, 177.00
294.59, 178.00
294.94, 188.00
295.29, 198.00
295.65, 208.00
296.00, 225.00
296.36, 196.00
296.71, 192.00
297.06, 192.00
297.42, 203.00
297.77, 194.00
298.12, 191.00
298.48, 182.00
298.83, 172.00
299.19, 181.00
299.54, 179.00
299.89, 181.00
300.25, 177.00
300.60, 186.00
300.95, 182.00
301.31, 169.00
301.66, 158.00
302.01, 158.00
302.37, 159.00
302.72, 162.00
303.07, 163.00
303.43, 176.00
303.78, 166.00
304.13, 171.00
304.49, 179.00
304.84, 184.00
305.19, 219.00
305.55, 178.00
305.90, 192.00
306.25, 220.00
306.61, 284.00
306.96, 339.00
307.31, 422.00
307.66, 571.00
308.02, 733.00
308.37, 874.00
308.72, 985.00
309.08, 982.00
309.43, 934.00
309.78, 807.00
310.13, 699.00
310.49, 608.00
310.84, 489.00
311.19, 438.00
311.54, 393.00
311.90, 348.00
312.25, 330.00
312.60, 342.00
312.95, 418.00
313.31, 446.00
313.66, 460.00
314.01, 449.00
314.36, 460.00
314.72, 523.00
315.07, 651.00
315.42, 809.00
315.77, 873.00
316.13, 697.00
316.48, 487.00
316.83, 333.00
317.18, 259.00
317.54, 212.00
317.89, 182.00
318.24, 175.00
318.59, 177.00
318.94, 180.00
319.30, 175.00
319.65, 178.00
320.00, 179.00
320.35, 188.00
320.70, 183.00
321.05, 186.00
321.41, 184.00
321.76, 182.00
322.11, 171.00
322.46, 174.00
322.81, 212.00
323.17, 175.00
323.52, 169.00
323.87, 174.00
324.22, 163.00
324.57, 172.00
324.92, 173.00
325.27, 180.00
325.63, 192.00
325.98, 197.00
326.33, 203.00
326.68, 204.00
327.03, 201.00
327.38, 193.00
327.73, 212.00
328.09, 229.00
328.44, 251.00
328.79, 221.00
329.14, 252.00
329.49, 213.00
329.84, 209.00
330.19, 217.00
330.54, 213.00
330.89, 214.00
331.25, 198.00
331.60, 192.00
331.95, 188.00
332.30, 191.00
332.65, 201.00
333.00, 218.00
333.35, 273.00
333.70, 274.00
334.05, 254.00
334.40, 267.00
334.75, 300.00
335.10, 425.00
335.45, 596.00
335.81, 876.00
336.16, 1282.00
336.51, 1804.00
336.86, 1857.00
337.21, 1626.00
337.56, 1003.00
337.91, 609.00
338.26, 369.00
338.61, 258.00
338.96, 219.00
339.31, 196.00
339.66, 192.00
340.01, 196.00
340.36, 182.00
340.71, 181.00
341.06, 170.00
341.41, 183.00
341.76, 174.00
342.11, 180.00
342.46, 178.00
342.81, 183.00
343.16, 185.00
343.51, 176.00
343.86, 181.00
344.21, 180.00
344.56, 180.00
344.91, 182.00
345.26, 183.00
345.61, 176.00
345.96, 176.00
346.31, 172.00
346.66, 203.00
347.01, 173.00
347.36, 202.00
347.71, 174.00
348.06, 174.00
348.41, 192.00
348.76, 206.00
349.10, 210.00
349.45, 241.00
349.80, 228.00
350.15, 218.00
350.50, 219.00
350.85, 219.00
351.20, 218.00
351.55, 257.00
351.90, 310.00
352.25, 391.00
352.60, 485.00
352.95, 647.00
353.30, 710.00
353.64, 631.00
353.99, 487.00
354.34, 411.00
354.69, 379.00
355.04, 402.00
355.39, 460.00
355.74, 602.00
356.09, 786.00
356.44, 977.00
356.78, 1320.00
357.13, 1497.00
357.48, 1454.00
357.83, 1098.00
358.18, 715.00
358.53, 467.00
358.88, 296.00
359.22, 237.00
359.57, 189.00
359.92, 186.00
360.27, 186.00
360.62, 193.00
360.97, 178.00
361.32, 189.00
361.66, 181.00
362.01, 181.00
362.36, 189.00
362.71, 191.00
363.06, 200.00
363.40, 202.00
363.75, 195.00
364.10, 204.00
364.45, 190.00
364.80, 190.00
365.14, 187.00
365.49, 197.00
365.84, 193.00
366.19, 214.00
366.54, 213.00
366.88, 241.00
367.23, 201.00
367.58, 254.00
367.93, 184.00
368.28, 185.00
368.62, 193.00
368.97, 219.00
369.32, 224.00
369.67, 234.00
370.01, 294.00
370.36, 308.00
370.71, 329.00
371.06, 277.00
371.40, 254.00
371.75, 211.00
372.10, 201.00
372.45, 204.00
372.79, 213.00
373.14, 244.00
373.49, 277.00
373.83, 350.00
374.18, 410.00
374.53, 517.00
374.88, 594.00
375.22, 592.00
375.57, 485.00
375.92, 366.00
376.26, 277.00
376.61, 233.00
376.96, 204.00
377.30, 215.00
377.65, 230.00
378.00, 256.00
378.35, 311.00
378.69, 400.00
379.04, 478.00
379.39, 645.00
379.73, 759.00
380.08, 773.00
380.43, 606.00
380.77, 440.00
381.12, 366.00
381.47, 280.00
381.81, 232.00
382.16, 198.00
382.50, 198.00
382.85, 270.00
383.20, 197.00
383.54, 204.00
383.89, 207.00
384.24, 218.00
384.58, 234.00
384.93, 251.00
385.27, 252.00
385.62, 247.00
385.97, 245.00
386.31, 244.00
386.66, 268.00
387.00, 242.00
387.35, 263.00
387.70, 281.00
388.04, 390.00
388.39, 391.00
388.73, 489.00
389.08, 588.00
389.43, 724.00
389.77, 879.00
390.12, 1055.00
390.46, 1464.00
390.81, 1628.00
391.15, 1572.00
391.50, 1189.00
391.85, 743.00
392.19, 521.00
392.54, 365.00
392.88, 289.00
393.23, 295.00
393.57, 293.00
393.92, 291.00
394.26, 249.00
394.61, 228.00
394.95, 212.00
395.30, 188.00
395.64, 181.00
395.99, 221.00
396.33, 193.00
396.68, 199.00
397.02, 204.00
397.37, 229.00
397.71, 251.00
398.06, 277.00
398.40, 314.00
398.75, 372.00
399.09, 396.00
399.44, 396.00
399.78, 335.00
400.13, 275.00
400.47, 228.00
400.82, 197.00
401.16, 183.00
401.51, 190.00
401.85, 183.00
402.20, 194.00
402.54, 194.00
402.88, 203.00
403.23, 212.00
403.57, 224.00
403.92, 246.00
404.26, 335.00
404.61, 312.00
404.95, 408.00
405.30, 369.00
405.64, 342.00
405.98, 315.00
406.33, 257.00
406.67, 218.00
407.02, 200.00
407.36, 201.00
407.70, 207.00
408.05, 198.00
408.39, 216.00
408.74, 227.00
409.08, 230.00
409.42, 218.00
409.77, 205.00
410.11, 215.00
410.46, 205.00
410.80, 212.00
411.14, 216.00
411.49, 232.00
411.83, 233.00
412.17, 236.00
412.52, 242.00
412.86, 251.00
413.20, 256.00
413.55, 260.00
413.89, 242.00
414.23, 230.00
414.58, 255.00
414.92, 207.00
415.26, 203.00
415.61, 196.00
415.95, 199.00
416.29, 204.00
416.64, 213.00
416.98, 214.00
417.32, 223.00
417.67, 249.00
418.01, 256.00
418.35, 270.00
418.70, 298.00
419.04, 349.00
419.38, 327.00
419.72, 318.00
420.07, 279.00
420.41, 238.00
420.75, 216.00
421.10, 208.00
421.44, 198.00
421.78, 207.00
422.12, 204.00
422.47, 225.00
422.81, 229.00
423.15, 234.00
423.49, 237.00
423.84, 227.00
424.18, 240.00
424.52, 253.00
424.86, 299.00
425.21, 378.00
425.55, 397.00
425.89, 483.00
426.23, 564.00
426.57, 682.00
426.92, 720.00
427.26, 756.00
427.60, 634.00
427.94, 442.00
428.28, 341.00
428.63, 270.00
428.97, 232.00
429.31, 213.00
429.65, 192.00
429.99, 188.00
430.34, 188.00
430.68, 191.00
431.02, 194.00
431.36, 185.00
431.70, 201.00
432.04, 204.00
432.39, 212.00
432.73, 223.00
433.07, 220.00
433.41, 243.00
433.75, 249.00
434.09, 244.00
434.43, 227.00
434.78, 214.00
435.12, 215.00
435.46, 210.00
435.80, 224.00
436.14, 224.00
436.48, 212.00
436.82, 227.00
437.16, 219.00
437.51, 218.00
437.85, 213.00
438.19, 249.00
438.53, 211.00
438.87, 226.00
439.21, 219.00
439.55, 227.00
439.89, 237.00
440.23, 229.00
440.57, 239.00
440.91, 245.00
441.26, 231.00
441.60, 222.00
441.94, 224.00
442.28, 221.00
442.62, 209.00
442.96, 198.00
443.30, 194.00
443.64, 196.00
443.98, 198.00
444.32, 203.00
444.66, 192.00
445.00, 210.00
445.34, 204.00
445.68, 200.00
446.02, 217.00
446.36, 200.00
446.70, 202.00
447.04, 208.00
447.38, 235.00
447.72, 218.00
448.06, 219.00
448.40, 221.00
448.74, 211.00
449.08, 214.00
449.42, 204.00
449.76, 205.00
450.10, 196.00
450.44, 196.00
450.78, 203.00
451.12, 201.00
451.46, 204.00
451.80, 198.00
452.14, 193.00
452.48, 191.00
452.82, 197.00
453.16, 189.00
453.50, 198.00
453.84, 193.00
454.18, 235.00
454.52, 204.00
454.86, 207.00
455.19, 224.00
455.53, 215.00
455.87, 209.00
456.21, 223.00
456.55, 221.00
456.89, 214.00
457.23, 230.00
457.57, 215.00
457.91, 216.00
458.25, 227.00
458.59, 223.00
458.92, 243.00
459.26, 233.00
459.60, 249.00
459.94, 222.00
460.28, 216.00
460.62, 203.00
460.96, 201.00
461.30, 197.00
461.63, 192.00
461.97, 200.00
462.31, 194.00
462.65, 198.00
462.99, 210.00
463.33, 210.00
463.67, 213.00
464.00, 220.00
464.34, 223.00
464.68, 225.00
465.02, 235.00
465.36, 228.00
465.70, 222.00
466.03, 229.00
466.37, 208.00
466.71, 220.00
467.05, 222.00
467.39, 240.00
467.72, 242.00
468.06, 264.00
468.40, 280.00
468.74, 275.00
469.08, 281.00
469.41, 311.00
469.75, 336.00
470.09, 356.00
470.43, 348.00
470.76, 309.00
471.10, 285.00
471.44, 279.00
471.78, 253.00
472.11, 249.00
472.45, 245.00
472.79, 243.00
473.13, 235.00
473.46, 225.00
473.80, 232.00
474.14, 216.00
474.48, 230.00
474.81, 224.00
475.15, 217.00
475.49, 226.00
475.82, 223.00
476.16, 220.00
476.50, 210.00
476.84, 225.00
477.17, 214.00
477.51, 207.00
477.85, 211.00
478.18, 228.00
478.52, 214.00
478.86, 270.00
479.19, 223.00
479.53, 221.00
479.87, 256.00
480.20, 224.00
480.54, 221.00
480.88, 217.00
481.21, 214.00
481.55, 209.00
481.89, 214.00
482.22, 214.00
482.56, 222.00
482.90, 219.00
483.23, 215.00
483.57, 219.00
483.90, 214.00
484.24, 219.00
484.58, 211.00
484.91, 226.00
485.25, 222.00
485.58, 222.00
485.92, 229.00
486.26, 225.00
486.59, 225.00
486.93, 225.00
487.26, 229.00
487.60, 232.00
487.94, 227.00
488.27, 228.00
488.61, 229.00
488.94, 228.00
489.28, 228.00
489.61, 222.00
489.95, 230.00
490.29, 229.00
490.62, 245.00
490.96, 222.00
491.29, 236.00
491.63, 223.00
491.96, 232.00
492.30, 226.00
492.63, 221.00
492.97, 221.00
493.30, 223.00
493.64, 219.00
493.97, 228.00
494.31, 225.00
494.64, 233.00
494.98, 229.00
495.31, 238.00
495.65, 232.00
495.98, 236.00
496.32, 228.00
496.65, 253.00
496.99, 227.00
497.32, 222.00
497.66, 215.00
497.99, 214.00
498.33, 217.00
498.66, 217.00
499.00, 222.00
499.33, 216.00
499.67, 218.00
500.00, 218.00
500.34, 228.00
500.67, 231.00
501.00, 221.00
501.34, 225.00
501.67, 226.00
502.01, 215.00
502.34, 220.00
502.68, 237.00
503.01, 240.00
503.34, 239.00
503.68, 246.00
504.01, 241.00
504.35, 234.00
504.68, 248.00
505.01, 244.00
505.35, 237.00
505.68, 240.00
506.02, 243.00
506.35, 252.00
506.68, 260.00
507.02, 246.00
507.35, 244.00
507.68, 246.00
508.02, 248.00
508.35, 246.00
508.69, 241.00
509.02, 239.00
509.35, 233.00
509.69, 232.00
510.02, 240.00
510.35, 229.00
510.69, 227.00
511.02, 228.00
511.35, 224.00
511.69, 227.00
512.02, 224.00
512.35, 225.00
512.68, 222.00
513.02, 228.00
513.35, 219.00
513.68, 219.00
514.02, 225.00
514.35, 218.00
514.68, 224.00
515.01, 219.00
515.35, 224.00
515.68, 214.00
516.01, 215.00
516.35, 218.00
516.68, 210.00
517.01, 212.00
517.34, 225.00
517.68, 212.00
518.01, 218.00
518.34, 216.00
518.67, 218.00
519.01, 224.00
519.34, 218.00
519.67, 232.00
520.00, 229.00
520.33, 225.00
520.67, 230.00
521.00, 229.00
521.33, 229.00
521.66, 240.00
522.00, 231.00
522.33, 230.00
522.66, 227.00
522.99, 223.00
523.32, 228.00
523.65, 221.00
523.99, 223.00
524.32, 226.00
524.65, 221.00
524.98, 223.00
525.31, 227.00
525.65, 258.00
525.98, 228.00
526.31, 216.00
526.64, 226.00
526.97, 223.00
527.30, 216.00
527.63, 211.00
527.97, 209.00
528.30, 211.00
528.63, 224.00
528.96, 240.00
529.29, 213.00
529.62, 221.00
529.95, 211.00
530.28, 209.00
530.61, 205.00
530.95, 208.00
531.28, 205.00
531.61, 221.00
531.94, 221.00
532.27, 224.00
532.60, 221.00
532.93, 220.00
533.26, 213.00
533.59, 206.00
533.92, 213.00
534.25, 206.00
534.58, 244.00
534.91, 212.00
535.25, 210.00
535.58, 203.00
535.91, 199.00
536.24, 204.00
536.57, 207.00
536.90, 211.00
537.23, 202.00
537.56, 245.00
537.89, 205.00
538.22, 202.00
538.55, 202.00
538.88, 199.00
539.21, 321.00
539.54, 197.00
539.87, 194.00
540.20, 206.00
540.53, 205.00
540.86, 225.00
541.19, 197.00
541.52, 201.00
541.85, 207.00
542.18, 213.00
542.51, 221.00
542.84, 225.00
543.17, 216.00
543.50, 219.00
543.82, 217.00
544.15, 216.00
544.48, 221.00
544.81, 216.00
545.14, 234.00
545.47, 210.00
545.80, 244.00
546.13, 205.00
546.46, 243.00
546.79, 222.00
547.12, 206.00
547.45, 210.00
547.78, 209.00
548.10, 204.00
548.43, 207.00
548.76, 196.00
549.09, 203.00
549.42, 209.00
549.75, 208.00
550.08, 203.00
550.41, 207.00
550.74, 214.00
551.06, 210.00
551.39, 205.00
551.72, 203.00
552.05, 208.00
552.38, 198.00
552.71, 197.00
553.03, 205.00
553.36, 206.00
553.69, 216.00
554.02, 204.00
554.35, 213.00
554.68, 202.00
555.00, 211.00
555.33, 207.00
555.66, 207.00
555.99, 231.00
556.32, 227.00
556.64, 219.00
556.97, 231.00
557.30, 219.00
557.63, 225.00
557.96, 227.00
558.28, 232.00
558.61, 227.00
558.94, 233.00
559.27, 227.00
559.59, 226.00
559.92, 226.00
560.25, 214.00
560.58, 219.00
560.90, 225.00
561.23, 214.00
561.56, 215.00
561.89, 216.00
562.21, 215.00
562.54, 209.00
562.87, 204.00
563.20, 203.00
563.52, 201.00
563.85, 194.00
564.18, 220.00
564.50, 204.00
564.83, 235.00
565.16, 256.00
565.48, 189.00
565.81, 199.00
566.14, 191.00
566.47, 185.00
566.79, 196.00
567.12, 189.00
567.45, 215.00
567.77, 192.00
568.10, 194.00
568.43, 197.00
568.75, 198.00
569.08, 197.00
569.40, 234.00
569.73, 193.00
570.06, 194.00
570.38, 191.00
570.71, 186.00
571.04, 188.00
571.36, 201.00
571.69, 197.00
572.01, 190.00
572.34, 190.00
572.67, 197.00
572.99, 190.00
573.32, 211.00
573.64, 189.00
573.97, 188.00
574.30, 193.00
574.62, 193.00
574.95, 193.00
575.27, 193.00
575.60, 194.00
575.92, 191.00
576.25, 186.00
576.58, 199.00
576.90, 189.00
577.23, 228.00
577.55, 196.00
577.88, 191.00
578.20, 194.00
578.53, 192.00
578.85, 205.00
579.18, 196.00
579.50, 188.00
579.83, 191.00
580.15, 191.00
580.48, 194.00
580.80, 198.00
581.13, 195.00
581.45, 187.00
581.78, 194.00
582.10, 201.00
582.43, 194.00
582.75, 198.00
583.08, 189.00
583.40, 197.00
583.73, 262.00
584.05, 199.00
584.38, 193.00
584.70, 242.00
585.03, 198.00
585.35, 196.00
585.67, 196.00
586.00, 213.00
586.32, 234.00
586.65, 246.00
586.97, 243.00
587.30, 234.00
587.62, 218.00
587.94, 230.00
588.27, 204.00
588.59, 202.00
588.92, 208.00
589.24, 201.00
589.56, 211.00
589.89, 210.00
590.21, 196.00
590.54, 198.00
590.86, 193.00
591.18, 200.00
591.51, 202.00
591.83, 204.00
592.15, 198.00
592.48, 204.00
592.80, 210.00
593.13, 205.00
593.45, 209.00
593.77, 213.00
594.10, 220.00
594.42, 222.00
594.74, 219.00
595.07, 216.00
595.39, 223.00
595.71, 224.00
596.03, 224.00
596.36, 227.00
596.68, 234.00
597.00, 232.00
597.33, 239.00
597.65, 237.00
597.97, 240.00
598.30, 236.00
598.62, 234.00
598.94, 235.00
599.26, 231.00
599.59, 237.00
599.91, 241.00
600.23, 226.00
600.55, 228.00
600.88, 223.00
601.20, 217.00
601.52, 213.00
601.84, 205.00
602.17, 206.00
602.49, 201.00
602.81, 193.00
603.13, 198.00
603.45, 207.00
603.78, 189.00
604.10, 196.00
604.42, 191.00
604.74, 191.00
605.07, 198.00
605.39, 193.00
605.71, 187.00
606.03, 190.00
606.35, 185.00
606.67, 193.00
607.00, 190.00
607.32, 182.00
607.64, 182.00
607.96, 181.00
608.28, 181.00
608.60, 180.00
608.93, 179.00
609.25, 185.00
609.57, 185.00
609.89, 190.00
610.21, 183.00
610.53, 181.00
610.85, 180.00
611.17, 190.00
611.50, 180.00
611.82, 173.00
612.14, 176.00
612.46, 172.00
612.78, 178.00
613.10, 181.00
613.42, 179.00
613.74, 196.00
614.06, 232.00
614.38, 213.00
614.70, 213.00
615.03, 222.00
615.35, 214.00
615.67, 303.00
615.99, 194.00
616.31, 198.00
616.63, 195.00
616.95, 187.00
617.27, 180.00
617.59, 174.00
617.91, 186.00
618.23, 189.00
618.55, 172.00
618.87, 174.00
619.19, 174.00
619.51, 176.00
619.83, 174.00
620.15, 170.00
620.47, 176.00
620.79, 176.00
621.11, 178.00
621.43, 173.00
621.75, 181.00
622.07, 178.00
622.39, 180.00
622.71, 177.00
623.03, 179.00
623.35, 219.00
623.67, 177.00
623.99, 175.00
624.31, 177.00
624.63, 178.00
624.95, 176.00
625.26, 182.00
625.58, 173.00
625.90, 203.00
626.22, 172.00
626.54, 179.00
626.86, 181.00
627.18, 175.00
627.50, 183.00
627.82, 180.00
628.14, 181.00
628.46, 178.00
628.77, 179.00
629.09, 183.00
629.41, 186.00
629.73, 182.00
630.05, 193.00
630.37, 187.00
630.69, 192.00
631.00, 202.00
631.32, 200.00
631.64, 190.00
631.96, 189.00
632.28, 188.00
632.60, 196.00
632.92, 191.00
633.23, 200.00
633.55, 203.00
633.87, 203.00
634.19, 202.00
634.51, 213.00
634.82, 221.00
635.14, 221.00
635.46, 218.00
635.78, 213.00
636.10, 214.00
636.41, 222.00
636.73, 205.00
637.05, 214.00
637.37, 213.00
637.68, 205.00
638.00, 208.00
638.32, 221.00
638.64, 227.00
638.95, 244.00
639.27, 238.00
639.59, 229.00
639.91, 219.00
640.22, 217.00
640.54, 216.00
640.86, 202.00
641.18, 220.00
641.49, 225.00
641.81, 212.00
642.13, 222.00
642.44, 206.00
642.76, 209.00
643.08, 206.00
643.40, 209.00
643.71, 212.00
644.03, 220.00
644.35, 223.00
644.66, 218.00
644.98, 217.00
645.30, 212.00
645.61, 227.00
645.93, 205.00
646.25, 191.00
646.56, 204.00
646.88, 226.00
647.19, 193.00
647.51, 194.00
647.83, 184.00
648.14, 182.00
648.46, 192.00
648.78, 190.00
649.09, 185.00
649.41, 244.00
649.72, 208.00
650.04, 204.00
650.36, 207.00
650.67, 207.00
650.99, 210.00
651.30, 210.00
651.62, 212.00
651.93, 214.00
652.25, 227.00
652.57, 257.00
652.88, 211.00
653.20, 221.00
653.51, 220.00
653.83, 209.00
654.14, 196.00
654.46, 206.00
654.77, 198.00
655.09, 206.00
655.40, 215.00
655.72, 202.00
656.04, 195.00
656.35, 204.00
656.67, 195.00
656.98, 203.00
657.30, 204.00
657.61, 202.00
657.93, 213.00
658.24, 210.00
658.55, 251.00
658.87, 207.00
659.18, 207.00
659.50, 215.00
659.81, 219.00
660.13, 210.00
660.44, 204.00
660.76, 202.00
661.07, 228.00
661.39, 204.00
661.70, 193.00
662.01, 188.00
662.33, 195.00
662.64, 192.00
662.96, 188.00
663.27, 178.00
663.59, 179.00
663.90, 179.00
664.21, 182.00
664.53, 207.00
664.84, 174.00
665.16, 210.00
665.47, 184.00
665.78, 186.00
666.10, 201.00
666.41, 198.00
666.72, 208.00
667.04, 214.00
667.35, 207.00
667.67, 195.00
667.98, 196.00
668.29, 197.00
668.61, 197.00
668.92, 198.00
669.23, 192.00
669.55, 192.00
669.86, 221.00
670.17, 187.00
670.48, 184.00
670.80, 175.00
671.11, 167.00
671.42, 184.00
671.74, 184.00
672.05, 177.00
672.36, 182.00
672.68, 179.00
672.99, 182.00
673.30, 196.00
673.61, 191.00
673.93, 200.00
674.24, 197.00
674.55, 203.00
674.86, 210.00
675.18, 214.00
675.49, 213.00
675.80, 207.00
676.11, 219.00
676.43, 216.00
676.74, 212.00
677.05, 211.00
677.36, 214.00
677.67, 218.00
677.99, 202.00
678.30, 193.00
678.61, 197.00
678.92, 189.00
679.23, 190.00
679.55, 182.00
679.86, 183.00
680.17, 179.00
680.48, 184.00
680.79, 185.00
681.10, 174.00
681.42, 171.00
681.73, 170.00
682.04, 174.00
682.35, 174.00
682.66, 177.00
682.97, 172.00
683.28, 173.00
683.60, 175.00
683.91, 179.00
684.22, 193.00
684.53, 176.00
684.84, 175.00
685.15, 183.00
685.46, 198.00
685.77, 168.00
686.08, 169.00
686.40, 211.00
686.71, 167.00
687.02, 165.00
687.33, 167.00
687.64, 162.00
687.95, 163.00
688.26, 162.00
688.57, 167.00
688.88, 157.00
689.19, 163.00
689.50, 162.00
689.81, 165.00
690.12, 159.00
690.43, 174.00
690.74, 156.00
691.05, 157.00
691.36, 167.00
691.67, 157.00
691.98, 155.00
692.29, 155.00
692.60, 160.00
692.91, 154.00
693.22, 153.00
693.53, 158.00
693.84, 157.00
694.15, 156.00
694.46, 157.00
694.77, 155.00
695.08, 158.00
695.39, 167.00
695.70, 155.00
696.01, 158.00
696.32, 152.00
696.63, 157.00
696.94, 162.00
697.25, 157.00
697.56, 166.00
697.87, 164.00
698.17, 202.00
698.48, 157.00
698.79, 161.00
699.10, 160.00
699.41, 161.00
699.72, 157.00
700.03, 160.00
700.34, 162.00
700.65, 164.00
700.95, 155.00
701.26, 154.00
701.57, 160.00
701.88, 159.00
702.19, 177.00
702.50, 164.00
702.81, 154.00
703.11, 182.00
703.42, 161.00
703.73, 158.00
704.04, 169.00
704.35, 170.00
704.66, 193.00
704.96, 261.00
705.27, 314.00
705.58, 345.00
705.89, 316.00
706.20, 256.00
706.50, 239.00
706.81, 230.00
707.12, 210.00
707.43, 190.00
707.73, 182.00
708.04, 161.00
708.35, 162.00
708.66, 162.00
708.97, 158.00
709.27, 162.00
709.58, 163.00
709.89, 158.00
710.19, 153.00
710.50, 161.00
710.81, 154.00
711.12, 166.00
711.42, 158.00
711.73, 165.00
712.04, 157.00
712.35, 163.00
712.65, 163.00
712.96, 159.00
713.27, 160.00
713.57, 188.00
713.88, 179.00
714.19, 159.00
714.49, 155.00
714.80, 167.00
715.11, 158.00
715.41, 156.00
715.72, 160.00
716.03, 158.00
716.33, 162.00
716.64, 154.00
716.94, 159.00
717.25, 161.00
717.56, 164.00
717.86, 160.00
718.17, 147.00
718.48, 159.00
718.78, 158.00
719.09, 155.00
719.39, 157.00
719.70, 155.00
720.01, 159.00
720.31, 156.00
720.62, 161.00
720.92, 154.00
721.23, 156.00
721.53, 164.00
721.84, 158.00
722.15, 168.00
722.45, 159.00
722.76, 158.00
723.06, 161.00
723.37, 161.00
723.67, 165.00
723.98, 172.00
724.28, 164.00
724.59, 166.00
724.89, 171.00
725.20, 165.00
725.50, 171.00
725.81, 155.00
726.11, 162.00
726.42, 166.00
726.72, 170.00
727.03, 204.00
727.33, 169.00
727.64, 172.00
727.94, 161.00
728.25, 158.00
728.55, 155.00
728.86, 180.00
729.16, 157.00
729.46, 152.00
729.77, 166.00
730.07, 154.00
730.38, 156.00
730.68, 152.00
730.99, 163.00
731.29, 158.00
731.59, 156.00
731.90, 160.00
732.20, 159.00
732.51, 164.00
732.81, 158.00
733.11, 164.00
733.42, 161.00
733.72, 163.00
734.02, 162.00
734.33, 155.00
734.63, 159.00
734.94, 156.00
735.24, 157.00
735.54, 162.00
735.85, 157.00
736.15, 159.00
736.45, 155.00
736.76, 157.00
737.06, 155.00
737.36, 157.00
737.67, 153.00
737.97, 158.00
738.27, 155.00
738.57, 156.00
738.88, 152.00
739.18, 193.00
739.48, 158.00
739.79, 152.00
740.09, 158.00
740.39, 157.00
740.69, 164.00
741.00, 156.00
741.30, 166.00
741.60, 155.00
741.90, 155.00
742.21, 157.00
742.51, 206.00
742.81, 167.00
743.11, 160.00
743.42, 194.00
743.72, 166.00
744.02, 173.00
744.32, 177.00
744.63, 177.00
744.93, 182.00
745.23, 180.00
745.53, 188.00
745.83, 182.00
746.13, 179.00
746.44, 195.00
746.74, 186.00
747.04, 181.00
747.34, 180.00
747.64, 181.00
747.94, 180.00
748.25, 178.00
748.55, 187.00
748.85, 179.00
749.15, 192.00
749.45, 211.00
749.75, 205.00
750.05, 181.00
750.35, 171.00
750.66, 175.00
750.96, 164.00
751.26, 163.00
751.56, 159.00
751.86, 166.00
752.16, 158.00
752.46, 155.00
752.76, 156.00
753.06, 153.00
753.36, 202.00
753.66, 151.00
753.96, 159.00
754.27, 160.00
754.57, 157.00
754.87, 156.00
755.17, 158.00
755.47, 161.00
755.77, 164.00
756.07, 166.00
756.37, 161.00
756.67, 166.00
756.97, 162.00
757.27, 166.00
757.57, 168.00
757.87, 168.00
758.17, 166.00
758.47, 175.00
758.77, 176.00
759.07, 169.00
759.37, 166.00
759.67, 163.00
759.97, 170.00
760.27, 167.00
760.57, 166.00
760.86, 166.00
761.16, 167.00
761.46, 166.00
761.76, 193.00
762.06, 165.00
762.36, 172.00
762.66, 165.00
762.96, 159.00
763.26, 160.00
763.56, 184.00
763.86, 166.00
764.16, 152.00
764.45, 166.00
764.75, 160.00
765.05, 159.00
765.35, 150.00
765.65, 158.00
765.95, 149.00
766.25, 161.00
766.55, 164.00
766.84, 160.00
767.14, 163.00
767.44, 163.00
767.74, 161.00
768.04, 164.00
768.34, 154.00
768.63, 157.00
768.93, 171.00
769.23, 172.00
769.53, 161.00
769.83, 165.00
770.12, 166.00
770.42, 165.00
770.72, 167.00
771.02, 170.00
771.32, 166.00
771.61, 168.00
771.91, 173.00
772.21, 165.00
772.51, 169.00
772.80, 167.00
773.10, 171.00
773.40, 169.00
773.70, 168.00
773.99, 174.00
774.29, 172.00
774.59, 176.00
774.88, 177.00
775.18, 205.00
775.48, 420.00
775.78, 797.00
776.07, 1036.00
776.37, 1079.00
776.67, 856.00
776.96, 578.00
777.26, 494.00
777.56, 374.00
777.85, 337.00
778.15, 304.00
778.45, 287.00
778.74, 247.00
779.04, 212.00
779.34, 183.00
779.63, 175.00
779.93, 155.00
780.22, 152.00
780.52, 151.00
780.82, 150.00
781.11, 147.00
781.41, 151.00
781.71, 148.00
782.00, 149.00
782.30, 155.00
782.59, 156.00
782.89, 150.00
783.19, 154.00
783.48, 147.00
783.78, 154.00
784.07, 159.00
784.37, 149.00
784.66, 148.00
784.96, 145.00
785.25, 147.00
785.55, 148.00
785.84, 150.00
786.14, 154.00
786.44, 148.00
786.73, 151.00
787.03, 139.00
787.32, 143.00
787.62, 146.00
787.91, 148.00
788.21, 150.00
788.50, 153.00
788.80, 145.00
789.09, 150.00
789.39, 153.00
789.68, 145.00
789.97, 151.00
790.27, 150.00
790.56, 150.00
790.86, 158.00
791.15, 147.00
791.45, 141.00
791.74, 172.00
792.04, 146.00
792.33, 143.00
792.62, 175.00
792.92, 145.00
793.21, 145.00
793.51, 147.00
793.80, 142.00
794.09, 149.00
794.39, 145.00
794.68, 142.00
794.98, 143.00
795.27, 148.00
795.56, 143.00
795.86, 145.00
796.15, 144.00
796.44, 150.00
796.74, 149.00
797.03, 149.00
797.32, 145.00
797.62, 141.00
797.91, 158.00
798.20, 146.00
798.50, 153.00
798.79, 158.00
799.08, 144.00
799.38, 144.00
799.67, 147.00
799.96, 152.00
800.26, 169.00
800.55, 145.00
800.84, 151.00
801.13, 148.00
801.43, 146.00
801.72, 183.00
802.01, 148.00
802.30, 148.00
802.60, 147.00
802.89, 150.00
803.18, 149.00
803.47, 147.00
803.77, 154.00
804.06, 149.00
804.35, 154.00
804.64, 168.00
804.94, 146.00
805.23, 149.00
805.52, 150.00
805.81, 147.00
806.10, 148.00
806.39, 142.00
806.69, 147.00
806.98, 143.00
807.27, 142.00
807.56, 148.00
807.85, 145.00
808.14, 147.00
808.44, 156.00
808.73, 148.00
809.02, 166.00
809.31, 144.00
809.60, 152.00
809.89, 157.00
810.18, 144.00
810.48, 157.00
810.77, 140.00
811.06, 146.00
811.35, 146.00
811.64, 149.00
811.93, 170.00
812.22, 146.00
812.51, 145.00
812.80, 146.00
813.09, 141.00
813.38, 148.00
813.67, 164.00
813.96, 143.00
814.26, 143.00
814.55, 148.00
814.84, 146.00
815.13, 156.00
815.42, 144.00
815.71, 146.00
816.00, 142.00
816.29, 150.00
816.58, 150.00
816.87, 140.00
817.16, 144.00
817.45, 148.00
817.74, 148.00
818.03, 140.00
818.32, 145.00
818.61, 143.00
818.90, 147.00
819.19, 146.00
819.48, 145.00
819.76, 145.00
820.05, 143.00
820.34, 149.00
820.63, 140.00
820.92, 142.00
821.21, 144.00
821.50, 145.00
821.79, 142.00
822.08, 147.00
822.37, 152.00
822.66, 143.00
822.95, 143.00
823.23, 145.00
823.52, 167.00
823.81, 152.00
824.10, 143.00
824.39, 146.00
824.68, 142.00
824.97, 159.00
825.26, 143.00
825.54, 195.00
825.83, 145.00
826.12, 143.00
826.41, 145.00
826.70, 144.00
826.99, 145.00
827.27, 145.00
827.56, 166.00
827.85, 146.00
828.14, 139.00
828.43, 148.00
828.71, 147.00
829.00, 142.00
829.29, 145.00
829.58, 145.00
829.86, 141.00
830.15, 145.00
830.44, 140.00
830.73, 145.00
831.01, 143.00
831.30, 143.00
831.59, 142.00
831.88, 142.00
832.16, 141.00
832.45, 152.00
832.74, 141.00
833.03, 145.00
833.31, 144.00
833.60, 140.00
833.89, 144.00
834.17, 148.00
834.46, 142.00
834.75, 141.00
835.03, 146.00
835.32, 146.00
835.61, 146.00
835.89, 154.00
836.18, 141.00
836.47, 145.00
836.75, 139.00
837.04, 144.00
837.33, 144.00
837.61, 137.00
837.90, 139.00
838.19, 144.00
838.47, 145.00
838.76, 143.00
839.04, 142.00
839.33, 145.00
839.62, 138.00
839.90, 145.00
840.19, 143.00
840.47, 142.00
840.76, 167.00
841.04, 143.00
841.33, 148.00
841.62, 143.00
841.90, 145.00
842.19, 146.00
842.47, 302.00
842.76, 143.00
843.04, 152.00
843.33, 176.00
843.61, 175.00
843.90, 170.00
844.18, 166.00
844.47, 164.00
844.75, 166.00
845.04, 153.00
845.32, 153.00
845.61, 151.00
845.89, 150.00
846.18, 153.00
846.46, 145.00
846.75, 152.00
847.03, 157.00
847.32, 146.00
847.60, 141.00
847.88, 142.00
848.17, 149.00
848.45, 159.00
848.74, 146.00
849.02, 143.00
849.31, 139.00
849.59, 142.00
849.87, 143.00
850.16, 145.00
850.44, 146.00
850.73, 174.00
851.01, 151.00
851.29, 148.00
851.58, 149.00
851.86, 143.00
852.14, 147.00
852.43, 152.00
852.71, 150.00
853.00, 146.00
853.28, 147.00
853.56, 144.00
853.85, 146.00
854.13, 144.00
854.41, 140.00
854.69, 144.00
854.98, 143.00
855.26, 202.00
855.54, 146.00
855.83, 145.00
856.11, 149.00
856.39, 139.00
856.68, 144.00
856.96, 141.00
857.24, 144.00
857.52, 146.00
857.81, 142.00
858.09, 141.00
858.37, 146.00
858.65, 141.00
858.94, 140.00
859.22, 148.00
