190.05, 0.00
190.41, 130.00
190.77, 136.00
191.14, 135.00
191.50, 135.00
191.86, 156.00
192.22, 148.00
192.58, 150.00
192.94, 145.00
193.31, 144.00
193.67, 140.00
194.03, 153.00
194.39, 147.00
194.75, 139.00
195.11, 152.00
195.47, 161.00
195.84, 142.00
196.20, 143.00
196.56, 157.00
196.92, 138.00
197.28, 149.00
197.64, 141.00
198.00, 141.00
198.37, 148.00
198.73, 145.00
199.09, 142.00
199.45, 146.00
199.81, 150.00
200.17, 157.00
200.53, 146.00
200.89, 152.00
201.25, 186.00
201.62, 145.00
201.98, 144.00
202.34, 141.00
202.70, 148.00
203.06, 143.00
203.42, 142.00
203.78, 143.00
204.14, 146.00
204.50, 169.00
204.86, 158.00
205.22, 153.00
205.58, 146.00
205.95, 144.00
206.31, 147.00
206.67, 150.00
207.03, 148.00
207.39, 154.00
207.75, 146.00
208.11, 143.00
208.47, 143.00
208.83, 147.00
209.19, 145.00
209.55, 145.00
209.91, 146.00
210.27, 150.00
210.63, 144.00
210.99, 153.00
211.35, 148.00
211.71, 147.00
212.07, 144.00
212.43, 153.00
212.79, 147.00
213.15, 151.00
213.51, 146.00
213.87, 148.00
214.23, 146.00
214.59, 146.00
214.95, 143.00
215.31, 141.00
215.67, 149.00
216.03, 177.00
216.39, 147.00
216.75, 146.00
217.11, 151.00
217.47, 148.00
217.83, 138.00
218.19, 150.00
218.55, 148.00
218.91, 152.00
219.27, 141.00
219.63, 147.00
219.99, 145.00
220.35, 142.00
220.71, 149.00
221.07, 147.00
221.43, 148.00
221.79, 140.00
222.15, 146.00
222.51, 149.00
222.87, 143.00
223.23, 139.00
223.59, 145.00
223.95, 148.00
224.31, 144.00
224.67, 150.00
225.03, 152.00
225.39, 152.00
225.74, 154.00
226.10, 147.00
226.46, 145.00
226.82, 148.00
227.18, 146.00
227.54, 149.00
227.90, 147.00
228.26, 149.00
228.62, 151.00
228.98, 144.00
229.34, 143.00
229.69, 143.00
230.05, 148.00
230.41, 145.00
230.77, 150.00
231.13, 155.00
231.49, 147.00
231.85, 146.00
232.21, 152.00
232.57, 146.00
232.92, 146.00
233.28, 147.00
233.64, 152.00
234.00, 142.00
234.36, 143.00
234.72, 139.00
235.08, 146.00
235.44, 151.00
235.79, 143.00
236.15, 148.00
236.51, 148.00
236.87, 142.00
237.23, 147.00
237.59, 143.00
237.94, 149.00
238.30, 147.00
238.66, 138.00
239.02, 151.00
239.38, 147.00
239.74, 140.00
240.09, 154.00
240.45, 143.00
240.81, 145.00
241.17, 155.00
241.53, 146.00
241.89, 140.00
242.24, 144.00
242.60, 142.00
242.96, 148.00
243.32, 156.00
243.68, 141.00
244.03, 145.00
244.39, 151.00
244.75, 166.00
245.11, 150.00
245.46, 146.00
245.82, 171.00
246.18, 145.00
246.54, 144.00
246.90, 145.00
247.25, 141.00
247.61, 141.00
247.97, 187.00
248.33, 142.00
248.68, 142.00
249.04, 140.00
249.40, 145.00
249.76, 148.00
250.11, 144.00
250.47, 153.00
250.83, 149.00
251.19, 148.00
251.54, 153.00
251.90, 147.00
252.26, 146.00
252.62, 146.00
252.97, 146.00
253.33, 144.00
253.69, 143.00
254.05, 147.00
254.40, 143.00
254.76, 142.00
255.12, 170.00
255.47, 145.00
255.83, 151.00
256.19, 143.00
256.54, 144.00
256.90, 140.00
257.26, 142.00
257.62, 149.00
257.97, 140.00
258.33, 149.00
258.69, 142.00
259.04, 141.00
259.40, 142.00
259.76, 145.00
260.11, 148.00
260.47, 142.00
260.83, 146.00
261.18, 143.00
261.54, 149.00
261.90, 148.00
262.25, 143.00
262.61, 140.00
262.97, 139.00
263.32, 144.00
263.68, 139.00
264.04, 148.00
264.39, 138.00
264.75, 140.00
265.10, 143.00
265.46, 189.00
265.82, 156.00
266.17, 140.00
266.53, 141.00
266.89, 154.00
267.24, 158.00
267.60, 151.00
267.95, 143.00
268.31, 143.00
268.67, 141.00
269.02, 142.00
269.38, 139.00
269.74, 149.00
270.09, 142.00
270.45, 142.00
270.80, 169.00
271.16, 150.00
271.51, 149.00
271.87, 154.00
272.23, 151.00
272.58, 151.00
272.94, 140.00
273.29, 141.00
273.65, 190.00
274.00, 139.00
274.36, 148.00
274.72, 142.00
275.07, 140.00
275.43, 143.00
275.78, 142.00
276.14, 151.00
276.49, 148.00
276.85, 157.00
277.20, 169.00
277.56, 145.00
277.92, 143.00
278.27, 143.00
278.63, 154.00
278.98, 138.00
279.34, 146.00
279.69, 141.00
280.05, 163.00
280.40, 150.00
280.76, 166.00
281.11, 154.00
281.47, 146.00
281.82, 147.00
282.18, 149.00
282.53, 159.00
282.89, 162.00
283.24, 162.00
283.60, 156.00
283.95, 158.00
284.31, 160.00
284.66, 171.00
285.02, 171.00
285.37, 165.00
285.73, 167.00
286.08, 168.00
286.44, 158.00
286.79, 159.00
287.14, 165.00
287.50, 154.00
287.85, 151.00
288.21, 157.00
288.56, 151.00
288.92, 159.00
289.27, 155.00
289.63, 154.00
289.98, 159.00
290.34, 158.00
290.69, 163.00
291.04, 151.00
291.40, 146.00
291.75, 144.00
292.11, 153.00
292.46, 151.00
292.81, 162.00
293.17, 154.00
293.52, 154.00
293.88, 161.00
294.23, 167.00
294.59, 172.00
294.94, 188.00
295.29, 192.00
295.65, 206.00
296.00, 221.00
296.36, 196.00
296.71, 188.00
297.06, 191.00
297.42, 196.00
297.77, 194.00
298.12, 188.00
298.48, 177.00
298.83, 177.00
299.19, 180.00
299.54, 182.00
299.89, 179.00
300.25, 181.00
300.60, 180.00
300.95, 170.00
301.31, 160.00
301.66, 158.00
302.01, 165.00
302.37, 158.00
302.72, 164.00
303.07, 159.00
303.43, 173.00
303.78, 168.00
304.13, 175.00
304.49, 177.00
304.84, 183.00
305.19, 217.00
305.55, 177.00
305.90, 182.00
306.25, 224.00
306.61, 276.00
306.96, 322.00
307.31, 405.00
307.66, 567.00
308.02, 721.00
308.37, 853.00
308.72, 941.00
309.08, 958.00
309.43, 904.00
309.78, 786.00
310.13, 690.00
310.49, 600.00
310.84, 494.00
311.19, 439.00
311.54, 399.00
311.90, 348.00
312.25, 325.00
312.60, 339.00
312.95, 399.00
313.31, 453.00
313.66, 448.00
314.01, 437.00
314.36, 444.00
314.72, 509.00
315.07, 657.00
315.42, 800.00
315.77, 857.00
316.13, 687.00
316.48, 484.00
316.83, 322.00
317.18, 253.00
317.54, 210.00
317.89, 175.00
318.24, 176.00
318.59, 174.00
318.94, 175.00
319.30, 174.00
319.65, 184.00
320.00, 174.00
320.35, 184.00
320.70, 184.00
321.05, 179.00
321.41, 177.00
321.76, 177.00
322.11, 170.00
322.46, 169.00
322.81, 209.00
323.17, 179.00
323.52, 170.00
323.87, 170.00
324.22, 170.00
324.57, 178.00
324.92, 178.00
325.27, 176.00
325.63, 190.00
325.98, 190.00
326.33, 204.00
326.68, 192.00
327.03, 201.00
327.38, 200.00
327.73, 214.00
328.09, 227.00
328.44, 243.00
328.79, 221.00
329.14, 246.00
329.49, 214.00
329.84, 204.00
330.19, 217.00
330.54, 213.00
330.89, 207.00
331.25, 192.00
331.60, 192.00
331.95, 186.00
332.30, 189.00
332.65, 201.00
333.00, 219.00
333.35, 274.00
333.70, 278.00
334.05, 243.00
334.40, 277.00
334.75, 307.00
335.10, 417.00
335.45, 593.00
335.81, 834.00
336.16, 1270.00
336.51, 1776.00
336.86, 1863.00
337.21, 1623.00
337.56, 1016.00
337.91, 601.00
338.26, 369.00
338.61, 264.00
338.96, 218.00
339.31, 202.00
339.66, 197.00
340.01, 186.00
340.36, 179.00
340.71, 186.00
341.06, 175.00
341.41, 174.00
341.76, 175.00
342.11, 180.00
342.46, 170.00
342.81, 177.00
343.16, 172.00
343.51, 178.00
343.86, 178.00
344.21, 180.00
344.56, 182.00
344.91, 176.00
345.26, 184.00
345.61, 181.00
345.96, 178.00
346.31, 172.00
346.66, 200.00
347.01, 170.00
347.36, 197.00
347.71, 172.00
348.06, 176.00
348.41, 192.00
348.76, 209.00
349.10, 205.00
349.45, 224.00
349.80, 222.00
350.15, 220.00
350.50, 211.00
350.85, 217.00
351.20, 224.00
351.55, 265.00
351.90, 313.00
352.25, 391.00
352.60, 501.00
352.95, 654.00
353.30, 683.00
353.64, 622.00
353.99, 487.00
354.34, 405.00
354.69, 370.00
355.04, 390.00
355.39, 468.00
355.74, 598.00
356.09, 769.00
356.44, 951.00
356.78, 1290.00
357.13, 1481.00
357.48, 1444.00
357.83, 1093.00
358.18, 709.00
358.53, 460.00
358.88, 292.00
359.22, 226.00
359.57, 194.00
359.92, 189.00
360.27, 184.00
360.62, 188.00
360.97, 189.00
361.32, 186.00
361.66, 185.00
362.01, 188.00
362.36, 188.00
362.71, 188.00
363.06, 193.00
363.40, 198.00
363.75, 201.00
364.10, 199.00
364.45, 196.00
364.80, 191.00
365.14, 193.00
365.49, 196.00
365.84, 196.00
366.19, 204.00
366.54, 220.00
366.88, 230.00
367.23, 202.00
367.58, 242.00
367.93, 184.00
368.28, 190.00
368.62, 190.00
368.97, 210.00
369.32, 218.00
369.67, 235.00
370.01, 287.00
370.36, 299.00
370.71, 326.00
371.06, 282.00
371.40, 259.00
371.75, 209.00
372.10, 205.00
372.45, 199.00
372.79, 213.00
373.14, 236.00
373.49, 278.00
373.83, 341.00
374.18, 411.00
374.53, 510.00
374.88, 570.00
375.22, 584.00
375.57, 471.00
375.92, 362.00
376.26, 281.00
376.61, 227.00
376.96, 211.00
377.30, 213.00
377.65, 237.00
378.00, 255.00
378.35, 314.00
378.69, 397.00
379.04, 473.00
379.39, 635.00
379.73, 759.00
380.08, 752.00
380.43, 598.00
380.77, 431.00
381.12, 354.00
381.47, 280.00
381.81, 230.00
382.16, 201.00
382.50, 202.00
382.85, 271.00
383.20, 199.00
383.54, 206.00
383.89, 214.00
384.24, 223.00
384.58, 226.00
384.93, 254.00
385.27, 252.00
385.62, 251.00
385.97, 252.00
386.31, 244.00
386.66, 268.00
387.00, 246.00
387.35, 263.00
387.70, 284.00
388.04, 391.00
388.39, 395.00
388.73, 495.00
389.08, 612.00
389.43, 714.00
389.77, 886.00
390.12, 1071.00
390.46, 1492.00
390.81, 1673.00
391.15, 1593.00
391.50, 1220.00
391.85, 760.00
392.19, 532.00
392.54, 377.00
392.88, 282.00
393.23, 298.00
393.57, 292.00
393.92, 291.00
394.26, 259.00
394.61, 226.00
394.95, 213.00
395.30, 186.00
395.64, 186.00
395.99, 225.00
396.33, 195.00
396.68, 198.00
397.02, 209.00
397.37, 222.00
397.71, 246.00
398.06, 267.00
398.40, 315.00
398.75, 362.00
399.09, 392.00
399.44, 404.00
399.78, 341.00
400.13, 274.00
400.47, 215.00
400.82, 204.00
401.16, 186.00
401.51, 196.00
401.85, 184.00
402.20, 199.00
402.54, 195.00
402.88, 204.00
403.23, 213.00
403.57, 224.00
403.92, 247.00
404.26, 334.00
404.61, 314.00
404.95, 402.00
405.30, 373.00
405.64, 344.00
405.98, 315.00
406.33, 259.00
406.67, 218.00
407.02, 198.00
407.36, 204.00
407.70, 206.00
408.05, 204.00
408.39, 217.00
408.74, 223.00
409.08, 232.00
409.42, 213.00
409.77, 212.00
410.11, 205.00
410.46, 202.00
410.80, 207.00
411.14, 219.00
411.49, 224.00
411.83, 235.00
412.17, 230.00
412.52, 243.00
412.86, 248.00
413.20, 255.00
413.55, 251.00
413.89, 242.00
414.23, 221.00
414.58, 251.00
414.92, 197.00
415.26, 196.00
415.61, 197.00
415.95, 205.00
416.29, 205.00
416.64, 204.00
416.98, 210.00
417.32, 217.00
417.67, 246.00
418.01, 258.00
418.35, 270.00
418.70, 299.00
419.04, 345.00
419.38, 331.00
419.72, 325.00
420.07, 281.00
420.41, 237.00
420.75, 217.00
421.10, 208.00
421.44, 201.00
421.78, 204.00
422.12, 200.00
422.47, 213.00
422.81, 229.00
423.15, 234.00
423.49, 229.00
423.84, 233.00
424.18, 249.00
424.52, 257.00
424.86, 294.00
425.21, 370.00
425.55, 396.00
425.89, 481.00
426.23, 556.00
426.57, 675.00
426.92, 735.00
427.26, 768.00
427.60, 643.00
427.94, 456.00
428.28, 337.00
428.63, 276.00
428.97, 226.00
429.31, 209.00
429.65, 189.00
429.99, 186.00
430.34, 183.00
430.68, 186.00
431.02, 195.00
431.36, 181.00
431.70, 191.00
432.04, 209.00
432.39, 207.00
432.73, 221.00
433.07, 230.00
433.41, 241.00
433.75, 248.00
434.09, 237.00
434.43, 223.00
434.78, 210.00
435.12, 209.00
435.46, 216.00
435.80, 215.00
436.14, 229.00
436.48, 215.00
436.82, 231.00
437.16, 219.00
437.51, 206.00
437.85, 209.00
438.19, 241.00
438.53, 207.00
438.87, 219.00
439.21, 215.00
439.55, 229.00
439.89, 231.00
440.23, 242.00
440.57, 243.00
440.91, 246.00
441.26, 240.00
441.60, 220.00
441.94, 216.00
442.28, 213.00
442.62, 212.00
442.96, 205.00
443.30, 211.00
443.64, 206.00
443.98, 201.00
444.32, 201.00
444.66, 192.00
445.00, 194.00
445.34, 208.00
445.68, 206.00
446.02, 208.00
446.36, 198.00
446.70, 204.00
447.04, 208.00
447.38, 229.00
447.72, 214.00
448.06, 224.00
448.40, 214.00
448.74, 217.00
449.08, 204.00
449.42, 197.00
449.76, 198.00
450.10, 190.00
450.44, 191.00
450.78, 199.00
451.12, 202.00
451.46, 195.00
451.80, 203.00
452.14, 186.00
452.48, 196.00
452.82, 192.00
453.16, 190.00
453.50, 195.00
453.84, 184.00
454.18, 234.00
454.52, 206.00
454.86, 207.00
455.19, 222.00
455.53, 210.00
455.87, 211.00
456.21, 226.00
456.55, 224.00
456.89, 214.00
457.23, 214.00
457.57, 217.00
457.91, 222.00
458.25, 216.00
458.59, 230.00
458.92, 241.00
459.26, 234.00
459.60, 242.00
459.94, 228.00
460.28, 202.00
460.62, 203.00
460.96, 190.00
461.30, 186.00
461.63, 195.00
461.97, 189.00
462.31, 196.00
462.65, 200.00
462.99, 211.00
463.33, 210.00
463.67, 206.00
464.00, 219.00
464.34, 219.00
464.68, 219.00
465.02, 240.00
465.36, 224.00
465.70, 213.00
466.03, 219.00
466.37, 216.00
466.71, 217.00
467.05, 223.00
467.39, 244.00
467.72, 251.00
468.06, 262.00
468.40, 274.00
468.74, 278.00
469.08, 288.00
469.41, 311.00
469.75, 330.00
470.09, 357.00
470.43, 353.00
470.76, 306.00
471.10, 290.00
471.44, 279.00
471.78, 248.00
472.11, 246.00
472.45, 242.00
472.79, 235.00
473.13, 227.00
473.46, 230.00
473.80, 222.00
474.14, 221.00
474.48, 223.00
474.81, 221.00
475.15, 213.00
475.49, 227.00
475.82, 223.00
476.16, 216.00
476.50, 215.00
476.84, 217.00
477.17, 216.00
477.51, 213.00
477.85, 213.00
478.18, 227.00
478.52, 211.00
478.86, 272.00
479.19, 225.00
479.53, 208.00
479.87, 259.00
480.20, 228.00
480.54, 228.00
480.88, 216.00
481.21, 213.00
481.55, 218.00
481.89, 206.00
482.22, 216.00
482.56, 229.00
482.90, 219.00
483.23, 212.00
483.57, 212.00
483.90, 211.00
484.24, 211.00
484.58, 219.00
484.91, 214.00
485.25, 220.00
485.58, 216.00
485.92, 223.00
486.26, 224.00
486.59, 221.00
486.93, 228.00
487.26, 232.00
487.60, 231.00
487.94, 225.00
488.27, 231.00
488.61, 227.00
488.94, 222.00
489.28, 218.00
489.61, 221.00
489.95, 225.00
490.29, 233.00
490.62, 241.00
490.96, 221.00
491.29, 233.00
491.63, 221.00
491.96, 220.00
492.30, 226.00
492.63, 228.00
492.97, 216.00
493.30, 220.00
493.64, 217.00
493.97, 224.00
494.31, 225.00
494.64, 232.00
494.98, 234.00
495.31, 232.00
495.65, 226.00
495.98, 232.00
496.32, 229.00
496.65, 249.00
496.99, 223.00
497.32, 212.00
497.66, 211.00
497.99, 211.00
498.33, 211.00
498.66, 213.00
499.00, 210.00
499.33, 206.00
499.67, 211.00
500.00, 219.00
500.34, 234.00
500.67, 236.00
501.00, 227.00
501.34, 230.00
501.67, 215.00
502.01, 225.00
502.34, 218.00
502.68, 231.00
503.01, 247.00
503.34, 242.00
503.68, 232.00
504.01, 233.00
504.35, 243.00
504.68, 243.00
505.01, 236.00
505.35, 240.00
505.68, 236.00
506.02, 242.00
506.35, 249.00
506.68, 254.00
507.02, 250.00
507.35, 238.00
507.68, 246.00
508.02, 239.00
508.35, 243.00
508.69, 230.00
509.02, 232.00
509.35, 227.00
509.69, 231.00
510.02, 232.00
510.35, 231.00
510.69, 229.00
511.02, 228.00
511.35, 219.00
511.69, 226.00
512.02, 219.00
512.35, 225.00
512.68, 222.00
513.02, 219.00
513.35, 217.00
513.68, 226.00
514.02, 222.00
514.35, 216.00
514.68, 228.00
515.01, 225.00
515.35, 223.00
515.68, 220.00
516.01, 209.00
516.35, 219.00
516.68, 212.00
517.01, 213.00
517.34, 223.00
517.68, 214.00
518.01, 221.00
518.34, 207.00
518.67, 211.00
519.01, 216.00
519.34, 228.00
519.67, 231.00
520.00, 223.00
520.33, 227.00
520.67, 225.00
521.00, 224.00
521.33, 232.00
521.66, 237.00
522.00, 236.00
522.33, 234.00
522.66, 229.00
522.99, 220.00
523.32, 227.00
523.65, 223.00
523.99, 222.00
524.32, 226.00
524.65, 226.00
524.98, 228.00
525.31, 221.00
525.65, 257.00
525.98, 222.00
526.31, 220.00
526.64, 225.00
526.97, 220.00
527.30, 215.00
527.63, 213.00
527.97, 212.00
528.30, 211.00
528.63, 222.00
528.96, 237.00
529.29, 209.00
529.62, 218.00
529.95, 202.00
530.28, 205.00
530.61, 205.00
530.95, 211.00
531.28, 211.00
531.61, 217.00
531.94, 225.00
532.27, 223.00
532.60, 222.00
532.93, 222.00
533.26, 204.00
533.59, 213.00
533.92, 215.00
534.25, 209.00
534.58, 244.00
534.91, 206.00
535.25, 205.00
535.58, 205.00
535.91, 205.00
536.24, 205.00
536.57, 211.00
536.90, 199.00
537.23, 198.00
537.56, 249.00
537.89, 203.00
538.22, 196.00
538.55, 194.00
538.88, 205.00
539.21, 315.00
539.54, 200.00
539.87, 199.00
540.20, 205.00
540.53, 193.00
540.86, 224.00
541.19, 197.00
541.52, 204.00
541.85, 205.00
542.18, 217.00
542.51, 224.00
542.84, 215.00
543.17, 218.00
543.50, 215.00
543.82, 205.00
544.15, 215.00
544.48, 211.00
544.81, 209.00
545.14, 233.00
545.47, 206.00
545.80, 247.00
546.13, 206.00
546.46, 249.00
546.79, 229.00
547.12, 200.00
547.45, 206.00
547.78, 212.00
548.10, 207.00
548.43, 201.00
548.76, 198.00
549.09, 201.00
549.42, 196.00
549.75, 207.00
550.08, 200.00
550.41, 204.00
550.74, 216.00
551.06, 207.00
551.39, 211.00
551.72, 206.00
552.05, 200.00
552.38, 192.00
552.71, 205.00
553.03, 209.00
553.36, 200.00
553.69, 212.00
554.02, 214.00
554.35, 215.00
554.68, 211.00
555.00, 211.00
555.33, 205.00
555.66, 213.00
555.99, 230.00
556.32, 214.00
556.64, 217.00
556.97, 225.00
557.30, 231.00
557.63, 233.00
557.96, 228.00
558.28, 237.00
558.61, 227.00
558.94, 233.00
559.27, 229.00
559.59, 224.00
559.92, 221.00
560.25, 219.00
560.58, 213.00
560.90, 224.00
561.23, 224.00
561.56, 221.00
561.89, 218.00
562.21, 214.00
562.54, 207.00
562.87, 197.00
563.20, 205.00
563.52, 198.00
563.85, 203.00
564.18, 222.00
564.50, 198.00
564.83, 220.00
565.16, 258.00
565.48, 184.00
565.81, 194.00
566.14, 188.00
566.47, 189.00
566.79, 192.00
567.12, 189.00
567.45, 221.00
567.77, 196.00
568.10, 192.00
568.43, 198.00
568.75, 189.00
569.08, 191.00
569.40, 228.00
569.73, 193.00
570.06, 185.00
570.38, 192.00
570.71, 192.00
571.04, 196.00
571.36, 197.00
571.69, 196.00
572.01, 193.00
572.34, 191.00
572.67, 196.00
572.99, 191.00
573.32, 210.00
573.64, 189.00
573.97, 189.00
574.30, 194.00
574.62, 187.00
574.95, 191.00
575.27, 195.00
575.60, 191.00
575.92, 188.00
576.25, 193.00
576.58, 197.00
576.90, 191.00
577.23, 226.00
577.55, 188.00
577.88, 192.00
578.20, 192.00
578.53, 189.00
578.85, 208.00
579.18, 202.00
579.50, 193.00
579.83, 186.00
580.15, 197.00
580.48, 192.00
580.80, 190.00
581.13, 193.00
581.45, 193.00
581.78, 190.00
582.10, 199.00
582.43, 199.00
582.75, 192.00
583.08, 189.00
583.40, 190.00
583.73, 261.00
584.05, 204.00
584.38, 192.00
584.70, 243.00
585.03, 199.00
585.35, 197.00
585.67, 201.00
586.00, 218.00
586.32, 238.00
586.65, 248.00
586.97, 243.00
587.30, 239.00
587.62, 221.00
587.94, 229.00
588.27, 208.00
588.59, 201.00
588.92, 202.00
589.24, 203.00
589.56, 205.00
589.89, 211.00
590.21, 197.00
590.54, 193.00
590.86, 197.00
591.18, 201.00
591.51, 200.00
591.83, 209.00
592.15, 201.00
592.48, 200.00
592.80, 216.00
593.13, 209.00
593.45, 209.00
593.77, 211.00
594.10, 218.00
594.42, 226.00
594.74, 225.00
595.07, 218.00
595.39, 219.00
595.71, 227.00
596.03, 233.00
596.36, 235.00
596.68, 228.00
597.00, 235.00
597.33, 241.00
597.65, 241.00
597.97, 243.00
598.30, 236.00
598.62, 228.00
598.94, 237.00
599.26, 228.00
599.59, 235.00
599.91, 234.00
600.23, 229.00
600.55, 229.00
600.88, 219.00
601.20, 218.00
601.52, 211.00
601.84, 208.00
602.17, 204.00
602.49, 199.00
602.81, 200.00
603.13, 203.00
603.45, 201.00
603.78, 194.00
604.10, 188.00
604.42, 192.00
604.74, 191.00
605.07, 192.00
605.39, 186.00
605.71, 191.00
606.03, 189.00
606.35, 189.00
606.67, 196.00
607.00, 194.00
607.32, 182.00
607.64, 188.00
607.96, 178.00
608.28, 185.00
608.60, 182.00
608.93, 181.00
609.25, 191.00
609.57, 179.00
609.89, 187.00
610.21, 178.00
610.53, 177.00
610.85, 183.00
611.17, 183.00
611.50, 179.00
611.82, 176.00
612.14, 175.00
612.46, 177.00
612.78, 179.00
613.10, 185.00
613.42, 181.00
613.74, 187.00
614.06, 228.00
614.38, 222.00
614.70, 222.00
615.03, 225.00
615.35, 209.00
615.67, 315.00
615.99, 194.00
616.31, 198.00
616.63, 194.00
616.95, 179.00
617.27, 187.00
617.59, 180.00
617.91, 179.00
618.23, 184.00
618.55, 172.00
618.87, 169.00
619.19, 173.00
619.51, 169.00
619.83, 168.00
620.15, 163.00
620.47, 177.00
620.79, 170.00
621.11, 177.00
621.43, 176.00
621.75, 183.00
622.07, 178.00
622.39, 171.00
622.71, 175.00
623.03, 172.00
623.35, 210.00
623.67, 176.00
623.99, 171.00
624.31, 176.00
624.63, 179.00
624.95, 174.00
625.26, 175.00
625.58, 174.00
625.90, 194.00
626.22, 174.00
626.54, 173.00
626.86, 177.00
627.18, 177.00
627.50, 182.00
627.82, 173.00
628.14, 178.00
628.46, 180.00
628.77, 178.00
629.09, 186.00
629.41, 185.00
629.73, 181.00
630.05, 195.00
630.37, 187.00
630.69, 192.00
631.00, 195.00
631.32, 187.00
631.64, 192.00
631.96, 189.00
632.28, 184.00
632.60, 190.00
632.92, 192.00
633.23, 194.00
633.55, 206.00
633.87, 200.00
634.19, 200.00
634.51, 206.00
634.82, 220.00
635.14, 222.00
635.46, 211.00
635.78, 216.00
636.10, 214.00
636.41, 219.00
636.73, 220.00
637.05, 214.00
637.37, 220.00
637.68, 212.00
638.00, 217.00
638.32, 222.00
638.64, 231.00
638.95, 248.00
639.27, 232.00
639.59, 232.00
639.91, 218.00
640.22, 212.00
640.54, 219.00
640.86, 203.00
641.18, 217.00
641.49, 224.00
641.81, 213.00
642.13, 204.00
642.44, 203.00
642.76, 199.00
643.08, 201.00
643.40, 197.00
643.71, 208.00
644.03, 213.00
644.35, 215.00
644.66, 218.00
644.98, 212.00
645.30, 205.00
645.61, 219.00
645.93, 200.00
646.25, 200.00
646.56, 201.00
646.88, 229.00
647.19, 192.00
647.51, 199.00
647.83, 180.00
648.14, 185.00
648.46, 180.00
648.78, 196.00
649.09, 194.00
649.41, 237.00
649.72, 201.00
650.04, 210.00
650.36, 208.00
650.67, 210.00
650.99, 212.00
651.30, 216.00
651.62, 211.00
651.93, 219.00
652.25, 231.00
652.57, 259.00
652.88, 215.00
653.20, 224.00
653.51, 209.00
653.83, 210.00
654.14, 202.00
654.46, 196.00
654.77, 191.00
655.09, 201.00
655.40, 214.00
655.72, 194.00
656.04, 191.00
656.35, 196.00
656.67, 191.00
656.98, 199.00
657.30, 200.00
657.61, 204.00
657.93, 202.00
658.24, 208.00
658.55, 249.00
658.87, 205.00
659.18, 204.00
659.50, 211.00
659.81, 214.00
660.13, 210.00
660.44, 203.00
660.76, 204.00
661.07, 221.00
661.39, 200.00
661.70, 200.00
662.01, 192.00
662.33, 190.00
662.64, 189.00
662.96, 179.00
663.27, 183.00
663.59, 181.00
663.90, 173.00
664.21, 180.00
664.53, 200.00
664.84, 185.00
665.16, 206.00
665.47, 177.00
665.78, 187.00
666.10, 194.00
666.41, 200.00
666.72, 203.00
667.04, 209.00
667.35, 198.00
667.67, 197.00
667.98, 199.00
668.29, 197.00
668.61, 192.00
668.92, 186.00
669.23, 191.00
669.55, 190.00
669.86, 217.00
670.17, 184.00
670.48, 180.00
670.80, 179.00
671.11, 180.00
671.42, 177.00
671.74, 184.00
672.05, 184.00
672.36, 186.00
672.68, 183.00
672.99, 183.00
673.30, 190.00
673.61, 192.00
673.93, 199.00
674.24, 200.00
674.55, 204.00
674.86, 207.00
675.18, 213.00
675.49, 210.00
675.80, 206.00
676.11, 200.00
676.43, 213.00
676.74, 210.00
677.05, 209.00
677.36, 221.00
677.67, 207.00
677.99, 197.00
678.30, 201.00
678.61, 199.00
678.92, 184.00
679.23, 187.00
679.55, 184.00
679.86, 183.00
680.17, 180.00
680.48, 184.00
680.79, 186.00
681.10, 169.00
681.42, 182.00
681.73, 173.00
682.04, 168.00
682.35, 177.00
682.66, 178.00
682.97, 171.00
683.28, 179.00
683.60, 176.00
683.91, 178.00
684.22, 189.00
684.53, 170.00
684.84, 167.00
685.15, 172.00
685.46, 193.00
685.77, 165.00
686.08, 170.00
686.40, 210.00
686.71, 167.00
687.02, 165.00
687.33, 165.00
687.64, 161.00
687.95, 163.00
688.26, 159.00
688.57, 155.00
688.88, 162.00
689.19, 157.00
689.50, 157.00
689.81, 160.00
690.12, 157.00
690.43, 179.00
690.74, 159.00
691.05, 161.00
691.36, 174.00
691.67, 160.00
691.98, 165.00
692.29, 160.00
692.60, 160.00
692.91, 157.00
693.22, 159.00
693.53, 157.00
693.84, 160.00
694.15, 159.00
694.46, 161.00
694.77, 160.00
695.08, 162.00
695.39, 165.00
695.70, 156.00
696.01, 155.00
696.32, 159.00
696.63, 155.00
696.94, 165.00
697.25, 149.00
697.56, 165.00
697.87, 160.00
698.17, 200.00
698.48, 159.00
698.79, 157.00
699.10, 159.00
699.41, 159.00
699.72, 157.00
700.03, 163.00
700.34, 156.00
700.65, 159.00
700.95, 162.00
701.26, 153.00
701.57, 163.00
701.88, 156.00
702.19, 174.00
702.50, 166.00
702.81, 161.00
703.11, 184.00
703.42, 162.00
703.73, 166.00
704.04, 168.00
704.35, 175.00
704.66, 193.00
704.96, 265.00
705.27, 327.00
705.58, 351.00
705.89, 317.00
706.20, 267.00
706.50, 252.00
706.81, 232.00
707.12, 206.00
707.43, 190.00
707.73, 184.00
708.04, 177.00
708.35, 168.00
708.66, 159.00
708.97, 168.00
709.27, 159.00
709.58, 154.00
709.89, 160.00
710.19, 159.00
710.50, 161.00
710.81, 156.00
711.12, 162.00
711.42, 160.00
711.73, 164.00
712.04, 162.00
712.35, 158.00
712.65, 164.00
712.96, 165.00
713.27, 164.00
713.57, 188.00
713.88, 182.00
714.19, 161.00
714.49, 164.00
714.80, 160.00
715.11, 162.00
715.41, 160.00
715.72, 156.00
716.03, 154.00
716.33, 167.00
716.64, 155.00
716.94, 160.00
717.25, 156.00
717.56, 169.00
717.86, 161.00
718.17, 153.00
718.48, 152.00
718.78, 157.00
719.09, 151.00
719.39, 149.00
719.70, 155.00
720.01, 161.00
720.31, 154.00
720.62, 150.00
720.92, 166.00
721.23, 161.00
721.53, 162.00
721.84, 165.00
722.15, 165.00
722.45, 168.00
722.76, 159.00
723.06, 168.00
723.37, 163.00
723.67, 160.00
723.98, 161.00
724.28, 169.00
724.59, 168.00
724.89, 167.00
725.20, 164.00
725.50, 170.00
725.81, 162.00
726.11, 163.00
726.42, 167.00
726.72, 172.00
727.03, 202.00
727.33, 168.00
727.64, 173.00
727.94, 162.00
728.25, 157.00
728.55, 155.00
728.86, 181.00
729.16, 153.00
729.46, 156.00
729.77, 158.00
730.07, 157.00
730.38, 153.00
730.68, 154.00
730.99, 163.00
731.29, 152.00
731.59, 158.00
731.90, 153.00
732.20, 158.00
732.51, 159.00
732.81, 154.00
733.11, 164.00
733.42, 151.00
733.72, 165.00
734.02, 164.00
734.33, 162.00
734.63, 166.00
734.94, 160.00
735.24, 159.00
735.54, 162.00
735.85, 159.00
736.15, 161.00
736.45, 159.00
736.76, 160.00
737.06, 158.00
737.36, 158.00
737.67, 159.00
737.97, 154.00
738.27, 156.00
738.57, 154.00
738.88, 159.00
739.18, 196.00
739.48, 159.00
739.79, 153.00
740.09, 155.00
740.39, 154.00
740.69, 165.00
741.00, 151.00
741.30, 166.00
741.60, 154.00
741.90, 155.00
742.21, 155.00
742.51, 206.00
742.81, 161.00
743.11, 160.00
743.42, 192.00
743.72, 164.00
744.02, 175.00
744.32, 175.00
744.63, 180.00
744.93, 179.00
745.23, 183.00
745.53, 181.00
745.83, 178.00
746.13, 180.00
746.44, 175.00
746.74, 182.00
747.04, 177.00
747.34, 179.00
747.64, 176.00
747.94, 177.00
748.25, 183.00
748.55, 182.00
748.85, 181.00
749.15, 188.00
749.45, 210.00
749.75, 198.00
750.05, 174.00
750.35, 172.00
750.66, 179.00
750.96, 170.00
751.26, 160.00
751.56, 157.00
751.86, 160.00
752.16, 155.00
752.46, 152.00
752.76, 151.00
753.06, 155.00
753.36, 191.00
753.66, 155.00
753.96, 161.00
754.27, 158.00
754.57, 156.00
754.87, 154.00
755.17, 158.00
755.47, 160.00
755.77, 158.00
756.07, 160.00
756.37, 161.00
756.67, 170.00
756.97, 166.00
757.27, 174.00
757.57, 167.00
757.87, 168.00
758.17, 167.00
758.47, 171.00
758.77, 172.00
759.07, 165.00
759.37, 166.00
759.67, 169.00
759.97, 173.00
760.27, 162.00
760.57, 164.00
760.86, 168.00
761.16, 166.00
761.46, 163.00
761.76, 188.00
762.06, 156.00
762.36, 164.00
762.66, 163.00
762.96, 156.00
763.26, 162.00
763.56, 184.00
763.86, 165.00
764.16, 159.00
764.45, 167.00
764.75, 162.00
765.05, 160.00
765.35, 153.00
765.65, 156.00
765.95, 151.00
766.25, 157.00
766.55, 164.00
766.84, 160.00
767.14, 158.00
767.44, 160.00
767.74, 163.00
768.04, 167.00
768.34, 161.00
768.63, 160.00
768.93, 162.00
769.23, 163.00
769.53, 161.00
769.83, 165.00
770.12, 168.00
770.42, 173.00
770.72, 166.00
771.02, 167.00
771.32, 166.00
771.61, 164.00
771.91, 171.00
772.21, 162.00
772.51, 163.00
772.80, 167.00
773.10, 169.00
773.40, 167.00
773.70, 169.00
773.99, 165.00
774.29, 172.00
774.59, 173.00
774.88, 168.00
775.18, 210.00
775.48, 432.00
775.78, 793.00
776.07, 1030.00
776.37, 1076.00
776.67, 853.00
776.96, 559.00
777.26, 492.00
777.56, 373.00
777.85, 340.00
778.15, 306.00
778.45, 283.00
778.74, 247.00
779.04, 217.00
779.34, 182.00
779.63, 173.00
779.93, 151.00
780.22, 152.00
780.52, 160.00
780.82, 146.00
781.11, 146.00
781.41, 146.00
781.71, 155.00
782.00, 147.00
782.30, 153.00
782.59, 157.00
782.89, 150.00
783.19, 149.00
783.48, 146.00
783.78, 148.00
784.07, 156.00
784.37, 155.00
784.66, 149.00
784.96, 148.00
785.25, 146.00
785.55, 152.00
785.84, 151.00
786.14, 148.00
786.44, 145.00
786.73, 150.00
787.03, 149.00
787.32, 150.00
787.62, 146.00
787.91, 146.00
788.21, 150.00
788.50, 144.00
788.80, 144.00
789.09, 148.00
789.39, 151.00
789.68, 145.00
789.97, 154.00
790.27, 148.00
790.56, 149.00
790.86, 158.00
791.15, 146.00
791.45, 145.00
791.74, 169.00
792.04, 148.00
792.33, 147.00
792.62, 171.00
792.92, 148.00
793.21, 149.00
793.51, 150.00
793.80, 143.00
794.09, 143.00
794.39, 144.00
794.68, 147.00
794.98, 148.00
795.27, 144.00
795.56, 146.00
795.86, 144.00
796.15, 141.00
796.44, 152.00
796.74, 143.00
797.03, 148.00
797.32, 148.00
797.62, 147.00
797.91, 158.00
798.20, 143.00
798.50, 153.00
798.79, 152.00
799.08, 149.00
799.38, 149.00
799.67, 149.00
799.96, 160.00
800.26, 176.00
800.55, 146.00
800.84, 148.00
801.13, 148.00
801.43, 145.00
801.72, 189.00
802.01, 154.00
802.30, 145.00
802.60, 146.00
802.89, 145.00
803.18, 147.00
803.47, 143.00
803.77, 151.00
804.06, 149.00
804.35, 152.00
804.64, 169.00
804.94, 151.00
805.23, 148.00
805.52, 151.00
805.81, 149.00
806.10, 149.00
806.39, 149.00
806.69, 151.00
806.98, 150.00
807.27, 150.00
807.56, 154.00
807.85, 146.00
808.14, 146.00
808.44, 155.00
808.73, 151.00
809.02, 165.00
809.31, 155.00
809.60, 151.00
809.89, 153.00
810.18, 149.00
810.48, 151.00
810.77, 145.00
811.06, 144.00
811.35, 147.00
811.64, 146.00
811.93, 166.00
812.22, 144.00
812.51, 144.00
812.80, 148.00
813.09, 145.00
813.38, 143.00
813.67, 166.00
813.96, 151.00
814.26, 147.00
814.55, 144.00
814.84, 142.00
815.13, 148.00
815.42, 141.00
815.71, 146.00
816.00, 149.00
816.29, 153.00
816.58, 151.00
816.87, 142.00
817.16, 148.00
817.45, 152.00
817.74, 150.00
818.03, 147.00
818.32, 141.00
818.61, 144.00
818.90, 146.00
819.19, 145.00
819.48, 141.00
819.76, 144.00
820.05, 143.00
820.34, 146.00
820.63, 146.00
820.92, 141.00
821.21, 146.00
821.50, 142.00
821.79, 141.00
822.08, 144.00
822.37, 151.00
822.66, 140.00
822.95, 148.00
823.23, 143.00
823.52, 158.00
823.81, 151.00
824.10, 145.00
824.39, 144.00
824.68, 144.00
824.97, 158.00
825.26, 142.00
825.54, 188.00
825.83, 144.00
826.12, 138.00
826.41, 139.00
826.70, 141.00
826.99, 147.00
827.27, 145.00
827.56, 159.00
827.85, 147.00
828.14, 144.00
828.43, 145.00
828.71, 145.00
829.00, 144.00
829.29, 142.00
829.58, 143.00
829.86, 147.00
830.15, 143.00
830.44, 145.00
830.73, 143.00
831.01, 142.00
831.30, 141.00
831.59, 140.00
831.88, 142.00
832.16, 147.00
832.45, 148.00
832.74, 144.00
833.03, 142.00
833.31, 141.00
833.60, 140.00
833.89, 146.00
834.17, 148.00
834.46, 142.00
834.75, 142.00
835.03, 143.00
835.32, 140.00
835.61, 149.00
835.89, 158.00
836.18, 143.00
836.47, 140.00
836.75, 144.00
837.04, 143.00
837.33, 150.00
837.61, 140.00
837.90, 141.00
838.19, 146.00
838.47, 145.00
838.76, 144.00
839.04, 142.00
839.33, 144.00
839.62, 141.00
839.90, 143.00
840.19, 140.00
840.47, 140.00
840.76, 167.00
841.04, 142.00
841.33, 147.00
841.62, 142.00
841.90, 145.00
842.19, 142.00
842.47, 303.00
842.76, 145.00
843.04, 150.00
843.33, 177.00
843.61, 168.00
843.90, 163.00
844.18, 165.00
844.47, 163.00
844.75, 163.00
845.04, 152.00
845.32, 156.00
845.61, 149.00
845.89, 152.00
846.18, 151.00
846.46, 151.00
846.75, 147.00
847.03, 161.00
847.32, 144.00
847.60, 147.00
847.88, 146.00
848.17, 149.00
848.45, 165.00
848.74, 150.00
849.02, 144.00
849.31, 142.00
849.59, 149.00
849.87, 144.00
850.16, 141.00
850.44, 152.00
850.73, 172.00
851.01, 148.00
851.29, 141.00
851.58, 149.00
851.86, 151.00
852.14, 142.00
852.43, 146.00
852.71, 138.00
853.00, 137.00
853.28, 143.00
853.56, 142.00
853.85, 141.00
854.13, 143.00
854.41, 139.00
854.69, 140.00
854.98, 144.00
855.26, 203.00
855.54, 149.00
855.83, 148.00
856.11, 149.00
856.39, 141.00
856.68, 144.00
856.96, 156.00
857.24, 148.00
857.52, 147.00
857.81, 146.00
858.09, 143.00
858.37, 140.00
858.65, 142.00
858.94, 145.00
859.22, 148.00
