190.05, 0.00
190.41, 134.00
190.77, 132.00
191.14, 131.00
191.50, 137.00
191.86, 157.00
192.22, 142.00
192.58, 145.00
192.94, 146.00
193.31, 142.00
193.67, 142.00
194.03, 154.00
194.39, 143.00
194.75, 145.00
195.11, 153.00
195.47, 157.00
195.84, 143.00
196.20, 139.00
196.56, 159.00
196.92, 145.00
197.28, 148.00
197.64, 146.00
198.00, 149.00
198.37, 149.00
198.73, 143.00
199.09, 145.00
199.45, 145.00
199.81, 149.00
200.17, 151.00
200.53, 147.00
200.89, 152.00
201.25, 183.00
201.62, 145.00
201.98, 146.00
202.34, 147.00
202.70, 153.00
203.06, 144.00
203.42, 144.00
203.78, 147.00
204.14, 146.00
204.50, 175.00
204.86, 155.00
205.22, 148.00
205.58, 154.00
205.95, 145.00
206.31, 142.00
206.67, 149.00
207.03, 148.00
207.39, 153.00
207.75, 143.00
208.11, 143.00
208.47, 142.00
208.83, 147.00
209.19, 148.00
209.55, 146.00
209.91, 141.00
210.27, 151.00
210.63, 148.00
210.99, 152.00
211.35, 146.00
211.71, 151.00
212.07, 145.00
212.43, 151.00
212.79, 141.00
213.15, 148.00
213.51, 140.00
213.87, 148.00
214.23, 147.00
214.59, 142.00
214.95, 147.00
215.31, 147.00
215.67, 142.00
216.03, 179.00
216.39, 146.00
216.75, 142.00
217.11, 146.00
217.47, 143.00
217.83, 145.00
218.19, 147.00
218.55, 153.00
218.91, 153.00
219.27, 145.00
219.63, 143.00
219.99, 146.00
220.35, 145.00
220.71, 151.00
221.07, 147.00
221.43, 147.00
221.79, 148.00
222.15, 148.00
222.51, 152.00
222.87, 145.00
223.23, 141.00
223.59, 141.00
223.95, 146.00
224.31, 145.00
224.67, 145.00
225.03, 150.00
225.39, 153.00
225.74, 149.00
226.10, 142.00
226.46, 143.00
226.82, 153.00
227.18, 148.00
227.54, 136.00
227.90, 150.00
228.26, 149.00
228.62, 153.00
228.98, 147.00
229.34, 151.00
229.69, 148.00
230.05, 147.00
230.41, 140.00
230.77, 149.00
231.13, 150.00
231.49, 149.00
231.85, 144.00
232.21, 149.00
232.57, 152.00
232.92, 142.00
233.28, 143.00
233.64, 148.00
234.00, 148.00
234.36, 142.00
234.72, 143.00
235.08, 145.00
235.44, 145.00
235.79, 145.00
236.15, 148.00
236.51, 146.00
236.87, 144.00
237.23, 143.00
237.59, 144.00
237.94, 156.00
238.30, 142.00
238.66, 145.00
239.02, 141.00
239.38, 143.00
239.74, 143.00
240.09, 156.00
240.45, 145.00
240.81, 146.00
241.17, 149.00
241.53, 137.00
241.89, 142.00
242.24, 140.00
242.60, 142.00
242.96, 148.00
243.32, 146.00
243.68, 147.00
244.03, 143.00
244.39, 146.00
244.75, 166.00
245.11, 148.00
245.46, 151.00
245.82, 176.00
246.18, 145.00
246.54, 144.00
246.90, 145.00
247.25, 145.00
247.61, 141.00
247.97, 186.00
248.33, 143.00
248.68, 146.00
249.04, 139.00
249.40, 140.00
249.76, 152.00
250.11, 144.00
250.47, 141.00
250.83, 145.00
251.19, 148.00
251.54, 150.00
251.90, 145.00
252.26, 144.00
252.62, 140.00
252.97, 145.00
253.33, 142.00
253.69, 142.00
254.05, 149.00
254.40, 142.00
254.76, 142.00
255.12, 172.00
255.47, 150.00
255.83, 146.00
256.19, 148.00
256.54, 142.00
256.90, 142.00
257.26, 145.00
257.62, 146.00
257.97, 145.00
258.33, 146.00
258.69, 139.00
259.04, 143.00
259.40, 142.00
259.76, 149.00
260.11, 145.00
260.47, 140.00
260.83, 151.00
261.18, 142.00
261.54, 149.00
261.90, 148.00
262.25, 142.00
262.61, 145.00
262.97, 139.00
263.32, 144.00
263.68, 142.00
264.04, 148.00
264.39, 145.00
264.75, 141.00
265.10, 149.00
265.46, 196.00
265.82, 153.00
266.17, 145.00
266.53, 142.00
266.89, 148.00
267.24, 151.00
267.60, 145.00
267.95, 143.00
268.31, 141.00
268.67, 143.00
269.02, 145.00
269.38, 140.00
269.74, 151.00
270.09, 142.00
270.45, 144.00
270.80, 157.00
271.16, 146.00
271.51, 150.00
271.87, 148.00
272.23, 156.00
272.58, 151.00
272.94, 143.00
273.29, 147.00
273.65, 193.00
274.00, 145.00
274.36, 142.00
274.72, 145.00
275.07, 141.00
275.43, 145.00
275.78, 146.00
276.14, 140.00
276.49, 153.00
276.85, 161.00
277.20, 165.00
277.56, 153.00
277.92, 144.00
278.27, 146.00
278.63, 149.00
278.98, 141.00
279.34, 146.00
279.69, 148.00
280.05, 172.00
280.40, 152.00
280.76, 155.00
281.11, 154.00
281.47, 149.00
281.82, 155.00
282.18, 150.00
282.53, 164.00
282.89, 162.00
283.24, 162.00
283.60, 161.00
283.95, 165.00
284.31, 167.00
284.66, 170.00
285.02, 166.00
285.37, 168.00
285.73, 168.00
286.08, 172.00
286.44, 157.00
286.79, 160.00
287.14, 160.00
287.50, 158.00
287.85, 153.00
288.21, 154.00
288.56, 159.00
288.92, 154.00
289.27, 159.00
289.63, 156.00
289.98, 163.00
290.34, 145.00
290.69, 163.00
291.04, 154.00
291.40, 153.00
291.75, 154.00
292.11, 153.00
292.46, 150.00
292.81, 161.00
293.17, 160.00
293.52, 160.00
293.88, 168.00
294.23, 179.00
294.59, 186.00
294.94, 200.00
295.29, 210.00
295.65, 217.00
296.00, 244.00
296.36, 204.00
296.71, 199.00
297.06, 199.00
297.42, 208.00
297.77, 206.00
298.12, 196.00
298.48, 183.00
298.83, 182.00
299.19, 187.00
299.54, 184.00
299.89, 181.00
300.25, 184.00
300.60, 184.00
300.95, 180.00
301.31, 163.00
301.66, 160.00
302.01, 162.00
302.37, 159.00
302.72, 160.00
303.07, 158.00
303.43, 165.00
303.78, 171.00
304.13, 177.00
304.49, 180.00
304.84, 183.00
305.19, 216.00
305.55, 174.00
305.90, 191.00
306.25, 224.00
306.61, 287.00
306.96, 342.00
307.31, 426.00
307.66, 568.00
308.02, 733.00
308.37, 883.00
308.72, 975.00
309.08, 993.00
309.43, 931.00
309.78, 794.00
310.13, 719.00
310.49, 623.00
310.84, 500.00
311.19, 462.00
311.54, 414.00
311.90, 366.00
312.25, 343.00
312.60, 359.00
312.95, 431.00
313.31, 485.00
313.66, 481.00
314.01, 478.00
314.36, 486.00
314.72, 546.00
315.07, 711.00
315.42, 883.00
315.77, 948.00
316.13, 770.00
316.48, 511.00
316.83, 355.00
317.18, 266.00
317.54, 212.00
317.89, 194.00
318.24, 182.00
318.59, 185.00
318.94, 179.00
319.30, 174.00
319.65, 183.00
320.00, 184.00
320.35, 188.00
320.70, 187.00
321.05, 185.00
321.41, 187.00
321.76, 182.00
322.11, 179.00
322.46, 183.00
322.81, 215.00
323.17, 174.00
323.52, 169.00
323.87, 170.00
324.22, 174.00
324.57, 182.00
324.92, 182.00
325.27, 184.00
325.63, 194.00
325.98, 203.00
326.33, 211.00
326.68, 217.00
327.03, 219.00
327.38, 206.00
327.73, 223.00
328.09, 237.00
328.44, 268.00
328.79, 235.00
329.14, 261.00
329.49, 221.00
329.84, 226.00
330.19, 225.00
330.54, 221.00
330.89, 217.00
331.25, 200.00
331.60, 199.00
331.95, 196.00
332.30, 197.00
332.65, 200.00
333.00, 229.00
333.35, 285.00
333.70, 289.00
334.05, 270.00
334.40, 292.00
334.75, 348.00
335.10, 477.00
335.45, 691.00
335.81, 999.00
336.16, 1443.00
336.51, 2017.00
336.86, 2101.00
337.21, 1829.00
337.56, 1096.00
337.91, 664.00
338.26, 400.00
338.61, 271.00
338.96, 231.00
339.31, 203.00
339.66, 195.00
340.01, 190.00
340.36, 185.00
340.71, 181.00
341.06, 179.00
341.41, 187.00
341.76, 179.00
342.11, 186.00
342.46, 183.00
342.81, 185.00
343.16, 178.00
343.51, 180.00
343.86, 189.00
344.21, 179.00
344.56, 186.00
344.91, 181.00
345.26, 189.00
345.61, 179.00
345.96, 177.00
346.31, 177.00
346.66, 199.00
347.01, 180.00
347.36, 200.00
347.71, 179.00
348.06, 176.00
348.41, 194.00
348.76, 209.00
349.10, 212.00
349.45, 247.00
349.80, 240.00
350.15, 233.00
350.50, 214.00
350.85, 234.00
351.20, 233.00
351.55, 285.00
351.90, 344.00
352.25, 438.00
352.60, 556.00
352.95, 724.00
353.30, 785.00
353.64, 700.00
353.99, 543.00
354.34, 456.00
354.69, 431.00
355.04, 443.00
355.39, 536.00
355.74, 686.00
356.09, 903.00
356.44, 1090.00
356.78, 1497.00
357.13, 1663.00
357.48, 1595.00
357.83, 1199.00
358.18, 779.00
358.53, 493.00
358.88, 308.00
359.22, 249.00
359.57, 197.00
359.92, 193.00
360.27, 193.00
360.62, 191.00
360.97, 193.00
361.32, 191.00
361.66, 189.00
362.01, 190.00
362.36, 194.00
362.71, 198.00
363.06, 202.00
363.40, 202.00
363.75, 201.00
364.10, 211.00
364.45, 199.00
364.80, 196.00
365.14, 196.00
365.49, 207.00
365.84, 203.00
366.19, 219.00
366.54, 234.00
366.88, 251.00
367.23, 213.00
367.58, 250.00
367.93, 197.00
368.28, 193.00
368.62, 200.00
368.97, 219.00
369.32, 242.00
369.67, 251.00
370.01, 310.00
370.36, 331.00
370.71, 344.00
371.06, 295.00
371.40, 263.00
371.75, 227.00
372.10, 215.00
372.45, 207.00
372.79, 225.00
373.14, 258.00
373.49, 300.00
373.83, 364.00
374.18, 458.00
374.53, 562.00
374.88, 639.00
375.22, 645.00
375.57, 507.00
375.92, 380.00
376.26, 305.00
376.61, 242.00
376.96, 215.00
377.30, 221.00
377.65, 241.00
378.00, 283.00
378.35, 336.00
378.69, 432.00
379.04, 523.00
379.39, 708.00
379.73, 843.00
380.08, 853.00
380.43, 666.00
380.77, 461.00
381.12, 374.00
381.47, 300.00
381.81, 240.00
382.16, 204.00
382.50, 197.00
382.85, 281.00
383.20, 208.00
383.54, 211.00
383.89, 221.00
384.24, 229.00
384.58, 241.00
384.93, 279.00
385.27, 271.00
385.62, 271.00
385.97, 278.00
386.31, 257.00
386.66, 284.00
387.00, 267.00
387.35, 285.00
387.70, 314.00
388.04, 423.00
388.39, 435.00
388.73, 567.00
389.08, 677.00
389.43, 865.00
389.77, 1006.00
390.12, 1255.00
390.46, 1709.00
390.81, 1895.00
391.15, 1834.00
391.50, 1390.00
391.85, 860.00
392.19, 582.00
392.54, 396.00
392.88, 310.00
393.23, 313.00
393.57, 319.00
393.92, 305.00
394.26, 274.00
394.61, 240.00
394.95, 225.00
395.30, 200.00
395.64, 193.00
395.99, 226.00
396.33, 193.00
396.68, 202.00
397.02, 215.00
397.37, 237.00
397.71, 262.00
398.06, 293.00
398.40, 325.00
398.75, 403.00
399.09, 428.00
399.44, 419.00
399.78, 357.00
400.13, 294.00
400.47, 237.00
400.82, 212.00
401.16, 195.00
401.51, 198.00
401.85, 194.00
402.20, 201.00
402.54, 201.00
402.88, 211.00
403.23, 227.00
403.57, 240.00
403.92, 264.00
404.26, 343.00
404.61, 335.00
404.95, 427.00
405.30, 392.00
405.64, 362.00
405.98, 329.00
406.33, 268.00
406.67, 220.00
407.02, 212.00
407.36, 213.00
407.70, 213.00
408.05, 215.00
408.39, 231.00
408.74, 235.00
409.08, 245.00
409.42, 223.00
409.77, 217.00
410.11, 228.00
410.46, 210.00
410.80, 224.00
411.14, 227.00
411.49, 245.00
411.83, 251.00
412.17, 239.00
412.52, 253.00
412.86, 261.00
413.20, 270.00
413.55, 270.00
413.89, 256.00
414.23, 246.00
414.58, 256.00
414.92, 211.00
415.26, 203.00
415.61, 204.00
415.95, 210.00
416.29, 220.00
416.64, 213.00
416.98, 228.00
417.32, 235.00
417.67, 260.00
418.01, 273.00
418.35, 290.00
418.70, 323.00
419.04, 374.00
419.38, 360.00
419.72, 357.00
420.07, 303.00
420.41, 246.00
420.75, 231.00
421.10, 223.00
421.44, 212.00
421.78, 215.00
422.12, 214.00
422.47, 233.00
422.81, 242.00
423.15, 258.00
423.49, 253.00
423.84, 238.00
424.18, 259.00
424.52, 278.00
424.86, 334.00
425.21, 414.00
425.55, 450.00
425.89, 540.00
426.23, 633.00
426.57, 775.00
426.92, 821.00
427.26, 874.00
427.60, 704.00
427.94, 501.00
428.28, 372.00
428.63, 290.00
428.97, 236.00
429.31, 215.00
429.65, 195.00
429.99, 197.00
430.34, 189.00
430.68, 200.00
431.02, 201.00
431.36, 197.00
431.70, 204.00
432.04, 209.00
432.39, 220.00
432.73, 220.00
433.07, 238.00
433.41, 257.00
433.75, 256.00
434.09, 259.00
434.43, 236.00
434.78, 220.00
435.12, 213.00
435.46, 219.00
435.80, 228.00
436.14, 238.00
436.48, 223.00
436.82, 230.00
437.16, 234.00
437.51, 219.00
437.85, 219.00
438.19, 261.00
438.53, 219.00
438.87, 234.00
439.21, 226.00
439.55, 238.00
439.89, 247.00
440.23, 250.00
440.57, 260.00
440.91, 265.00
441.26, 251.00
441.60, 236.00
441.94, 229.00
442.28, 223.00
442.62, 218.00
442.96, 213.00
443.30, 218.00
443.64, 210.00
443.98, 216.00
444.32, 213.00
444.66, 206.00
445.00, 207.00
445.34, 223.00
445.68, 217.00
446.02, 211.00
446.36, 208.00
446.70, 215.00
447.04, 209.00
447.38, 236.00
447.72, 221.00
448.06, 233.00
448.40, 229.00
448.74, 217.00
449.08, 215.00
449.42, 202.00
449.76, 213.00
450.10, 199.00
450.44, 202.00
450.78, 212.00
451.12, 218.00
451.46, 206.00
451.80, 206.00
452.14, 194.00
452.48, 200.00
452.82, 202.00
453.16, 198.00
453.50, 204.00
453.84, 196.00
454.18, 246.00
454.52, 218.00
454.86, 216.00
455.19, 231.00
455.53, 219.00
455.87, 227.00
456.21, 232.00
456.55, 226.00
456.89, 226.00
457.23, 226.00
457.57, 220.00
457.91, 236.00
458.25, 225.00
458.59, 246.00
458.92, 263.00
459.26, 254.00
459.60, 261.00
459.94, 233.00
460.28, 221.00
460.62, 213.00
460.96, 199.00
461.30, 195.00
461.63, 197.00
461.97, 203.00
462.31, 204.00
462.65, 208.00
462.99, 224.00
463.33, 217.00
463.67, 223.00
464.00, 236.00
464.34, 237.00
464.68, 236.00
465.02, 251.00
465.36, 249.00
465.70, 233.00
466.03, 243.00
466.37, 215.00
466.71, 224.00
467.05, 236.00
467.39, 245.00
467.72, 263.00
468.06, 283.00
468.40, 296.00
468.74, 298.00
469.08, 302.00
469.41, 334.00
469.75, 361.00
470.09, 385.00
470.43, 386.00
470.76, 333.00
471.10, 309.00
471.44, 299.00
471.78, 274.00
472.11, 271.00
472.45, 259.00
472.79, 256.00
473.13, 250.00
473.46, 242.00
473.80, 235.00
474.14, 234.00
474.48, 237.00
474.81, 231.00
475.15, 223.00
475.49, 233.00
475.82, 235.00
476.16, 233.00
476.50, 225.00
476.84, 223.00
477.17, 224.00
477.51, 227.00
477.85, 226.00
478.18, 242.00
478.52, 215.00
478.86, 280.00
479.19, 235.00
479.53, 228.00
479.87, 272.00
480.20, 240.00
480.54, 231.00
480.88, 230.00
481.21, 229.00
481.55, 235.00
481.89, 227.00
482.22, 223.00
482.56, 237.00
482.90, 226.00
483.23, 224.00
483.57, 225.00
483.90, 234.00
484.24, 223.00
484.58, 233.00
484.91, 229.00
485.25, 231.00
485.58, 238.00
485.92, 236.00
486.26, 237.00
486.59, 233.00
486.93, 239.00
487.26, 242.00
487.60, 243.00
487.94, 239.00
488.27, 241.00
488.61, 227.00
488.94, 235.00
489.28, 232.00
489.61, 242.00
489.95, 244.00
490.29, 249.00
490.62, 252.00
490.96, 244.00
491.29, 249.00
491.63, 232.00
491.96, 230.00
492.30, 228.00
492.63, 247.00
492.97, 224.00
493.30, 229.00
493.64, 233.00
493.97, 237.00
494.31, 238.00
494.64, 245.00
494.98, 244.00
495.31, 241.00
495.65, 231.00
495.98, 246.00
496.32, 238.00
496.65, 264.00
496.99, 231.00
497.32, 229.00
497.66, 227.00
497.99, 219.00
498.33, 220.00
498.66, 224.00
499.00, 231.00
499.33, 226.00
499.67, 224.00
500.00, 232.00
500.34, 241.00
500.67, 247.00
501.00, 238.00
501.34, 237.00
501.67, 233.00
502.01, 236.00
502.34, 237.00
502.68, 242.00
503.01, 252.00
503.34, 254.00
503.68, 244.00
504.01, 259.00
504.35, 255.00
504.68, 261.00
505.01, 254.00
505.35, 254.00
505.68, 244.00
506.02, 255.00
506.35, 260.00
506.68, 271.00
507.02, 257.00
507.35, 257.00
507.68, 262.00
508.02, 255.00
508.35, 258.00
508.69, 254.00
509.02, 247.00
509.35, 239.00
509.69, 242.00
510.02, 247.00
510.35, 243.00
510.69, 238.00
511.02, 246.00
511.35, 232.00
511.69, 237.00
512.02, 240.00
512.35, 238.00
512.68, 238.00
513.02, 238.00
513.35, 233.00
513.68, 234.00
514.02, 238.00
514.35, 233.00
514.68, 237.00
515.01, 226.00
515.35, 238.00
515.68, 227.00
516.01, 219.00
516.35, 223.00
516.68, 219.00
517.01, 221.00
517.34, 228.00
517.68, 227.00
518.01, 228.00
518.34, 227.00
518.67, 232.00
519.01, 230.00
519.34, 228.00
519.67, 248.00
520.00, 235.00
520.33, 238.00
520.67, 238.00
521.00, 236.00
521.33, 248.00
521.66, 249.00
522.00, 255.00
522.33, 246.00
522.66, 233.00
522.99, 235.00
523.32, 240.00
523.65, 233.00
523.99, 238.00
524.32, 238.00
524.65, 227.00
524.98, 231.00
525.31, 230.00
525.65, 262.00
525.98, 239.00
526.31, 228.00
526.64, 240.00
526.97, 229.00
527.30, 221.00
527.63, 219.00
527.97, 222.00
528.30, 228.00
528.63, 222.00
528.96, 244.00
529.29, 216.00
529.62, 224.00
529.95, 215.00
530.28, 216.00
530.61, 207.00
530.95, 209.00
531.28, 220.00
531.61, 225.00
531.94, 225.00
532.27, 238.00
532.60, 231.00
532.93, 232.00
533.26, 222.00
533.59, 221.00
533.92, 225.00
534.25, 214.00
534.58, 254.00
534.91, 219.00
535.25, 212.00
535.58, 210.00
535.91, 212.00
536.24, 215.00
536.57, 219.00
536.90, 209.00
537.23, 213.00
537.56, 256.00
537.89, 211.00
538.22, 210.00
538.55, 201.00
538.88, 213.00
539.21, 331.00
539.54, 212.00
539.87, 211.00
540.20, 214.00
540.53, 207.00
540.86, 242.00
541.19, 207.00
541.52, 212.00
541.85, 213.00
542.18, 218.00
542.51, 221.00
542.84, 224.00
543.17, 220.00
543.50, 222.00
543.82, 218.00
544.15, 225.00
544.48, 224.00
544.81, 219.00
545.14, 248.00
545.47, 221.00
545.80, 255.00
546.13, 219.00
546.46, 245.00
546.79, 244.00
547.12, 216.00
547.45, 212.00
547.78, 219.00
548.10, 216.00
548.43, 211.00
548.76, 214.00
549.09, 207.00
549.42, 206.00
549.75, 216.00
550.08, 215.00
550.41, 221.00
550.74, 224.00
551.06, 206.00
551.39, 219.00
551.72, 211.00
552.05, 204.00
552.38, 216.00
552.71, 209.00
553.03, 211.00
553.36, 213.00
553.69, 223.00
554.02, 216.00
554.35, 221.00
554.68, 227.00
555.00, 221.00
555.33, 217.00
555.66, 217.00
555.99, 237.00
556.32, 226.00
556.64, 229.00
556.97, 244.00
557.30, 239.00
557.63, 239.00
557.96, 250.00
558.28, 238.00
558.61, 240.00
558.94, 242.00
559.27, 241.00
559.59, 236.00
559.92, 238.00
560.25, 238.00
560.58, 233.00
560.90, 232.00
561.23, 227.00
561.56, 224.00
561.89, 223.00
562.21, 225.00
562.54, 220.00
562.87, 207.00
563.20, 213.00
563.52, 205.00
563.85, 205.00
564.18, 223.00
564.50, 206.00
564.83, 235.00
565.16, 258.00
565.48, 193.00
565.81, 204.00
566.14, 196.00
566.47, 193.00
566.79, 198.00
567.12, 196.00
567.45, 221.00
567.77, 199.00
568.10, 204.00
568.43, 207.00
568.75, 191.00
569.08, 205.00
569.40, 239.00
569.73, 196.00
570.06, 202.00
570.38, 193.00
570.71, 192.00
571.04, 197.00
571.36, 203.00
571.69, 206.00
572.01, 206.00
572.34, 204.00
572.67, 206.00
572.99, 205.00
573.32, 219.00
573.64, 200.00
573.97, 191.00
574.30, 200.00
574.62, 200.00
574.95, 194.00
575.27, 195.00
575.60, 196.00
575.92, 193.00
576.25, 196.00
576.58, 201.00
576.90, 201.00
577.23, 240.00
577.55, 202.00
577.88, 196.00
578.20, 193.00
578.53, 201.00
578.85, 215.00
579.18, 209.00
579.50, 201.00
579.83, 196.00
580.15, 200.00
580.48, 201.00
580.80, 209.00
581.13, 199.00
581.45, 197.00
581.78, 200.00
582.10, 199.00
582.43, 198.00
582.75, 206.00
583.08, 194.00
583.40, 198.00
583.73, 269.00
584.05, 209.00
584.38, 202.00
584.70, 255.00
585.03, 209.00
585.35, 208.00
585.67, 217.00
586.00, 236.00
586.32, 269.00
586.65, 282.00
586.97, 264.00
587.30, 263.00
587.62, 240.00
587.94, 247.00
588.27, 229.00
588.59, 214.00
588.92, 216.00
589.24, 209.00
589.56, 217.00
589.89, 216.00
590.21, 209.00
590.54, 212.00
590.86, 201.00
591.18, 208.00
591.51, 209.00
591.83, 223.00
592.15, 211.00
592.48, 207.00
592.80, 213.00
593.13, 215.00
593.45, 216.00
593.77, 219.00
594.10, 222.00
594.42, 237.00
594.74, 234.00
595.07, 234.00
595.39, 228.00
595.71, 239.00
596.03, 241.00
596.36, 251.00
596.68, 236.00
597.00, 252.00
597.33, 255.00
597.65, 255.00
597.97, 248.00
598.30, 253.00
598.62, 246.00
598.94, 250.00
599.26, 245.00
599.59, 245.00
599.91, 251.00
600.23, 235.00
600.55, 236.00
600.88, 236.00
601.20, 223.00
601.52, 216.00
601.84, 213.00
602.17, 213.00
602.49, 199.00
602.81, 206.00
603.13, 208.00
603.45, 206.00
603.78, 202.00
604.10, 199.00
604.42, 196.00
604.74, 196.00
605.07, 194.00
605.39, 193.00
605.71, 194.00
606.03, 198.00
606.35, 187.00
606.67, 204.00
607.00, 196.00
607.32, 188.00
607.64, 191.00
607.96, 187.00
608.28, 188.00
608.60, 182.00
608.93, 186.00
609.25, 198.00
609.57, 188.00
609.89, 188.00
610.21, 188.00
610.53, 187.00
610.85, 185.00
611.17, 182.00
611.50, 187.00
611.82, 184.00
612.14, 181.00
612.46, 189.00
612.78, 183.00
613.10, 189.00
613.42, 183.00
613.74, 199.00
614.06, 236.00
614.38, 225.00
614.70, 232.00
615.03, 226.00
615.35, 225.00
615.67, 312.00
615.99, 203.00
616.31, 194.00
616.63, 200.00
616.95, 184.00
617.27, 188.00
617.59, 181.00
617.91, 186.00
618.23, 189.00
618.55, 181.00
618.87, 178.00
619.19, 172.00
619.51, 174.00
619.83, 178.00
620.15, 183.00
620.47, 179.00
620.79, 180.00
621.11, 188.00
621.43, 180.00
621.75, 192.00
622.07, 178.00
622.39, 178.00
622.71, 182.00
623.03, 179.00
623.35, 228.00
623.67, 186.00
623.99, 185.00
624.31, 179.00
624.63, 184.00
624.95, 182.00
625.26, 177.00
625.58, 179.00
625.90, 205.00
626.22, 183.00
626.54, 181.00
626.86, 186.00
627.18, 183.00
627.50, 187.00
627.82, 181.00
628.14, 189.00
628.46, 189.00
628.77, 181.00
629.09, 189.00
629.41, 191.00
629.73, 184.00
630.05, 197.00
630.37, 193.00
630.69, 199.00
631.00, 206.00
631.32, 203.00
631.64, 192.00
631.96, 194.00
632.28, 197.00
632.60, 198.00
632.92, 202.00
633.23, 210.00
633.55, 213.00
633.87, 207.00
634.19, 216.00
634.51, 220.00
634.82, 233.00
635.14, 232.00
635.46, 228.00
635.78, 227.00
636.10, 221.00
636.41, 228.00
636.73, 222.00
637.05, 225.00
637.37, 225.00
637.68, 222.00
638.00, 220.00
638.32, 237.00
638.64, 242.00
638.95, 271.00
639.27, 261.00
639.59, 247.00
639.91, 240.00
640.22, 232.00
640.54, 229.00
640.86, 219.00
641.18, 233.00
641.49, 228.00
641.81, 220.00
642.13, 225.00
642.44, 209.00
642.76, 212.00
643.08, 214.00
643.40, 214.00
643.71, 219.00
644.03, 220.00
644.35, 224.00
644.66, 231.00
644.98, 219.00
645.30, 221.00
645.61, 232.00
645.93, 209.00
646.25, 204.00
646.56, 207.00
646.88, 233.00
647.19, 190.00
647.51, 206.00
647.83, 201.00
648.14, 192.00
648.46, 196.00
648.78, 197.00
649.09, 196.00
649.41, 244.00
649.72, 216.00
650.04, 226.00
650.36, 219.00
650.67, 212.00
650.99, 214.00
651.30, 216.00
651.62, 224.00
651.93, 227.00
652.25, 240.00
652.57, 259.00
652.88, 227.00
653.20, 217.00
653.51, 219.00
653.83, 213.00
654.14, 204.00
654.46, 211.00
654.77, 207.00
655.09, 214.00
655.40, 223.00
655.72, 211.00
656.04, 200.00
656.35, 207.00
656.67, 205.00
656.98, 202.00
657.30, 205.00
657.61, 206.00
657.93, 209.00
658.24, 217.00
658.55, 260.00
658.87, 213.00
659.18, 214.00
659.50, 216.00
659.81, 226.00
660.13, 215.00
660.44, 217.00
660.76, 212.00
661.07, 233.00
661.39, 213.00
661.70, 205.00
662.01, 194.00
662.33, 197.00
662.64, 199.00
662.96, 191.00
663.27, 181.00
663.59, 185.00
663.90, 178.00
664.21, 185.00
664.53, 209.00
664.84, 189.00
665.16, 204.00
665.47, 189.00
665.78, 189.00
666.10, 203.00
666.41, 212.00
666.72, 210.00
667.04, 226.00
667.35, 212.00
667.67, 203.00
667.98, 207.00
668.29, 205.00
668.61, 204.00
668.92, 200.00
669.23, 199.00
669.55, 196.00
669.86, 216.00
670.17, 188.00
670.48, 192.00
670.80, 185.00
671.11, 185.00
671.42, 185.00
671.74, 187.00
672.05, 186.00
672.36, 189.00
672.68, 193.00
672.99, 193.00
673.30, 196.00
673.61, 201.00
673.93, 205.00
674.24, 201.00
674.55, 208.00
674.86, 208.00
675.18, 221.00
675.49, 220.00
675.80, 215.00
676.11, 221.00
676.43, 223.00
676.74, 218.00
677.05, 216.00
677.36, 229.00
677.67, 221.00
677.99, 215.00
678.30, 204.00
678.61, 201.00
678.92, 200.00
679.23, 192.00
679.55, 193.00
679.86, 190.00
680.17, 189.00
680.48, 189.00
680.79, 186.00
681.10, 176.00
681.42, 182.00
681.73, 170.00
682.04, 178.00
682.35, 176.00
682.66, 180.00
682.97, 176.00
683.28, 180.00
683.60, 171.00
683.91, 178.00
684.22, 195.00
684.53, 182.00
684.84, 175.00
685.15, 179.00
685.46, 198.00
685.77, 171.00
686.08, 167.00
686.40, 208.00
686.71, 169.00
687.02, 172.00
687.33, 173.00
687.64, 164.00
687.95, 166.00
688.26, 164.00
688.57, 164.00
688.88, 168.00
689.19, 167.00
689.50, 154.00
689.81, 164.00
690.12, 163.00
690.43, 177.00
690.74, 160.00
691.05, 165.00
691.36, 174.00
691.67, 158.00
691.98, 156.00
692.29, 163.00
692.60, 164.00
692.91, 156.00
693.22, 158.00
693.53, 157.00
693.84, 168.00
694.15, 162.00
694.46, 157.00
694.77, 157.00
695.08, 157.00
695.39, 168.00
695.70, 159.00
696.01, 159.00
696.32, 158.00
696.63, 157.00
696.94, 163.00
697.25, 159.00
697.56, 164.00
697.87, 168.00
698.17, 201.00
698.48, 163.00
698.79, 160.00
699.10, 162.00
699.41, 163.00
699.72, 160.00
700.03, 162.00
700.34, 165.00
700.65, 166.00
700.95, 161.00
701.26, 161.00
701.57, 155.00
701.88, 162.00
702.19, 175.00
702.50, 168.00
702.81, 160.00
703.11, 186.00
703.42, 158.00
703.73, 164.00
704.04, 168.00
704.35, 172.00
704.66, 205.00
704.96, 281.00
705.27, 347.00
705.58, 376.00
705.89, 350.00
706.20, 301.00
706.50, 264.00
706.81, 249.00
707.12, 221.00
707.43, 206.00
707.73, 185.00
708.04, 165.00
708.35, 169.00
708.66, 161.00
708.97, 157.00
709.27, 164.00
709.58, 163.00
709.89, 163.00
710.19, 161.00
710.50, 164.00
710.81, 161.00
711.12, 162.00
711.42, 163.00
711.73, 165.00
712.04, 165.00
712.35, 164.00
712.65, 163.00
712.96, 165.00
713.27, 163.00
713.57, 190.00
713.88, 182.00
714.19, 161.00
714.49, 165.00
714.80, 169.00
715.11, 163.00
715.41, 155.00
715.72, 162.00
716.03, 158.00
716.33, 171.00
716.64, 159.00
716.94, 157.00
717.25, 153.00
717.56, 168.00
717.86, 157.00
718.17, 156.00
718.48, 157.00
718.78, 155.00
719.09, 156.00
719.39, 156.00
719.70, 157.00
720.01, 161.00
720.31, 163.00
720.62, 157.00
720.92, 160.00
721.23, 161.00
721.53, 165.00
721.84, 162.00
722.15, 170.00
722.45, 168.00
722.76, 158.00
723.06, 159.00
723.37, 160.00
723.67, 164.00
723.98, 163.00
724.28, 164.00
724.59, 171.00
724.89, 172.00
725.20, 165.00
725.50, 166.00
725.81, 161.00
726.11, 161.00
726.42, 166.00
726.72, 169.00
727.03, 208.00
727.33, 169.00
727.64, 170.00
727.94, 163.00
728.25, 160.00
728.55, 158.00
728.86, 183.00
729.16, 159.00
729.46, 158.00
729.77, 162.00
730.07, 159.00
730.38, 156.00
730.68, 158.00
730.99, 167.00
731.29, 156.00
731.59, 164.00
731.90, 155.00
732.20, 162.00
732.51, 163.00
732.81, 161.00
733.11, 167.00
733.42, 164.00
733.72, 169.00
734.02, 170.00
734.33, 166.00
734.63, 163.00
734.94, 158.00
735.24, 164.00
735.54, 161.00
735.85, 165.00
736.15, 163.00
736.45, 159.00
736.76, 157.00
737.06, 159.00
737.36, 160.00
737.67, 166.00
737.97, 160.00
738.27, 153.00
738.57, 154.00
738.88, 158.00
739.18, 196.00
739.48, 155.00
739.79, 150.00
740.09, 156.00
740.39, 164.00
740.69, 163.00
741.00, 158.00
741.30, 165.00
741.60, 163.00
741.90, 161.00
742.21, 159.00
742.51, 210.00
742.81, 160.00
743.11, 174.00
743.42, 196.00
743.72, 172.00
744.02, 175.00
744.32, 174.00
744.63, 180.00
744.93, 190.00
745.23, 183.00
745.53, 187.00
745.83, 183.00
746.13, 183.00
746.44, 181.00
746.74, 188.00
747.04, 183.00
747.34, 187.00
747.64, 189.00
747.94, 193.00
748.25, 186.00
748.55, 185.00
748.85, 193.00
749.15, 188.00
749.45, 219.00
749.75, 199.00
750.05, 181.00
750.35, 171.00
750.66, 183.00
750.96, 167.00
751.26, 164.00
751.56, 159.00
751.86, 169.00
752.16, 159.00
752.46, 163.00
752.76, 158.00
753.06, 160.00
753.36, 200.00
753.66, 159.00
753.96, 163.00
754.27, 156.00
754.57, 153.00
754.87, 157.00
755.17, 159.00
755.47, 161.00
755.77, 168.00
756.07, 159.00
756.37, 165.00
756.67, 167.00
756.97, 168.00
757.27, 175.00
757.57, 169.00
757.87, 171.00
758.17, 163.00
758.47, 165.00
758.77, 173.00
759.07, 169.00
759.37, 168.00
759.67, 169.00
759.97, 170.00
760.27, 168.00
760.57, 168.00
760.86, 170.00
761.16, 169.00
761.46, 163.00
761.76, 201.00
762.06, 165.00
762.36, 168.00
762.66, 163.00
762.96, 163.00
763.26, 163.00
763.56, 183.00
763.86, 168.00
764.16, 157.00
764.45, 170.00
764.75, 154.00
765.05, 160.00
765.35, 154.00
765.65, 151.00
765.95, 156.00
766.25, 162.00
766.55, 163.00
766.84, 157.00
767.14, 158.00
767.44, 157.00
767.74, 159.00
768.04, 163.00
768.34, 160.00
768.63, 154.00
768.93, 162.00
769.23, 171.00
769.53, 170.00
769.83, 166.00
770.12, 169.00
770.42, 170.00
770.72, 168.00
771.02, 166.00
771.32, 165.00
771.61, 170.00
771.91, 179.00
772.21, 167.00
772.51, 169.00
772.80, 170.00
773.10, 172.00
773.40, 175.00
773.70, 171.00
773.99, 171.00
774.29, 182.00
774.59, 177.00
774.88, 177.00
775.18, 221.00
775.48, 506.00
775.78, 993.00
776.07, 1289.00
776.37, 1351.00
776.67, 1054.00
776.96, 684.00
777.26, 572.00
777.56, 443.00
777.85, 391.00
778.15, 348.00
778.45, 308.00
778.74, 271.00
779.04, 223.00
779.34, 198.00
779.63, 178.00
779.93, 163.00
780.22, 150.00
780.52, 154.00
780.82, 152.00
781.11, 150.00
781.41, 150.00
781.71, 153.00
782.00, 150.00
782.30, 156.00
782.59, 162.00
782.89, 157.00
783.19, 149.00
783.48, 154.00
783.78, 149.00
784.07, 157.00
784.37, 159.00
784.66, 150.00
784.96, 149.00
785.25, 149.00
785.55, 150.00
785.84, 145.00
786.14, 149.00
786.44, 152.00
786.73, 150.00
787.03, 153.00
787.32, 149.00
787.62, 150.00
787.91, 149.00
788.21, 153.00
788.50, 151.00
788.80, 143.00
789.09, 152.00
789.39, 153.00
789.68, 146.00
789.97, 151.00
790.27, 144.00
790.56, 152.00
790.86, 152.00
791.15, 147.00
791.45, 146.00
791.74, 170.00
792.04, 149.00
792.33, 145.00
792.62, 177.00
792.92, 150.00
793.21, 151.00
793.51, 154.00
793.80, 146.00
794.09, 147.00
794.39, 148.00
794.68, 144.00
794.98, 148.00
795.27, 147.00
795.56, 147.00
795.86, 149.00
796.15, 150.00
796.44, 147.00
796.74, 147.00
797.03, 147.00
797.32, 145.00
797.62, 143.00
797.91, 154.00
798.20, 148.00
798.50, 156.00
798.79, 159.00
799.08, 148.00
799.38, 152.00
799.67, 152.00
799.96, 154.00
800.26, 171.00
800.55, 149.00
800.84, 153.00
801.13, 144.00
801.43, 144.00
801.72, 183.00
802.01, 147.00
802.30, 151.00
802.60, 147.00
802.89, 149.00
803.18, 143.00
803.47, 150.00
803.77, 153.00
804.06, 151.00
804.35, 155.00
804.64, 172.00
804.94, 149.00
805.23, 150.00
805.52, 149.00
805.81, 147.00
806.10, 144.00
806.39, 146.00
806.69, 143.00
806.98, 145.00
807.27, 147.00
807.56, 149.00
807.85, 149.00
808.14, 146.00
808.44, 153.00
808.73, 149.00
809.02, 169.00
809.31, 152.00
809.60, 150.00
809.89, 154.00
810.18, 147.00
810.48, 156.00
810.77, 153.00
811.06, 140.00
811.35, 147.00
811.64, 153.00
811.93, 164.00
812.22, 148.00
812.51, 147.00
812.80, 147.00
813.09, 144.00
813.38, 148.00
813.67, 170.00
813.96, 149.00
814.26, 145.00
814.55, 149.00
814.84, 151.00
815.13, 152.00
815.42, 148.00
815.71, 153.00
816.00, 143.00
816.29, 154.00
816.58, 149.00
816.87, 143.00
817.16, 139.00
817.45, 152.00
817.74, 150.00
818.03, 145.00
818.32, 142.00
818.61, 149.00
818.90, 144.00
819.19, 145.00
819.48, 146.00
819.76, 145.00
820.05, 142.00
820.34, 154.00
820.63, 145.00
820.92, 145.00
821.21, 142.00
821.50, 141.00
821.79, 143.00
822.08, 145.00
822.37, 152.00
822.66, 146.00
822.95, 151.00
823.23, 143.00
823.52, 167.00
823.81, 146.00
824.10, 144.00
824.39, 147.00
824.68, 141.00
824.97, 157.00
825.26, 147.00
825.54, 194.00
825.83, 148.00
826.12, 148.00
826.41, 144.00
826.70, 142.00
826.99, 148.00
827.27, 142.00
827.56, 165.00
827.85, 147.00
828.14, 146.00
828.43, 146.00
828.71, 147.00
829.00, 148.00
829.29, 146.00
829.58, 143.00
829.86, 144.00
830.15, 144.00
830.44, 144.00
830.73, 145.00
831.01, 137.00
831.30, 139.00
831.59, 144.00
831.88, 144.00
832.16, 144.00
832.45, 151.00
832.74, 145.00
833.03, 141.00
833.31, 150.00
833.60, 149.00
833.89, 141.00
834.17, 144.00
834.46, 143.00
834.75, 146.00
835.03, 144.00
835.32, 146.00
835.61, 144.00
835.89, 157.00
836.18, 145.00
836.47, 139.00
836.75, 143.00
837.04, 147.00
837.33, 145.00
837.61, 141.00
837.90, 143.00
838.19, 141.00
838.47, 143.00
838.76, 140.00
839.04, 147.00
839.33, 143.00
839.62, 142.00
839.90, 144.00
840.19, 142.00
840.47, 144.00
840.76, 171.00
841.04, 151.00
841.33, 150.00
841.62, 143.00
841.90, 145.00
842.19, 144.00
842.47, 186.00
842.76, 149.00
843.04, 160.00
843.33, 184.00
843.61, 173.00
843.90, 173.00
844.18, 176.00
844.47, 167.00
844.75, 173.00
845.04, 163.00
845.32, 157.00
845.61, 154.00
845.89, 160.00
846.18, 154.00
846.46, 153.00
846.75, 150.00
847.03, 160.00
847.32, 146.00
847.60, 142.00
847.88, 141.00
848.17, 150.00
848.45, 164.00
848.74, 149.00
849.02, 145.00
849.31, 147.00
849.59, 150.00
849.87, 143.00
850.16, 141.00
850.44, 151.00
850.73, 178.00
851.01, 150.00
851.29, 139.00
851.58, 145.00
851.86, 142.00
852.14, 144.00
852.43, 145.00
852.71, 147.00
853.00, 142.00
853.28, 154.00
853.56, 142.00
853.85, 147.00
854.13, 143.00
854.41, 151.00
854.69, 145.00
854.98, 146.00
855.26, 199.00
855.54, 144.00
855.83, 144.00
856.11, 150.00
856.39, 142.00
856.68, 145.00
856.96, 145.00
857.24, 144.00
857.52, 151.00
857.81, 150.00
858.09, 139.00
858.37, 145.00
858.65, 146.00
858.94, 140.00
859.22, 140.00
