190.05, 0.00
190.41, 132.00
190.77, 137.00
191.14, 133.00
191.50, 134.00
191.86, 165.00
192.22, 150.00
192.58, 148.00
192.94, 141.00
193.31, 140.00
193.67, 143.00
194.03, 152.00
194.39, 149.00
194.75, 144.00
195.11, 155.00
195.47, 162.00
195.84, 149.00
196.20, 145.00
196.56, 168.00
196.92, 143.00
197.28, 143.00
197.64, 146.00
198.00, 145.00
198.37, 150.00
198.73, 144.00
199.09, 139.00
199.45, 140.00
199.81, 145.00
200.17, 155.00
200.53, 142.00
200.89, 152.00
201.25, 183.00
201.62, 147.00
201.98, 139.00
202.34, 143.00
202.70, 156.00
203.06, 150.00
203.42, 143.00
203.78, 140.00
204.14, 147.00
204.50, 173.00
204.86, 149.00
205.22, 153.00
205.58, 147.00
205.95, 145.00
206.31, 144.00
206.67, 149.00
207.03, 147.00
207.39, 156.00
207.75, 146.00
208.11, 144.00
208.47, 144.00
208.83, 150.00
209.19, 147.00
209.55, 142.00
209.91, 148.00
210.27, 147.00
210.63, 143.00
210.99, 154.00
211.35, 142.00
211.71, 150.00
212.07, 150.00
212.43, 151.00
212.79, 143.00
213.15, 146.00
213.51, 144.00
213.87, 150.00
214.23, 148.00
214.59, 138.00
214.95, 142.00
215.31, 147.00
215.67, 141.00
216.03, 173.00
216.39, 143.00
216.75, 143.00
217.11, 146.00
217.47, 146.00
217.83, 144.00
218.19, 145.00
218.55, 152.00
218.91, 150.00
219.27, 141.00
219.63, 138.00
219.99, 143.00
220.35, 145.00
220.71, 151.00
221.07, 144.00
221.43, 144.00
221.79, 142.00
222.15, 149.00
222.51, 145.00
222.87, 147.00
223.23, 143.00
223.59, 143.00
223.95, 138.00
224.31, 146.00
224.67, 145.00
225.03, 144.00
225.39, 150.00
225.74, 147.00
226.10, 142.00
226.46, 144.00
226.82, 146.00
227.18, 144.00
227.54, 142.00
227.90, 147.00
228.26, 147.00
228.62, 147.00
228.98, 140.00
229.34, 140.00
229.69, 139.00
230.05, 147.00
230.41, 143.00
230.77, 149.00
231.13, 146.00
231.49, 146.00
231.85, 146.00
232.21, 149.00
232.57, 148.00
232.92, 142.00
233.28, 146.00
233.64, 146.00
234.00, 145.00
234.36, 143.00
234.72, 145.00
235.08, 149.00
235.44, 147.00
235.79, 144.00
236.15, 151.00
236.51, 142.00
236.87, 143.00
237.23, 150.00
237.59, 145.00
237.94, 151.00
238.30, 145.00
238.66, 141.00
239.02, 144.00
239.38, 143.00
239.74, 143.00
240.09, 154.00
240.45, 144.00
240.81, 145.00
241.17, 152.00
241.53, 144.00
241.89, 137.00
242.24, 143.00
242.60, 137.00
242.96, 151.00
243.32, 147.00
243.68, 144.00
244.03, 146.00
244.39, 152.00
244.75, 168.00
245.11, 148.00
245.46, 147.00
245.82, 173.00
246.18, 146.00
246.54, 149.00
246.90, 144.00
247.25, 141.00
247.61, 143.00
247.97, 182.00
248.33, 141.00
248.68, 142.00
249.04, 141.00
249.40, 144.00
249.76, 149.00
250.11, 141.00
250.47, 145.00
250.83, 146.00
251.19, 143.00
251.54, 148.00
251.90, 148.00
252.26, 136.00
252.62, 143.00
252.97, 141.00
253.33, 133.00
253.69, 144.00
254.05, 147.00
254.40, 144.00
254.76, 145.00
255.12, 173.00
255.47, 146.00
255.83, 148.00
256.19, 148.00
256.54, 146.00
256.90, 145.00
257.26, 142.00
257.62, 149.00
257.97, 146.00
258.33, 145.00
258.69, 140.00
259.04, 148.00
259.40, 147.00
259.76, 146.00
260.11, 143.00
260.47, 144.00
260.83, 149.00
261.18, 139.00
261.54, 151.00
261.90, 147.00
262.25, 145.00
262.61, 145.00
262.97, 140.00
263.32, 140.00
263.68, 142.00
264.04, 143.00
264.39, 145.00
264.75, 157.00
265.10, 148.00
265.46, 190.00
265.82, 159.00
266.17, 142.00
266.53, 141.00
266.89, 144.00
267.24, 155.00
267.60, 142.00
267.95, 143.00
268.31, 143.00
268.67, 147.00
269.02, 145.00
269.38, 145.00
269.74, 150.00
270.09, 141.00
270.45, 144.00
270.80, 161.00
271.16, 147.00
271.51, 154.00
271.87, 153.00
272.23, 150.00
272.58, 148.00
272.94, 144.00
273.29, 140.00
273.65, 194.00
274.00, 145.00
274.36, 143.00
274.72, 139.00
275.07, 144.00
275.43, 141.00
275.78, 146.00
276.14, 141.00
276.49, 152.00
276.85, 159.00
277.20, 172.00
277.56, 142.00
277.92, 140.00
278.27, 146.00
278.63, 151.00
278.98, 141.00
279.34, 147.00
279.69, 147.00
280.05, 169.00
280.40, 155.00
280.76, 161.00
281.11, 153.00
281.47, 148.00
281.82, 150.00
282.18, 153.00
282.53, 157.00
282.89, 164.00
283.24, 164.00
283.60, 155.00
283.95, 160.00
284.31, 171.00
284.66, 165.00
285.02, 173.00
285.37, 172.00
285.73, 163.00
286.08, 175.00
286.44, 158.00
286.79, 162.00
287.14, 159.00
287.50, 155.00
287.85, 146.00
288.21, 154.00
288.56, 149.00
288.92, 154.00
289.27, 157.00
289.63, 151.00
289.98, 166.00
290.34, 152.00
290.69, 165.00
291.04, 148.00
291.40, 148.00
291.75, 146.00
292.11, 155.00
292.46, 154.00
292.81, 161.00
293.17, 156.00
293.52, 158.00
293.88, 169.00
294.23, 168.00
294.59, 184.00
294.94, 193.00
295.29, 200.00
295.65, 208.00
296.00, 221.00
296.36, 198.00
296.71, 191.00
297.06, 192.00
297.42, 207.00
297.77, 197.00
298.12, 200.00
298.48, 179.00
298.83, 176.00
299.19, 171.00
299.54, 179.00
299.89, 180.00
300.25, 180.00
300.60, 180.00
300.95, 179.00
301.31, 165.00
301.66, 156.00
302.01, 160.00
302.37, 154.00
302.72, 159.00
303.07, 163.00
303.43, 169.00
303.78, 171.00
304.13, 172.00
304.49, 178.00
304.84, 183.00
305.19, 216.00
305.55, 178.00
305.90, 187.00
306.25, 224.00
306.61, 280.00
306.96, 337.00
307.31, 418.00
307.66, 564.00
308.02, 716.00
308.37, 858.00
308.72, 948.00
309.08, 961.00
309.43, 916.00
309.78, 773.00
310.13, 670.00
310.49, 591.00
310.84, 489.00
311.19, 433.00
311.54, 385.00
311.90, 345.00
312.25, 322.00
312.60, 330.00
312.95, 412.00
313.31, 457.00
313.66, 450.00
314.01, 437.00
314.36, 448.00
314.72, 507.00
315.07, 644.00
315.42, 795.00
315.77, 845.00
316.13, 704.00
316.48, 478.00
316.83, 329.00
317.18, 247.00
317.54, 211.00
317.89, 184.00
318.24, 183.00
318.59, 176.00
318.94, 179.00
319.30, 178.00
319.65, 179.00
320.00, 180.00
320.35, 186.00
320.70, 183.00
321.05, 186.00
321.41, 182.00
321.76, 181.00
322.11, 181.00
322.46, 172.00
322.81, 210.00
323.17, 172.00
323.52, 168.00
323.87, 171.00
324.22, 165.00
324.57, 175.00
324.92, 175.00
325.27, 176.00
325.63, 193.00
325.98, 192.00
326.33, 204.00
326.68, 210.00
327.03, 198.00
327.38, 196.00
327.73, 212.00
328.09, 222.00
328.44, 246.00
328.79, 221.00
329.14, 255.00
329.49, 216.00
329.84, 213.00
330.19, 216.00
330.54, 211.00
330.89, 209.00
331.25, 190.00
331.60, 195.00
331.95, 191.00
332.30, 195.00
332.65, 200.00
333.00, 217.00
333.35, 278.00
333.70, 277.00
334.05, 240.00
334.40, 271.00
334.75, 307.00
335.10, 418.00
335.45, 591.00
335.81, 872.00
336.16, 1260.00
336.51, 1791.00
336.86, 1841.00
337.21, 1606.00
337.56, 996.00
337.91, 603.00
338.26, 377.00
338.61, 265.00
338.96, 219.00
339.31, 197.00
339.66, 189.00
340.01, 190.00
340.36, 180.00
340.71, 179.00
341.06, 178.00
341.41, 177.00
341.76, 180.00
342.11, 183.00
342.46, 173.00
342.81, 176.00
343.16, 178.00
343.51, 174.00
343.86, 186.00
344.21, 171.00
344.56, 182.00
344.91, 172.00
345.26, 187.00
345.61, 169.00
345.96, 172.00
346.31, 178.00
346.66, 207.00
347.01, 179.00
347.36, 195.00
347.71, 174.00
348.06, 175.00
348.41, 196.00
348.76, 203.00
349.10, 204.00
349.45, 230.00
349.80, 228.00
350.15, 222.00
350.50, 209.00
350.85, 213.00
351.20, 228.00
351.55, 263.00
351.90, 318.00
352.25, 393.00
352.60, 495.00
352.95, 637.00
353.30, 696.00
353.64, 613.00
353.99, 495.00
354.34, 405.00
354.69, 381.00
355.04, 393.00
355.39, 466.00
355.74, 579.00
356.09, 763.00
356.44, 965.00
356.78, 1303.00
357.13, 1487.00
357.48, 1426.00
357.83, 1084.00
358.18, 701.00
358.53, 456.00
358.88, 292.00
359.22, 239.00
359.57, 193.00
359.92, 183.00
360.27, 184.00
360.62, 189.00
360.97, 185.00
361.32, 179.00
361.66, 182.00
362.01, 186.00
362.36, 184.00
362.71, 190.00
363.06, 196.00
363.40, 197.00
363.75, 197.00
364.10, 200.00
364.45, 192.00
364.80, 189.00
365.14, 194.00
365.49, 192.00
365.84, 192.00
366.19, 210.00
366.54, 217.00
366.88, 235.00
367.23, 200.00
367.58, 247.00
367.93, 186.00
368.28, 189.00
368.62, 185.00
368.97, 213.00
369.32, 220.00
369.67, 238.00
370.01, 285.00
370.36, 302.00
370.71, 327.00
371.06, 277.00
371.40, 249.00
371.75, 219.00
372.10, 203.00
372.45, 201.00
372.79, 220.00
373.14, 240.00
373.49, 278.00
373.83, 334.00
374.18, 410.00
374.53, 513.00
374.88, 572.00
375.22, 588.00
375.57, 456.00
375.92, 358.00
376.26, 276.00
376.61, 225.00
376.96, 200.00
377.30, 217.00
377.65, 224.00
378.00, 265.00
378.35, 318.00
378.69, 388.00
379.04, 482.00
379.39, 634.00
379.73, 747.00
380.08, 765.00
380.43, 602.00
380.77, 424.00
381.12, 353.00
381.47, 282.00
381.81, 229.00
382.16, 199.00
382.50, 193.00
382.85, 267.00
383.20, 196.00
383.54, 210.00
383.89, 217.00
384.24, 216.00
384.58, 225.00
384.93, 256.00
385.27, 248.00
385.62, 252.00
385.97, 250.00
386.31, 245.00
386.66, 274.00
387.00, 247.00
387.35, 255.00
387.70, 282.00
388.04, 386.00
388.39, 390.00
388.73, 478.00
389.08, 593.00
389.43, 717.00
389.77, 868.00
390.12, 1065.00
390.46, 1468.00
390.81, 1606.00
391.15, 1579.00
391.50, 1203.00
391.85, 756.00
392.19, 533.00
392.54, 359.00
392.88, 286.00
393.23, 298.00
393.57, 291.00
393.92, 292.00
394.26, 260.00
394.61, 227.00
394.95, 212.00
395.30, 189.00
395.64, 187.00
395.99, 225.00
396.33, 187.00
396.68, 201.00
397.02, 205.00
397.37, 220.00
397.71, 252.00
398.06, 278.00
398.40, 310.00
398.75, 370.00
399.09, 386.00
399.44, 394.00
399.78, 330.00
400.13, 275.00
400.47, 230.00
400.82, 197.00
401.16, 189.00
401.51, 192.00
401.85, 185.00
402.20, 190.00
402.54, 201.00
402.88, 204.00
403.23, 215.00
403.57, 222.00
403.92, 243.00
404.26, 337.00
404.61, 307.00
404.95, 396.00
405.30, 360.00
405.64, 344.00
405.98, 320.00
406.33, 252.00
406.67, 212.00
407.02, 200.00
407.36, 200.00
407.70, 210.00
408.05, 211.00
408.39, 208.00
408.74, 222.00
409.08, 229.00
409.42, 218.00
409.77, 216.00
410.11, 209.00
410.46, 203.00
410.80, 212.00
411.14, 220.00
411.49, 227.00
411.83, 232.00
412.17, 227.00
412.52, 240.00
412.86, 252.00
413.20, 257.00
413.55, 248.00
413.89, 243.00
414.23, 222.00
414.58, 255.00
414.92, 203.00
415.26, 200.00
415.61, 198.00
415.95, 207.00
416.29, 210.00
416.64, 206.00
416.98, 218.00
417.32, 219.00
417.67, 243.00
418.01, 255.00
418.35, 269.00
418.70, 301.00
419.04, 350.00
419.38, 330.00
419.72, 313.00
420.07, 283.00
420.41, 229.00
420.75, 212.00
421.10, 200.00
421.44, 205.00
421.78, 205.00
422.12, 201.00
422.47, 218.00
422.81, 228.00
423.15, 238.00
423.49, 235.00
423.84, 226.00
424.18, 240.00
424.52, 259.00
424.86, 305.00
425.21, 379.00
425.55, 402.00
425.89, 485.00
426.23, 550.00
426.57, 681.00
426.92, 724.00
427.26, 752.00
427.60, 636.00
427.94, 460.00
428.28, 346.00
428.63, 269.00
428.97, 230.00
429.31, 204.00
429.65, 192.00
429.99, 192.00
430.34, 186.00
430.68, 187.00
431.02, 201.00
431.36, 189.00
431.70, 191.00
432.04, 203.00
432.39, 203.00
432.73, 218.00
433.07, 223.00
433.41, 239.00
433.75, 241.00
434.09, 232.00
434.43, 228.00
434.78, 205.00
435.12, 205.00
435.46, 212.00
435.80, 219.00
436.14, 218.00
436.48, 215.00
436.82, 225.00
437.16, 214.00
437.51, 212.00
437.85, 210.00
438.19, 249.00
438.53, 207.00
438.87, 224.00
439.21, 223.00
439.55, 231.00
439.89, 240.00
440.23, 238.00
440.57, 255.00
440.91, 244.00
441.26, 244.00
441.60, 222.00
441.94, 217.00
442.28, 207.00
442.62, 211.00
442.96, 198.00
443.30, 209.00
443.64, 200.00
443.98, 198.00
444.32, 206.00
444.66, 195.00
445.00, 200.00
445.34, 208.00
445.68, 204.00
446.02, 204.00
446.36, 201.00
446.70, 201.00
447.04, 202.00
447.38, 233.00
447.72, 215.00
448.06, 209.00
448.40, 213.00
448.74, 208.00
449.08, 211.00
449.42, 197.00
449.76, 204.00
450.10, 201.00
450.44, 194.00
450.78, 189.00
451.12, 198.00
451.46, 198.00
451.80, 201.00
452.14, 183.00
452.48, 197.00
452.82, 191.00
453.16, 191.00
453.50, 196.00
453.84, 190.00
454.18, 232.00
454.52, 208.00
454.86, 207.00
455.19, 216.00
455.53, 212.00
455.87, 208.00
456.21, 228.00
456.55, 212.00
456.89, 221.00
457.23, 218.00
457.57, 206.00
457.91, 218.00
458.25, 230.00
458.59, 234.00
458.92, 237.00
459.26, 237.00
459.60, 245.00
459.94, 220.00
460.28, 207.00
460.62, 204.00
460.96, 193.00
461.30, 193.00
461.63, 186.00
461.97, 194.00
462.31, 192.00
462.65, 204.00
462.99, 208.00
463.33, 210.00
463.67, 217.00
464.00, 221.00
464.34, 218.00
464.68, 230.00
465.02, 235.00
465.36, 237.00
465.70, 214.00
466.03, 221.00
466.37, 212.00
466.71, 217.00
467.05, 222.00
467.39, 232.00
467.72, 249.00
468.06, 256.00
468.40, 271.00
468.74, 276.00
469.08, 290.00
469.41, 309.00
469.75, 330.00
470.09, 361.00
470.43, 348.00
470.76, 301.00
471.10, 285.00
471.44, 278.00
471.78, 258.00
472.11, 251.00
472.45, 247.00
472.79, 242.00
473.13, 231.00
473.46, 234.00
473.80, 229.00
474.14, 219.00
474.48, 232.00
474.81, 221.00
475.15, 219.00
475.49, 215.00
475.82, 216.00
476.16, 222.00
476.50, 218.00
476.84, 211.00
477.17, 211.00
477.51, 211.00
477.85, 208.00
478.18, 227.00
478.52, 216.00
478.86, 269.00
479.19, 228.00
479.53, 214.00
479.87, 253.00
480.20, 228.00
480.54, 224.00
480.88, 213.00
481.21, 213.00
481.55, 218.00
481.89, 213.00
482.22, 210.00
482.56, 224.00
482.90, 216.00
483.23, 215.00
483.57, 215.00
483.90, 219.00
484.24, 212.00
484.58, 219.00
484.91, 219.00
485.25, 227.00
485.58, 225.00
485.92, 221.00
486.26, 225.00
486.59, 234.00
486.93, 227.00
487.26, 228.00
487.60, 226.00
487.94, 222.00
488.27, 228.00
488.61, 224.00
488.94, 225.00
489.28, 230.00
489.61, 217.00
489.95, 220.00
490.29, 235.00
490.62, 235.00
490.96, 234.00
491.29, 239.00
491.63, 222.00
491.96, 222.00
492.30, 228.00
492.63, 229.00
492.97, 222.00
493.30, 219.00
493.64, 228.00
493.97, 219.00
494.31, 222.00
494.64, 230.00
494.98, 236.00
495.31, 236.00
495.65, 220.00
495.98, 222.00
496.32, 225.00
496.65, 262.00
496.99, 223.00
497.32, 216.00
497.66, 215.00
497.99, 221.00
498.33, 211.00
498.66, 216.00
499.00, 223.00
499.33, 214.00
499.67, 216.00
500.00, 223.00
500.34, 227.00
500.67, 231.00
501.00, 233.00
501.34, 228.00
501.67, 220.00
502.01, 221.00
502.34, 224.00
502.68, 237.00
503.01, 237.00
503.34, 237.00
503.68, 238.00
504.01, 239.00
504.35, 241.00
504.68, 245.00
505.01, 243.00
505.35, 234.00
505.68, 236.00
506.02, 243.00
506.35, 241.00
506.68, 251.00
507.02, 251.00
507.35, 243.00
507.68, 236.00
508.02, 240.00
508.35, 245.00
508.69, 238.00
509.02, 234.00
509.35, 230.00
509.69, 222.00
510.02, 231.00
510.35, 233.00
510.69, 224.00
511.02, 224.00
511.35, 223.00
511.69, 229.00
512.02, 223.00
512.35, 223.00
512.68, 226.00
513.02, 227.00
513.35, 222.00
513.68, 218.00
514.02, 229.00
514.35, 218.00
514.68, 216.00
515.01, 219.00
515.35, 215.00
515.68, 222.00
516.01, 212.00
516.35, 224.00
516.68, 208.00
517.01, 206.00
517.34, 210.00
517.68, 215.00
518.01, 226.00
518.34, 213.00
518.67, 218.00
519.01, 220.00
519.34, 226.00
519.67, 229.00
520.00, 227.00
520.33, 230.00
520.67, 220.00
521.00, 219.00
521.33, 232.00
521.66, 246.00
522.00, 238.00
522.33, 232.00
522.66, 230.00
522.99, 219.00
523.32, 232.00
523.65, 219.00
523.99, 219.00
524.32, 221.00
524.65, 222.00
524.98, 222.00
525.31, 217.00
525.65, 254.00
525.98, 227.00
526.31, 222.00
526.64, 226.00
526.97, 224.00
527.30, 213.00
527.63, 212.00
527.97, 214.00
528.30, 221.00
528.63, 221.00
528.96, 237.00
529.29, 209.00
529.62, 214.00
529.95, 205.00
530.28, 216.00
530.61, 202.00
530.95, 206.00
531.28, 213.00
531.61, 216.00
531.94, 225.00
532.27, 226.00
532.60, 225.00
532.93, 217.00
533.26, 220.00
533.59, 214.00
533.92, 210.00
534.25, 204.00
534.58, 240.00
534.91, 206.00
535.25, 202.00
535.58, 204.00
535.91, 203.00
536.24, 205.00
536.57, 214.00
536.90, 199.00
537.23, 210.00
537.56, 240.00
537.89, 205.00
538.22, 208.00
538.55, 196.00
538.88, 203.00
539.21, 314.00
539.54, 198.00
539.87, 200.00
540.20, 203.00
540.53, 198.00
540.86, 229.00
541.19, 203.00
541.52, 197.00
541.85, 210.00
542.18, 217.00
542.51, 216.00
542.84, 221.00
543.17, 214.00
543.50, 208.00
543.82, 211.00
544.15, 218.00
544.48, 217.00
544.81, 216.00
545.14, 241.00
545.47, 212.00
545.80, 244.00
546.13, 210.00
546.46, 241.00
546.79, 227.00
547.12, 205.00
547.45, 207.00
547.78, 206.00
548.10, 208.00
548.43, 203.00
548.76, 208.00
549.09, 205.00
549.42, 203.00
549.75, 206.00
550.08, 208.00
550.41, 213.00
550.74, 209.00
551.06, 208.00
551.39, 216.00
551.72, 204.00
552.05, 202.00
552.38, 200.00
552.71, 200.00
553.03, 208.00
553.36, 207.00
553.69, 216.00
554.02, 215.00
554.35, 204.00
554.68, 206.00
555.00, 212.00
555.33, 209.00
555.66, 213.00
555.99, 226.00
556.32, 220.00
556.64, 219.00
556.97, 237.00
557.30, 227.00
557.63, 231.00
557.96, 220.00
558.28, 232.00
558.61, 233.00
558.94, 230.00
559.27, 225.00
559.59, 228.00
559.92, 219.00
560.25, 215.00
560.58, 219.00
560.90, 230.00
561.23, 220.00
561.56, 217.00
561.89, 213.00
562.21, 207.00
562.54, 208.00
562.87, 201.00
563.20, 205.00
563.52, 195.00
563.85, 194.00
564.18, 224.00
564.50, 202.00
564.83, 233.00
565.16, 250.00
565.48, 189.00
565.81, 200.00
566.14, 191.00
566.47, 185.00
566.79, 195.00
567.12, 191.00
567.45, 217.00
567.77, 192.00
568.10, 193.00
568.43, 201.00
568.75, 186.00
569.08, 198.00
569.40, 233.00
569.73, 193.00
570.06, 184.00
570.38, 187.00
570.71, 189.00
571.04, 192.00
571.36, 207.00
571.69, 190.00
572.01, 197.00
572.34, 190.00
572.67, 204.00
572.99, 192.00
573.32, 214.00
573.64, 191.00
573.97, 186.00
574.30, 189.00
574.62, 188.00
574.95, 191.00
575.27, 192.00
575.60, 184.00
575.92, 184.00
576.25, 189.00
576.58, 190.00
576.90, 192.00
577.23, 233.00
577.55, 192.00
577.88, 190.00
578.20, 194.00
578.53, 192.00
578.85, 205.00
579.18, 194.00
579.50, 189.00
579.83, 191.00
580.15, 196.00
580.48, 192.00
580.80, 190.00
581.13, 192.00
581.45, 185.00
581.78, 191.00
582.10, 194.00
582.43, 199.00
582.75, 192.00
583.08, 198.00
583.40, 193.00
583.73, 260.00
584.05, 193.00
584.38, 188.00
584.70, 244.00
585.03, 198.00
585.35, 198.00
585.67, 197.00
586.00, 214.00
586.32, 236.00
586.65, 244.00
586.97, 231.00
587.30, 235.00
587.62, 217.00
587.94, 234.00
588.27, 208.00
588.59, 208.00
588.92, 204.00
589.24, 201.00
589.56, 207.00
589.89, 210.00
590.21, 199.00
590.54, 198.00
590.86, 202.00
591.18, 196.00
591.51, 199.00
591.83, 215.00
592.15, 207.00
592.48, 197.00
592.80, 213.00
593.13, 211.00
593.45, 210.00
593.77, 216.00
594.10, 215.00
594.42, 220.00
594.74, 221.00
595.07, 219.00
595.39, 219.00
595.71, 227.00
596.03, 233.00
596.36, 234.00
596.68, 232.00
597.00, 242.00
597.33, 240.00
597.65, 240.00
597.97, 234.00
598.30, 247.00
598.62, 234.00
598.94, 237.00
599.26, 244.00
599.59, 238.00
599.91, 243.00
600.23, 228.00
600.55, 228.00
600.88, 225.00
601.20, 212.00
601.52, 216.00
601.84, 209.00
602.17, 211.00
602.49, 197.00
602.81, 200.00
603.13, 201.00
603.45, 195.00
603.78, 201.00
604.10, 193.00
604.42, 190.00
604.74, 191.00
605.07, 194.00
605.39, 192.00
605.71, 194.00
606.03, 190.00
606.35, 183.00
606.67, 189.00
607.00, 186.00
607.32, 187.00
607.64, 179.00
607.96, 179.00
608.28, 185.00
608.60, 178.00
608.93, 177.00
609.25, 188.00
609.57, 183.00
609.89, 184.00
610.21, 179.00
610.53, 179.00
610.85, 182.00
611.17, 179.00
611.50, 176.00
611.82, 177.00
612.14, 176.00
612.46, 180.00
612.78, 175.00
613.10, 184.00
613.42, 181.00
613.74, 193.00
614.06, 232.00
614.38, 214.00
614.70, 218.00
615.03, 218.00
615.35, 215.00
615.67, 305.00
615.99, 197.00
616.31, 193.00
616.63, 194.00
616.95, 179.00
617.27, 189.00
617.59, 178.00
617.91, 175.00
618.23, 184.00
618.55, 168.00
618.87, 170.00
619.19, 177.00
619.51, 169.00
619.83, 172.00
620.15, 171.00
620.47, 177.00
620.79, 166.00
621.11, 177.00
621.43, 175.00
621.75, 186.00
622.07, 178.00
622.39, 177.00
622.71, 175.00
623.03, 176.00
623.35, 219.00
623.67, 174.00
623.99, 174.00
624.31, 170.00
624.63, 179.00
624.95, 175.00
625.26, 180.00
625.58, 173.00
625.90, 203.00
626.22, 179.00
626.54, 174.00
626.86, 179.00
627.18, 169.00
627.50, 185.00
627.82, 179.00
628.14, 175.00
628.46, 175.00
628.77, 175.00
629.09, 177.00
629.41, 172.00
629.73, 180.00
630.05, 193.00
630.37, 183.00
630.69, 195.00
631.00, 205.00
631.32, 198.00
631.64, 193.00
631.96, 192.00
632.28, 192.00
632.60, 202.00
632.92, 194.00
633.23, 201.00
633.55, 202.00
633.87, 210.00
634.19, 209.00
634.51, 211.00
634.82, 219.00
635.14, 218.00
635.46, 212.00
635.78, 217.00
636.10, 212.00
636.41, 210.00
636.73, 213.00
637.05, 221.00
637.37, 213.00
637.68, 217.00
638.00, 214.00
638.32, 218.00
638.64, 224.00
638.95, 236.00
639.27, 236.00
639.59, 233.00
639.91, 219.00
640.22, 228.00
640.54, 209.00
640.86, 207.00
641.18, 221.00
641.49, 228.00
641.81, 217.00
642.13, 215.00
642.44, 202.00
642.76, 205.00
643.08, 203.00
643.40, 208.00
643.71, 213.00
644.03, 215.00
644.35, 220.00
644.66, 222.00
644.98, 219.00
645.30, 216.00
645.61, 224.00
645.93, 203.00
646.25, 199.00
646.56, 207.00
646.88, 223.00
647.19, 194.00
647.51, 188.00
647.83, 186.00
648.14, 188.00
648.46, 189.00
648.78, 192.00
649.09, 192.00
649.41, 231.00
649.72, 199.00
650.04, 213.00
650.36, 213.00
650.67, 211.00
650.99, 213.00
651.30, 211.00
651.62, 213.00
651.93, 213.00
652.25, 231.00
652.57, 258.00
652.88, 215.00
653.20, 215.00
653.51, 215.00
653.83, 204.00
654.14, 196.00
654.46, 203.00
654.77, 200.00
655.09, 202.00
655.40, 220.00
655.72, 199.00
656.04, 197.00
656.35, 199.00
656.67, 197.00
656.98, 196.00
657.30, 196.00
657.61, 202.00
657.93, 204.00
658.24, 203.00
658.55, 246.00
658.87, 204.00
659.18, 206.00
659.50, 212.00
659.81, 208.00
660.13, 210.00
660.44, 209.00
660.76, 205.00
661.07, 224.00
661.39, 202.00
661.70, 200.00
662.01, 192.00
662.33, 190.00
662.64, 189.00
662.96, 184.00
663.27, 183.00
663.59, 181.00
663.90, 176.00
664.21, 180.00
664.53, 193.00
664.84, 184.00
665.16, 207.00
665.47, 186.00
665.78, 187.00
666.10, 199.00
666.41, 194.00
666.72, 202.00
667.04, 215.00
667.35, 202.00
667.67, 201.00
667.98, 202.00
668.29, 198.00
668.61, 192.00
668.92, 191.00
669.23, 196.00
669.55, 190.00
669.86, 212.00
670.17, 191.00
670.48, 193.00
670.80, 181.00
671.11, 174.00
671.42, 177.00
671.74, 181.00
672.05, 178.00
672.36, 185.00
672.68, 185.00
672.99, 183.00
673.30, 185.00
673.61, 188.00
673.93, 199.00
674.24, 197.00
674.55, 198.00
674.86, 194.00
675.18, 204.00
675.49, 204.00
675.80, 203.00
676.11, 208.00
676.43, 217.00
676.74, 216.00
677.05, 209.00
677.36, 213.00
677.67, 207.00
677.99, 202.00
678.30, 196.00
678.61, 195.00
678.92, 187.00
679.23, 194.00
679.55, 186.00
679.86, 187.00
680.17, 188.00
680.48, 178.00
680.79, 175.00
681.10, 175.00
681.42, 179.00
681.73, 178.00
682.04, 169.00
682.35, 172.00
682.66, 176.00
682.97, 168.00
683.28, 177.00
683.60, 179.00
683.91, 172.00
684.22, 194.00
684.53, 170.00
684.84, 175.00
685.15, 172.00
685.46, 203.00
685.77, 168.00
686.08, 167.00
686.40, 211.00
686.71, 170.00
687.02, 170.00
687.33, 167.00
687.64, 168.00
687.95, 170.00
688.26, 157.00
688.57, 163.00
688.88, 161.00
689.19, 160.00
689.50, 160.00
689.81, 158.00
690.12, 161.00
690.43, 175.00
690.74, 158.00
691.05, 160.00
691.36, 169.00
691.67, 157.00
691.98, 160.00
692.29, 162.00
692.60, 161.00
692.91, 162.00
693.22, 157.00
693.53, 155.00
693.84, 157.00
694.15, 152.00
694.46, 159.00
694.77, 155.00
695.08, 157.00
695.39, 167.00
695.70, 154.00
696.01, 160.00
696.32, 158.00
696.63, 157.00
696.94, 164.00
697.25, 160.00
697.56, 163.00
697.87, 158.00
698.17, 202.00
698.48, 163.00
698.79, 158.00
699.10, 155.00
699.41, 167.00
699.72, 160.00
700.03, 155.00
700.34, 155.00
700.65, 164.00
700.95, 158.00
701.26, 153.00
701.57, 157.00
701.88, 156.00
702.19, 175.00
702.50, 164.00
702.81, 158.00
703.11, 184.00
703.42, 156.00
703.73, 157.00
704.04, 161.00
704.35, 169.00
704.66, 190.00
704.96, 260.00
705.27, 314.00
705.58, 329.00
705.89, 320.00
706.20, 272.00
706.50, 249.00
706.81, 235.00
707.12, 198.00
707.43, 193.00
707.73, 180.00
708.04, 164.00
708.35, 167.00
708.66, 162.00
708.97, 160.00
709.27, 166.00
709.58, 159.00
709.89, 155.00
710.19, 158.00
710.50, 162.00
710.81, 156.00
711.12, 163.00
711.42, 156.00
711.73, 162.00
712.04, 155.00
712.35, 157.00
712.65, 164.00
712.96, 167.00
713.27, 163.00
713.57, 183.00
713.88, 179.00
714.19, 158.00
714.49, 159.00
714.80, 158.00
715.11, 157.00
715.41, 163.00
715.72, 156.00
716.03, 158.00
716.33, 164.00
716.64, 152.00
716.94, 157.00
717.25, 152.00
717.56, 166.00
717.86, 159.00
718.17, 155.00
718.48, 159.00
718.78, 159.00
719.09, 151.00
719.39, 156.00
719.70, 155.00
720.01, 165.00
720.31, 159.00
720.62, 159.00
720.92, 157.00
721.23, 164.00
721.53, 166.00
721.84, 160.00
722.15, 165.00
722.45, 158.00
722.76, 155.00
723.06, 159.00
723.37, 161.00
723.67, 162.00
723.98, 158.00
724.28, 156.00
724.59, 166.00
724.89, 164.00
725.20, 165.00
725.50, 175.00
725.81, 160.00
726.11, 161.00
726.42, 161.00
726.72, 165.00
727.03, 205.00
727.33, 166.00
727.64, 166.00
727.94, 158.00
728.25, 160.00
728.55, 156.00
728.86, 185.00
729.16, 157.00
729.46, 155.00
729.77, 157.00
730.07, 155.00
730.38, 154.00
730.68, 154.00
730.99, 165.00
731.29, 158.00
731.59, 156.00
731.90, 160.00
732.20, 160.00
732.51, 161.00
732.81, 158.00
733.11, 165.00
733.42, 158.00
733.72, 165.00
734.02, 160.00
734.33, 153.00
734.63, 155.00
734.94, 156.00
735.24, 164.00
735.54, 165.00
735.85, 159.00
736.15, 157.00
736.45, 159.00
736.76, 160.00
737.06, 161.00
737.36, 159.00
737.67, 160.00
737.97, 159.00
738.27, 157.00
738.57, 157.00
738.88, 156.00
739.18, 196.00
739.48, 160.00
739.79, 151.00
740.09, 157.00
740.39, 155.00
740.69, 161.00
741.00, 155.00
741.30, 168.00
741.60, 157.00
741.90, 152.00
742.21, 161.00
742.51, 205.00
742.81, 164.00
743.11, 156.00
743.42, 193.00
743.72, 169.00
744.02, 174.00
744.32, 176.00
744.63, 177.00
744.93, 188.00
745.23, 180.00
745.53, 186.00
745.83, 174.00
746.13, 174.00
746.44, 177.00
746.74, 179.00
747.04, 177.00
747.34, 181.00
747.64, 181.00
747.94, 182.00
748.25, 183.00
748.55, 182.00
748.85, 183.00
749.15, 193.00
749.45, 212.00
749.75, 207.00
750.05, 179.00
750.35, 169.00
750.66, 175.00
750.96, 168.00
751.26, 164.00
751.56, 163.00
751.86, 165.00
752.16, 154.00
752.46, 159.00
752.76, 156.00
753.06, 156.00
753.36, 198.00
753.66, 153.00
753.96, 163.00
754.27, 158.00
754.57, 161.00
754.87, 155.00
755.17, 159.00
755.47, 158.00
755.77, 163.00
756.07, 158.00
756.37, 159.00
756.67, 166.00
756.97, 168.00
757.27, 170.00
757.57, 165.00
757.87, 168.00
758.17, 167.00
758.47, 169.00
758.77, 172.00
759.07, 173.00
759.37, 173.00
759.67, 167.00
759.97, 172.00
760.27, 164.00
760.57, 168.00
760.86, 170.00
761.16, 169.00
761.46, 169.00
761.76, 194.00
762.06, 162.00
762.36, 166.00
762.66, 163.00
762.96, 160.00
763.26, 158.00
763.56, 189.00
763.86, 163.00
764.16, 153.00
764.45, 171.00
764.75, 156.00
765.05, 152.00
765.35, 153.00
765.65, 156.00
765.95, 152.00
766.25, 159.00
766.55, 164.00
766.84, 160.00
767.14, 159.00
767.44, 156.00
767.74, 165.00
768.04, 167.00
768.34, 158.00
768.63, 164.00
768.93, 157.00
769.23, 165.00
769.53, 161.00
769.83, 162.00
770.12, 164.00
770.42, 164.00
770.72, 163.00
771.02, 167.00
771.32, 160.00
771.61, 162.00
771.91, 173.00
772.21, 168.00
772.51, 168.00
772.80, 164.00
773.10, 166.00
773.40, 171.00
773.70, 170.00
773.99, 170.00
774.29, 174.00
774.59, 178.00
774.88, 173.00
775.18, 206.00
775.48, 425.00
775.78, 788.00
776.07, 1025.00
776.37, 1070.00
776.67, 847.00
776.96, 575.00
777.26, 501.00
777.56, 380.00
777.85, 334.00
778.15, 310.00
778.45, 279.00
778.74, 247.00
779.04, 217.00
779.34, 189.00
779.63, 173.00
779.93, 162.00
780.22, 154.00
780.52, 153.00
780.82, 152.00
781.11, 153.00
781.41, 150.00
781.71, 147.00
782.00, 149.00
782.30, 151.00
782.59, 154.00
782.89, 153.00
783.19, 150.00
783.48, 151.00
783.78, 150.00
784.07, 157.00
784.37, 159.00
784.66, 151.00
784.96, 150.00
785.25, 145.00
785.55, 144.00
785.84, 150.00
786.14, 149.00
786.44, 149.00
786.73, 150.00
787.03, 149.00
787.32, 147.00
787.62, 147.00
787.91, 148.00
788.21, 149.00
788.50, 146.00
788.80, 144.00
789.09, 145.00
789.39, 151.00
789.68, 142.00
789.97, 153.00
790.27, 147.00
790.56, 151.00
790.86, 156.00
791.15, 151.00
791.45, 148.00
791.74, 174.00
792.04, 150.00
792.33, 149.00
792.62, 174.00
792.92, 143.00
793.21, 150.00
793.51, 153.00
793.80, 146.00
794.09, 148.00
794.39, 143.00
794.68, 148.00
794.98, 150.00
795.27, 145.00
795.56, 149.00
795.86, 147.00
796.15, 143.00
796.44, 150.00
796.74, 145.00
797.03, 146.00
797.32, 139.00
797.62, 142.00
797.91, 158.00
798.20, 148.00
798.50, 154.00
798.79, 161.00
799.08, 141.00
799.38, 146.00
799.67, 143.00
799.96, 155.00
800.26, 168.00
800.55, 145.00
800.84, 153.00
801.13, 143.00
801.43, 148.00
801.72, 187.00
802.01, 153.00
802.30, 151.00
802.60, 147.00
802.89, 155.00
803.18, 148.00
803.47, 146.00
803.77, 153.00
804.06, 150.00
804.35, 152.00
804.64, 169.00
804.94, 153.00
805.23, 145.00
805.52, 152.00
805.81, 144.00
806.10, 145.00
806.39, 150.00
806.69, 145.00
806.98, 148.00
807.27, 147.00
807.56, 152.00
807.85, 150.00
808.14, 145.00
808.44, 149.00
808.73, 147.00
809.02, 160.00
809.31, 149.00
809.60, 146.00
809.89, 152.00
810.18, 145.00
810.48, 154.00
810.77, 148.00
811.06, 147.00
811.35, 145.00
811.64, 151.00
811.93, 167.00
812.22, 147.00
812.51, 148.00
812.80, 149.00
813.09, 151.00
813.38, 145.00
813.67, 168.00
813.96, 148.00
814.26, 144.00
814.55, 143.00
814.84, 143.00
815.13, 147.00
815.42, 144.00
815.71, 145.00
816.00, 139.00
816.29, 154.00
816.58, 146.00
816.87, 146.00
817.16, 142.00
817.45, 149.00
817.74, 151.00
818.03, 146.00
818.32, 145.00
818.61, 153.00
818.90, 147.00
819.19, 146.00
819.48, 144.00
819.76, 138.00
820.05, 143.00
820.34, 149.00
820.63, 144.00
820.92, 145.00
821.21, 142.00
821.50, 143.00
821.79, 143.00
822.08, 140.00
822.37, 148.00
822.66, 145.00
822.95, 153.00
823.23, 146.00
823.52, 162.00
823.81, 151.00
824.10, 146.00
824.39, 146.00
824.68, 146.00
824.97, 159.00
825.26, 146.00
825.54, 193.00
825.83, 148.00
826.12, 145.00
826.41, 142.00
826.70, 143.00
826.99, 153.00
827.27, 141.00
827.56, 161.00
827.85, 143.00
828.14, 143.00
828.43, 150.00
828.71, 144.00
829.00, 142.00
829.29, 139.00
829.58, 140.00
829.86, 142.00
830.15, 145.00
830.44, 148.00
830.73, 145.00
831.01, 140.00
831.30, 138.00
831.59, 144.00
831.88, 141.00
832.16, 142.00
832.45, 154.00
832.74, 147.00
833.03, 143.00
833.31, 152.00
833.60, 147.00
833.89, 142.00
834.17, 150.00
834.46, 146.00
834.75, 137.00
835.03, 143.00
835.32, 143.00
835.61, 142.00
835.89, 156.00
836.18, 146.00
836.47, 146.00
836.75, 145.00
837.04, 147.00
837.33, 151.00
837.61, 145.00
837.90, 141.00
838.19, 147.00
838.47, 140.00
838.76, 144.00
839.04, 140.00
839.33, 140.00
839.62, 142.00
839.90, 144.00
840.19, 143.00
840.47, 140.00
840.76, 175.00
841.04, 144.00
841.33, 148.00
841.62, 149.00
841.90, 146.00
842.19, 141.00
842.47, 303.00
842.76, 146.00
843.04, 152.00
843.33, 179.00
843.61, 171.00
843.90, 170.00
844.18, 172.00
844.47, 158.00
844.75, 160.00
845.04, 159.00
845.32, 157.00
845.61, 151.00
845.89, 148.00
846.18, 151.00
846.46, 154.00
846.75, 146.00
847.03, 158.00
847.32, 149.00
847.60, 145.00
847.88, 146.00
848.17, 142.00
848.45, 161.00
848.74, 147.00
849.02, 146.00
849.31, 145.00
849.59, 143.00
849.87, 141.00
850.16, 148.00
850.44, 142.00
850.73, 178.00
851.01, 149.00
851.29, 146.00
851.58, 146.00
851.86, 141.00
852.14, 142.00
852.43, 147.00
852.71, 143.00
853.00, 146.00
853.28, 148.00
853.56, 142.00
853.85, 148.00
854.13, 142.00
854.41, 148.00
854.69, 140.00
854.98, 143.00
855.26, 202.00
855.54, 148.00
855.83, 145.00
856.11, 149.00
856.39, 143.00
856.68, 140.00
856.96, 140.00
857.24, 145.00
857.52, 151.00
857.81, 141.00
858.09, 141.00
858.37, 140.00
858.65, 136.00
858.94, 137.00
859.22, 143.00
