190.05, 0.00
190.41, 132.00
190.77, 133.00
191.14, 133.00
191.50, 136.00
191.86, 157.00
192.22, 145.00
192.58, 148.00
192.94, 148.00
193.31, 143.00
193.67, 144.00
194.03, 157.00
194.39, 145.00
194.75, 137.00
195.11, 154.00
195.47, 158.00
195.84, 141.00
196.20, 143.00
196.56, 164.00
196.92, 141.00
197.28, 151.00
197.64, 138.00
198.00, 148.00
198.37, 147.00
198.73, 145.00
199.09, 143.00
199.45, 141.00
199.81, 143.00
200.17, 156.00
200.53, 141.00
200.89, 154.00
201.25, 178.00
201.62, 145.00
201.98, 142.00
202.34, 142.00
202.70, 155.00
203.06, 144.00
203.42, 140.00
203.78, 145.00
204.14, 147.00
204.50, 175.00
204.86, 152.00
205.22, 151.00
205.58, 148.00
205.95, 145.00
206.31, 141.00
206.67, 140.00
207.03, 150.00
207.39, 153.00
207.75, 143.00
208.11, 144.00
208.47, 146.00
208.83, 150.00
209.19, 142.00
209.55, 145.00
209.91, 149.00
210.27, 149.00
210.63, 146.00
210.99, 156.00
211.35, 145.00
211.71, 145.00
212.07, 148.00
212.43, 153.00
212.79, 148.00
213.15, 145.00
213.51, 152.00
213.87, 147.00
214.23, 147.00
214.59, 144.00
214.95, 149.00
215.31, 147.00
215.67, 151.00
216.03, 175.00
216.39, 146.00
216.75, 146.00
217.11, 145.00
217.47, 148.00
217.83, 144.00
218.19, 145.00
218.55, 152.00
218.91, 146.00
219.27, 145.00
219.63, 143.00
219.99, 141.00
220.35, 144.00
220.71, 153.00
221.07, 146.00
221.43, 146.00
221.79, 145.00
222.15, 148.00
222.51, 148.00
222.87, 147.00
223.23, 141.00
223.59, 142.00
223.95, 147.00
224.31, 144.00
224.67, 145.00
225.03, 147.00
225.39, 154.00
225.74, 151.00
226.10, 150.00
226.46, 140.00
226.82, 149.00
227.18, 151.00
227.54, 142.00
227.90, 150.00
228.26, 147.00
228.62, 153.00
228.98, 148.00
229.34, 146.00
229.69, 148.00
230.05, 145.00
230.41, 141.00
230.77, 155.00
231.13, 156.00
231.49, 145.00
231.85, 143.00
232.21, 151.00
232.57, 155.00
232.92, 146.00
233.28, 147.00
233.64, 149.00
234.00, 142.00
234.36, 143.00
234.72, 143.00
235.08, 149.00
235.44, 146.00
235.79, 143.00
236.15, 145.00
236.51, 145.00
236.87, 145.00
237.23, 152.00
237.59, 144.00
237.94, 154.00
238.30, 147.00
238.66, 143.00
239.02, 147.00
239.38, 145.00
239.74, 140.00
240.09, 158.00
240.45, 145.00
240.81, 145.00
241.17, 145.00
241.53, 142.00
241.89, 143.00
242.24, 143.00
242.60, 141.00
242.96, 147.00
243.32, 150.00
243.68, 139.00
244.03, 145.00
244.39, 148.00
244.75, 169.00
245.11, 140.00
245.46, 146.00
245.82, 168.00
246.18, 143.00
246.54, 147.00
246.90, 143.00
247.25, 146.00
247.61, 143.00
247.97, 185.00
248.33, 145.00
248.68, 144.00
249.04, 145.00
249.40, 144.00
249.76, 150.00
250.11, 149.00
250.47, 151.00
250.83, 151.00
251.19, 145.00
251.54, 152.00
251.90, 149.00
252.26, 149.00
252.62, 148.00
252.97, 152.00
253.33, 145.00
253.69, 138.00
254.05, 147.00
254.40, 140.00
254.76, 139.00
255.12, 178.00
255.47, 148.00
255.83, 147.00
256.19, 145.00
256.54, 143.00
256.90, 139.00
257.26, 145.00
257.62, 148.00
257.97, 143.00
258.33, 148.00
258.69, 148.00
259.04, 141.00
259.40, 144.00
259.76, 149.00
260.11, 141.00
260.47, 145.00
260.83, 149.00
261.18, 140.00
261.54, 152.00
261.90, 149.00
262.25, 142.00
262.61, 137.00
262.97, 138.00
263.32, 138.00
263.68, 141.00
264.04, 151.00
264.39, 141.00
264.75, 141.00
265.10, 147.00
265.46, 190.00
265.82, 154.00
266.17, 141.00
266.53, 143.00
266.89, 145.00
267.24, 148.00
267.60, 142.00
267.95, 146.00
268.31, 145.00
268.67, 144.00
269.02, 143.00
269.38, 140.00
269.74, 153.00
270.09, 148.00
270.45, 148.00
270.80, 165.00
271.16, 143.00
271.51, 152.00
271.87, 152.00
272.23, 154.00
272.58, 149.00
272.94, 143.00
273.29, 144.00
273.65, 196.00
274.00, 145.00
274.36, 145.00
274.72, 146.00
275.07, 143.00
275.43, 145.00
275.78, 145.00
276.14, 146.00
276.49, 145.00
276.85, 167.00
277.20, 167.00
277.56, 145.00
277.92, 142.00
278.27, 146.00
278.63, 150.00
278.98, 141.00
279.34, 149.00
279.69, 148.00
280.05, 170.00
280.40, 153.00
280.76, 155.00
281.11, 152.00
281.47, 149.00
281.82, 152.00
282.18, 152.00
282.53, 160.00
282.89, 167.00
283.24, 163.00
283.60, 158.00
283.95, 165.00
284.31, 168.00
284.66, 162.00
285.02, 171.00
285.37, 173.00
285.73, 168.00
286.08, 168.00
286.44, 158.00
286.79, 162.00
287.14, 162.00
287.50, 160.00
287.85, 152.00
288.21, 152.00
288.56, 157.00
288.92, 154.00
289.27, 153.00
289.63, 159.00
289.98, 167.00
290.34, 157.00
290.69, 165.00
291.04, 145.00
291.40, 149.00
291.75, 151.00
292.11, 156.00
292.46, 149.00
292.81, 164.00
293.17, 160.00
293.52, 159.00
293.88, 167.00
294.23, 178.00
294.59, 185.00
294.94, 199.00
295.29, 198.00
295.65, 216.00
296.00, 228.00
296.36, 197.00
296.71, 198.00
297.06, 196.00
297.42, 213.00
297.77, 205.00
298.12, 201.00
298.48, 189.00
298.83, 177.00
299.19, 178.00
299.54, 189.00
299.89, 188.00
300.25, 179.00
300.60, 181.00
300.95, 180.00
301.31, 161.00
301.66, 160.00
302.01, 164.00
302.37, 156.00
302.72, 157.00
303.07, 165.00
303.43, 174.00
303.78, 174.00
304.13, 168.00
304.49, 180.00
304.84, 188.00
305.19, 220.00
305.55, 175.00
305.90, 187.00
306.25, 221.00
306.61, 293.00
306.96, 340.00
307.31, 428.00
307.66, 571.00
308.02, 760.00
308.37, 891.00
308.72, 977.00
309.08, 1015.00
309.43, 945.00
309.78, 820.00
310.13, 714.00
310.49, 623.00
310.84, 503.00
311.19, 463.00
311.54, 419.00
311.90, 352.00
312.25, 352.00
312.60, 362.00
312.95, 433.00
313.31, 480.00
313.66, 486.00
314.01, 480.00
314.36, 494.00
314.72, 557.00
315.07, 719.00
315.42, 895.00
315.77, 946.00
316.13, 772.00
316.48, 513.00
316.83, 351.00
317.18, 267.00
317.54, 214.00
317.89, 197.00
318.24, 183.00
318.59, 181.00
318.94, 175.00
319.30, 181.00
319.65, 188.00
320.00, 181.00
320.35, 190.00
320.70, 186.00
321.05, 188.00
321.41, 182.00
321.76, 188.00
322.11, 170.00
322.46, 177.00
322.81, 211.00
323.17, 179.00
323.52, 174.00
323.87, 173.00
324.22, 175.00
324.57, 183.00
324.92, 182.00
325.27, 189.00
325.63, 198.00
325.98, 203.00
326.33, 208.00
326.68, 207.00
327.03, 207.00
327.38, 208.00
327.73, 219.00
328.09, 244.00
328.44, 264.00
328.79, 235.00
329.14, 276.00
329.49, 230.00
329.84, 220.00
330.19, 223.00
330.54, 228.00
330.89, 220.00
331.25, 203.00
331.60, 198.00
331.95, 197.00
332.30, 198.00
332.65, 214.00
333.00, 219.00
333.35, 281.00
333.70, 303.00
334.05, 269.00
334.40, 288.00
334.75, 348.00
335.10, 476.00
335.45, 697.00
335.81, 1006.00
336.16, 1442.00
336.51, 2037.00
336.86, 2075.00
337.21, 1831.00
337.56, 1085.00
337.91, 655.00
338.26, 401.00
338.61, 284.00
338.96, 225.00
339.31, 208.00
339.66, 197.00
340.01, 196.00
340.36, 183.00
340.71, 183.00
341.06, 175.00
341.41, 179.00
341.76, 170.00
342.11, 178.00
342.46, 180.00
342.81, 189.00
343.16, 179.00
343.51, 178.00
343.86, 181.00
344.21, 179.00
344.56, 182.00
344.91, 177.00
345.26, 189.00
345.61, 180.00
345.96, 180.00
346.31, 178.00
346.66, 206.00
347.01, 178.00
347.36, 202.00
347.71, 184.00
348.06, 184.00
348.41, 201.00
348.76, 213.00
349.10, 222.00
349.45, 242.00
349.80, 234.00
350.15, 232.00
350.50, 224.00
350.85, 231.00
351.20, 239.00
351.55, 280.00
351.90, 351.00
352.25, 441.00
352.60, 556.00
352.95, 727.00
353.30, 796.00
353.64, 703.00
353.99, 545.00
354.34, 455.00
354.69, 419.00
355.04, 456.00
355.39, 534.00
355.74, 694.00
356.09, 891.00
356.44, 1098.00
356.78, 1478.00
357.13, 1707.00
357.48, 1628.00
357.83, 1212.00
358.18, 772.00
358.53, 501.00
358.88, 312.00
359.22, 250.00
359.57, 203.00
359.92, 190.00
360.27, 191.00
360.62, 197.00
360.97, 191.00
361.32, 196.00
361.66, 191.00
362.01, 193.00
362.36, 194.00
362.71, 202.00
363.06, 203.00
363.40, 202.00
363.75, 208.00
364.10, 213.00
364.45, 204.00
364.80, 192.00
365.14, 193.00
365.49, 200.00
365.84, 202.00
366.19, 226.00
366.54, 227.00
366.88, 248.00
367.23, 218.00
367.58, 261.00
367.93, 195.00
368.28, 194.00
368.62, 201.00
368.97, 217.00
369.32, 239.00
369.67, 254.00
370.01, 308.00
370.36, 319.00
370.71, 346.00
371.06, 295.00
371.40, 265.00
371.75, 220.00
372.10, 210.00
372.45, 207.00
372.79, 231.00
373.14, 257.00
373.49, 301.00
373.83, 367.00
374.18, 442.00
374.53, 572.00
374.88, 635.00
375.22, 648.00
375.57, 515.00
375.92, 382.00
376.26, 297.00
376.61, 240.00
376.96, 218.00
377.30, 230.00
377.65, 250.00
378.00, 291.00
378.35, 341.00
378.69, 436.00
379.04, 536.00
379.39, 713.00
379.73, 860.00
380.08, 849.00
380.43, 666.00
380.77, 465.00
381.12, 379.00
381.47, 297.00
381.81, 238.00
382.16, 212.00
382.50, 209.00
382.85, 271.00
383.20, 214.00
383.54, 221.00
383.89, 224.00
384.24, 233.00
384.58, 246.00
384.93, 266.00
385.27, 281.00
385.62, 280.00
385.97, 273.00
386.31, 260.00
386.66, 287.00
387.00, 267.00
387.35, 285.00
387.70, 312.00
388.04, 431.00
388.39, 451.00
388.73, 573.00
389.08, 684.00
389.43, 852.00
389.77, 1014.00
390.12, 1238.00
390.46, 1741.00
390.81, 1906.00
391.15, 1824.00
391.50, 1385.00
391.85, 844.00
392.19, 598.00
392.54, 398.00
392.88, 316.00
393.23, 316.00
393.57, 322.00
393.92, 312.00
394.26, 270.00
394.61, 239.00
394.95, 216.00
395.30, 198.00
395.64, 188.00
395.99, 235.00
396.33, 198.00
396.68, 207.00
397.02, 214.00
397.37, 237.00
397.71, 262.00
398.06, 295.00
398.40, 337.00
398.75, 403.00
399.09, 432.00
399.44, 435.00
399.78, 357.00
400.13, 300.00
400.47, 248.00
400.82, 205.00
401.16, 192.00
401.51, 201.00
401.85, 190.00
402.20, 198.00
402.54, 202.00
402.88, 217.00
403.23, 219.00
403.57, 237.00
403.92, 261.00
404.26, 342.00
404.61, 337.00
404.95, 432.00
405.30, 400.00
405.64, 372.00
405.98, 332.00
406.33, 278.00
406.67, 229.00
407.02, 203.00
407.36, 208.00
407.70, 222.00
408.05, 218.00
408.39, 232.00
408.74, 243.00
409.08, 244.00
409.42, 227.00
409.77, 221.00
410.11, 220.00
410.46, 209.00
410.80, 225.00
411.14, 226.00
411.49, 248.00
411.83, 249.00
412.17, 244.00
412.52, 252.00
412.86, 269.00
413.20, 269.00
413.55, 271.00
413.89, 258.00
414.23, 241.00
414.58, 269.00
414.92, 210.00
415.26, 204.00
415.61, 205.00
415.95, 214.00
416.29, 217.00
416.64, 223.00
416.98, 227.00
417.32, 238.00
417.67, 262.00
418.01, 278.00
418.35, 306.00
418.70, 328.00
419.04, 379.00
419.38, 364.00
419.72, 352.00
420.07, 315.00
420.41, 257.00
420.75, 227.00
421.10, 216.00
421.44, 213.00
421.78, 221.00
422.12, 214.00
422.47, 227.00
422.81, 251.00
423.15, 260.00
423.49, 257.00
423.84, 245.00
424.18, 252.00
424.52, 278.00
424.86, 329.00
425.21, 416.00
425.55, 460.00
425.89, 539.00
426.23, 628.00
426.57, 781.00
426.92, 829.00
427.26, 872.00
427.60, 716.00
427.94, 493.00
428.28, 369.00
428.63, 295.00
428.97, 235.00
429.31, 205.00
429.65, 199.00
429.99, 194.00
430.34, 195.00
430.68, 186.00
431.02, 215.00
431.36, 197.00
431.70, 206.00
432.04, 210.00
432.39, 218.00
432.73, 238.00
433.07, 239.00
433.41, 254.00
433.75, 262.00
434.09, 249.00
434.43, 236.00
434.78, 214.00
435.12, 217.00
435.46, 222.00
435.80, 235.00
436.14, 234.00
436.48, 231.00
436.82, 229.00
437.16, 233.00
437.51, 221.00
437.85, 215.00
438.19, 261.00
438.53, 220.00
438.87, 238.00
439.21, 226.00
439.55, 234.00
439.89, 246.00
440.23, 245.00
440.57, 267.00
440.91, 268.00
441.26, 251.00
441.60, 237.00
441.94, 229.00
442.28, 229.00
442.62, 224.00
442.96, 212.00
443.30, 213.00
443.64, 211.00
443.98, 210.00
444.32, 216.00
444.66, 206.00
445.00, 211.00
445.34, 217.00
445.68, 216.00
446.02, 217.00
446.36, 212.00
446.70, 210.00
447.04, 218.00
447.38, 246.00
447.72, 226.00
448.06, 226.00
448.40, 226.00
448.74, 220.00
449.08, 221.00
449.42, 202.00
449.76, 210.00
450.10, 197.00
450.44, 203.00
450.78, 210.00
451.12, 209.00
451.46, 210.00
451.80, 211.00
452.14, 186.00
452.48, 202.00
452.82, 200.00
453.16, 199.00
453.50, 203.00
453.84, 196.00
454.18, 243.00
454.52, 216.00
454.86, 216.00
455.19, 233.00
455.53, 224.00
455.87, 219.00
456.21, 237.00
456.55, 239.00
456.89, 237.00
457.23, 226.00
457.57, 226.00
457.91, 228.00
458.25, 230.00
458.59, 247.00
458.92, 261.00
459.26, 260.00
459.60, 259.00
459.94, 234.00
460.28, 220.00
460.62, 213.00
460.96, 204.00
461.30, 193.00
461.63, 198.00
461.97, 198.00
462.31, 206.00
462.65, 215.00
462.99, 222.00
463.33, 220.00
463.67, 225.00
464.00, 237.00
464.34, 232.00
464.68, 237.00
465.02, 239.00
465.36, 241.00
465.70, 236.00
466.03, 226.00
466.37, 221.00
466.71, 229.00
467.05, 244.00
467.39, 252.00
467.72, 269.00
468.06, 279.00
468.40, 296.00
468.74, 299.00
469.08, 306.00
469.41, 347.00
469.75, 360.00
470.09, 398.00
470.43, 381.00
470.76, 332.00
471.10, 310.00
471.44, 299.00
471.78, 283.00
472.11, 264.00
472.45, 258.00
472.79, 249.00
473.13, 243.00
473.46, 248.00
473.80, 240.00
474.14, 230.00
474.48, 235.00
474.81, 228.00
475.15, 229.00
475.49, 227.00
475.82, 232.00
476.16, 233.00
476.50, 220.00
476.84, 227.00
477.17, 219.00
477.51, 222.00
477.85, 219.00
478.18, 241.00
478.52, 219.00
478.86, 275.00
479.19, 233.00
479.53, 226.00
479.87, 275.00
480.20, 238.00
480.54, 244.00
480.88, 234.00
481.21, 224.00
481.55, 234.00
481.89, 227.00
482.22, 222.00
482.56, 232.00
482.90, 229.00
483.23, 229.00
483.57, 221.00
483.90, 219.00
484.24, 224.00
484.58, 225.00
484.91, 231.00
485.25, 232.00
485.58, 235.00
485.92, 239.00
486.26, 230.00
486.59, 240.00
486.93, 244.00
487.26, 244.00
487.60, 244.00
487.94, 237.00
488.27, 246.00
488.61, 233.00
488.94, 240.00
489.28, 236.00
489.61, 237.00
489.95, 238.00
490.29, 243.00
490.62, 247.00
490.96, 244.00
491.29, 247.00
491.63, 238.00
491.96, 234.00
492.30, 236.00
492.63, 232.00
492.97, 227.00
493.30, 238.00
493.64, 230.00
493.97, 235.00
494.31, 239.00
494.64, 250.00
494.98, 243.00
495.31, 248.00
495.65, 240.00
495.98, 245.00
496.32, 230.00
496.65, 269.00
496.99, 229.00
497.32, 226.00
497.66, 224.00
497.99, 216.00
498.33, 224.00
498.66, 230.00
499.00, 232.00
499.33, 225.00
499.67, 227.00
500.00, 229.00
500.34, 247.00
500.67, 248.00
501.00, 235.00
501.34, 234.00
501.67, 235.00
502.01, 234.00
502.34, 241.00
502.68, 253.00
503.01, 250.00
503.34, 254.00
503.68, 250.00
504.01, 249.00
504.35, 255.00
504.68, 253.00
505.01, 259.00
505.35, 257.00
505.68, 250.00
506.02, 261.00
506.35, 265.00
506.68, 272.00
507.02, 261.00
507.35, 258.00
507.68, 249.00
508.02, 261.00
508.35, 256.00
508.69, 251.00
509.02, 251.00
509.35, 242.00
509.69, 246.00
510.02, 257.00
510.35, 242.00
510.69, 245.00
511.02, 243.00
511.35, 235.00
511.69, 236.00
512.02, 234.00
512.35, 242.00
512.68, 245.00
513.02, 238.00
513.35, 233.00
513.68, 240.00
514.02, 239.00
514.35, 239.00
514.68, 234.00
515.01, 229.00
515.35, 232.00
515.68, 224.00
516.01, 219.00
516.35, 221.00
516.68, 230.00
517.01, 223.00
517.34, 232.00
517.68, 225.00
518.01, 236.00
518.34, 224.00
518.67, 219.00
519.01, 231.00
519.34, 237.00
519.67, 243.00
520.00, 234.00
520.33, 235.00
520.67, 242.00
521.00, 239.00
521.33, 246.00
521.66, 250.00
522.00, 254.00
522.33, 249.00
522.66, 237.00
522.99, 226.00
523.32, 242.00
523.65, 231.00
523.99, 238.00
524.32, 237.00
524.65, 227.00
524.98, 241.00
525.31, 233.00
525.65, 266.00
525.98, 235.00
526.31, 230.00
526.64, 243.00
526.97, 235.00
527.30, 225.00
527.63, 228.00
527.97, 226.00
528.30, 222.00
528.63, 233.00
528.96, 252.00
529.29, 227.00
529.62, 228.00
529.95, 213.00
530.28, 221.00
530.61, 221.00
530.95, 211.00
531.28, 217.00
531.61, 222.00
531.94, 233.00
532.27, 233.00
532.60, 236.00
532.93, 238.00
533.26, 223.00
533.59, 216.00
533.92, 228.00
534.25, 210.00
534.58, 251.00
534.91, 211.00
535.25, 209.00
535.58, 215.00
535.91, 215.00
536.24, 214.00
536.57, 217.00
536.90, 206.00
537.23, 215.00
537.56, 256.00
537.89, 209.00
538.22, 201.00
538.55, 211.00
538.88, 209.00
539.21, 330.00
539.54, 206.00
539.87, 214.00
540.20, 207.00
540.53, 208.00
540.86, 240.00
541.19, 209.00
541.52, 203.00
541.85, 206.00
542.18, 225.00
542.51, 226.00
542.84, 222.00
543.17, 225.00
543.50, 221.00
543.82, 224.00
544.15, 224.00
544.48, 231.00
544.81, 222.00
545.14, 243.00
545.47, 219.00
545.80, 255.00
546.13, 220.00
546.46, 259.00
546.79, 240.00
547.12, 221.00
547.45, 217.00
547.78, 220.00
548.10, 213.00
548.43, 210.00
548.76, 211.00
549.09, 210.00
549.42, 215.00
549.75, 209.00
550.08, 220.00
550.41, 212.00
550.74, 223.00
551.06, 209.00
551.39, 224.00
551.72, 212.00
552.05, 210.00
552.38, 209.00
552.71, 210.00
553.03, 215.00
553.36, 217.00
553.69, 217.00
554.02, 214.00
554.35, 222.00
554.68, 217.00
555.00, 229.00
555.33, 223.00
555.66, 221.00
555.99, 237.00
556.32, 227.00
556.64, 235.00
556.97, 246.00
557.30, 236.00
557.63, 240.00
557.96, 242.00
558.28, 241.00
558.61, 244.00
558.94, 252.00
559.27, 240.00
559.59, 238.00
559.92, 237.00
560.25, 230.00
560.58, 234.00
560.90, 240.00
561.23, 233.00
561.56, 224.00
561.89, 226.00
562.21, 221.00
562.54, 214.00
562.87, 213.00
563.20, 221.00
563.52, 212.00
563.85, 208.00
564.18, 219.00
564.50, 215.00
564.83, 230.00
565.16, 254.00
565.48, 195.00
565.81, 208.00
566.14, 191.00
566.47, 198.00
566.79, 202.00
567.12, 194.00
567.45, 224.00
567.77, 200.00
568.10, 199.00
568.43, 206.00
568.75, 201.00
569.08, 213.00
569.40, 239.00
569.73, 203.00
570.06, 202.00
570.38, 196.00
570.71, 198.00
571.04, 198.00
571.36, 209.00
571.69, 203.00
572.01, 202.00
572.34, 200.00
572.67, 201.00
572.99, 204.00
573.32, 213.00
573.64, 193.00
573.97, 195.00
574.30, 198.00
574.62, 191.00
574.95, 192.00
575.27, 198.00
575.60, 187.00
575.92, 195.00
576.25, 197.00
576.58, 203.00
576.90, 202.00
577.23, 235.00
577.55, 198.00
577.88, 196.00
578.20, 199.00
578.53, 199.00
578.85, 220.00
579.18, 206.00
579.50, 195.00
579.83, 191.00
580.15, 204.00
580.48, 208.00
580.80, 209.00
581.13, 200.00
581.45, 199.00
581.78, 195.00
582.10, 201.00
582.43, 201.00
582.75, 204.00
583.08, 197.00
583.40, 199.00
583.73, 274.00
584.05, 205.00
584.38, 200.00
584.70, 245.00
585.03, 211.00
585.35, 205.00
585.67, 209.00
586.00, 244.00
586.32, 274.00
586.65, 279.00
586.97, 280.00
587.30, 254.00
587.62, 235.00
587.94, 250.00
588.27, 225.00
588.59, 217.00
588.92, 210.00
589.24, 210.00
589.56, 211.00
589.89, 213.00
590.21, 206.00
590.54, 208.00
590.86, 208.00
591.18, 205.00
591.51, 205.00
591.83, 223.00
592.15, 210.00
592.48, 213.00
592.80, 222.00
593.13, 220.00
593.45, 223.00
593.77, 226.00
594.10, 231.00
594.42, 241.00
594.74, 235.00
595.07, 226.00
595.39, 242.00
595.71, 243.00
596.03, 250.00
596.36, 251.00
596.68, 250.00
597.00, 253.00
597.33, 257.00
597.65, 263.00
597.97, 253.00
598.30, 248.00
598.62, 251.00
598.94, 243.00
599.26, 246.00
599.59, 251.00
599.91, 247.00
600.23, 235.00
600.55, 235.00
600.88, 239.00
601.20, 228.00
601.52, 216.00
601.84, 212.00
602.17, 215.00
602.49, 204.00
602.81, 199.00
603.13, 205.00
603.45, 213.00
603.78, 206.00
604.10, 200.00
604.42, 202.00
604.74, 203.00
605.07, 194.00
605.39, 199.00
605.71, 198.00
606.03, 196.00
606.35, 191.00
606.67, 204.00
607.00, 198.00
607.32, 195.00
607.64, 194.00
607.96, 188.00
608.28, 190.00
608.60, 181.00
608.93, 193.00
609.25, 194.00
609.57, 190.00
609.89, 191.00
610.21, 182.00
610.53, 187.00
610.85, 187.00
611.17, 188.00
611.50, 185.00
611.82, 184.00
612.14, 180.00
612.46, 188.00
612.78, 184.00
613.10, 187.00
613.42, 187.00
613.74, 198.00
614.06, 238.00
614.38, 223.00
614.70, 228.00
615.03, 234.00
615.35, 216.00
615.67, 312.00
615.99, 204.00
616.31, 194.00
616.63, 201.00
616.95, 195.00
617.27, 191.00
617.59, 188.00
617.91, 189.00
618.23, 188.00
618.55, 178.00
618.87, 181.00
619.19, 183.00
619.51, 178.00
619.83, 179.00
620.15, 174.00
620.47, 176.00
620.79, 181.00
621.11, 186.00
621.43, 185.00
621.75, 184.00
622.07, 185.00
622.39, 186.00
622.71, 177.00
623.03, 177.00
623.35, 223.00
623.67, 179.00
623.99, 178.00
624.31, 177.00
624.63, 181.00
624.95, 183.00
625.26, 181.00
625.58, 189.00
625.90, 212.00
626.22, 179.00
626.54, 180.00
626.86, 187.00
627.18, 181.00
627.50, 189.00
627.82, 186.00
628.14, 183.00
628.46, 195.00
628.77, 191.00
629.09, 187.00
629.41, 192.00
629.73, 186.00
630.05, 199.00
630.37, 191.00
630.69, 198.00
631.00, 202.00
631.32, 209.00
631.64, 196.00
631.96, 200.00
632.28, 199.00
632.60, 200.00
632.92, 199.00
633.23, 208.00
633.55, 208.00
633.87, 218.00
634.19, 214.00
634.51, 224.00
634.82, 237.00
635.14, 232.00
635.46, 229.00
635.78, 229.00
636.10, 228.00
636.41, 228.00
636.73, 223.00
637.05, 231.00
637.37, 227.00
637.68, 221.00
638.00, 224.00
638.32, 229.00
638.64, 249.00
638.95, 263.00
639.27, 251.00
639.59, 249.00
639.91, 235.00
640.22, 225.00
640.54, 228.00
640.86, 216.00
641.18, 227.00
641.49, 242.00
641.81, 224.00
642.13, 223.00
642.44, 220.00
642.76, 209.00
643.08, 211.00
643.40, 215.00
643.71, 225.00
644.03, 217.00
644.35, 227.00
644.66, 234.00
644.98, 224.00
645.30, 224.00
645.61, 233.00
645.93, 210.00
646.25, 204.00
646.56, 214.00
646.88, 232.00
647.19, 195.00
647.51, 207.00
647.83, 196.00
648.14, 190.00
648.46, 197.00
648.78, 202.00
649.09, 198.00
649.41, 243.00
649.72, 210.00
650.04, 225.00
650.36, 218.00
650.67, 217.00
650.99, 213.00
651.30, 223.00
651.62, 229.00
651.93, 225.00
652.25, 239.00
652.57, 265.00
652.88, 226.00
653.20, 229.00
653.51, 219.00
653.83, 212.00
654.14, 207.00
654.46, 216.00
654.77, 213.00
655.09, 212.00
655.40, 222.00
655.72, 211.00
656.04, 197.00
656.35, 204.00
656.67, 199.00
656.98, 213.00
657.30, 208.00
657.61, 212.00
657.93, 212.00
658.24, 213.00
658.55, 256.00
658.87, 216.00
659.18, 217.00
659.50, 215.00
659.81, 223.00
660.13, 217.00
660.44, 210.00
660.76, 216.00
661.07, 228.00
661.39, 208.00
661.70, 210.00
662.01, 198.00
662.33, 194.00
662.64, 193.00
662.96, 192.00
663.27, 182.00
663.59, 188.00
663.90, 187.00
664.21, 183.00
664.53, 207.00
664.84, 180.00
665.16, 217.00
665.47, 191.00
665.78, 183.00
666.10, 209.00
666.41, 211.00
666.72, 214.00
667.04, 229.00
667.35, 208.00
667.67, 207.00
667.98, 200.00
668.29, 200.00
668.61, 203.00
668.92, 199.00
669.23, 198.00
669.55, 195.00
669.86, 222.00
670.17, 189.00
670.48, 184.00
670.80, 187.00
671.11, 185.00
671.42, 180.00
671.74, 192.00
672.05, 180.00
672.36, 193.00
672.68, 188.00
672.99, 191.00
673.30, 192.00
673.61, 197.00
673.93, 209.00
674.24, 210.00
674.55, 208.00
674.86, 214.00
675.18, 211.00
675.49, 217.00
675.80, 215.00
676.11, 222.00
676.43, 218.00
676.74, 212.00
677.05, 219.00
677.36, 223.00
677.67, 218.00
677.99, 215.00
678.30, 209.00
678.61, 200.00
678.92, 192.00
679.23, 195.00
679.55, 186.00
679.86, 189.00
680.17, 187.00
680.48, 189.00
680.79, 188.00
681.10, 178.00
681.42, 178.00
681.73, 180.00
682.04, 178.00
682.35, 186.00
682.66, 178.00
682.97, 179.00
683.28, 177.00
683.60, 180.00
683.91, 181.00
684.22, 194.00
684.53, 182.00
684.84, 171.00
685.15, 174.00
685.46, 203.00
685.77, 171.00
686.08, 172.00
686.40, 214.00
686.71, 169.00
687.02, 173.00
687.33, 168.00
687.64, 167.00
687.95, 164.00
688.26, 170.00
688.57, 165.00
688.88, 165.00
689.19, 160.00
689.50, 158.00
689.81, 169.00
690.12, 161.00
690.43, 181.00
690.74, 163.00
691.05, 156.00
691.36, 182.00
691.67, 161.00
691.98, 161.00
692.29, 161.00
692.60, 164.00
692.91, 164.00
693.22, 154.00
693.53, 162.00
693.84, 163.00
694.15, 156.00
694.46, 159.00
694.77, 161.00
695.08, 166.00
695.39, 164.00
695.70, 158.00
696.01, 162.00
696.32, 153.00
696.63, 160.00
696.94, 162.00
697.25, 160.00
697.56, 162.00
697.87, 169.00
698.17, 197.00
698.48, 163.00
698.79, 157.00
699.10, 161.00
699.41, 162.00
699.72, 162.00
700.03, 161.00
700.34, 163.00
700.65, 173.00
700.95, 162.00
701.26, 160.00
701.57, 166.00
701.88, 158.00
702.19, 178.00
702.50, 162.00
702.81, 159.00
703.11, 186.00
703.42, 159.00
703.73, 171.00
704.04, 168.00
704.35, 178.00
704.66, 204.00
704.96, 289.00
705.27, 354.00
705.58, 393.00
705.89, 359.00
706.20, 297.00
706.50, 263.00
706.81, 244.00
707.12, 225.00
707.43, 200.00
707.73, 188.00
708.04, 164.00
708.35, 165.00
708.66, 162.00
708.97, 163.00
709.27, 165.00
709.58, 159.00
709.89, 157.00
710.19, 156.00
710.50, 166.00
710.81, 162.00
711.12, 170.00
711.42, 160.00
711.73, 164.00
712.04, 160.00
712.35, 162.00
712.65, 158.00
712.96, 163.00
713.27, 170.00
713.57, 184.00
713.88, 184.00
714.19, 163.00
714.49, 159.00
714.80, 163.00
715.11, 159.00
715.41, 166.00
715.72, 160.00
716.03, 157.00
716.33, 163.00
716.64, 161.00
716.94, 161.00
717.25, 158.00
717.56, 164.00
717.86, 162.00
718.17, 156.00
718.48, 159.00
718.78, 154.00
719.09, 154.00
719.39, 153.00
719.70, 156.00
720.01, 157.00
720.31, 158.00
720.62, 151.00
720.92, 158.00
721.23, 162.00
721.53, 166.00
721.84, 166.00
722.15, 171.00
722.45, 160.00
722.76, 163.00
723.06, 164.00
723.37, 166.00
723.67, 163.00
723.98, 164.00
724.28, 162.00
724.59, 179.00
724.89, 169.00
725.20, 164.00
725.50, 169.00
725.81, 161.00
726.11, 163.00
726.42, 168.00
726.72, 165.00
727.03, 211.00
727.33, 168.00
727.64, 173.00
727.94, 164.00
728.25, 162.00
728.55, 161.00
728.86, 179.00
729.16, 156.00
729.46, 154.00
729.77, 161.00
730.07, 157.00
730.38, 156.00
730.68, 160.00
730.99, 169.00
731.29, 156.00
731.59, 167.00
731.90, 162.00
732.20, 156.00
732.51, 166.00
732.81, 157.00
733.11, 166.00
733.42, 163.00
733.72, 170.00
734.02, 169.00
734.33, 162.00
734.63, 156.00
734.94, 163.00
735.24, 166.00
735.54, 163.00
735.85, 159.00
736.15, 161.00
736.45, 160.00
736.76, 155.00
737.06, 161.00
737.36, 160.00
737.67, 159.00
737.97, 164.00
738.27, 161.00
738.57, 156.00
738.88, 147.00
739.18, 196.00
739.48, 157.00
739.79, 153.00
740.09, 161.00
740.39, 159.00
740.69, 165.00
741.00, 155.00
741.30, 160.00
741.60, 158.00
741.90, 163.00
742.21, 161.00
742.51, 206.00
742.81, 158.00
743.11, 165.00
743.42, 193.00
743.72, 167.00
744.02, 181.00
744.32, 174.00
744.63, 183.00
744.93, 186.00
745.23, 189.00
745.53, 190.00
745.83, 185.00
746.13, 180.00
746.44, 179.00
746.74, 185.00
747.04, 184.00
747.34, 186.00
747.64, 193.00
747.94, 186.00
748.25, 183.00
748.55, 186.00
748.85, 188.00
749.15, 190.00
749.45, 201.00
749.75, 210.00
750.05, 181.00
750.35, 168.00
750.66, 184.00
750.96, 171.00
751.26, 164.00
751.56, 152.00
751.86, 173.00
752.16, 162.00
752.46, 157.00
752.76, 163.00
753.06, 156.00
753.36, 196.00
753.66, 158.00
753.96, 160.00
754.27, 161.00
754.57, 162.00
754.87, 161.00
755.17, 162.00
755.47, 161.00
755.77, 161.00
756.07, 168.00
756.37, 166.00
756.67, 175.00
756.97, 168.00
757.27, 172.00
757.57, 173.00
757.87, 171.00
758.17, 167.00
758.47, 174.00
758.77, 173.00
759.07, 168.00
759.37, 168.00
759.67, 174.00
759.97, 179.00
760.27, 172.00
760.57, 168.00
760.86, 172.00
761.16, 174.00
761.46, 172.00
761.76, 198.00
762.06, 160.00
762.36, 173.00
762.66, 164.00
762.96, 160.00
763.26, 164.00
763.56, 185.00
763.86, 168.00
764.16, 157.00
764.45, 170.00
764.75, 160.00
765.05, 159.00
765.35, 157.00
765.65, 157.00
765.95, 158.00
766.25, 163.00
766.55, 169.00
766.84, 162.00
767.14, 164.00
767.44, 155.00
767.74, 169.00
768.04, 166.00
768.34, 162.00
768.63, 162.00
768.93, 167.00
769.23, 176.00
769.53, 170.00
769.83, 168.00
770.12, 172.00
770.42, 167.00
770.72, 170.00
771.02, 167.00
771.32, 167.00
771.61, 173.00
771.91, 174.00
772.21, 166.00
772.51, 165.00
772.80, 169.00
773.10, 174.00
773.40, 178.00
773.70, 168.00
773.99, 175.00
774.29, 176.00
774.59, 189.00
774.88, 172.00
775.18, 220.00
775.48, 513.00
775.78, 1001.00
776.07, 1292.00
776.37, 1361.00
776.67, 1034.00
776.96, 684.00
777.26, 582.00
777.56, 440.00
777.85, 382.00
778.15, 350.00
778.45, 315.00
778.74, 267.00
779.04, 233.00
779.34, 189.00
779.63, 185.00
779.93, 161.00
780.22, 155.00
780.52, 158.00
780.82, 151.00
781.11, 153.00
781.41, 152.00
781.71, 153.00
782.00, 155.00
782.30, 151.00
782.59, 165.00
782.89, 148.00
783.19, 146.00
783.48, 148.00
783.78, 150.00
784.07, 159.00
784.37, 154.00
784.66, 149.00
784.96, 152.00
785.25, 149.00
785.55, 147.00
785.84, 153.00
786.14, 150.00
786.44, 151.00
786.73, 149.00
787.03, 149.00
787.32, 150.00
787.62, 153.00
787.91, 149.00
788.21, 152.00
788.50, 147.00
788.80, 148.00
789.09, 154.00
789.39, 151.00
789.68, 145.00
789.97, 153.00
790.27, 147.00
790.56, 150.00
790.86, 158.00
791.15, 145.00
791.45, 143.00
791.74, 167.00
792.04, 148.00
792.33, 148.00
792.62, 179.00
792.92, 150.00
793.21, 146.00
793.51, 153.00
793.80, 149.00
794.09, 149.00
794.39, 147.00
794.68, 146.00
794.98, 150.00
795.27, 149.00
795.56, 145.00
795.86, 154.00
796.15, 148.00
796.44, 155.00
796.74, 147.00
797.03, 150.00
797.32, 147.00
797.62, 146.00
797.91, 161.00
798.20, 140.00
798.50, 152.00
798.79, 156.00
799.08, 146.00
799.38, 150.00
799.67, 149.00
799.96, 155.00
800.26, 172.00
800.55, 143.00
800.84, 152.00
801.13, 149.00
801.43, 149.00
801.72, 180.00
802.01, 147.00
802.30, 151.00
802.60, 147.00
802.89, 150.00
803.18, 149.00
803.47, 152.00
803.77, 156.00
804.06, 153.00
804.35, 152.00
804.64, 170.00
804.94, 152.00
805.23, 151.00
805.52, 145.00
805.81, 152.00
806.10, 150.00
806.39, 144.00
806.69, 148.00
806.98, 151.00
807.27, 150.00
807.56, 154.00
807.85, 151.00
808.14, 147.00
808.44, 150.00
808.73, 146.00
809.02, 165.00
809.31, 149.00
809.60, 149.00
809.89, 152.00
810.18, 147.00
810.48, 151.00
810.77, 155.00
811.06, 144.00
811.35, 142.00
811.64, 149.00
811.93, 164.00
812.22, 149.00
812.51, 150.00
812.80, 150.00
813.09, 144.00
813.38, 146.00
813.67, 171.00
813.96, 144.00
814.26, 146.00
814.55, 146.00
814.84, 146.00
815.13, 151.00
815.42, 146.00
815.71, 149.00
816.00, 144.00
816.29, 152.00
816.58, 150.00
816.87, 146.00
817.16, 148.00
817.45, 153.00
817.74, 145.00
818.03, 143.00
818.32, 144.00
818.61, 146.00
818.90, 154.00
819.19, 145.00
819.48, 141.00
819.76, 146.00
820.05, 147.00
820.34, 146.00
820.63, 146.00
820.92, 145.00
821.21, 147.00
821.50, 146.00
821.79, 140.00
822.08, 143.00
822.37, 147.00
822.66, 144.00
822.95, 150.00
823.23, 143.00
823.52, 163.00
823.81, 149.00
824.10, 140.00
824.39, 144.00
824.68, 149.00
824.97, 165.00
825.26, 143.00
825.54, 191.00
825.83, 147.00
826.12, 144.00
826.41, 144.00
826.70, 143.00
826.99, 151.00
827.27, 144.00
827.56, 167.00
827.85, 143.00
828.14, 145.00
828.43, 147.00
828.71, 144.00
829.00, 143.00
829.29, 141.00
829.58, 150.00
829.86, 145.00
830.15, 145.00
830.44, 148.00
830.73, 147.00
831.01, 144.00
831.30, 148.00
831.59, 148.00
831.88, 141.00
832.16, 147.00
832.45, 147.00
832.74, 143.00
833.03, 146.00
833.31, 150.00
833.60, 144.00
833.89, 142.00
834.17, 146.00
834.46, 143.00
834.75, 150.00
835.03, 146.00
835.32, 143.00
835.61, 151.00
835.89, 155.00
836.18, 145.00
836.47, 148.00
836.75, 148.00
837.04, 148.00
837.33, 148.00
837.61, 141.00
837.90, 145.00
838.19, 146.00
838.47, 140.00
838.76, 146.00
839.04, 143.00
839.33, 143.00
839.62, 143.00
839.90, 148.00
840.19, 145.00
840.47, 144.00
840.76, 174.00
841.04, 144.00
841.33, 149.00
841.62, 144.00
841.90, 146.00
842.19, 146.00
842.47, 179.00
842.76, 142.00
843.04, 153.00
843.33, 176.00
843.61, 179.00
843.90, 172.00
844.18, 170.00
844.47, 172.00
844.75, 171.00
845.04, 163.00
845.32, 164.00
845.61, 158.00
845.89, 154.00
846.18, 152.00
846.46, 156.00
846.75, 149.00
847.03, 162.00
847.32, 147.00
847.60, 143.00
847.88, 139.00
848.17, 145.00
848.45, 165.00
848.74, 150.00
849.02, 148.00
849.31, 147.00
849.59, 143.00
849.87, 142.00
850.16, 141.00
850.44, 151.00
850.73, 172.00
851.01, 143.00
851.29, 142.00
851.58, 146.00
851.86, 147.00
852.14, 144.00
852.43, 145.00
852.71, 141.00
853.00, 143.00
853.28, 150.00
853.56, 143.00
853.85, 142.00
854.13, 148.00
854.41, 148.00
854.69, 149.00
854.98, 148.00
855.26, 199.00
855.54, 139.00
855.83, 146.00
856.11, 148.00
856.39, 147.00
856.68, 147.00
856.96, 143.00
857.24, 147.00
857.52, 149.00
857.81, 151.00
858.09, 144.00
858.37, 146.00
858.65, 143.00
858.94, 139.00
859.22, 140.00
