190.05, 0.00
190.41, 131.00
190.77, 133.00
191.14, 130.00
191.50, 136.00
191.86, 154.00
192.22, 146.00
192.58, 148.00
192.94, 140.00
193.31, 136.00
193.67, 139.00
194.03, 149.00
194.39, 140.00
194.75, 140.00
195.11, 148.00
195.47, 160.00
195.84, 143.00
196.20, 142.00
196.56, 157.00
196.92, 140.00
197.28, 143.00
197.64, 142.00
198.00, 144.00
198.37, 146.00
198.73, 141.00
199.09, 140.00
199.45, 143.00
199.81, 146.00
200.17, 151.00
200.53, 146.00
200.89, 150.00
201.25, 179.00
201.62, 144.00
201.98, 143.00
202.34, 141.00
202.70, 153.00
203.06, 144.00
203.42, 138.00
203.78, 142.00
204.14, 141.00
204.50, 169.00
204.86, 158.00
205.22, 153.00
205.58, 145.00
205.95, 149.00
206.31, 146.00
206.67, 147.00
207.03, 148.00
207.39, 151.00
207.75, 142.00
208.11, 142.00
208.47, 143.00
208.83, 149.00
209.19, 146.00
209.55, 140.00
209.91, 144.00
210.27, 150.00
210.63, 146.00
210.99, 147.00
211.35, 145.00
211.71, 146.00
212.07, 147.00
212.43, 150.00
212.79, 147.00
213.15, 143.00
213.51, 144.00
213.87, 151.00
214.23, 146.00
214.59, 144.00
214.95, 144.00
215.31, 148.00
215.67, 143.00
216.03, 174.00
216.39, 141.00
216.75, 143.00
217.11, 146.00
217.47, 142.00
217.83, 141.00
218.19, 148.00
218.55, 148.00
218.91, 149.00
219.27, 143.00
219.63, 143.00
219.99, 139.00
220.35, 143.00
220.71, 154.00
221.07, 150.00
221.43, 150.00
221.79, 149.00
222.15, 142.00
222.51, 144.00
222.87, 148.00
223.23, 142.00
223.59, 142.00
223.95, 146.00
224.31, 143.00
224.67, 141.00
225.03, 149.00
225.39, 154.00
225.74, 149.00
226.10, 143.00
226.46, 145.00
226.82, 147.00
227.18, 152.00
227.54, 144.00
227.90, 147.00
228.26, 151.00
228.62, 154.00
228.98, 140.00
229.34, 142.00
229.69, 141.00
230.05, 144.00
230.41, 139.00
230.77, 161.00
231.13, 153.00
231.49, 145.00
231.85, 143.00
232.21, 150.00
232.57, 146.00
232.92, 147.00
233.28, 140.00
233.64, 145.00
234.00, 144.00
234.36, 145.00
234.72, 144.00
235.08, 145.00
235.44, 147.00
235.79, 147.00
236.15, 143.00
236.51, 145.00
236.87, 141.00
237.23, 142.00
237.59, 144.00
237.94, 150.00
238.30, 142.00
238.66, 141.00
239.02, 144.00
239.38, 141.00
239.74, 144.00
240.09, 151.00
240.45, 143.00
240.81, 142.00
241.17, 151.00
241.53, 142.00
241.89, 143.00
242.24, 142.00
242.60, 144.00
242.96, 145.00
243.32, 144.00
243.68, 140.00
244.03, 148.00
244.39, 143.00
244.75, 167.00
245.11, 143.00
245.46, 147.00
245.82, 173.00
246.18, 147.00
246.54, 148.00
246.90, 144.00
247.25, 141.00
247.61, 142.00
247.97, 184.00
248.33, 142.00
248.68, 137.00
249.04, 142.00
249.40, 147.00
249.76, 147.00
250.11, 144.00
250.47, 148.00
250.83, 147.00
251.19, 144.00
251.54, 150.00
251.90, 141.00
252.26, 143.00
252.62, 143.00
252.97, 145.00
253.33, 143.00
253.69, 144.00
254.05, 150.00
254.40, 145.00
254.76, 138.00
255.12, 170.00
255.47, 146.00
255.83, 143.00
256.19, 152.00
256.54, 144.00
256.90, 142.00
257.26, 143.00
257.62, 147.00
257.97, 143.00
258.33, 142.00
258.69, 142.00
259.04, 145.00
259.40, 148.00
259.76, 149.00
260.11, 146.00
260.47, 142.00
260.83, 149.00
261.18, 146.00
261.54, 155.00
261.90, 146.00
262.25, 143.00
262.61, 144.00
262.97, 143.00
263.32, 140.00
263.68, 142.00
264.04, 151.00
264.39, 136.00
264.75, 138.00
265.10, 144.00
265.46, 184.00
265.82, 156.00
266.17, 142.00
266.53, 142.00
266.89, 146.00
267.24, 151.00
267.60, 141.00
267.95, 140.00
268.31, 143.00
268.67, 145.00
269.02, 136.00
269.38, 141.00
269.74, 153.00
270.09, 143.00
270.45, 144.00
270.80, 164.00
271.16, 149.00
271.51, 152.00
271.87, 152.00
272.23, 155.00
272.58, 153.00
272.94, 149.00
273.29, 144.00
273.65, 194.00
274.00, 142.00
274.36, 152.00
274.72, 149.00
275.07, 146.00
275.43, 146.00
275.78, 147.00
276.14, 148.00
276.49, 149.00
276.85, 158.00
277.20, 162.00
277.56, 145.00
277.92, 138.00
278.27, 142.00
278.63, 153.00
278.98, 146.00
279.34, 146.00
279.69, 149.00
280.05, 168.00
280.40, 153.00
280.76, 162.00
281.11, 153.00
281.47, 151.00
281.82, 147.00
282.18, 151.00
282.53, 158.00
282.89, 163.00
283.24, 160.00
283.60, 155.00
283.95, 166.00
284.31, 161.00
284.66, 163.00
285.02, 173.00
285.37, 175.00
285.73, 170.00
286.08, 171.00
286.44, 153.00
286.79, 159.00
287.14, 159.00
287.50, 155.00
287.85, 146.00
288.21, 157.00
288.56, 153.00
288.92, 155.00
289.27, 156.00
289.63, 157.00
289.98, 161.00
290.34, 148.00
290.69, 162.00
291.04, 144.00
291.40, 146.00
291.75, 142.00
292.11, 153.00
292.46, 148.00
292.81, 157.00
293.17, 154.00
293.52, 162.00
293.88, 166.00
294.23, 169.00
294.59, 182.00
294.94, 191.00
295.29, 194.00
295.65, 211.00
296.00, 231.00
296.36, 198.00
296.71, 200.00
297.06, 193.00
297.42, 201.00
297.77, 198.00
298.12, 186.00
298.48, 185.00
298.83, 182.00
299.19, 179.00
299.54, 184.00
299.89, 178.00
300.25, 181.00
300.60, 186.00
300.95, 172.00
301.31, 163.00
301.66, 154.00
302.01, 158.00
302.37, 157.00
302.72, 156.00
303.07, 159.00
303.43, 168.00
303.78, 169.00
304.13, 173.00
304.49, 179.00
304.84, 178.00
305.19, 210.00
305.55, 169.00
305.90, 194.00
306.25, 223.00
306.61, 279.00
306.96, 332.00
307.31, 414.00
307.66, 568.00
308.02, 738.00
308.37, 873.00
308.72, 968.00
309.08, 959.00
309.43, 922.00
309.78, 784.00
310.13, 686.00
310.49, 612.00
310.84, 482.00
311.19, 443.00
311.54, 395.00
311.90, 343.00
312.25, 331.00
312.60, 327.00
312.95, 402.00
313.31, 449.00
313.66, 444.00
314.01, 455.00
314.36, 452.00
314.72, 507.00
315.07, 653.00
315.42, 825.00
315.77, 864.00
316.13, 693.00
316.48, 474.00
316.83, 324.00
317.18, 258.00
317.54, 206.00
317.89, 187.00
318.24, 178.00
318.59, 178.00
318.94, 171.00
319.30, 180.00
319.65, 176.00
320.00, 187.00
320.35, 184.00
320.70, 181.00
321.05, 186.00
321.41, 181.00
321.76, 175.00
322.11, 177.00
322.46, 166.00
322.81, 209.00
323.17, 173.00
323.52, 169.00
323.87, 168.00
324.22, 169.00
324.57, 173.00
324.92, 177.00
325.27, 185.00
325.63, 193.00
325.98, 192.00
326.33, 210.00
326.68, 204.00
327.03, 200.00
327.38, 196.00
327.73, 210.00
328.09, 223.00
328.44, 254.00
328.79, 214.00
329.14, 248.00
329.49, 211.00
329.84, 210.00
330.19, 223.00
330.54, 207.00
330.89, 211.00
331.25, 194.00
331.60, 193.00
331.95, 192.00
332.30, 191.00
332.65, 192.00
333.00, 216.00
333.35, 276.00
333.70, 287.00
334.05, 246.00
334.40, 273.00
334.75, 302.00
335.10, 432.00
335.45, 597.00
335.81, 866.00
336.16, 1287.00
336.51, 1810.00
336.86, 1864.00
337.21, 1618.00
337.56, 1008.00
337.91, 603.00
338.26, 374.00
338.61, 253.00
338.96, 225.00
339.31, 202.00
339.66, 187.00
340.01, 189.00
340.36, 177.00
340.71, 179.00
341.06, 173.00
341.41, 177.00
341.76, 175.00
342.11, 178.00
342.46, 178.00
342.81, 183.00
343.16, 168.00
343.51, 177.00
343.86, 187.00
344.21, 170.00
344.56, 179.00
344.91, 172.00
345.26, 188.00
345.61, 181.00
345.96, 174.00
346.31, 171.00
346.66, 208.00
347.01, 170.00
347.36, 202.00
347.71, 169.00
348.06, 178.00
348.41, 190.00
348.76, 209.00
349.10, 209.00
349.45, 233.00
349.80, 225.00
350.15, 218.00
350.50, 209.00
350.85, 219.00
351.20, 234.00
351.55, 262.00
351.90, 311.00
352.25, 389.00
352.60, 496.00
352.95, 649.00
353.30, 690.00
353.64, 631.00
353.99, 486.00
354.34, 408.00
354.69, 370.00
355.04, 399.00
355.39, 476.00
355.74, 617.00
356.09, 790.00
356.44, 986.00
356.78, 1313.00
357.13, 1495.00
357.48, 1449.00
357.83, 1100.00
358.18, 710.00
358.53, 455.00
358.88, 297.00
359.22, 227.00
359.57, 194.00
359.92, 190.00
360.27, 184.00
360.62, 186.00
360.97, 183.00
361.32, 190.00
361.66, 187.00
362.01, 184.00
362.36, 184.00
362.71, 196.00
363.06, 189.00
363.40, 201.00
363.75, 197.00
364.10, 194.00
364.45, 183.00
364.80, 193.00
365.14, 184.00
365.49, 191.00
365.84, 192.00
366.19, 211.00
366.54, 219.00
366.88, 240.00
367.23, 203.00
367.58, 250.00
367.93, 189.00
368.28, 187.00
368.62, 192.00
368.97, 205.00
369.32, 222.00
369.67, 237.00
370.01, 292.00
370.36, 305.00
370.71, 329.00
371.06, 280.00
371.40, 254.00
371.75, 209.00
372.10, 201.00
372.45, 201.00
372.79, 216.00
373.14, 247.00
373.49, 277.00
373.83, 333.00
374.18, 398.00
374.53, 517.00
374.88, 578.00
375.22, 588.00
375.57, 471.00
375.92, 356.00
376.26, 277.00
376.61, 230.00
376.96, 202.00
377.30, 214.00
377.65, 232.00
378.00, 253.00
378.35, 314.00
378.69, 396.00
379.04, 485.00
379.39, 642.00
379.73, 783.00
380.08, 766.00
380.43, 596.00
380.77, 438.00
381.12, 350.00
381.47, 277.00
381.81, 235.00
382.16, 202.00
382.50, 201.00
382.85, 268.00
383.20, 190.00
383.54, 205.00
383.89, 213.00
384.24, 217.00
384.58, 231.00
384.93, 262.00
385.27, 251.00
385.62, 257.00
385.97, 250.00
386.31, 243.00
386.66, 270.00
387.00, 247.00
387.35, 253.00
387.70, 283.00
388.04, 396.00
388.39, 403.00
388.73, 497.00
389.08, 605.00
389.43, 745.00
389.77, 902.00
390.12, 1094.00
390.46, 1518.00
390.81, 1678.00
391.15, 1615.00
391.50, 1229.00
391.85, 770.00
392.19, 535.00
392.54, 367.00
392.88, 293.00
393.23, 295.00
393.57, 294.00
393.92, 292.00
394.26, 252.00
394.61, 227.00
394.95, 214.00
395.30, 184.00
395.64, 186.00
395.99, 229.00
396.33, 194.00
396.68, 198.00
397.02, 212.00
397.37, 219.00
397.71, 244.00
398.06, 274.00
398.40, 309.00
398.75, 363.00
399.09, 387.00
399.44, 391.00
399.78, 335.00
400.13, 276.00
400.47, 222.00
400.82, 196.00
401.16, 186.00
401.51, 191.00
401.85, 184.00
402.20, 186.00
402.54, 196.00
402.88, 200.00
403.23, 217.00
403.57, 216.00
403.92, 245.00
404.26, 338.00
404.61, 313.00
404.95, 396.00
405.30, 368.00
405.64, 338.00
405.98, 314.00
406.33, 259.00
406.67, 215.00
407.02, 200.00
407.36, 200.00
407.70, 201.00
408.05, 212.00
408.39, 206.00
408.74, 223.00
409.08, 233.00
409.42, 216.00
409.77, 208.00
410.11, 207.00
410.46, 206.00
410.80, 208.00
411.14, 213.00
411.49, 224.00
411.83, 235.00
412.17, 229.00
412.52, 232.00
412.86, 251.00
413.20, 256.00
413.55, 253.00
413.89, 237.00
414.23, 231.00
414.58, 244.00
414.92, 207.00
415.26, 205.00
415.61, 197.00
415.95, 198.00
416.29, 205.00
416.64, 205.00
416.98, 214.00
417.32, 222.00
417.67, 243.00
418.01, 253.00
418.35, 261.00
418.70, 302.00
419.04, 348.00
419.38, 329.00
419.72, 315.00
420.07, 279.00
420.41, 237.00
420.75, 211.00
421.10, 200.00
421.44, 199.00
421.78, 203.00
422.12, 209.00
422.47, 216.00
422.81, 227.00
423.15, 239.00
423.49, 237.00
423.84, 232.00
424.18, 251.00
424.52, 261.00
424.86, 306.00
425.21, 378.00
425.55, 418.00
425.89, 497.00
426.23, 564.00
426.57, 699.00
426.92, 749.00
427.26, 775.00
427.60, 654.00
427.94, 468.00
428.28, 354.00
428.63, 281.00
428.97, 226.00
429.31, 205.00
429.65, 186.00
429.99, 187.00
430.34, 184.00
430.68, 183.00
431.02, 196.00
431.36, 189.00
431.70, 194.00
432.04, 194.00
432.39, 207.00
432.73, 224.00
433.07, 233.00
433.41, 239.00
433.75, 250.00
434.09, 240.00
434.43, 218.00
434.78, 212.00
435.12, 207.00
435.46, 208.00
435.80, 217.00
436.14, 218.00
436.48, 212.00
436.82, 224.00
437.16, 222.00
437.51, 216.00
437.85, 216.00
438.19, 254.00
438.53, 209.00
438.87, 215.00
439.21, 219.00
439.55, 223.00
439.89, 239.00
440.23, 240.00
440.57, 248.00
440.91, 243.00
441.26, 238.00
441.60, 223.00
441.94, 219.00
442.28, 212.00
442.62, 211.00
442.96, 207.00
443.30, 203.00
443.64, 200.00
443.98, 201.00
444.32, 206.00
444.66, 189.00
445.00, 192.00
445.34, 208.00
445.68, 200.00
446.02, 206.00
446.36, 193.00
446.70, 196.00
447.04, 207.00
447.38, 235.00
447.72, 216.00
448.06, 222.00
448.40, 219.00
448.74, 214.00
449.08, 203.00
449.42, 200.00
449.76, 202.00
450.10, 193.00
450.44, 196.00
450.78, 199.00
451.12, 199.00
451.46, 203.00
451.80, 200.00
452.14, 193.00
452.48, 188.00
452.82, 193.00
453.16, 187.00
453.50, 201.00
453.84, 187.00
454.18, 237.00
454.52, 211.00
454.86, 213.00
455.19, 225.00
455.53, 204.00
455.87, 211.00
456.21, 221.00
456.55, 221.00
456.89, 217.00
457.23, 212.00
457.57, 214.00
457.91, 224.00
458.25, 220.00
458.59, 238.00
458.92, 241.00
459.26, 244.00
459.60, 245.00
459.94, 225.00
460.28, 212.00
460.62, 207.00
460.96, 199.00
461.30, 185.00
461.63, 191.00
461.97, 195.00
462.31, 192.00
462.65, 210.00
462.99, 209.00
463.33, 215.00
463.67, 208.00
464.00, 220.00
464.34, 219.00
464.68, 215.00
465.02, 232.00
465.36, 229.00
465.70, 216.00
466.03, 221.00
466.37, 213.00
466.71, 218.00
467.05, 224.00
467.39, 234.00
467.72, 246.00
468.06, 262.00
468.40, 274.00
468.74, 282.00
469.08, 287.00
469.41, 310.00
469.75, 335.00
470.09, 354.00
470.43, 359.00
470.76, 302.00
471.10, 296.00
471.44, 284.00
471.78, 266.00
472.11, 251.00
472.45, 247.00
472.79, 239.00
473.13, 234.00
473.46, 240.00
473.80, 223.00
474.14, 217.00
474.48, 223.00
474.81, 221.00
475.15, 217.00
475.49, 221.00
475.82, 215.00
476.16, 221.00
476.50, 215.00
476.84, 216.00
477.17, 214.00
477.51, 211.00
477.85, 210.00
478.18, 227.00
478.52, 216.00
478.86, 265.00
479.19, 228.00
479.53, 213.00
479.87, 259.00
480.20, 230.00
480.54, 228.00
480.88, 217.00
481.21, 213.00
481.55, 216.00
481.89, 208.00
482.22, 221.00
482.56, 216.00
482.90, 221.00
483.23, 217.00
483.57, 210.00
483.90, 213.00
484.24, 213.00
484.58, 213.00
484.91, 226.00
485.25, 217.00
485.58, 219.00
485.92, 226.00
486.26, 226.00
486.59, 225.00
486.93, 228.00
487.26, 232.00
487.60, 229.00
487.94, 224.00
488.27, 226.00
488.61, 219.00
488.94, 232.00
489.28, 223.00
489.61, 223.00
489.95, 219.00
490.29, 235.00
490.62, 238.00
490.96, 233.00
491.29, 243.00
491.63, 222.00
491.96, 223.00
492.30, 220.00
492.63, 224.00
492.97, 223.00
493.30, 223.00
493.64, 219.00
493.97, 223.00
494.31, 225.00
494.64, 229.00
494.98, 228.00
495.31, 233.00
495.65, 230.00
495.98, 230.00
496.32, 222.00
496.65, 261.00
496.99, 226.00
497.32, 214.00
497.66, 215.00
497.99, 209.00
498.33, 214.00
498.66, 207.00
499.00, 221.00
499.33, 216.00
499.67, 219.00
500.00, 220.00
500.34, 226.00
500.67, 235.00
501.00, 229.00
501.34, 221.00
501.67, 217.00
502.01, 221.00
502.34, 225.00
502.68, 237.00
503.01, 236.00
503.34, 236.00
503.68, 229.00
504.01, 239.00
504.35, 239.00
504.68, 244.00
505.01, 241.00
505.35, 238.00
505.68, 235.00
506.02, 243.00
506.35, 246.00
506.68, 263.00
507.02, 247.00
507.35, 240.00
507.68, 240.00
508.02, 237.00
508.35, 246.00
508.69, 237.00
509.02, 234.00
509.35, 236.00
509.69, 228.00
510.02, 237.00
510.35, 239.00
510.69, 227.00
511.02, 229.00
511.35, 223.00
511.69, 229.00
512.02, 220.00
512.35, 230.00
512.68, 223.00
513.02, 231.00
513.35, 223.00
513.68, 220.00
514.02, 227.00
514.35, 229.00
514.68, 225.00
515.01, 216.00
515.35, 230.00
515.68, 205.00
516.01, 216.00
516.35, 217.00
516.68, 219.00
517.01, 206.00
517.34, 222.00
517.68, 217.00
518.01, 223.00
518.34, 220.00
518.67, 218.00
519.01, 218.00
519.34, 227.00
519.67, 234.00
520.00, 223.00
520.33, 230.00
520.67, 227.00
521.00, 229.00
521.33, 230.00
521.66, 243.00
522.00, 236.00
522.33, 235.00
522.66, 230.00
522.99, 223.00
523.32, 227.00
523.65, 221.00
523.99, 215.00
524.32, 226.00
524.65, 216.00
524.98, 226.00
525.31, 227.00
525.65, 252.00
525.98, 217.00
526.31, 219.00
526.64, 226.00
526.97, 222.00
527.30, 210.00
527.63, 216.00
527.97, 207.00
528.30, 213.00
528.63, 217.00
528.96, 239.00
529.29, 200.00
529.62, 219.00
529.95, 205.00
530.28, 210.00
530.61, 206.00
530.95, 203.00
531.28, 210.00
531.61, 218.00
531.94, 223.00
532.27, 220.00
532.60, 228.00
532.93, 223.00
533.26, 211.00
533.59, 210.00
533.92, 213.00
534.25, 207.00
534.58, 243.00
534.91, 205.00
535.25, 202.00
535.58, 203.00
535.91, 197.00
536.24, 207.00
536.57, 213.00
536.90, 205.00
537.23, 210.00
537.56, 243.00
537.89, 211.00
538.22, 204.00
538.55, 210.00
538.88, 202.00
539.21, 320.00
539.54, 197.00
539.87, 191.00
540.20, 201.00
540.53, 190.00
540.86, 226.00
541.19, 201.00
541.52, 200.00
541.85, 208.00
542.18, 222.00
542.51, 222.00
542.84, 212.00
543.17, 210.00
543.50, 212.00
543.82, 214.00
544.15, 217.00
544.48, 213.00
544.81, 212.00
545.14, 232.00
545.47, 210.00
545.80, 247.00
546.13, 208.00
546.46, 245.00
546.79, 232.00
547.12, 205.00
547.45, 204.00
547.78, 205.00
548.10, 202.00
548.43, 209.00
548.76, 204.00
549.09, 200.00
549.42, 197.00
549.75, 208.00
550.08, 198.00
550.41, 204.00
550.74, 213.00
551.06, 204.00
551.39, 214.00
551.72, 206.00
552.05, 204.00
552.38, 204.00
552.71, 193.00
553.03, 201.00
553.36, 206.00
553.69, 212.00
554.02, 205.00
554.35, 211.00
554.68, 207.00
555.00, 219.00
555.33, 211.00
555.66, 204.00
555.99, 236.00
556.32, 215.00
556.64, 223.00
556.97, 233.00
557.30, 227.00
557.63, 232.00
557.96, 230.00
558.28, 227.00
558.61, 227.00
558.94, 229.00
559.27, 225.00
559.59, 223.00
559.92, 223.00
560.25, 214.00
560.58, 222.00
560.90, 223.00
561.23, 223.00
561.56, 218.00
561.89, 221.00
562.21, 205.00
562.54, 206.00
562.87, 198.00
563.20, 209.00
563.52, 196.00
563.85, 199.00
564.18, 215.00
564.50, 202.00
564.83, 236.00
565.16, 248.00
565.48, 183.00
565.81, 198.00
566.14, 187.00
566.47, 182.00
566.79, 197.00
567.12, 194.00
567.45, 219.00
567.77, 196.00
568.10, 191.00
568.43, 193.00
568.75, 188.00
569.08, 187.00
569.40, 229.00
569.73, 185.00
570.06, 183.00
570.38, 181.00
570.71, 189.00
571.04, 188.00
571.36, 192.00
571.69, 194.00
572.01, 192.00
572.34, 188.00
572.67, 197.00
572.99, 183.00
573.32, 211.00
573.64, 191.00
573.97, 188.00
574.30, 185.00
574.62, 198.00
574.95, 192.00
575.27, 189.00
575.60, 188.00
575.92, 190.00
576.25, 187.00
576.58, 205.00
576.90, 187.00
577.23, 232.00
577.55, 198.00
577.88, 187.00
578.20, 194.00
578.53, 194.00
578.85, 204.00
579.18, 202.00
579.50, 191.00
579.83, 190.00
580.15, 197.00
580.48, 187.00
580.80, 195.00
581.13, 195.00
581.45, 194.00
581.78, 194.00
582.10, 192.00
582.43, 199.00
582.75, 198.00
583.08, 195.00
583.40, 186.00
583.73, 262.00
584.05, 196.00
584.38, 191.00
584.70, 239.00
585.03, 199.00
585.35, 205.00
585.67, 200.00
586.00, 225.00
586.32, 244.00
586.65, 241.00
586.97, 240.00
587.30, 237.00
587.62, 217.00
587.94, 228.00
588.27, 215.00
588.59, 196.00
588.92, 202.00
589.24, 203.00
589.56, 213.00
589.89, 207.00
590.21, 197.00
590.54, 195.00
590.86, 196.00
591.18, 199.00
591.51, 203.00
591.83, 212.00
592.15, 207.00
592.48, 209.00
592.80, 212.00
593.13, 208.00
593.45, 212.00
593.77, 209.00
594.10, 220.00
594.42, 220.00
594.74, 211.00
595.07, 228.00
595.39, 221.00
595.71, 230.00
596.03, 230.00
596.36, 236.00
596.68, 236.00
597.00, 233.00
597.33, 243.00
597.65, 244.00
597.97, 243.00
598.30, 236.00
598.62, 238.00
598.94, 239.00
599.26, 239.00
599.59, 234.00
599.91, 241.00
600.23, 226.00
600.55, 226.00
600.88, 228.00
601.20, 214.00
601.52, 206.00
601.84, 210.00
602.17, 207.00
602.49, 201.00
602.81, 200.00
603.13, 197.00
603.45, 207.00
603.78, 197.00
604.10, 193.00
604.42, 191.00
604.74, 194.00
605.07, 196.00
605.39, 191.00
605.71, 186.00
606.03, 188.00
606.35, 189.00
606.67, 198.00
607.00, 190.00
607.32, 184.00
607.64, 191.00
607.96, 177.00
608.28, 183.00
608.60, 190.00
608.93, 181.00
609.25, 190.00
609.57, 183.00
609.89, 188.00
610.21, 178.00
610.53, 177.00
610.85, 189.00
611.17, 185.00
611.50, 183.00
611.82, 181.00
612.14, 173.00
612.46, 179.00
612.78, 176.00
613.10, 182.00
613.42, 186.00
613.74, 193.00
614.06, 224.00
614.38, 211.00
614.70, 218.00
615.03, 218.00
615.35, 215.00
615.67, 305.00
615.99, 192.00
616.31, 192.00
616.63, 192.00
616.95, 183.00
617.27, 180.00
617.59, 173.00
617.91, 180.00
618.23, 181.00
618.55, 172.00
618.87, 169.00
619.19, 172.00
619.51, 175.00
619.83, 169.00
620.15, 171.00
620.47, 181.00
620.79, 172.00
621.11, 181.00
621.43, 173.00
621.75, 183.00
622.07, 179.00
622.39, 174.00
622.71, 177.00
623.03, 176.00
623.35, 221.00
623.67, 176.00
623.99, 175.00
624.31, 182.00
624.63, 179.00
624.95, 168.00
625.26, 178.00
625.58, 166.00
625.90, 203.00
626.22, 175.00
626.54, 166.00
626.86, 179.00
627.18, 176.00
627.50, 176.00
627.82, 173.00
628.14, 176.00
628.46, 183.00
628.77, 179.00
629.09, 182.00
629.41, 183.00
629.73, 177.00
630.05, 190.00
630.37, 185.00
630.69, 191.00
631.00, 202.00
631.32, 198.00
631.64, 185.00
631.96, 188.00
632.28, 183.00
632.60, 199.00
632.92, 194.00
633.23, 195.00
633.55, 201.00
633.87, 202.00
634.19, 200.00
634.51, 214.00
634.82, 225.00
635.14, 224.00
635.46, 222.00
635.78, 219.00
636.10, 220.00
636.41, 210.00
636.73, 224.00
637.05, 213.00
637.37, 209.00
637.68, 214.00
638.00, 212.00
638.32, 222.00
638.64, 224.00
638.95, 249.00
639.27, 233.00
639.59, 227.00
639.91, 217.00
640.22, 211.00
640.54, 209.00
640.86, 207.00
641.18, 216.00
641.49, 228.00
641.81, 210.00
642.13, 213.00
642.44, 206.00
642.76, 204.00
643.08, 205.00
643.40, 206.00
643.71, 215.00
644.03, 221.00
644.35, 223.00
644.66, 211.00
644.98, 213.00
645.30, 211.00
645.61, 226.00
645.93, 201.00
646.25, 193.00
646.56, 199.00
646.88, 224.00
647.19, 184.00
647.51, 198.00
647.83, 181.00
648.14, 184.00
648.46, 186.00
648.78, 193.00
649.09, 199.00
649.41, 239.00
649.72, 204.00
650.04, 208.00
650.36, 211.00
650.67, 207.00
650.99, 212.00
651.30, 209.00
651.62, 215.00
651.93, 215.00
652.25, 226.00
652.57, 253.00
652.88, 212.00
653.20, 215.00
653.51, 214.00
653.83, 204.00
654.14, 202.00
654.46, 193.00
654.77, 200.00
655.09, 207.00
655.40, 214.00
655.72, 206.00
656.04, 191.00
656.35, 198.00
656.67, 190.00
656.98, 192.00
657.30, 198.00
657.61, 192.00
657.93, 202.00
658.24, 204.00
658.55, 249.00
658.87, 207.00
659.18, 207.00
659.50, 209.00
659.81, 216.00
660.13, 213.00
660.44, 221.00
660.76, 203.00
661.07, 222.00
661.39, 196.00
661.70, 194.00
662.01, 188.00
662.33, 189.00
662.64, 184.00
662.96, 178.00
663.27, 175.00
663.59, 178.00
663.90, 171.00
664.21, 179.00
664.53, 204.00
664.84, 180.00
665.16, 205.00
665.47, 176.00
665.78, 180.00
666.10, 198.00
666.41, 197.00
666.72, 205.00
667.04, 207.00
667.35, 203.00
667.67, 203.00
667.98, 200.00
668.29, 191.00
668.61, 195.00
668.92, 199.00
669.23, 191.00
669.55, 191.00
669.86, 212.00
670.17, 185.00
670.48, 179.00
670.80, 173.00
671.11, 180.00
671.42, 178.00
671.74, 184.00
672.05, 179.00
672.36, 184.00
672.68, 184.00
672.99, 175.00
673.30, 187.00
673.61, 196.00
673.93, 197.00
674.24, 199.00
674.55, 199.00
674.86, 198.00
675.18, 206.00
675.49, 215.00
675.80, 197.00
676.11, 212.00
676.43, 216.00
676.74, 204.00
677.05, 207.00
677.36, 220.00
677.67, 211.00
677.99, 203.00
678.30, 197.00
678.61, 195.00
678.92, 182.00
679.23, 195.00
679.55, 185.00
679.86, 179.00
680.17, 183.00
680.48, 187.00
680.79, 182.00
681.10, 177.00
681.42, 175.00
681.73, 171.00
682.04, 175.00
682.35, 174.00
682.66, 168.00
682.97, 175.00
683.28, 166.00
683.60, 178.00
683.91, 176.00
684.22, 191.00
684.53, 168.00
684.84, 172.00
685.15, 177.00
685.46, 198.00
685.77, 170.00
686.08, 168.00
686.40, 208.00
686.71, 167.00
687.02, 162.00
687.33, 162.00
687.64, 162.00
687.95, 160.00
688.26, 163.00
688.57, 159.00
688.88, 162.00
689.19, 164.00
689.50, 160.00
689.81, 162.00
690.12, 158.00
690.43, 174.00
690.74, 158.00
691.05, 158.00
691.36, 169.00
691.67, 159.00
691.98, 158.00
692.29, 162.00
692.60, 164.00
692.91, 156.00
693.22, 156.00
693.53, 158.00
693.84, 162.00
694.15, 157.00
694.46, 159.00
694.77, 155.00
695.08, 153.00
695.39, 165.00
695.70, 159.00
696.01, 156.00
696.32, 156.00
696.63, 158.00
696.94, 168.00
697.25, 161.00
697.56, 161.00
697.87, 166.00
698.17, 198.00
698.48, 162.00
698.79, 151.00
699.10, 162.00
699.41, 160.00
699.72, 163.00
700.03, 154.00
700.34, 162.00
700.65, 156.00
700.95, 158.00
701.26, 157.00
701.57, 164.00
701.88, 160.00
702.19, 173.00
702.50, 163.00
702.81, 154.00
703.11, 177.00
703.42, 163.00
703.73, 162.00
704.04, 171.00
704.35, 164.00
704.66, 191.00
704.96, 265.00
705.27, 322.00
705.58, 346.00
705.89, 328.00
706.20, 268.00
706.50, 247.00
706.81, 234.00
707.12, 207.00
707.43, 198.00
707.73, 182.00
708.04, 166.00
708.35, 166.00
708.66, 159.00
708.97, 153.00
709.27, 159.00
709.58, 161.00
709.89, 163.00
710.19, 163.00
710.50, 160.00
710.81, 161.00
711.12, 161.00
711.42, 160.00
711.73, 168.00
712.04, 165.00
712.35, 157.00
712.65, 160.00
712.96, 162.00
713.27, 159.00
713.57, 183.00
713.88, 182.00
714.19, 157.00
714.49, 154.00
714.80, 165.00
715.11, 154.00
715.41, 155.00
715.72, 164.00
716.03, 153.00
716.33, 163.00
716.64, 155.00
716.94, 161.00
717.25, 157.00
717.56, 165.00
717.86, 154.00
718.17, 155.00
718.48, 154.00
718.78, 156.00
719.09, 156.00
719.39, 154.00
719.70, 153.00
720.01, 155.00
720.31, 154.00
720.62, 161.00
720.92, 162.00
721.23, 161.00
721.53, 163.00
721.84, 160.00
722.15, 169.00
722.45, 161.00
722.76, 167.00
723.06, 160.00
723.37, 162.00
723.67, 167.00
723.98, 159.00
724.28, 165.00
724.59, 173.00
724.89, 166.00
725.20, 157.00
725.50, 172.00
725.81, 159.00
726.11, 169.00
726.42, 154.00
726.72, 169.00
727.03, 199.00
727.33, 163.00
727.64, 164.00
727.94, 159.00
728.25, 158.00
728.55, 154.00
728.86, 180.00
729.16, 155.00
729.46, 155.00
729.77, 159.00
730.07, 151.00
730.38, 155.00
730.68, 158.00
730.99, 163.00
731.29, 154.00
731.59, 166.00
731.90, 161.00
732.20, 157.00
732.51, 167.00
732.81, 161.00
733.11, 160.00
733.42, 154.00
733.72, 164.00
734.02, 169.00
734.33, 163.00
734.63, 162.00
734.94, 162.00
735.24, 166.00
735.54, 163.00
735.85, 157.00
736.15, 157.00
736.45, 161.00
736.76, 165.00
737.06, 159.00
737.36, 161.00
737.67, 163.00
737.97, 157.00
738.27, 154.00
738.57, 153.00
738.88, 155.00
739.18, 194.00
739.48, 158.00
739.79, 150.00
740.09, 158.00
740.39, 155.00
740.69, 158.00
741.00, 151.00
741.30, 166.00
741.60, 159.00
741.90, 158.00
742.21, 157.00
742.51, 212.00
742.81, 158.00
743.11, 159.00
743.42, 189.00
743.72, 162.00
744.02, 172.00
744.32, 169.00
744.63, 178.00
744.93, 184.00
745.23, 177.00
745.53, 187.00
745.83, 174.00
746.13, 181.00
746.44, 178.00
746.74, 179.00
747.04, 179.00
747.34, 186.00
747.64, 183.00
747.94, 183.00
748.25, 181.00
748.55, 185.00
748.85, 188.00
749.15, 190.00
749.45, 210.00
749.75, 207.00
750.05, 176.00
750.35, 171.00
750.66, 184.00
750.96, 165.00
751.26, 166.00
751.56, 155.00
751.86, 175.00
752.16, 154.00
752.46, 159.00
752.76, 160.00
753.06, 155.00
753.36, 201.00
753.66, 153.00
753.96, 159.00
754.27, 158.00
754.57, 159.00
754.87, 152.00
755.17, 156.00
755.47, 161.00
755.77, 161.00
756.07, 163.00
756.37, 168.00
756.67, 172.00
756.97, 163.00
757.27, 170.00
757.57, 170.00
757.87, 173.00
758.17, 163.00
758.47, 168.00
758.77, 160.00
759.07, 169.00
759.37, 173.00
759.67, 172.00
759.97, 174.00
760.27, 167.00
760.57, 167.00
760.86, 164.00
761.16, 170.00
761.46, 163.00
761.76, 197.00
762.06, 161.00
762.36, 167.00
762.66, 159.00
762.96, 161.00
763.26, 158.00
763.56, 191.00
763.86, 163.00
764.16, 153.00
764.45, 165.00
764.75, 156.00
765.05, 156.00
765.35, 150.00
765.65, 156.00
765.95, 161.00
766.25, 158.00
766.55, 163.00
766.84, 157.00
767.14, 158.00
767.44, 153.00
767.74, 161.00
768.04, 156.00
768.34, 167.00
768.63, 164.00
768.93, 165.00
769.23, 167.00
769.53, 162.00
769.83, 168.00
770.12, 162.00
770.42, 163.00
770.72, 170.00
771.02, 161.00
771.32, 164.00
771.61, 164.00
771.91, 170.00
772.21, 172.00
772.51, 167.00
772.80, 165.00
773.10, 166.00
773.40, 172.00
773.70, 170.00
773.99, 175.00
774.29, 174.00
774.59, 185.00
774.88, 167.00
775.18, 201.00
775.48, 436.00
775.78, 810.00
776.07, 1035.00
776.37, 1107.00
776.67, 855.00
776.96, 580.00
777.26, 500.00
777.56, 378.00
777.85, 345.00
778.15, 301.00
778.45, 277.00
778.74, 246.00
779.04, 216.00
779.34, 182.00
779.63, 169.00
779.93, 156.00
780.22, 153.00
780.52, 150.00
780.82, 149.00
781.11, 151.00
781.41, 151.00
781.71, 150.00
782.00, 148.00
782.30, 150.00
782.59, 160.00
782.89, 152.00
783.19, 149.00
783.48, 151.00
783.78, 146.00
784.07, 153.00
784.37, 157.00
784.66, 152.00
784.96, 154.00
785.25, 149.00
785.55, 150.00
785.84, 150.00
786.14, 149.00
786.44, 149.00
786.73, 148.00
787.03, 148.00
787.32, 148.00
787.62, 143.00
787.91, 143.00
788.21, 148.00
788.50, 151.00
788.80, 142.00
789.09, 150.00
789.39, 154.00
789.68, 149.00
789.97, 150.00
790.27, 146.00
790.56, 150.00
790.86, 158.00
791.15, 146.00
791.45, 145.00
791.74, 168.00
792.04, 145.00
792.33, 145.00
792.62, 174.00
792.92, 147.00
793.21, 145.00
793.51, 149.00
793.80, 146.00
794.09, 145.00
794.39, 147.00
794.68, 145.00
794.98, 146.00
795.27, 148.00
795.56, 146.00
795.86, 145.00
796.15, 143.00
796.44, 151.00
796.74, 146.00
797.03, 144.00
797.32, 149.00
797.62, 144.00
797.91, 154.00
798.20, 150.00
798.50, 153.00
798.79, 154.00
799.08, 146.00
799.38, 146.00
799.67, 148.00
799.96, 155.00
800.26, 164.00
800.55, 144.00
800.84, 149.00
801.13, 143.00
801.43, 150.00
801.72, 182.00
802.01, 143.00
802.30, 145.00
802.60, 142.00
802.89, 151.00
803.18, 142.00
803.47, 146.00
803.77, 153.00
804.06, 151.00
804.35, 151.00
804.64, 166.00
804.94, 151.00
805.23, 148.00
805.52, 148.00
805.81, 149.00
806.10, 153.00
806.39, 148.00
806.69, 147.00
806.98, 149.00
807.27, 146.00
807.56, 152.00
807.85, 148.00
808.14, 143.00
808.44, 150.00
808.73, 149.00
809.02, 166.00
809.31, 152.00
809.60, 148.00
809.89, 154.00
810.18, 140.00
810.48, 154.00
810.77, 147.00
811.06, 145.00
811.35, 144.00
811.64, 147.00
811.93, 169.00
812.22, 143.00
812.51, 144.00
812.80, 146.00
813.09, 146.00
813.38, 142.00
813.67, 168.00
813.96, 147.00
814.26, 144.00
814.55, 142.00
814.84, 143.00
815.13, 147.00
815.42, 146.00
815.71, 149.00
816.00, 143.00
816.29, 147.00
816.58, 146.00
816.87, 143.00
817.16, 147.00
817.45, 149.00
817.74, 145.00
818.03, 146.00
818.32, 144.00
818.61, 146.00
818.90, 145.00
819.19, 145.00
819.48, 143.00
819.76, 141.00
820.05, 151.00
820.34, 147.00
820.63, 143.00
820.92, 144.00
821.21, 143.00
821.50, 146.00
821.79, 142.00
822.08, 146.00
822.37, 145.00
822.66, 145.00
822.95, 147.00
823.23, 141.00
823.52, 161.00
823.81, 150.00
824.10, 143.00
824.39, 143.00
824.68, 146.00
824.97, 161.00
825.26, 144.00
825.54, 194.00
825.83, 145.00
826.12, 147.00
826.41, 147.00
826.70, 146.00
826.99, 152.00
827.27, 145.00
827.56, 162.00
827.85, 141.00
828.14, 143.00
828.43, 153.00
828.71, 149.00
829.00, 138.00
829.29, 148.00
829.58, 152.00
829.86, 139.00
830.15, 142.00
830.44, 151.00
830.73, 147.00
831.01, 142.00
831.30, 136.00
831.59, 146.00
831.88, 138.00
832.16, 146.00
832.45, 153.00
832.74, 145.00
833.03, 141.00
833.31, 147.00
833.60, 140.00
833.89, 145.00
834.17, 144.00
834.46, 141.00
834.75, 143.00
835.03, 148.00
835.32, 147.00
835.61, 149.00
835.89, 155.00
836.18, 141.00
836.47, 144.00
836.75, 139.00
837.04, 146.00
837.33, 147.00
837.61, 142.00
837.90, 143.00
838.19, 142.00
838.47, 142.00
838.76, 147.00
839.04, 140.00
839.33, 142.00
839.62, 142.00
839.90, 147.00
840.19, 142.00
840.47, 140.00
840.76, 171.00
841.04, 144.00
841.33, 149.00
841.62, 146.00
841.90, 148.00
842.19, 141.00
842.47, 294.00
842.76, 143.00
843.04, 152.00
843.33, 181.00
843.61, 169.00
843.90, 164.00
844.18, 166.00
844.47, 162.00
844.75, 165.00
845.04, 153.00
845.32, 155.00
845.61, 150.00
845.89, 152.00
846.18, 151.00
846.46, 149.00
846.75, 148.00
847.03, 162.00
847.32, 142.00
847.60, 145.00
847.88, 146.00
848.17, 144.00
848.45, 163.00
848.74, 148.00
849.02, 140.00
849.31, 147.00
849.59, 145.00
849.87, 137.00
850.16, 142.00
850.44, 143.00
850.73, 170.00
851.01, 147.00
851.29, 144.00
851.58, 144.00
851.86, 139.00
852.14, 135.00
852.43, 147.00
852.71, 141.00
853.00, 144.00
853.28, 148.00
853.56, 143.00
853.85, 145.00
854.13, 145.00
854.41, 148.00
854.69, 144.00
854.98, 142.00
855.26, 196.00
855.54, 149.00
855.83, 145.00
856.11, 148.00
856.39, 147.00
856.68, 138.00
856.96, 146.00
857.24, 141.00
857.52, 148.00
857.81, 148.00
858.09, 140.00
858.37, 141.00
858.65, 141.00
858.94, 138.00
859.22, 143.00
