190.05, 0.00
190.41, 134.00
190.77, 134.00
191.14, 133.00
191.50, 135.00
191.86, 162.00
192.22, 148.00
192.58, 145.00
192.94, 146.00
193.31, 143.00
193.67, 138.00
194.03, 152.00
194.39, 145.00
194.75, 149.00
195.11, 148.00
195.47, 164.00
195.84, 143.00
196.20, 144.00
196.56, 165.00
196.92, 144.00
197.28, 145.00
197.64, 147.00
198.00, 142.00
198.37, 145.00
198.73, 145.00
199.09, 143.00
199.45, 143.00
199.81, 145.00
200.17, 150.00
200.53, 146.00
200.89, 155.00
201.25, 182.00
201.62, 144.00
201.98, 145.00
202.34, 143.00
202.70, 157.00
203.06, 140.00
203.42, 145.00
203.78, 142.00
204.14, 143.00
204.50, 171.00
204.86, 157.00
205.22, 154.00
205.58, 150.00
205.95, 148.00
206.31, 146.00
206.67, 149.00
207.03, 147.00
207.39, 154.00
207.75, 145.00
208.11, 141.00
208.47, 145.00
208.83, 150.00
209.19, 146.00
209.55, 146.00
209.91, 142.00
210.27, 152.00
210.63, 147.00
210.99, 151.00
211.35, 141.00
211.71, 146.00
212.07, 142.00
212.43, 146.00
212.79, 146.00
213.15, 143.00
213.51, 144.00
213.87, 149.00
214.23, 148.00
214.59, 143.00
214.95, 148.00
215.31, 145.00
215.67, 148.00
216.03, 172.00
216.39, 146.00
216.75, 148.00
217.11, 146.00
217.47, 145.00
217.83, 143.00
218.19, 143.00
218.55, 149.00
218.91, 150.00
219.27, 145.00
219.63, 142.00
219.99, 143.00
220.35, 142.00
220.71, 153.00
221.07, 149.00
221.43, 146.00
221.79, 144.00
222.15, 147.00
222.51, 134.00
222.87, 145.00
223.23, 145.00
223.59, 139.00
223.95, 145.00
224.31, 141.00
224.67, 144.00
225.03, 147.00
225.39, 155.00
225.74, 148.00
226.10, 141.00
226.46, 145.00
226.82, 149.00
227.18, 151.00
227.54, 138.00
227.90, 146.00
228.26, 150.00
228.62, 158.00
228.98, 143.00
229.34, 141.00
229.69, 146.00
230.05, 146.00
230.41, 146.00
230.77, 151.00
231.13, 151.00
231.49, 148.00
231.85, 141.00
232.21, 149.00
232.57, 151.00
232.92, 144.00
233.28, 148.00
233.64, 151.00
234.00, 146.00
234.36, 140.00
234.72, 143.00
235.08, 140.00
235.44, 145.00
235.79, 142.00
236.15, 144.00
236.51, 141.00
236.87, 139.00
237.23, 148.00
237.59, 141.00
237.94, 150.00
238.30, 146.00
238.66, 145.00
239.02, 145.00
239.38, 143.00
239.74, 147.00
240.09, 156.00
240.45, 142.00
240.81, 141.00
241.17, 149.00
241.53, 143.00
241.89, 139.00
242.24, 142.00
242.60, 141.00
242.96, 146.00
243.32, 146.00
243.68, 146.00
244.03, 148.00
244.39, 149.00
244.75, 169.00
245.11, 140.00
245.46, 148.00
245.82, 173.00
246.18, 147.00
246.54, 149.00
246.90, 146.00
247.25, 147.00
247.61, 142.00
247.97, 183.00
248.33, 141.00
248.68, 135.00
249.04, 143.00
249.40, 144.00
249.76, 149.00
250.11, 138.00
250.47, 143.00
250.83, 147.00
251.19, 151.00
251.54, 147.00
251.90, 146.00
252.26, 150.00
252.62, 143.00
252.97, 151.00
253.33, 143.00
253.69, 143.00
254.05, 152.00
254.40, 145.00
254.76, 143.00
255.12, 166.00
255.47, 152.00
255.83, 145.00
256.19, 145.00
256.54, 143.00
256.90, 139.00
257.26, 145.00
257.62, 148.00
257.97, 144.00
258.33, 147.00
258.69, 141.00
259.04, 139.00
259.40, 142.00
259.76, 149.00
260.11, 143.00
260.47, 141.00
260.83, 146.00
261.18, 142.00
261.54, 152.00
261.90, 144.00
262.25, 145.00
262.61, 145.00
262.97, 145.00
263.32, 141.00
263.68, 140.00
264.04, 147.00
264.39, 145.00
264.75, 146.00
265.10, 144.00
265.46, 191.00
265.82, 159.00
266.17, 146.00
266.53, 144.00
266.89, 146.00
267.24, 151.00
267.60, 141.00
267.95, 139.00
268.31, 139.00
268.67, 147.00
269.02, 147.00
269.38, 141.00
269.74, 151.00
270.09, 143.00
270.45, 140.00
270.80, 157.00
271.16, 147.00
271.51, 148.00
271.87, 149.00
272.23, 157.00
272.58, 150.00
272.94, 143.00
273.29, 146.00
273.65, 193.00
274.00, 144.00
274.36, 148.00
274.72, 145.00
275.07, 147.00
275.43, 146.00
275.78, 148.00
276.14, 143.00
276.49, 151.00
276.85, 154.00
277.20, 166.00
277.56, 146.00
277.92, 141.00
278.27, 146.00
278.63, 150.00
278.98, 147.00
279.34, 148.00
279.69, 150.00
280.05, 165.00
280.40, 158.00
280.76, 162.00
281.11, 152.00
281.47, 149.00
281.82, 152.00
282.18, 156.00
282.53, 161.00
282.89, 163.00
283.24, 161.00
283.60, 154.00
283.95, 165.00
284.31, 164.00
284.66, 164.00
285.02, 168.00
285.37, 165.00
285.73, 173.00
286.08, 173.00
286.44, 159.00
286.79, 157.00
287.14, 162.00
287.50, 155.00
287.85, 153.00
288.21, 156.00
288.56, 150.00
288.92, 157.00
289.27, 157.00
289.63, 153.00
289.98, 161.00
290.34, 153.00
290.69, 161.00
291.04, 151.00
291.40, 150.00
291.75, 151.00
292.11, 159.00
292.46, 149.00
292.81, 163.00
293.17, 158.00
293.52, 157.00
293.88, 170.00
294.23, 172.00
294.59, 185.00
294.94, 193.00
295.29, 194.00
295.65, 210.00
296.00, 226.00
296.36, 199.00
296.71, 190.00
297.06, 191.00
297.42, 194.00
297.77, 195.00
298.12, 192.00
298.48, 177.00
298.83, 183.00
299.19, 178.00
299.54, 182.00
299.89, 181.00
300.25, 176.00
300.60, 185.00
300.95, 175.00
301.31, 167.00
301.66, 157.00
302.01, 154.00
302.37, 157.00
302.72, 163.00
303.07, 164.00
303.43, 174.00
303.78, 175.00
304.13, 179.00
304.49, 178.00
304.84, 183.00
305.19, 214.00
305.55, 173.00
305.90, 189.00
306.25, 218.00
306.61, 275.00
306.96, 327.00
307.31, 408.00
307.66, 565.00
308.02, 732.00
308.37, 850.00
308.72, 949.00
309.08, 970.00
309.43, 916.00
309.78, 774.00
310.13, 686.00
310.49, 612.00
310.84, 481.00
311.19, 431.00
311.54, 389.00
311.90, 347.00
312.25, 324.00
312.60, 338.00
312.95, 413.00
313.31, 443.00
313.66, 454.00
314.01, 454.00
314.36, 457.00
314.72, 516.00
315.07, 668.00
315.42, 802.00
315.77, 868.00
316.13, 697.00
316.48, 477.00
316.83, 338.00
317.18, 251.00
317.54, 210.00
317.89, 188.00
318.24, 179.00
318.59, 180.00
318.94, 175.00
319.30, 179.00
319.65, 187.00
320.00, 182.00
320.35, 184.00
320.70, 188.00
321.05, 181.00
321.41, 179.00
321.76, 181.00
322.11, 174.00
322.46, 168.00
322.81, 218.00
323.17, 176.00
323.52, 163.00
323.87, 171.00
324.22, 173.00
324.57, 177.00
324.92, 182.00
325.27, 182.00
325.63, 192.00
325.98, 192.00
326.33, 205.00
326.68, 204.00
327.03, 202.00
327.38, 200.00
327.73, 212.00
328.09, 228.00
328.44, 256.00
328.79, 220.00
329.14, 250.00
329.49, 207.00
329.84, 210.00
330.19, 217.00
330.54, 211.00
330.89, 217.00
331.25, 186.00
331.60, 194.00
331.95, 192.00
332.30, 188.00
332.65, 199.00
333.00, 207.00
333.35, 265.00
333.70, 278.00
334.05, 248.00
334.40, 261.00
334.75, 308.00
335.10, 413.00
335.45, 589.00
335.81, 854.00
336.16, 1273.00
336.51, 1790.00
336.86, 1853.00
337.21, 1647.00
337.56, 990.00
337.91, 617.00
338.26, 381.00
338.61, 263.00
338.96, 226.00
339.31, 192.00
339.66, 185.00
340.01, 191.00
340.36, 183.00
340.71, 177.00
341.06, 174.00
341.41, 179.00
341.76, 181.00
342.11, 174.00
342.46, 174.00
342.81, 179.00
343.16, 174.00
343.51, 175.00
343.86, 185.00
344.21, 176.00
344.56, 181.00
344.91, 170.00
345.26, 183.00
345.61, 179.00
345.96, 179.00
346.31, 174.00
346.66, 196.00
347.01, 177.00
347.36, 193.00
347.71, 177.00
348.06, 170.00
348.41, 196.00
348.76, 206.00
349.10, 209.00
349.45, 231.00
349.80, 226.00
350.15, 223.00
350.50, 210.00
350.85, 219.00
351.20, 231.00
351.55, 262.00
351.90, 319.00
352.25, 392.00
352.60, 497.00
352.95, 649.00
353.30, 708.00
353.64, 628.00
353.99, 490.00
354.34, 405.00
354.69, 378.00
355.04, 391.00
355.39, 467.00
355.74, 600.00
356.09, 761.00
356.44, 963.00
356.78, 1302.00
357.13, 1515.00
357.48, 1449.00
357.83, 1108.00
358.18, 709.00
358.53, 457.00
358.88, 292.00
359.22, 237.00
359.57, 190.00
359.92, 186.00
360.27, 190.00
360.62, 182.00
360.97, 183.00
361.32, 183.00
361.66, 182.00
362.01, 189.00
362.36, 185.00
362.71, 188.00
363.06, 197.00
363.40, 196.00
363.75, 200.00
364.10, 201.00
364.45, 190.00
364.80, 194.00
365.14, 194.00
365.49, 192.00
365.84, 201.00
366.19, 208.00
366.54, 219.00
366.88, 232.00
367.23, 207.00
367.58, 243.00
367.93, 189.00
368.28, 192.00
368.62, 184.00
368.97, 208.00
369.32, 229.00
369.67, 238.00
370.01, 295.00
370.36, 300.00
370.71, 331.00
371.06, 277.00
371.40, 257.00
371.75, 215.00
372.10, 202.00
372.45, 198.00
372.79, 217.00
373.14, 238.00
373.49, 274.00
373.83, 345.00
374.18, 410.00
374.53, 516.00
374.88, 574.00
375.22, 578.00
375.57, 475.00
375.92, 358.00
376.26, 273.00
376.61, 238.00
376.96, 202.00
377.30, 221.00
377.65, 240.00
378.00, 257.00
378.35, 315.00
378.69, 400.00
379.04, 473.00
379.39, 639.00
379.73, 773.00
380.08, 777.00
380.43, 618.00
380.77, 426.00
381.12, 359.00
381.47, 282.00
381.81, 223.00
382.16, 204.00
382.50, 194.00
382.85, 263.00
383.20, 205.00
383.54, 209.00
383.89, 215.00
384.24, 210.00
384.58, 226.00
384.93, 248.00
385.27, 259.00
385.62, 257.00
385.97, 250.00
386.31, 243.00
386.66, 273.00
387.00, 246.00
387.35, 269.00
387.70, 286.00
388.04, 391.00
388.39, 385.00
388.73, 486.00
389.08, 611.00
389.43, 737.00
389.77, 898.00
390.12, 1090.00
390.46, 1506.00
390.81, 1652.00
391.15, 1608.00
391.50, 1225.00
391.85, 773.00
392.19, 545.00
392.54, 364.00
392.88, 289.00
393.23, 288.00
393.57, 293.00
393.92, 286.00
394.26, 261.00
394.61, 220.00
394.95, 203.00
395.30, 185.00
395.64, 186.00
395.99, 229.00
396.33, 189.00
396.68, 194.00
397.02, 197.00
397.37, 226.00
397.71, 243.00
398.06, 274.00
398.40, 309.00
398.75, 367.00
399.09, 392.00
399.44, 405.00
399.78, 330.00
400.13, 274.00
400.47, 230.00
400.82, 200.00
401.16, 188.00
401.51, 190.00
401.85, 188.00
402.20, 186.00
402.54, 197.00
402.88, 204.00
403.23, 207.00
403.57, 217.00
403.92, 241.00
404.26, 325.00
404.61, 310.00
404.95, 408.00
405.30, 361.00
405.64, 351.00
405.98, 319.00
406.33, 261.00
406.67, 210.00
407.02, 196.00
407.36, 192.00
407.70, 206.00
408.05, 208.00
408.39, 216.00
408.74, 229.00
409.08, 237.00
409.42, 211.00
409.77, 206.00
410.11, 211.00
410.46, 198.00
410.80, 207.00
411.14, 215.00
411.49, 222.00
411.83, 237.00
412.17, 234.00
412.52, 246.00
412.86, 248.00
413.20, 252.00
413.55, 252.00
413.89, 240.00
414.23, 229.00
414.58, 253.00
414.92, 201.00
415.26, 199.00
415.61, 197.00
415.95, 202.00
416.29, 214.00
416.64, 201.00
416.98, 213.00
417.32, 219.00
417.67, 241.00
418.01, 257.00
418.35, 270.00
418.70, 299.00
419.04, 341.00
419.38, 326.00
419.72, 319.00
420.07, 282.00
420.41, 234.00
420.75, 215.00
421.10, 203.00
421.44, 208.00
421.78, 207.00
422.12, 204.00
422.47, 213.00
422.81, 224.00
423.15, 234.00
423.49, 239.00
423.84, 228.00
424.18, 247.00
424.52, 256.00
424.86, 307.00
425.21, 368.00
425.55, 415.00
425.89, 477.00
426.23, 571.00
426.57, 699.00
426.92, 740.00
427.26, 773.00
427.60, 648.00
427.94, 453.00
428.28, 364.00
428.63, 279.00
428.97, 233.00
429.31, 205.00
429.65, 181.00
429.99, 189.00
430.34, 176.00
430.68, 183.00
431.02, 198.00
431.36, 187.00
431.70, 194.00
432.04, 195.00
432.39, 208.00
432.73, 222.00
433.07, 235.00
433.41, 240.00
433.75, 240.00
434.09, 237.00
434.43, 224.00
434.78, 211.00
435.12, 211.00
435.46, 216.00
435.80, 221.00
436.14, 220.00
436.48, 209.00
436.82, 232.00
437.16, 219.00
437.51, 211.00
437.85, 209.00
438.19, 248.00
438.53, 213.00
438.87, 230.00
439.21, 217.00
439.55, 228.00
439.89, 230.00
440.23, 243.00
440.57, 241.00
440.91, 245.00
441.26, 234.00
441.60, 218.00
441.94, 212.00
442.28, 211.00
442.62, 208.00
442.96, 201.00
443.30, 206.00
443.64, 198.00
443.98, 196.00
444.32, 208.00
444.66, 191.00
445.00, 200.00
445.34, 204.00
445.68, 203.00
446.02, 205.00
446.36, 205.00
446.70, 203.00
447.04, 209.00
447.38, 229.00
447.72, 214.00
448.06, 219.00
448.40, 218.00
448.74, 211.00
449.08, 209.00
449.42, 206.00
449.76, 201.00
450.10, 198.00
450.44, 192.00
450.78, 196.00
451.12, 201.00
451.46, 193.00
451.80, 201.00
452.14, 191.00
452.48, 198.00
452.82, 191.00
453.16, 191.00
453.50, 196.00
453.84, 184.00
454.18, 228.00
454.52, 205.00
454.86, 202.00
455.19, 220.00
455.53, 212.00
455.87, 215.00
456.21, 221.00
456.55, 224.00
456.89, 221.00
457.23, 218.00
457.57, 215.00
457.91, 223.00
458.25, 220.00
458.59, 229.00
458.92, 240.00
459.26, 237.00
459.60, 241.00
459.94, 221.00
460.28, 204.00
460.62, 204.00
460.96, 196.00
461.30, 188.00
461.63, 195.00
461.97, 187.00
462.31, 194.00
462.65, 196.00
462.99, 208.00
463.33, 204.00
463.67, 211.00
464.00, 216.00
464.34, 218.00
464.68, 212.00
465.02, 235.00
465.36, 228.00
465.70, 217.00
466.03, 224.00
466.37, 207.00
466.71, 214.00
467.05, 231.00
467.39, 238.00
467.72, 252.00
468.06, 260.00
468.40, 273.00
468.74, 281.00
469.08, 285.00
469.41, 314.00
469.75, 343.00
470.09, 352.00
470.43, 351.00
470.76, 318.00
471.10, 296.00
471.44, 286.00
471.78, 260.00
472.11, 250.00
472.45, 239.00
472.79, 241.00
473.13, 230.00
473.46, 237.00
473.80, 224.00
474.14, 222.00
474.48, 224.00
474.81, 218.00
475.15, 217.00
475.49, 220.00
475.82, 219.00
476.16, 220.00
476.50, 215.00
476.84, 216.00
477.17, 212.00
477.51, 212.00
477.85, 209.00
478.18, 228.00
478.52, 211.00
478.86, 268.00
479.19, 227.00
479.53, 218.00
479.87, 257.00
480.20, 232.00
480.54, 230.00
480.88, 222.00
481.21, 218.00
481.55, 217.00
481.89, 211.00
482.22, 217.00
482.56, 224.00
482.90, 209.00
483.23, 211.00
483.57, 218.00
483.90, 217.00
484.24, 211.00
484.58, 214.00
484.91, 221.00
485.25, 213.00
485.58, 222.00
485.92, 226.00
486.26, 219.00
486.59, 217.00
486.93, 222.00
487.26, 228.00
487.60, 235.00
487.94, 221.00
488.27, 221.00
488.61, 216.00
488.94, 226.00
489.28, 228.00
489.61, 222.00
489.95, 229.00
490.29, 234.00
490.62, 236.00
490.96, 230.00
491.29, 236.00
491.63, 220.00
491.96, 232.00
492.30, 221.00
492.63, 220.00
492.97, 219.00
493.30, 220.00
493.64, 218.00
493.97, 218.00
494.31, 230.00
494.64, 236.00
494.98, 235.00
495.31, 227.00
495.65, 221.00
495.98, 230.00
496.32, 220.00
496.65, 258.00
496.99, 216.00
497.32, 213.00
497.66, 206.00
497.99, 215.00
498.33, 215.00
498.66, 208.00
499.00, 217.00
499.33, 216.00
499.67, 210.00
500.00, 207.00
500.34, 227.00
500.67, 225.00
501.00, 231.00
501.34, 225.00
501.67, 219.00
502.01, 218.00
502.34, 227.00
502.68, 233.00
503.01, 234.00
503.34, 238.00
503.68, 236.00
504.01, 235.00
504.35, 242.00
504.68, 249.00
505.01, 239.00
505.35, 246.00
505.68, 242.00
506.02, 250.00
506.35, 244.00
506.68, 256.00
507.02, 239.00
507.35, 237.00
507.68, 237.00
508.02, 242.00
508.35, 239.00
508.69, 233.00
509.02, 234.00
509.35, 233.00
509.69, 229.00
510.02, 236.00
510.35, 228.00
510.69, 225.00
511.02, 228.00
511.35, 221.00
511.69, 218.00
512.02, 218.00
512.35, 224.00
512.68, 221.00
513.02, 220.00
513.35, 219.00
513.68, 224.00
514.02, 228.00
514.35, 222.00
514.68, 226.00
515.01, 220.00
515.35, 227.00
515.68, 213.00
516.01, 213.00
516.35, 212.00
516.68, 213.00
517.01, 211.00
517.34, 218.00
517.68, 210.00
518.01, 221.00
518.34, 215.00
518.67, 214.00
519.01, 216.00
519.34, 225.00
519.67, 233.00
520.00, 220.00
520.33, 232.00
520.67, 222.00
521.00, 225.00
521.33, 234.00
521.66, 235.00
522.00, 234.00
522.33, 238.00
522.66, 228.00
522.99, 216.00
523.32, 235.00
523.65, 219.00
523.99, 219.00
524.32, 223.00
524.65, 215.00
524.98, 225.00
525.31, 227.00
525.65, 249.00
525.98, 224.00
526.31, 217.00
526.64, 225.00
526.97, 223.00
527.30, 210.00
527.63, 219.00
527.97, 210.00
528.30, 211.00
528.63, 219.00
528.96, 237.00
529.29, 207.00
529.62, 218.00
529.95, 202.00
530.28, 210.00
530.61, 206.00
530.95, 208.00
531.28, 208.00
531.61, 217.00
531.94, 227.00
532.27, 225.00
532.60, 220.00
532.93, 221.00
533.26, 214.00
533.59, 205.00
533.92, 215.00
534.25, 203.00
534.58, 245.00
534.91, 209.00
535.25, 194.00
535.58, 196.00
535.91, 203.00
536.24, 204.00
536.57, 212.00
536.90, 204.00
537.23, 201.00
537.56, 241.00
537.89, 202.00
538.22, 195.00
538.55, 199.00
538.88, 199.00
539.21, 312.00
539.54, 200.00
539.87, 194.00
540.20, 202.00
540.53, 198.00
540.86, 231.00
541.19, 198.00
541.52, 203.00
541.85, 203.00
542.18, 213.00
542.51, 212.00
542.84, 215.00
543.17, 216.00
543.50, 213.00
543.82, 209.00
544.15, 219.00
544.48, 205.00
544.81, 214.00
545.14, 240.00
545.47, 208.00
545.80, 244.00
546.13, 206.00
546.46, 245.00
546.79, 227.00
547.12, 201.00
547.45, 197.00
547.78, 205.00
548.10, 205.00
548.43, 207.00
548.76, 202.00
549.09, 206.00
549.42, 200.00
549.75, 198.00
550.08, 201.00
550.41, 215.00
550.74, 214.00
551.06, 199.00
551.39, 216.00
551.72, 209.00
552.05, 206.00
552.38, 206.00
552.71, 203.00
553.03, 213.00
553.36, 211.00
553.69, 221.00
554.02, 208.00
554.35, 211.00
554.68, 203.00
555.00, 207.00
555.33, 204.00
555.66, 202.00
555.99, 233.00
556.32, 221.00
556.64, 221.00
556.97, 226.00
557.30, 231.00
557.63, 223.00
557.96, 226.00
558.28, 225.00
558.61, 223.00
558.94, 223.00
559.27, 228.00
559.59, 221.00
559.92, 220.00
560.25, 214.00
560.58, 219.00
560.90, 219.00
561.23, 218.00
561.56, 219.00
561.89, 214.00
562.21, 216.00
562.54, 207.00
562.87, 201.00
563.20, 207.00
563.52, 201.00
563.85, 203.00
564.18, 213.00
564.50, 199.00
564.83, 230.00
565.16, 257.00
565.48, 184.00
565.81, 196.00
566.14, 191.00
566.47, 184.00
566.79, 190.00
567.12, 186.00
567.45, 222.00
567.77, 184.00
568.10, 192.00
568.43, 188.00
568.75, 196.00
569.08, 199.00
569.40, 232.00
569.73, 196.00
570.06, 192.00
570.38, 188.00
570.71, 186.00
571.04, 187.00
571.36, 201.00
571.69, 196.00
572.01, 190.00
572.34, 190.00
572.67, 197.00
572.99, 192.00
573.32, 213.00
573.64, 186.00
573.97, 192.00
574.30, 189.00
574.62, 193.00
574.95, 193.00
575.27, 190.00
575.60, 186.00
575.92, 190.00
576.25, 186.00
576.58, 205.00
576.90, 188.00
577.23, 227.00
577.55, 192.00
577.88, 192.00
578.20, 190.00
578.53, 183.00
578.85, 209.00
579.18, 192.00
579.50, 191.00
579.83, 180.00
580.15, 185.00
580.48, 192.00
580.80, 194.00
581.13, 193.00
581.45, 188.00
581.78, 192.00
582.10, 194.00
582.43, 200.00
582.75, 200.00
583.08, 193.00
583.40, 193.00
583.73, 261.00
584.05, 197.00
584.38, 191.00
584.70, 237.00
585.03, 199.00
585.35, 203.00
585.67, 203.00
586.00, 215.00
586.32, 236.00
586.65, 244.00
586.97, 244.00
587.30, 232.00
587.62, 222.00
587.94, 229.00
588.27, 210.00
588.59, 212.00
588.92, 202.00
589.24, 207.00
589.56, 202.00
589.89, 207.00
590.21, 197.00
590.54, 193.00
590.86, 195.00
591.18, 199.00
591.51, 196.00
591.83, 213.00
592.15, 202.00
592.48, 204.00
592.80, 212.00
593.13, 204.00
593.45, 212.00
593.77, 210.00
594.10, 214.00
594.42, 218.00
594.74, 224.00
595.07, 222.00
595.39, 224.00
595.71, 228.00
596.03, 229.00
596.36, 231.00
596.68, 237.00
597.00, 242.00
597.33, 238.00
597.65, 238.00
597.97, 238.00
598.30, 238.00
598.62, 230.00
598.94, 239.00
599.26, 227.00
599.59, 239.00
599.91, 241.00
600.23, 232.00
600.55, 224.00
600.88, 223.00
601.20, 217.00
601.52, 211.00
601.84, 209.00
602.17, 202.00
602.49, 198.00
602.81, 194.00
603.13, 201.00
603.45, 205.00
603.78, 197.00
604.10, 195.00
604.42, 194.00
604.74, 191.00
605.07, 192.00
605.39, 192.00
605.71, 188.00
606.03, 189.00
606.35, 182.00
606.67, 187.00
607.00, 189.00
607.32, 180.00
607.64, 182.00
607.96, 182.00
608.28, 189.00
608.60, 178.00
608.93, 185.00
609.25, 184.00
609.57, 187.00
609.89, 188.00
610.21, 181.00
610.53, 179.00
610.85, 182.00
611.17, 183.00
611.50, 187.00
611.82, 169.00
612.14, 172.00
612.46, 170.00
612.78, 175.00
613.10, 180.00
613.42, 181.00
613.74, 193.00
614.06, 224.00
614.38, 207.00
614.70, 217.00
615.03, 217.00
615.35, 214.00
615.67, 305.00
615.99, 196.00
616.31, 192.00
616.63, 192.00
616.95, 187.00
617.27, 182.00
617.59, 179.00
617.91, 185.00
618.23, 186.00
618.55, 174.00
618.87, 171.00
619.19, 175.00
619.51, 174.00
619.83, 171.00
620.15, 176.00
620.47, 175.00
620.79, 170.00
621.11, 181.00
621.43, 175.00
621.75, 181.00
622.07, 182.00
622.39, 171.00
622.71, 178.00
623.03, 170.00
623.35, 220.00
623.67, 176.00
623.99, 171.00
624.31, 172.00
624.63, 182.00
624.95, 171.00
625.26, 172.00
625.58, 172.00
625.90, 197.00
626.22, 172.00
626.54, 169.00
626.86, 180.00
627.18, 180.00
627.50, 184.00
627.82, 180.00
628.14, 182.00
628.46, 183.00
628.77, 184.00
629.09, 189.00
629.41, 188.00
629.73, 181.00
630.05, 194.00
630.37, 184.00
630.69, 187.00
631.00, 194.00
631.32, 198.00
631.64, 190.00
631.96, 189.00
632.28, 191.00
632.60, 198.00
632.92, 191.00
633.23, 195.00
633.55, 201.00
633.87, 209.00
634.19, 208.00
634.51, 206.00
634.82, 219.00
635.14, 219.00
635.46, 222.00
635.78, 210.00
636.10, 214.00
636.41, 216.00
636.73, 217.00
637.05, 218.00
637.37, 213.00
637.68, 211.00
638.00, 212.00
638.32, 214.00
638.64, 227.00
638.95, 244.00
639.27, 234.00
639.59, 237.00
639.91, 218.00
640.22, 218.00
640.54, 221.00
640.86, 212.00
641.18, 219.00
641.49, 226.00
641.81, 207.00
642.13, 213.00
642.44, 207.00
642.76, 197.00
643.08, 200.00
643.40, 203.00
643.71, 215.00
644.03, 209.00
644.35, 219.00
644.66, 216.00
644.98, 215.00
645.30, 205.00
645.61, 218.00
645.93, 200.00
646.25, 196.00
646.56, 202.00
646.88, 220.00
647.19, 188.00
647.51, 190.00
647.83, 189.00
648.14, 190.00
648.46, 184.00
648.78, 191.00
649.09, 188.00
649.41, 238.00
649.72, 204.00
650.04, 209.00
650.36, 204.00
650.67, 216.00
650.99, 216.00
651.30, 213.00
651.62, 211.00
651.93, 213.00
652.25, 233.00
652.57, 261.00
652.88, 221.00
653.20, 218.00
653.51, 220.00
653.83, 203.00
654.14, 200.00
654.46, 206.00
654.77, 202.00
655.09, 200.00
655.40, 221.00
655.72, 203.00
656.04, 195.00
656.35, 195.00
656.67, 196.00
656.98, 196.00
657.30, 195.00
657.61, 196.00
657.93, 198.00
658.24, 206.00
658.55, 244.00
658.87, 205.00
659.18, 210.00
659.50, 214.00
659.81, 206.00
660.13, 211.00
660.44, 206.00
660.76, 212.00
661.07, 221.00
661.39, 209.00
661.70, 197.00
662.01, 189.00
662.33, 183.00
662.64, 188.00
662.96, 180.00
663.27, 182.00
663.59, 181.00
663.90, 175.00
664.21, 182.00
664.53, 203.00
664.84, 187.00
665.16, 207.00
665.47, 186.00
665.78, 187.00
666.10, 197.00
666.41, 203.00
666.72, 198.00
667.04, 205.00
667.35, 203.00
667.67, 194.00
667.98, 196.00
668.29, 192.00
668.61, 189.00
668.92, 188.00
669.23, 194.00
669.55, 191.00
669.86, 216.00
670.17, 186.00
670.48, 185.00
670.80, 175.00
671.11, 173.00
671.42, 181.00
671.74, 179.00
672.05, 175.00
672.36, 183.00
672.68, 190.00
672.99, 185.00
673.30, 189.00
673.61, 189.00
673.93, 191.00
674.24, 198.00
674.55, 199.00
674.86, 200.00
675.18, 204.00
675.49, 212.00
675.80, 203.00
676.11, 220.00
676.43, 216.00
676.74, 204.00
677.05, 214.00
677.36, 218.00
677.67, 203.00
677.99, 194.00
678.30, 199.00
678.61, 200.00
678.92, 184.00
679.23, 190.00
679.55, 186.00
679.86, 182.00
680.17, 184.00
680.48, 183.00
680.79, 180.00
681.10, 171.00
681.42, 173.00
681.73, 172.00
682.04, 176.00
682.35, 173.00
682.66, 175.00
682.97, 171.00
683.28, 176.00
683.60, 175.00
683.91, 179.00
684.22, 188.00
684.53, 173.00
684.84, 176.00
685.15, 175.00
685.46, 195.00
685.77, 167.00
686.08, 169.00
686.40, 212.00
686.71, 173.00
687.02, 166.00
687.33, 171.00
687.64, 155.00
687.95, 164.00
688.26, 158.00
688.57, 162.00
688.88, 153.00
689.19, 159.00
689.50, 156.00
689.81, 159.00
690.12, 156.00
690.43, 176.00
690.74, 157.00
691.05, 157.00
691.36, 171.00
691.67, 158.00
691.98, 157.00
692.29, 157.00
692.60, 160.00
692.91, 157.00
693.22, 162.00
693.53, 149.00
693.84, 162.00
694.15, 156.00
694.46, 155.00
694.77, 154.00
695.08, 164.00
695.39, 167.00
695.70, 156.00
696.01, 158.00
696.32, 152.00
696.63, 158.00
696.94, 161.00
697.25, 154.00
697.56, 165.00
697.87, 165.00
698.17, 198.00
698.48, 160.00
698.79, 158.00
699.10, 160.00
699.41, 163.00
699.72, 162.00
700.03, 156.00
700.34, 165.00
700.65, 161.00
700.95, 155.00
701.26, 164.00
701.57, 155.00
701.88, 160.00
702.19, 164.00
702.50, 166.00
702.81, 159.00
703.11, 188.00
703.42, 162.00
703.73, 163.00
704.04, 166.00
704.35, 169.00
704.66, 196.00
704.96, 271.00
705.27, 316.00
705.58, 341.00
705.89, 316.00
706.20, 268.00
706.50, 242.00
706.81, 237.00
707.12, 215.00
707.43, 196.00
707.73, 181.00
708.04, 160.00
708.35, 169.00
708.66, 160.00
708.97, 154.00
709.27, 159.00
709.58, 156.00
709.89, 162.00
710.19, 157.00
710.50, 162.00
710.81, 154.00
711.12, 158.00
711.42, 157.00
711.73, 157.00
712.04, 151.00
712.35, 160.00
712.65, 156.00
712.96, 163.00
713.27, 161.00
713.57, 189.00
713.88, 177.00
714.19, 153.00
714.49, 158.00
714.80, 164.00
715.11, 158.00
715.41, 161.00
715.72, 154.00
716.03, 157.00
716.33, 165.00
716.64, 161.00
716.94, 162.00
717.25, 155.00
717.56, 166.00
717.86, 160.00
718.17, 157.00
718.48, 156.00
718.78, 156.00
719.09, 154.00
719.39, 153.00
719.70, 154.00
720.01, 157.00
720.31, 156.00
720.62, 155.00
720.92, 154.00
721.23, 162.00
721.53, 167.00
721.84, 157.00
722.15, 160.00
722.45, 161.00
722.76, 153.00
723.06, 160.00
723.37, 158.00
723.67, 158.00
723.98, 158.00
724.28, 165.00
724.59, 167.00
724.89, 165.00
725.20, 163.00
725.50, 172.00
725.81, 158.00
726.11, 165.00
726.42, 167.00
726.72, 168.00
727.03, 207.00
727.33, 169.00
727.64, 172.00
727.94, 163.00
728.25, 161.00
728.55, 158.00
728.86, 183.00
729.16, 157.00
729.46, 155.00
729.77, 163.00
730.07, 157.00
730.38, 156.00
730.68, 157.00
730.99, 162.00
731.29, 154.00
731.59, 155.00
731.90, 159.00
732.20, 159.00
732.51, 158.00
732.81, 160.00
733.11, 159.00
733.42, 163.00
733.72, 164.00
734.02, 164.00
734.33, 158.00
734.63, 148.00
734.94, 159.00
735.24, 165.00
735.54, 159.00
735.85, 156.00
736.15, 154.00
736.45, 154.00
736.76, 158.00
737.06, 157.00
737.36, 161.00
737.67, 164.00
737.97, 160.00
738.27, 161.00
738.57, 155.00
738.88, 155.00
739.18, 200.00
739.48, 156.00
739.79, 156.00
740.09, 159.00
740.39, 154.00
740.69, 158.00
741.00, 155.00
741.30, 162.00
741.60, 152.00
741.90, 152.00
742.21, 160.00
742.51, 204.00
742.81, 159.00
743.11, 161.00
743.42, 197.00
743.72, 165.00
744.02, 171.00
744.32, 171.00
744.63, 183.00
744.93, 183.00
745.23, 178.00
745.53, 178.00
745.83, 183.00
746.13, 178.00
746.44, 178.00
746.74, 177.00
747.04, 177.00
747.34, 182.00
747.64, 180.00
747.94, 182.00
748.25, 181.00
748.55, 184.00
748.85, 181.00
749.15, 185.00
749.45, 216.00
749.75, 206.00
750.05, 168.00
750.35, 165.00
750.66, 182.00
750.96, 170.00
751.26, 161.00
751.56, 156.00
751.86, 164.00
752.16, 154.00
752.46, 158.00
752.76, 146.00
753.06, 152.00
753.36, 199.00
753.66, 153.00
753.96, 154.00
754.27, 156.00
754.57, 158.00
754.87, 155.00
755.17, 160.00
755.47, 157.00
755.77, 162.00
756.07, 163.00
756.37, 167.00
756.67, 171.00
756.97, 164.00
757.27, 173.00
757.57, 169.00
757.87, 167.00
758.17, 165.00
758.47, 168.00
758.77, 173.00
759.07, 163.00
759.37, 168.00
759.67, 169.00
759.97, 172.00
760.27, 172.00
760.57, 168.00
760.86, 171.00
761.16, 166.00
761.46, 169.00
761.76, 198.00
762.06, 160.00
762.36, 167.00
762.66, 157.00
762.96, 156.00
763.26, 159.00
763.56, 179.00
763.86, 163.00
764.16, 148.00
764.45, 165.00
764.75, 158.00
765.05, 159.00
765.35, 156.00
765.65, 156.00
765.95, 152.00
766.25, 156.00
766.55, 168.00
766.84, 160.00
767.14, 157.00
767.44, 162.00
767.74, 159.00
768.04, 165.00
768.34, 160.00
768.63, 162.00
768.93, 167.00
769.23, 169.00
769.53, 163.00
769.83, 168.00
770.12, 169.00
770.42, 169.00
770.72, 164.00
771.02, 164.00
771.32, 161.00
771.61, 165.00
771.91, 168.00
772.21, 164.00
772.51, 167.00
772.80, 164.00
773.10, 160.00
773.40, 165.00
773.70, 167.00
773.99, 169.00
774.29, 172.00
774.59, 185.00
774.88, 168.00
775.18, 203.00
775.48, 428.00
775.78, 802.00
776.07, 1035.00
776.37, 1099.00
776.67, 844.00
776.96, 576.00
777.26, 506.00
777.56, 377.00
777.85, 346.00
778.15, 314.00
778.45, 284.00
778.74, 256.00
779.04, 218.00
779.34, 183.00
779.63, 168.00
779.93, 163.00
780.22, 155.00
780.52, 156.00
780.82, 149.00
781.11, 148.00
781.41, 149.00
781.71, 155.00
782.00, 147.00
782.30, 154.00
782.59, 154.00
782.89, 150.00
783.19, 151.00
783.48, 146.00
783.78, 145.00
784.07, 153.00
784.37, 148.00
784.66, 141.00
784.96, 151.00
785.25, 149.00
785.55, 154.00
785.84, 154.00
786.14, 142.00
786.44, 148.00
786.73, 144.00
787.03, 146.00
787.32, 148.00
787.62, 147.00
787.91, 146.00
788.21, 157.00
788.50, 148.00
788.80, 148.00
789.09, 153.00
789.39, 152.00
789.68, 147.00
789.97, 151.00
790.27, 148.00
790.56, 151.00
790.86, 159.00
791.15, 149.00
791.45, 141.00
791.74, 169.00
792.04, 150.00
792.33, 146.00
792.62, 171.00
792.92, 148.00
793.21, 147.00
793.51, 151.00
793.80, 141.00
794.09, 142.00
794.39, 144.00
794.68, 147.00
794.98, 148.00
795.27, 146.00
795.56, 147.00
795.86, 148.00
796.15, 141.00
796.44, 153.00
796.74, 148.00
797.03, 141.00
797.32, 145.00
797.62, 142.00
797.91, 158.00
798.20, 146.00
798.50, 156.00
798.79, 159.00
799.08, 147.00
799.38, 147.00
799.67, 142.00
799.96, 156.00
800.26, 172.00
800.55, 147.00
800.84, 151.00
801.13, 145.00
801.43, 148.00
801.72, 181.00
802.01, 146.00
802.30, 143.00
802.60, 154.00
802.89, 151.00
803.18, 144.00
803.47, 149.00
803.77, 151.00
804.06, 148.00
804.35, 150.00
804.64, 168.00
804.94, 149.00
805.23, 141.00
805.52, 149.00
805.81, 147.00
806.10, 144.00
806.39, 144.00
806.69, 140.00
806.98, 143.00
807.27, 152.00
807.56, 159.00
807.85, 147.00
808.14, 148.00
808.44, 158.00
808.73, 148.00
809.02, 163.00
809.31, 153.00
809.60, 146.00
809.89, 154.00
810.18, 144.00
810.48, 151.00
810.77, 149.00
811.06, 145.00
811.35, 148.00
811.64, 152.00
811.93, 172.00
812.22, 151.00
812.51, 147.00
812.80, 143.00
813.09, 145.00
813.38, 142.00
813.67, 163.00
813.96, 150.00
814.26, 144.00
814.55, 142.00
814.84, 142.00
815.13, 147.00
815.42, 142.00
815.71, 143.00
816.00, 141.00
816.29, 153.00
816.58, 147.00
816.87, 146.00
817.16, 146.00
817.45, 150.00
817.74, 146.00
818.03, 143.00
818.32, 144.00
818.61, 147.00
818.90, 150.00
819.19, 148.00
819.48, 146.00
819.76, 147.00
820.05, 144.00
820.34, 143.00
820.63, 142.00
820.92, 146.00
821.21, 139.00
821.50, 143.00
821.79, 139.00
822.08, 147.00
822.37, 147.00
822.66, 143.00
822.95, 145.00
823.23, 138.00
823.52, 163.00
823.81, 150.00
824.10, 143.00
824.39, 146.00
824.68, 146.00
824.97, 163.00
825.26, 141.00
825.54, 188.00
825.83, 144.00
826.12, 141.00
826.41, 138.00
826.70, 144.00
826.99, 149.00
827.27, 144.00
827.56, 163.00
827.85, 145.00
828.14, 147.00
828.43, 147.00
828.71, 150.00
829.00, 144.00
829.29, 143.00
829.58, 147.00
829.86, 143.00
830.15, 145.00
830.44, 146.00
830.73, 146.00
831.01, 141.00
831.30, 142.00
831.59, 148.00
831.88, 142.00
832.16, 146.00
832.45, 146.00
832.74, 140.00
833.03, 140.00
833.31, 143.00
833.60, 142.00
833.89, 137.00
834.17, 148.00
834.46, 147.00
834.75, 144.00
835.03, 145.00
835.32, 142.00
835.61, 147.00
835.89, 158.00
836.18, 141.00
836.47, 139.00
836.75, 141.00
837.04, 148.00
837.33, 149.00
837.61, 143.00
837.90, 147.00
838.19, 144.00
838.47, 140.00
838.76, 149.00
839.04, 141.00
839.33, 139.00
839.62, 147.00
839.90, 145.00
840.19, 142.00
840.47, 142.00
840.76, 174.00
841.04, 146.00
841.33, 145.00
841.62, 145.00
841.90, 142.00
842.19, 145.00
842.47, 303.00
842.76, 142.00
843.04, 149.00
843.33, 176.00
843.61, 166.00
843.90, 162.00
844.18, 171.00
844.47, 166.00
844.75, 157.00
845.04, 153.00
845.32, 156.00
845.61, 154.00
845.89, 153.00
846.18, 153.00
846.46, 153.00
846.75, 149.00
847.03, 162.00
847.32, 146.00
847.60, 144.00
847.88, 146.00
848.17, 149.00
848.45, 164.00
848.74, 150.00
849.02, 142.00
849.31, 142.00
849.59, 147.00
849.87, 149.00
850.16, 146.00
850.44, 149.00
850.73, 177.00
851.01, 149.00
851.29, 141.00
851.58, 151.00
851.86, 145.00
852.14, 143.00
852.43, 144.00
852.71, 141.00
853.00, 141.00
853.28, 147.00
853.56, 140.00
853.85, 145.00
854.13, 145.00
854.41, 147.00
854.69, 144.00
854.98, 146.00
855.26, 193.00
855.54, 141.00
855.83, 145.00
856.11, 147.00
856.39, 141.00
856.68, 143.00
856.96, 146.00
857.24, 145.00
857.52, 148.00
857.81, 150.00
858.09, 145.00
858.37, 144.00
858.65, 141.00
858.94, 140.00
859.22, 145.00
