190.05, 0.00
190.41, 131.00
190.77, 131.00
191.14, 132.00
191.50, 137.00
191.86, 157.00
192.22, 147.00
192.58, 145.00
192.94, 141.00
193.31, 140.00
193.67, 142.00
194.03, 151.00
194.39, 141.00
194.75, 144.00
195.11, 153.00
195.47, 160.00
195.84, 144.00
196.20, 140.00
196.56, 159.00
196.92, 144.00
197.28, 147.00
197.64, 143.00
198.00, 141.00
198.37, 150.00
198.73, 141.00
199.09, 143.00
199.45, 145.00
199.81, 149.00
200.17, 147.00
200.53, 148.00
200.89, 151.00
201.25, 179.00
201.62, 148.00
201.98, 146.00
202.34, 145.00
202.70, 154.00
203.06, 140.00
203.42, 148.00
203.78, 145.00
204.14, 149.00
204.50, 169.00
204.86, 157.00
205.22, 155.00
205.58, 143.00
205.95, 147.00
206.31, 141.00
206.67, 148.00
207.03, 146.00
207.39, 150.00
207.75, 145.00
208.11, 142.00
208.47, 145.00
208.83, 151.00
209.19, 145.00
209.55, 143.00
209.91, 150.00
210.27, 151.00
210.63, 145.00
210.99, 157.00
211.35, 143.00
211.71, 155.00
212.07, 152.00
212.43, 156.00
212.79, 149.00
213.15, 148.00
213.51, 145.00
213.87, 146.00
214.23, 147.00
214.59, 147.00
214.95, 144.00
215.31, 142.00
215.67, 145.00
216.03, 179.00
216.39, 145.00
216.75, 147.00
217.11, 151.00
217.47, 148.00
217.83, 145.00
218.19, 145.00
218.55, 149.00
218.91, 152.00
219.27, 149.00
219.63, 145.00
219.99, 142.00
220.35, 141.00
220.71, 154.00
221.07, 146.00
221.43, 146.00
221.79, 144.00
222.15, 147.00
222.51, 148.00
222.87, 148.00
223.23, 145.00
223.59, 146.00
223.95, 145.00
224.31, 145.00
224.67, 147.00
225.03, 150.00
225.39, 155.00
225.74, 153.00
226.10, 146.00
226.46, 146.00
226.82, 154.00
227.18, 146.00
227.54, 147.00
227.90, 150.00
228.26, 152.00
228.62, 151.00
228.98, 149.00
229.34, 143.00
229.69, 144.00
230.05, 151.00
230.41, 146.00
230.77, 151.00
231.13, 152.00
231.49, 147.00
231.85, 144.00
232.21, 149.00
232.57, 147.00
232.92, 144.00
233.28, 147.00
233.64, 148.00
234.00, 146.00
234.36, 147.00
234.72, 143.00
235.08, 148.00
235.44, 142.00
235.79, 141.00
236.15, 146.00
236.51, 146.00
236.87, 141.00
237.23, 149.00
237.59, 144.00
237.94, 150.00
238.30, 146.00
238.66, 145.00
239.02, 142.00
239.38, 140.00
239.74, 146.00
240.09, 156.00
240.45, 146.00
240.81, 143.00
241.17, 150.00
241.53, 133.00
241.89, 143.00
242.24, 138.00
242.60, 141.00
242.96, 149.00
243.32, 147.00
243.68, 141.00
244.03, 148.00
244.39, 149.00
244.75, 171.00
245.11, 146.00
245.46, 143.00
245.82, 171.00
246.18, 144.00
246.54, 148.00
246.90, 141.00
247.25, 144.00
247.61, 144.00
247.97, 182.00
248.33, 142.00
248.68, 139.00
249.04, 148.00
249.40, 149.00
249.76, 147.00
250.11, 142.00
250.47, 145.00
250.83, 143.00
251.19, 148.00
251.54, 152.00
251.90, 148.00
252.26, 145.00
252.62, 141.00
252.97, 147.00
253.33, 138.00
253.69, 139.00
254.05, 149.00
254.40, 140.00
254.76, 146.00
255.12, 171.00
255.47, 148.00
255.83, 143.00
256.19, 143.00
256.54, 142.00
256.90, 138.00
257.26, 143.00
257.62, 146.00
257.97, 140.00
258.33, 147.00
258.69, 144.00
259.04, 148.00
259.40, 145.00
259.76, 151.00
260.11, 141.00
260.47, 144.00
260.83, 140.00
261.18, 142.00
261.54, 153.00
261.90, 146.00
262.25, 145.00
262.61, 143.00
262.97, 145.00
263.32, 143.00
263.68, 143.00
264.04, 148.00
264.39, 140.00
264.75, 140.00
265.10, 146.00
265.46, 191.00
265.82, 155.00
266.17, 141.00
266.53, 139.00
266.89, 146.00
267.24, 152.00
267.60, 142.00
267.95, 143.00
268.31, 141.00
268.67, 141.00
269.02, 143.00
269.38, 142.00
269.74, 150.00
270.09, 142.00
270.45, 139.00
270.80, 166.00
271.16, 143.00
271.51, 148.00
271.87, 150.00
272.23, 148.00
272.58, 148.00
272.94, 145.00
273.29, 145.00
273.65, 195.00
274.00, 144.00
274.36, 146.00
274.72, 140.00
275.07, 140.00
275.43, 147.00
275.78, 149.00
276.14, 140.00
276.49, 149.00
276.85, 157.00
277.20, 163.00
277.56, 149.00
277.92, 146.00
278.27, 150.00
278.63, 149.00
278.98, 142.00
279.34, 148.00
279.69, 146.00
280.05, 163.00
280.40, 149.00
280.76, 165.00
281.11, 155.00
281.47, 153.00
281.82, 154.00
282.18, 148.00
282.53, 157.00
282.89, 164.00
283.24, 165.00
283.60, 162.00
283.95, 161.00
284.31, 163.00
284.66, 170.00
285.02, 172.00
285.37, 169.00
285.73, 171.00
286.08, 174.00
286.44, 158.00
286.79, 159.00
287.14, 158.00
287.50, 153.00
287.85, 150.00
288.21, 163.00
288.56, 150.00
288.92, 148.00
289.27, 158.00
289.63, 156.00
289.98, 160.00
290.34, 153.00
290.69, 159.00
291.04, 149.00
291.40, 143.00
291.75, 146.00
292.11, 159.00
292.46, 150.00
292.81, 159.00
293.17, 155.00
293.52, 161.00
293.88, 167.00
294.23, 167.00
294.59, 181.00
294.94, 192.00
295.29, 199.00
295.65, 209.00
296.00, 218.00
296.36, 205.00
296.71, 198.00
297.06, 205.00
297.42, 206.00
297.77, 204.00
298.12, 194.00
298.48, 181.00
298.83, 174.00
299.19, 181.00
299.54, 184.00
299.89, 183.00
300.25, 184.00
300.60, 191.00
300.95, 172.00
301.31, 163.00
301.66, 155.00
302.01, 160.00
302.37, 155.00
302.72, 160.00
303.07, 167.00
303.43, 168.00
303.78, 177.00
304.13, 176.00
304.49, 179.00
304.84, 180.00
305.19, 217.00
305.55, 175.00
305.90, 185.00
306.25, 223.00
306.61, 282.00
306.96, 338.00
307.31, 420.00
307.66, 586.00
308.02, 755.00
308.37, 893.00
308.72, 1006.00
309.08, 1008.00
309.43, 941.00
309.78, 819.00
310.13, 710.00
310.49, 621.00
310.84, 494.00
311.19, 457.00
311.54, 403.00
311.90, 351.00
312.25, 342.00
312.60, 346.00
312.95, 431.00
313.31, 460.00
313.66, 465.00
314.01, 449.00
314.36, 455.00
314.72, 535.00
315.07, 687.00
315.42, 836.00
315.77, 890.00
316.13, 726.00
316.48, 486.00
316.83, 342.00
317.18, 263.00
317.54, 209.00
317.89, 192.00
318.24, 188.00
318.59, 180.00
318.94, 173.00
319.30, 170.00
319.65, 180.00
320.00, 181.00
320.35, 184.00
320.70, 184.00
321.05, 183.00
321.41, 184.00
321.76, 185.00
322.11, 172.00
322.46, 173.00
322.81, 210.00
323.17, 179.00
323.52, 168.00
323.87, 171.00
324.22, 169.00
324.57, 178.00
324.92, 184.00
325.27, 174.00
325.63, 190.00
325.98, 198.00
326.33, 199.00
326.68, 197.00
327.03, 218.00
327.38, 196.00
327.73, 218.00
328.09, 226.00
328.44, 258.00
328.79, 225.00
329.14, 258.00
329.49, 220.00
329.84, 213.00
330.19, 221.00
330.54, 210.00
330.89, 212.00
331.25, 194.00
331.60, 189.00
331.95, 192.00
332.30, 191.00
332.65, 197.00
333.00, 214.00
333.35, 280.00
333.70, 275.00
334.05, 259.00
334.40, 271.00
334.75, 320.00
335.10, 427.00
335.45, 624.00
335.81, 895.00
336.16, 1330.00
336.51, 1853.00
336.86, 1899.00
337.21, 1700.00
337.56, 1023.00
337.91, 623.00
338.26, 382.00
338.61, 264.00
338.96, 220.00
339.31, 197.00
339.66, 194.00
340.01, 193.00
340.36, 180.00
340.71, 181.00
341.06, 180.00
341.41, 181.00
341.76, 181.00
342.11, 181.00
342.46, 176.00
342.81, 190.00
343.16, 183.00
343.51, 181.00
343.86, 186.00
344.21, 176.00
344.56, 179.00
344.91, 177.00
345.26, 187.00
345.61, 183.00
345.96, 174.00
346.31, 172.00
346.66, 205.00
347.01, 173.00
347.36, 195.00
347.71, 177.00
348.06, 181.00
348.41, 194.00
348.76, 210.00
349.10, 204.00
349.45, 237.00
349.80, 228.00
350.15, 223.00
350.50, 215.00
350.85, 223.00
351.20, 230.00
351.55, 268.00
351.90, 325.00
352.25, 408.00
352.60, 510.00
352.95, 672.00
353.30, 732.00
353.64, 650.00
353.99, 510.00
354.34, 418.00
354.69, 377.00
355.04, 408.00
355.39, 484.00
355.74, 622.00
356.09, 805.00
356.44, 1003.00
356.78, 1369.00
357.13, 1549.00
357.48, 1490.00
357.83, 1135.00
358.18, 736.00
358.53, 472.00
358.88, 310.00
359.22, 238.00
359.57, 195.00
359.92, 190.00
360.27, 191.00
360.62, 191.00
360.97, 188.00
361.32, 190.00
361.66, 183.00
362.01, 187.00
362.36, 189.00
362.71, 188.00
363.06, 198.00
363.40, 203.00
363.75, 197.00
364.10, 211.00
364.45, 191.00
364.80, 193.00
365.14, 188.00
365.49, 199.00
365.84, 195.00
366.19, 211.00
366.54, 219.00
366.88, 242.00
367.23, 207.00
367.58, 251.00
367.93, 188.00
368.28, 190.00
368.62, 192.00
368.97, 205.00
369.32, 227.00
369.67, 235.00
370.01, 286.00
370.36, 324.00
370.71, 344.00
371.06, 287.00
371.40, 260.00
371.75, 218.00
372.10, 211.00
372.45, 200.00
372.79, 225.00
373.14, 242.00
373.49, 284.00
373.83, 341.00
374.18, 424.00
374.53, 526.00
374.88, 610.00
375.22, 604.00
375.57, 478.00
375.92, 360.00
376.26, 284.00
376.61, 229.00
376.96, 197.00
377.30, 219.00
377.65, 248.00
378.00, 269.00
378.35, 317.00
378.69, 402.00
379.04, 489.00
379.39, 661.00
379.73, 788.00
380.08, 806.00
380.43, 625.00
380.77, 448.00
381.12, 365.00
381.47, 290.00
381.81, 223.00
382.16, 204.00
382.50, 207.00
382.85, 273.00
383.20, 198.00
383.54, 203.00
383.89, 213.00
384.24, 218.00
384.58, 237.00
384.93, 261.00
385.27, 259.00
385.62, 260.00
385.97, 248.00
386.31, 240.00
386.66, 279.00
387.00, 249.00
387.35, 256.00
387.70, 284.00
388.04, 399.00
388.39, 401.00
388.73, 496.00
389.08, 628.00
389.43, 754.00
389.77, 903.00
390.12, 1125.00
390.46, 1534.00
390.81, 1706.00
391.15, 1653.00
391.50, 1254.00
391.85, 796.00
392.19, 545.00
392.54, 367.00
392.88, 296.00
393.23, 306.00
393.57, 309.00
393.92, 296.00
394.26, 261.00
394.61, 224.00
394.95, 213.00
395.30, 185.00
395.64, 189.00
395.99, 225.00
396.33, 195.00
396.68, 201.00
397.02, 217.00
397.37, 223.00
397.71, 255.00
398.06, 277.00
398.40, 312.00
398.75, 378.00
399.09, 411.00
399.44, 409.00
399.78, 343.00
400.13, 269.00
400.47, 232.00
400.82, 196.00
401.16, 187.00
401.51, 189.00
401.85, 179.00
402.20, 194.00
402.54, 200.00
402.88, 205.00
403.23, 222.00
403.57, 226.00
403.92, 250.00
404.26, 331.00
404.61, 329.00
404.95, 411.00
405.30, 371.00
405.64, 353.00
405.98, 316.00
406.33, 267.00
406.67, 220.00
407.02, 201.00
407.36, 208.00
407.70, 209.00
408.05, 210.00
408.39, 219.00
408.74, 224.00
409.08, 241.00
409.42, 221.00
409.77, 209.00
410.11, 214.00
410.46, 205.00
410.80, 207.00
411.14, 223.00
411.49, 232.00
411.83, 243.00
412.17, 233.00
412.52, 234.00
412.86, 255.00
413.20, 260.00
413.55, 261.00
413.89, 253.00
414.23, 227.00
414.58, 252.00
414.92, 203.00
415.26, 200.00
415.61, 198.00
415.95, 205.00
416.29, 207.00
416.64, 213.00
416.98, 217.00
417.32, 218.00
417.67, 259.00
418.01, 259.00
418.35, 271.00
418.70, 304.00
419.04, 360.00
419.38, 337.00
419.72, 326.00
420.07, 284.00
420.41, 234.00
420.75, 224.00
421.10, 212.00
421.44, 206.00
421.78, 205.00
422.12, 209.00
422.47, 216.00
422.81, 232.00
423.15, 239.00
423.49, 238.00
423.84, 225.00
424.18, 249.00
424.52, 257.00
424.86, 309.00
425.21, 385.00
425.55, 422.00
425.89, 499.00
426.23, 580.00
426.57, 710.00
426.92, 748.00
427.26, 793.00
427.60, 667.00
427.94, 472.00
428.28, 350.00
428.63, 283.00
428.97, 231.00
429.31, 209.00
429.65, 190.00
429.99, 191.00
430.34, 185.00
430.68, 188.00
431.02, 199.00
431.36, 194.00
431.70, 199.00
432.04, 202.00
432.39, 214.00
432.73, 216.00
433.07, 231.00
433.41, 239.00
433.75, 250.00
434.09, 247.00
434.43, 233.00
434.78, 220.00
435.12, 206.00
435.46, 216.00
435.80, 216.00
436.14, 229.00
436.48, 220.00
436.82, 227.00
437.16, 227.00
437.51, 212.00
437.85, 207.00
438.19, 254.00
438.53, 206.00
438.87, 225.00
439.21, 222.00
439.55, 232.00
439.89, 230.00
440.23, 242.00
440.57, 245.00
440.91, 251.00
441.26, 242.00
441.60, 221.00
441.94, 221.00
442.28, 214.00
442.62, 215.00
442.96, 201.00
443.30, 201.00
443.64, 207.00
443.98, 203.00
444.32, 203.00
444.66, 204.00
445.00, 194.00
445.34, 208.00
445.68, 204.00
446.02, 206.00
446.36, 204.00
446.70, 202.00
447.04, 207.00
447.38, 227.00
447.72, 215.00
448.06, 217.00
448.40, 220.00
448.74, 211.00
449.08, 205.00
449.42, 206.00
449.76, 203.00
450.10, 200.00
450.44, 192.00
450.78, 197.00
451.12, 201.00
451.46, 199.00
451.80, 202.00
452.14, 187.00
452.48, 196.00
452.82, 200.00
453.16, 191.00
453.50, 202.00
453.84, 198.00
454.18, 236.00
454.52, 206.00
454.86, 204.00
455.19, 221.00
455.53, 211.00
455.87, 218.00
456.21, 229.00
456.55, 223.00
456.89, 221.00
457.23, 217.00
457.57, 209.00
457.91, 227.00
458.25, 220.00
458.59, 235.00
458.92, 250.00
459.26, 239.00
459.60, 245.00
459.94, 229.00
460.28, 206.00
460.62, 208.00
460.96, 201.00
461.30, 194.00
461.63, 181.00
461.97, 190.00
462.31, 198.00
462.65, 202.00
462.99, 205.00
463.33, 206.00
463.67, 216.00
464.00, 219.00
464.34, 216.00
464.68, 225.00
465.02, 232.00
465.36, 236.00
465.70, 220.00
466.03, 223.00
466.37, 208.00
466.71, 210.00
467.05, 231.00
467.39, 238.00
467.72, 253.00
468.06, 270.00
468.40, 273.00
468.74, 283.00
469.08, 291.00
469.41, 315.00
469.75, 334.00
470.09, 358.00
470.43, 354.00
470.76, 314.00
471.10, 295.00
471.44, 291.00
471.78, 270.00
472.11, 255.00
472.45, 246.00
472.79, 240.00
473.13, 239.00
473.46, 233.00
473.80, 228.00
474.14, 222.00
474.48, 230.00
474.81, 217.00
475.15, 215.00
475.49, 219.00
475.82, 227.00
476.16, 215.00
476.50, 219.00
476.84, 219.00
477.17, 209.00
477.51, 210.00
477.85, 213.00
478.18, 234.00
478.52, 208.00
478.86, 273.00
479.19, 222.00
479.53, 218.00
479.87, 260.00
480.20, 230.00
480.54, 226.00
480.88, 221.00
481.21, 216.00
481.55, 216.00
481.89, 210.00
482.22, 217.00
482.56, 210.00
482.90, 208.00
483.23, 216.00
483.57, 212.00
483.90, 224.00
484.24, 215.00
484.58, 217.00
484.91, 215.00
485.25, 220.00
485.58, 219.00
485.92, 228.00
486.26, 224.00
486.59, 229.00
486.93, 229.00
487.26, 227.00
487.60, 228.00
487.94, 235.00
488.27, 226.00
488.61, 227.00
488.94, 225.00
489.28, 226.00
489.61, 230.00
489.95, 230.00
490.29, 242.00
490.62, 237.00
490.96, 229.00
491.29, 241.00
491.63, 223.00
491.96, 231.00
492.30, 221.00
492.63, 229.00
492.97, 219.00
493.30, 213.00
493.64, 216.00
493.97, 216.00
494.31, 231.00
494.64, 233.00
494.98, 227.00
495.31, 227.00
495.65, 227.00
495.98, 231.00
496.32, 228.00
496.65, 255.00
496.99, 221.00
497.32, 217.00
497.66, 214.00
497.99, 212.00
498.33, 218.00
498.66, 218.00
499.00, 219.00
499.33, 212.00
499.67, 219.00
500.00, 217.00
500.34, 227.00
500.67, 230.00
501.00, 235.00
501.34, 234.00
501.67, 230.00
502.01, 226.00
502.34, 223.00
502.68, 238.00
503.01, 239.00
503.34, 237.00
503.68, 236.00
504.01, 241.00
504.35, 239.00
504.68, 251.00
505.01, 241.00
505.35, 249.00
505.68, 245.00
506.02, 250.00
506.35, 248.00
506.68, 253.00
507.02, 248.00
507.35, 243.00
507.68, 238.00
508.02, 243.00
508.35, 251.00
508.69, 235.00
509.02, 232.00
509.35, 232.00
509.69, 236.00
510.02, 227.00
510.35, 228.00
510.69, 224.00
511.02, 222.00
511.35, 228.00
511.69, 229.00
512.02, 223.00
512.35, 219.00
512.68, 222.00
513.02, 230.00
513.35, 227.00
513.68, 224.00
514.02, 226.00
514.35, 223.00
514.68, 223.00
515.01, 218.00
515.35, 224.00
515.68, 218.00
516.01, 214.00
516.35, 217.00
516.68, 213.00
517.01, 210.00
517.34, 226.00
517.68, 212.00
518.01, 228.00
518.34, 212.00
518.67, 217.00
519.01, 214.00
519.34, 221.00
519.67, 230.00
520.00, 225.00
520.33, 227.00
520.67, 220.00
521.00, 222.00
521.33, 233.00
521.66, 245.00
522.00, 241.00
522.33, 236.00
522.66, 231.00
522.99, 216.00
523.32, 227.00
523.65, 221.00
523.99, 229.00
524.32, 231.00
524.65, 221.00
524.98, 229.00
525.31, 220.00
525.65, 249.00
525.98, 227.00
526.31, 222.00
526.64, 229.00
526.97, 227.00
527.30, 210.00
527.63, 212.00
527.97, 217.00
528.30, 209.00
528.63, 215.00
528.96, 244.00
529.29, 213.00
529.62, 215.00
529.95, 206.00
530.28, 205.00
530.61, 206.00
530.95, 212.00
531.28, 211.00
531.61, 217.00
531.94, 224.00
532.27, 230.00
532.60, 217.00
532.93, 220.00
533.26, 212.00
533.59, 215.00
533.92, 212.00
534.25, 200.00
534.58, 247.00
534.91, 211.00
535.25, 198.00
535.58, 205.00
535.91, 203.00
536.24, 203.00
536.57, 207.00
536.90, 202.00
537.23, 210.00
537.56, 239.00
537.89, 213.00
538.22, 198.00
538.55, 200.00
538.88, 200.00
539.21, 316.00
539.54, 201.00
539.87, 195.00
540.20, 198.00
540.53, 199.00
540.86, 229.00
541.19, 200.00
541.52, 198.00
541.85, 207.00
542.18, 219.00
542.51, 218.00
542.84, 218.00
543.17, 217.00
543.50, 214.00
543.82, 207.00
544.15, 217.00
544.48, 222.00
544.81, 204.00
545.14, 234.00
545.47, 215.00
545.80, 244.00
546.13, 213.00
546.46, 246.00
546.79, 226.00
547.12, 212.00
547.45, 205.00
547.78, 204.00
548.10, 212.00
548.43, 205.00
548.76, 202.00
549.09, 205.00
549.42, 206.00
549.75, 204.00
550.08, 209.00
550.41, 208.00
550.74, 215.00
551.06, 209.00
551.39, 209.00
551.72, 201.00
552.05, 205.00
552.38, 196.00
552.71, 202.00
553.03, 207.00
553.36, 207.00
553.69, 212.00
554.02, 207.00
554.35, 215.00
554.68, 212.00
555.00, 221.00
555.33, 206.00
555.66, 208.00
555.99, 226.00
556.32, 219.00
556.64, 220.00
556.97, 232.00
557.30, 226.00
557.63, 230.00
557.96, 235.00
558.28, 228.00
558.61, 234.00
558.94, 235.00
559.27, 229.00
559.59, 228.00
559.92, 226.00
560.25, 222.00
560.58, 221.00
560.90, 225.00
561.23, 218.00
561.56, 221.00
561.89, 216.00
562.21, 213.00
562.54, 207.00
562.87, 204.00
563.20, 208.00
563.52, 201.00
563.85, 194.00
564.18, 214.00
564.50, 202.00
564.83, 228.00
565.16, 256.00
565.48, 186.00
565.81, 194.00
566.14, 185.00
566.47, 195.00
566.79, 194.00
567.12, 186.00
567.45, 216.00
567.77, 191.00
568.10, 192.00
568.43, 191.00
568.75, 197.00
569.08, 199.00
569.40, 230.00
569.73, 195.00
570.06, 189.00
570.38, 180.00
570.71, 189.00
571.04, 190.00
571.36, 197.00
571.69, 197.00
572.01, 198.00
572.34, 193.00
572.67, 193.00
572.99, 196.00
573.32, 210.00
573.64, 191.00
573.97, 187.00
574.30, 184.00
574.62, 198.00
574.95, 190.00
575.27, 194.00
575.60, 188.00
575.92, 191.00
576.25, 189.00
576.58, 198.00
576.90, 192.00
577.23, 228.00
577.55, 197.00
577.88, 190.00
578.20, 185.00
578.53, 190.00
578.85, 205.00
579.18, 197.00
579.50, 190.00
579.83, 193.00
580.15, 200.00
580.48, 191.00
580.80, 194.00
581.13, 191.00
581.45, 189.00
581.78, 194.00
582.10, 197.00
582.43, 196.00
582.75, 199.00
583.08, 201.00
583.40, 196.00
583.73, 261.00
584.05, 198.00
584.38, 188.00
584.70, 241.00
585.03, 200.00
585.35, 201.00
585.67, 204.00
586.00, 218.00
586.32, 243.00
586.65, 249.00
586.97, 246.00
587.30, 236.00
587.62, 222.00
587.94, 230.00
588.27, 208.00
588.59, 205.00
588.92, 206.00
589.24, 197.00
589.56, 202.00
589.89, 207.00
590.21, 200.00
590.54, 204.00
590.86, 200.00
591.18, 198.00
591.51, 196.00
591.83, 212.00
592.15, 200.00
592.48, 209.00
592.80, 208.00
593.13, 201.00
593.45, 215.00
593.77, 217.00
594.10, 220.00
594.42, 222.00
594.74, 224.00
595.07, 224.00
595.39, 229.00
595.71, 231.00
596.03, 234.00
596.36, 236.00
596.68, 235.00
597.00, 236.00
597.33, 233.00
597.65, 235.00
597.97, 249.00
598.30, 239.00
598.62, 239.00
598.94, 234.00
599.26, 238.00
599.59, 242.00
599.91, 251.00
600.23, 227.00
600.55, 222.00
600.88, 228.00
601.20, 220.00
601.52, 213.00
601.84, 208.00
602.17, 203.00
602.49, 199.00
602.81, 201.00
603.13, 206.00
603.45, 201.00
603.78, 196.00
604.10, 195.00
604.42, 195.00
604.74, 188.00
605.07, 188.00
605.39, 193.00
605.71, 189.00
606.03, 191.00
606.35, 187.00
606.67, 197.00
607.00, 191.00
607.32, 186.00
607.64, 183.00
607.96, 178.00
608.28, 178.00
608.60, 172.00
608.93, 171.00
609.25, 191.00
609.57, 186.00
609.89, 188.00
610.21, 184.00
610.53, 175.00
610.85, 182.00
611.17, 184.00
611.50, 185.00
611.82, 176.00
612.14, 180.00
612.46, 180.00
612.78, 175.00
613.10, 183.00
613.42, 177.00
613.74, 193.00
614.06, 227.00
614.38, 215.00
614.70, 220.00
615.03, 228.00
615.35, 216.00
615.67, 320.00
615.99, 193.00
616.31, 194.00
616.63, 193.00
616.95, 186.00
617.27, 185.00
617.59, 180.00
617.91, 182.00
618.23, 186.00
618.55, 176.00
618.87, 174.00
619.19, 178.00
619.51, 172.00
619.83, 173.00
620.15, 172.00
620.47, 176.00
620.79, 173.00
621.11, 178.00
621.43, 174.00
621.75, 188.00
622.07, 181.00
622.39, 175.00
622.71, 175.00
623.03, 179.00
623.35, 225.00
623.67, 174.00
623.99, 174.00
624.31, 173.00
624.63, 181.00
624.95, 167.00
625.26, 174.00
625.58, 176.00
625.90, 199.00
626.22, 180.00
626.54, 180.00
626.86, 179.00
627.18, 179.00
627.50, 177.00
627.82, 180.00
628.14, 175.00
628.46, 181.00
628.77, 180.00
629.09, 184.00
629.41, 182.00
629.73, 182.00
630.05, 199.00
630.37, 185.00
630.69, 187.00
631.00, 198.00
631.32, 196.00
631.64, 178.00
631.96, 184.00
632.28, 186.00
632.60, 198.00
632.92, 195.00
633.23, 192.00
633.55, 207.00
633.87, 200.00
634.19, 204.00
634.51, 210.00
634.82, 223.00
635.14, 213.00
635.46, 218.00
635.78, 219.00
636.10, 219.00
636.41, 220.00
636.73, 218.00
637.05, 219.00
637.37, 212.00
637.68, 217.00
638.00, 213.00
638.32, 218.00
638.64, 230.00
638.95, 249.00
639.27, 244.00
639.59, 239.00
639.91, 221.00
640.22, 217.00
640.54, 222.00
640.86, 211.00
641.18, 217.00
641.49, 230.00
641.81, 213.00
642.13, 214.00
642.44, 197.00
642.76, 204.00
643.08, 207.00
643.40, 207.00
643.71, 211.00
644.03, 216.00
644.35, 217.00
644.66, 227.00
644.98, 222.00
645.30, 215.00
645.61, 226.00
645.93, 197.00
646.25, 199.00
646.56, 209.00
646.88, 229.00
647.19, 192.00
647.51, 200.00
647.83, 190.00
648.14, 186.00
648.46, 190.00
648.78, 196.00
649.09, 191.00
649.41, 245.00
649.72, 206.00
650.04, 215.00
650.36, 217.00
650.67, 213.00
650.99, 210.00
651.30, 213.00
651.62, 211.00
651.93, 210.00
652.25, 225.00
652.57, 255.00
652.88, 209.00
653.20, 212.00
653.51, 218.00
653.83, 206.00
654.14, 206.00
654.46, 205.00
654.77, 207.00
655.09, 204.00
655.40, 218.00
655.72, 204.00
656.04, 196.00
656.35, 204.00
656.67, 201.00
656.98, 196.00
657.30, 200.00
657.61, 201.00
657.93, 207.00
658.24, 204.00
658.55, 246.00
658.87, 210.00
659.18, 212.00
659.50, 214.00
659.81, 219.00
660.13, 220.00
660.44, 207.00
660.76, 218.00
661.07, 222.00
661.39, 202.00
661.70, 196.00
662.01, 193.00
662.33, 190.00
662.64, 185.00
662.96, 185.00
663.27, 179.00
663.59, 174.00
663.90, 177.00
664.21, 173.00
664.53, 199.00
664.84, 189.00
665.16, 210.00
665.47, 184.00
665.78, 189.00
666.10, 201.00
666.41, 202.00
666.72, 211.00
667.04, 213.00
667.35, 200.00
667.67, 201.00
667.98, 200.00
668.29, 198.00
668.61, 199.00
668.92, 196.00
669.23, 190.00
669.55, 193.00
669.86, 217.00
670.17, 187.00
670.48, 184.00
670.80, 185.00
671.11, 178.00
671.42, 178.00
671.74, 183.00
672.05, 177.00
672.36, 183.00
672.68, 184.00
672.99, 188.00
673.30, 195.00
673.61, 190.00
673.93, 199.00
674.24, 201.00
674.55, 207.00
674.86, 202.00
675.18, 207.00
675.49, 214.00
675.80, 207.00
676.11, 212.00
676.43, 216.00
676.74, 210.00
677.05, 214.00
677.36, 223.00
677.67, 203.00
677.99, 205.00
678.30, 204.00
678.61, 192.00
678.92, 190.00
679.23, 196.00
679.55, 189.00
679.86, 187.00
680.17, 182.00
680.48, 187.00
680.79, 184.00
681.10, 175.00
681.42, 180.00
681.73, 172.00
682.04, 175.00
682.35, 170.00
682.66, 175.00
682.97, 174.00
683.28, 178.00
683.60, 176.00
683.91, 177.00
684.22, 188.00
684.53, 175.00
684.84, 169.00
685.15, 171.00
685.46, 201.00
685.77, 173.00
686.08, 168.00
686.40, 208.00
686.71, 166.00
687.02, 171.00
687.33, 168.00
687.64, 165.00
687.95, 160.00
688.26, 160.00
688.57, 161.00
688.88, 162.00
689.19, 156.00
689.50, 161.00
689.81, 162.00
690.12, 154.00
690.43, 172.00
690.74, 158.00
691.05, 160.00
691.36, 177.00
691.67, 159.00
691.98, 160.00
692.29, 162.00
692.60, 159.00
692.91, 163.00
693.22, 152.00
693.53, 156.00
693.84, 168.00
694.15, 156.00
694.46, 159.00
694.77, 158.00
695.08, 161.00
695.39, 161.00
695.70, 156.00
696.01, 163.00
696.32, 151.00
696.63, 153.00
696.94, 156.00
697.25, 156.00
697.56, 160.00
697.87, 164.00
698.17, 198.00
698.48, 167.00
698.79, 157.00
699.10, 159.00
699.41, 165.00
699.72, 155.00
700.03, 156.00
700.34, 159.00
700.65, 169.00
700.95, 161.00
701.26, 164.00
701.57, 156.00
701.88, 159.00
702.19, 172.00
702.50, 162.00
702.81, 162.00
703.11, 182.00
703.42, 157.00
703.73, 165.00
704.04, 169.00
704.35, 169.00
704.66, 196.00
704.96, 262.00
705.27, 322.00
705.58, 349.00
705.89, 324.00
706.20, 270.00
706.50, 240.00
706.81, 225.00
707.12, 215.00
707.43, 197.00
707.73, 183.00
708.04, 167.00
708.35, 163.00
708.66, 157.00
708.97, 154.00
709.27, 166.00
709.58, 157.00
709.89, 154.00
710.19, 158.00
710.50, 156.00
710.81, 161.00
711.12, 161.00
711.42, 151.00
711.73, 163.00
712.04, 157.00
712.35, 159.00
712.65, 162.00
712.96, 163.00
713.27, 159.00
713.57, 187.00
713.88, 181.00
714.19, 157.00
714.49, 160.00
714.80, 162.00
715.11, 161.00
715.41, 156.00
715.72, 161.00
716.03, 157.00
716.33, 161.00
716.64, 156.00
716.94, 160.00
717.25, 153.00
717.56, 163.00
717.86, 161.00
718.17, 156.00
718.48, 152.00
718.78, 153.00
719.09, 156.00
719.39, 158.00
719.70, 156.00
720.01, 158.00
720.31, 158.00
720.62, 160.00
720.92, 159.00
721.23, 157.00
721.53, 165.00
721.84, 160.00
722.15, 169.00
722.45, 164.00
722.76, 155.00
723.06, 162.00
723.37, 164.00
723.67, 160.00
723.98, 160.00
724.28, 158.00
724.59, 172.00
724.89, 169.00
725.20, 160.00
725.50, 168.00
725.81, 166.00
726.11, 161.00
726.42, 165.00
726.72, 161.00
727.03, 200.00
727.33, 168.00
727.64, 161.00
727.94, 161.00
728.25, 158.00
728.55, 157.00
728.86, 179.00
729.16, 157.00
729.46, 154.00
729.77, 163.00
730.07, 152.00
730.38, 151.00
730.68, 156.00
730.99, 165.00
731.29, 163.00
731.59, 159.00
731.90, 158.00
732.20, 157.00
732.51, 165.00
732.81, 162.00
733.11, 166.00
733.42, 162.00
733.72, 162.00
734.02, 164.00
734.33, 157.00
734.63, 163.00
734.94, 160.00
735.24, 162.00
735.54, 160.00
735.85, 161.00
736.15, 155.00
736.45, 156.00
736.76, 155.00
737.06, 159.00
737.36, 164.00
737.67, 158.00
737.97, 159.00
738.27, 159.00
738.57, 149.00
738.88, 154.00
739.18, 197.00
739.48, 156.00
739.79, 152.00
740.09, 157.00
740.39, 157.00
740.69, 169.00
741.00, 155.00
741.30, 163.00
741.60, 147.00
741.90, 154.00
742.21, 159.00
742.51, 207.00
742.81, 162.00
743.11, 159.00
743.42, 198.00
743.72, 170.00
744.02, 181.00
744.32, 172.00
744.63, 181.00
744.93, 185.00
745.23, 184.00
745.53, 185.00
745.83, 178.00
746.13, 181.00
746.44, 176.00
746.74, 177.00
747.04, 180.00
747.34, 181.00
747.64, 181.00
747.94, 173.00
748.25, 179.00
748.55, 177.00
748.85, 186.00
749.15, 188.00
749.45, 207.00
749.75, 211.00
750.05, 176.00
750.35, 167.00
750.66, 178.00
750.96, 167.00
751.26, 164.00
751.56, 157.00
751.86, 167.00
752.16, 157.00
752.46, 159.00
752.76, 157.00
753.06, 161.00
753.36, 195.00
753.66, 155.00
753.96, 160.00
754.27, 157.00
754.57, 159.00
754.87, 158.00
755.17, 160.00
755.47, 157.00
755.77, 163.00
756.07, 167.00
756.37, 166.00
756.67, 172.00
756.97, 161.00
757.27, 175.00
757.57, 167.00
757.87, 173.00
758.17, 166.00
758.47, 165.00
758.77, 171.00
759.07, 169.00
759.37, 168.00
759.67, 170.00
759.97, 166.00
760.27, 167.00
760.57, 168.00
760.86, 166.00
761.16, 163.00
761.46, 162.00
761.76, 198.00
762.06, 161.00
762.36, 169.00
762.66, 162.00
762.96, 160.00
763.26, 156.00
763.56, 188.00
763.86, 162.00
764.16, 153.00
764.45, 168.00
764.75, 156.00
765.05, 158.00
765.35, 157.00
765.65, 154.00
765.95, 154.00
766.25, 157.00
766.55, 160.00
766.84, 160.00
767.14, 160.00
767.44, 157.00
767.74, 157.00
768.04, 162.00
768.34, 162.00
768.63, 161.00
768.93, 161.00
769.23, 167.00
769.53, 164.00
769.83, 179.00
770.12, 162.00
770.42, 162.00
770.72, 165.00
771.02, 163.00
771.32, 163.00
771.61, 168.00
771.91, 175.00
772.21, 167.00
772.51, 170.00
772.80, 170.00
773.10, 174.00
773.40, 174.00
773.70, 170.00
773.99, 171.00
774.29, 174.00
774.59, 177.00
774.88, 176.00
775.18, 206.00
775.48, 436.00
775.78, 832.00
776.07, 1087.00
776.37, 1114.00
776.67, 875.00
776.96, 590.00
777.26, 511.00
777.56, 386.00
777.85, 354.00
778.15, 318.00
778.45, 284.00
778.74, 255.00
779.04, 216.00
779.34, 182.00
779.63, 165.00
779.93, 157.00
780.22, 154.00
780.52, 151.00
780.82, 149.00
781.11, 150.00
781.41, 148.00
781.71, 151.00
782.00, 152.00
782.30, 153.00
782.59, 155.00
782.89, 154.00
783.19, 147.00
783.48, 148.00
783.78, 153.00
784.07, 158.00
784.37, 155.00
784.66, 150.00
784.96, 148.00
785.25, 150.00
785.55, 150.00
785.84, 158.00
786.14, 146.00
786.44, 147.00
786.73, 152.00
787.03, 147.00
787.32, 150.00
787.62, 151.00
787.91, 151.00
788.21, 155.00
788.50, 145.00
788.80, 143.00
789.09, 150.00
789.39, 151.00
789.68, 150.00
789.97, 151.00
790.27, 152.00
790.56, 150.00
790.86, 151.00
791.15, 147.00
791.45, 145.00
791.74, 171.00
792.04, 146.00
792.33, 146.00
792.62, 176.00
792.92, 149.00
793.21, 143.00
793.51, 149.00
793.80, 146.00
794.09, 149.00
794.39, 143.00
794.68, 148.00
794.98, 144.00
795.27, 146.00
795.56, 146.00
795.86, 153.00
796.15, 143.00
796.44, 148.00
796.74, 142.00
797.03, 146.00
797.32, 143.00
797.62, 145.00
797.91, 156.00
798.20, 149.00
798.50, 155.00
798.79, 158.00
799.08, 145.00
799.38, 141.00
799.67, 148.00
799.96, 159.00
800.26, 173.00
800.55, 142.00
800.84, 152.00
801.13, 145.00
801.43, 147.00
801.72, 187.00
802.01, 146.00
802.30, 151.00
802.60, 149.00
802.89, 147.00
803.18, 151.00
803.47, 147.00
803.77, 152.00
804.06, 155.00
804.35, 152.00
804.64, 161.00
804.94, 151.00
805.23, 149.00
805.52, 151.00
805.81, 149.00
806.10, 152.00
806.39, 149.00
806.69, 148.00
806.98, 146.00
807.27, 145.00
807.56, 147.00
807.85, 150.00
808.14, 144.00
808.44, 154.00
808.73, 145.00
809.02, 163.00
809.31, 146.00
809.60, 147.00
809.89, 152.00
810.18, 148.00
810.48, 153.00
810.77, 150.00
811.06, 148.00
811.35, 143.00
811.64, 146.00
811.93, 167.00
812.22, 145.00
812.51, 143.00
812.80, 141.00
813.09, 145.00
813.38, 141.00
813.67, 167.00
813.96, 144.00
814.26, 148.00
814.55, 142.00
814.84, 141.00
815.13, 151.00
815.42, 138.00
815.71, 150.00
816.00, 141.00
816.29, 152.00
816.58, 145.00
816.87, 144.00
817.16, 145.00
817.45, 153.00
817.74, 150.00
818.03, 148.00
818.32, 144.00
818.61, 145.00
818.90, 141.00
819.19, 145.00
819.48, 147.00
819.76, 141.00
820.05, 147.00
820.34, 142.00
820.63, 141.00
820.92, 144.00
821.21, 142.00
821.50, 144.00
821.79, 142.00
822.08, 142.00
822.37, 144.00
822.66, 145.00
822.95, 148.00
823.23, 143.00
823.52, 165.00
823.81, 148.00
824.10, 145.00
824.39, 148.00
824.68, 143.00
824.97, 159.00
825.26, 144.00
825.54, 189.00
825.83, 148.00
826.12, 147.00
826.41, 141.00
826.70, 143.00
826.99, 152.00
827.27, 146.00
827.56, 166.00
827.85, 142.00
828.14, 148.00
828.43, 146.00
828.71, 147.00
829.00, 142.00
829.29, 144.00
829.58, 150.00
829.86, 136.00
830.15, 145.00
830.44, 144.00
830.73, 146.00
831.01, 144.00
831.30, 144.00
831.59, 146.00
831.88, 138.00
832.16, 141.00
832.45, 148.00
832.74, 143.00
833.03, 144.00
833.31, 143.00
833.60, 143.00
833.89, 143.00
834.17, 154.00
834.46, 142.00
834.75, 143.00
835.03, 144.00
835.32, 144.00
835.61, 148.00
835.89, 160.00
836.18, 147.00
836.47, 143.00
836.75, 141.00
837.04, 150.00
837.33, 144.00
837.61, 145.00
837.90, 145.00
838.19, 142.00
838.47, 143.00
838.76, 146.00
839.04, 141.00
839.33, 141.00
839.62, 138.00
839.90, 144.00
840.19, 144.00
840.47, 142.00
840.76, 159.00
841.04, 147.00
841.33, 143.00
841.62, 144.00
841.90, 147.00
842.19, 147.00
842.47, 307.00
842.76, 144.00
843.04, 153.00
843.33, 180.00
843.61, 172.00
843.90, 169.00
844.18, 168.00
844.47, 163.00
844.75, 167.00
845.04, 158.00
845.32, 160.00
845.61, 159.00
845.89, 154.00
846.18, 152.00
846.46, 154.00
846.75, 150.00
847.03, 156.00
847.32, 147.00
847.60, 142.00
847.88, 144.00
848.17, 148.00
848.45, 164.00
848.74, 151.00
849.02, 147.00
849.31, 141.00
849.59, 142.00
849.87, 140.00
850.16, 146.00
850.44, 147.00
850.73, 173.00
851.01, 146.00
851.29, 144.00
851.58, 147.00
851.86, 141.00
852.14, 143.00
852.43, 146.00
852.71, 149.00
853.00, 145.00
853.28, 150.00
853.56, 143.00
853.85, 142.00
854.13, 148.00
854.41, 141.00
854.69, 140.00
854.98, 143.00
855.26, 201.00
855.54, 147.00
855.83, 141.00
856.11, 147.00
856.39, 145.00
856.68, 144.00
856.96, 145.00
857.24, 145.00
857.52, 150.00
857.81, 145.00
858.09, 145.00
858.37, 143.00
858.65, 144.00
858.94, 143.00
859.22, 145.00
