190.05, 0.00
190.41, 130.00
190.77, 127.00
191.14, 131.00
191.50, 138.00
191.86, 158.00
192.22, 149.00
192.58, 141.00
192.94, 141.00
193.31, 143.00
193.67, 142.00
194.03, 151.00
194.39, 140.00
194.75, 142.00
195.11, 155.00
195.47, 158.00
195.84, 141.00
196.20, 138.00
196.56, 159.00
196.92, 145.00
197.28, 149.00
197.64, 141.00
198.00, 141.00
198.37, 140.00
198.73, 139.00
199.09, 140.00
199.45, 143.00
199.81, 146.00
200.17, 149.00
200.53, 142.00
200.89, 152.00
201.25, 175.00
201.62, 144.00
201.98, 142.00
202.34, 139.00
202.70, 150.00
203.06, 143.00
203.42, 144.00
203.78, 145.00
204.14, 147.00
204.50, 171.00
204.86, 159.00
205.22, 153.00
205.58, 152.00
205.95, 143.00
206.31, 145.00
206.67, 150.00
207.03, 147.00
207.39, 153.00
207.75, 145.00
208.11, 145.00
208.47, 149.00
208.83, 149.00
209.19, 148.00
209.55, 138.00
209.91, 142.00
210.27, 147.00
210.63, 143.00
210.99, 150.00
211.35, 146.00
211.71, 152.00
212.07, 145.00
212.43, 149.00
212.79, 150.00
213.15, 145.00
213.51, 147.00
213.87, 148.00
214.23, 143.00
214.59, 143.00
214.95, 142.00
215.31, 147.00
215.67, 148.00
216.03, 174.00
216.39, 147.00
216.75, 146.00
217.11, 146.00
217.47, 143.00
217.83, 146.00
218.19, 144.00
218.55, 154.00
218.91, 149.00
219.27, 137.00
219.63, 144.00
219.99, 145.00
220.35, 147.00
220.71, 153.00
221.07, 144.00
221.43, 141.00
221.79, 154.00
222.15, 144.00
222.51, 142.00
222.87, 144.00
223.23, 148.00
223.59, 150.00
223.95, 139.00
224.31, 145.00
224.67, 144.00
225.03, 146.00
225.39, 151.00
225.74, 147.00
226.10, 148.00
226.46, 143.00
226.82, 149.00
227.18, 147.00
227.54, 150.00
227.90, 151.00
228.26, 154.00
228.62, 152.00
228.98, 143.00
229.34, 141.00
229.69, 146.00
230.05, 149.00
230.41, 142.00
230.77, 153.00
231.13, 152.00
231.49, 148.00
231.85, 142.00
232.21, 152.00
232.57, 151.00
232.92, 142.00
233.28, 144.00
233.64, 149.00
234.00, 146.00
234.36, 141.00
234.72, 141.00
235.08, 144.00
235.44, 148.00
235.79, 142.00
236.15, 145.00
236.51, 143.00
236.87, 143.00
237.23, 147.00
237.59, 136.00
237.94, 151.00
238.30, 145.00
238.66, 145.00
239.02, 141.00
239.38, 140.00
239.74, 142.00
240.09, 154.00
240.45, 146.00
240.81, 143.00
241.17, 151.00
241.53, 146.00
241.89, 140.00
242.24, 149.00
242.60, 145.00
242.96, 146.00
243.32, 148.00
243.68, 145.00
244.03, 147.00
244.39, 146.00
244.75, 163.00
245.11, 148.00
245.46, 145.00
245.82, 169.00
246.18, 144.00
246.54, 149.00
246.90, 134.00
247.25, 140.00
247.61, 143.00
247.97, 184.00
248.33, 138.00
248.68, 141.00
249.04, 141.00
249.40, 144.00
249.76, 146.00
250.11, 142.00
250.47, 148.00
250.83, 144.00
251.19, 146.00
251.54, 149.00
251.90, 147.00
252.26, 147.00
252.62, 139.00
252.97, 148.00
253.33, 144.00
253.69, 145.00
254.05, 149.00
254.40, 140.00
254.76, 151.00
255.12, 174.00
255.47, 147.00
255.83, 149.00
256.19, 142.00
256.54, 145.00
256.90, 143.00
257.26, 143.00
257.62, 149.00
257.97, 141.00
258.33, 152.00
258.69, 143.00
259.04, 140.00
259.40, 141.00
259.76, 147.00
260.11, 149.00
260.47, 146.00
260.83, 144.00
261.18, 140.00
261.54, 148.00
261.90, 147.00
262.25, 143.00
262.61, 142.00
262.97, 141.00
263.32, 142.00
263.68, 145.00
264.04, 148.00
264.39, 142.00
264.75, 142.00
265.10, 147.00
265.46, 191.00
265.82, 157.00
266.17, 143.00
266.53, 145.00
266.89, 151.00
267.24, 150.00
267.60, 142.00
267.95, 142.00
268.31, 144.00
268.67, 142.00
269.02, 144.00
269.38, 142.00
269.74, 148.00
270.09, 145.00
270.45, 142.00
270.80, 167.00
271.16, 141.00
271.51, 150.00
271.87, 157.00
272.23, 151.00
272.58, 147.00
272.94, 146.00
273.29, 138.00
273.65, 190.00
274.00, 144.00
274.36, 145.00
274.72, 141.00
275.07, 142.00
275.43, 143.00
275.78, 146.00
276.14, 144.00
276.49, 150.00
276.85, 156.00
277.20, 169.00
277.56, 147.00
277.92, 139.00
278.27, 142.00
278.63, 153.00
278.98, 144.00
279.34, 146.00
279.69, 152.00
280.05, 170.00
280.40, 152.00
280.76, 161.00
281.11, 158.00
281.47, 150.00
281.82, 148.00
282.18, 152.00
282.53, 158.00
282.89, 158.00
283.24, 166.00
283.60, 160.00
283.95, 159.00
284.31, 166.00
284.66, 166.00
285.02, 169.00
285.37, 161.00
285.73, 162.00
286.08, 169.00
286.44, 160.00
286.79, 155.00
287.14, 152.00
287.50, 152.00
287.85, 152.00
288.21, 150.00
288.56, 151.00
288.92, 152.00
289.27, 158.00
289.63, 154.00
289.98, 162.00
290.34, 151.00
290.69, 161.00
291.04, 152.00
291.40, 148.00
291.75, 147.00
292.11, 154.00
292.46, 149.00
292.81, 163.00
293.17, 151.00
293.52, 158.00
293.88, 165.00
294.23, 174.00
294.59, 180.00
294.94, 191.00
295.29, 196.00
295.65, 209.00
296.00, 225.00
296.36, 198.00
296.71, 185.00
297.06, 200.00
297.42, 204.00
297.77, 192.00
298.12, 184.00
298.48, 179.00
298.83, 179.00
299.19, 182.00
299.54, 185.00
299.89, 184.00
300.25, 181.00
300.60, 181.00
300.95, 173.00
301.31, 164.00
301.66, 157.00
302.01, 154.00
302.37, 156.00
302.72, 160.00
303.07, 163.00
303.43, 171.00
303.78, 181.00
304.13, 176.00
304.49, 176.00
304.84, 186.00
305.19, 216.00
305.55, 176.00
305.90, 184.00
306.25, 219.00
306.61, 286.00
306.96, 330.00
307.31, 406.00
307.66, 567.00
308.02, 735.00
308.37, 867.00
308.72, 971.00
309.08, 956.00
309.43, 913.00
309.78, 793.00
310.13, 686.00
310.49, 611.00
310.84, 489.00
311.19, 434.00
311.54, 387.00
311.90, 333.00
312.25, 322.00
312.60, 343.00
312.95, 412.00
313.31, 446.00
313.66, 456.00
314.01, 454.00
314.36, 449.00
314.72, 517.00
315.07, 660.00
315.42, 816.00
315.77, 859.00
316.13, 697.00
316.48, 479.00
316.83, 331.00
317.18, 259.00
317.54, 206.00
317.89, 191.00
318.24, 187.00
318.59, 177.00
318.94, 178.00
319.30, 175.00
319.65, 179.00
320.00, 177.00
320.35, 184.00
320.70, 183.00
321.05, 180.00
321.41, 172.00
321.76, 181.00
322.11, 173.00
322.46, 179.00
322.81, 214.00
323.17, 173.00
323.52, 171.00
323.87, 168.00
324.22, 170.00
324.57, 178.00
324.92, 178.00
325.27, 178.00
325.63, 190.00
325.98, 191.00
326.33, 206.00
326.68, 198.00
327.03, 195.00
327.38, 196.00
327.73, 209.00
328.09, 228.00
328.44, 256.00
328.79, 217.00
329.14, 256.00
329.49, 212.00
329.84, 209.00
330.19, 214.00
330.54, 212.00
330.89, 213.00
331.25, 192.00
331.60, 189.00
331.95, 184.00
332.30, 187.00
332.65, 200.00
333.00, 203.00
333.35, 277.00
333.70, 281.00
334.05, 249.00
334.40, 263.00
334.75, 310.00
335.10, 420.00
335.45, 590.00
335.81, 865.00
336.16, 1263.00
336.51, 1752.00
336.86, 1836.00
337.21, 1599.00
337.56, 987.00
337.91, 601.00
338.26, 370.00
338.61, 260.00
338.96, 216.00
339.31, 202.00
339.66, 190.00
340.01, 191.00
340.36, 182.00
340.71, 187.00
341.06, 175.00
341.41, 176.00
341.76, 179.00
342.11, 184.00
342.46, 175.00
342.81, 177.00
343.16, 180.00
343.51, 179.00
343.86, 185.00
344.21, 180.00
344.56, 181.00
344.91, 169.00
345.26, 185.00
345.61, 181.00
345.96, 175.00
346.31, 171.00
346.66, 199.00
347.01, 173.00
347.36, 198.00
347.71, 175.00
348.06, 171.00
348.41, 195.00
348.76, 201.00
349.10, 211.00
349.45, 231.00
349.80, 225.00
350.15, 224.00
350.50, 213.00
350.85, 223.00
351.20, 221.00
351.55, 262.00
351.90, 324.00
352.25, 398.00
352.60, 487.00
352.95, 652.00
353.30, 703.00
353.64, 634.00
353.99, 489.00
354.34, 422.00
354.69, 372.00
355.04, 392.00
355.39, 468.00
355.74, 602.00
356.09, 767.00
356.44, 955.00
356.78, 1304.00
357.13, 1455.00
357.48, 1434.00
357.83, 1080.00
358.18, 703.00
358.53, 464.00
358.88, 296.00
359.22, 235.00
359.57, 188.00
359.92, 187.00
360.27, 184.00
360.62, 192.00
360.97, 185.00
361.32, 187.00
361.66, 181.00
362.01, 191.00
362.36, 188.00
362.71, 190.00
363.06, 196.00
363.40, 195.00
363.75, 193.00
364.10, 205.00
364.45, 196.00
364.80, 193.00
365.14, 191.00
365.49, 196.00
365.84, 197.00
366.19, 213.00
366.54, 219.00
366.88, 233.00
367.23, 209.00
367.58, 248.00
367.93, 188.00
368.28, 182.00
368.62, 195.00
368.97, 212.00
369.32, 222.00
369.67, 241.00
370.01, 292.00
370.36, 311.00
370.71, 327.00
371.06, 278.00
371.40, 250.00
371.75, 216.00
372.10, 201.00
372.45, 194.00
372.79, 215.00
373.14, 241.00
373.49, 280.00
373.83, 333.00
374.18, 404.00
374.53, 515.00
374.88, 582.00
375.22, 585.00
375.57, 470.00
375.92, 363.00
376.26, 283.00
376.61, 228.00
376.96, 203.00
377.30, 222.00
377.65, 234.00
378.00, 260.00
378.35, 310.00
378.69, 391.00
379.04, 474.00
379.39, 623.00
379.73, 758.00
380.08, 764.00
380.43, 594.00
380.77, 432.00
381.12, 343.00
381.47, 279.00
381.81, 229.00
382.16, 193.00
382.50, 199.00
382.85, 270.00
383.20, 192.00
383.54, 208.00
383.89, 210.00
384.24, 221.00
384.58, 223.00
384.93, 253.00
385.27, 252.00
385.62, 250.00
385.97, 247.00
386.31, 247.00
386.66, 269.00
387.00, 248.00
387.35, 265.00
387.70, 288.00
388.04, 391.00
388.39, 387.00
388.73, 485.00
389.08, 586.00
389.43, 707.00
389.77, 842.00
390.12, 1046.00
390.46, 1447.00
390.81, 1605.00
391.15, 1537.00
391.50, 1178.00
391.85, 739.00
392.19, 526.00
392.54, 355.00
392.88, 285.00
393.23, 289.00
393.57, 303.00
393.92, 284.00
394.26, 247.00
394.61, 226.00
394.95, 202.00
395.30, 193.00
395.64, 185.00
395.99, 227.00
396.33, 187.00
396.68, 195.00
397.02, 204.00
397.37, 229.00
397.71, 245.00
398.06, 269.00
398.40, 305.00
398.75, 369.00
399.09, 392.00
399.44, 392.00
399.78, 331.00
400.13, 277.00
400.47, 225.00
400.82, 201.00
401.16, 184.00
401.51, 184.00
401.85, 187.00
402.20, 189.00
402.54, 195.00
402.88, 207.00
403.23, 208.00
403.57, 230.00
403.92, 250.00
404.26, 327.00
404.61, 308.00
404.95, 396.00
405.30, 355.00
405.64, 341.00
405.98, 307.00
406.33, 261.00
406.67, 216.00
407.02, 201.00
407.36, 204.00
407.70, 208.00
408.05, 205.00
408.39, 215.00
408.74, 226.00
409.08, 238.00
409.42, 218.00
409.77, 212.00
410.11, 215.00
410.46, 199.00
410.80, 215.00
411.14, 220.00
411.49, 235.00
411.83, 236.00
412.17, 235.00
412.52, 238.00
412.86, 246.00
413.20, 259.00
413.55, 255.00
413.89, 243.00
414.23, 228.00
414.58, 254.00
414.92, 206.00
415.26, 199.00
415.61, 199.00
415.95, 204.00
416.29, 204.00
416.64, 208.00
416.98, 207.00
417.32, 221.00
417.67, 241.00
418.01, 254.00
418.35, 261.00
418.70, 304.00
419.04, 344.00
419.38, 328.00
419.72, 322.00
420.07, 279.00
420.41, 238.00
420.75, 216.00
421.10, 203.00
421.44, 205.00
421.78, 204.00
422.12, 209.00
422.47, 219.00
422.81, 230.00
423.15, 245.00
423.49, 239.00
423.84, 233.00
424.18, 233.00
424.52, 267.00
424.86, 303.00
425.21, 375.00
425.55, 402.00
425.89, 474.00
426.23, 552.00
426.57, 676.00
426.92, 725.00
427.26, 744.00
427.60, 617.00
427.94, 450.00
428.28, 331.00
428.63, 275.00
428.97, 222.00
429.31, 209.00
429.65, 188.00
429.99, 192.00
430.34, 189.00
430.68, 195.00
431.02, 200.00
431.36, 186.00
431.70, 196.00
432.04, 201.00
432.39, 206.00
432.73, 218.00
433.07, 219.00
433.41, 246.00
433.75, 249.00
434.09, 240.00
434.43, 224.00
434.78, 212.00
435.12, 203.00
435.46, 215.00
435.80, 221.00
436.14, 231.00
436.48, 217.00
436.82, 226.00
437.16, 221.00
437.51, 212.00
437.85, 206.00
438.19, 246.00
438.53, 206.00
438.87, 225.00
439.21, 223.00
439.55, 231.00
439.89, 230.00
440.23, 228.00
440.57, 246.00
440.91, 250.00
441.26, 236.00
441.60, 221.00
441.94, 223.00
442.28, 212.00
442.62, 212.00
442.96, 195.00
443.30, 206.00
443.64, 199.00
443.98, 205.00
444.32, 209.00
444.66, 195.00
445.00, 200.00
445.34, 213.00
445.68, 213.00
446.02, 202.00
446.36, 204.00
446.70, 203.00
447.04, 211.00
447.38, 235.00
447.72, 223.00
448.06, 223.00
448.40, 222.00
448.74, 213.00
449.08, 214.00
449.42, 200.00
449.76, 204.00
450.10, 197.00
450.44, 198.00
450.78, 198.00
451.12, 203.00
451.46, 199.00
451.80, 203.00
452.14, 184.00
452.48, 197.00
452.82, 190.00
453.16, 188.00
453.50, 198.00
453.84, 185.00
454.18, 234.00
454.52, 204.00
454.86, 209.00
455.19, 218.00
455.53, 211.00
455.87, 212.00
456.21, 224.00
456.55, 224.00
456.89, 213.00
457.23, 227.00
457.57, 217.00
457.91, 217.00
458.25, 216.00
458.59, 230.00
458.92, 239.00
459.26, 232.00
459.60, 240.00
459.94, 225.00
460.28, 209.00
460.62, 205.00
460.96, 198.00
461.30, 187.00
461.63, 197.00
461.97, 191.00
462.31, 198.00
462.65, 198.00
462.99, 208.00
463.33, 209.00
463.67, 218.00
464.00, 220.00
464.34, 213.00
464.68, 218.00
465.02, 236.00
465.36, 231.00
465.70, 218.00
466.03, 228.00
466.37, 206.00
466.71, 217.00
467.05, 221.00
467.39, 236.00
467.72, 244.00
468.06, 254.00
468.40, 279.00
468.74, 277.00
469.08, 288.00
469.41, 305.00
469.75, 328.00
470.09, 351.00
470.43, 352.00
470.76, 305.00
471.10, 285.00
471.44, 284.00
471.78, 267.00
472.11, 248.00
472.45, 243.00
472.79, 238.00
473.13, 234.00
473.46, 237.00
473.80, 231.00
474.14, 223.00
474.48, 229.00
474.81, 216.00
475.15, 219.00
475.49, 222.00
475.82, 225.00
476.16, 223.00
476.50, 213.00
476.84, 213.00
477.17, 206.00
477.51, 211.00
477.85, 207.00
478.18, 235.00
478.52, 217.00
478.86, 264.00
479.19, 232.00
479.53, 212.00
479.87, 260.00
480.20, 223.00
480.54, 227.00
480.88, 219.00
481.21, 223.00
481.55, 222.00
481.89, 219.00
482.22, 222.00
482.56, 221.00
482.90, 224.00
483.23, 222.00
483.57, 215.00
483.90, 221.00
484.24, 220.00
484.58, 222.00
484.91, 229.00
485.25, 227.00
485.58, 219.00
485.92, 228.00
486.26, 220.00
486.59, 221.00
486.93, 231.00
487.26, 229.00
487.60, 243.00
487.94, 229.00
488.27, 235.00
488.61, 223.00
488.94, 237.00
489.28, 221.00
489.61, 224.00
489.95, 222.00
490.29, 233.00
490.62, 240.00
490.96, 235.00
491.29, 237.00
491.63, 227.00
491.96, 223.00
492.30, 226.00
492.63, 227.00
492.97, 221.00
493.30, 218.00
493.64, 223.00
493.97, 234.00
494.31, 232.00
494.64, 239.00
494.98, 235.00
495.31, 232.00
495.65, 233.00
495.98, 229.00
496.32, 224.00
496.65, 264.00
496.99, 219.00
497.32, 219.00
497.66, 209.00
497.99, 214.00
498.33, 219.00
498.66, 215.00
499.00, 211.00
499.33, 222.00
499.67, 218.00
500.00, 220.00
500.34, 225.00
500.67, 238.00
501.00, 233.00
501.34, 227.00
501.67, 224.00
502.01, 225.00
502.34, 225.00
502.68, 240.00
503.01, 239.00
503.34, 246.00
503.68, 242.00
504.01, 241.00
504.35, 233.00
504.68, 250.00
505.01, 248.00
505.35, 246.00
505.68, 243.00
506.02, 247.00
506.35, 255.00
506.68, 258.00
507.02, 254.00
507.35, 249.00
507.68, 237.00
508.02, 246.00
508.35, 245.00
508.69, 239.00
509.02, 240.00
509.35, 235.00
509.69, 236.00
510.02, 234.00
510.35, 228.00
510.69, 232.00
511.02, 220.00
511.35, 226.00
511.69, 230.00
512.02, 216.00
512.35, 223.00
512.68, 227.00
513.02, 227.00
513.35, 221.00
513.68, 225.00
514.02, 227.00
514.35, 216.00
514.68, 222.00
515.01, 212.00
515.35, 222.00
515.68, 213.00
516.01, 215.00
516.35, 213.00
516.68, 224.00
517.01, 208.00
517.34, 219.00
517.68, 214.00
518.01, 225.00
518.34, 218.00
518.67, 212.00
519.01, 214.00
519.34, 226.00
519.67, 232.00
520.00, 224.00
520.33, 233.00
520.67, 229.00
521.00, 231.00
521.33, 239.00
521.66, 242.00
522.00, 239.00
522.33, 236.00
522.66, 230.00
522.99, 224.00
523.32, 237.00
523.65, 219.00
523.99, 225.00
524.32, 230.00
524.65, 218.00
524.98, 231.00
525.31, 222.00
525.65, 247.00
525.98, 220.00
526.31, 220.00
526.64, 232.00
526.97, 224.00
527.30, 215.00
527.63, 211.00
527.97, 217.00
528.30, 217.00
528.63, 219.00
528.96, 242.00
529.29, 208.00
529.62, 218.00
529.95, 205.00
530.28, 213.00
530.61, 209.00
530.95, 205.00
531.28, 211.00
531.61, 215.00
531.94, 229.00
532.27, 228.00
532.60, 225.00
532.93, 212.00
533.26, 219.00
533.59, 210.00
533.92, 213.00
534.25, 209.00
534.58, 246.00
534.91, 212.00
535.25, 205.00
535.58, 206.00
535.91, 206.00
536.24, 206.00
536.57, 206.00
536.90, 205.00
537.23, 204.00
537.56, 247.00
537.89, 206.00
538.22, 199.00
538.55, 195.00
538.88, 209.00
539.21, 326.00
539.54, 193.00
539.87, 205.00
540.20, 205.00
540.53, 196.00
540.86, 234.00
541.19, 201.00
541.52, 201.00
541.85, 207.00
542.18, 217.00
542.51, 215.00
542.84, 224.00
543.17, 222.00
543.50, 217.00
543.82, 217.00
544.15, 222.00
544.48, 220.00
544.81, 203.00
545.14, 238.00
545.47, 208.00
545.80, 246.00
546.13, 209.00
546.46, 244.00
546.79, 233.00
547.12, 208.00
547.45, 202.00
547.78, 209.00
548.10, 205.00
548.43, 216.00
548.76, 200.00
549.09, 207.00
549.42, 204.00
549.75, 214.00
550.08, 209.00
550.41, 213.00
550.74, 219.00
551.06, 206.00
551.39, 217.00
551.72, 213.00
552.05, 205.00
552.38, 206.00
552.71, 205.00
553.03, 217.00
553.36, 219.00
553.69, 214.00
554.02, 203.00
554.35, 208.00
554.68, 208.00
555.00, 212.00
555.33, 212.00
555.66, 205.00
555.99, 229.00
556.32, 214.00
556.64, 215.00
556.97, 232.00
557.30, 230.00
557.63, 235.00
557.96, 230.00
558.28, 233.00
558.61, 237.00
558.94, 230.00
559.27, 229.00
559.59, 224.00
559.92, 217.00
560.25, 220.00
560.58, 219.00
560.90, 225.00
561.23, 212.00
561.56, 215.00
561.89, 216.00
562.21, 210.00
562.54, 214.00
562.87, 208.00
563.20, 213.00
563.52, 209.00
563.85, 202.00
564.18, 221.00
564.50, 201.00
564.83, 235.00
565.16, 258.00
565.48, 201.00
565.81, 203.00
566.14, 192.00
566.47, 189.00
566.79, 190.00
567.12, 192.00
567.45, 216.00
567.77, 200.00
568.10, 193.00
568.43, 187.00
568.75, 181.00
569.08, 195.00
569.40, 231.00
569.73, 197.00
570.06, 194.00
570.38, 194.00
570.71, 188.00
571.04, 189.00
571.36, 201.00
571.69, 201.00
572.01, 198.00
572.34, 189.00
572.67, 199.00
572.99, 197.00
573.32, 211.00
573.64, 199.00
573.97, 197.00
574.30, 190.00
574.62, 198.00
574.95, 187.00
575.27, 194.00
575.60, 187.00
575.92, 188.00
576.25, 190.00
576.58, 202.00
576.90, 199.00
577.23, 234.00
577.55, 192.00
577.88, 193.00
578.20, 190.00
578.53, 191.00
578.85, 207.00
579.18, 201.00
579.50, 188.00
579.83, 196.00
580.15, 191.00
580.48, 196.00
580.80, 191.00
581.13, 197.00
581.45, 194.00
581.78, 188.00
582.10, 198.00
582.43, 202.00
582.75, 192.00
583.08, 199.00
583.40, 194.00
583.73, 261.00
584.05, 197.00
584.38, 193.00
584.70, 243.00
585.03, 196.00
585.35, 198.00
585.67, 199.00
586.00, 218.00
586.32, 238.00
586.65, 248.00
586.97, 247.00
587.30, 237.00
587.62, 223.00
587.94, 226.00
588.27, 211.00
588.59, 202.00
588.92, 203.00
589.24, 202.00
589.56, 212.00
589.89, 211.00
590.21, 204.00
590.54, 199.00
590.86, 192.00
591.18, 191.00
591.51, 201.00
591.83, 206.00
592.15, 206.00
592.48, 204.00
592.80, 207.00
593.13, 208.00
593.45, 214.00
593.77, 216.00
594.10, 216.00
594.42, 222.00
594.74, 219.00
595.07, 223.00
595.39, 222.00
595.71, 231.00
596.03, 230.00
596.36, 235.00
596.68, 234.00
597.00, 235.00
597.33, 240.00
597.65, 243.00
597.97, 243.00
598.30, 238.00
598.62, 236.00
598.94, 236.00
599.26, 237.00
599.59, 239.00
599.91, 239.00
600.23, 229.00
600.55, 221.00
600.88, 234.00
601.20, 218.00
601.52, 209.00
601.84, 205.00
602.17, 208.00
602.49, 208.00
602.81, 191.00
603.13, 199.00
603.45, 204.00
603.78, 195.00
604.10, 194.00
604.42, 186.00
604.74, 190.00
605.07, 185.00
605.39, 195.00
605.71, 192.00
606.03, 193.00
606.35, 191.00
606.67, 190.00
607.00, 203.00
607.32, 190.00
607.64, 186.00
607.96, 180.00
608.28, 181.00
608.60, 181.00
608.93, 184.00
609.25, 193.00
609.57, 191.00
609.89, 190.00
610.21, 185.00
610.53, 181.00
610.85, 175.00
611.17, 187.00
611.50, 180.00
611.82, 181.00
612.14, 180.00
612.46, 179.00
612.78, 179.00
613.10, 187.00
613.42, 180.00
613.74, 198.00
614.06, 227.00
614.38, 208.00
614.70, 215.00
615.03, 221.00
615.35, 217.00
615.67, 312.00
615.99, 192.00
616.31, 193.00
616.63, 193.00
616.95, 187.00
617.27, 184.00
617.59, 180.00
617.91, 186.00
618.23, 187.00
618.55, 171.00
618.87, 176.00
619.19, 169.00
619.51, 178.00
619.83, 171.00
620.15, 175.00
620.47, 178.00
620.79, 180.00
621.11, 180.00
621.43, 177.00
621.75, 190.00
622.07, 183.00
622.39, 178.00
622.71, 172.00
623.03, 174.00
623.35, 220.00
623.67, 170.00
623.99, 175.00
624.31, 170.00
624.63, 176.00
624.95, 177.00
625.26, 175.00
625.58, 170.00
625.90, 200.00
626.22, 174.00
626.54, 174.00
626.86, 179.00
627.18, 174.00
627.50, 183.00
627.82, 176.00
628.14, 178.00
628.46, 186.00
628.77, 183.00
629.09, 187.00
629.41, 188.00
629.73, 183.00
630.05, 194.00
630.37, 186.00
630.69, 195.00
631.00, 194.00
631.32, 194.00
631.64, 186.00
631.96, 185.00
632.28, 189.00
632.60, 194.00
632.92, 192.00
633.23, 192.00
633.55, 202.00
633.87, 203.00
634.19, 201.00
634.51, 211.00
634.82, 223.00
635.14, 215.00
635.46, 219.00
635.78, 219.00
636.10, 221.00
636.41, 219.00
636.73, 209.00
637.05, 212.00
637.37, 217.00
637.68, 208.00
638.00, 213.00
638.32, 221.00
638.64, 226.00
638.95, 245.00
639.27, 236.00
639.59, 229.00
639.91, 213.00
640.22, 217.00
640.54, 221.00
640.86, 215.00
641.18, 217.00
641.49, 226.00
641.81, 217.00
642.13, 217.00
642.44, 205.00
642.76, 205.00
643.08, 204.00
643.40, 204.00
643.71, 212.00
644.03, 206.00
644.35, 215.00
644.66, 223.00
644.98, 216.00
645.30, 203.00
645.61, 227.00
645.93, 205.00
646.25, 198.00
646.56, 203.00
646.88, 228.00
647.19, 191.00
647.51, 191.00
647.83, 191.00
648.14, 188.00
648.46, 188.00
648.78, 206.00
649.09, 197.00
649.41, 242.00
649.72, 201.00
650.04, 213.00
650.36, 214.00
650.67, 215.00
650.99, 219.00
651.30, 213.00
651.62, 216.00
651.93, 221.00
652.25, 232.00
652.57, 251.00
652.88, 220.00
653.20, 219.00
653.51, 212.00
653.83, 211.00
654.14, 207.00
654.46, 205.00
654.77, 202.00
655.09, 201.00
655.40, 216.00
655.72, 197.00
656.04, 193.00
656.35, 199.00
656.67, 191.00
656.98, 196.00
657.30, 201.00
657.61, 206.00
657.93, 208.00
658.24, 213.00
658.55, 248.00
658.87, 212.00
659.18, 206.00
659.50, 209.00
659.81, 218.00
660.13, 214.00
660.44, 209.00
660.76, 209.00
661.07, 230.00
661.39, 207.00
661.70, 191.00
662.01, 196.00
662.33, 182.00
662.64, 191.00
662.96, 180.00
663.27, 181.00
663.59, 181.00
663.90, 180.00
664.21, 177.00
664.53, 207.00
664.84, 182.00
665.16, 209.00
665.47, 187.00
665.78, 179.00
666.10, 195.00
666.41, 200.00
666.72, 209.00
667.04, 206.00
667.35, 199.00
667.67, 205.00
667.98, 191.00
668.29, 198.00
668.61, 193.00
668.92, 188.00
669.23, 189.00
669.55, 194.00
669.86, 214.00
670.17, 184.00
670.48, 181.00
670.80, 179.00
671.11, 176.00
671.42, 181.00
671.74, 180.00
672.05, 175.00
672.36, 180.00
672.68, 186.00
672.99, 186.00
673.30, 187.00
673.61, 192.00
673.93, 196.00
674.24, 200.00
674.55, 208.00
674.86, 204.00
675.18, 207.00
675.49, 217.00
675.80, 210.00
676.11, 218.00
676.43, 213.00
676.74, 206.00
677.05, 209.00
677.36, 219.00
677.67, 209.00
677.99, 206.00
678.30, 199.00
678.61, 191.00
678.92, 187.00
679.23, 189.00
679.55, 193.00
679.86, 182.00
680.17, 183.00
680.48, 181.00
680.79, 185.00
681.10, 173.00
681.42, 173.00
681.73, 171.00
682.04, 176.00
682.35, 175.00
682.66, 173.00
682.97, 176.00
683.28, 175.00
683.60, 175.00
683.91, 176.00
684.22, 192.00
684.53, 173.00
684.84, 178.00
685.15, 172.00
685.46, 206.00
685.77, 168.00
686.08, 165.00
686.40, 211.00
686.71, 171.00
687.02, 171.00
687.33, 165.00
687.64, 163.00
687.95, 163.00
688.26, 157.00
688.57, 162.00
688.88, 161.00
689.19, 154.00
689.50, 159.00
689.81, 161.00
690.12, 158.00
690.43, 178.00
690.74, 163.00
691.05, 156.00
691.36, 174.00
691.67, 155.00
691.98, 164.00
692.29, 160.00
692.60, 159.00
692.91, 158.00
693.22, 162.00
693.53, 160.00
693.84, 164.00
694.15, 160.00
694.46, 155.00
694.77, 159.00
695.08, 159.00
695.39, 166.00
695.70, 161.00
696.01, 163.00
696.32, 153.00
696.63, 158.00
696.94, 156.00
697.25, 157.00
697.56, 165.00
697.87, 164.00
698.17, 203.00
698.48, 160.00
698.79, 161.00
699.10, 157.00
699.41, 162.00
699.72, 158.00
700.03, 154.00
700.34, 161.00
700.65, 161.00
700.95, 161.00
701.26, 161.00
701.57, 159.00
701.88, 158.00
702.19, 173.00
702.50, 165.00
702.81, 160.00
703.11, 186.00
703.42, 160.00
703.73, 167.00
704.04, 166.00
704.35, 169.00
704.66, 184.00
704.96, 264.00
705.27, 314.00
705.58, 333.00
705.89, 315.00
706.20, 268.00
706.50, 242.00
706.81, 234.00
707.12, 211.00
707.43, 191.00
707.73, 178.00
708.04, 171.00
708.35, 161.00
708.66, 161.00
708.97, 156.00
709.27, 166.00
709.58, 158.00
709.89, 154.00
710.19, 157.00
710.50, 157.00
710.81, 160.00
711.12, 159.00
711.42, 156.00
711.73, 161.00
712.04, 161.00
712.35, 159.00
712.65, 156.00
712.96, 162.00
713.27, 159.00
713.57, 182.00
713.88, 184.00
714.19, 160.00
714.49, 158.00
714.80, 166.00
715.11, 160.00
715.41, 159.00
715.72, 158.00
716.03, 160.00
716.33, 165.00
716.64, 156.00
716.94, 161.00
717.25, 154.00
717.56, 168.00
717.86, 159.00
718.17, 157.00
718.48, 152.00
718.78, 156.00
719.09, 157.00
719.39, 157.00
719.70, 157.00
720.01, 159.00
720.31, 152.00
720.62, 151.00
720.92, 155.00
721.23, 164.00
721.53, 166.00
721.84, 157.00
722.15, 159.00
722.45, 162.00
722.76, 166.00
723.06, 156.00
723.37, 163.00
723.67, 159.00
723.98, 161.00
724.28, 164.00
724.59, 169.00
724.89, 170.00
725.20, 161.00
725.50, 170.00
725.81, 165.00
726.11, 163.00
726.42, 163.00
726.72, 165.00
727.03, 213.00
727.33, 169.00
727.64, 173.00
727.94, 166.00
728.25, 164.00
728.55, 161.00
728.86, 179.00
729.16, 156.00
729.46, 156.00
729.77, 155.00
730.07, 155.00
730.38, 159.00
730.68, 149.00
730.99, 166.00
731.29, 150.00
731.59, 160.00
731.90, 156.00
732.20, 158.00
732.51, 156.00
732.81, 156.00
733.11, 167.00
733.42, 157.00
733.72, 164.00
734.02, 162.00
734.33, 156.00
734.63, 164.00
734.94, 156.00
735.24, 160.00
735.54, 158.00
735.85, 157.00
736.15, 164.00
736.45, 158.00
736.76, 155.00
737.06, 160.00
737.36, 162.00
737.67, 162.00
737.97, 161.00
738.27, 154.00
738.57, 156.00
738.88, 156.00
739.18, 196.00
739.48, 158.00
739.79, 155.00
740.09, 167.00
740.39, 157.00
740.69, 166.00
741.00, 155.00
741.30, 169.00
741.60, 157.00
741.90, 161.00
742.21, 155.00
742.51, 215.00
742.81, 157.00
743.11, 165.00
743.42, 193.00
743.72, 166.00
744.02, 172.00
744.32, 173.00
744.63, 179.00
744.93, 177.00
745.23, 183.00
745.53, 186.00
745.83, 177.00
746.13, 182.00
746.44, 180.00
746.74, 181.00
747.04, 178.00
747.34, 178.00
747.64, 177.00
747.94, 181.00
748.25, 175.00
748.55, 179.00
748.85, 184.00
749.15, 189.00
749.45, 218.00
749.75, 207.00
750.05, 182.00
750.35, 167.00
750.66, 181.00
750.96, 167.00
751.26, 161.00
751.56, 163.00
751.86, 172.00
752.16, 155.00
752.46, 153.00
752.76, 154.00
753.06, 152.00
753.36, 194.00
753.66, 142.00
753.96, 159.00
754.27, 156.00
754.57, 153.00
754.87, 161.00
755.17, 157.00
755.47, 159.00
755.77, 161.00
756.07, 166.00
756.37, 165.00
756.67, 171.00
756.97, 165.00
757.27, 176.00
757.57, 170.00
757.87, 172.00
758.17, 164.00
758.47, 176.00
758.77, 170.00
759.07, 168.00
759.37, 166.00
759.67, 173.00
759.97, 170.00
760.27, 166.00
760.57, 164.00
760.86, 167.00
761.16, 169.00
761.46, 164.00
761.76, 197.00
762.06, 159.00
762.36, 168.00
762.66, 159.00
762.96, 155.00
763.26, 167.00
763.56, 187.00
763.86, 167.00
764.16, 154.00
764.45, 167.00
764.75, 159.00
765.05, 151.00
765.35, 154.00
765.65, 153.00
765.95, 153.00
766.25, 156.00
766.55, 164.00
766.84, 166.00
767.14, 162.00
767.44, 159.00
767.74, 166.00
768.04, 157.00
768.34, 156.00
768.63, 164.00
768.93, 163.00
769.23, 168.00
769.53, 170.00
769.83, 170.00
770.12, 165.00
770.42, 163.00
770.72, 164.00
771.02, 166.00
771.32, 169.00
771.61, 165.00
771.91, 169.00
772.21, 174.00
772.51, 165.00
772.80, 167.00
773.10, 165.00
773.40, 170.00
773.70, 167.00
773.99, 170.00
774.29, 175.00
774.59, 172.00
774.88, 166.00
775.18, 206.00
775.48, 419.00
775.78, 785.00
776.07, 1026.00
776.37, 1075.00
776.67, 837.00
776.96, 570.00
777.26, 505.00
777.56, 373.00
777.85, 336.00
778.15, 315.00
778.45, 286.00
778.74, 242.00
779.04, 209.00
779.34, 184.00
779.63, 175.00
779.93, 161.00
780.22, 154.00
780.52, 153.00
780.82, 149.00
781.11, 155.00
781.41, 149.00
781.71, 148.00
782.00, 149.00
782.30, 154.00
782.59, 153.00
782.89, 154.00
783.19, 147.00
783.48, 145.00
783.78, 149.00
784.07, 156.00
784.37, 159.00
784.66, 151.00
784.96, 150.00
785.25, 152.00
785.55, 146.00
785.84, 149.00
786.14, 150.00
786.44, 146.00
786.73, 149.00
787.03, 144.00
787.32, 148.00
787.62, 143.00
787.91, 145.00
788.21, 150.00
788.50, 151.00
788.80, 150.00
789.09, 158.00
789.39, 147.00
789.68, 145.00
789.97, 157.00
790.27, 151.00
790.56, 150.00
790.86, 157.00
791.15, 148.00
791.45, 148.00
791.74, 173.00
792.04, 148.00
792.33, 146.00
792.62, 176.00
792.92, 147.00
793.21, 149.00
793.51, 148.00
793.80, 149.00
794.09, 146.00
794.39, 151.00
794.68, 147.00
794.98, 149.00
795.27, 150.00
795.56, 142.00
795.86, 147.00
796.15, 145.00
796.44, 151.00
796.74, 148.00
797.03, 144.00
797.32, 147.00
797.62, 141.00
797.91, 158.00
798.20, 145.00
798.50, 154.00
798.79, 159.00
799.08, 146.00
799.38, 151.00
799.67, 149.00
799.96, 159.00
800.26, 176.00
800.55, 145.00
800.84, 150.00
801.13, 143.00
801.43, 142.00
801.72, 185.00
802.01, 150.00
802.30, 143.00
802.60, 145.00
802.89, 154.00
803.18, 149.00
803.47, 146.00
803.77, 158.00
804.06, 153.00
804.35, 150.00
804.64, 167.00
804.94, 150.00
805.23, 142.00
805.52, 145.00
805.81, 145.00
806.10, 148.00
806.39, 148.00
806.69, 144.00
806.98, 148.00
807.27, 151.00
807.56, 152.00
807.85, 142.00
808.14, 145.00
808.44, 158.00
808.73, 149.00
809.02, 169.00
809.31, 152.00
809.60, 154.00
809.89, 150.00
810.18, 145.00
810.48, 157.00
810.77, 148.00
811.06, 149.00
811.35, 141.00
811.64, 150.00
811.93, 170.00
812.22, 144.00
812.51, 145.00
812.80, 144.00
813.09, 144.00
813.38, 143.00
813.67, 168.00
813.96, 149.00
814.26, 142.00
814.55, 143.00
814.84, 140.00
815.13, 147.00
815.42, 145.00
815.71, 146.00
816.00, 146.00
816.29, 153.00
816.58, 154.00
816.87, 140.00
817.16, 140.00
817.45, 154.00
817.74, 150.00
818.03, 149.00
818.32, 141.00
818.61, 146.00
818.90, 154.00
819.19, 149.00
819.48, 148.00
819.76, 144.00
820.05, 145.00
820.34, 143.00
820.63, 149.00
820.92, 146.00
821.21, 140.00
821.50, 143.00
821.79, 143.00
822.08, 146.00
822.37, 148.00
822.66, 141.00
822.95, 150.00
823.23, 143.00
823.52, 162.00
823.81, 149.00
824.10, 139.00
824.39, 145.00
824.68, 148.00
824.97, 167.00
825.26, 142.00
825.54, 196.00
825.83, 141.00
826.12, 139.00
826.41, 141.00
826.70, 143.00
826.99, 149.00
827.27, 144.00
827.56, 163.00
827.85, 148.00
828.14, 144.00
828.43, 156.00
828.71, 151.00
829.00, 144.00
829.29, 142.00
829.58, 144.00
829.86, 138.00
830.15, 143.00
830.44, 146.00
830.73, 145.00
831.01, 144.00
831.30, 143.00
831.59, 145.00
831.88, 146.00
832.16, 144.00
832.45, 152.00
832.74, 143.00
833.03, 146.00
833.31, 150.00
833.60, 146.00
833.89, 145.00
834.17, 146.00
834.46, 140.00
834.75, 141.00
835.03, 140.00
835.32, 141.00
835.61, 141.00
835.89, 161.00
836.18, 146.00
836.47, 140.00
836.75, 139.00
837.04, 150.00
837.33, 147.00
837.61, 144.00
837.90, 141.00
838.19, 144.00
838.47, 145.00
838.76, 144.00
839.04, 146.00
839.33, 143.00
839.62, 144.00
839.90, 145.00
840.19, 143.00
840.47, 144.00
840.76, 169.00
841.04, 143.00
841.33, 149.00
841.62, 141.00
841.90, 146.00
842.19, 146.00
842.47, 304.00
842.76, 148.00
843.04, 150.00
843.33, 173.00
843.61, 173.00
843.90, 165.00
844.18, 166.00
844.47, 155.00
844.75, 159.00
845.04, 155.00
845.32, 156.00
845.61, 148.00
845.89, 155.00
846.18, 150.00
846.46, 149.00
846.75, 144.00
847.03, 157.00
847.32, 141.00
847.60, 148.00
847.88, 146.00
848.17, 146.00
848.45, 162.00
848.74, 148.00
849.02, 141.00
849.31, 144.00
849.59, 146.00
849.87, 142.00
850.16, 140.00
850.44, 150.00
850.73, 172.00
851.01, 151.00
851.29, 143.00
851.58, 149.00
851.86, 142.00
852.14, 146.00
852.43, 143.00
852.71, 142.00
853.00, 144.00
853.28, 148.00
853.56, 146.00
853.85, 137.00
854.13, 145.00
854.41, 145.00
854.69, 146.00
854.98, 143.00
855.26, 197.00
855.54, 148.00
855.83, 145.00
856.11, 153.00
856.39, 142.00
856.68, 138.00
856.96, 140.00
857.24, 143.00
857.52, 149.00
857.81, 144.00
858.09, 143.00
858.37, 149.00
858.65, 140.00
858.94, 138.00
859.22, 142.00
