190.05, 0.00
190.41, 131.00
190.77, 135.00
191.14, 139.00
191.50, 133.00
191.86, 161.00
192.22, 152.00
192.58, 145.00
192.94, 141.00
193.31, 138.00
193.67, 145.00
194.03, 153.00
194.39, 143.00
194.75, 142.00
195.11, 149.00
195.47, 161.00
195.84, 143.00
196.20, 140.00
196.56, 160.00
196.92, 143.00
197.28, 148.00
197.64, 144.00
198.00, 143.00
198.37, 148.00
198.73, 144.00
199.09, 144.00
199.45, 145.00
199.81, 145.00
200.17, 149.00
200.53, 149.00
200.89, 151.00
201.25, 179.00
201.62, 148.00
201.98, 143.00
202.34, 143.00
202.70, 151.00
203.06, 149.00
203.42, 140.00
203.78, 143.00
204.14, 147.00
204.50, 166.00
204.86, 152.00
205.22, 151.00
205.58, 147.00
205.95, 147.00
206.31, 144.00
206.67, 145.00
207.03, 142.00
207.39, 150.00
207.75, 143.00
208.11, 142.00
208.47, 142.00
208.83, 151.00
209.19, 144.00
209.55, 143.00
209.91, 145.00
210.27, 149.00
210.63, 142.00
210.99, 159.00
211.35, 145.00
211.71, 153.00
212.07, 145.00
212.43, 151.00
212.79, 146.00
213.15, 146.00
213.51, 148.00
213.87, 148.00
214.23, 143.00
214.59, 140.00
214.95, 145.00
215.31, 145.00
215.67, 144.00
216.03, 173.00
216.39, 139.00
216.75, 141.00
217.11, 148.00
217.47, 144.00
217.83, 143.00
218.19, 135.00
218.55, 145.00
218.91, 145.00
219.27, 146.00
219.63, 142.00
219.99, 143.00
220.35, 143.00
220.71, 154.00
221.07, 142.00
221.43, 148.00
221.79, 145.00
222.15, 152.00
222.51, 151.00
222.87, 144.00
223.23, 141.00
223.59, 143.00
223.95, 142.00
224.31, 143.00
224.67, 145.00
225.03, 145.00
225.39, 155.00
225.74, 147.00
226.10, 144.00
226.46, 141.00
226.82, 148.00
227.18, 149.00
227.54, 146.00
227.90, 148.00
228.26, 146.00
228.62, 154.00
228.98, 141.00
229.34, 141.00
229.69, 148.00
230.05, 154.00
230.41, 143.00
230.77, 149.00
231.13, 150.00
231.49, 144.00
231.85, 141.00
232.21, 152.00
232.57, 148.00
232.92, 142.00
233.28, 141.00
233.64, 147.00
234.00, 144.00
234.36, 141.00
234.72, 141.00
235.08, 142.00
235.44, 145.00
235.79, 142.00
236.15, 143.00
236.51, 143.00
236.87, 141.00
237.23, 145.00
237.59, 143.00
237.94, 150.00
238.30, 142.00
238.66, 141.00
239.02, 142.00
239.38, 142.00
239.74, 143.00
240.09, 154.00
240.45, 145.00
240.81, 148.00
241.17, 150.00
241.53, 147.00
241.89, 144.00
242.24, 136.00
242.60, 142.00
242.96, 139.00
243.32, 143.00
243.68, 143.00
244.03, 142.00
244.39, 145.00
244.75, 161.00
245.11, 146.00
245.46, 145.00
245.82, 166.00
246.18, 140.00
246.54, 142.00
246.90, 140.00
247.25, 144.00
247.61, 142.00
247.97, 184.00
248.33, 142.00
248.68, 142.00
249.04, 146.00
249.40, 141.00
249.76, 145.00
250.11, 142.00
250.47, 148.00
250.83, 145.00
251.19, 145.00
251.54, 150.00
251.90, 148.00
252.26, 146.00
252.62, 142.00
252.97, 144.00
253.33, 138.00
253.69, 138.00
254.05, 143.00
254.40, 140.00
254.76, 140.00
255.12, 173.00
255.47, 141.00
255.83, 149.00
256.19, 142.00
256.54, 142.00
256.90, 141.00
257.26, 141.00
257.62, 144.00
257.97, 141.00
258.33, 145.00
258.69, 142.00
259.04, 146.00
259.40, 145.00
259.76, 143.00
260.11, 145.00
260.47, 143.00
260.83, 148.00
261.18, 141.00
261.54, 147.00
261.90, 145.00
262.25, 143.00
262.61, 141.00
262.97, 137.00
263.32, 142.00
263.68, 140.00
264.04, 148.00
264.39, 146.00
264.75, 142.00
265.10, 146.00
265.46, 183.00
265.82, 156.00
266.17, 144.00
266.53, 143.00
266.89, 143.00
267.24, 159.00
267.60, 143.00
267.95, 143.00
268.31, 140.00
268.67, 144.00
269.02, 143.00
269.38, 141.00
269.74, 149.00
270.09, 142.00
270.45, 145.00
270.80, 167.00
271.16, 143.00
271.51, 152.00
271.87, 148.00
272.23, 155.00
272.58, 154.00
272.94, 140.00
273.29, 140.00
273.65, 196.00
274.00, 143.00
274.36, 142.00
274.72, 142.00
275.07, 139.00
275.43, 145.00
275.78, 147.00
276.14, 146.00
276.49, 142.00
276.85, 156.00
277.20, 169.00
277.56, 144.00
277.92, 140.00
278.27, 148.00
278.63, 150.00
278.98, 141.00
279.34, 145.00
279.69, 145.00
280.05, 165.00
280.40, 147.00
280.76, 162.00
281.11, 155.00
281.47, 150.00
281.82, 154.00
282.18, 148.00
282.53, 151.00
282.89, 161.00
283.24, 163.00
283.60, 157.00
283.95, 160.00
284.31, 160.00
284.66, 161.00
285.02, 166.00
285.37, 172.00
285.73, 171.00
286.08, 170.00
286.44, 156.00
286.79, 157.00
287.14, 159.00
287.50, 158.00
287.85, 145.00
288.21, 158.00
288.56, 151.00
288.92, 155.00
289.27, 156.00
289.63, 153.00
289.98, 165.00
290.34, 151.00
290.69, 160.00
291.04, 153.00
291.40, 157.00
291.75, 153.00
292.11, 161.00
292.46, 157.00
292.81, 155.00
293.17, 153.00
293.52, 162.00
293.88, 163.00
294.23, 171.00
294.59, 179.00
294.94, 194.00
295.29, 201.00
295.65, 208.00
296.00, 220.00
296.36, 201.00
296.71, 186.00
297.06, 202.00
297.42, 199.00
297.77, 195.00
298.12, 187.00
298.48, 177.00
298.83, 172.00
299.19, 181.00
299.54, 186.00
299.89, 183.00
300.25, 181.00
300.60, 179.00
300.95, 177.00
301.31, 161.00
301.66, 161.00
302.01, 155.00
302.37, 158.00
302.72, 163.00
303.07, 159.00
303.43, 173.00
303.78, 169.00
304.13, 181.00
304.49, 177.00
304.84, 192.00
305.19, 204.00
305.55, 179.00
305.90, 184.00
306.25, 221.00
306.61, 278.00
306.96, 329.00
307.31, 402.00
307.66, 569.00
308.02, 728.00
308.37, 852.00
308.72, 959.00
309.08, 957.00
309.43, 921.00
309.78, 794.00
310.13, 680.00
310.49, 584.00
310.84, 482.00
311.19, 433.00
311.54, 392.00
311.90, 345.00
312.25, 326.00
312.60, 344.00
312.95, 400.00
313.31, 455.00
313.66, 441.00
314.01, 439.00
314.36, 452.00
314.72, 502.00
315.07, 647.00
315.42, 808.00
315.77, 841.00
316.13, 684.00
316.48, 474.00
316.83, 322.00
317.18, 250.00
317.54, 208.00
317.89, 184.00
318.24, 186.00
318.59, 174.00
318.94, 171.00
319.30, 169.00
319.65, 183.00
320.00, 176.00
320.35, 183.00
320.70, 181.00
321.05, 180.00
321.41, 175.00
321.76, 180.00
322.11, 178.00
322.46, 175.00
322.81, 217.00
323.17, 175.00
323.52, 175.00
323.87, 175.00
324.22, 166.00
324.57, 172.00
324.92, 177.00
325.27, 182.00
325.63, 191.00
325.98, 194.00
326.33, 198.00
326.68, 201.00
327.03, 203.00
327.38, 200.00
327.73, 212.00
328.09, 215.00
328.44, 250.00
328.79, 220.00
329.14, 256.00
329.49, 211.00
329.84, 209.00
330.19, 217.00
330.54, 215.00
330.89, 211.00
331.25, 195.00
331.60, 192.00
331.95, 186.00
332.30, 191.00
332.65, 199.00
333.00, 209.00
333.35, 267.00
333.70, 280.00
334.05, 240.00
334.40, 266.00
334.75, 299.00
335.10, 409.00
335.45, 585.00
335.81, 847.00
336.16, 1254.00
336.51, 1762.00
336.86, 1806.00
337.21, 1582.00
337.56, 980.00
337.91, 618.00
338.26, 371.00
338.61, 259.00
338.96, 222.00
339.31, 202.00
339.66, 191.00
340.01, 196.00
340.36, 180.00
340.71, 180.00
341.06, 171.00
341.41, 175.00
341.76, 175.00
342.11, 173.00
342.46, 180.00
342.81, 182.00
343.16, 175.00
343.51, 179.00
343.86, 183.00
344.21, 177.00
344.56, 181.00
344.91, 179.00
345.26, 185.00
345.61, 179.00
345.96, 178.00
346.31, 172.00
346.66, 206.00
347.01, 176.00
347.36, 199.00
347.71, 175.00
348.06, 172.00
348.41, 194.00
348.76, 202.00
349.10, 207.00
349.45, 231.00
349.80, 220.00
350.15, 218.00
350.50, 211.00
350.85, 223.00
351.20, 226.00
351.55, 263.00
351.90, 320.00
352.25, 386.00
352.60, 494.00
352.95, 632.00
353.30, 685.00
353.64, 611.00
353.99, 483.00
354.34, 403.00
354.69, 369.00
355.04, 393.00
355.39, 461.00
355.74, 583.00
356.09, 742.00
356.44, 945.00
356.78, 1276.00
357.13, 1464.00
357.48, 1400.00
357.83, 1086.00
358.18, 698.00
358.53, 448.00
358.88, 295.00
359.22, 238.00
359.57, 187.00
359.92, 185.00
360.27, 182.00
360.62, 187.00
360.97, 184.00
361.32, 182.00
361.66, 180.00
362.01, 184.00
362.36, 187.00
362.71, 194.00
363.06, 194.00
363.40, 201.00
363.75, 199.00
364.10, 203.00
364.45, 194.00
364.80, 193.00
365.14, 188.00
365.49, 196.00
365.84, 197.00
366.19, 206.00
366.54, 211.00
366.88, 233.00
367.23, 205.00
367.58, 241.00
367.93, 190.00
368.28, 181.00
368.62, 186.00
368.97, 205.00
369.32, 226.00
369.67, 241.00
370.01, 288.00
370.36, 299.00
370.71, 332.00
371.06, 281.00
371.40, 250.00
371.75, 213.00
372.10, 205.00
372.45, 203.00
372.79, 218.00
373.14, 244.00
373.49, 281.00
373.83, 325.00
374.18, 400.00
374.53, 505.00
374.88, 565.00
375.22, 570.00
375.57, 466.00
375.92, 350.00
376.26, 277.00
376.61, 224.00
376.96, 207.00
377.30, 219.00
377.65, 229.00
378.00, 251.00
378.35, 306.00
378.69, 389.00
379.04, 459.00
379.39, 628.00
379.73, 757.00
380.08, 751.00
380.43, 587.00
380.77, 429.00
381.12, 349.00
381.47, 275.00
381.81, 223.00
382.16, 201.00
382.50, 207.00
382.85, 264.00
383.20, 199.00
383.54, 205.00
383.89, 215.00
384.24, 213.00
384.58, 232.00
384.93, 251.00
385.27, 248.00
385.62, 251.00
385.97, 250.00
386.31, 240.00
386.66, 265.00
387.00, 244.00
387.35, 259.00
387.70, 279.00
388.04, 378.00
388.39, 391.00
388.73, 474.00
389.08, 588.00
389.43, 717.00
389.77, 838.00
390.12, 1043.00
390.46, 1438.00
390.81, 1587.00
391.15, 1546.00
391.50, 1162.00
391.85, 730.00
392.19, 525.00
392.54, 349.00
392.88, 293.00
393.23, 294.00
393.57, 296.00
393.92, 295.00
394.26, 251.00
394.61, 229.00
394.95, 207.00
395.30, 189.00
395.64, 183.00
395.99, 218.00
396.33, 190.00
396.68, 197.00
397.02, 206.00
397.37, 228.00
397.71, 244.00
398.06, 276.00
398.40, 306.00
398.75, 362.00
399.09, 388.00
399.44, 393.00
399.78, 321.00
400.13, 270.00
400.47, 220.00
400.82, 200.00
401.16, 193.00
401.51, 192.00
401.85, 188.00
402.20, 189.00
402.54, 194.00
402.88, 204.00
403.23, 209.00
403.57, 221.00
403.92, 245.00
404.26, 314.00
404.61, 309.00
404.95, 389.00
405.30, 359.00
405.64, 331.00
405.98, 314.00
406.33, 261.00
406.67, 219.00
407.02, 203.00
407.36, 199.00
407.70, 209.00
408.05, 206.00
408.39, 220.00
408.74, 227.00
409.08, 233.00
409.42, 213.00
409.77, 211.00
410.11, 211.00
410.46, 192.00
410.80, 213.00
411.14, 211.00
411.49, 226.00
411.83, 237.00
412.17, 227.00
412.52, 233.00
412.86, 252.00
413.20, 249.00
413.55, 252.00
413.89, 239.00
414.23, 226.00
414.58, 251.00
414.92, 205.00
415.26, 197.00
415.61, 198.00
415.95, 202.00
416.29, 206.00
416.64, 205.00
416.98, 212.00
417.32, 222.00
417.67, 246.00
418.01, 250.00
418.35, 267.00
418.70, 298.00
419.04, 338.00
419.38, 333.00
419.72, 317.00
420.07, 279.00
420.41, 231.00
420.75, 216.00
421.10, 202.00
421.44, 203.00
421.78, 207.00
422.12, 194.00
422.47, 213.00
422.81, 224.00
423.15, 230.00
423.49, 232.00
423.84, 234.00
424.18, 236.00
424.52, 252.00
424.86, 294.00
425.21, 350.00
425.55, 401.00
425.89, 480.00
426.23, 542.00
426.57, 665.00
426.92, 719.00
427.26, 731.00
427.60, 619.00
427.94, 447.00
428.28, 338.00
428.63, 274.00
428.97, 227.00
429.31, 204.00
429.65, 190.00
429.99, 191.00
430.34, 191.00
430.68, 191.00
431.02, 205.00
431.36, 187.00
431.70, 199.00
432.04, 192.00
432.39, 203.00
432.73, 223.00
433.07, 229.00
433.41, 242.00
433.75, 246.00
434.09, 242.00
434.43, 225.00
434.78, 203.00
435.12, 204.00
435.46, 215.00
435.80, 217.00
436.14, 219.00
436.48, 208.00
436.82, 225.00
437.16, 220.00
437.51, 208.00
437.85, 208.00
438.19, 242.00
438.53, 204.00
438.87, 226.00
439.21, 216.00
439.55, 228.00
439.89, 233.00
440.23, 234.00
440.57, 237.00
440.91, 236.00
441.26, 232.00
441.60, 218.00
441.94, 215.00
442.28, 211.00
442.62, 204.00
442.96, 203.00
443.30, 204.00
443.64, 197.00
443.98, 203.00
444.32, 203.00
444.66, 186.00
445.00, 205.00
445.34, 201.00
445.68, 201.00
446.02, 205.00
446.36, 193.00
446.70, 207.00
447.04, 199.00
447.38, 230.00
447.72, 220.00
448.06, 218.00
448.40, 220.00
448.74, 205.00
449.08, 207.00
449.42, 202.00
449.76, 196.00
450.10, 201.00
450.44, 193.00
450.78, 194.00
451.12, 202.00
451.46, 200.00
451.80, 207.00
452.14, 186.00
452.48, 195.00
452.82, 193.00
453.16, 187.00
453.50, 197.00
453.84, 186.00
454.18, 230.00
454.52, 207.00
454.86, 207.00
455.19, 223.00
455.53, 217.00
455.87, 210.00
456.21, 223.00
456.55, 222.00
456.89, 208.00
457.23, 225.00
457.57, 207.00
457.91, 210.00
458.25, 209.00
458.59, 228.00
458.92, 241.00
459.26, 241.00
459.60, 239.00
459.94, 223.00
460.28, 207.00
460.62, 210.00
460.96, 194.00
461.30, 189.00
461.63, 188.00
461.97, 194.00
462.31, 193.00
462.65, 198.00
462.99, 207.00
463.33, 202.00
463.67, 207.00
464.00, 221.00
464.34, 223.00
464.68, 225.00
465.02, 228.00
465.36, 228.00
465.70, 215.00
466.03, 221.00
466.37, 207.00
466.71, 221.00
467.05, 225.00
467.39, 235.00
467.72, 248.00
468.06, 261.00
468.40, 268.00
468.74, 279.00
469.08, 285.00
469.41, 301.00
469.75, 326.00
470.09, 352.00
470.43, 341.00
470.76, 296.00
471.10, 290.00
471.44, 274.00
471.78, 247.00
472.11, 250.00
472.45, 243.00
472.79, 231.00
473.13, 226.00
473.46, 237.00
473.80, 226.00
474.14, 219.00
474.48, 228.00
474.81, 217.00
475.15, 214.00
475.49, 228.00
475.82, 221.00
476.16, 217.00
476.50, 209.00
476.84, 213.00
477.17, 206.00
477.51, 212.00
477.85, 215.00
478.18, 225.00
478.52, 217.00
478.86, 263.00
479.19, 223.00
479.53, 219.00
479.87, 254.00
480.20, 226.00
480.54, 221.00
480.88, 221.00
481.21, 213.00
481.55, 213.00
481.89, 209.00
482.22, 215.00
482.56, 219.00
482.90, 221.00
483.23, 212.00
483.57, 212.00
483.90, 219.00
484.24, 221.00
484.58, 219.00
484.91, 218.00
485.25, 220.00
485.58, 222.00
485.92, 231.00
486.26, 219.00
486.59, 220.00
486.93, 230.00
487.26, 227.00
487.60, 232.00
487.94, 230.00
488.27, 232.00
488.61, 220.00
488.94, 225.00
489.28, 223.00
489.61, 222.00
489.95, 225.00
490.29, 234.00
490.62, 242.00
490.96, 238.00
491.29, 238.00
491.63, 229.00
491.96, 227.00
492.30, 218.00
492.63, 221.00
492.97, 217.00
493.30, 216.00
493.64, 221.00
493.97, 221.00
494.31, 226.00
494.64, 228.00
494.98, 227.00
495.31, 226.00
495.65, 220.00
495.98, 232.00
496.32, 223.00
496.65, 261.00
496.99, 219.00
497.32, 223.00
497.66, 211.00
497.99, 209.00
498.33, 215.00
498.66, 217.00
499.00, 217.00
499.33, 218.00
499.67, 209.00
500.00, 218.00
500.34, 231.00
500.67, 233.00
501.00, 232.00
501.34, 222.00
501.67, 223.00
502.01, 218.00
502.34, 224.00
502.68, 230.00
503.01, 241.00
503.34, 233.00
503.68, 231.00
504.01, 238.00
504.35, 234.00
504.68, 244.00
505.01, 244.00
505.35, 245.00
505.68, 242.00
506.02, 245.00
506.35, 242.00
506.68, 262.00
507.02, 241.00
507.35, 242.00
507.68, 234.00
508.02, 240.00
508.35, 243.00
508.69, 229.00
509.02, 237.00
509.35, 236.00
509.69, 228.00
510.02, 230.00
510.35, 232.00
510.69, 228.00
511.02, 220.00
511.35, 219.00
511.69, 220.00
512.02, 221.00
512.35, 226.00
512.68, 215.00
513.02, 231.00
513.35, 223.00
513.68, 218.00
514.02, 220.00
514.35, 221.00
514.68, 221.00
515.01, 217.00
515.35, 225.00
515.68, 217.00
516.01, 212.00
516.35, 224.00
516.68, 211.00
517.01, 216.00
517.34, 215.00
517.68, 209.00
518.01, 218.00
518.34, 205.00
518.67, 214.00
519.01, 220.00
519.34, 226.00
519.67, 229.00
520.00, 224.00
520.33, 226.00
520.67, 219.00
521.00, 230.00
521.33, 233.00
521.66, 244.00
522.00, 236.00
522.33, 230.00
522.66, 219.00
522.99, 217.00
523.32, 232.00
523.65, 220.00
523.99, 220.00
524.32, 230.00
524.65, 220.00
524.98, 221.00
525.31, 223.00
525.65, 250.00
525.98, 221.00
526.31, 226.00
526.64, 236.00
526.97, 223.00
527.30, 216.00
527.63, 209.00
527.97, 214.00
528.30, 222.00
528.63, 216.00
528.96, 234.00
529.29, 219.00
529.62, 217.00
529.95, 205.00
530.28, 211.00
530.61, 201.00
530.95, 212.00
531.28, 205.00
531.61, 216.00
531.94, 222.00
532.27, 230.00
532.60, 218.00
532.93, 228.00
533.26, 211.00
533.59, 205.00
533.92, 215.00
534.25, 202.00
534.58, 246.00
534.91, 213.00
535.25, 200.00
535.58, 203.00
535.91, 209.00
536.24, 207.00
536.57, 213.00
536.90, 201.00
537.23, 206.00
537.56, 245.00
537.89, 201.00
538.22, 200.00
538.55, 203.00
538.88, 205.00
539.21, 318.00
539.54, 195.00
539.87, 196.00
540.20, 207.00
540.53, 191.00
540.86, 228.00
541.19, 197.00
541.52, 197.00
541.85, 198.00
542.18, 220.00
542.51, 212.00
542.84, 216.00
543.17, 216.00
543.50, 212.00
543.82, 212.00
544.15, 217.00
544.48, 214.00
544.81, 204.00
545.14, 237.00
545.47, 205.00
545.80, 244.00
546.13, 204.00
546.46, 250.00
546.79, 228.00
547.12, 199.00
547.45, 204.00
547.78, 203.00
548.10, 203.00
548.43, 214.00
548.76, 197.00
549.09, 205.00
549.42, 199.00
549.75, 212.00
550.08, 209.00
550.41, 205.00
550.74, 212.00
551.06, 204.00
551.39, 217.00
551.72, 199.00
552.05, 205.00
552.38, 201.00
552.71, 199.00
553.03, 211.00
553.36, 204.00
553.69, 215.00
554.02, 204.00
554.35, 209.00
554.68, 207.00
555.00, 211.00
555.33, 210.00
555.66, 207.00
555.99, 232.00
556.32, 211.00
556.64, 222.00
556.97, 231.00
557.30, 230.00
557.63, 224.00
557.96, 217.00
558.28, 231.00
558.61, 225.00
558.94, 225.00
559.27, 225.00
559.59, 227.00
559.92, 221.00
560.25, 216.00
560.58, 218.00
560.90, 222.00
561.23, 212.00
561.56, 214.00
561.89, 210.00
562.21, 210.00
562.54, 207.00
562.87, 207.00
563.20, 211.00
563.52, 199.00
563.85, 196.00
564.18, 212.00
564.50, 201.00
564.83, 225.00
565.16, 251.00
565.48, 191.00
565.81, 194.00
566.14, 188.00
566.47, 185.00
566.79, 191.00
567.12, 189.00
567.45, 220.00
567.77, 187.00
568.10, 193.00
568.43, 196.00
568.75, 186.00
569.08, 193.00
569.40, 229.00
569.73, 195.00
570.06, 190.00
570.38, 190.00
570.71, 189.00
571.04, 190.00
571.36, 194.00
571.69, 197.00
572.01, 192.00
572.34, 194.00
572.67, 195.00
572.99, 193.00
573.32, 213.00
573.64, 194.00
573.97, 192.00
574.30, 194.00
574.62, 193.00
574.95, 195.00
575.27, 189.00
575.60, 185.00
575.92, 192.00
576.25, 185.00
576.58, 197.00
576.90, 189.00
577.23, 226.00
577.55, 190.00
577.88, 191.00
578.20, 190.00
578.53, 189.00
578.85, 210.00
579.18, 203.00
579.50, 189.00
579.83, 195.00
580.15, 193.00
580.48, 194.00
580.80, 199.00
581.13, 195.00
581.45, 189.00
581.78, 185.00
582.10, 197.00
582.43, 201.00
582.75, 192.00
583.08, 194.00
583.40, 192.00
583.73, 265.00
584.05, 196.00
584.38, 188.00
584.70, 244.00
585.03, 196.00
585.35, 201.00
585.67, 203.00
586.00, 217.00
586.32, 227.00
586.65, 242.00
586.97, 234.00
587.30, 230.00
587.62, 217.00
587.94, 227.00
588.27, 205.00
588.59, 201.00
588.92, 197.00
589.24, 200.00
589.56, 206.00
589.89, 206.00
590.21, 197.00
590.54, 193.00
590.86, 198.00
591.18, 194.00
591.51, 200.00
591.83, 214.00
592.15, 204.00
592.48, 205.00
592.80, 208.00
593.13, 214.00
593.45, 213.00
593.77, 212.00
594.10, 213.00
594.42, 223.00
594.74, 220.00
595.07, 220.00
595.39, 222.00
595.71, 221.00
596.03, 229.00
596.36, 225.00
596.68, 230.00
597.00, 234.00
597.33, 239.00
597.65, 242.00
597.97, 239.00
598.30, 239.00
598.62, 226.00
598.94, 236.00
599.26, 235.00
599.59, 230.00
599.91, 229.00
600.23, 227.00
600.55, 224.00
600.88, 224.00
601.20, 215.00
601.52, 212.00
601.84, 209.00
602.17, 205.00
602.49, 197.00
602.81, 190.00
603.13, 200.00
603.45, 200.00
603.78, 197.00
604.10, 192.00
604.42, 193.00
604.74, 191.00
605.07, 193.00
605.39, 187.00
605.71, 188.00
606.03, 186.00
606.35, 183.00
606.67, 198.00
607.00, 190.00
607.32, 185.00
607.64, 182.00
607.96, 178.00
608.28, 182.00
608.60, 177.00
608.93, 168.00
609.25, 178.00
609.57, 189.00
609.89, 183.00
610.21, 182.00
610.53, 182.00
610.85, 174.00
611.17, 183.00
611.50, 183.00
611.82, 180.00
612.14, 184.00
612.46, 174.00
612.78, 173.00
613.10, 181.00
613.42, 183.00
613.74, 189.00
614.06, 226.00
614.38, 213.00
614.70, 221.00
615.03, 215.00
615.35, 214.00
615.67, 309.00
615.99, 187.00
616.31, 192.00
616.63, 191.00
616.95, 181.00
617.27, 182.00
617.59, 180.00
617.91, 182.00
618.23, 184.00
618.55, 176.00
618.87, 168.00
619.19, 171.00
619.51, 170.00
619.83, 171.00
620.15, 174.00
620.47, 176.00
620.79, 166.00
621.11, 181.00
621.43, 175.00
621.75, 184.00
622.07, 175.00
622.39, 173.00
622.71, 177.00
623.03, 173.00
623.35, 212.00
623.67, 177.00
623.99, 172.00
624.31, 172.00
624.63, 176.00
624.95, 175.00
625.26, 177.00
625.58, 175.00
625.90, 202.00
626.22, 178.00
626.54, 173.00
626.86, 184.00
627.18, 174.00
627.50, 188.00
627.82, 178.00
628.14, 177.00
628.46, 182.00
628.77, 179.00
629.09, 186.00
629.41, 182.00
629.73, 186.00
630.05, 186.00
630.37, 180.00
630.69, 188.00
631.00, 205.00
631.32, 193.00
631.64, 192.00
631.96, 187.00
632.28, 189.00
632.60, 188.00
632.92, 192.00
633.23, 192.00
633.55, 203.00
633.87, 200.00
634.19, 208.00
634.51, 206.00
634.82, 220.00
635.14, 222.00
635.46, 217.00
635.78, 211.00
636.10, 206.00
636.41, 213.00
636.73, 218.00
637.05, 214.00
637.37, 212.00
637.68, 209.00
638.00, 213.00
638.32, 222.00
638.64, 225.00
638.95, 252.00
639.27, 229.00
639.59, 224.00
639.91, 217.00
640.22, 211.00
640.54, 214.00
640.86, 209.00
641.18, 218.00
641.49, 227.00
641.81, 208.00
642.13, 216.00
642.44, 192.00
642.76, 204.00
643.08, 205.00
643.40, 199.00
643.71, 207.00
644.03, 215.00
644.35, 217.00
644.66, 220.00
644.98, 212.00
645.30, 213.00
645.61, 220.00
645.93, 202.00
646.25, 196.00
646.56, 200.00
646.88, 222.00
647.19, 187.00
647.51, 191.00
647.83, 183.00
648.14, 188.00
648.46, 190.00
648.78, 189.00
649.09, 191.00
649.41, 241.00
649.72, 196.00
650.04, 214.00
650.36, 201.00
650.67, 209.00
650.99, 208.00
651.30, 209.00
651.62, 215.00
651.93, 213.00
652.25, 231.00
652.57, 257.00
652.88, 215.00
653.20, 224.00
653.51, 212.00
653.83, 207.00
654.14, 199.00
654.46, 199.00
654.77, 193.00
655.09, 203.00
655.40, 213.00
655.72, 203.00
656.04, 187.00
656.35, 194.00
656.67, 195.00
656.98, 197.00
657.30, 193.00
657.61, 196.00
657.93, 204.00
658.24, 203.00
658.55, 244.00
658.87, 208.00
659.18, 207.00
659.50, 204.00
659.81, 218.00
660.13, 211.00
660.44, 212.00
660.76, 206.00
661.07, 225.00
661.39, 207.00
661.70, 193.00
662.01, 197.00
662.33, 188.00
662.64, 183.00
662.96, 180.00
663.27, 172.00
663.59, 177.00
663.90, 174.00
664.21, 182.00
664.53, 202.00
664.84, 179.00
665.16, 208.00
665.47, 184.00
665.78, 183.00
666.10, 194.00
666.41, 197.00
666.72, 212.00
667.04, 210.00
667.35, 199.00
667.67, 198.00
667.98, 197.00
668.29, 197.00
668.61, 189.00
668.92, 194.00
669.23, 186.00
669.55, 197.00
669.86, 215.00
670.17, 187.00
670.48, 184.00
670.80, 182.00
671.11, 178.00
671.42, 175.00
671.74, 191.00
672.05, 180.00
672.36, 182.00
672.68, 182.00
672.99, 180.00
673.30, 191.00
673.61, 191.00
673.93, 200.00
674.24, 204.00
674.55, 199.00
674.86, 200.00
675.18, 209.00
675.49, 214.00
675.80, 207.00
676.11, 214.00
676.43, 216.00
676.74, 209.00
677.05, 210.00
677.36, 217.00
677.67, 208.00
677.99, 204.00
678.30, 198.00
678.61, 198.00
678.92, 187.00
679.23, 192.00
679.55, 189.00
679.86, 180.00
680.17, 184.00
680.48, 191.00
680.79, 181.00
681.10, 168.00
681.42, 179.00
681.73, 170.00
682.04, 176.00
682.35, 176.00
682.66, 173.00
682.97, 174.00
683.28, 178.00
683.60, 178.00
683.91, 176.00
684.22, 196.00
684.53, 170.00
684.84, 170.00
685.15, 182.00
685.46, 203.00
685.77, 166.00
686.08, 165.00
686.40, 207.00
686.71, 166.00
687.02, 170.00
687.33, 162.00
687.64, 163.00
687.95, 162.00
688.26, 157.00
688.57, 158.00
688.88, 165.00
689.19, 161.00
689.50, 160.00
689.81, 163.00
690.12, 156.00
690.43, 181.00
690.74, 159.00
691.05, 157.00
691.36, 174.00
691.67, 157.00
691.98, 162.00
692.29, 159.00
692.60, 163.00
692.91, 153.00
693.22, 156.00
693.53, 157.00
693.84, 162.00
694.15, 155.00
694.46, 156.00
694.77, 152.00
695.08, 160.00
695.39, 173.00
695.70, 158.00
696.01, 164.00
696.32, 157.00
696.63, 155.00
696.94, 165.00
697.25, 166.00
697.56, 172.00
697.87, 165.00
698.17, 204.00
698.48, 158.00
698.79, 155.00
699.10, 156.00
699.41, 160.00
699.72, 161.00
700.03, 157.00
700.34, 156.00
700.65, 161.00
700.95, 162.00
701.26, 161.00
701.57, 158.00
701.88, 161.00
702.19, 173.00
702.50, 161.00
702.81, 156.00
703.11, 184.00
703.42, 163.00
703.73, 168.00
704.04, 171.00
704.35, 168.00
704.66, 188.00
704.96, 258.00
705.27, 313.00
705.58, 335.00
705.89, 305.00
706.20, 270.00
706.50, 245.00
706.81, 231.00
707.12, 205.00
707.43, 190.00
707.73, 179.00
708.04, 164.00
708.35, 161.00
708.66, 163.00
708.97, 151.00
709.27, 159.00
709.58, 158.00
709.89, 157.00
710.19, 153.00
710.50, 160.00
710.81, 159.00
711.12, 163.00
711.42, 161.00
711.73, 167.00
712.04, 160.00
712.35, 158.00
712.65, 160.00
712.96, 166.00
713.27, 167.00
713.57, 190.00
713.88, 179.00
714.19, 156.00
714.49, 157.00
714.80, 161.00
715.11, 163.00
715.41, 153.00
715.72, 160.00
716.03, 159.00
716.33, 162.00
716.64, 154.00
716.94, 162.00
717.25, 154.00
717.56, 166.00
717.86, 155.00
718.17, 152.00
718.48, 156.00
718.78, 159.00
719.09, 153.00
719.39, 153.00
719.70, 156.00
720.01, 151.00
720.31, 152.00
720.62, 157.00
720.92, 155.00
721.23, 162.00
721.53, 163.00
721.84, 157.00
722.15, 166.00
722.45, 157.00
722.76, 162.00
723.06, 158.00
723.37, 161.00
723.67, 161.00
723.98, 162.00
724.28, 158.00
724.59, 172.00
724.89, 171.00
725.20, 163.00
725.50, 167.00
725.81, 165.00
726.11, 156.00
726.42, 168.00
726.72, 164.00
727.03, 203.00
727.33, 171.00
727.64, 168.00
727.94, 162.00
728.25, 155.00
728.55, 157.00
728.86, 179.00
729.16, 157.00
729.46, 157.00
729.77, 158.00
730.07, 155.00
730.38, 154.00
730.68, 153.00
730.99, 160.00
731.29, 161.00
731.59, 156.00
731.90, 157.00
732.20, 162.00
732.51, 165.00
732.81, 156.00
733.11, 163.00
733.42, 160.00
733.72, 162.00
734.02, 161.00
734.33, 165.00
734.63, 156.00
734.94, 157.00
735.24, 159.00
735.54, 155.00
735.85, 158.00
736.15, 159.00
736.45, 153.00
736.76, 155.00
737.06, 158.00
737.36, 154.00
737.67, 156.00
737.97, 158.00
738.27, 157.00
738.57, 153.00
738.88, 154.00
739.18, 193.00
739.48, 162.00
739.79, 148.00
740.09, 155.00
740.39, 153.00
740.69, 155.00
741.00, 155.00
741.30, 157.00
741.60, 159.00
741.90, 155.00
742.21, 158.00
742.51, 209.00
742.81, 160.00
743.11, 168.00
743.42, 193.00
743.72, 166.00
744.02, 176.00
744.32, 171.00
744.63, 177.00
744.93, 181.00
745.23, 176.00
745.53, 180.00
745.83, 185.00
746.13, 182.00
746.44, 182.00
746.74, 178.00
747.04, 180.00
747.34, 175.00
747.64, 178.00
747.94, 181.00
748.25, 180.00
748.55, 184.00
748.85, 181.00
749.15, 189.00
749.45, 208.00
749.75, 204.00
750.05, 176.00
750.35, 169.00
750.66, 182.00
750.96, 168.00
751.26, 163.00
751.56, 155.00
751.86, 166.00
752.16, 157.00
752.46, 156.00
752.76, 152.00
753.06, 156.00
753.36, 197.00
753.66, 153.00
753.96, 162.00
754.27, 154.00
754.57, 160.00
754.87, 152.00
755.17, 159.00
755.47, 156.00
755.77, 159.00
756.07, 162.00
756.37, 159.00
756.67, 168.00
756.97, 163.00
757.27, 174.00
757.57, 165.00
757.87, 165.00
758.17, 163.00
758.47, 173.00
758.77, 175.00
759.07, 167.00
759.37, 167.00
759.67, 166.00
759.97, 171.00
760.27, 160.00
760.57, 164.00
760.86, 168.00
761.16, 159.00
761.46, 164.00
761.76, 199.00
762.06, 163.00
762.36, 169.00
762.66, 157.00
762.96, 156.00
763.26, 158.00
763.56, 191.00
763.86, 168.00
764.16, 154.00
764.45, 166.00
764.75, 159.00
765.05, 152.00
765.35, 152.00
765.65, 157.00
765.95, 150.00
766.25, 152.00
766.55, 160.00
766.84, 156.00
767.14, 159.00
767.44, 165.00
767.74, 162.00
768.04, 158.00
768.34, 154.00
768.63, 161.00
768.93, 160.00
769.23, 172.00
769.53, 160.00
769.83, 169.00
770.12, 157.00
770.42, 163.00
770.72, 164.00
771.02, 165.00
771.32, 169.00
771.61, 161.00
771.91, 176.00
772.21, 163.00
772.51, 170.00
772.80, 171.00
773.10, 165.00
773.40, 172.00
773.70, 165.00
773.99, 173.00
774.29, 170.00
774.59, 180.00
774.88, 169.00
775.18, 201.00
775.48, 415.00
775.78, 772.00
776.07, 993.00
776.37, 1051.00
776.67, 823.00
776.96, 563.00
777.26, 493.00
777.56, 370.00
777.85, 338.00
778.15, 303.00
778.45, 277.00
778.74, 243.00
779.04, 207.00
779.34, 179.00
779.63, 176.00
779.93, 159.00
780.22, 161.00
780.52, 150.00
780.82, 150.00
781.11, 157.00
781.41, 150.00
781.71, 143.00
782.00, 146.00
782.30, 154.00
782.59, 154.00
782.89, 149.00
783.19, 143.00
783.48, 152.00
783.78, 144.00
784.07, 160.00
784.37, 152.00
784.66, 145.00
784.96, 152.00
785.25, 148.00
785.55, 149.00
785.84, 152.00
786.14, 148.00
786.44, 148.00
786.73, 147.00
787.03, 149.00
787.32, 147.00
787.62, 142.00
787.91, 145.00
788.21, 151.00
788.50, 145.00
788.80, 147.00
789.09, 152.00
789.39, 154.00
789.68, 147.00
789.97, 152.00
790.27, 147.00
790.56, 143.00
790.86, 156.00
791.15, 151.00
791.45, 146.00
791.74, 168.00
792.04, 144.00
792.33, 143.00
792.62, 176.00
792.92, 148.00
793.21, 144.00
793.51, 154.00
793.80, 144.00
794.09, 145.00
794.39, 139.00
794.68, 149.00
794.98, 146.00
795.27, 144.00
795.56, 149.00
795.86, 149.00
796.15, 142.00
796.44, 148.00
796.74, 149.00
797.03, 143.00
797.32, 148.00
797.62, 142.00
797.91, 155.00
798.20, 147.00
798.50, 152.00
798.79, 150.00
799.08, 150.00
799.38, 146.00
799.67, 142.00
799.96, 157.00
800.26, 171.00
800.55, 148.00
800.84, 148.00
801.13, 144.00
801.43, 144.00
801.72, 184.00
802.01, 148.00
802.30, 145.00
802.60, 143.00
802.89, 149.00
803.18, 145.00
803.47, 144.00
803.77, 149.00
804.06, 152.00
804.35, 152.00
804.64, 165.00
804.94, 148.00
805.23, 146.00
805.52, 149.00
805.81, 144.00
806.10, 143.00
806.39, 145.00
806.69, 145.00
806.98, 145.00
807.27, 148.00
807.56, 152.00
807.85, 151.00
808.14, 147.00
808.44, 151.00
808.73, 146.00
809.02, 164.00
809.31, 148.00
809.60, 147.00
809.89, 148.00
810.18, 143.00
810.48, 155.00
810.77, 145.00
811.06, 145.00
811.35, 147.00
811.64, 145.00
811.93, 166.00
812.22, 143.00
812.51, 141.00
812.80, 143.00
813.09, 144.00
813.38, 143.00
813.67, 165.00
813.96, 149.00
814.26, 146.00
814.55, 143.00
814.84, 143.00
815.13, 145.00
815.42, 142.00
815.71, 143.00
816.00, 145.00
816.29, 150.00
816.58, 152.00
816.87, 145.00
817.16, 147.00
817.45, 150.00
817.74, 149.00
818.03, 141.00
818.32, 145.00
818.61, 144.00
818.90, 150.00
819.19, 142.00
819.48, 143.00
819.76, 140.00
820.05, 143.00
820.34, 147.00
820.63, 147.00
820.92, 142.00
821.21, 144.00
821.50, 145.00
821.79, 146.00
822.08, 145.00
822.37, 146.00
822.66, 145.00
822.95, 146.00
823.23, 147.00
823.52, 161.00
823.81, 143.00
824.10, 149.00
824.39, 142.00
824.68, 143.00
824.97, 159.00
825.26, 143.00
825.54, 191.00
825.83, 146.00
826.12, 145.00
826.41, 143.00
826.70, 140.00
826.99, 154.00
827.27, 143.00
827.56, 165.00
827.85, 141.00
828.14, 144.00
828.43, 149.00
828.71, 146.00
829.00, 144.00
829.29, 140.00
829.58, 146.00
829.86, 144.00
830.15, 147.00
830.44, 145.00
830.73, 145.00
831.01, 141.00
831.30, 145.00
831.59, 143.00
831.88, 146.00
832.16, 141.00
832.45, 141.00
832.74, 141.00
833.03, 143.00
833.31, 151.00
833.60, 144.00
833.89, 145.00
834.17, 146.00
834.46, 145.00
834.75, 140.00
835.03, 149.00
835.32, 142.00
835.61, 149.00
835.89, 157.00
836.18, 145.00
836.47, 149.00
836.75, 146.00
837.04, 150.00
837.33, 151.00
837.61, 146.00
837.90, 146.00
838.19, 143.00
838.47, 143.00
838.76, 146.00
839.04, 143.00
839.33, 141.00
839.62, 145.00
839.90, 147.00
840.19, 145.00
840.47, 143.00
840.76, 165.00
841.04, 147.00
841.33, 150.00
841.62, 143.00
841.90, 145.00
842.19, 139.00
842.47, 301.00
842.76, 143.00
843.04, 151.00
843.33, 174.00
843.61, 168.00
843.90, 167.00
844.18, 164.00
844.47, 163.00
844.75, 164.00
845.04, 155.00
845.32, 151.00
845.61, 156.00
845.89, 153.00
846.18, 151.00
846.46, 150.00
846.75, 149.00
847.03, 161.00
847.32, 149.00
847.60, 144.00
847.88, 147.00
848.17, 144.00
848.45, 159.00
848.74, 143.00
849.02, 147.00
849.31, 143.00
849.59, 144.00
849.87, 145.00
850.16, 144.00
850.44, 149.00
850.73, 175.00
851.01, 146.00
851.29, 146.00
851.58, 146.00
851.86, 145.00
852.14, 145.00
852.43, 146.00
852.71, 145.00
853.00, 143.00
853.28, 148.00
853.56, 142.00
853.85, 144.00
854.13, 143.00
854.41, 148.00
854.69, 144.00
854.98, 143.00
855.26, 201.00
855.54, 150.00
855.83, 143.00
856.11, 151.00
856.39, 142.00
856.68, 141.00
856.96, 145.00
857.24, 149.00
857.52, 149.00
857.81, 145.00
858.09, 146.00
858.37, 143.00
858.65, 143.00
858.94, 144.00
859.22, 144.00
