190.05, 0.00
190.41, 133.00
190.77, 136.00
191.14, 136.00
191.50, 134.00
191.86, 158.00
192.22, 149.00
192.58, 146.00
192.94, 143.00
193.31, 140.00
193.67, 142.00
194.03, 147.00
194.39, 143.00
194.75, 140.00
195.11, 151.00
195.47, 161.00
195.84, 146.00
196.20, 143.00
196.56, 157.00
196.92, 146.00
197.28, 149.00
197.64, 139.00
198.00, 142.00
198.37, 145.00
198.73, 142.00
199.09, 142.00
199.45, 139.00
199.81, 145.00
200.17, 150.00
200.53, 142.00
200.89, 150.00
201.25, 177.00
201.62, 147.00
201.98, 140.00
202.34, 146.00
202.70, 147.00
203.06, 145.00
203.42, 140.00
203.78, 146.00
204.14, 144.00
204.50, 168.00
204.86, 155.00
205.22, 151.00
205.58, 150.00
205.95, 149.00
206.31, 144.00
206.67, 147.00
207.03, 151.00
207.39, 152.00
207.75, 139.00
208.11, 145.00
208.47, 140.00
208.83, 149.00
209.19, 145.00
209.55, 142.00
209.91, 147.00
210.27, 148.00
210.63, 142.00
210.99, 152.00
211.35, 147.00
211.71, 155.00
212.07, 144.00
212.43, 151.00
212.79, 147.00
213.15, 143.00
213.51, 145.00
213.87, 151.00
214.23, 143.00
214.59, 145.00
214.95, 145.00
215.31, 150.00
215.67, 145.00
216.03, 174.00
216.39, 147.00
216.75, 148.00
217.11, 149.00
217.47, 148.00
217.83, 143.00
218.19, 149.00
218.55, 148.00
218.91, 146.00
219.27, 146.00
219.63, 138.00
219.99, 142.00
220.35, 145.00
220.71, 151.00
221.07, 147.00
221.43, 147.00
221.79, 145.00
222.15, 145.00
222.51, 143.00
222.87, 146.00
223.23, 145.00
223.59, 148.00
223.95, 141.00
224.31, 144.00
224.67, 146.00
225.03, 148.00
225.39, 158.00
225.74, 148.00
226.10, 144.00
226.46, 147.00
226.82, 147.00
227.18, 148.00
227.54, 150.00
227.90, 147.00
228.26, 147.00
228.62, 151.00
228.98, 144.00
229.34, 142.00
229.69, 141.00
230.05, 149.00
230.41, 147.00
230.77, 155.00
231.13, 153.00
231.49, 146.00
231.85, 140.00
232.21, 150.00
232.57, 146.00
232.92, 139.00
233.28, 138.00
233.64, 144.00
234.00, 141.00
234.36, 140.00
234.72, 144.00
235.08, 150.00
235.44, 145.00
235.79, 147.00
236.15, 149.00
236.51, 143.00
236.87, 146.00
237.23, 148.00
237.59, 147.00
237.94, 152.00
238.30, 145.00
238.66, 141.00
239.02, 143.00
239.38, 145.00
239.74, 145.00
240.09, 149.00
240.45, 136.00
240.81, 145.00
241.17, 153.00
241.53, 149.00
241.89, 144.00
242.24, 143.00
242.60, 143.00
242.96, 152.00
243.32, 141.00
243.68, 144.00
244.03, 144.00
244.39, 144.00
244.75, 161.00
245.11, 147.00
245.46, 150.00
245.82, 174.00
246.18, 147.00
246.54, 146.00
246.90, 139.00
247.25, 142.00
247.61, 141.00
247.97, 188.00
248.33, 142.00
248.68, 139.00
249.04, 143.00
249.40, 143.00
249.76, 146.00
250.11, 143.00
250.47, 151.00
250.83, 145.00
251.19, 143.00
251.54, 155.00
251.90, 145.00
252.26, 150.00
252.62, 143.00
252.97, 149.00
253.33, 145.00
253.69, 141.00
254.05, 148.00
254.40, 141.00
254.76, 139.00
255.12, 170.00
255.47, 143.00
255.83, 140.00
256.19, 144.00
256.54, 142.00
256.90, 140.00
257.26, 146.00
257.62, 146.00
257.97, 139.00
258.33, 148.00
258.69, 146.00
259.04, 140.00
259.40, 140.00
259.76, 145.00
260.11, 145.00
260.47, 143.00
260.83, 148.00
261.18, 144.00
261.54, 151.00
261.90, 150.00
262.25, 144.00
262.61, 145.00
262.97, 142.00
263.32, 142.00
263.68, 144.00
264.04, 146.00
264.39, 141.00
264.75, 140.00
265.10, 144.00
265.46, 191.00
265.82, 156.00
266.17, 141.00
266.53, 137.00
266.89, 150.00
267.24, 147.00
267.60, 139.00
267.95, 145.00
268.31, 138.00
268.67, 142.00
269.02, 138.00
269.38, 147.00
269.74, 153.00
270.09, 147.00
270.45, 143.00
270.80, 169.00
271.16, 148.00
271.51, 152.00
271.87, 154.00
272.23, 149.00
272.58, 148.00
272.94, 146.00
273.29, 143.00
273.65, 198.00
274.00, 146.00
274.36, 146.00
274.72, 144.00
275.07, 145.00
275.43, 144.00
275.78, 151.00
276.14, 144.00
276.49, 145.00
276.85, 154.00
277.20, 167.00
277.56, 148.00
277.92, 150.00
278.27, 142.00
278.63, 150.00
278.98, 142.00
279.34, 145.00
279.69, 154.00
280.05, 170.00
280.40, 151.00
280.76, 165.00
281.11, 152.00
281.47, 148.00
281.82, 150.00
282.18, 152.00
282.53, 154.00
282.89, 169.00
283.24, 160.00
283.60, 149.00
283.95, 162.00
284.31, 162.00
284.66, 170.00
285.02, 169.00
285.37, 172.00
285.73, 161.00
286.08, 174.00
286.44, 155.00
286.79, 159.00
287.14, 160.00
287.50, 154.00
287.85, 147.00
288.21, 152.00
288.56, 154.00
288.92, 154.00
289.27, 155.00
289.63, 163.00
289.98, 159.00
290.34, 158.00
290.69, 155.00
291.04, 149.00
291.40, 152.00
291.75, 150.00
292.11, 154.00
292.46, 152.00
292.81, 161.00
293.17, 159.00
293.52, 156.00
293.88, 161.00
294.23, 172.00
294.59, 175.00
294.94, 193.00
295.29, 197.00
295.65, 203.00
296.00, 217.00
296.36, 199.00
296.71, 193.00
297.06, 194.00
297.42, 201.00
297.77, 199.00
298.12, 196.00
298.48, 180.00
298.83, 176.00
299.19, 180.00
299.54, 184.00
299.89, 179.00
300.25, 181.00
300.60, 184.00
300.95, 171.00
301.31, 166.00
301.66, 157.00
302.01, 157.00
302.37, 157.00
302.72, 162.00
303.07, 158.00
303.43, 173.00
303.78, 167.00
304.13, 176.00
304.49, 174.00
304.84, 181.00
305.19, 226.00
305.55, 177.00
305.90, 184.00
306.25, 221.00
306.61, 289.00
306.96, 339.00
307.31, 420.00
307.66, 575.00
308.02, 747.00
308.37, 884.00
308.72, 977.00
309.08, 982.00
309.43, 931.00
309.78, 801.00
310.13, 701.00
310.49, 613.00
310.84, 498.00
311.19, 459.00
311.54, 403.00
311.90, 354.00
312.25, 326.00
312.60, 343.00
312.95, 402.00
313.31, 460.00
313.66, 459.00
314.01, 453.00
314.36, 454.00
314.72, 520.00
315.07, 664.00
315.42, 812.00
315.77, 879.00
316.13, 715.00
316.48, 478.00
316.83, 338.00
317.18, 249.00
317.54, 209.00
317.89, 193.00
318.24, 179.00
318.59, 179.00
318.94, 167.00
319.30, 169.00
319.65, 185.00
320.00, 175.00
320.35, 179.00
320.70, 184.00
321.05, 177.00
321.41, 187.00
321.76, 186.00
322.11, 173.00
322.46, 181.00
322.81, 212.00
323.17, 169.00
323.52, 170.00
323.87, 171.00
324.22, 173.00
324.57, 176.00
324.92, 172.00
325.27, 173.00
325.63, 198.00
325.98, 190.00
326.33, 203.00
326.68, 200.00
327.03, 196.00
327.38, 196.00
327.73, 216.00
328.09, 223.00
328.44, 260.00
328.79, 223.00
329.14, 256.00
329.49, 214.00
329.84, 211.00
330.19, 214.00
330.54, 215.00
330.89, 206.00
331.25, 189.00
331.60, 188.00
331.95, 192.00
332.30, 189.00
332.65, 201.00
333.00, 216.00
333.35, 273.00
333.70, 277.00
334.05, 253.00
334.40, 264.00
334.75, 307.00
335.10, 418.00
335.45, 597.00
335.81, 868.00
336.16, 1298.00
336.51, 1807.00
336.86, 1885.00
337.21, 1655.00
337.56, 999.00
337.91, 607.00
338.26, 375.00
338.61, 267.00
338.96, 223.00
339.31, 199.00
339.66, 192.00
340.01, 195.00
340.36, 183.00
340.71, 179.00
341.06, 179.00
341.41, 184.00
341.76, 175.00
342.11, 188.00
342.46, 182.00
342.81, 194.00
343.16, 173.00
343.51, 175.00
343.86, 183.00
344.21, 182.00
344.56, 182.00
344.91, 177.00
345.26, 186.00
345.61, 178.00
345.96, 169.00
346.31, 180.00
346.66, 202.00
347.01, 173.00
347.36, 201.00
347.71, 178.00
348.06, 179.00
348.41, 196.00
348.76, 209.00
349.10, 212.00
349.45, 235.00
349.80, 234.00
350.15, 226.00
350.50, 214.00
350.85, 222.00
351.20, 222.00
351.55, 263.00
351.90, 313.00
352.25, 393.00
352.60, 499.00
352.95, 656.00
353.30, 705.00
353.64, 632.00
353.99, 489.00
354.34, 413.00
354.69, 375.00
355.04, 392.00
355.39, 469.00
355.74, 610.00
356.09, 802.00
356.44, 976.00
356.78, 1336.00
357.13, 1521.00
357.48, 1472.00
357.83, 1120.00
358.18, 717.00
358.53, 457.00
358.88, 295.00
359.22, 236.00
359.57, 192.00
359.92, 187.00
360.27, 186.00
360.62, 189.00
360.97, 190.00
361.32, 180.00
361.66, 186.00
362.01, 190.00
362.36, 189.00
362.71, 194.00
363.06, 194.00
363.40, 197.00
363.75, 203.00
364.10, 197.00
364.45, 192.00
364.80, 196.00
365.14, 190.00
365.49, 192.00
365.84, 193.00
366.19, 211.00
366.54, 214.00
366.88, 241.00
367.23, 200.00
367.58, 248.00
367.93, 186.00
368.28, 187.00
368.62, 190.00
368.97, 210.00
369.32, 225.00
369.67, 242.00
370.01, 299.00
370.36, 305.00
370.71, 336.00
371.06, 281.00
371.40, 257.00
371.75, 207.00
372.10, 200.00
372.45, 202.00
372.79, 208.00
373.14, 242.00
373.49, 282.00
373.83, 338.00
374.18, 415.00
374.53, 526.00
374.88, 594.00
375.22, 587.00
375.57, 470.00
375.92, 363.00
376.26, 282.00
376.61, 230.00
376.96, 209.00
377.30, 219.00
377.65, 237.00
378.00, 255.00
378.35, 324.00
378.69, 397.00
379.04, 490.00
379.39, 646.00
379.73, 774.00
380.08, 768.00
380.43, 609.00
380.77, 444.00
381.12, 355.00
381.47, 282.00
381.81, 226.00
382.16, 207.00
382.50, 205.00
382.85, 267.00
383.20, 196.00
383.54, 214.00
383.89, 212.00
384.24, 216.00
384.58, 233.00
384.93, 254.00
385.27, 261.00
385.62, 257.00
385.97, 255.00
386.31, 243.00
386.66, 271.00
387.00, 248.00
387.35, 261.00
387.70, 289.00
388.04, 392.00
388.39, 403.00
388.73, 490.00
389.08, 605.00
389.43, 755.00
389.77, 878.00
390.12, 1082.00
390.46, 1494.00
390.81, 1683.00
391.15, 1610.00
391.50, 1237.00
391.85, 768.00
392.19, 534.00
392.54, 362.00
392.88, 289.00
393.23, 297.00
393.57, 291.00
393.92, 292.00
394.26, 260.00
394.61, 232.00
394.95, 218.00
395.30, 187.00
395.64, 182.00
395.99, 229.00
396.33, 190.00
396.68, 192.00
397.02, 199.00
397.37, 224.00
397.71, 253.00
398.06, 271.00
398.40, 306.00
398.75, 367.00
399.09, 403.00
399.44, 392.00
399.78, 337.00
400.13, 277.00
400.47, 229.00
400.82, 197.00
401.16, 190.00
401.51, 191.00
401.85, 183.00
402.20, 189.00
402.54, 198.00
402.88, 201.00
403.23, 212.00
403.57, 220.00
403.92, 252.00
404.26, 326.00
404.61, 315.00
404.95, 405.00
405.30, 371.00
405.64, 347.00
405.98, 311.00
406.33, 261.00
406.67, 217.00
407.02, 199.00
407.36, 201.00
407.70, 212.00
408.05, 205.00
408.39, 223.00
408.74, 226.00
409.08, 235.00
409.42, 213.00
409.77, 208.00
410.11, 213.00
410.46, 204.00
410.80, 214.00
411.14, 218.00
411.49, 228.00
411.83, 239.00
412.17, 234.00
412.52, 240.00
412.86, 253.00
413.20, 258.00
413.55, 258.00
413.89, 242.00
414.23, 232.00
414.58, 250.00
414.92, 206.00
415.26, 196.00
415.61, 196.00
415.95, 201.00
416.29, 207.00
416.64, 211.00
416.98, 217.00
417.32, 221.00
417.67, 241.00
418.01, 258.00
418.35, 263.00
418.70, 297.00
419.04, 351.00
419.38, 324.00
419.72, 320.00
420.07, 288.00
420.41, 233.00
420.75, 223.00
421.10, 207.00
421.44, 204.00
421.78, 213.00
422.12, 209.00
422.47, 213.00
422.81, 227.00
423.15, 239.00
423.49, 238.00
423.84, 231.00
424.18, 239.00
424.52, 256.00
424.86, 301.00
425.21, 366.00
425.55, 403.00
425.89, 484.00
426.23, 556.00
426.57, 679.00
426.92, 733.00
427.26, 774.00
427.60, 661.00
427.94, 462.00
428.28, 353.00
428.63, 277.00
428.97, 235.00
429.31, 205.00
429.65, 201.00
429.99, 194.00
430.34, 183.00
430.68, 191.00
431.02, 199.00
431.36, 193.00
431.70, 199.00
432.04, 197.00
432.39, 206.00
432.73, 220.00
433.07, 224.00
433.41, 243.00
433.75, 253.00
434.09, 242.00
434.43, 223.00
434.78, 212.00
435.12, 201.00
435.46, 213.00
435.80, 219.00
436.14, 227.00
436.48, 220.00
436.82, 229.00
437.16, 219.00
437.51, 212.00
437.85, 202.00
438.19, 245.00
438.53, 206.00
438.87, 228.00
439.21, 217.00
439.55, 230.00
439.89, 234.00
440.23, 237.00
440.57, 244.00
440.91, 245.00
441.26, 239.00
441.60, 218.00
441.94, 210.00
442.28, 214.00
442.62, 217.00
442.96, 202.00
443.30, 199.00
443.64, 197.00
443.98, 205.00
444.32, 209.00
444.66, 190.00
445.00, 202.00
445.34, 205.00
445.68, 203.00
446.02, 207.00
446.36, 199.00
446.70, 200.00
447.04, 201.00
447.38, 235.00
447.72, 218.00
448.06, 214.00
448.40, 223.00
448.74, 213.00
449.08, 215.00
449.42, 198.00
449.76, 195.00
450.10, 195.00
450.44, 191.00
450.78, 194.00
451.12, 194.00
451.46, 197.00
451.80, 202.00
452.14, 189.00
452.48, 191.00
452.82, 191.00
453.16, 185.00
453.50, 197.00
453.84, 192.00
454.18, 235.00
454.52, 209.00
454.86, 203.00
455.19, 217.00
455.53, 207.00
455.87, 214.00
456.21, 226.00
456.55, 225.00
456.89, 220.00
457.23, 219.00
457.57, 213.00
457.91, 224.00
458.25, 223.00
458.59, 227.00
458.92, 242.00
459.26, 233.00
459.60, 242.00
459.94, 229.00
460.28, 203.00
460.62, 203.00
460.96, 191.00
461.30, 186.00
461.63, 188.00
461.97, 191.00
462.31, 193.00
462.65, 196.00
462.99, 202.00
463.33, 212.00
463.67, 212.00
464.00, 221.00
464.34, 221.00
464.68, 219.00
465.02, 241.00
465.36, 229.00
465.70, 220.00
466.03, 221.00
466.37, 209.00
466.71, 211.00
467.05, 228.00
467.39, 235.00
467.72, 252.00
468.06, 263.00
468.40, 275.00
468.74, 285.00
469.08, 283.00
469.41, 315.00
469.75, 328.00
470.09, 358.00
470.43, 359.00
470.76, 302.00
471.10, 289.00
471.44, 274.00
471.78, 261.00
472.11, 249.00
472.45, 244.00
472.79, 237.00
473.13, 233.00
473.46, 231.00
473.80, 226.00
474.14, 218.00
474.48, 222.00
474.81, 218.00
475.15, 213.00
475.49, 220.00
475.82, 220.00
476.16, 220.00
476.50, 214.00
476.84, 215.00
477.17, 207.00
477.51, 213.00
477.85, 208.00
478.18, 226.00
478.52, 206.00
478.86, 259.00
479.19, 226.00
479.53, 213.00
479.87, 258.00
480.20, 232.00
480.54, 229.00
480.88, 217.00
481.21, 218.00
481.55, 215.00
481.89, 215.00
482.22, 214.00
482.56, 224.00
482.90, 215.00
483.23, 210.00
483.57, 210.00
483.90, 217.00
484.24, 217.00
484.58, 219.00
484.91, 214.00
485.25, 218.00
485.58, 224.00
485.92, 225.00
486.26, 225.00
486.59, 224.00
486.93, 223.00
487.26, 227.00
487.60, 227.00
487.94, 225.00
488.27, 230.00
488.61, 217.00
488.94, 222.00
489.28, 229.00
489.61, 227.00
489.95, 223.00
490.29, 231.00
490.62, 235.00
490.96, 237.00
491.29, 242.00
491.63, 226.00
491.96, 220.00
492.30, 227.00
492.63, 224.00
492.97, 225.00
493.30, 222.00
493.64, 215.00
493.97, 217.00
494.31, 228.00
494.64, 237.00
494.98, 230.00
495.31, 234.00
495.65, 229.00
495.98, 230.00
496.32, 225.00
496.65, 255.00
496.99, 222.00
497.32, 209.00
497.66, 216.00
497.99, 217.00
498.33, 206.00
498.66, 214.00
499.00, 223.00
499.33, 218.00
499.67, 218.00
500.00, 213.00
500.34, 236.00
500.67, 235.00
501.00, 225.00
501.34, 217.00
501.67, 221.00
502.01, 218.00
502.34, 230.00
502.68, 240.00
503.01, 245.00
503.34, 242.00
503.68, 240.00
504.01, 244.00
504.35, 240.00
504.68, 250.00
505.01, 245.00
505.35, 247.00
505.68, 237.00
506.02, 250.00
506.35, 251.00
506.68, 253.00
507.02, 248.00
507.35, 235.00
507.68, 238.00
508.02, 239.00
508.35, 246.00
508.69, 231.00
509.02, 232.00
509.35, 226.00
509.69, 226.00
510.02, 234.00
510.35, 229.00
510.69, 227.00
511.02, 221.00
511.35, 223.00
511.69, 225.00
512.02, 226.00
512.35, 228.00
512.68, 225.00
513.02, 223.00
513.35, 223.00
513.68, 222.00
514.02, 233.00
514.35, 219.00
514.68, 226.00
515.01, 215.00
515.35, 226.00
515.68, 214.00
516.01, 210.00
516.35, 208.00
516.68, 218.00
517.01, 218.00
517.34, 214.00
517.68, 212.00
518.01, 216.00
518.34, 213.00
518.67, 212.00
519.01, 218.00
519.34, 217.00
519.67, 230.00
520.00, 218.00
520.33, 220.00
520.67, 229.00
521.00, 227.00
521.33, 238.00
521.66, 240.00
522.00, 229.00
522.33, 231.00
522.66, 227.00
522.99, 215.00
523.32, 232.00
523.65, 220.00
523.99, 216.00
524.32, 223.00
524.65, 226.00
524.98, 228.00
525.31, 220.00
525.65, 255.00
525.98, 223.00
526.31, 218.00
526.64, 222.00
526.97, 220.00
527.30, 223.00
527.63, 213.00
527.97, 214.00
528.30, 218.00
528.63, 217.00
528.96, 239.00
529.29, 209.00
529.62, 218.00
529.95, 204.00
530.28, 209.00
530.61, 209.00
530.95, 207.00
531.28, 211.00
531.61, 210.00
531.94, 218.00
532.27, 223.00
532.60, 216.00
532.93, 214.00
533.26, 218.00
533.59, 208.00
533.92, 209.00
534.25, 207.00
534.58, 240.00
534.91, 204.00
535.25, 201.00
535.58, 206.00
535.91, 203.00
536.24, 206.00
536.57, 207.00
536.90, 200.00
537.23, 206.00
537.56, 244.00
537.89, 206.00
538.22, 203.00
538.55, 201.00
538.88, 202.00
539.21, 317.00
539.54, 196.00
539.87, 205.00
540.20, 204.00
540.53, 202.00
540.86, 231.00
541.19, 203.00
541.52, 198.00
541.85, 202.00
542.18, 216.00
542.51, 217.00
542.84, 220.00
543.17, 215.00
543.50, 211.00
543.82, 218.00
544.15, 217.00
544.48, 211.00
544.81, 208.00
545.14, 240.00
545.47, 208.00
545.80, 237.00
546.13, 204.00
546.46, 250.00
546.79, 228.00
547.12, 201.00
547.45, 205.00
547.78, 210.00
548.10, 198.00
548.43, 208.00
548.76, 200.00
549.09, 202.00
549.42, 205.00
549.75, 211.00
550.08, 202.00
550.41, 207.00
550.74, 211.00
551.06, 208.00
551.39, 217.00
551.72, 204.00
552.05, 203.00
552.38, 192.00
552.71, 202.00
553.03, 206.00
553.36, 206.00
553.69, 209.00
554.02, 207.00
554.35, 203.00
554.68, 201.00
555.00, 213.00
555.33, 204.00
555.66, 208.00
555.99, 231.00
556.32, 216.00
556.64, 219.00
556.97, 233.00
557.30, 222.00
557.63, 228.00
557.96, 229.00
558.28, 238.00
558.61, 230.00
558.94, 226.00
559.27, 229.00
559.59, 229.00
559.92, 224.00
560.25, 221.00
560.58, 214.00
560.90, 226.00
561.23, 216.00
561.56, 221.00
561.89, 217.00
562.21, 210.00
562.54, 209.00
562.87, 197.00
563.20, 208.00
563.52, 200.00
563.85, 197.00
564.18, 214.00
564.50, 197.00
564.83, 226.00
565.16, 249.00
565.48, 190.00
565.81, 202.00
566.14, 189.00
566.47, 188.00
566.79, 190.00
567.12, 187.00
567.45, 217.00
567.77, 190.00
568.10, 187.00
568.43, 193.00
568.75, 186.00
569.08, 196.00
569.40, 223.00
569.73, 190.00
570.06, 189.00
570.38, 193.00
570.71, 188.00
571.04, 189.00
571.36, 197.00
571.69, 198.00
572.01, 196.00
572.34, 192.00
572.67, 195.00
572.99, 194.00
573.32, 207.00
573.64, 192.00
573.97, 185.00
574.30, 193.00
574.62, 182.00
574.95, 187.00
575.27, 193.00
575.60, 185.00
575.92, 190.00
576.25, 188.00
576.58, 197.00
576.90, 187.00
577.23, 228.00
577.55, 187.00
577.88, 193.00
578.20, 192.00
578.53, 184.00
578.85, 209.00
579.18, 199.00
579.50, 185.00
579.83, 190.00
580.15, 189.00
580.48, 191.00
580.80, 192.00
581.13, 191.00
581.45, 195.00
581.78, 186.00
582.10, 191.00
582.43, 196.00
582.75, 195.00
583.08, 190.00
583.40, 193.00
583.73, 256.00
584.05, 195.00
584.38, 186.00
584.70, 240.00
585.03, 203.00
585.35, 190.00
585.67, 194.00
586.00, 224.00
586.32, 243.00
586.65, 248.00
586.97, 245.00
587.30, 228.00
587.62, 218.00
587.94, 226.00
588.27, 205.00
588.59, 207.00
588.92, 200.00
589.24, 197.00
589.56, 210.00
589.89, 202.00
590.21, 201.00
590.54, 196.00
590.86, 194.00
591.18, 196.00
591.51, 194.00
591.83, 217.00
592.15, 200.00
592.48, 200.00
592.80, 211.00
593.13, 206.00
593.45, 211.00
593.77, 212.00
594.10, 217.00
594.42, 215.00
594.74, 219.00
595.07, 220.00
595.39, 228.00
595.71, 230.00
596.03, 233.00
596.36, 230.00
596.68, 234.00
597.00, 230.00
597.33, 240.00
597.65, 245.00
597.97, 238.00
598.30, 233.00
598.62, 242.00
598.94, 238.00
599.26, 237.00
599.59, 224.00
599.91, 238.00
600.23, 230.00
600.55, 224.00
600.88, 226.00
601.20, 210.00
601.52, 204.00
601.84, 213.00
602.17, 202.00
602.49, 204.00
602.81, 193.00
603.13, 201.00
603.45, 203.00
603.78, 198.00
604.10, 190.00
604.42, 193.00
604.74, 189.00
605.07, 192.00
605.39, 190.00
605.71, 193.00
606.03, 196.00
606.35, 188.00
606.67, 198.00
607.00, 191.00
607.32, 185.00
607.64, 193.00
607.96, 180.00
608.28, 181.00
608.60, 179.00
608.93, 173.00
609.25, 190.00
609.57, 178.00
609.89, 184.00
610.21, 184.00
610.53, 183.00
610.85, 179.00
611.17, 183.00
611.50, 183.00
611.82, 182.00
612.14, 179.00
612.46, 178.00
612.78, 179.00
613.10, 183.00
613.42, 179.00
613.74, 198.00
614.06, 224.00
614.38, 210.00
614.70, 221.00
615.03, 224.00
615.35, 212.00
615.67, 311.00
615.99, 194.00
616.31, 191.00
616.63, 186.00
616.95, 188.00
617.27, 183.00
617.59, 180.00
617.91, 179.00
618.23, 182.00
618.55, 172.00
618.87, 177.00
619.19, 177.00
619.51, 174.00
619.83, 176.00
620.15, 172.00
620.47, 182.00
620.79, 172.00
621.11, 183.00
621.43, 169.00
621.75, 181.00
622.07, 183.00
622.39, 173.00
622.71, 171.00
623.03, 167.00
623.35, 215.00
623.67, 171.00
623.99, 171.00
624.31, 180.00
624.63, 179.00
624.95, 170.00
625.26, 175.00
625.58, 167.00
625.90, 204.00
626.22, 177.00
626.54, 174.00
626.86, 181.00
627.18, 173.00
627.50, 180.00
627.82, 175.00
628.14, 179.00
628.46, 181.00
628.77, 177.00
629.09, 179.00
629.41, 179.00
629.73, 180.00
630.05, 189.00
630.37, 184.00
630.69, 191.00
631.00, 199.00
631.32, 200.00
631.64, 187.00
631.96, 194.00
632.28, 198.00
632.60, 195.00
632.92, 193.00
633.23, 200.00
633.55, 194.00
633.87, 199.00
634.19, 211.00
634.51, 207.00
634.82, 225.00
635.14, 213.00
635.46, 218.00
635.78, 219.00
636.10, 218.00
636.41, 215.00
636.73, 212.00
637.05, 222.00
637.37, 212.00
637.68, 215.00
638.00, 205.00
638.32, 220.00
638.64, 227.00
638.95, 247.00
639.27, 230.00
639.59, 231.00
639.91, 226.00
640.22, 218.00
640.54, 214.00
640.86, 210.00
641.18, 213.00
641.49, 226.00
641.81, 216.00
642.13, 213.00
642.44, 202.00
642.76, 216.00
643.08, 206.00
643.40, 207.00
643.71, 213.00
644.03, 214.00
644.35, 218.00
644.66, 222.00
644.98, 213.00
645.30, 209.00
645.61, 223.00
645.93, 200.00
646.25, 200.00
646.56, 198.00
646.88, 224.00
647.19, 190.00
647.51, 200.00
647.83, 192.00
648.14, 188.00
648.46, 190.00
648.78, 193.00
649.09, 190.00
649.41, 233.00
649.72, 200.00
650.04, 211.00
650.36, 210.00
650.67, 209.00
650.99, 210.00
651.30, 214.00
651.62, 223.00
651.93, 213.00
652.25, 232.00
652.57, 255.00
652.88, 214.00
653.20, 219.00
653.51, 210.00
653.83, 208.00
654.14, 190.00
654.46, 204.00
654.77, 197.00
655.09, 206.00
655.40, 210.00
655.72, 200.00
656.04, 188.00
656.35, 195.00
656.67, 193.00
656.98, 193.00
657.30, 201.00
657.61, 197.00
657.93, 204.00
658.24, 205.00
658.55, 254.00
658.87, 211.00
659.18, 205.00
659.50, 211.00
659.81, 217.00
660.13, 215.00
660.44, 214.00
660.76, 214.00
661.07, 226.00
661.39, 204.00
661.70, 199.00
662.01, 191.00
662.33, 189.00
662.64, 190.00
662.96, 187.00
663.27, 177.00
663.59, 177.00
663.90, 174.00
664.21, 180.00
664.53, 204.00
664.84, 182.00
665.16, 206.00
665.47, 183.00
665.78, 178.00
666.10, 193.00
666.41, 202.00
666.72, 205.00
667.04, 208.00
667.35, 192.00
667.67, 201.00
667.98, 201.00
668.29, 199.00
668.61, 194.00
668.92, 195.00
669.23, 187.00
669.55, 189.00
669.86, 222.00
670.17, 192.00
670.48, 182.00
670.80, 179.00
671.11, 173.00
671.42, 180.00
671.74, 181.00
672.05, 179.00
672.36, 184.00
672.68, 183.00
672.99, 178.00
673.30, 187.00
673.61, 191.00
673.93, 197.00
674.24, 198.00
674.55, 201.00
674.86, 201.00
675.18, 209.00
675.49, 207.00
675.80, 194.00
676.11, 204.00
676.43, 215.00
676.74, 210.00
677.05, 210.00
677.36, 216.00
677.67, 204.00
677.99, 204.00
678.30, 195.00
678.61, 190.00
678.92, 188.00
679.23, 190.00
679.55, 178.00
679.86, 185.00
680.17, 185.00
680.48, 181.00
680.79, 183.00
681.10, 170.00
681.42, 179.00
681.73, 170.00
682.04, 170.00
682.35, 171.00
682.66, 179.00
682.97, 177.00
683.28, 171.00
683.60, 179.00
683.91, 177.00
684.22, 194.00
684.53, 177.00
684.84, 165.00
685.15, 176.00
685.46, 196.00
685.77, 170.00
686.08, 168.00
686.40, 207.00
686.71, 172.00
687.02, 174.00
687.33, 161.00
687.64, 163.00
687.95, 155.00
688.26, 157.00
688.57, 159.00
688.88, 160.00
689.19, 159.00
689.50, 158.00
689.81, 163.00
690.12, 154.00
690.43, 173.00
690.74, 157.00
691.05, 154.00
691.36, 167.00
691.67, 160.00
691.98, 159.00
692.29, 161.00
692.60, 164.00
692.91, 161.00
693.22, 156.00
693.53, 155.00
693.84, 165.00
694.15, 160.00
694.46, 155.00
694.77, 158.00
695.08, 160.00
695.39, 163.00
695.70, 157.00
696.01, 157.00
696.32, 155.00
696.63, 161.00
696.94, 162.00
697.25, 154.00
697.56, 169.00
697.87, 167.00
698.17, 206.00
698.48, 164.00
698.79, 160.00
699.10, 160.00
699.41, 162.00
699.72, 158.00
700.03, 160.00
700.34, 160.00
700.65, 154.00
700.95, 162.00
701.26, 162.00
701.57, 162.00
701.88, 161.00
702.19, 166.00
702.50, 165.00
702.81, 156.00
703.11, 181.00
703.42, 158.00
703.73, 170.00
704.04, 169.00
704.35, 167.00
704.66, 191.00
704.96, 265.00
705.27, 312.00
705.58, 340.00
705.89, 319.00
706.20, 271.00
706.50, 244.00
706.81, 236.00
707.12, 209.00
707.43, 191.00
707.73, 178.00
708.04, 158.00
708.35, 161.00
708.66, 163.00
708.97, 154.00
709.27, 161.00
709.58, 156.00
709.89, 152.00
710.19, 155.00
710.50, 158.00
710.81, 159.00
711.12, 161.00
711.42, 157.00
711.73, 166.00
712.04, 160.00
712.35, 165.00
712.65, 163.00
712.96, 161.00
713.27, 165.00
713.57, 187.00
713.88, 187.00
714.19, 161.00
714.49, 154.00
714.80, 163.00
715.11, 156.00
715.41, 157.00
715.72, 157.00
716.03, 159.00
716.33, 167.00
716.64, 155.00
716.94, 161.00
717.25, 151.00
717.56, 164.00
717.86, 157.00
718.17, 151.00
718.48, 153.00
718.78, 157.00
719.09, 156.00
719.39, 154.00
719.70, 158.00
720.01, 155.00
720.31, 156.00
720.62, 156.00
720.92, 153.00
721.23, 167.00
721.53, 168.00
721.84, 159.00
722.15, 169.00
722.45, 164.00
722.76, 159.00
723.06, 158.00
723.37, 162.00
723.67, 162.00
723.98, 155.00
724.28, 160.00
724.59, 167.00
724.89, 164.00
725.20, 168.00
725.50, 172.00
725.81, 164.00
726.11, 167.00
726.42, 168.00
726.72, 169.00
727.03, 208.00
727.33, 164.00
727.64, 162.00
727.94, 162.00
728.25, 161.00
728.55, 158.00
728.86, 181.00
729.16, 158.00
729.46, 152.00
729.77, 163.00
730.07, 153.00
730.38, 152.00
730.68, 156.00
730.99, 164.00
731.29, 153.00
731.59, 158.00
731.90, 161.00
732.20, 158.00
732.51, 162.00
732.81, 159.00
733.11, 163.00
733.42, 161.00
733.72, 165.00
734.02, 163.00
734.33, 155.00
734.63, 161.00
734.94, 157.00
735.24, 161.00
735.54, 160.00
735.85, 152.00
736.15, 161.00
736.45, 165.00
736.76, 160.00
737.06, 159.00
737.36, 158.00
737.67, 159.00
737.97, 154.00
738.27, 160.00
738.57, 158.00
738.88, 155.00
739.18, 195.00
739.48, 158.00
739.79, 156.00
740.09, 155.00
740.39, 160.00
740.69, 164.00
741.00, 152.00
741.30, 158.00
741.60, 157.00
741.90, 161.00
742.21, 160.00
742.51, 210.00
742.81, 164.00
743.11, 165.00
743.42, 182.00
743.72, 171.00
744.02, 179.00
744.32, 174.00
744.63, 178.00
744.93, 187.00
745.23, 180.00
745.53, 184.00
745.83, 183.00
746.13, 177.00
746.44, 174.00
746.74, 178.00
747.04, 184.00
747.34, 183.00
747.64, 188.00
747.94, 175.00
748.25, 179.00
748.55, 183.00
748.85, 183.00
749.15, 188.00
749.45, 212.00
749.75, 202.00
750.05, 178.00
750.35, 167.00
750.66, 177.00
750.96, 172.00
751.26, 160.00
751.56, 159.00
751.86, 168.00
752.16, 153.00
752.46, 151.00
752.76, 153.00
753.06, 157.00
753.36, 198.00
753.66, 151.00
753.96, 164.00
754.27, 162.00
754.57, 157.00
754.87, 157.00
755.17, 157.00
755.47, 156.00
755.77, 159.00
756.07, 168.00
756.37, 165.00
756.67, 174.00
756.97, 165.00
757.27, 169.00
757.57, 164.00
757.87, 173.00
758.17, 164.00
758.47, 172.00
758.77, 174.00
759.07, 165.00
759.37, 167.00
759.67, 162.00
759.97, 175.00
760.27, 169.00
760.57, 162.00
760.86, 168.00
761.16, 165.00
761.46, 161.00
761.76, 194.00
762.06, 156.00
762.36, 170.00
762.66, 157.00
762.96, 160.00
763.26, 166.00
763.56, 187.00
763.86, 165.00
764.16, 159.00
764.45, 169.00
764.75, 152.00
765.05, 156.00
765.35, 154.00
765.65, 154.00
765.95, 154.00
766.25, 157.00
766.55, 163.00
766.84, 158.00
767.14, 159.00
767.44, 159.00
767.74, 160.00
768.04, 165.00
768.34, 161.00
768.63, 161.00
768.93, 162.00
769.23, 170.00
769.53, 169.00
769.83, 168.00
770.12, 165.00
770.42, 163.00
770.72, 166.00
771.02, 163.00
771.32, 163.00
771.61, 169.00
771.91, 172.00
772.21, 165.00
772.51, 164.00
772.80, 167.00
773.10, 164.00
773.40, 167.00
773.70, 171.00
773.99, 176.00
774.29, 172.00
774.59, 179.00
774.88, 166.00
775.18, 203.00
775.48, 430.00
775.78, 806.00
776.07, 1049.00
776.37, 1097.00
776.67, 867.00
776.96, 581.00
777.26, 516.00
777.56, 388.00
777.85, 346.00
778.15, 313.00
778.45, 289.00
778.74, 254.00
779.04, 221.00
779.34, 180.00
779.63, 172.00
779.93, 159.00
780.22, 153.00
780.52, 151.00
780.82, 150.00
781.11, 151.00
781.41, 151.00
781.71, 148.00
782.00, 150.00
782.30, 155.00
782.59, 162.00
782.89, 148.00
783.19, 145.00
783.48, 148.00
783.78, 150.00
784.07, 161.00
784.37, 153.00
784.66, 150.00
784.96, 149.00
785.25, 150.00
785.55, 150.00
785.84, 156.00
786.14, 148.00
786.44, 147.00
786.73, 148.00
787.03, 146.00
787.32, 150.00
787.62, 148.00
787.91, 145.00
788.21, 152.00
788.50, 152.00
788.80, 152.00
789.09, 149.00
789.39, 151.00
789.68, 147.00
789.97, 150.00
790.27, 151.00
790.56, 149.00
790.86, 154.00
791.15, 147.00
791.45, 148.00
791.74, 163.00
792.04, 149.00
792.33, 141.00
792.62, 176.00
792.92, 146.00
793.21, 139.00
793.51, 154.00
793.80, 146.00
794.09, 149.00
794.39, 143.00
794.68, 142.00
794.98, 147.00
795.27, 145.00
795.56, 147.00
795.86, 151.00
796.15, 149.00
796.44, 153.00
796.74, 142.00
797.03, 142.00
797.32, 142.00
797.62, 147.00
797.91, 158.00
798.20, 152.00
798.50, 157.00
798.79, 161.00
799.08, 147.00
799.38, 149.00
799.67, 148.00
799.96, 154.00
800.26, 171.00
800.55, 149.00
800.84, 150.00
801.13, 148.00
801.43, 145.00
801.72, 187.00
802.01, 148.00
802.30, 150.00
802.60, 142.00
802.89, 146.00
803.18, 149.00
803.47, 141.00
803.77, 152.00
804.06, 146.00
804.35, 151.00
804.64, 174.00
804.94, 148.00
805.23, 149.00
805.52, 148.00
805.81, 148.00
806.10, 151.00
806.39, 150.00
806.69, 149.00
806.98, 149.00
807.27, 148.00
807.56, 154.00
807.85, 149.00
808.14, 143.00
808.44, 155.00
808.73, 147.00
809.02, 162.00
809.31, 153.00
809.60, 145.00
809.89, 154.00
810.18, 148.00
810.48, 150.00
810.77, 147.00
811.06, 145.00
811.35, 150.00
811.64, 148.00
811.93, 169.00
812.22, 146.00
812.51, 145.00
812.80, 146.00
813.09, 145.00
813.38, 141.00
813.67, 164.00
813.96, 144.00
814.26, 140.00
814.55, 145.00
814.84, 141.00
815.13, 147.00
815.42, 146.00
815.71, 144.00
816.00, 145.00
816.29, 153.00
816.58, 153.00
816.87, 143.00
817.16, 142.00
817.45, 155.00
817.74, 151.00
818.03, 143.00
818.32, 144.00
818.61, 151.00
818.90, 154.00
819.19, 149.00
819.48, 145.00
819.76, 142.00
820.05, 143.00
820.34, 145.00
820.63, 151.00
820.92, 139.00
821.21, 142.00
821.50, 141.00
821.79, 146.00
822.08, 144.00
822.37, 143.00
822.66, 143.00
822.95, 146.00
823.23, 142.00
823.52, 164.00
823.81, 144.00
824.10, 145.00
824.39, 148.00
824.68, 142.00
824.97, 162.00
825.26, 146.00
825.54, 189.00
825.83, 147.00
826.12, 141.00
826.41, 143.00
826.70, 144.00
826.99, 155.00
827.27, 144.00
827.56, 162.00
827.85, 145.00
828.14, 144.00
828.43, 147.00
828.71, 148.00
829.00, 146.00
829.29, 141.00
829.58, 150.00
829.86, 145.00
830.15, 144.00
830.44, 143.00
830.73, 148.00
831.01, 141.00
831.30, 141.00
831.59, 142.00
831.88, 143.00
832.16, 149.00
832.45, 148.00
832.74, 145.00
833.03, 140.00
833.31, 147.00
833.60, 142.00
833.89, 141.00
834.17, 149.00
834.46, 139.00
834.75, 143.00
835.03, 143.00
835.32, 146.00
835.61, 147.00
835.89, 163.00
836.18, 148.00
836.47, 144.00
836.75, 142.00
837.04, 145.00
837.33, 150.00
837.61, 142.00
837.90, 150.00
838.19, 145.00
838.47, 143.00
838.76, 142.00
839.04, 140.00
839.33, 141.00
839.62, 142.00
839.90, 144.00
840.19, 144.00
840.47, 146.00
840.76, 169.00
841.04, 143.00
841.33, 149.00
841.62, 145.00
841.90, 145.00
842.19, 143.00
842.47, 167.00
842.76, 143.00
843.04, 152.00
843.33, 169.00
843.61, 173.00
843.90, 167.00
844.18, 171.00
844.47, 164.00
844.75, 162.00
845.04, 158.00
845.32, 156.00
845.61, 156.00
845.89, 155.00
846.18, 152.00
846.46, 149.00
846.75, 143.00
847.03, 161.00
847.32, 145.00
847.60, 148.00
847.88, 145.00
848.17, 149.00
848.45, 163.00
848.74, 148.00
849.02, 143.00
849.31, 144.00
849.59, 145.00
849.87, 143.00
850.16, 144.00
850.44, 147.00
850.73, 173.00
851.01, 149.00
851.29, 142.00
851.58, 148.00
851.86, 141.00
852.14, 139.00
852.43, 146.00
852.71, 143.00
853.00, 145.00
853.28, 146.00
853.56, 145.00
853.85, 144.00
854.13, 145.00
854.41, 145.00
854.69, 145.00
854.98, 145.00
855.26, 198.00
855.54, 141.00
855.83, 145.00
856.11, 149.00
856.39, 142.00
856.68, 146.00
856.96, 143.00
857.24, 145.00
857.52, 147.00
857.81, 146.00
858.09, 139.00
858.37, 146.00
858.65, 143.00
858.94, 145.00
859.22, 140.00
