190.05, 0.00
190.41, 131.00
190.77, 135.00
191.14, 136.00
191.50, 134.00
191.86, 158.00
192.22, 147.00
192.58, 151.00
192.94, 141.00
193.31, 143.00
193.67, 143.00
194.03, 151.00
194.39, 140.00
194.75, 142.00
195.11, 150.00
195.47, 165.00
195.84, 142.00
196.20, 143.00
196.56, 157.00
196.92, 144.00
197.28, 144.00
197.64, 141.00
198.00, 141.00
198.37, 148.00
198.73, 139.00
199.09, 140.00
199.45, 138.00
199.81, 148.00
200.17, 152.00
200.53, 139.00
200.89, 155.00
201.25, 178.00
201.62, 143.00
201.98, 142.00
202.34, 144.00
202.70, 155.00
203.06, 150.00
203.42, 145.00
203.78, 142.00
204.14, 143.00
204.50, 173.00
204.86, 157.00
205.22, 153.00
205.58, 145.00
205.95, 143.00
206.31, 144.00
206.67, 145.00
207.03, 146.00
207.39, 153.00
207.75, 136.00
208.11, 141.00
208.47, 142.00
208.83, 147.00
209.19, 139.00
209.55, 142.00
209.91, 147.00
210.27, 144.00
210.63, 145.00
210.99, 147.00
211.35, 139.00
211.71, 146.00
212.07, 143.00
212.43, 151.00
212.79, 142.00
213.15, 142.00
213.51, 144.00
213.87, 145.00
214.23, 143.00
214.59, 141.00
214.95, 144.00
215.31, 142.00
215.67, 146.00
216.03, 175.00
216.39, 145.00
216.75, 146.00
217.11, 149.00
217.47, 144.00
217.83, 143.00
218.19, 148.00
218.55, 152.00
218.91, 150.00
219.27, 143.00
219.63, 143.00
219.99, 143.00
220.35, 140.00
220.71, 157.00
221.07, 143.00
221.43, 146.00
221.79, 139.00
222.15, 143.00
222.51, 144.00
222.87, 142.00
223.23, 143.00
223.59, 142.00
223.95, 142.00
224.31, 141.00
224.67, 147.00
225.03, 148.00
225.39, 150.00
225.74, 147.00
226.10, 140.00
226.46, 138.00
226.82, 150.00
227.18, 146.00
227.54, 147.00
227.90, 146.00
228.26, 146.00
228.62, 148.00
228.98, 142.00
229.34, 145.00
229.69, 144.00
230.05, 146.00
230.41, 143.00
230.77, 151.00
231.13, 152.00
231.49, 147.00
231.85, 141.00
232.21, 151.00
232.57, 147.00
232.92, 144.00
233.28, 142.00
233.64, 148.00
234.00, 139.00
234.36, 140.00
234.72, 140.00
235.08, 146.00
235.44, 144.00
235.79, 145.00
236.15, 145.00
236.51, 143.00
236.87, 139.00
237.23, 146.00
237.59, 142.00
237.94, 153.00
238.30, 148.00
238.66, 142.00
239.02, 145.00
239.38, 141.00
239.74, 140.00
240.09, 156.00
240.45, 144.00
240.81, 144.00
241.17, 145.00
241.53, 143.00
241.89, 141.00
242.24, 145.00
242.60, 145.00
242.96, 143.00
243.32, 148.00
243.68, 138.00
244.03, 145.00
244.39, 152.00
244.75, 156.00
245.11, 146.00
245.46, 150.00
245.82, 168.00
246.18, 143.00
246.54, 147.00
246.90, 140.00
247.25, 138.00
247.61, 141.00
247.97, 190.00
248.33, 146.00
248.68, 141.00
249.04, 143.00
249.40, 143.00
249.76, 142.00
250.11, 141.00
250.47, 144.00
250.83, 146.00
251.19, 144.00
251.54, 152.00
251.90, 149.00
252.26, 146.00
252.62, 144.00
252.97, 145.00
253.33, 143.00
253.69, 142.00
254.05, 148.00
254.40, 140.00
254.76, 143.00
255.12, 170.00
255.47, 150.00
255.83, 142.00
256.19, 143.00
256.54, 147.00
256.90, 141.00
257.26, 139.00
257.62, 143.00
257.97, 149.00
258.33, 150.00
258.69, 143.00
259.04, 146.00
259.40, 137.00
259.76, 142.00
260.11, 141.00
260.47, 146.00
260.83, 145.00
261.18, 138.00
261.54, 149.00
261.90, 148.00
262.25, 140.00
262.61, 144.00
262.97, 145.00
263.32, 140.00
263.68, 141.00
264.04, 150.00
264.39, 143.00
264.75, 143.00
265.10, 142.00
265.46, 191.00
265.82, 159.00
266.17, 140.00
266.53, 142.00
266.89, 151.00
267.24, 152.00
267.60, 144.00
267.95, 146.00
268.31, 140.00
268.67, 146.00
269.02, 143.00
269.38, 141.00
269.74, 151.00
270.09, 141.00
270.45, 143.00
270.80, 162.00
271.16, 145.00
271.51, 141.00
271.87, 150.00
272.23, 145.00
272.58, 152.00
272.94, 142.00
273.29, 143.00
273.65, 187.00
274.00, 146.00
274.36, 148.00
274.72, 140.00
275.07, 142.00
275.43, 145.00
275.78, 150.00
276.14, 145.00
276.49, 149.00
276.85, 156.00
277.20, 169.00
277.56, 149.00
277.92, 141.00
278.27, 143.00
278.63, 154.00
278.98, 146.00
279.34, 155.00
279.69, 149.00
280.05, 168.00
280.40, 154.00
280.76, 162.00
281.11, 153.00
281.47, 147.00
281.82, 147.00
282.18, 149.00
282.53, 155.00
282.89, 162.00
283.24, 162.00
283.60, 156.00
283.95, 166.00
284.31, 160.00
284.66, 168.00
285.02, 168.00
285.37, 167.00
285.73, 168.00
286.08, 174.00
286.44, 155.00
286.79, 157.00
287.14, 159.00
287.50, 155.00
287.85, 150.00
288.21, 154.00
288.56, 148.00
288.92, 155.00
289.27, 158.00
289.63, 161.00
289.98, 163.00
290.34, 152.00
290.69, 169.00
291.04, 149.00
291.40, 150.00
291.75, 148.00
292.11, 163.00
292.46, 151.00
292.81, 160.00
293.17, 158.00
293.52, 159.00
293.88, 164.00
294.23, 164.00
294.59, 176.00
294.94, 183.00
295.29, 196.00
295.65, 204.00
296.00, 218.00
296.36, 189.00
296.71, 193.00
297.06, 189.00
297.42, 202.00
297.77, 201.00
298.12, 195.00
298.48, 182.00
298.83, 182.00
299.19, 176.00
299.54, 181.00
299.89, 179.00
300.25, 183.00
300.60, 189.00
300.95, 176.00
301.31, 164.00
301.66, 161.00
302.01, 163.00
302.37, 162.00
302.72, 158.00
303.07, 165.00
303.43, 174.00
303.78, 174.00
304.13, 178.00
304.49, 180.00
304.84, 186.00
305.19, 209.00
305.55, 175.00
305.90, 189.00
306.25, 215.00
306.61, 273.00
306.96, 325.00
307.31, 408.00
307.66, 560.00
308.02, 721.00
308.37, 844.00
308.72, 962.00
309.08, 955.00
309.43, 895.00
309.78, 790.00
310.13, 689.00
310.49, 594.00
310.84, 478.00
311.19, 442.00
311.54, 383.00
311.90, 337.00
312.25, 325.00
312.60, 339.00
312.95, 402.00
313.31, 441.00
313.66, 431.00
314.01, 451.00
314.36, 450.00
314.72, 508.00
315.07, 643.00
315.42, 809.00
315.77, 849.00
316.13, 694.00
316.48, 474.00
316.83, 332.00
317.18, 251.00
317.54, 199.00
317.89, 182.00
318.24, 183.00
318.59, 176.00
318.94, 172.00
319.30, 177.00
319.65, 184.00
320.00, 179.00
320.35, 178.00
320.70, 181.00
321.05, 179.00
321.41, 180.00
321.76, 181.00
322.11, 174.00
322.46, 170.00
322.81, 208.00
323.17, 168.00
323.52, 168.00
323.87, 172.00
324.22, 165.00
324.57, 170.00
324.92, 174.00
325.27, 180.00
325.63, 191.00
325.98, 188.00
326.33, 213.00
326.68, 199.00
327.03, 195.00
327.38, 201.00
327.73, 209.00
328.09, 230.00
328.44, 252.00
328.79, 221.00
329.14, 250.00
329.49, 210.00
329.84, 206.00
330.19, 214.00
330.54, 202.00
330.89, 203.00
331.25, 186.00
331.60, 194.00
331.95, 182.00
332.30, 191.00
332.65, 196.00
333.00, 208.00
333.35, 273.00
333.70, 271.00
334.05, 253.00
334.40, 270.00
334.75, 303.00
335.10, 400.00
335.45, 590.00
335.81, 843.00
336.16, 1262.00
336.51, 1748.00
336.86, 1822.00
337.21, 1605.00
337.56, 979.00
337.91, 589.00
338.26, 372.00
338.61, 261.00
338.96, 219.00
339.31, 199.00
339.66, 195.00
340.01, 196.00
340.36, 182.00
340.71, 179.00
341.06, 174.00
341.41, 178.00
341.76, 178.00
342.11, 176.00
342.46, 171.00
342.81, 181.00
343.16, 176.00
343.51, 175.00
343.86, 186.00
344.21, 174.00
344.56, 174.00
344.91, 177.00
345.26, 182.00
345.61, 177.00
345.96, 169.00
346.31, 168.00
346.66, 200.00
347.01, 169.00
347.36, 196.00
347.71, 167.00
348.06, 175.00
348.41, 197.00
348.76, 207.00
349.10, 201.00
349.45, 231.00
349.80, 221.00
350.15, 228.00
350.50, 211.00
350.85, 221.00
351.20, 219.00
351.55, 270.00
351.90, 316.00
352.25, 381.00
352.60, 489.00
352.95, 638.00
353.30, 694.00
353.64, 608.00
353.99, 483.00
354.34, 404.00
354.69, 367.00
355.04, 385.00
355.39, 458.00
355.74, 580.00
356.09, 768.00
356.44, 954.00
356.78, 1282.00
357.13, 1468.00
357.48, 1401.00
357.83, 1085.00
358.18, 697.00
358.53, 458.00
358.88, 298.00
359.22, 244.00
359.57, 191.00
359.92, 185.00
360.27, 187.00
360.62, 186.00
360.97, 180.00
361.32, 181.00
361.66, 186.00
362.01, 186.00
362.36, 188.00
362.71, 194.00
363.06, 196.00
363.40, 196.00
363.75, 199.00
364.10, 204.00
364.45, 197.00
364.80, 189.00
365.14, 184.00
365.49, 185.00
365.84, 197.00
366.19, 207.00
366.54, 214.00
366.88, 239.00
367.23, 206.00
367.58, 248.00
367.93, 190.00
368.28, 188.00
368.62, 191.00
368.97, 206.00
369.32, 230.00
369.67, 234.00
370.01, 284.00
370.36, 305.00
370.71, 327.00
371.06, 275.00
371.40, 252.00
371.75, 210.00
372.10, 206.00
372.45, 199.00
372.79, 216.00
373.14, 239.00
373.49, 272.00
373.83, 329.00
374.18, 401.00
374.53, 509.00
374.88, 571.00
375.22, 589.00
375.57, 462.00
375.92, 351.00
376.26, 283.00
376.61, 238.00
376.96, 199.00
377.30, 218.00
377.65, 233.00
378.00, 254.00
378.35, 298.00
378.69, 382.00
379.04, 476.00
379.39, 629.00
379.73, 755.00
380.08, 752.00
380.43, 573.00
380.77, 424.00
381.12, 351.00
381.47, 275.00
381.81, 226.00
382.16, 208.00
382.50, 198.00
382.85, 272.00
383.20, 195.00
383.54, 204.00
383.89, 211.00
384.24, 216.00
384.58, 233.00
384.93, 262.00
385.27, 252.00
385.62, 251.00
385.97, 246.00
386.31, 237.00
386.66, 270.00
387.00, 252.00
387.35, 259.00
387.70, 285.00
388.04, 382.00
388.39, 386.00
388.73, 488.00
389.08, 578.00
389.43, 723.00
389.77, 864.00
390.12, 1051.00
390.46, 1450.00
390.81, 1611.00
391.15, 1537.00
391.50, 1184.00
391.85, 765.00
392.19, 516.00
392.54, 345.00
392.88, 290.00
393.23, 295.00
393.57, 303.00
393.92, 290.00
394.26, 248.00
394.61, 228.00
394.95, 212.00
395.30, 190.00
395.64, 188.00
395.99, 223.00
396.33, 189.00
396.68, 198.00
397.02, 205.00
397.37, 226.00
397.71, 249.00
398.06, 277.00
398.40, 305.00
398.75, 354.00
399.09, 381.00
399.44, 394.00
399.78, 330.00
400.13, 274.00
400.47, 222.00
400.82, 197.00
401.16, 180.00
401.51, 193.00
401.85, 186.00
402.20, 184.00
402.54, 189.00
402.88, 206.00
403.23, 203.00
403.57, 214.00
403.92, 247.00
404.26, 329.00
404.61, 304.00
404.95, 402.00
405.30, 363.00
405.64, 340.00
405.98, 318.00
406.33, 258.00
406.67, 215.00
407.02, 201.00
407.36, 205.00
407.70, 210.00
408.05, 208.00
408.39, 213.00
408.74, 224.00
409.08, 233.00
409.42, 223.00
409.77, 219.00
410.11, 217.00
410.46, 207.00
410.80, 210.00
411.14, 214.00
411.49, 226.00
411.83, 236.00
412.17, 238.00
412.52, 234.00
412.86, 252.00
413.20, 251.00
413.55, 255.00
413.89, 239.00
414.23, 235.00
414.58, 252.00
414.92, 202.00
415.26, 197.00
415.61, 201.00
415.95, 203.00
416.29, 202.00
416.64, 205.00
416.98, 215.00
417.32, 213.00
417.67, 246.00
418.01, 253.00
418.35, 262.00
418.70, 293.00
419.04, 351.00
419.38, 326.00
419.72, 318.00
420.07, 284.00
420.41, 238.00
420.75, 215.00
421.10, 204.00
421.44, 200.00
421.78, 208.00
422.12, 198.00
422.47, 211.00
422.81, 225.00
423.15, 239.00
423.49, 231.00
423.84, 226.00
424.18, 241.00
424.52, 260.00
424.86, 302.00
425.21, 371.00
425.55, 395.00
425.89, 483.00
426.23, 549.00
426.57, 661.00
426.92, 716.00
427.26, 748.00
427.60, 618.00
427.94, 453.00
428.28, 343.00
428.63, 269.00
428.97, 223.00
429.31, 200.00
429.65, 190.00
429.99, 197.00
430.34, 190.00
430.68, 193.00
431.02, 200.00
431.36, 186.00
431.70, 189.00
432.04, 198.00
432.39, 201.00
432.73, 220.00
433.07, 220.00
433.41, 236.00
433.75, 242.00
434.09, 242.00
434.43, 219.00
434.78, 212.00
435.12, 210.00
435.46, 212.00
435.80, 223.00
436.14, 223.00
436.48, 215.00
436.82, 227.00
437.16, 218.00
437.51, 214.00
437.85, 211.00
438.19, 250.00
438.53, 207.00
438.87, 219.00
439.21, 218.00
439.55, 218.00
439.89, 226.00
440.23, 234.00
440.57, 243.00
440.91, 236.00
441.26, 239.00
441.60, 222.00
441.94, 214.00
442.28, 212.00
442.62, 207.00
442.96, 204.00
443.30, 203.00
443.64, 193.00
443.98, 200.00
444.32, 207.00
444.66, 192.00
445.00, 201.00
445.34, 206.00
445.68, 199.00
446.02, 207.00
446.36, 196.00
446.70, 201.00
447.04, 208.00
447.38, 233.00
447.72, 215.00
448.06, 226.00
448.40, 221.00
448.74, 204.00
449.08, 207.00
449.42, 205.00
449.76, 206.00
450.10, 194.00
450.44, 191.00
450.78, 193.00
451.12, 200.00
451.46, 208.00
451.80, 198.00
452.14, 193.00
452.48, 186.00
452.82, 195.00
453.16, 185.00
453.50, 193.00
453.84, 189.00
454.18, 238.00
454.52, 208.00
454.86, 200.00
455.19, 220.00
455.53, 211.00
455.87, 209.00
456.21, 225.00
456.55, 214.00
456.89, 218.00
457.23, 220.00
457.57, 213.00
457.91, 222.00
458.25, 217.00
458.59, 230.00
458.92, 235.00
459.26, 239.00
459.60, 242.00
459.94, 223.00
460.28, 210.00
460.62, 212.00
460.96, 193.00
461.30, 193.00
461.63, 186.00
461.97, 198.00
462.31, 198.00
462.65, 205.00
462.99, 208.00
463.33, 207.00
463.67, 213.00
464.00, 212.00
464.34, 216.00
464.68, 217.00
465.02, 232.00
465.36, 222.00
465.70, 218.00
466.03, 221.00
466.37, 207.00
466.71, 220.00
467.05, 221.00
467.39, 237.00
467.72, 248.00
468.06, 255.00
468.40, 267.00
468.74, 283.00
469.08, 285.00
469.41, 320.00
469.75, 334.00
470.09, 351.00
470.43, 348.00
470.76, 306.00
471.10, 290.00
471.44, 278.00
471.78, 264.00
472.11, 248.00
472.45, 242.00
472.79, 230.00
473.13, 234.00
473.46, 242.00
473.80, 229.00
474.14, 227.00
474.48, 224.00
474.81, 218.00
475.15, 217.00
475.49, 228.00
475.82, 223.00
476.16, 210.00
476.50, 211.00
476.84, 220.00
477.17, 214.00
477.51, 209.00
477.85, 212.00
478.18, 221.00
478.52, 212.00
478.86, 270.00
479.19, 226.00
479.53, 213.00
479.87, 262.00
480.20, 229.00
480.54, 226.00
480.88, 222.00
481.21, 215.00
481.55, 217.00
481.89, 217.00
482.22, 216.00
482.56, 222.00
482.90, 217.00
483.23, 216.00
483.57, 219.00
483.90, 213.00
484.24, 220.00
484.58, 219.00
484.91, 216.00
485.25, 226.00
485.58, 217.00
485.92, 224.00
486.26, 223.00
486.59, 227.00
486.93, 223.00
487.26, 225.00
487.60, 217.00
487.94, 220.00
488.27, 222.00
488.61, 224.00
488.94, 225.00
489.28, 222.00
489.61, 227.00
489.95, 221.00
490.29, 233.00
490.62, 239.00
490.96, 231.00
491.29, 240.00
491.63, 224.00
491.96, 226.00
492.30, 223.00
492.63, 221.00
492.97, 221.00
493.30, 216.00
493.64, 222.00
493.97, 217.00
494.31, 229.00
494.64, 237.00
494.98, 230.00
495.31, 230.00
495.65, 219.00
495.98, 237.00
496.32, 222.00
496.65, 258.00
496.99, 222.00
497.32, 213.00
497.66, 216.00
497.99, 216.00
498.33, 207.00
498.66, 209.00
499.00, 213.00
499.33, 205.00
499.67, 219.00
500.00, 219.00
500.34, 222.00
500.67, 228.00
501.00, 230.00
501.34, 218.00
501.67, 220.00
502.01, 225.00
502.34, 226.00
502.68, 233.00
503.01, 237.00
503.34, 242.00
503.68, 233.00
504.01, 238.00
504.35, 239.00
504.68, 248.00
505.01, 246.00
505.35, 244.00
505.68, 243.00
506.02, 242.00
506.35, 247.00
506.68, 257.00
507.02, 253.00
507.35, 240.00
507.68, 240.00
508.02, 249.00
508.35, 249.00
508.69, 231.00
509.02, 234.00
509.35, 234.00
509.69, 231.00
510.02, 237.00
510.35, 229.00
510.69, 225.00
511.02, 225.00
511.35, 224.00
511.69, 227.00
512.02, 220.00
512.35, 225.00
512.68, 222.00
513.02, 223.00
513.35, 223.00
513.68, 222.00
514.02, 228.00
514.35, 213.00
514.68, 227.00
515.01, 221.00
515.35, 215.00
515.68, 211.00
516.01, 217.00
516.35, 219.00
516.68, 214.00
517.01, 213.00
517.34, 217.00
517.68, 208.00
518.01, 224.00
518.34, 216.00
518.67, 215.00
519.01, 214.00
519.34, 225.00
519.67, 230.00
520.00, 221.00
520.33, 222.00
520.67, 226.00
521.00, 226.00
521.33, 232.00
521.66, 236.00
522.00, 235.00
522.33, 228.00
522.66, 227.00
522.99, 218.00
523.32, 234.00
523.65, 218.00
523.99, 227.00
524.32, 226.00
524.65, 221.00
524.98, 228.00
525.31, 220.00
525.65, 251.00
525.98, 219.00
526.31, 223.00
526.64, 224.00
526.97, 219.00
527.30, 221.00
527.63, 212.00
527.97, 215.00
528.30, 212.00
528.63, 217.00
528.96, 244.00
529.29, 211.00
529.62, 213.00
529.95, 211.00
530.28, 204.00
530.61, 203.00
530.95, 207.00
531.28, 202.00
531.61, 216.00
531.94, 225.00
532.27, 222.00
532.60, 218.00
532.93, 225.00
533.26, 212.00
533.59, 205.00
533.92, 213.00
534.25, 209.00
534.58, 239.00
534.91, 212.00
535.25, 202.00
535.58, 199.00
535.91, 198.00
536.24, 203.00
536.57, 215.00
536.90, 196.00
537.23, 208.00
537.56, 245.00
537.89, 202.00
538.22, 194.00
538.55, 204.00
538.88, 205.00
539.21, 319.00
539.54, 202.00
539.87, 203.00
540.20, 203.00
540.53, 208.00
540.86, 226.00
541.19, 203.00
541.52, 202.00
541.85, 209.00
542.18, 219.00
542.51, 220.00
542.84, 226.00
543.17, 218.00
543.50, 217.00
543.82, 209.00
544.15, 216.00
544.48, 212.00
544.81, 209.00
545.14, 244.00
545.47, 206.00
545.80, 243.00
546.13, 209.00
546.46, 248.00
546.79, 229.00
547.12, 208.00
547.45, 206.00
547.78, 205.00
548.10, 201.00
548.43, 207.00
548.76, 201.00
549.09, 201.00
549.42, 200.00
549.75, 203.00
550.08, 205.00
550.41, 207.00
550.74, 218.00
551.06, 205.00
551.39, 218.00
551.72, 208.00
552.05, 199.00
552.38, 198.00
552.71, 204.00
553.03, 210.00
553.36, 210.00
553.69, 215.00
554.02, 207.00
554.35, 214.00
554.68, 209.00
555.00, 211.00
555.33, 209.00
555.66, 205.00
555.99, 220.00
556.32, 222.00
556.64, 218.00
556.97, 233.00
557.30, 230.00
557.63, 228.00
557.96, 228.00
558.28, 230.00
558.61, 230.00
558.94, 231.00
559.27, 231.00
559.59, 225.00
559.92, 215.00
560.25, 218.00
560.58, 219.00
560.90, 229.00
561.23, 225.00
561.56, 220.00
561.89, 214.00
562.21, 209.00
562.54, 207.00
562.87, 202.00
563.20, 209.00
563.52, 203.00
563.85, 198.00
564.18, 217.00
564.50, 204.00
564.83, 232.00
565.16, 249.00
565.48, 190.00
565.81, 196.00
566.14, 186.00
566.47, 189.00
566.79, 199.00
567.12, 181.00
567.45, 223.00
567.77, 190.00
568.10, 197.00
568.43, 198.00
568.75, 192.00
569.08, 199.00
569.40, 226.00
569.73, 195.00
570.06, 185.00
570.38, 190.00
570.71, 191.00
571.04, 190.00
571.36, 194.00
571.69, 199.00
572.01, 189.00
572.34, 187.00
572.67, 192.00
572.99, 191.00
573.32, 212.00
573.64, 191.00
573.97, 189.00
574.30, 195.00
574.62, 194.00
574.95, 193.00
575.27, 199.00
575.60, 188.00
575.92, 186.00
576.25, 184.00
576.58, 198.00
576.90, 195.00
577.23, 230.00
577.55, 190.00
577.88, 188.00
578.20, 188.00
578.53, 192.00
578.85, 199.00
579.18, 196.00
579.50, 194.00
579.83, 189.00
580.15, 188.00
580.48, 193.00
580.80, 196.00
581.13, 192.00
581.45, 194.00
581.78, 192.00
582.10, 191.00
582.43, 199.00
582.75, 188.00
583.08, 189.00
583.40, 196.00
583.73, 268.00
584.05, 193.00
584.38, 187.00
584.70, 239.00
585.03, 191.00
585.35, 194.00
585.67, 201.00
586.00, 215.00
586.32, 237.00
586.65, 242.00
586.97, 239.00
587.30, 228.00
587.62, 218.00
587.94, 224.00
588.27, 207.00
588.59, 207.00
588.92, 201.00
589.24, 205.00
589.56, 206.00
589.89, 210.00
590.21, 196.00
590.54, 195.00
590.86, 194.00
591.18, 196.00
591.51, 198.00
591.83, 213.00
592.15, 198.00
592.48, 200.00
592.80, 210.00
593.13, 202.00
593.45, 214.00
593.77, 216.00
594.10, 221.00
594.42, 223.00
594.74, 223.00
595.07, 226.00
595.39, 224.00
595.71, 231.00
596.03, 235.00
596.36, 231.00
596.68, 235.00
597.00, 229.00
597.33, 232.00
597.65, 244.00
597.97, 239.00
598.30, 233.00
598.62, 243.00
598.94, 233.00
599.26, 239.00
599.59, 238.00
599.91, 239.00
600.23, 228.00
600.55, 222.00
600.88, 224.00
601.20, 215.00
601.52, 209.00
601.84, 208.00
602.17, 211.00
602.49, 197.00
602.81, 195.00
603.13, 204.00
603.45, 200.00
603.78, 196.00
604.10, 191.00
604.42, 187.00
604.74, 189.00
605.07, 187.00
605.39, 194.00
605.71, 192.00
606.03, 193.00
606.35, 185.00
606.67, 197.00
607.00, 196.00
607.32, 187.00
607.64, 191.00
607.96, 172.00
608.28, 184.00
608.60, 174.00
608.93, 187.00
609.25, 184.00
609.57, 183.00
609.89, 191.00
610.21, 180.00
610.53, 177.00
610.85, 181.00
611.17, 182.00
611.50, 177.00
611.82, 179.00
612.14, 177.00
612.46, 175.00
612.78, 172.00
613.10, 184.00
613.42, 176.00
613.74, 189.00
614.06, 230.00
614.38, 210.00
614.70, 216.00
615.03, 222.00
615.35, 215.00
615.67, 306.00
615.99, 189.00
616.31, 193.00
616.63, 190.00
616.95, 190.00
617.27, 179.00
617.59, 179.00
617.91, 181.00
618.23, 189.00
618.55, 174.00
618.87, 175.00
619.19, 168.00
619.51, 178.00
619.83, 175.00
620.15, 174.00
620.47, 177.00
620.79, 172.00
621.11, 182.00
621.43, 181.00
621.75, 187.00
622.07, 175.00
622.39, 176.00
622.71, 174.00
623.03, 172.00
623.35, 214.00
623.67, 178.00
623.99, 172.00
624.31, 171.00
624.63, 173.00
624.95, 173.00
625.26, 175.00
625.58, 173.00
625.90, 199.00
626.22, 172.00
626.54, 177.00
626.86, 188.00
627.18, 173.00
627.50, 184.00
627.82, 173.00
628.14, 179.00
628.46, 183.00
628.77, 187.00
629.09, 185.00
629.41, 183.00
629.73, 181.00
630.05, 192.00
630.37, 183.00
630.69, 200.00
631.00, 203.00
631.32, 197.00
631.64, 192.00
631.96, 191.00
632.28, 188.00
632.60, 194.00
632.92, 189.00
633.23, 198.00
633.55, 205.00
633.87, 199.00
634.19, 204.00
634.51, 207.00
634.82, 216.00
635.14, 219.00
635.46, 221.00
635.78, 208.00
636.10, 216.00
636.41, 215.00
636.73, 212.00
637.05, 215.00
637.37, 209.00
637.68, 210.00
638.00, 205.00
638.32, 219.00
638.64, 230.00
638.95, 241.00
639.27, 235.00
639.59, 231.00
639.91, 218.00
640.22, 214.00
640.54, 219.00
640.86, 215.00
641.18, 212.00
641.49, 227.00
641.81, 212.00
642.13, 211.00
642.44, 204.00
642.76, 203.00
643.08, 204.00
643.40, 202.00
643.71, 214.00
644.03, 213.00
644.35, 217.00
644.66, 220.00
644.98, 213.00
645.30, 207.00
645.61, 223.00
645.93, 198.00
646.25, 201.00
646.56, 205.00
646.88, 221.00
647.19, 189.00
647.51, 193.00
647.83, 183.00
648.14, 181.00
648.46, 186.00
648.78, 194.00
649.09, 190.00
649.41, 244.00
649.72, 200.00
650.04, 209.00
650.36, 207.00
650.67, 209.00
650.99, 212.00
651.30, 215.00
651.62, 214.00
651.93, 222.00
652.25, 229.00
652.57, 254.00
652.88, 212.00
653.20, 218.00
653.51, 214.00
653.83, 210.00
654.14, 196.00
654.46, 208.00
654.77, 204.00
655.09, 210.00
655.40, 205.00
655.72, 208.00
656.04, 192.00
656.35, 196.00
656.67, 190.00
656.98, 191.00
657.30, 198.00
657.61, 202.00
657.93, 202.00
658.24, 210.00
658.55, 250.00
658.87, 212.00
659.18, 205.00
659.50, 207.00
659.81, 212.00
660.13, 205.00
660.44, 208.00
660.76, 211.00
661.07, 223.00
661.39, 209.00
661.70, 198.00
662.01, 190.00
662.33, 192.00
662.64, 192.00
662.96, 191.00
663.27, 178.00
663.59, 177.00
663.90, 179.00
664.21, 184.00
664.53, 204.00
664.84, 181.00
665.16, 206.00
665.47, 186.00
665.78, 186.00
666.10, 198.00
666.41, 194.00
666.72, 200.00
667.04, 215.00
667.35, 204.00
667.67, 206.00
667.98, 198.00
668.29, 198.00
668.61, 193.00
668.92, 187.00
669.23, 188.00
669.55, 191.00
669.86, 213.00
670.17, 188.00
670.48, 182.00
670.80, 178.00
671.11, 177.00
671.42, 180.00
671.74, 185.00
672.05, 175.00
672.36, 176.00
672.68, 184.00
672.99, 184.00
673.30, 188.00
673.61, 187.00
673.93, 198.00
674.24, 197.00
674.55, 202.00
674.86, 201.00
675.18, 202.00
675.49, 212.00
675.80, 211.00
676.11, 216.00
676.43, 210.00
676.74, 207.00
677.05, 206.00
677.36, 224.00
677.67, 208.00
677.99, 206.00
678.30, 198.00
678.61, 194.00
678.92, 199.00
679.23, 189.00
679.55, 187.00
679.86, 175.00
680.17, 185.00
680.48, 184.00
680.79, 182.00
681.10, 171.00
681.42, 174.00
681.73, 168.00
682.04, 170.00
682.35, 168.00
682.66, 181.00
682.97, 168.00
683.28, 176.00
683.60, 180.00
683.91, 180.00
684.22, 192.00
684.53, 179.00
684.84, 175.00
685.15, 177.00
685.46, 196.00
685.77, 169.00
686.08, 167.00
686.40, 209.00
686.71, 172.00
687.02, 168.00
687.33, 169.00
687.64, 163.00
687.95, 165.00
688.26, 161.00
688.57, 161.00
688.88, 163.00
689.19, 157.00
689.50, 153.00
689.81, 163.00
690.12, 154.00
690.43, 171.00
690.74, 159.00
691.05, 162.00
691.36, 170.00
691.67, 160.00
691.98, 158.00
692.29, 156.00
692.60, 158.00
692.91, 157.00
693.22, 162.00
693.53, 159.00
693.84, 166.00
694.15, 158.00
694.46, 158.00
694.77, 156.00
695.08, 158.00
695.39, 172.00
695.70, 157.00
696.01, 164.00
696.32, 154.00
696.63, 159.00
696.94, 159.00
697.25, 162.00
697.56, 170.00
697.87, 167.00
698.17, 202.00
698.48, 166.00
698.79, 157.00
699.10, 152.00
699.41, 163.00
699.72, 159.00
700.03, 158.00
700.34, 155.00
700.65, 158.00
700.95, 156.00
701.26, 156.00
701.57, 155.00
701.88, 157.00
702.19, 168.00
702.50, 167.00
702.81, 157.00
703.11, 181.00
703.42, 160.00
703.73, 162.00
704.04, 167.00
704.35, 167.00
704.66, 198.00
704.96, 263.00
705.27, 319.00
705.58, 342.00
705.89, 314.00
706.20, 262.00
706.50, 243.00
706.81, 235.00
707.12, 205.00
707.43, 193.00
707.73, 177.00
708.04, 164.00
708.35, 165.00
708.66, 157.00
708.97, 154.00
709.27, 161.00
709.58, 157.00
709.89, 154.00
710.19, 159.00
710.50, 160.00
710.81, 157.00
711.12, 158.00
711.42, 165.00
711.73, 162.00
712.04, 156.00
712.35, 157.00
712.65, 158.00
712.96, 158.00
713.27, 165.00
713.57, 183.00
713.88, 179.00
714.19, 156.00
714.49, 164.00
714.80, 163.00
715.11, 160.00
715.41, 160.00
715.72, 162.00
716.03, 156.00
716.33, 164.00
716.64, 154.00
716.94, 159.00
717.25, 152.00
717.56, 167.00
717.86, 160.00
718.17, 159.00
718.48, 158.00
718.78, 154.00
719.09, 158.00
719.39, 154.00
719.70, 157.00
720.01, 156.00
720.31, 151.00
720.62, 156.00
720.92, 156.00
721.23, 161.00
721.53, 158.00
721.84, 162.00
722.15, 161.00
722.45, 156.00
722.76, 157.00
723.06, 161.00
723.37, 159.00
723.67, 152.00
723.98, 163.00
724.28, 159.00
724.59, 166.00
724.89, 161.00
725.20, 159.00
725.50, 166.00
725.81, 161.00
726.11, 160.00
726.42, 158.00
726.72, 166.00
727.03, 203.00
727.33, 169.00
727.64, 167.00
727.94, 164.00
728.25, 166.00
728.55, 160.00
728.86, 172.00
729.16, 153.00
729.46, 155.00
729.77, 157.00
730.07, 152.00
730.38, 152.00
730.68, 152.00
730.99, 163.00
731.29, 156.00
731.59, 158.00
731.90, 161.00
732.20, 163.00
732.51, 166.00
732.81, 151.00
733.11, 159.00
733.42, 157.00
733.72, 160.00
734.02, 160.00
734.33, 153.00
734.63, 162.00
734.94, 155.00
735.24, 163.00
735.54, 158.00
735.85, 159.00
736.15, 161.00
736.45, 160.00
736.76, 159.00
737.06, 160.00
737.36, 160.00
737.67, 154.00
737.97, 157.00
738.27, 153.00
738.57, 154.00
738.88, 151.00
739.18, 192.00
739.48, 158.00
739.79, 154.00
740.09, 159.00
740.39, 156.00
740.69, 158.00
741.00, 154.00
741.30, 165.00
741.60, 159.00
741.90, 154.00
742.21, 163.00
742.51, 201.00
742.81, 160.00
743.11, 162.00
743.42, 195.00
743.72, 168.00
744.02, 178.00
744.32, 171.00
744.63, 178.00
744.93, 175.00
745.23, 180.00
745.53, 181.00
745.83, 176.00
746.13, 181.00
746.44, 173.00
746.74, 183.00
747.04, 178.00
747.34, 177.00
747.64, 178.00
747.94, 177.00
748.25, 180.00
748.55, 187.00
748.85, 183.00
749.15, 191.00
749.45, 214.00
749.75, 196.00
750.05, 177.00
750.35, 172.00
750.66, 185.00
750.96, 163.00
751.26, 156.00
751.56, 157.00
751.86, 163.00
752.16, 161.00
752.46, 152.00
752.76, 151.00
753.06, 153.00
753.36, 195.00
753.66, 153.00
753.96, 156.00
754.27, 152.00
754.57, 150.00
754.87, 154.00
755.17, 163.00
755.47, 157.00
755.77, 158.00
756.07, 160.00
756.37, 167.00
756.67, 173.00
756.97, 169.00
757.27, 171.00
757.57, 170.00
757.87, 172.00
758.17, 167.00
758.47, 170.00
758.77, 170.00
759.07, 167.00
759.37, 170.00
759.67, 167.00
759.97, 167.00
760.27, 167.00
760.57, 158.00
760.86, 167.00
761.16, 165.00
761.46, 161.00
761.76, 194.00
762.06, 156.00
762.36, 161.00
762.66, 158.00
762.96, 155.00
763.26, 156.00
763.56, 181.00
763.86, 163.00
764.16, 152.00
764.45, 169.00
764.75, 154.00
765.05, 152.00
765.35, 150.00
765.65, 154.00
765.95, 155.00
766.25, 160.00
766.55, 163.00
766.84, 157.00
767.14, 156.00
767.44, 154.00
767.74, 157.00
768.04, 162.00
768.34, 163.00
768.63, 164.00
768.93, 162.00
769.23, 169.00
769.53, 164.00
769.83, 165.00
770.12, 165.00
770.42, 167.00
770.72, 162.00
771.02, 165.00
771.32, 164.00
771.61, 170.00
771.91, 172.00
772.21, 164.00
772.51, 164.00
772.80, 163.00
773.10, 160.00
773.40, 168.00
773.70, 166.00
773.99, 173.00
774.29, 167.00
774.59, 180.00
774.88, 166.00
775.18, 207.00
775.48, 419.00
775.78, 764.00
776.07, 991.00
776.37, 1054.00
776.67, 826.00
776.96, 564.00
777.26, 485.00
777.56, 379.00
777.85, 344.00
778.15, 305.00
778.45, 279.00
778.74, 243.00
779.04, 211.00
779.34, 182.00
779.63, 173.00
779.93, 155.00
780.22, 153.00
780.52, 151.00
780.82, 147.00
781.11, 150.00
781.41, 146.00
781.71, 146.00
782.00, 147.00
782.30, 144.00
782.59, 157.00
782.89, 146.00
783.19, 144.00
783.48, 147.00
783.78, 150.00
784.07, 162.00
784.37, 151.00
784.66, 153.00
784.96, 148.00
785.25, 146.00
785.55, 149.00
785.84, 150.00
786.14, 151.00
786.44, 144.00
786.73, 151.00
787.03, 151.00
787.32, 152.00
787.62, 148.00
787.91, 148.00
788.21, 152.00
788.50, 149.00
788.80, 147.00
789.09, 148.00
789.39, 150.00
789.68, 150.00
789.97, 153.00
790.27, 148.00
790.56, 154.00
790.86, 157.00
791.15, 150.00
791.45, 145.00
791.74, 169.00
792.04, 150.00
792.33, 143.00
792.62, 174.00
792.92, 147.00
793.21, 145.00
793.51, 147.00
793.80, 152.00
794.09, 150.00
794.39, 142.00
794.68, 149.00
794.98, 148.00
795.27, 146.00
795.56, 141.00
795.86, 149.00
796.15, 146.00
796.44, 146.00
796.74, 149.00
797.03, 139.00
797.32, 144.00
797.62, 148.00
797.91, 156.00
798.20, 145.00
798.50, 157.00
798.79, 160.00
799.08, 150.00
799.38, 147.00
799.67, 147.00
799.96, 157.00
800.26, 178.00
800.55, 151.00
800.84, 152.00
801.13, 150.00
801.43, 146.00
801.72, 184.00
802.01, 147.00
802.30, 142.00
802.60, 146.00
802.89, 146.00
803.18, 143.00
803.47, 151.00
803.77, 151.00
804.06, 155.00
804.35, 157.00
804.64, 165.00
804.94, 147.00
805.23, 149.00
805.52, 147.00
805.81, 147.00
806.10, 150.00
806.39, 145.00
806.69, 145.00
806.98, 146.00
807.27, 144.00
807.56, 149.00
807.85, 147.00
808.14, 145.00
808.44, 156.00
808.73, 146.00
809.02, 164.00
809.31, 151.00
809.60, 157.00
809.89, 154.00
810.18, 146.00
810.48, 156.00
810.77, 151.00
811.06, 145.00
811.35, 146.00
811.64, 149.00
811.93, 167.00
812.22, 146.00
812.51, 141.00
812.80, 139.00
813.09, 147.00
813.38, 149.00
813.67, 167.00
813.96, 148.00
814.26, 143.00
814.55, 141.00
814.84, 141.00
815.13, 152.00
815.42, 146.00
815.71, 150.00
816.00, 143.00
816.29, 150.00
816.58, 147.00
816.87, 143.00
817.16, 138.00
817.45, 153.00
817.74, 151.00
818.03, 143.00
818.32, 141.00
818.61, 147.00
818.90, 145.00
819.19, 147.00
819.48, 144.00
819.76, 144.00
820.05, 148.00
820.34, 145.00
820.63, 148.00
820.92, 141.00
821.21, 141.00
821.50, 140.00
821.79, 141.00
822.08, 145.00
822.37, 149.00
822.66, 143.00
822.95, 146.00
823.23, 143.00
823.52, 163.00
823.81, 148.00
824.10, 141.00
824.39, 139.00
824.68, 142.00
824.97, 156.00
825.26, 149.00
825.54, 192.00
825.83, 144.00
826.12, 142.00
826.41, 141.00
826.70, 143.00
826.99, 149.00
827.27, 143.00
827.56, 165.00
827.85, 143.00
828.14, 144.00
828.43, 150.00
828.71, 144.00
829.00, 145.00
829.29, 143.00
829.58, 150.00
829.86, 139.00
830.15, 148.00
830.44, 154.00
830.73, 149.00
831.01, 145.00
831.30, 144.00
831.59, 146.00
831.88, 147.00
832.16, 145.00
832.45, 149.00
832.74, 147.00
833.03, 144.00
833.31, 148.00
833.60, 140.00
833.89, 140.00
834.17, 149.00
834.46, 142.00
834.75, 151.00
835.03, 144.00
835.32, 140.00
835.61, 145.00
835.89, 158.00
836.18, 144.00
836.47, 141.00
836.75, 141.00
837.04, 149.00
837.33, 145.00
837.61, 146.00
837.90, 146.00
838.19, 141.00
838.47, 143.00
838.76, 146.00
839.04, 144.00
839.33, 140.00
839.62, 144.00
839.90, 142.00
840.19, 141.00
840.47, 140.00
840.76, 174.00
841.04, 147.00
841.33, 148.00
841.62, 144.00
841.90, 146.00
842.19, 145.00
842.47, 303.00
842.76, 148.00
843.04, 151.00
843.33, 181.00
843.61, 167.00
843.90, 168.00
844.18, 167.00
844.47, 175.00
844.75, 161.00
845.04, 159.00
845.32, 157.00
845.61, 154.00
845.89, 153.00
846.18, 151.00
846.46, 151.00
846.75, 146.00
847.03, 161.00
847.32, 145.00
847.60, 150.00
847.88, 149.00
848.17, 150.00
848.45, 165.00
848.74, 151.00
849.02, 142.00
849.31, 143.00
849.59, 152.00
849.87, 145.00
850.16, 142.00
850.44, 149.00
850.73, 171.00
851.01, 148.00
851.29, 145.00
851.58, 152.00
851.86, 145.00
852.14, 143.00
852.43, 144.00
852.71, 144.00
853.00, 145.00
853.28, 149.00
853.56, 149.00
853.85, 139.00
854.13, 142.00
854.41, 140.00
854.69, 148.00
854.98, 143.00
855.26, 204.00
855.54, 142.00
855.83, 142.00
856.11, 146.00
856.39, 144.00
856.68, 138.00
856.96, 143.00
857.24, 146.00
857.52, 147.00
857.81, 144.00
858.09, 144.00
858.37, 140.00
858.65, 140.00
858.94, 142.00
859.22, 147.00
