190.05, 0.00
190.41, 133.00
190.77, 134.00
191.14, 133.00
191.50, 140.00
191.86, 161.00
192.22, 147.00
192.58, 149.00
192.94, 146.00
193.31, 145.00
193.67, 147.00
194.03, 153.00
194.39, 141.00
194.75, 144.00
195.11, 158.00
195.47, 159.00
195.84, 145.00
196.20, 145.00
196.56, 160.00
196.92, 141.00
197.28, 145.00
197.64, 141.00
198.00, 142.00
198.37, 146.00
198.73, 146.00
199.09, 145.00
199.45, 139.00
199.81, 147.00
200.17, 152.00
200.53, 143.00
200.89, 154.00
201.25, 182.00
201.62, 150.00
201.98, 142.00
202.34, 141.00
202.70, 152.00
203.06, 148.00
203.42, 144.00
203.78, 145.00
204.14, 146.00
204.50, 168.00
204.86, 155.00
205.22, 152.00
205.58, 152.00
205.95, 148.00
206.31, 147.00
206.67, 149.00
207.03, 146.00
207.39, 154.00
207.75, 147.00
208.11, 147.00
208.47, 148.00
208.83, 152.00
209.19, 146.00
209.55, 142.00
209.91, 147.00
210.27, 152.00
210.63, 148.00
210.99, 154.00
211.35, 148.00
211.71, 153.00
212.07, 147.00
212.43, 151.00
212.79, 145.00
213.15, 141.00
213.51, 141.00
213.87, 148.00
214.23, 142.00
214.59, 141.00
214.95, 138.00
215.31, 136.00
215.67, 147.00
216.03, 172.00
216.39, 142.00
216.75, 142.00
217.11, 153.00
217.47, 147.00
217.83, 147.00
218.19, 150.00
218.55, 149.00
218.91, 148.00
219.27, 147.00
219.63, 141.00
219.99, 140.00
220.35, 142.00
220.71, 154.00
221.07, 146.00
221.43, 143.00
221.79, 142.00
222.15, 148.00
222.51, 147.00
222.87, 146.00
223.23, 144.00
223.59, 142.00
223.95, 142.00
224.31, 143.00
224.67, 146.00
225.03, 152.00
225.39, 143.00
225.74, 148.00
226.10, 140.00
226.46, 140.00
226.82, 145.00
227.18, 151.00
227.54, 144.00
227.90, 149.00
228.26, 146.00
228.62, 149.00
228.98, 146.00
229.34, 143.00
229.69, 145.00
230.05, 147.00
230.41, 139.00
230.77, 151.00
231.13, 153.00
231.49, 147.00
231.85, 143.00
232.21, 152.00
232.57, 147.00
232.92, 149.00
233.28, 143.00
233.64, 153.00
234.00, 150.00
234.36, 145.00
234.72, 145.00
235.08, 149.00
235.44, 143.00
235.79, 142.00
236.15, 146.00
236.51, 147.00
236.87, 140.00
237.23, 150.00
237.59, 143.00
237.94, 152.00
238.30, 146.00
238.66, 149.00
239.02, 147.00
239.38, 138.00
239.74, 140.00
240.09, 150.00
240.45, 142.00
240.81, 142.00
241.17, 154.00
241.53, 142.00
241.89, 143.00
242.24, 143.00
242.60, 140.00
242.96, 150.00
243.32, 151.00
243.68, 144.00
244.03, 144.00
244.39, 143.00
244.75, 164.00
245.11, 145.00
245.46, 146.00
245.82, 174.00
246.18, 147.00
246.54, 148.00
246.90, 144.00
247.25, 141.00
247.61, 142.00
247.97, 181.00
248.33, 145.00
248.68, 145.00
249.04, 143.00
249.40, 145.00
249.76, 151.00
250.11, 147.00
250.47, 142.00
250.83, 147.00
251.19, 149.00
251.54, 151.00
251.90, 145.00
252.26, 146.00
252.62, 141.00
252.97, 144.00
253.33, 140.00
253.69, 143.00
254.05, 153.00
254.40, 145.00
254.76, 145.00
255.12, 172.00
255.47, 146.00
255.83, 148.00
256.19, 150.00
256.54, 145.00
256.90, 144.00
257.26, 147.00
257.62, 149.00
257.97, 141.00
258.33, 151.00
258.69, 145.00
259.04, 147.00
259.40, 144.00
259.76, 145.00
260.11, 147.00
260.47, 145.00
260.83, 152.00
261.18, 140.00
261.54, 152.00
261.90, 149.00
262.25, 142.00
262.61, 141.00
262.97, 137.00
263.32, 140.00
263.68, 144.00
264.04, 148.00
264.39, 139.00
264.75, 141.00
265.10, 144.00
265.46, 192.00
265.82, 159.00
266.17, 143.00
266.53, 142.00
266.89, 149.00
267.24, 149.00
267.60, 140.00
267.95, 141.00
268.31, 144.00
268.67, 140.00
269.02, 141.00
269.38, 145.00
269.74, 153.00
270.09, 145.00
270.45, 142.00
270.80, 165.00
271.16, 151.00
271.51, 156.00
271.87, 152.00
272.23, 151.00
272.58, 151.00
272.94, 147.00
273.29, 143.00
273.65, 203.00
274.00, 145.00
274.36, 147.00
274.72, 142.00
275.07, 144.00
275.43, 140.00
275.78, 145.00
276.14, 143.00
276.49, 140.00
276.85, 158.00
277.20, 165.00
277.56, 141.00
277.92, 146.00
278.27, 147.00
278.63, 153.00
278.98, 148.00
279.34, 147.00
279.69, 143.00
280.05, 168.00
280.40, 152.00
280.76, 168.00
281.11, 153.00
281.47, 153.00
281.82, 155.00
282.18, 151.00
282.53, 158.00
282.89, 163.00
283.24, 162.00
283.60, 159.00
283.95, 163.00
284.31, 163.00
284.66, 169.00
285.02, 175.00
285.37, 168.00
285.73, 171.00
286.08, 171.00
286.44, 156.00
286.79, 162.00
287.14, 164.00
287.50, 155.00
287.85, 150.00
288.21, 143.00
288.56, 157.00
288.92, 152.00
289.27, 161.00
289.63, 154.00
289.98, 161.00
290.34, 152.00
290.69, 165.00
291.04, 152.00
291.40, 151.00
291.75, 151.00
292.11, 154.00
292.46, 146.00
292.81, 162.00
293.17, 151.00
293.52, 156.00
293.88, 167.00
294.23, 168.00
294.59, 172.00
294.94, 187.00
295.29, 194.00
295.65, 218.00
296.00, 225.00
296.36, 198.00
296.71, 194.00
297.06, 196.00
297.42, 199.00
297.77, 201.00
298.12, 193.00
298.48, 181.00
298.83, 176.00
299.19, 179.00
299.54, 178.00
299.89, 180.00
300.25, 178.00
300.60, 182.00
300.95, 167.00
301.31, 161.00
301.66, 161.00
302.01, 163.00
302.37, 159.00
302.72, 157.00
303.07, 159.00
303.43, 172.00
303.78, 172.00
304.13, 178.00
304.49, 178.00
304.84, 189.00
305.19, 211.00
305.55, 175.00
305.90, 186.00
306.25, 222.00
306.61, 285.00
306.96, 340.00
307.31, 411.00
307.66, 562.00
308.02, 741.00
308.37, 865.00
308.72, 956.00
309.08, 972.00
309.43, 921.00
309.78, 775.00
310.13, 694.00
310.49, 610.00
310.84, 490.00
311.19, 454.00
311.54, 396.00
311.90, 343.00
312.25, 337.00
312.60, 336.00
312.95, 406.00
313.31, 460.00
313.66, 456.00
314.01, 449.00
314.36, 457.00
314.72, 518.00
315.07, 665.00
315.42, 818.00
315.77, 872.00
316.13, 713.00
316.48, 485.00
316.83, 335.00
317.18, 258.00
317.54, 213.00
317.89, 187.00
318.24, 185.00
318.59, 176.00
318.94, 180.00
319.30, 174.00
319.65, 185.00
320.00, 180.00
320.35, 182.00
320.70, 184.00
321.05, 184.00
321.41, 178.00
321.76, 186.00
322.11, 177.00
322.46, 175.00
322.81, 213.00
323.17, 177.00
323.52, 170.00
323.87, 170.00
324.22, 168.00
324.57, 169.00
324.92, 182.00
325.27, 176.00
325.63, 196.00
325.98, 192.00
326.33, 204.00
326.68, 197.00
327.03, 201.00
327.38, 197.00
327.73, 213.00
328.09, 216.00
328.44, 263.00
328.79, 228.00
329.14, 250.00
329.49, 217.00
329.84, 211.00
330.19, 219.00
330.54, 216.00
330.89, 210.00
331.25, 198.00
331.60, 189.00
331.95, 191.00
332.30, 189.00
332.65, 198.00
333.00, 221.00
333.35, 269.00
333.70, 275.00
334.05, 249.00
334.40, 271.00
334.75, 325.00
335.10, 427.00
335.45, 623.00
335.81, 897.00
336.16, 1314.00
336.51, 1845.00
336.86, 1891.00
337.21, 1660.00
337.56, 1021.00
337.91, 606.00
338.26, 385.00
338.61, 272.00
338.96, 218.00
339.31, 193.00
339.66, 192.00
340.01, 194.00
340.36, 183.00
340.71, 182.00
341.06, 173.00
341.41, 179.00
341.76, 181.00
342.11, 182.00
342.46, 178.00
342.81, 186.00
343.16, 183.00
343.51, 175.00
343.86, 183.00
344.21, 178.00
344.56, 179.00
344.91, 178.00
345.26, 187.00
345.61, 175.00
345.96, 176.00
346.31, 172.00
346.66, 203.00
347.01, 172.00
347.36, 199.00
347.71, 173.00
348.06, 173.00
348.41, 196.00
348.76, 208.00
349.10, 210.00
349.45, 241.00
349.80, 225.00
350.15, 231.00
350.50, 215.00
350.85, 218.00
351.20, 230.00
351.55, 270.00
351.90, 320.00
352.25, 401.00
352.60, 511.00
352.95, 659.00
353.30, 718.00
353.64, 642.00
353.99, 497.00
354.34, 412.00
354.69, 388.00
355.04, 406.00
355.39, 481.00
355.74, 607.00
356.09, 796.00
356.44, 992.00
356.78, 1336.00
357.13, 1528.00
357.48, 1464.00
357.83, 1129.00
358.18, 719.00
358.53, 465.00
358.88, 302.00
359.22, 235.00
359.57, 189.00
359.92, 180.00
360.27, 186.00
360.62, 187.00
360.97, 187.00
361.32, 191.00
361.66, 183.00
362.01, 179.00
362.36, 192.00
362.71, 192.00
363.06, 198.00
363.40, 201.00
363.75, 199.00
364.10, 200.00
364.45, 191.00
364.80, 193.00
365.14, 186.00
365.49, 197.00
365.84, 199.00
366.19, 215.00
366.54, 227.00
366.88, 243.00
367.23, 201.00
367.58, 246.00
367.93, 195.00
368.28, 191.00
368.62, 193.00
368.97, 217.00
369.32, 224.00
369.67, 249.00
370.01, 292.00
370.36, 308.00
370.71, 327.00
371.06, 275.00
371.40, 255.00
371.75, 214.00
372.10, 205.00
372.45, 206.00
372.79, 223.00
373.14, 243.00
373.49, 279.00
373.83, 337.00
374.18, 421.00
374.53, 519.00
374.88, 594.00
375.22, 584.00
375.57, 473.00
375.92, 357.00
376.26, 280.00
376.61, 233.00
376.96, 210.00
377.30, 221.00
377.65, 239.00
378.00, 257.00
378.35, 317.00
378.69, 409.00
379.04, 489.00
379.39, 657.00
379.73, 777.00
380.08, 791.00
380.43, 612.00
380.77, 439.00
381.12, 364.00
381.47, 289.00
381.81, 231.00
382.16, 204.00
382.50, 204.00
382.85, 272.00
383.20, 206.00
383.54, 209.00
383.89, 217.00
384.24, 217.00
384.58, 237.00
384.93, 260.00
385.27, 257.00
385.62, 253.00
385.97, 259.00
386.31, 246.00
386.66, 282.00
387.00, 256.00
387.35, 262.00
387.70, 294.00
388.04, 385.00
388.39, 410.00
388.73, 491.00
389.08, 620.00
389.43, 761.00
389.77, 894.00
390.12, 1082.00
390.46, 1531.00
390.81, 1674.00
391.15, 1612.00
391.50, 1226.00
391.85, 771.00
392.19, 541.00
392.54, 371.00
392.88, 294.00
393.23, 296.00
393.57, 299.00
393.92, 294.00
394.26, 260.00
394.61, 229.00
394.95, 208.00
395.30, 184.00
395.64, 181.00
395.99, 227.00
396.33, 195.00
396.68, 203.00
397.02, 204.00
397.37, 228.00
397.71, 253.00
398.06, 280.00
398.40, 302.00
398.75, 366.00
399.09, 399.00
399.44, 399.00
399.78, 334.00
400.13, 285.00
400.47, 223.00
400.82, 204.00
401.16, 188.00
401.51, 190.00
401.85, 190.00
402.20, 191.00
402.54, 199.00
402.88, 207.00
403.23, 221.00
403.57, 230.00
403.92, 249.00
404.26, 337.00
404.61, 313.00
404.95, 407.00
405.30, 375.00
405.64, 345.00
405.98, 312.00
406.33, 261.00
406.67, 216.00
407.02, 201.00
407.36, 196.00
407.70, 211.00
408.05, 219.00
408.39, 223.00
408.74, 230.00
409.08, 238.00
409.42, 221.00
409.77, 205.00
410.11, 218.00
410.46, 198.00
410.80, 210.00
411.14, 214.00
411.49, 235.00
411.83, 241.00
412.17, 237.00
412.52, 241.00
412.86, 257.00
413.20, 269.00
413.55, 264.00
413.89, 245.00
414.23, 229.00
414.58, 251.00
414.92, 213.00
415.26, 202.00
415.61, 200.00
415.95, 203.00
416.29, 210.00
416.64, 205.00
416.98, 210.00
417.32, 221.00
417.67, 255.00
418.01, 264.00
418.35, 272.00
418.70, 310.00
419.04, 351.00
419.38, 338.00
419.72, 322.00
420.07, 289.00
420.41, 238.00
420.75, 218.00
421.10, 208.00
421.44, 204.00
421.78, 209.00
422.12, 206.00
422.47, 216.00
422.81, 230.00
423.15, 250.00
423.49, 240.00
423.84, 228.00
424.18, 242.00
424.52, 258.00
424.86, 309.00
425.21, 376.00
425.55, 408.00
425.89, 498.00
426.23, 564.00
426.57, 694.00
426.92, 744.00
427.26, 781.00
427.60, 657.00
427.94, 463.00
428.28, 346.00
428.63, 278.00
428.97, 234.00
429.31, 209.00
429.65, 189.00
429.99, 197.00
430.34, 188.00
430.68, 189.00
431.02, 198.00
431.36, 190.00
431.70, 199.00
432.04, 199.00
432.39, 194.00
432.73, 224.00
433.07, 230.00
433.41, 231.00
433.75, 250.00
434.09, 242.00
434.43, 225.00
434.78, 211.00
435.12, 212.00
435.46, 215.00
435.80, 216.00
436.14, 228.00
436.48, 213.00
436.82, 232.00
437.16, 216.00
437.51, 214.00
437.85, 216.00
438.19, 255.00
438.53, 210.00
438.87, 227.00
439.21, 219.00
439.55, 226.00
439.89, 239.00
440.23, 237.00
440.57, 244.00
440.91, 249.00
441.26, 243.00
441.60, 225.00
441.94, 225.00
442.28, 216.00
442.62, 213.00
442.96, 207.00
443.30, 207.00
443.64, 198.00
443.98, 205.00
444.32, 217.00
444.66, 190.00
445.00, 193.00
445.34, 207.00
445.68, 203.00
446.02, 201.00
446.36, 197.00
446.70, 202.00
447.04, 211.00
447.38, 231.00
447.72, 217.00
448.06, 221.00
448.40, 212.00
448.74, 210.00
449.08, 210.00
449.42, 202.00
449.76, 201.00
450.10, 201.00
450.44, 193.00
450.78, 202.00
451.12, 202.00
451.46, 198.00
451.80, 202.00
452.14, 191.00
452.48, 194.00
452.82, 197.00
453.16, 192.00
453.50, 207.00
453.84, 187.00
454.18, 238.00
454.52, 212.00
454.86, 204.00
455.19, 219.00
455.53, 205.00
455.87, 214.00
456.21, 229.00
456.55, 226.00
456.89, 212.00
457.23, 227.00
457.57, 210.00
457.91, 225.00
458.25, 219.00
458.59, 229.00
458.92, 246.00
459.26, 233.00
459.60, 240.00
459.94, 227.00
460.28, 209.00
460.62, 204.00
460.96, 202.00
461.30, 192.00
461.63, 190.00
461.97, 190.00
462.31, 197.00
462.65, 201.00
462.99, 209.00
463.33, 209.00
463.67, 219.00
464.00, 223.00
464.34, 219.00
464.68, 215.00
465.02, 241.00
465.36, 229.00
465.70, 216.00
466.03, 226.00
466.37, 218.00
466.71, 228.00
467.05, 225.00
467.39, 234.00
467.72, 255.00
468.06, 258.00
468.40, 274.00
468.74, 280.00
469.08, 289.00
469.41, 318.00
469.75, 333.00
470.09, 369.00
470.43, 349.00
470.76, 313.00
471.10, 292.00
471.44, 277.00
471.78, 267.00
472.11, 250.00
472.45, 248.00
472.79, 242.00
473.13, 242.00
473.46, 238.00
473.80, 232.00
474.14, 225.00
474.48, 234.00
474.81, 227.00
475.15, 224.00
475.49, 222.00
475.82, 229.00
476.16, 227.00
476.50, 218.00
476.84, 220.00
477.17, 214.00
477.51, 206.00
477.85, 211.00
478.18, 230.00
478.52, 220.00
478.86, 265.00
479.19, 229.00
479.53, 208.00
479.87, 258.00
480.20, 230.00
480.54, 224.00
480.88, 221.00
481.21, 220.00
481.55, 215.00
481.89, 218.00
482.22, 217.00
482.56, 222.00
482.90, 218.00
483.23, 220.00
483.57, 217.00
483.90, 220.00
484.24, 215.00
484.58, 228.00
484.91, 224.00
485.25, 227.00
485.58, 226.00
485.92, 221.00
486.26, 227.00
486.59, 227.00
486.93, 228.00
487.26, 226.00
487.60, 234.00
487.94, 223.00
488.27, 239.00
488.61, 229.00
488.94, 224.00
489.28, 231.00
489.61, 234.00
489.95, 228.00
490.29, 241.00
490.62, 239.00
490.96, 232.00
491.29, 237.00
491.63, 241.00
491.96, 228.00
492.30, 223.00
492.63, 226.00
492.97, 218.00
493.30, 225.00
493.64, 228.00
493.97, 223.00
494.31, 236.00
494.64, 240.00
494.98, 237.00
495.31, 234.00
495.65, 228.00
495.98, 232.00
496.32, 232.00
496.65, 262.00
496.99, 226.00
497.32, 211.00
497.66, 217.00
497.99, 217.00
498.33, 217.00
498.66, 214.00
499.00, 222.00
499.33, 212.00
499.67, 223.00
500.00, 222.00
500.34, 227.00
500.67, 236.00
501.00, 234.00
501.34, 223.00
501.67, 220.00
502.01, 226.00
502.34, 231.00
502.68, 238.00
503.01, 240.00
503.34, 241.00
503.68, 241.00
504.01, 242.00
504.35, 243.00
504.68, 247.00
505.01, 244.00
505.35, 235.00
505.68, 241.00
506.02, 253.00
506.35, 251.00
506.68, 249.00
507.02, 251.00
507.35, 245.00
507.68, 242.00
508.02, 243.00
508.35, 249.00
508.69, 242.00
509.02, 236.00
509.35, 233.00
509.69, 233.00
510.02, 237.00
510.35, 235.00
510.69, 225.00
511.02, 226.00
511.35, 226.00
511.69, 228.00
512.02, 228.00
512.35, 232.00
512.68, 228.00
513.02, 227.00
513.35, 225.00
513.68, 234.00
514.02, 230.00
514.35, 220.00
514.68, 227.00
515.01, 218.00
515.35, 232.00
515.68, 220.00
516.01, 210.00
516.35, 216.00
516.68, 223.00
517.01, 212.00
517.34, 218.00
517.68, 224.00
518.01, 222.00
518.34, 216.00
518.67, 226.00
519.01, 224.00
519.34, 231.00
519.67, 236.00
520.00, 229.00
520.33, 230.00
520.67, 229.00
521.00, 228.00
521.33, 239.00
521.66, 243.00
522.00, 238.00
522.33, 238.00
522.66, 228.00
522.99, 227.00
523.32, 239.00
523.65, 230.00
523.99, 228.00
524.32, 221.00
524.65, 222.00
524.98, 228.00
525.31, 230.00
525.65, 252.00
525.98, 224.00
526.31, 210.00
526.64, 234.00
526.97, 226.00
527.30, 215.00
527.63, 214.00
527.97, 210.00
528.30, 211.00
528.63, 221.00
528.96, 245.00
529.29, 216.00
529.62, 223.00
529.95, 208.00
530.28, 211.00
530.61, 216.00
530.95, 209.00
531.28, 207.00
531.61, 217.00
531.94, 226.00
532.27, 228.00
532.60, 224.00
532.93, 220.00
533.26, 214.00
533.59, 212.00
533.92, 218.00
534.25, 207.00
534.58, 243.00
534.91, 212.00
535.25, 200.00
535.58, 201.00
535.91, 198.00
536.24, 203.00
536.57, 201.00
536.90, 207.00
537.23, 210.00
537.56, 243.00
537.89, 205.00
538.22, 209.00
538.55, 197.00
538.88, 201.00
539.21, 316.00
539.54, 206.00
539.87, 199.00
540.20, 201.00
540.53, 202.00
540.86, 236.00
541.19, 203.00
541.52, 200.00
541.85, 211.00
542.18, 226.00
542.51, 219.00
542.84, 215.00
543.17, 218.00
543.50, 216.00
543.82, 220.00
544.15, 219.00
544.48, 218.00
544.81, 214.00
545.14, 243.00
545.47, 203.00
545.80, 249.00
546.13, 210.00
546.46, 242.00
546.79, 231.00
547.12, 206.00
547.45, 211.00
547.78, 205.00
548.10, 196.00
548.43, 209.00
548.76, 195.00
549.09, 209.00
549.42, 201.00
549.75, 204.00
550.08, 209.00
550.41, 206.00
550.74, 212.00
551.06, 207.00
551.39, 214.00
551.72, 204.00
552.05, 205.00
552.38, 202.00
552.71, 203.00
553.03, 212.00
553.36, 207.00
553.69, 214.00
554.02, 206.00
554.35, 215.00
554.68, 217.00
555.00, 213.00
555.33, 212.00
555.66, 218.00
555.99, 231.00
556.32, 220.00
556.64, 223.00
556.97, 233.00
557.30, 226.00
557.63, 229.00
557.96, 232.00
558.28, 234.00
558.61, 232.00
558.94, 231.00
559.27, 218.00
559.59, 223.00
559.92, 225.00
560.25, 222.00
560.58, 220.00
560.90, 234.00
561.23, 219.00
561.56, 217.00
561.89, 211.00
562.21, 216.00
562.54, 205.00
562.87, 203.00
563.20, 216.00
563.52, 197.00
563.85, 199.00
564.18, 222.00
564.50, 206.00
564.83, 233.00
565.16, 252.00
565.48, 196.00
565.81, 199.00
566.14, 191.00
566.47, 185.00
566.79, 195.00
567.12, 190.00
567.45, 221.00
567.77, 194.00
568.10, 199.00
568.43, 197.00
568.75, 193.00
569.08, 197.00
569.40, 233.00
569.73, 200.00
570.06, 184.00
570.38, 193.00
570.71, 195.00
571.04, 193.00
571.36, 198.00
571.69, 196.00
572.01, 196.00
572.34, 194.00
572.67, 198.00
572.99, 194.00
573.32, 213.00
573.64, 196.00
573.97, 195.00
574.30, 190.00
574.62, 194.00
574.95, 184.00
575.27, 195.00
575.60, 189.00
575.92, 188.00
576.25, 192.00
576.58, 202.00
576.90, 194.00
577.23, 225.00
577.55, 201.00
577.88, 192.00
578.20, 194.00
578.53, 194.00
578.85, 213.00
579.18, 204.00
579.50, 195.00
579.83, 194.00
580.15, 202.00
580.48, 197.00
580.80, 199.00
581.13, 198.00
581.45, 190.00
581.78, 195.00
582.10, 190.00
582.43, 199.00
582.75, 192.00
583.08, 192.00
583.40, 193.00
583.73, 262.00
584.05, 197.00
584.38, 192.00
584.70, 240.00
585.03, 203.00
585.35, 194.00
585.67, 203.00
586.00, 220.00
586.32, 246.00
586.65, 250.00
586.97, 238.00
587.30, 236.00
587.62, 222.00
587.94, 230.00
588.27, 213.00
588.59, 212.00
588.92, 208.00
589.24, 204.00
589.56, 211.00
589.89, 214.00
590.21, 201.00
590.54, 197.00
590.86, 200.00
591.18, 201.00
591.51, 203.00
591.83, 217.00
592.15, 209.00
592.48, 200.00
592.80, 208.00
593.13, 199.00
593.45, 216.00
593.77, 215.00
594.10, 217.00
594.42, 228.00
594.74, 228.00
595.07, 229.00
595.39, 221.00
595.71, 232.00
596.03, 234.00
596.36, 232.00
596.68, 237.00
597.00, 240.00
597.33, 236.00
597.65, 247.00
597.97, 247.00
598.30, 235.00
598.62, 235.00
598.94, 234.00
599.26, 229.00
599.59, 241.00
599.91, 238.00
600.23, 229.00
600.55, 229.00
600.88, 221.00
601.20, 216.00
601.52, 215.00
601.84, 214.00
602.17, 205.00
602.49, 204.00
602.81, 198.00
603.13, 203.00
603.45, 208.00
603.78, 197.00
604.10, 193.00
604.42, 188.00
604.74, 189.00
605.07, 190.00
605.39, 187.00
605.71, 193.00
606.03, 194.00
606.35, 185.00
606.67, 198.00
607.00, 197.00
607.32, 182.00
607.64, 186.00
607.96, 179.00
608.28, 186.00
608.60, 181.00
608.93, 180.00
609.25, 192.00
609.57, 184.00
609.89, 190.00
610.21, 185.00
610.53, 176.00
610.85, 180.00
611.17, 183.00
611.50, 186.00
611.82, 180.00
612.14, 183.00
612.46, 175.00
612.78, 177.00
613.10, 185.00
613.42, 178.00
613.74, 195.00
614.06, 229.00
614.38, 216.00
614.70, 211.00
615.03, 220.00
615.35, 214.00
615.67, 314.00
615.99, 184.00
616.31, 181.00
616.63, 191.00
616.95, 186.00
617.27, 176.00
617.59, 182.00
617.91, 187.00
618.23, 188.00
618.55, 178.00
618.87, 174.00
619.19, 177.00
619.51, 172.00
619.83, 173.00
620.15, 172.00
620.47, 178.00
620.79, 173.00
621.11, 185.00
621.43, 177.00
621.75, 188.00
622.07, 181.00
622.39, 179.00
622.71, 175.00
623.03, 178.00
623.35, 216.00
623.67, 178.00
623.99, 178.00
624.31, 174.00
624.63, 183.00
624.95, 177.00
625.26, 176.00
625.58, 175.00
625.90, 209.00
626.22, 173.00
626.54, 175.00
626.86, 190.00
627.18, 181.00
627.50, 182.00
627.82, 180.00
628.14, 181.00
628.46, 190.00
628.77, 177.00
629.09, 187.00
629.41, 186.00
629.73, 184.00
630.05, 196.00
630.37, 192.00
630.69, 195.00
631.00, 197.00
631.32, 201.00
631.64, 186.00
631.96, 194.00
632.28, 192.00
632.60, 191.00
632.92, 196.00
633.23, 206.00
633.55, 201.00
633.87, 207.00
634.19, 205.00
634.51, 212.00
634.82, 218.00
635.14, 226.00
635.46, 215.00
635.78, 221.00
636.10, 221.00
636.41, 212.00
636.73, 213.00
637.05, 219.00
637.37, 213.00
637.68, 211.00
638.00, 219.00
638.32, 219.00
638.64, 227.00
638.95, 248.00
639.27, 238.00
639.59, 227.00
639.91, 225.00
640.22, 221.00
640.54, 215.00
640.86, 211.00
641.18, 220.00
641.49, 228.00
641.81, 218.00
642.13, 220.00
642.44, 205.00
642.76, 209.00
643.08, 206.00
643.40, 204.00
643.71, 213.00
644.03, 215.00
644.35, 217.00
644.66, 222.00
644.98, 217.00
645.30, 208.00
645.61, 227.00
645.93, 207.00
646.25, 202.00
646.56, 207.00
646.88, 229.00
647.19, 190.00
647.51, 197.00
647.83, 189.00
648.14, 185.00
648.46, 189.00
648.78, 191.00
649.09, 187.00
649.41, 234.00
649.72, 194.00
650.04, 205.00
650.36, 207.00
650.67, 216.00
650.99, 215.00
651.30, 209.00
651.62, 215.00
651.93, 220.00
652.25, 229.00
652.57, 257.00
652.88, 216.00
653.20, 215.00
653.51, 214.00
653.83, 208.00
654.14, 202.00
654.46, 198.00
654.77, 207.00
655.09, 201.00
655.40, 218.00
655.72, 206.00
656.04, 195.00
656.35, 203.00
656.67, 201.00
656.98, 196.00
657.30, 199.00
657.61, 198.00
657.93, 209.00
658.24, 207.00
658.55, 253.00
658.87, 208.00
659.18, 211.00
659.50, 208.00
659.81, 214.00
660.13, 210.00
660.44, 208.00
660.76, 206.00
661.07, 229.00
661.39, 199.00
661.70, 197.00
662.01, 194.00
662.33, 192.00
662.64, 189.00
662.96, 181.00
663.27, 183.00
663.59, 180.00
663.90, 181.00
664.21, 180.00
664.53, 203.00
664.84, 186.00
665.16, 209.00
665.47, 184.00
665.78, 185.00
666.10, 200.00
666.41, 199.00
666.72, 205.00
667.04, 214.00
667.35, 207.00
667.67, 203.00
667.98, 196.00
668.29, 197.00
668.61, 192.00
668.92, 196.00
669.23, 188.00
669.55, 191.00
669.86, 216.00
670.17, 186.00
670.48, 180.00
670.80, 182.00
671.11, 175.00
671.42, 179.00
671.74, 196.00
672.05, 175.00
672.36, 182.00
672.68, 180.00
672.99, 184.00
673.30, 190.00
673.61, 204.00
673.93, 194.00
674.24, 203.00
674.55, 206.00
674.86, 203.00
675.18, 210.00
675.49, 215.00
675.80, 206.00
676.11, 215.00
676.43, 213.00
676.74, 214.00
677.05, 214.00
677.36, 223.00
677.67, 209.00
677.99, 206.00
678.30, 202.00
678.61, 191.00
678.92, 195.00
679.23, 188.00
679.55, 191.00
679.86, 188.00
680.17, 185.00
680.48, 181.00
680.79, 187.00
681.10, 177.00
681.42, 168.00
681.73, 178.00
682.04, 170.00
682.35, 170.00
682.66, 181.00
682.97, 170.00
683.28, 179.00
683.60, 172.00
683.91, 174.00
684.22, 187.00
684.53, 176.00
684.84, 173.00
685.15, 177.00
685.46, 201.00
685.77, 171.00
686.08, 173.00
686.40, 210.00
686.71, 170.00
687.02, 172.00
687.33, 168.00
687.64, 160.00
687.95, 161.00
688.26, 158.00
688.57, 158.00
688.88, 165.00
689.19, 161.00
689.50, 162.00
689.81, 165.00
690.12, 159.00
690.43, 182.00
690.74, 160.00
691.05, 159.00
691.36, 168.00
691.67, 157.00
691.98, 155.00
692.29, 152.00
692.60, 162.00
692.91, 156.00
693.22, 158.00
693.53, 157.00
693.84, 155.00
694.15, 157.00
694.46, 154.00
694.77, 155.00
695.08, 159.00
695.39, 168.00
695.70, 159.00
696.01, 156.00
696.32, 157.00
696.63, 160.00
696.94, 166.00
697.25, 161.00
697.56, 167.00
697.87, 171.00
698.17, 204.00
698.48, 165.00
698.79, 161.00
699.10, 156.00
699.41, 163.00
699.72, 165.00
700.03, 163.00
700.34, 162.00
700.65, 158.00
700.95, 162.00
701.26, 160.00
701.57, 155.00
701.88, 158.00
702.19, 175.00
702.50, 169.00
702.81, 160.00
703.11, 184.00
703.42, 160.00
703.73, 166.00
704.04, 161.00
704.35, 168.00
704.66, 193.00
704.96, 264.00
705.27, 322.00
705.58, 348.00
705.89, 324.00
706.20, 273.00
706.50, 254.00
706.81, 235.00
707.12, 209.00
707.43, 194.00
707.73, 179.00
708.04, 163.00
708.35, 163.00
708.66, 161.00
708.97, 157.00
709.27, 170.00
709.58, 162.00
709.89, 159.00
710.19, 159.00
710.50, 164.00
710.81, 155.00
711.12, 162.00
711.42, 162.00
711.73, 164.00
712.04, 155.00
712.35, 163.00
712.65, 164.00
712.96, 163.00
713.27, 164.00
713.57, 188.00
713.88, 176.00
714.19, 155.00
714.49, 152.00
714.80, 164.00
715.11, 154.00
715.41, 160.00
715.72, 159.00
716.03, 161.00
716.33, 161.00
716.64, 157.00
716.94, 157.00
717.25, 150.00
717.56, 163.00
717.86, 158.00
718.17, 157.00
718.48, 153.00
718.78, 156.00
719.09, 158.00
719.39, 156.00
719.70, 158.00
720.01, 159.00
720.31, 154.00
720.62, 155.00
720.92, 159.00
721.23, 160.00
721.53, 166.00
721.84, 157.00
722.15, 161.00
722.45, 160.00
722.76, 158.00
723.06, 162.00
723.37, 163.00
723.67, 167.00
723.98, 165.00
724.28, 163.00
724.59, 177.00
724.89, 168.00
725.20, 165.00
725.50, 167.00
725.81, 164.00
726.11, 166.00
726.42, 163.00
726.72, 165.00
727.03, 207.00
727.33, 165.00
727.64, 176.00
727.94, 164.00
728.25, 158.00
728.55, 162.00
728.86, 185.00
729.16, 159.00
729.46, 157.00
729.77, 160.00
730.07, 167.00
730.38, 158.00
730.68, 160.00
730.99, 167.00
731.29, 156.00
731.59, 160.00
731.90, 162.00
732.20, 164.00
732.51, 157.00
732.81, 164.00
733.11, 164.00
733.42, 159.00
733.72, 157.00
734.02, 171.00
734.33, 154.00
734.63, 156.00
734.94, 159.00
735.24, 158.00
735.54, 157.00
735.85, 164.00
736.15, 159.00
736.45, 159.00
736.76, 157.00
737.06, 160.00
737.36, 159.00
737.67, 163.00
737.97, 158.00
738.27, 161.00
738.57, 160.00
738.88, 156.00
739.18, 197.00
739.48, 158.00
739.79, 153.00
740.09, 162.00
740.39, 162.00
740.69, 165.00
741.00, 155.00
741.30, 160.00
741.60, 156.00
741.90, 161.00
742.21, 159.00
742.51, 203.00
742.81, 159.00
743.11, 166.00
743.42, 191.00
743.72, 172.00
744.02, 171.00
744.32, 175.00
744.63, 178.00
744.93, 178.00
745.23, 181.00
745.53, 181.00
745.83, 179.00
746.13, 176.00
746.44, 180.00
746.74, 182.00
747.04, 181.00
747.34, 179.00
747.64, 180.00
747.94, 183.00
748.25, 182.00
748.55, 187.00
748.85, 183.00
749.15, 187.00
749.45, 212.00
749.75, 202.00
750.05, 180.00
750.35, 169.00
750.66, 179.00
750.96, 168.00
751.26, 163.00
751.56, 162.00
751.86, 169.00
752.16, 157.00
752.46, 154.00
752.76, 157.00
753.06, 155.00
753.36, 192.00
753.66, 161.00
753.96, 161.00
754.27, 153.00
754.57, 159.00
754.87, 158.00
755.17, 160.00
755.47, 158.00
755.77, 160.00
756.07, 168.00
756.37, 165.00
756.67, 168.00
756.97, 171.00
757.27, 172.00
757.57, 165.00
757.87, 167.00
758.17, 165.00
758.47, 170.00
758.77, 169.00
759.07, 169.00
759.37, 166.00
759.67, 172.00
759.97, 176.00
760.27, 166.00
760.57, 168.00
760.86, 170.00
761.16, 167.00
761.46, 170.00
761.76, 193.00
762.06, 163.00
762.36, 170.00
762.66, 161.00
762.96, 162.00
763.26, 157.00
763.56, 185.00
763.86, 164.00
764.16, 156.00
764.45, 169.00
764.75, 160.00
765.05, 154.00
765.35, 152.00
765.65, 153.00
765.95, 153.00
766.25, 154.00
766.55, 167.00
766.84, 160.00
767.14, 162.00
767.44, 160.00
767.74, 158.00
768.04, 165.00
768.34, 157.00
768.63, 157.00
768.93, 164.00
769.23, 167.00
769.53, 164.00
769.83, 170.00
770.12, 165.00
770.42, 165.00
770.72, 167.00
771.02, 169.00
771.32, 168.00
771.61, 165.00
771.91, 173.00
772.21, 166.00
772.51, 170.00
772.80, 168.00
773.10, 170.00
773.40, 165.00
773.70, 163.00
773.99, 174.00
774.29, 177.00
774.59, 171.00
774.88, 175.00
775.18, 207.00
775.48, 441.00
775.78, 810.00
776.07, 1071.00
776.37, 1111.00
776.67, 863.00
776.96, 591.00
777.26, 512.00
777.56, 385.00
777.85, 344.00
778.15, 307.00
778.45, 290.00
778.74, 254.00
779.04, 214.00
779.34, 183.00
779.63, 173.00
779.93, 157.00
780.22, 147.00
780.52, 156.00
780.82, 153.00
781.11, 149.00
781.41, 152.00
781.71, 149.00
782.00, 153.00
782.30, 158.00
782.59, 160.00
782.89, 151.00
783.19, 151.00
783.48, 155.00
783.78, 143.00
784.07, 157.00
784.37, 156.00
784.66, 154.00
784.96, 146.00
785.25, 145.00
785.55, 152.00
785.84, 154.00
786.14, 149.00
786.44, 150.00
786.73, 156.00
787.03, 148.00
787.32, 152.00
787.62, 143.00
787.91, 150.00
788.21, 156.00
788.50, 149.00
788.80, 144.00
789.09, 152.00
789.39, 148.00
789.68, 149.00
789.97, 155.00
790.27, 150.00
790.56, 149.00
790.86, 162.00
791.15, 147.00
791.45, 143.00
791.74, 173.00
792.04, 148.00
792.33, 146.00
792.62, 173.00
792.92, 147.00
793.21, 147.00
793.51, 147.00
793.80, 147.00
794.09, 146.00
794.39, 142.00
794.68, 139.00
794.98, 148.00
795.27, 149.00
795.56, 143.00
795.86, 147.00
796.15, 148.00
796.44, 150.00
796.74, 144.00
797.03, 143.00
797.32, 140.00
797.62, 140.00
797.91, 154.00
798.20, 147.00
798.50, 153.00
798.79, 159.00
799.08, 149.00
799.38, 145.00
799.67, 144.00
799.96, 153.00
800.26, 175.00
800.55, 149.00
800.84, 153.00
801.13, 142.00
801.43, 146.00
801.72, 183.00
802.01, 144.00
802.30, 150.00
802.60, 151.00
802.89, 152.00
803.18, 150.00
803.47, 147.00
803.77, 153.00
804.06, 153.00
804.35, 150.00
804.64, 165.00
804.94, 147.00
805.23, 148.00
805.52, 147.00
805.81, 147.00
806.10, 143.00
806.39, 145.00
806.69, 145.00
806.98, 148.00
807.27, 145.00
807.56, 151.00
807.85, 149.00
808.14, 144.00
808.44, 160.00
808.73, 146.00
809.02, 165.00
809.31, 148.00
809.60, 147.00
809.89, 153.00
810.18, 144.00
810.48, 153.00
810.77, 144.00
811.06, 142.00
811.35, 148.00
811.64, 150.00
811.93, 163.00
812.22, 144.00
812.51, 147.00
812.80, 146.00
813.09, 143.00
813.38, 146.00
813.67, 167.00
813.96, 142.00
814.26, 141.00
814.55, 140.00
814.84, 143.00
815.13, 154.00
815.42, 146.00
815.71, 149.00
816.00, 144.00
816.29, 156.00
816.58, 147.00
816.87, 141.00
817.16, 140.00
817.45, 158.00
817.74, 151.00
818.03, 145.00
818.32, 143.00
818.61, 144.00
818.90, 143.00
819.19, 144.00
819.48, 146.00
819.76, 143.00
820.05, 144.00
820.34, 143.00
820.63, 143.00
820.92, 146.00
821.21, 147.00
821.50, 143.00
821.79, 143.00
822.08, 140.00
822.37, 147.00
822.66, 144.00
822.95, 153.00
823.23, 141.00
823.52, 164.00
823.81, 153.00
824.10, 143.00
824.39, 141.00
824.68, 148.00
824.97, 162.00
825.26, 143.00
825.54, 193.00
825.83, 148.00
826.12, 141.00
826.41, 143.00
826.70, 142.00
826.99, 148.00
827.27, 143.00
827.56, 167.00
827.85, 144.00
828.14, 141.00
828.43, 150.00
828.71, 151.00
829.00, 143.00
829.29, 143.00
829.58, 146.00
829.86, 145.00
830.15, 141.00
830.44, 148.00
830.73, 146.00
831.01, 141.00
831.30, 145.00
831.59, 149.00
831.88, 142.00
832.16, 141.00
832.45, 154.00
832.74, 144.00
833.03, 140.00
833.31, 148.00
833.60, 147.00
833.89, 148.00
834.17, 146.00
834.46, 142.00
834.75, 143.00
835.03, 142.00
835.32, 141.00
835.61, 145.00
835.89, 153.00
836.18, 143.00
836.47, 144.00
836.75, 146.00
837.04, 147.00
837.33, 139.00
837.61, 143.00
837.90, 144.00
838.19, 141.00
838.47, 142.00
838.76, 143.00
839.04, 143.00
839.33, 141.00
839.62, 140.00
839.90, 142.00
840.19, 140.00
840.47, 141.00
840.76, 171.00
841.04, 146.00
841.33, 142.00
841.62, 143.00
841.90, 144.00
842.19, 143.00
842.47, 178.00
842.76, 146.00
843.04, 151.00
843.33, 181.00
843.61, 168.00
843.90, 170.00
844.18, 169.00
844.47, 166.00
844.75, 171.00
845.04, 153.00
845.32, 149.00
845.61, 152.00
845.89, 154.00
846.18, 152.00
846.46, 148.00
846.75, 153.00
847.03, 160.00
847.32, 147.00
847.60, 143.00
847.88, 148.00
848.17, 141.00
848.45, 160.00
848.74, 148.00
849.02, 148.00
849.31, 140.00
849.59, 144.00
849.87, 148.00
850.16, 145.00
850.44, 149.00
850.73, 173.00
851.01, 146.00
851.29, 144.00
851.58, 150.00
851.86, 142.00
852.14, 141.00
852.43, 147.00
852.71, 148.00
853.00, 143.00
853.28, 149.00
853.56, 147.00
853.85, 146.00
854.13, 141.00
854.41, 141.00
854.69, 143.00
854.98, 145.00
855.26, 202.00
855.54, 143.00
855.83, 141.00
856.11, 148.00
856.39, 140.00
856.68, 144.00
856.96, 146.00
857.24, 146.00
857.52, 149.00
857.81, 144.00
858.09, 139.00
858.37, 142.00
858.65, 143.00
858.94, 141.00
859.22, 143.00
