190.05, 0.00
190.41, 141.00
190.77, 146.00
191.14, 147.00
191.50, 148.00
191.86, 168.00
192.22, 157.00
192.58, 160.00
192.94, 156.00
193.31, 155.00
193.67, 157.00
194.03, 159.00
194.39, 148.00
194.75, 154.00
195.11, 163.00
195.47, 171.00
195.84, 157.00
196.20, 153.00
196.56, 169.00
196.92, 153.00
197.28, 156.00
197.64, 154.00
198.00, 150.00
198.37, 153.00
198.73, 154.00
199.09, 153.00
199.45, 152.00
199.81, 157.00
200.17, 163.00
200.53, 156.00
200.89, 162.00
201.25, 188.00
201.62, 154.00
201.98, 156.00
202.34, 151.00
202.70, 160.00
203.06, 152.00
203.42, 152.00
203.78, 151.00
204.14, 152.00
204.50, 170.00
204.86, 162.00
205.22, 162.00
205.58, 156.00
205.95, 154.00
206.31, 148.00
206.67, 160.00
207.03, 155.00
207.39, 164.00
207.75, 154.00
208.11, 154.00
208.47, 151.00
208.83, 158.00
209.19, 158.00
209.55, 157.00
209.91, 154.00
210.27, 156.00
210.63, 154.00
210.99, 160.00
211.35, 150.00
211.71, 156.00
212.07, 151.00
212.43, 159.00
212.79, 155.00
213.15, 159.00
213.51, 157.00
213.87, 155.00
214.23, 154.00
214.59, 160.00
214.95, 158.00
215.31, 154.00
215.67, 156.00
216.03, 188.00
216.39, 153.00
216.75, 158.00
217.11, 156.00
217.47, 153.00
217.83, 158.00
218.19, 155.00
218.55, 164.00
218.91, 151.00
219.27, 151.00
219.63, 157.00
219.99, 154.00
220.35, 156.00
220.71, 163.00
221.07, 153.00
221.43, 156.00
221.79, 155.00
222.15, 159.00
222.51, 158.00
222.87, 156.00
223.23, 151.00
223.59, 158.00
223.95, 151.00
224.31, 154.00
224.67, 152.00
225.03, 159.00
225.39, 166.00
225.74, 157.00
226.10, 152.00
226.46, 150.00
226.82, 161.00
227.18, 154.00
227.54, 154.00
227.90, 154.00
228.26, 156.00
228.62, 155.00
228.98, 151.00
229.34, 149.00
229.69, 149.00
230.05, 155.00
230.41, 148.00
230.77, 161.00
231.13, 161.00
231.49, 161.00
231.85, 148.00
232.21, 163.00
232.57, 157.00
232.92, 152.00
233.28, 154.00
233.64, 157.00
234.00, 154.00
234.36, 148.00
234.72, 153.00
235.08, 154.00
235.44, 159.00
235.79, 153.00
236.15, 161.00
236.51, 149.00
236.87, 149.00
237.23, 159.00
237.59, 160.00
237.94, 161.00
238.30, 151.00
238.66, 149.00
239.02, 149.00
239.38, 153.00
239.74, 154.00
240.09, 162.00
240.45, 154.00
240.81, 156.00
241.17, 156.00
241.53, 153.00
241.89, 151.00
242.24, 151.00
242.60, 156.00
242.96, 161.00
243.32, 155.00
243.68, 150.00
244.03, 160.00
244.39, 157.00
244.75, 174.00
245.11, 154.00
245.46, 154.00
245.82, 180.00
246.18, 155.00
246.54, 156.00
246.90, 148.00
247.25, 153.00
247.61, 151.00
247.97, 186.00
248.33, 153.00
248.68, 155.00
249.04, 152.00
249.40, 151.00
249.76, 150.00
250.11, 147.00
250.47, 160.00
250.83, 153.00
251.19, 157.00
251.54, 160.00
251.90, 159.00
252.26, 152.00
252.62, 149.00
252.97, 154.00
253.33, 150.00
253.69, 151.00
254.05, 163.00
254.40, 156.00
254.76, 154.00
255.12, 182.00
255.47, 159.00
255.83, 151.00
256.19, 156.00
256.54, 150.00
256.90, 151.00
257.26, 154.00
257.62, 153.00
257.97, 148.00
258.33, 160.00
258.69, 158.00
259.04, 148.00
259.40, 151.00
259.76, 157.00
260.11, 153.00
260.47, 155.00
260.83, 156.00
261.18, 156.00
261.54, 159.00
261.90, 157.00
262.25, 153.00
262.61, 151.00
262.97, 146.00
263.32, 149.00
263.68, 151.00
264.04, 158.00
264.39, 153.00
264.75, 157.00
265.10, 154.00
265.46, 198.00
265.82, 162.00
266.17, 152.00
266.53, 156.00
266.89, 163.00
267.24, 158.00
267.60, 149.00
267.95, 154.00
268.31, 149.00
268.67, 150.00
269.02, 154.00
269.38, 152.00
269.74, 154.00
270.09, 155.00
270.45, 155.00
270.80, 171.00
271.16, 155.00
271.51, 161.00
271.87, 167.00
272.23, 165.00
272.58, 161.00
272.94, 150.00
273.29, 157.00
273.65, 193.00
274.00, 149.00
274.36, 157.00
274.72, 154.00
275.07, 153.00
275.43, 152.00
275.78, 153.00
276.14, 155.00
276.49, 153.00
276.85, 162.00
277.20, 173.00
277.56, 156.00
277.92, 148.00
278.27, 152.00
278.63, 161.00
278.98, 159.00
279.34, 160.00
279.69, 161.00
280.05, 175.00
280.40, 164.00
280.76, 171.00
281.11, 159.00
281.47, 161.00
281.82, 163.00
282.18, 159.00
282.53, 166.00
282.89, 173.00
283.24, 172.00
283.60, 163.00
283.95, 171.00
284.31, 173.00
284.66, 181.00
285.02, 182.00
285.37, 182.00
285.73, 179.00
286.08, 182.00
286.44, 169.00
286.79, 169.00
287.14, 168.00
287.50, 168.00
287.85, 157.00
288.21, 164.00
288.56, 174.00
288.92, 166.00
289.27, 171.00
289.63, 168.00
289.98, 173.00
290.34, 161.00
290.69, 166.00
291.04, 166.00
291.40, 161.00
291.75, 161.00
292.11, 163.00
292.46, 166.00
292.81, 171.00
293.17, 175.00
293.52, 173.00
293.88, 183.00
294.23, 185.00
294.59, 197.00
294.94, 211.00
295.29, 212.00
295.65, 228.00
296.00, 240.00
296.36, 208.00
296.71, 206.00
297.06, 216.00
297.42, 213.00
297.77, 214.00
298.12, 205.00
298.48, 193.00
298.83, 200.00
299.19, 197.00
299.54, 200.00
299.89, 195.00
300.25, 194.00
300.60, 197.00
300.95, 191.00
301.31, 174.00
301.66, 169.00
302.01, 168.00
302.37, 170.00
302.72, 176.00
303.07, 184.00
303.43, 190.00
303.78, 201.00
304.13, 195.00
304.49, 200.00
304.84, 197.00
305.19, 227.00
305.55, 191.00
305.90, 204.00
306.25, 234.00
306.61, 290.00
306.96, 329.00
307.31, 420.00
307.66, 558.00
308.02, 709.00
308.37, 814.00
308.72, 893.00
309.08, 912.00
309.43, 854.00
309.78, 728.00
310.13, 650.00
310.49, 571.00
310.84, 481.00
311.19, 427.00
311.54, 393.00
311.90, 343.00
312.25, 336.00
312.60, 356.00
312.95, 434.00
313.31, 491.00
313.66, 473.00
314.01, 469.00
314.36, 471.00
314.72, 531.00
315.07, 711.00
315.42, 828.00
315.77, 864.00
316.13, 688.00
316.48, 476.00
316.83, 341.00
317.18, 266.00
317.54, 221.00
317.89, 205.00
318.24, 207.00
318.59, 193.00
318.94, 200.00
319.30, 194.00
319.65, 207.00
320.00, 202.00
320.35, 204.00
320.70, 204.00
321.05, 208.00
321.41, 210.00
321.76, 206.00
322.11, 198.00
322.46, 196.00
322.81, 228.00
323.17, 199.00
323.52, 198.00
323.87, 192.00
324.22, 202.00
324.57, 201.00
324.92, 204.00
325.27, 209.00
325.63, 220.00
325.98, 220.00
326.33, 228.00
326.68, 235.00
327.03, 226.00
327.38, 233.00
327.73, 259.00
328.09, 283.00
328.44, 317.00
328.79, 305.00
329.14, 344.00
329.49, 296.00
329.84, 282.00
330.19, 272.00
330.54, 268.00
330.89, 257.00
331.25, 236.00
331.60, 226.00
331.95, 222.00
332.30, 220.00
332.65, 229.00
333.00, 247.00
333.35, 303.00
333.70, 304.00
334.05, 280.00
334.40, 309.00
334.75, 343.00
335.10, 463.00
335.45, 658.00
335.81, 870.00
336.16, 1245.00
336.51, 1657.00
336.86, 1720.00
337.21, 1435.00
337.56, 906.00
337.91, 568.00
338.26, 374.00
338.61, 282.00
338.96, 246.00
339.31, 228.00
339.66, 221.00
340.01, 219.00
340.36, 212.00
340.71, 215.00
341.06, 206.00
341.41, 210.00
341.76, 208.00
342.11, 212.00
342.46, 210.00
342.81, 213.00
343.16, 203.00
343.51, 210.00
343.86, 206.00
344.21, 205.00
344.56, 204.00
344.91, 204.00
345.26, 206.00
345.61, 206.00
345.96, 194.00
346.31, 198.00
346.66, 217.00
347.01, 194.00
347.36, 220.00
347.71, 193.00
348.06, 200.00
348.41, 210.00
348.76, 230.00
349.10, 238.00
349.45, 255.00
349.80, 254.00
350.15, 255.00
350.50, 250.00
350.85, 253.00
351.20, 275.00
351.55, 321.00
351.90, 400.00
352.25, 493.00
352.60, 636.00
352.95, 804.00
353.30, 861.00
353.64, 794.00
353.99, 636.00
354.34, 559.00
354.69, 561.00
355.04, 579.00
355.39, 677.00
355.74, 830.00
356.09, 985.00
356.44, 1111.00
356.78, 1332.00
357.13, 1426.00
357.48, 1341.00
357.83, 1050.00
358.18, 684.00
358.53, 471.00
358.88, 313.00
359.22, 257.00
359.57, 221.00
359.92, 210.00
360.27, 219.00
360.62, 220.00
360.97, 212.00
361.32, 232.00
361.66, 228.00
362.01, 225.00
362.36, 232.00
362.71, 238.00
363.06, 241.00
363.40, 243.00
363.75, 241.00
364.10, 239.00
364.45, 226.00
364.80, 232.00
365.14, 228.00
365.49, 237.00
365.84, 233.00
366.19, 251.00
366.54, 266.00
366.88, 282.00
367.23, 246.00
367.58, 280.00
367.93, 232.00
368.28, 225.00
368.62, 228.00
368.97, 240.00
369.32, 255.00
369.67, 272.00
370.01, 326.00
370.36, 343.00
370.71, 358.00
371.06, 301.00
371.40, 277.00
371.75, 243.00
372.10, 235.00
372.45, 226.00
372.79, 255.00
373.14, 277.00
373.49, 318.00
373.83, 367.00
374.18, 453.00
374.53, 540.00
374.88, 592.00
375.22, 597.00
375.57, 486.00
375.92, 378.00
376.26, 306.00
376.61, 255.00
376.96, 240.00
377.30, 242.00
377.65, 251.00
378.00, 284.00
378.35, 329.00
378.69, 390.00
379.04, 476.00
379.39, 611.00
379.73, 708.00
380.08, 732.00
380.43, 586.00
380.77, 430.00
381.12, 357.00
381.47, 296.00
381.81, 255.00
382.16, 240.00
382.50, 243.00
382.85, 307.00
383.20, 243.00
383.54, 255.00
383.89, 269.00
384.24, 266.00
384.58, 297.00
384.93, 332.00
385.27, 333.00
385.62, 341.00
385.97, 330.00
386.31, 326.00
386.66, 356.00
387.00, 330.00
387.35, 349.00
387.70, 396.00
388.04, 551.00
388.39, 585.00
388.73, 756.00
389.08, 908.00
389.43, 1123.00
389.77, 1351.00
390.12, 1658.00
390.46, 2341.00
390.81, 2566.00
391.15, 2431.00
391.50, 1792.00
391.85, 1062.00
392.19, 715.00
392.54, 459.00
392.88, 356.00
393.23, 343.00
393.57, 328.00
393.92, 325.00
394.26, 294.00
394.61, 259.00
394.95, 243.00
395.30, 224.00
395.64, 212.00
395.99, 254.00
396.33, 235.00
396.68, 231.00
397.02, 241.00
397.37, 259.00
397.71, 280.00
398.06, 313.00
398.40, 339.00
398.75, 399.00
399.09, 422.00
399.44, 429.00
399.78, 359.00
400.13, 302.00
400.47, 259.00
400.82, 228.00
401.16, 224.00
401.51, 226.00
401.85, 217.00
402.20, 226.00
402.54, 236.00
402.88, 243.00
403.23, 251.00
403.57, 259.00
403.92, 285.00
404.26, 364.00
404.61, 348.00
404.95, 420.00
405.30, 389.00
405.64, 367.00
405.98, 319.00
406.33, 287.00
406.67, 245.00
407.02, 230.00
407.36, 243.00
407.70, 256.00
408.05, 259.00
408.39, 267.00
408.74, 273.00
409.08, 299.00
409.42, 264.00
409.77, 264.00
410.11, 270.00
410.46, 255.00
410.80, 265.00
411.14, 276.00
411.49, 300.00
411.83, 302.00
412.17, 292.00
412.52, 311.00
412.86, 318.00
413.20, 327.00
413.55, 337.00
413.89, 305.00
414.23, 289.00
414.58, 306.00
414.92, 261.00
415.26, 263.00
415.61, 254.00
415.95, 269.00
416.29, 277.00
416.64, 272.00
416.98, 285.00
417.32, 297.00
417.67, 333.00
418.01, 349.00
418.35, 388.00
418.70, 431.00
419.04, 514.00
419.38, 492.00
419.72, 460.00
420.07, 397.00
420.41, 315.00
420.75, 279.00
421.10, 266.00
421.44, 262.00
421.78, 271.00
422.12, 262.00
422.47, 292.00
422.81, 322.00
423.15, 342.00
423.49, 320.00
423.84, 300.00
424.18, 323.00
424.52, 348.00
424.86, 406.00
425.21, 511.00
425.55, 548.00
425.89, 653.00
426.23, 762.00
426.57, 981.00
426.92, 1056.00
427.26, 1148.00
427.60, 939.00
427.94, 644.00
428.28, 464.00
428.63, 359.00
428.97, 298.00
429.31, 256.00
429.65, 235.00
429.99, 230.00
430.34, 226.00
430.68, 226.00
431.02, 233.00
431.36, 225.00
431.70, 234.00
432.04, 237.00
432.39, 251.00
432.73, 258.00
433.07, 263.00
433.41, 292.00
433.75, 284.00
434.09, 281.00
434.43, 283.00
434.78, 317.00
435.12, 362.00
435.46, 394.00
435.80, 369.00
436.14, 360.00
436.48, 332.00
436.82, 320.00
437.16, 303.00
437.51, 285.00
437.85, 279.00
438.19, 307.00
438.53, 266.00
438.87, 283.00
439.21, 285.00
439.55, 290.00
439.89, 298.00
440.23, 309.00
440.57, 312.00
440.91, 322.00
441.26, 308.00
441.60, 285.00
441.94, 279.00
442.28, 277.00
442.62, 273.00
442.96, 268.00
443.30, 263.00
443.64, 257.00
443.98, 257.00
444.32, 273.00
444.66, 260.00
445.00, 254.00
445.34, 278.00
445.68, 278.00
446.02, 276.00
446.36, 268.00
446.70, 275.00
447.04, 266.00
447.38, 288.00
447.72, 279.00
448.06, 282.00
448.40, 269.00
448.74, 268.00
449.08, 283.00
449.42, 265.00
449.76, 264.00
450.10, 267.00
450.44, 259.00
450.78, 273.00
451.12, 279.00
451.46, 264.00
451.80, 266.00
452.14, 250.00
452.48, 250.00
452.82, 248.00
453.16, 245.00
453.50, 263.00
453.84, 248.00
454.18, 288.00
454.52, 269.00
454.86, 281.00
455.19, 283.00
455.53, 266.00
455.87, 266.00
456.21, 286.00
456.55, 274.00
456.89, 289.00
457.23, 296.00
457.57, 295.00
457.91, 303.00
458.25, 303.00
458.59, 340.00
458.92, 367.00
459.26, 359.00
459.60, 356.00
459.94, 328.00
460.28, 284.00
460.62, 279.00
460.96, 252.00
461.30, 244.00
461.63, 248.00
461.97, 262.00
462.31, 256.00
462.65, 269.00
462.99, 288.00
463.33, 286.00
463.67, 288.00
464.00, 306.00
464.34, 320.00
464.68, 323.00
465.02, 325.00
465.36, 317.00
465.70, 296.00
466.03, 295.00
466.37, 280.00
466.71, 290.00
467.05, 303.00
467.39, 318.00
467.72, 348.00
468.06, 363.00
468.40, 386.00
468.74, 383.00
469.08, 402.00
469.41, 440.00
469.75, 478.00
470.09, 507.00
470.43, 507.00
470.76, 433.00
471.10, 394.00
471.44, 381.00
471.78, 358.00
472.11, 338.00
472.45, 338.00
472.79, 330.00
473.13, 316.00
473.46, 322.00
473.80, 305.00
474.14, 298.00
474.48, 305.00
474.81, 291.00
475.15, 287.00
475.49, 294.00
475.82, 294.00
476.16, 283.00
476.50, 286.00
476.84, 274.00
477.17, 276.00
477.51, 284.00
477.85, 283.00
478.18, 299.00
478.52, 282.00
478.86, 332.00
479.19, 292.00
479.53, 286.00
479.87, 324.00
480.20, 292.00
480.54, 307.00
480.88, 287.00
481.21, 293.00
481.55, 291.00
481.89, 286.00
482.22, 299.00
482.56, 302.00
482.90, 306.00
483.23, 308.00
483.57, 310.00
483.90, 319.00
484.24, 324.00
484.58, 333.00
484.91, 335.00
485.25, 335.00
485.58, 349.00
485.92, 354.00
486.26, 359.00
486.59, 360.00
486.93, 368.00
487.26, 370.00
487.60, 359.00
487.94, 358.00
488.27, 355.00
488.61, 350.00
488.94, 347.00
489.28, 343.00
489.61, 351.00
489.95, 350.00
490.29, 357.00
490.62, 358.00
490.96, 351.00
491.29, 357.00
491.63, 350.00
491.96, 342.00
492.30, 334.00
492.63, 339.00
492.97, 329.00
493.30, 334.00
493.64, 328.00
493.97, 340.00
494.31, 346.00
494.64, 353.00
494.98, 350.00
495.31, 354.00
495.65, 336.00
495.98, 337.00
496.32, 325.00
496.65, 351.00
496.99, 322.00
497.32, 305.00
497.66, 307.00
497.99, 305.00
498.33, 301.00
498.66, 302.00
499.00, 306.00
499.33, 298.00
499.67, 300.00
500.00, 314.00
500.34, 320.00
500.67, 336.00
501.00, 331.00
501.34, 321.00
501.67, 309.00
502.01, 305.00
502.34, 310.00
502.68, 317.00
503.01, 321.00
503.34, 318.00
503.68, 332.00
504.01, 318.00
504.35, 329.00
504.68, 346.00
505.01, 335.00
505.35, 332.00
505.68, 331.00
506.02, 339.00
506.35, 356.00
506.68, 370.00
507.02, 354.00
507.35, 341.00
507.68, 329.00
508.02, 329.00
508.35, 326.00
508.69, 329.00
509.02, 319.00
509.35, 313.00
509.69, 308.00
510.02, 316.00
510.35, 308.00
510.69, 308.00
511.02, 307.00
511.35, 310.00
511.69, 305.00
512.02, 290.00
512.35, 312.00
512.68, 312.00
513.02, 310.00
513.35, 313.00
513.68, 304.00
514.02, 314.00
514.35, 302.00
514.68, 309.00
515.01, 298.00
515.35, 301.00
515.68, 286.00
516.01, 286.00
516.35, 280.00
516.68, 280.00
517.01, 286.00
517.34, 287.00
517.68, 284.00
518.01, 293.00
518.34, 285.00
518.67, 292.00
519.01, 289.00
519.34, 295.00
519.67, 304.00
520.00, 299.00
520.33, 295.00
520.67, 297.00
521.00, 306.00
521.33, 306.00
521.66, 328.00
522.00, 317.00
522.33, 312.00
522.66, 305.00
522.99, 288.00
523.32, 295.00
523.65, 288.00
523.99, 294.00
524.32, 292.00
524.65, 294.00
524.98, 290.00
525.31, 288.00
525.65, 316.00
525.98, 286.00
526.31, 282.00
526.64, 297.00
526.97, 285.00
527.30, 285.00
527.63, 278.00
527.97, 278.00
528.30, 282.00
528.63, 280.00
528.96, 294.00
529.29, 267.00
529.62, 280.00
529.95, 268.00
530.28, 267.00
530.61, 269.00
530.95, 263.00
531.28, 263.00
531.61, 280.00
531.94, 298.00
532.27, 292.00
532.60, 289.00
532.93, 289.00
533.26, 280.00
533.59, 268.00
533.92, 279.00
534.25, 271.00
534.58, 296.00
534.91, 273.00
535.25, 267.00
535.58, 269.00
535.91, 276.00
536.24, 279.00
536.57, 286.00
536.90, 280.00
537.23, 285.00
537.56, 315.00
537.89, 291.00
538.22, 288.00
538.55, 291.00
538.88, 296.00
539.21, 404.00
539.54, 313.00
539.87, 324.00
540.20, 336.00
540.53, 354.00
540.86, 414.00
541.19, 417.00
541.52, 435.00
541.85, 453.00
542.18, 471.00
542.51, 475.00
542.84, 490.00
543.17, 480.00
543.50, 474.00
543.82, 482.00
544.15, 462.00
544.48, 477.00
544.81, 505.00
545.14, 521.00
545.47, 483.00
545.80, 476.00
546.13, 413.00
546.46, 432.00
546.79, 397.00
547.12, 367.00
547.45, 348.00
547.78, 349.00
548.10, 332.00
548.43, 325.00
548.76, 325.00
549.09, 323.00
549.42, 316.00
549.75, 307.00
550.08, 323.00
550.41, 311.00
550.74, 316.00
551.06, 308.00
551.39, 314.00
551.72, 297.00
552.05, 298.00
552.38, 291.00
552.71, 292.00
553.03, 296.00
553.36, 283.00
553.69, 285.00
554.02, 277.00
554.35, 283.00
554.68, 272.00
555.00, 279.00
555.33, 271.00
555.66, 278.00
555.99, 295.00
556.32, 286.00
556.64, 285.00
556.97, 299.00
557.30, 294.00
557.63, 301.00
557.96, 301.00
558.28, 299.00
558.61, 298.00
558.94, 301.00
559.27, 291.00
559.59, 292.00
559.92, 290.00
560.25, 283.00
560.58, 282.00
560.90, 286.00
561.23, 279.00
561.56, 279.00
561.89, 280.00
562.21, 277.00
562.54, 270.00
562.87, 263.00
563.20, 263.00
563.52, 254.00
563.85, 252.00
564.18, 274.00
564.50, 261.00
564.83, 280.00
565.16, 296.00
565.48, 243.00
565.81, 251.00
566.14, 242.00
566.47, 245.00
566.79, 247.00
567.12, 239.00
567.45, 260.00
567.77, 241.00
568.10, 247.00
568.43, 248.00
568.75, 242.00
569.08, 248.00
569.40, 280.00
569.73, 247.00
570.06, 237.00
570.38, 241.00
570.71, 244.00
571.04, 247.00
571.36, 251.00
571.69, 257.00
572.01, 258.00
572.34, 256.00
572.67, 256.00
572.99, 247.00
573.32, 258.00
573.64, 239.00
573.97, 246.00
574.30, 246.00
574.62, 245.00
574.95, 240.00
575.27, 245.00
575.60, 250.00
575.92, 254.00
576.25, 260.00
576.58, 263.00
576.90, 255.00
577.23, 280.00
577.55, 260.00
577.88, 253.00
578.20, 259.00
578.53, 261.00
578.85, 270.00
579.18, 277.00
579.50, 267.00
579.83, 270.00
580.15, 269.00
580.48, 262.00
580.80, 267.00
581.13, 275.00
581.45, 270.00
581.78, 271.00
582.10, 275.00
582.43, 283.00
582.75, 283.00
583.08, 282.00
583.40, 283.00
583.73, 344.00
584.05, 282.00
584.38, 277.00
584.70, 317.00
585.03, 283.00
585.35, 292.00
585.67, 306.00
586.00, 425.00
586.32, 545.00
586.65, 637.00
586.97, 629.00
587.30, 518.00
587.62, 456.00
587.94, 421.00
588.27, 369.00
588.59, 336.00
588.92, 325.00
589.24, 302.00
589.56, 302.00
589.89, 292.00
590.21, 276.00
590.54, 271.00
590.86, 276.00
591.18, 271.00
591.51, 277.00
591.83, 298.00
592.15, 287.00
592.48, 287.00
592.80, 291.00
593.13, 283.00
593.45, 294.00
593.77, 287.00
594.10, 287.00
594.42, 299.00
594.74, 293.00
595.07, 301.00
595.39, 300.00
595.71, 309.00
596.03, 312.00
596.36, 323.00
596.68, 324.00
597.00, 321.00
597.33, 320.00
597.65, 320.00
597.97, 326.00
598.30, 324.00
598.62, 319.00
598.94, 318.00
599.26, 320.00
599.59, 321.00
599.91, 314.00
600.23, 309.00
600.55, 294.00
600.88, 295.00
601.20, 279.00
601.52, 276.00
601.84, 264.00
602.17, 259.00
602.49, 255.00
602.81, 251.00
603.13, 249.00
603.45, 249.00
603.78, 250.00
604.10, 247.00
604.42, 239.00
604.74, 246.00
605.07, 240.00
605.39, 235.00
605.71, 237.00
606.03, 246.00
606.35, 237.00
606.67, 252.00
607.00, 250.00
607.32, 241.00
607.64, 240.00
607.96, 233.00
608.28, 251.00
608.60, 248.00
608.93, 265.00
609.25, 306.00
609.57, 340.00
609.89, 397.00
610.21, 447.00
610.53, 476.00
610.85, 461.00
611.17, 449.00
611.50, 412.00
611.82, 404.00
612.14, 381.00
612.46, 368.00
612.78, 345.00
613.10, 339.00
613.42, 317.00
613.74, 331.00
614.06, 350.00
614.38, 323.00
614.70, 336.00
615.03, 329.00
615.35, 308.00
615.67, 375.00
615.99, 274.00
616.31, 268.00
616.63, 260.00
616.95, 254.00
617.27, 249.00
617.59, 245.00
617.91, 239.00
618.23, 245.00
618.55, 237.00
618.87, 234.00
619.19, 234.00
619.51, 236.00
619.83, 238.00
620.15, 233.00
620.47, 241.00
620.79, 237.00
621.11, 244.00
621.43, 244.00
621.75, 249.00
622.07, 245.00
622.39, 244.00
622.71, 241.00
623.03, 230.00
623.35, 262.00
623.67, 233.00
623.99, 230.00
624.31, 234.00
624.63, 240.00
624.95, 237.00
625.26, 229.00
625.58, 240.00
625.90, 254.00
626.22, 229.00
626.54, 232.00
626.86, 236.00
627.18, 231.00
627.50, 240.00
627.82, 240.00
628.14, 241.00
628.46, 244.00
628.77, 240.00
629.09, 252.00
629.41, 254.00
629.73, 258.00
630.05, 263.00
630.37, 258.00
630.69, 275.00
631.00, 278.00
631.32, 280.00
631.64, 266.00
631.96, 265.00
632.28, 260.00
632.60, 249.00
632.92, 259.00
633.23, 260.00
633.55, 268.00
633.87, 260.00
634.19, 267.00
634.51, 267.00
634.82, 287.00
635.14, 285.00
635.46, 290.00
635.78, 286.00
636.10, 289.00
636.41, 287.00
636.73, 287.00
637.05, 282.00
637.37, 280.00
637.68, 277.00
638.00, 277.00
638.32, 303.00
638.64, 348.00
638.95, 389.00
639.27, 379.00
639.59, 364.00
639.91, 332.00
640.22, 320.00
640.54, 313.00
640.86, 290.00
641.18, 298.00
641.49, 306.00
641.81, 283.00
642.13, 280.00
642.44, 268.00
642.76, 264.00
643.08, 268.00
643.40, 266.00
643.71, 264.00
644.03, 272.00
644.35, 268.00
644.66, 268.00
644.98, 267.00
645.30, 261.00
645.61, 265.00
645.93, 252.00
646.25, 244.00
646.56, 247.00
646.88, 263.00
647.19, 228.00
647.51, 234.00
647.83, 226.00
648.14, 221.00
648.46, 222.00
648.78, 231.00
649.09, 235.00
649.41, 280.00
649.72, 249.00
650.04, 257.00
650.36, 250.00
650.67, 250.00
650.99, 257.00
651.30, 263.00
651.62, 256.00
651.93, 256.00
652.25, 276.00
652.57, 291.00
652.88, 258.00
653.20, 263.00
653.51, 252.00
653.83, 254.00
654.14, 236.00
654.46, 240.00
654.77, 237.00
655.09, 248.00
655.40, 255.00
655.72, 244.00
656.04, 228.00
656.35, 234.00
656.67, 223.00
656.98, 232.00
657.30, 232.00
657.61, 238.00
657.93, 253.00
658.24, 257.00
658.55, 288.00
658.87, 257.00
659.18, 254.00
659.50, 259.00
659.81, 255.00
660.13, 255.00
660.44, 258.00
660.76, 255.00
661.07, 266.00
661.39, 244.00
661.70, 238.00
662.01, 236.00
662.33, 232.00
662.64, 227.00
662.96, 219.00
663.27, 219.00
663.59, 216.00
663.90, 213.00
664.21, 210.00
664.53, 234.00
664.84, 214.00
665.16, 241.00
665.47, 222.00
665.78, 216.00
666.10, 237.00
666.41, 274.00
666.72, 279.00
667.04, 296.00
667.35, 272.00
667.67, 262.00
667.98, 256.00
668.29, 248.00
668.61, 241.00
668.92, 237.00
669.23, 229.00
669.55, 228.00
669.86, 245.00
670.17, 224.00
670.48, 217.00
670.80, 210.00
671.11, 213.00
671.42, 208.00
671.74, 212.00
672.05, 209.00
672.36, 217.00
672.68, 210.00
672.99, 209.00
673.30, 220.00
673.61, 222.00
673.93, 227.00
674.24, 238.00
674.55, 243.00
674.86, 232.00
675.18, 237.00
675.49, 248.00
675.80, 238.00
676.11, 241.00
676.43, 250.00
676.74, 242.00
677.05, 239.00
677.36, 245.00
677.67, 249.00
677.99, 235.00
678.30, 235.00
678.61, 231.00
678.92, 228.00
679.23, 219.00
679.55, 212.00
679.86, 213.00
680.17, 215.00
680.48, 214.00
680.79, 209.00
681.10, 209.00
681.42, 208.00
681.73, 205.00
682.04, 205.00
682.35, 204.00
682.66, 203.00
682.97, 207.00
683.28, 211.00
683.60, 203.00
683.91, 206.00
684.22, 221.00
684.53, 206.00
684.84, 197.00
685.15, 199.00
685.46, 221.00
685.77, 192.00
686.08, 199.00
686.40, 233.00
686.71, 200.00
687.02, 196.00
687.33, 193.00
687.64, 189.00
687.95, 188.00
688.26, 186.00
688.57, 184.00
688.88, 184.00
689.19, 183.00
689.50, 192.00
689.81, 183.00
690.12, 175.00
690.43, 201.00
690.74, 183.00
691.05, 185.00
691.36, 189.00
691.67, 184.00
691.98, 187.00
692.29, 184.00
692.60, 186.00
692.91, 188.00
693.22, 184.00
693.53, 187.00
693.84, 184.00
694.15, 180.00
694.46, 183.00
694.77, 184.00
695.08, 190.00
695.39, 183.00
695.70, 177.00
696.01, 182.00
696.32, 183.00
696.63, 182.00
696.94, 181.00
697.25, 178.00
697.56, 179.00
697.87, 187.00
698.17, 211.00
698.48, 178.00
698.79, 184.00
699.10, 179.00
699.41, 183.00
699.72, 185.00
700.03, 187.00
700.34, 182.00
700.65, 184.00
700.95, 183.00
701.26, 182.00
701.57, 180.00
701.88, 188.00
702.19, 194.00
702.50, 188.00
702.81, 189.00
703.11, 202.00
703.42, 189.00
703.73, 193.00
704.04, 198.00
704.35, 206.00
704.66, 250.00
704.96, 445.00
705.27, 653.00
705.58, 755.00
705.89, 718.00
706.20, 537.00
706.50, 456.00
706.81, 406.00
707.12, 349.00
707.43, 292.00
707.73, 260.00
708.04, 220.00
708.35, 205.00
708.66, 193.00
708.97, 186.00
709.27, 197.00
709.58, 188.00
709.89, 182.00
710.19, 180.00
710.50, 188.00
710.81, 179.00
711.12, 190.00
711.42, 186.00
711.73, 195.00
712.04, 186.00
712.35, 188.00
712.65, 181.00
712.96, 193.00
713.27, 192.00
713.57, 207.00
713.88, 208.00
714.19, 180.00
714.49, 182.00
714.80, 186.00
715.11, 178.00
715.41, 180.00
715.72, 177.00
716.03, 185.00
716.33, 183.00
716.64, 177.00
716.94, 178.00
717.25, 176.00
717.56, 182.00
717.86, 180.00
718.17, 170.00
718.48, 174.00
718.78, 176.00
719.09, 170.00
719.39, 177.00
719.70, 172.00
720.01, 176.00
720.31, 170.00
720.62, 171.00
720.92, 174.00
721.23, 179.00
721.53, 180.00
721.84, 178.00
722.15, 189.00
722.45, 183.00
722.76, 181.00
723.06, 178.00
723.37, 185.00
723.67, 180.00
723.98, 179.00
724.28, 182.00
724.59, 191.00
724.89, 187.00
725.20, 186.00
725.50, 190.00
725.81, 182.00
726.11, 184.00
726.42, 187.00
726.72, 193.00
727.03, 233.00
727.33, 200.00
727.64, 196.00
727.94, 184.00
728.25, 187.00
728.55, 185.00
728.86, 198.00
729.16, 166.00
729.46, 174.00
729.77, 173.00
730.07, 176.00
730.38, 169.00
730.68, 174.00
730.99, 177.00
731.29, 175.00
731.59, 178.00
731.90, 171.00
732.20, 175.00
732.51, 181.00
732.81, 173.00
733.11, 183.00
733.42, 174.00
733.72, 186.00
734.02, 187.00
734.33, 182.00
734.63, 179.00
734.94, 172.00
735.24, 178.00
735.54, 173.00
735.85, 181.00
736.15, 178.00
736.45, 176.00
736.76, 172.00
737.06, 172.00
737.36, 169.00
737.67, 180.00
737.97, 174.00
738.27, 168.00
738.57, 173.00
738.88, 173.00
739.18, 207.00
739.48, 169.00
739.79, 168.00
740.09, 169.00
740.39, 171.00
740.69, 178.00
741.00, 169.00
741.30, 177.00
741.60, 170.00
741.90, 176.00
742.21, 181.00
742.51, 219.00
742.81, 179.00
743.11, 183.00
743.42, 202.00
743.72, 182.00
744.02, 188.00
744.32, 188.00
744.63, 199.00
744.93, 208.00
745.23, 203.00
745.53, 205.00
745.83, 205.00
746.13, 198.00
746.44, 200.00
746.74, 198.00
747.04, 206.00
747.34, 202.00
747.64, 200.00
747.94, 202.00
748.25, 203.00
748.55, 199.00
748.85, 202.00
749.15, 207.00
749.45, 226.00
749.75, 203.00
750.05, 196.00
750.35, 183.00
750.66, 195.00
750.96, 180.00
751.26, 178.00
751.56, 181.00
751.86, 179.00
752.16, 171.00
752.46, 172.00
752.76, 171.00
753.06, 170.00
753.36, 209.00
753.66, 167.00
753.96, 176.00
754.27, 176.00
754.57, 173.00
754.87, 172.00
755.17, 175.00
755.47, 175.00
755.77, 172.00
756.07, 181.00
756.37, 182.00
756.67, 187.00
756.97, 180.00
757.27, 193.00
757.57, 183.00
757.87, 182.00
758.17, 184.00
758.47, 187.00
758.77, 194.00
759.07, 185.00
759.37, 189.00
759.67, 194.00
759.97, 190.00
760.27, 178.00
760.57, 180.00
760.86, 180.00
761.16, 177.00
761.46, 184.00
761.76, 207.00
762.06, 177.00
762.36, 182.00
762.66, 179.00
762.96, 174.00
763.26, 175.00
763.56, 197.00
763.86, 178.00
764.16, 172.00
764.45, 186.00
764.75, 172.00
765.05, 171.00
765.35, 169.00
765.65, 169.00
765.95, 169.00
766.25, 175.00
766.55, 175.00
766.84, 176.00
767.14, 174.00
767.44, 175.00
767.74, 177.00
768.04, 182.00
768.34, 173.00
768.63, 182.00
768.93, 182.00
769.23, 189.00
769.53, 185.00
769.83, 184.00
770.12, 180.00
770.42, 185.00
770.72, 184.00
771.02, 179.00
771.32, 185.00
771.61, 190.00
771.91, 188.00
772.21, 187.00
772.51, 195.00
772.80, 180.00
773.10, 182.00
773.40, 187.00
773.70, 192.00
773.99, 188.00
774.29, 202.00
774.59, 201.00
774.88, 199.00
775.18, 227.00
775.48, 493.00
775.78, 1245.00
776.07, 1878.00
776.37, 2089.00
776.67, 1829.00
776.96, 1169.00
777.26, 866.00
777.56, 650.00
777.85, 560.00
778.15, 484.00
778.45, 424.00
778.74, 365.00
779.04, 297.00
779.34, 238.00
779.63, 205.00
779.93, 188.00
780.22, 175.00
780.52, 169.00
780.82, 168.00
781.11, 170.00
781.41, 160.00
781.71, 164.00
782.00, 164.00
782.30, 167.00
782.59, 177.00
782.89, 169.00
783.19, 160.00
783.48, 163.00
783.78, 171.00
784.07, 171.00
784.37, 166.00
784.66, 159.00
784.96, 158.00
785.25, 163.00
785.55, 164.00
785.84, 164.00
786.14, 165.00
786.44, 160.00
786.73, 165.00
787.03, 158.00
787.32, 162.00
787.62, 162.00
787.91, 161.00
788.21, 166.00
788.50, 162.00
788.80, 162.00
789.09, 160.00
789.39, 159.00
789.68, 162.00
789.97, 162.00
790.27, 162.00
790.56, 167.00
790.86, 176.00
791.15, 162.00
791.45, 167.00
791.74, 176.00
792.04, 156.00
792.33, 157.00
792.62, 181.00
792.92, 157.00
793.21, 158.00
793.51, 164.00
793.80, 158.00
794.09, 158.00
794.39, 162.00
794.68, 160.00
794.98, 160.00
795.27, 155.00
795.56, 156.00
795.86, 165.00
796.15, 155.00
796.44, 165.00
796.74, 158.00
797.03, 158.00
797.32, 156.00
797.62, 158.00
797.91, 165.00
798.20, 160.00
798.50, 164.00
798.79, 165.00
799.08, 162.00
799.38, 158.00
799.67, 159.00
799.96, 165.00
800.26, 179.00
800.55, 161.00
800.84, 160.00
801.13, 160.00
801.43, 158.00
801.72, 199.00
802.01, 153.00
802.30, 158.00
802.60, 158.00
802.89, 162.00
803.18, 157.00
803.47, 158.00
803.77, 162.00
804.06, 165.00
804.35, 156.00
804.64, 175.00
804.94, 158.00
805.23, 159.00
805.52, 159.00
805.81, 155.00
806.10, 157.00
806.39, 160.00
806.69, 157.00
806.98, 159.00
807.27, 157.00
807.56, 164.00
807.85, 161.00
808.14, 160.00
808.44, 162.00
808.73, 156.00
809.02, 175.00
809.31, 162.00
809.60, 165.00
809.89, 168.00
810.18, 156.00
810.48, 163.00
810.77, 159.00
811.06, 152.00
811.35, 155.00
811.64, 159.00
811.93, 175.00
812.22, 153.00
812.51, 157.00
812.80, 156.00
813.09, 159.00
813.38, 156.00
813.67, 169.00
813.96, 160.00
814.26, 152.00
814.55, 152.00
814.84, 158.00
815.13, 161.00
815.42, 154.00
815.71, 160.00
816.00, 152.00
816.29, 161.00
816.58, 161.00
816.87, 154.00
817.16, 151.00
817.45, 158.00
817.74, 158.00
818.03, 158.00
818.32, 157.00
818.61, 154.00
818.90, 162.00
819.19, 161.00
819.48, 158.00
819.76, 156.00
820.05, 154.00
820.34, 157.00
820.63, 160.00
820.92, 152.00
821.21, 156.00
821.50, 152.00
821.79, 154.00
822.08, 149.00
822.37, 159.00
822.66, 154.00
822.95, 164.00
823.23, 151.00
823.52, 172.00
823.81, 155.00
824.10, 158.00
824.39, 158.00
824.68, 161.00
824.97, 172.00
825.26, 153.00
825.54, 199.00
825.83, 156.00
826.12, 154.00
826.41, 156.00
826.70, 154.00
826.99, 156.00
827.27, 157.00
827.56, 171.00
827.85, 150.00
828.14, 156.00
828.43, 157.00
828.71, 155.00
829.00, 152.00
829.29, 157.00
829.58, 158.00
829.86, 148.00
830.15, 152.00
830.44, 156.00
830.73, 160.00
831.01, 157.00
831.30, 148.00
831.59, 160.00
831.88, 154.00
832.16, 155.00
832.45, 159.00
832.74, 155.00
833.03, 155.00
833.31, 159.00
833.60, 159.00
833.89, 155.00
834.17, 163.00
834.46, 153.00
834.75, 158.00
835.03, 152.00
835.32, 157.00
835.61, 156.00
835.89, 164.00
836.18, 152.00
836.47, 155.00
836.75, 156.00
837.04, 158.00
837.33, 157.00
837.61, 157.00
837.90, 153.00
838.19, 154.00
838.47, 154.00
838.76, 154.00
839.04, 150.00
839.33, 154.00
839.62, 152.00
839.90, 150.00
840.19, 145.00
840.47, 150.00
840.76, 183.00
841.04, 158.00
841.33, 153.00
841.62, 153.00
841.90, 153.00
842.19, 154.00
842.47, 288.00
842.76, 152.00
843.04, 164.00
843.33, 183.00
843.61, 189.00
843.90, 193.00
844.18, 183.00
844.47, 188.00
844.75, 188.00
845.04, 174.00
845.32, 176.00
845.61, 171.00
845.89, 169.00
846.18, 164.00
846.46, 168.00
846.75, 162.00
847.03, 174.00
847.32, 164.00
847.60, 152.00
847.88, 151.00
848.17, 156.00
848.45, 173.00
848.74, 153.00
849.02, 155.00
849.31, 152.00
849.59, 160.00
849.87, 151.00
850.16, 158.00
850.44, 152.00
850.73, 176.00
851.01, 156.00
851.29, 154.00
851.58, 154.00
851.86, 152.00
852.14, 160.00
852.43, 161.00
852.71, 150.00
853.00, 154.00
853.28, 159.00
853.56, 156.00
853.85, 161.00
854.13, 153.00
854.41, 156.00
854.69, 149.00
854.98, 152.00
855.26, 203.00
855.54, 152.00
855.83, 155.00
856.11, 160.00
856.39, 155.00
856.68, 153.00
856.96, 154.00
857.24, 152.00
857.52, 159.00
857.81, 155.00
858.09, 156.00
858.37, 155.00
858.65, 155.00
858.94, 157.00
859.22, 154.00
