190.05, 0.00
190.41, 138.00
190.77, 140.00
191.14, 149.00
191.50, 146.00
191.86, 163.00
192.22, 150.00
192.58, 157.00
192.94, 154.00
193.31, 149.00
193.67, 151.00
194.03, 158.00
194.39, 155.00
194.75, 148.00
195.11, 156.00
195.47, 167.00
195.84, 151.00
196.20, 148.00
196.56, 162.00
196.92, 152.00
197.28, 155.00
197.64, 150.00
198.00, 149.00
198.37, 156.00
198.73, 152.00
199.09, 147.00
199.45, 151.00
199.81, 156.00
200.17, 155.00
200.53, 157.00
200.89, 154.00
201.25, 179.00
201.62, 154.00
201.98, 154.00
202.34, 150.00
202.70, 158.00
203.06, 158.00
203.42, 149.00
203.78, 151.00
204.14, 155.00
204.50, 173.00
204.86, 164.00
205.22, 161.00
205.58, 153.00
205.95, 156.00
206.31, 153.00
206.67, 151.00
207.03, 159.00
207.39, 165.00
207.75, 157.00
208.11, 155.00
208.47, 152.00
208.83, 155.00
209.19, 157.00
209.55, 151.00
209.91, 154.00
210.27, 161.00
210.63, 153.00
210.99, 159.00
211.35, 157.00
211.71, 154.00
212.07, 151.00
212.43, 162.00
212.79, 150.00
213.15, 148.00
213.51, 158.00
213.87, 153.00
214.23, 155.00
214.59, 149.00
214.95, 150.00
215.31, 154.00
215.67, 157.00
216.03, 179.00
216.39, 153.00
216.75, 154.00
217.11, 161.00
217.47, 155.00
217.83, 155.00
218.19, 155.00
218.55, 156.00
218.91, 156.00
219.27, 151.00
219.63, 152.00
219.99, 151.00
220.35, 155.00
220.71, 155.00
221.07, 150.00
221.43, 154.00
221.79, 152.00
222.15, 157.00
222.51, 153.00
222.87, 152.00
223.23, 151.00
223.59, 150.00
223.95, 147.00
224.31, 155.00
224.67, 154.00
225.03, 153.00
225.39, 162.00
225.74, 153.00
226.10, 150.00
226.46, 150.00
226.82, 150.00
227.18, 158.00
227.54, 157.00
227.90, 154.00
228.26, 155.00
228.62, 162.00
228.98, 153.00
229.34, 148.00
229.69, 158.00
230.05, 155.00
230.41, 150.00
230.77, 158.00
231.13, 163.00
231.49, 154.00
231.85, 159.00
232.21, 156.00
232.57, 156.00
232.92, 148.00
233.28, 151.00
233.64, 155.00
234.00, 153.00
234.36, 148.00
234.72, 157.00
235.08, 160.00
235.44, 156.00
235.79, 156.00
236.15, 157.00
236.51, 149.00
236.87, 148.00
237.23, 154.00
237.59, 150.00
237.94, 156.00
238.30, 155.00
238.66, 155.00
239.02, 154.00
239.38, 152.00
239.74, 147.00
240.09, 160.00
240.45, 150.00
240.81, 151.00
241.17, 163.00
241.53, 155.00
241.89, 153.00
242.24, 153.00
242.60, 152.00
242.96, 159.00
243.32, 155.00
243.68, 155.00
244.03, 156.00
244.39, 158.00
244.75, 176.00
245.11, 153.00
245.46, 158.00
245.82, 182.00
246.18, 157.00
246.54, 154.00
246.90, 152.00
247.25, 152.00
247.61, 147.00
247.97, 183.00
248.33, 149.00
248.68, 156.00
249.04, 152.00
249.40, 150.00
249.76, 152.00
250.11, 149.00
250.47, 153.00
250.83, 159.00
251.19, 150.00
251.54, 158.00
251.90, 154.00
252.26, 157.00
252.62, 152.00
252.97, 159.00
253.33, 153.00
253.69, 153.00
254.05, 155.00
254.40, 147.00
254.76, 146.00
255.12, 176.00
255.47, 158.00
255.83, 153.00
256.19, 155.00
256.54, 156.00
256.90, 156.00
257.26, 152.00
257.62, 155.00
257.97, 149.00
258.33, 154.00
258.69, 150.00
259.04, 153.00
259.40, 151.00
259.76, 157.00
260.11, 152.00
260.47, 145.00
260.83, 154.00
261.18, 145.00
261.54, 153.00
261.90, 160.00
262.25, 150.00
262.61, 150.00
262.97, 151.00
263.32, 153.00
263.68, 150.00
264.04, 156.00
264.39, 152.00
264.75, 155.00
265.10, 154.00
265.46, 196.00
265.82, 166.00
266.17, 153.00
266.53, 152.00
266.89, 158.00
267.24, 158.00
267.60, 149.00
267.95, 149.00
268.31, 149.00
268.67, 152.00
269.02, 155.00
269.38, 150.00
269.74, 161.00
270.09, 156.00
270.45, 156.00
270.80, 172.00
271.16, 157.00
271.51, 166.00
271.87, 163.00
272.23, 162.00
272.58, 154.00
272.94, 148.00
273.29, 153.00
273.65, 190.00
274.00, 153.00
274.36, 158.00
274.72, 153.00
275.07, 150.00
275.43, 152.00
275.78, 158.00
276.14, 156.00
276.49, 158.00
276.85, 168.00
277.20, 173.00
277.56, 155.00
277.92, 156.00
278.27, 154.00
278.63, 157.00
278.98, 152.00
279.34, 158.00
279.69, 156.00
280.05, 177.00
280.40, 164.00
280.76, 169.00
281.11, 161.00
281.47, 160.00
281.82, 162.00
282.18, 162.00
282.53, 166.00
282.89, 171.00
283.24, 175.00
283.60, 170.00
283.95, 177.00
284.31, 176.00
284.66, 178.00
285.02, 181.00
285.37, 180.00
285.73, 182.00
286.08, 182.00
286.44, 171.00
286.79, 168.00
287.14, 169.00
287.50, 165.00
287.85, 159.00
288.21, 165.00
288.56, 169.00
288.92, 173.00
289.27, 171.00
289.63, 173.00
289.98, 175.00
290.34, 168.00
290.69, 172.00
291.04, 165.00
291.40, 167.00
291.75, 164.00
292.11, 171.00
292.46, 162.00
292.81, 175.00
293.17, 168.00
293.52, 173.00
293.88, 179.00
294.23, 182.00
294.59, 200.00
294.94, 209.00
295.29, 221.00
295.65, 227.00
296.00, 237.00
296.36, 215.00
296.71, 210.00
297.06, 215.00
297.42, 213.00
297.77, 215.00
298.12, 206.00
298.48, 197.00
298.83, 190.00
299.19, 196.00
299.54, 202.00
299.89, 193.00
300.25, 199.00
300.60, 194.00
300.95, 187.00
301.31, 180.00
301.66, 173.00
302.01, 176.00
302.37, 169.00
302.72, 180.00
303.07, 184.00
303.43, 189.00
303.78, 189.00
304.13, 191.00
304.49, 196.00
304.84, 199.00
305.19, 224.00
305.55, 189.00
305.90, 203.00
306.25, 232.00
306.61, 277.00
306.96, 318.00
307.31, 380.00
307.66, 508.00
308.02, 633.00
308.37, 735.00
308.72, 817.00
309.08, 809.00
309.43, 782.00
309.78, 673.00
310.13, 600.00
310.49, 530.00
310.84, 443.00
311.19, 410.00
311.54, 379.00
311.90, 342.00
312.25, 340.00
312.60, 352.00
312.95, 433.00
313.31, 455.00
313.66, 457.00
314.01, 452.00
314.36, 461.00
314.72, 530.00
315.07, 682.00
315.42, 819.00
315.77, 850.00
316.13, 699.00
316.48, 474.00
316.83, 332.00
317.18, 254.00
317.54, 221.00
317.89, 202.00
318.24, 200.00
318.59, 199.00
318.94, 194.00
319.30, 194.00
319.65, 202.00
320.00, 196.00
320.35, 200.00
320.70, 205.00
321.05, 200.00
321.41, 207.00
321.76, 213.00
322.11, 198.00
322.46, 199.00
322.81, 233.00
323.17, 200.00
323.52, 197.00
323.87, 192.00
324.22, 190.00
324.57, 196.00
324.92, 202.00
325.27, 197.00
325.63, 216.00
325.98, 218.00
326.33, 229.00
326.68, 234.00
327.03, 222.00
327.38, 228.00
327.73, 253.00
328.09, 278.00
328.44, 315.00
328.79, 299.00
329.14, 331.00
329.49, 287.00
329.84, 273.00
330.19, 271.00
330.54, 266.00
330.89, 254.00
331.25, 226.00
331.60, 228.00
331.95, 226.00
332.30, 220.00
332.65, 233.00
333.00, 250.00
333.35, 293.00
333.70, 301.00
334.05, 279.00
334.40, 306.00
334.75, 340.00
335.10, 448.00
335.45, 632.00
335.81, 879.00
336.16, 1244.00
336.51, 1675.00
336.86, 1682.00
337.21, 1453.00
337.56, 898.00
337.91, 556.00
338.26, 364.00
338.61, 274.00
338.96, 244.00
339.31, 231.00
339.66, 226.00
340.01, 223.00
340.36, 212.00
340.71, 205.00
341.06, 198.00
341.41, 201.00
341.76, 203.00
342.11, 213.00
342.46, 206.00
342.81, 210.00
343.16, 205.00
343.51, 205.00
343.86, 207.00
344.21, 205.00
344.56, 203.00
344.91, 205.00
345.26, 208.00
345.61, 196.00
345.96, 201.00
346.31, 196.00
346.66, 224.00
347.01, 197.00
347.36, 210.00
347.71, 198.00
348.06, 199.00
348.41, 216.00
348.76, 229.00
349.10, 240.00
349.45, 263.00
349.80, 259.00
350.15, 248.00
350.50, 248.00
350.85, 254.00
351.20, 273.00
351.55, 322.00
351.90, 392.00
352.25, 487.00
352.60, 634.00
352.95, 799.00
353.30, 852.00
353.64, 787.00
353.99, 616.00
354.34, 556.00
354.69, 541.00
355.04, 562.00
355.39, 663.00
355.74, 816.00
356.09, 986.00
356.44, 1085.00
356.78, 1307.00
357.13, 1448.00
357.48, 1346.00
357.83, 1024.00
358.18, 682.00
358.53, 465.00
358.88, 310.00
359.22, 257.00
359.57, 219.00
359.92, 216.00
360.27, 220.00
360.62, 223.00
360.97, 231.00
361.32, 228.00
361.66, 228.00
362.01, 224.00
362.36, 234.00
362.71, 233.00
363.06, 236.00
363.40, 244.00
363.75, 237.00
364.10, 239.00
364.45, 231.00
364.80, 233.00
365.14, 228.00
365.49, 235.00
365.84, 231.00
366.19, 254.00
366.54, 257.00
366.88, 278.00
367.23, 244.00
367.58, 282.00
367.93, 230.00
368.28, 220.00
368.62, 222.00
368.97, 240.00
369.32, 257.00
369.67, 266.00
370.01, 324.00
370.36, 329.00
370.71, 357.00
371.06, 306.00
371.40, 274.00
371.75, 240.00
372.10, 234.00
372.45, 227.00
372.79, 249.00
373.14, 285.00
373.49, 321.00
373.83, 378.00
374.18, 453.00
374.53, 556.00
374.88, 605.00
375.22, 615.00
375.57, 487.00
375.92, 382.00
376.26, 297.00
376.61, 252.00
376.96, 231.00
377.30, 245.00
377.65, 256.00
378.00, 277.00
378.35, 340.00
378.69, 397.00
379.04, 474.00
379.39, 620.00
379.73, 723.00
380.08, 740.00
380.43, 570.00
380.77, 421.00
381.12, 345.00
381.47, 299.00
381.81, 247.00
382.16, 235.00
382.50, 241.00
382.85, 303.00
383.20, 247.00
383.54, 257.00
383.89, 267.00
384.24, 281.00
384.58, 288.00
384.93, 328.00
385.27, 343.00
385.62, 338.00
385.97, 340.00
386.31, 325.00
386.66, 342.00
387.00, 323.00
387.35, 349.00
387.70, 395.00
388.04, 542.00
388.39, 599.00
388.73, 740.00
389.08, 892.00
389.43, 1113.00
389.77, 1338.00
390.12, 1658.00
390.46, 2319.00
390.81, 2556.00
391.15, 2419.00
391.50, 1744.00
391.85, 1039.00
392.19, 687.00
392.54, 447.00
392.88, 340.00
393.23, 341.00
393.57, 337.00
393.92, 326.00
394.26, 285.00
394.61, 263.00
394.95, 238.00
395.30, 221.00
395.64, 223.00
395.99, 251.00
396.33, 230.00
396.68, 235.00
397.02, 232.00
397.37, 259.00
397.71, 282.00
398.06, 310.00
398.40, 334.00
398.75, 402.00
399.09, 429.00
399.44, 426.00
399.78, 366.00
400.13, 303.00
400.47, 256.00
400.82, 230.00
401.16, 219.00
401.51, 221.00
401.85, 211.00
402.20, 215.00
402.54, 228.00
402.88, 241.00
403.23, 240.00
403.57, 260.00
403.92, 288.00
404.26, 370.00
404.61, 355.00
404.95, 423.00
405.30, 393.00
405.64, 362.00
405.98, 330.00
406.33, 276.00
406.67, 243.00
407.02, 237.00
407.36, 251.00
407.70, 257.00
408.05, 259.00
408.39, 271.00
408.74, 288.00
409.08, 293.00
409.42, 273.00
409.77, 264.00
410.11, 267.00
410.46, 256.00
410.80, 271.00
411.14, 281.00
411.49, 301.00
411.83, 297.00
412.17, 306.00
412.52, 304.00
412.86, 329.00
413.20, 330.00
413.55, 332.00
413.89, 305.00
414.23, 289.00
414.58, 307.00
414.92, 268.00
415.26, 253.00
415.61, 257.00
415.95, 265.00
416.29, 272.00
416.64, 269.00
416.98, 285.00
417.32, 295.00
417.67, 325.00
418.01, 351.00
418.35, 377.00
418.70, 437.00
419.04, 498.00
419.38, 473.00
419.72, 463.00
420.07, 375.00
420.41, 307.00
420.75, 275.00
421.10, 265.00
421.44, 267.00
421.78, 268.00
422.12, 265.00
422.47, 293.00
422.81, 316.00
423.15, 327.00
423.49, 317.00
423.84, 293.00
424.18, 317.00
424.52, 337.00
424.86, 398.00
425.21, 495.00
425.55, 546.00
425.89, 655.00
426.23, 760.00
426.57, 963.00
426.92, 1039.00
427.26, 1116.00
427.60, 915.00
427.94, 612.00
428.28, 439.00
428.63, 345.00
428.97, 291.00
429.31, 256.00
429.65, 243.00
429.99, 232.00
430.34, 221.00
430.68, 233.00
431.02, 236.00
431.36, 222.00
431.70, 235.00
432.04, 244.00
432.39, 245.00
432.73, 260.00
433.07, 267.00
433.41, 288.00
433.75, 285.00
434.09, 280.00
434.43, 280.00
434.78, 314.00
435.12, 355.00
435.46, 389.00
435.80, 369.00
436.14, 362.00
436.48, 322.00
436.82, 326.00
437.16, 306.00
437.51, 285.00
437.85, 275.00
438.19, 307.00
438.53, 274.00
438.87, 276.00
439.21, 283.00
439.55, 290.00
439.89, 304.00
440.23, 298.00
440.57, 315.00
440.91, 319.00
441.26, 309.00
441.60, 290.00
441.94, 280.00
442.28, 271.00
442.62, 275.00
442.96, 260.00
443.30, 260.00
443.64, 262.00
443.98, 258.00
444.32, 268.00
444.66, 244.00
445.00, 264.00
445.34, 276.00
445.68, 271.00
446.02, 272.00
446.36, 266.00
446.70, 272.00
447.04, 276.00
447.38, 292.00
447.72, 278.00
448.06, 282.00
448.40, 275.00
448.74, 269.00
449.08, 275.00
449.42, 267.00
449.76, 265.00
450.10, 260.00
450.44, 258.00
450.78, 259.00
451.12, 277.00
451.46, 264.00
451.80, 258.00
452.14, 242.00
452.48, 245.00
452.82, 245.00
453.16, 246.00
453.50, 264.00
453.84, 243.00
454.18, 284.00
454.52, 270.00
454.86, 271.00
455.19, 294.00
455.53, 265.00
455.87, 274.00
456.21, 284.00
456.55, 282.00
456.89, 280.00
457.23, 295.00
457.57, 287.00
457.91, 297.00
458.25, 303.00
458.59, 337.00
458.92, 364.00
459.26, 350.00
459.60, 353.00
459.94, 317.00
460.28, 275.00
460.62, 275.00
460.96, 263.00
461.30, 243.00
461.63, 258.00
461.97, 257.00
462.31, 262.00
462.65, 267.00
462.99, 268.00
463.33, 281.00
463.67, 290.00
464.00, 312.00
464.34, 301.00
464.68, 321.00
465.02, 325.00
465.36, 317.00
465.70, 296.00
466.03, 291.00
466.37, 274.00
466.71, 285.00
467.05, 304.00
467.39, 325.00
467.72, 347.00
468.06, 363.00
468.40, 392.00
468.74, 385.00
469.08, 395.00
469.41, 438.00
469.75, 472.00
470.09, 517.00
470.43, 504.00
470.76, 424.00
471.10, 402.00
471.44, 374.00
471.78, 353.00
472.11, 346.00
472.45, 334.00
472.79, 321.00
473.13, 314.00
473.46, 323.00
473.80, 305.00
474.14, 307.00
474.48, 304.00
474.81, 298.00
475.15, 298.00
475.49, 299.00
475.82, 297.00
476.16, 284.00
476.50, 284.00
476.84, 284.00
477.17, 280.00
477.51, 279.00
477.85, 280.00
478.18, 299.00
478.52, 279.00
478.86, 326.00
479.19, 300.00
479.53, 281.00
479.87, 322.00
480.20, 299.00
480.54, 295.00
480.88, 288.00
481.21, 291.00
481.55, 280.00
481.89, 289.00
482.22, 294.00
482.56, 307.00
482.90, 303.00
483.23, 303.00
483.57, 316.00
483.90, 314.00
484.24, 319.00
484.58, 325.00
484.91, 337.00
485.25, 339.00
485.58, 350.00
485.92, 354.00
486.26, 345.00
486.59, 363.00
486.93, 360.00
487.26, 359.00
487.60, 377.00
487.94, 359.00
488.27, 363.00
488.61, 345.00
488.94, 347.00
489.28, 344.00
489.61, 340.00
489.95, 345.00
490.29, 348.00
490.62, 351.00
490.96, 348.00
491.29, 352.00
491.63, 344.00
491.96, 337.00
492.30, 339.00
492.63, 345.00
492.97, 333.00
493.30, 338.00
493.64, 333.00
493.97, 335.00
494.31, 337.00
494.64, 351.00
494.98, 340.00
495.31, 351.00
495.65, 338.00
495.98, 325.00
496.32, 321.00
496.65, 355.00
496.99, 320.00
497.32, 310.00
497.66, 310.00
497.99, 305.00
498.33, 306.00
498.66, 291.00
499.00, 309.00
499.33, 298.00
499.67, 294.00
500.00, 303.00
500.34, 332.00
500.67, 336.00
501.00, 326.00
501.34, 312.00
501.67, 308.00
502.01, 306.00
502.34, 304.00
502.68, 316.00
503.01, 327.00
503.34, 324.00
503.68, 324.00
504.01, 331.00
504.35, 334.00
504.68, 342.00
505.01, 343.00
505.35, 338.00
505.68, 328.00
506.02, 336.00
506.35, 354.00
506.68, 360.00
507.02, 356.00
507.35, 338.00
507.68, 336.00
508.02, 330.00
508.35, 331.00
508.69, 324.00
509.02, 317.00
509.35, 320.00
509.69, 312.00
510.02, 321.00
510.35, 307.00
510.69, 302.00
511.02, 306.00
511.35, 302.00
511.69, 304.00
512.02, 306.00
512.35, 309.00
512.68, 309.00
513.02, 314.00
513.35, 306.00
513.68, 310.00
514.02, 308.00
514.35, 295.00
514.68, 300.00
515.01, 292.00
515.35, 295.00
515.68, 289.00
516.01, 284.00
516.35, 281.00
516.68, 288.00
517.01, 279.00
517.34, 286.00
517.68, 280.00
518.01, 287.00
518.34, 282.00
518.67, 287.00
519.01, 288.00
519.34, 293.00
519.67, 303.00
520.00, 296.00
520.33, 291.00
520.67, 294.00
521.00, 292.00
521.33, 301.00
521.66, 319.00
522.00, 325.00
522.33, 312.00
522.66, 297.00
522.99, 295.00
523.32, 292.00
523.65, 289.00
523.99, 296.00
524.32, 286.00
524.65, 287.00
524.98, 290.00
525.31, 295.00
525.65, 312.00
525.98, 288.00
526.31, 286.00
526.64, 292.00
526.97, 294.00
527.30, 281.00
527.63, 274.00
527.97, 277.00
528.30, 276.00
528.63, 281.00
528.96, 300.00
529.29, 267.00
529.62, 280.00
529.95, 268.00
530.28, 273.00
530.61, 268.00
530.95, 276.00
531.28, 266.00
531.61, 279.00
531.94, 288.00
532.27, 290.00
532.60, 294.00
532.93, 289.00
533.26, 275.00
533.59, 277.00
533.92, 274.00
534.25, 272.00
534.58, 305.00
534.91, 271.00
535.25, 264.00
535.58, 270.00
535.91, 269.00
536.24, 285.00
536.57, 274.00
536.90, 273.00
537.23, 278.00
537.56, 312.00
537.89, 283.00
538.22, 285.00
538.55, 289.00
538.88, 290.00
539.21, 397.00
539.54, 305.00
539.87, 317.00
540.20, 327.00
540.53, 356.00
540.86, 407.00
541.19, 408.00
541.52, 437.00
541.85, 447.00
542.18, 474.00
542.51, 477.00
542.84, 489.00
543.17, 480.00
543.50, 489.00
543.82, 476.00
544.15, 461.00
544.48, 483.00
544.81, 495.00
545.14, 523.00
545.47, 491.00
545.80, 483.00
546.13, 428.00
546.46, 437.00
546.79, 395.00
547.12, 356.00
547.45, 347.00
547.78, 351.00
548.10, 334.00
548.43, 326.00
548.76, 320.00
549.09, 320.00
549.42, 315.00
549.75, 308.00
550.08, 311.00
550.41, 316.00
550.74, 325.00
551.06, 303.00
551.39, 316.00
551.72, 296.00
552.05, 298.00
552.38, 287.00
552.71, 285.00
553.03, 297.00
553.36, 289.00
553.69, 278.00
554.02, 275.00
554.35, 282.00
554.68, 270.00
555.00, 284.00
555.33, 276.00
555.66, 277.00
555.99, 295.00
556.32, 288.00
556.64, 286.00
556.97, 299.00
557.30, 302.00
557.63, 300.00
557.96, 296.00
558.28, 306.00
558.61, 293.00
558.94, 296.00
559.27, 294.00
559.59, 289.00
559.92, 285.00
560.25, 287.00
560.58, 288.00
560.90, 293.00
561.23, 281.00
561.56, 277.00
561.89, 278.00
562.21, 278.00
562.54, 269.00
562.87, 265.00
563.20, 259.00
563.52, 259.00
563.85, 254.00
564.18, 278.00
564.50, 255.00
564.83, 279.00
565.16, 295.00
565.48, 238.00
565.81, 255.00
566.14, 238.00
566.47, 241.00
566.79, 241.00
567.12, 228.00
567.45, 264.00
567.77, 236.00
568.10, 241.00
568.43, 247.00
568.75, 238.00
569.08, 241.00
569.40, 279.00
569.73, 244.00
570.06, 240.00
570.38, 245.00
570.71, 234.00
571.04, 243.00
571.36, 252.00
571.69, 252.00
572.01, 253.00
572.34, 252.00
572.67, 252.00
572.99, 251.00
573.32, 265.00
573.64, 249.00
573.97, 237.00
574.30, 250.00
574.62, 241.00
574.95, 243.00
575.27, 245.00
575.60, 253.00
575.92, 250.00
576.25, 254.00
576.58, 257.00
576.90, 252.00
577.23, 285.00
577.55, 251.00
577.88, 249.00
578.20, 260.00
578.53, 257.00
578.85, 268.00
579.18, 274.00
579.50, 261.00
579.83, 262.00
580.15, 268.00
580.48, 266.00
580.80, 266.00
581.13, 268.00
581.45, 268.00
581.78, 266.00
582.10, 277.00
582.43, 274.00
582.75, 276.00
583.08, 282.00
583.40, 273.00
583.73, 340.00
584.05, 285.00
584.38, 273.00
584.70, 320.00
585.03, 281.00
585.35, 289.00
585.67, 304.00
586.00, 414.00
586.32, 539.00
586.65, 603.00
586.97, 614.00
587.30, 489.00
587.62, 435.00
587.94, 403.00
588.27, 343.00
588.59, 330.00
588.92, 308.00
589.24, 303.00
589.56, 294.00
589.89, 292.00
590.21, 277.00
590.54, 269.00
590.86, 264.00
591.18, 273.00
591.51, 281.00
591.83, 288.00
592.15, 289.00
592.48, 282.00
592.80, 293.00
593.13, 290.00
593.45, 282.00
593.77, 282.00
594.10, 294.00
594.42, 291.00
594.74, 290.00
595.07, 300.00
595.39, 299.00
595.71, 312.00
596.03, 315.00
596.36, 319.00
596.68, 312.00
597.00, 316.00
597.33, 320.00
597.65, 325.00
597.97, 322.00
598.30, 323.00
598.62, 318.00
598.94, 327.00
599.26, 317.00
599.59, 319.00
599.91, 317.00
600.23, 302.00
600.55, 298.00
600.88, 285.00
601.20, 288.00
601.52, 270.00
601.84, 262.00
602.17, 261.00
602.49, 259.00
602.81, 251.00
603.13, 254.00
603.45, 247.00
603.78, 245.00
604.10, 241.00
604.42, 238.00
604.74, 245.00
605.07, 252.00
605.39, 239.00
605.71, 237.00
606.03, 241.00
606.35, 240.00
606.67, 249.00
607.00, 247.00
607.32, 241.00
607.64, 245.00
607.96, 246.00
608.28, 245.00
608.60, 254.00
608.93, 259.00
609.25, 291.00
609.57, 335.00
609.89, 393.00
610.21, 444.00
610.53, 477.00
610.85, 465.00
611.17, 444.00
611.50, 418.00
611.82, 392.00
612.14, 368.00
612.46, 354.00
612.78, 348.00
613.10, 335.00
613.42, 317.00
613.74, 319.00
614.06, 343.00
614.38, 337.00
614.70, 326.00
615.03, 324.00
615.35, 302.00
615.67, 380.00
615.99, 273.00
616.31, 261.00
616.63, 263.00
616.95, 253.00
617.27, 241.00
617.59, 240.00
617.91, 237.00
618.23, 246.00
618.55, 234.00
618.87, 230.00
619.19, 234.00
619.51, 234.00
619.83, 236.00
620.15, 232.00
620.47, 235.00
620.79, 242.00
621.11, 241.00
621.43, 246.00
621.75, 244.00
622.07, 247.00
622.39, 233.00
622.71, 237.00
623.03, 235.00
623.35, 276.00
623.67, 238.00
623.99, 232.00
624.31, 228.00
624.63, 238.00
624.95, 230.00
625.26, 235.00
625.58, 226.00
625.90, 253.00
626.22, 230.00
626.54, 231.00
626.86, 241.00
627.18, 233.00
627.50, 234.00
627.82, 225.00
628.14, 233.00
628.46, 240.00
628.77, 239.00
629.09, 240.00
629.41, 248.00
629.73, 245.00
630.05, 267.00
630.37, 255.00
630.69, 266.00
631.00, 279.00
631.32, 268.00
631.64, 256.00
631.96, 258.00
632.28, 254.00
632.60, 261.00
632.92, 248.00
633.23, 258.00
633.55, 264.00
633.87, 264.00
634.19, 264.00
634.51, 275.00
634.82, 286.00
635.14, 286.00
635.46, 284.00
635.78, 290.00
636.10, 285.00
636.41, 279.00
636.73, 282.00
637.05, 281.00
637.37, 285.00
637.68, 273.00
638.00, 276.00
638.32, 293.00
638.64, 346.00
638.95, 380.00
639.27, 376.00
639.59, 358.00
639.91, 332.00
640.22, 312.00
640.54, 301.00
640.86, 291.00
641.18, 291.00
641.49, 297.00
641.81, 275.00
642.13, 278.00
642.44, 262.00
642.76, 265.00
643.08, 260.00
643.40, 263.00
643.71, 258.00
644.03, 267.00
644.35, 267.00
644.66, 269.00
644.98, 269.00
645.30, 257.00
645.61, 266.00
645.93, 246.00
646.25, 237.00
646.56, 245.00
646.88, 264.00
647.19, 233.00
647.51, 226.00
647.83, 223.00
648.14, 217.00
648.46, 226.00
648.78, 233.00
649.09, 241.00
649.41, 284.00
649.72, 246.00
650.04, 255.00
650.36, 257.00
650.67, 259.00
650.99, 255.00
651.30, 253.00
651.62, 256.00
651.93, 258.00
652.25, 269.00
652.57, 285.00
652.88, 258.00
653.20, 262.00
653.51, 251.00
653.83, 250.00
654.14, 232.00
654.46, 242.00
654.77, 244.00
655.09, 243.00
655.40, 252.00
655.72, 238.00
656.04, 228.00
656.35, 226.00
656.67, 224.00
656.98, 232.00
657.30, 234.00
657.61, 236.00
657.93, 240.00
658.24, 258.00
658.55, 289.00
658.87, 264.00
659.18, 255.00
659.50, 250.00
659.81, 254.00
660.13, 250.00
660.44, 256.00
660.76, 253.00
661.07, 260.00
661.39, 251.00
661.70, 233.00
662.01, 222.00
662.33, 229.00
662.64, 226.00
662.96, 220.00
663.27, 219.00
663.59, 217.00
663.90, 217.00
664.21, 199.00
664.53, 228.00
664.84, 215.00
665.16, 241.00
665.47, 214.00
665.78, 218.00
666.10, 245.00
666.41, 255.00
666.72, 279.00
667.04, 290.00
667.35, 268.00
667.67, 259.00
667.98, 257.00
668.29, 248.00
668.61, 240.00
668.92, 233.00
669.23, 233.00
669.55, 229.00
669.86, 243.00
670.17, 220.00
670.48, 212.00
670.80, 216.00
671.11, 206.00
671.42, 201.00
671.74, 213.00
672.05, 208.00
672.36, 217.00
672.68, 209.00
672.99, 221.00
673.30, 213.00
673.61, 226.00
673.93, 226.00
674.24, 228.00
674.55, 232.00
674.86, 233.00
675.18, 243.00
675.49, 244.00
675.80, 235.00
676.11, 247.00
676.43, 248.00
676.74, 244.00
677.05, 245.00
677.36, 255.00
677.67, 242.00
677.99, 239.00
678.30, 230.00
678.61, 231.00
678.92, 223.00
679.23, 224.00
679.55, 218.00
679.86, 220.00
680.17, 208.00
680.48, 211.00
680.79, 213.00
681.10, 200.00
681.42, 204.00
681.73, 199.00
682.04, 199.00
682.35, 197.00
682.66, 206.00
682.97, 202.00
683.28, 204.00
683.60, 205.00
683.91, 199.00
684.22, 218.00
684.53, 209.00
684.84, 198.00
685.15, 201.00
685.46, 221.00
685.77, 199.00
686.08, 200.00
686.40, 220.00
686.71, 202.00
687.02, 190.00
687.33, 190.00
687.64, 184.00
687.95, 182.00
688.26, 190.00
688.57, 184.00
688.88, 189.00
689.19, 183.00
689.50, 182.00
689.81, 181.00
690.12, 182.00
690.43, 199.00
690.74, 179.00
691.05, 183.00
691.36, 197.00
691.67, 176.00
691.98, 183.00
692.29, 179.00
692.60, 187.00
692.91, 180.00
693.22, 178.00
693.53, 178.00
693.84, 186.00
694.15, 175.00
694.46, 179.00
694.77, 177.00
695.08, 182.00
695.39, 192.00
695.70, 176.00
696.01, 183.00
696.32, 180.00
696.63, 172.00
696.94, 187.00
697.25, 180.00
697.56, 182.00
697.87, 190.00
698.17, 218.00
698.48, 179.00
698.79, 178.00
699.10, 179.00
699.41, 185.00
699.72, 179.00
700.03, 178.00
700.34, 180.00
700.65, 188.00
700.95, 182.00
701.26, 182.00
701.57, 181.00
701.88, 181.00
702.19, 201.00
702.50, 189.00
702.81, 184.00
703.11, 208.00
703.42, 183.00
703.73, 187.00
704.04, 196.00
704.35, 205.00
704.66, 242.00
704.96, 457.00
705.27, 625.00
705.58, 729.00
705.89, 682.00
706.20, 518.00
706.50, 440.00
706.81, 387.00
707.12, 321.00
707.43, 290.00
707.73, 248.00
708.04, 210.00
708.35, 207.00
708.66, 196.00
708.97, 191.00
709.27, 190.00
709.58, 180.00
709.89, 183.00
710.19, 184.00
710.50, 185.00
710.81, 190.00
711.12, 188.00
711.42, 191.00
711.73, 196.00
712.04, 192.00
712.35, 189.00
712.65, 189.00
712.96, 185.00
713.27, 183.00
713.57, 208.00
713.88, 195.00
714.19, 183.00
714.49, 179.00
714.80, 184.00
715.11, 179.00
715.41, 177.00
715.72, 175.00
716.03, 177.00
716.33, 183.00
716.64, 174.00
716.94, 182.00
717.25, 181.00
717.56, 181.00
717.86, 179.00
718.17, 170.00
718.48, 166.00
718.78, 170.00
719.09, 167.00
719.39, 166.00
719.70, 178.00
720.01, 174.00
720.31, 170.00
720.62, 174.00
720.92, 176.00
721.23, 181.00
721.53, 190.00
721.84, 183.00
722.15, 187.00
722.45, 182.00
722.76, 185.00
723.06, 178.00
723.37, 182.00
723.67, 179.00
723.98, 180.00
724.28, 182.00
724.59, 186.00
724.89, 188.00
725.20, 182.00
725.50, 189.00
725.81, 182.00
726.11, 187.00
726.42, 182.00
726.72, 189.00
727.03, 226.00
727.33, 195.00
727.64, 192.00
727.94, 180.00
728.25, 169.00
728.55, 180.00
728.86, 199.00
729.16, 175.00
729.46, 176.00
729.77, 178.00
730.07, 173.00
730.38, 169.00
730.68, 171.00
730.99, 183.00
731.29, 174.00
731.59, 178.00
731.90, 168.00
732.20, 174.00
732.51, 181.00
732.81, 179.00
733.11, 185.00
733.42, 177.00
733.72, 181.00
734.02, 183.00
734.33, 173.00
734.63, 179.00
734.94, 176.00
735.24, 179.00
735.54, 174.00
735.85, 176.00
736.15, 171.00
736.45, 176.00
736.76, 173.00
737.06, 174.00
737.36, 175.00
737.67, 175.00
737.97, 177.00
738.27, 166.00
738.57, 172.00
738.88, 169.00
739.18, 198.00
739.48, 171.00
739.79, 166.00
740.09, 171.00
740.39, 170.00
740.69, 179.00
741.00, 166.00
741.30, 179.00
741.60, 171.00
741.90, 172.00
742.21, 178.00
742.51, 214.00
742.81, 179.00
743.11, 181.00
743.42, 204.00
743.72, 188.00
744.02, 194.00
744.32, 187.00
744.63, 198.00
744.93, 207.00
745.23, 199.00
745.53, 202.00
745.83, 197.00
746.13, 199.00
746.44, 195.00
746.74, 198.00
747.04, 199.00
747.34, 196.00
747.64, 197.00
747.94, 202.00
748.25, 204.00
748.55, 197.00
748.85, 205.00
749.15, 210.00
749.45, 232.00
749.75, 205.00
750.05, 186.00
750.35, 190.00
750.66, 197.00
750.96, 181.00
751.26, 179.00
751.56, 172.00
751.86, 181.00
752.16, 167.00
752.46, 177.00
752.76, 170.00
753.06, 171.00
753.36, 212.00
753.66, 172.00
753.96, 177.00
754.27, 169.00
754.57, 170.00
754.87, 177.00
755.17, 173.00
755.47, 176.00
755.77, 177.00
756.07, 183.00
756.37, 187.00
756.67, 186.00
756.97, 186.00
757.27, 188.00
757.57, 182.00
757.87, 189.00
758.17, 181.00
758.47, 182.00
758.77, 190.00
759.07, 183.00
759.37, 186.00
759.67, 177.00
759.97, 187.00
760.27, 189.00
760.57, 182.00
760.86, 183.00
761.16, 182.00
761.46, 177.00
761.76, 211.00
762.06, 176.00
762.36, 182.00
762.66, 175.00
762.96, 179.00
763.26, 176.00
763.56, 198.00
763.86, 178.00
764.16, 167.00
764.45, 185.00
764.75, 170.00
765.05, 173.00
765.35, 171.00
765.65, 170.00
765.95, 167.00
766.25, 175.00
766.55, 178.00
766.84, 175.00
767.14, 173.00
767.44, 169.00
767.74, 177.00
768.04, 180.00
768.34, 174.00
768.63, 184.00
768.93, 180.00
769.23, 180.00
769.53, 179.00
769.83, 185.00
770.12, 180.00
770.42, 180.00
770.72, 182.00
771.02, 186.00
771.32, 188.00
771.61, 182.00
771.91, 187.00
772.21, 185.00
772.51, 182.00
772.80, 186.00
773.10, 182.00
773.40, 186.00
773.70, 184.00
773.99, 190.00
774.29, 195.00
774.59, 203.00
774.88, 193.00
775.18, 223.00
775.48, 518.00
775.78, 1261.00
776.07, 1886.00
776.37, 2108.00
776.67, 1782.00
776.96, 1152.00
777.26, 831.00
777.56, 623.00
777.85, 538.00
778.15, 462.00
778.45, 407.00
778.74, 345.00
779.04, 282.00
779.34, 222.00
779.63, 201.00
779.93, 184.00
780.22, 170.00
780.52, 167.00
780.82, 165.00
781.11, 163.00
781.41, 167.00
781.71, 162.00
782.00, 164.00
782.30, 165.00
782.59, 178.00
782.89, 161.00
783.19, 159.00
783.48, 165.00
783.78, 164.00
784.07, 168.00
784.37, 167.00
784.66, 167.00
784.96, 159.00
785.25, 162.00
785.55, 162.00
785.84, 166.00
786.14, 163.00
786.44, 161.00
786.73, 163.00
787.03, 163.00
787.32, 162.00
787.62, 160.00
787.91, 155.00
788.21, 161.00
788.50, 154.00
788.80, 162.00
789.09, 166.00
789.39, 168.00
789.68, 159.00
789.97, 166.00
790.27, 157.00
790.56, 159.00
790.86, 172.00
791.15, 161.00
791.45, 157.00
791.74, 177.00
792.04, 154.00
792.33, 156.00
792.62, 185.00
792.92, 160.00
793.21, 164.00
793.51, 162.00
793.80, 156.00
794.09, 160.00
794.39, 162.00
794.68, 155.00
794.98, 160.00
795.27, 157.00
795.56, 159.00
795.86, 155.00
796.15, 158.00
796.44, 165.00
796.74, 158.00
797.03, 157.00
797.32, 156.00
797.62, 156.00
797.91, 165.00
798.20, 155.00
798.50, 166.00
798.79, 167.00
799.08, 161.00
799.38, 157.00
799.67, 157.00
799.96, 176.00
800.26, 177.00
800.55, 155.00
800.84, 160.00
801.13, 160.00
801.43, 157.00
801.72, 192.00
802.01, 159.00
802.30, 162.00
802.60, 156.00
802.89, 163.00
803.18, 158.00
803.47, 159.00
803.77, 163.00
804.06, 165.00
804.35, 164.00
804.64, 177.00
804.94, 158.00
805.23, 160.00
805.52, 159.00
805.81, 159.00
806.10, 155.00
806.39, 157.00
806.69, 161.00
806.98, 155.00
807.27, 164.00
807.56, 162.00
807.85, 160.00
808.14, 154.00
808.44, 165.00
808.73, 162.00
809.02, 172.00
809.31, 153.00
809.60, 163.00
809.89, 170.00
810.18, 154.00
810.48, 169.00
810.77, 161.00
811.06, 160.00
811.35, 156.00
811.64, 162.00
811.93, 174.00
812.22, 154.00
812.51, 155.00
812.80, 155.00
813.09, 150.00
813.38, 151.00
813.67, 175.00
813.96, 152.00
814.26, 157.00
814.55, 154.00
814.84, 154.00
815.13, 162.00
815.42, 156.00
815.71, 156.00
816.00, 153.00
816.29, 163.00
816.58, 158.00
816.87, 157.00
817.16, 149.00
817.45, 164.00
817.74, 154.00
818.03, 155.00
818.32, 153.00
818.61, 163.00
818.90, 154.00
819.19, 156.00
819.48, 159.00
819.76, 148.00
820.05, 157.00
820.34, 153.00
820.63, 158.00
820.92, 153.00
821.21, 155.00
821.50, 154.00
821.79, 152.00
822.08, 154.00
822.37, 151.00
822.66, 151.00
822.95, 162.00
823.23, 154.00
823.52, 172.00
823.81, 158.00
824.10, 153.00
824.39, 160.00
824.68, 158.00
824.97, 165.00
825.26, 153.00
825.54, 199.00
825.83, 158.00
826.12, 153.00
826.41, 153.00
826.70, 150.00
826.99, 159.00
827.27, 154.00
827.56, 173.00
827.85, 155.00
828.14, 155.00
828.43, 160.00
828.71, 162.00
829.00, 148.00
829.29, 159.00
829.58, 155.00
829.86, 152.00
830.15, 152.00
830.44, 155.00
830.73, 156.00
831.01, 154.00
831.30, 151.00
831.59, 153.00
831.88, 152.00
832.16, 153.00
832.45, 160.00
832.74, 149.00
833.03, 151.00
833.31, 154.00
833.60, 152.00
833.89, 152.00
834.17, 157.00
834.46, 151.00
834.75, 156.00
835.03, 155.00
835.32, 154.00
835.61, 160.00
835.89, 171.00
836.18, 154.00
836.47, 154.00
836.75, 154.00
837.04, 157.00
837.33, 157.00
837.61, 149.00
837.90, 149.00
838.19, 159.00
838.47, 153.00
838.76, 150.00
839.04, 160.00
839.33, 153.00
839.62, 152.00
839.90, 152.00
840.19, 147.00
840.47, 154.00
840.76, 176.00
841.04, 154.00
841.33, 157.00
841.62, 151.00
841.90, 149.00
842.19, 154.00
842.47, 180.00
842.76, 157.00
843.04, 165.00
843.33, 193.00
843.61, 184.00
843.90, 194.00
844.18, 197.00
844.47, 185.00
844.75, 183.00
845.04, 174.00
845.32, 173.00
845.61, 174.00
845.89, 166.00
846.18, 165.00
846.46, 169.00
846.75, 162.00
847.03, 170.00
847.32, 155.00
847.60, 155.00
847.88, 153.00
848.17, 155.00
848.45, 171.00
848.74, 157.00
849.02, 160.00
849.31, 150.00
849.59, 150.00
849.87, 154.00
850.16, 155.00
850.44, 159.00
850.73, 183.00
851.01, 161.00
851.29, 156.00
851.58, 154.00
851.86, 158.00
852.14, 154.00
852.43, 158.00
852.71, 157.00
853.00, 154.00
853.28, 159.00
853.56, 155.00
853.85, 154.00
854.13, 155.00
854.41, 155.00
854.69, 152.00
854.98, 160.00
855.26, 201.00
855.54, 155.00
855.83, 153.00
856.11, 157.00
856.39, 156.00
856.68, 150.00
856.96, 153.00
857.24, 158.00
857.52, 156.00
857.81, 147.00
858.09, 147.00
858.37, 151.00
858.65, 152.00
858.94, 153.00
859.22, 152.00
