0386,21.72,22.36,1019,22.36,40.00,100.00
2016-06-06_15:28:15.396-06-06_15:28:16.402,22.22,22.28,1019,22.28,40.00,100.00
2016-06-06_15:28:16.412,22.22,22.28,1020,22.28,40.00,100.00
2016-06-06_15:28:16.422,22.22,22.28,1018,22.28,40.00,100.00
2016-06-06_15:28:16.433,22.22,22.28,1019,22.28,40.00,100.00
2016-06-06_15:28:16.444,22.22,22.28,1019,22.28,40.00,100.00
2016-06-06_15:28:16.454,22.22,22.28,1019,22.28,40.00,100.00
2016-06-06_15:28:16.464,22.22,22.36,1019,22.36,40.00,100.00
2016-06-06_15:28:16.474,22.22,22.36,1019,22.36,40.00,100.00
2016-06-06_15:28:16.484,22.22,22.36,1019,22.36,40.00,100.00
2016-06-06_15:28:16.495,22.22,22.36,1019,22.36,40.00,100.00
2016-06-06_15:28:16.505,22.22,22.36,1019,22.36,40.00,100.00
2016-06-06_15:28:16.515,21.74,22.36,1019,22.36,40.00,100.00
2016-06-06_15:28:16.526,21.74,22.36,1019,22.36,40.00,100.00
2016-06-06_15:28:16.537,21.74,22.36,1019,22.36,40.00,100.00
2016-06-06_15:28:16.547,21.74,22.36,1019,22.36,40.00,100.00
2016-06-06_15:28:16.557,21.74,22.36,1019,22.36,40.00,100.00
2016-06-06_15:28:16.567,21.74,22.36,1020,22.36,40.00,100.00
2016-06-06_15:28:16.578,21.74,22.36,1019,22.36,40.00,100.00
2016-06-06_15:28:16.589,21.74,22.36,1020,22.36,40.00,100.00
2016-06-06_15:28:16.598,21.74,22.36,1019,22.36,40.00,100.00
2016-06-06_15:28:16.609,21.74,22.24,1020,22.24,40.00,100.00
2016-06-06_15:28:16.620,21.74,22.24,1020,22.24,40.00,100.00
2016-06-06_15:28:16.630,21.74,22.24,1019,22.24,40.00,100.00
2016-06-06_15:28:16.640,21.74,22.24,1019,22.24,40.00,100.00
2016-06-06_15:28:16.650,21.74,22.24,1020,22.24,40.00,100.00
2016-06-06_15:28:16.661,21.84,22.24,1019,22.24,40.00,100.00
2016-06-06_15:28:16.671,21.84,22.24,1019,22.24,40.00,100.00
2016-06-06_15:28:16.681,21.84,22.24,1019,22.24,40.00,100.00
2016-06-06_15:28:16.692,21.84,22.24,1019,22.24,40.00,100.00
2016-06-06_15:28:16.703,21.84,22.24,1019,22.24,40.00,100.00
2016-06-06_15:28:16.713,21.84,22.24,1019,22.24,40.00,100.00
2016-06-06_15:28:16.723,21.84,22.24,1020,22.24,40.00,100.00
2016-06-06_15:28:16.733,21.84,22.24,1018,22.24,40.00,100.00
2016-06-06_15:28:16.744,21.84,22.24,1019,22.24,40.00,100.00
2016-06-06_15:28:16.754,21.84,22.22,1019,22.22,40.00,100.00
2016-06-06_15:28:16.765,21.84,22.22,1020,22.22,40.00,100.00
2016-06-06_15:28:16.775,21.84,22.22,1019,22.22,40.00,100.00
2016-06-06_15:28:16.786,21.84,22.22,1019,22.22,40.00,100.00
2016-06-06_15:28:16.796,21.84,22.22,1020,22.22,40.00,100.00
2016-06-06_15:28:16.806,21.74,22.22,1019,22.22,40.00,100.00
2016-06-06_15:28:16.816,21.74,22.22,1019,22.22,40.00,100.00
2016-06-06_15:28:16.827,21.74,22.22,1020,22.22,40.00,100.00
2016-06-06_15:28:16.837,21.74,22.22,1019,22.22,40.00,100.00
2016-06-06_15:28:16.848,21.74,22.22,1019,22.22,40.00,100.00
2016-06-06_15:28:16.858,21.74,22.22,1020,22.22,40.00,100.00
2016-06-06_15:28:16.868,21.74,22.22,1020,22.22,40.00,100.00
2016-06-06_15:28:16.879,21.74,22.22,1019,22.22,40.00,100.00
2016-06-06_15:28:16.889,21.74,22.22,1019,22.22,40.00,100.00
2016-06-06_15:28:16.899,21.74,22.22,1020,22.22,40.00,100.00
2016-06-06_15:28:16.909,21.74,22.32,1019,22.32,40.00,100.00
2016-06-06_15:28:16.920,21.74,22.32,1019,22.32,40.00,100.00
2016-06-06_15:28:16.931,21.74,22.32,1020,22.32,40.00,100.00
2016-06-06_15:28:16.941,21.74,22.32,1019,22.32,40.00,100.00
2016-06-06_15:28:16.951,21.94,22.32,1020,22.32,40.00,100.00
2016-06-06_15:28:16.962,21.94,22.32,1019,22.32,40.00,100.00
2016-06-06_15:28:16.972,21.94,22.32,1020,22.32,40.00,100.00
2016-06-06_15:28:16.982,21.94,22.32,1019,22.32,40.00,100.00
2016-06-06_15:28:16.992,21.94,22.32,1019,22.32,40.00,100.00
2016-06-06_15:28:16.004,21.94,22.32,1019,22.32,40.00,100.00
2016-06-06_15:28:16.014,21.94,22.32,1019,22.32,40.00,100.00
2016-06-06_15:28:16.024,21.94,22.32,1019,22.32,40.00,100.00
2016-06-06_15:28:16.034,21.94,22.32,1020,22.32,40.00,100.00
2016-06-06_15:28:16.045,21.94,22.32,1020,22.32,40.00,100.00
2016-06-06_15:28:16.055,21.94,22.24,1019,22.24,40.00,100.00
2016-06-06_15:28:16.065,21.94,22.24,1019,22.24,40.00,100.00
2016-06-06_15:28:16.075,21.94,22.24,1019,22.24,40.00,100.00
2016-06-06_15:28:16.086,21.94,22.24,1019,22.24,40.00,100.00
2016-06-06_15:28:16.097,21.94,22.24,1019,22.24,40.00,100.00
2016-06-06_15:28:16.107,21.76,22.24,1019,22.24,40.00,100.00
2016-06-06_15:28:16.117,21.76,22.24,1019,22.24,40.00,100.00
2016-06-06_15:28:16.128,21.76,22.24,1020,22.24,40.00,100.00
2016-06-06_15:28:16.138,21.76,22.24,1019,22.24,40.00,100.00
2016-06-06_15:28:16.148,21.76,22.24,1019,22.24,40.00,100.00
2016-06-06_15:28:16.159,21.76,22.24,1019,22.24,40.00,100.00
2016-06-06_15:28:16.169,21.76,22.24,1019,22.24,40.00,100.00
2016-06-06_15:28:16.180,21.76,22.24,1018,22.24,40.00,100.00
2016-06-06_15:28:16.190,21.76,22.24,1019,22.24,40.00,100.00
2016-06-06_15:28:16.200,21.76,22.28,1019,22.28,40.00,100.00
2016-06-06_15:28:16.211,21.76,22.28,1020,22.28,40.00,100.00
2016-06-06_15:28:16.221,21.76,22.28,1019,22.28,40.00,100.00
2016-06-06_15:28:16.231,21.76,22.28,1019,22.28,40.00,100.00
2016-06-06_15:28:16.241,21.76,22.28,1019,22.28,40.00,100.00
2016-06-06_15:28:16.251,21.56,22.28,1019,22.28,40.00,100.00
2016-06-06_15:28:16.263,21.56,22.28,1020,22.28,40.00,100.00
2016-06-06_15:28:16.273,21.56,22.28,1019,22.28,40.00,100.00
2016-06-06_15:28:16.283,21.56,22.28,1020,22.28,40.00,100.00
2016-06-06_15:28:16.293,21.56,22.28,1020,22.28,40.00,100.00
2016-06-06_15:28:17.304,21.56,22.28,1019,22.28,40.00,100.00
2016-06-06_15:28:17.314,21.56,22.28,1020,22.28,40.00,100.00
2016-06-06_15:28:17.324,21.56,22.28,1019,22.28,40.00,100.00
2016-06-06_15:28:17.334,21.56,22.28,1020,22.28,40.00,100.00
2016-06-06_15:28:17.346,21.56,22.20,1020,22.20,40.00,100.00
2016-06-06_15:28:17.356,21.56,22.20,1019,22.20,40.00,100.00
2016-06-06_15:28:17.366,21.56,22.20,1020,22.20,40.00,100.00
2016-06-06_15:28:17.376,21.56,22.20,1019,22.20,40.00,100.00
2016-06-06_15:28:17.387,21.56,22.20,1020,22.20,40.00,100.00
2016-06-06_15:28:17.397,21.80,22.20,1019,22.20,40.00,100.00
2016-06-06_15:28:17.407,21.80,22.20,1019,22.20,40.00,100.00
2016-06-06_15:28:17.418,21.80,22.20,1019,22.20,40.00,100.00
2016-06-06_15:28:17.429,21.80,22.20,1019,22.20,40.00,100.00
2016-06-06_15:28:17.439,21.80,22.20,1019,22.20,40.00,100.00
2016-06-06_15:28:17.449,21.80,22.20,1020,22.20,40.00,100.00
2016-06-06_15:28:17.459,21.80,22.20,1019,22.20,40.00,100.00
2016-06-06_15:28:17.470,21.80,22.20,1019,22.20,40.00,100.00
2016-06-06_15:28:17.480,21.80,22.20,1019,22.20,40.00,100.00
2016-06-06_15:28:17.490,21.80,22.20,1020,22.20,40.00,100.00
2016-06-06_15:28:17.501,21.80,22.20,1019,22.20,40.00,100.00
2016-06-06_15:28:17.512,21.80,22.20,1019,22.20,40.00,100.00
2016-06-06_15:28:17.522,21.80,22.20,1019,22.20,40.00,100.00
2016-06-06_15:28:17.532,21.80,22.20,1020,22.20,40.00,100.00
2016-06-06_15:28:17.542,21.84,22.20,1019,22.20,40.00,100.00
2016-06-06_15:28:17.553,21.84,22.20,1019,22.20,40.00,100.00
2016-06-06_15:28:17.563,21.84,22.20,1018,22.20,40.00,100.00
2016-06-06_15:28:17.574,21.84,22.20,1019,22.20,40.00,100.00
2016-06-06_15:28:17.584,21.84,22.20,1019,22.20,40.00,100.00
2016-06-06_15:28:17.595,21.84,22.20,1019,22.20,40.00,100.00
2016-06-06_15:28:17.605,21.84,22.20,1019,22.20,40.00,100.00
2016-06-06_15:28:17.615,21.84,22.20,1019,22.20,40.00,100.00
2016-06-06_15:28:17.625,21.84,22.20,1020,22.20,40.00,100.00
2016-06-06_15:28:17.635,21.84,22.20,1019,22.20,40.00,100.00
2016-06-06_15:28:17.646,21.84,22.28,1019,22.28,40.00,100.00
2016-06-06_15:28:17.656,21.84,22.28,1019,22.28,40.00,100.00
2016-06-06_15:28:17.667,21.84,22.28,1020,22.28,40.00,100.00
2016-06-06_15:28:17.677,21.84,22.28,1019,22.28,40.00,100.00
2016-06-06_15:28:17.688,21.94,22.28,1019,22.28,40.00,100.00
2016-06-06_15:28:17.698,21.94,22.28,1019,22.28,40.00,100.00
2016-06-06_15:28:17.708,21.94,22.28,1019,22.28,40.00,100.00
2016-06-06_15:28:17.718,21.94,22.28,1019,22.28,40.00,100.00
2016-06-06_15:28:17.730,21.94,22.28,1020,22.28,40.00,100.00
2016-06-06_15:28:17.739,21.94,22.28,1019,22.28,40.00,100.00
2016-06-06_15:28:17.750,21.94,22.28,1019,22.28,40.00,100.00
2016-06-06_15:28:17.760,21.94,22.28,1020,22.28,40.00,100.00
2016-06-06_15:28:17.771,21.94,22.28,1019,22.28,40.00,100.00
2016-06-06_15:28:17.781,21.94,22.28,1019,22.28,40.00,100.00
2016-06-06_15:28:17.791,21.94,22.24,1019,22.24,40.00,100.00
2016-06-06_15:28:17.801,21.94,22.24,1018,22.24,40.00,100.00
2016-06-06_15:28:17.812,21.94,22.24,1019,22.24,40.00,100.00
2016-06-06_15:28:17.822,21.94,22.24,1019,22.24,40.00,100.00
2016-06-06_15:28:17.833,21.86,22.24,1020,22.24,40.00,100.00
2016-06-06_15:28:17.843,21.86,22.24,1019,22.24,40.00,100.00
2016-06-06_15:28:17.854,21.86,22.24,1020,22.24,40.00,100.00
2016-06-06_15:28:17.864,21.86,22.24,1019,22.24,40.00,100.00
2016-06-06_15:28:17.874,21.86,22.24,1019,22.24,40.00,100.00
2016-06-06_15:28:17.884,21.86,22.24,1019,22.24,40.00,100.00
2016-06-06_15:28:17.895,21.86,22.24,1019,22.24,40.00,100.00
2016-06-06_15:28:17.905,21.86,22.24,1019,22.24,40.00,100.00
2016-06-06_15:28:17.916,21.86,22.24,1019,22.24,40.00,100.00
2016-06-06_15:28:17.926,21.86,22.24,1020,22.24,40.00,100.00
2016-06-06_15:28:17.937,21.86,22.40,1019,22.40,40.00,100.00
2016-06-06_15:28:17.947,21.86,22.40,1019,22.40,40.00,100.00
2016-06-06_15:28:17.957,21.86,22.40,1020,22.40,40.00,100.00
2016-06-06_15:28:17.967,21.86,22.40,1019,22.40,40.00,100.00
2016-06-06_15:28:17.977,21.66,22.40,1019,22.40,40.00,100.00
2016-06-06_15:28:17.989,21.66,22.40,1020,22.40,40.00,100.00
2016-06-06_15:28:17.999,21.66,22.40,1019,22.40,40.00,100.00
2016-06-06_15:28:17.009,21.66,22.40,1019,22.40,40.00,100.00
2016-06-06_15:28:17.019,21.66,22.40,1019,22.40,40.00,100.00
2016-06-06_15:28:17.030,21.66,22.40,1019,22.40,40.00,100.00
2016-06-06_15:28:17.040,21.66,22.40,1020,22.40,40.00,100.00
2016-06-06_15:28:17.050,21.66,22.40,1019,22.40,40.00,100.00
2016-06-06_15:28:17.060,21.66,22.40,1020,22.40,40.00,100.00
2016-06-06_15:28:17.072,21.66,22.40,1020,22.40,40.00,100.00
2016-06-06_15:28:17.082,21.66,22.22,1019,22.22,40.00,100.00
2016-06-06_15:28:17.092,21.66,22.22,1020,22.22,40.00,100.00
2016-06-06_15:28:17.102,21.66,22.22,1019,22.22,40.00,100.00
2016-06-06_15:28:17.113,21.66,22.22,1019,22.22,40.00,100.00
2016-06-06_15:28:17.123,21.82,22.22,1019,22.22,40.00,100.00
2016-06-06_15:28:17.133,21.82,22.22,1019,22.22,40.00,100.00
2016-06-06_15:28:17.144,21.82,22.22,1019,22.22,40.00,100.00
2016-06-06_15:28:17.155,21.82,22.22,1020,22.22,40.00,100.00
2016-06-06_15:28:17.165,21.82,22.22,1020,22.22,40.00,100.00
2016-06-06_15:28:17.175,21.82,22.22,1019,22.22,40.00,100.00
2016-06-06_15:28:17.185,21.82,22.22,1020,22.22,40.00,100.00
2016-06-06_15:28:17.196,21.82,22.22,1020,22.22,40.00,100.00
2016-06-06_15:28:17.206,21.82,22.22,1019,22.22,40.00,100.00
2016-06-06_15:28:17.216,21.82,22.22,1019,22.22,40.00,100.00
2016-06-06_15:28:17.226,21.82,22.22,1019,22.22,40.00,100.00
2016-06-06_15:28:17.238,21.82,22.14,1019,22.14,40.00,100.00
2016-06-06_15:28:17.248,21.82,22.14,1020,22.14,40.00,100.00
2016-06-06_15:28:17.258,21.82,22.14,1019,22.14,40.00,100.00
2016-06-06_15:28:17.268,21.86,22.14,1019,22.14,40.00,100.00
2016-06-06_15:28:17.279,21.86,22.14,1020,22.14,40.00,100.00
2016-06-06_15:28:17.289,21.86,22.14,1019,22.14,40.00,100.00
2016-06-06_15:28:18.300,21.86,22.14,1020,22.14,40.00,100.00
2016-06-06_15:28:18.309,21.86,22.14,1019,22.14,40.00,100.00
2016-06-06_15:28:18.321,21.86,22.14,1019,22.14,40.00,100.00
2016-06-06_15:28:18.331,21.86,22.14,1020,22.14,40.00,100.00
2016-06-06_15:28:18.341,21.86,22.14,1019,22.14,40.00,100.00
2016-06-06_15:28:18.351,21.86,22.14,1019,22.14,40.00,100.00
2016-06-06_15:28:18.361,21.86,22.14,1020,22.14,40.00,100.00
2016-06-06_15:28:18.372,21.86,22.14,1019,22.14,40.00,100.00
2016-06-06_15:28:18.382,21.86,22.22,1019,22.22,40.00,100.00
2016-06-06_15:28:18.392,21.86,22.22,1019,22.22,40.00,100.00
2016-06-06_15:28:18.403,21.86,22.22,1019,22.22,40.00,100.00
2016-06-06_15:28:18.414,21.86,22.22,1020,22.22,40.00,100.00
2016-06-06_15:28:18.424,21.92,22.22,1019,22.22,40.00,100.00
2016-06-06_15:28:18.434,21.92,22.22,1019,22.22,40.00,100.00
2016-06-06_15:28:18.444,21.92,22.22,1020,22.22,40.00,100.00
2016-06-06_15:28:18.455,21.92,22.22,1019,22.22,40.00,100.00
2016-06-06_15:28:18.465,21.92,22.22,1019,22.22,40.00,100.00
2016-06-06_15:28:18.475,21.92,22.22,1019,22.22,40.00,100.00
2016-06-06_15:28:18.486,21.92,22.22,1020,22.22,40.00,100.00
2016-06-06_15:28:18.497,21.92,22.22,1020,22.22,40.00,100.00
2016-06-06_15:28:18.507,21.92,22.22,1019,22.22,40.00,100.00
2016-06-06_15:28:18.517,21.92,22.22,1019,22.22,40.00,100.00
2016-06-06_15:28:18.527,21.92,22.24,1020,22.24,40.00,100.00
2016-06-06_15:28:18.538,21.92,22.24,1019,22.24,40.00,100.00
2016-06-06_15:28:18.548,21.92,22.24,1019,22.24,40.00,100.00
2016-06-06_15:28:18.559,21.92,22.24,1019,22.24,40.00,100.00
2016-06-06_15:28:18.569,21.98,22.24,1019,22.24,40.00,100.00
2016-06-06_15:28:18.580,21.98,22.24,1019,22.24,40.00,100.00
2016-06-06_15:28:18.590,21.98,22.24,1019,22.24,40.00,100.00
2016-06-06_15:28:18.600,21.98,22.24,1019,22.24,40.00,100.00
2016-06-06_15:28:18.610,21.98,22.24,1019,22.24,40.00,100.00
2016-06-06_15:28:18.621,21.98,22.24,1020,22.24,40.00,100.00
2016-06-06_15:28:18.631,21.98,22.24,1019,22.24,40.00,100.00
2016-06-06_15:28:18.642,21.98,22.24,1019,22.24,40.00,100.00
2016-06-06_15:28:18.652,21.98,22.24,1019,22.24,40.00,100.00
2016-06-06_15:28:18.663,21.98,22.24,1019,22.24,40.00,100.00
2016-06-06_15:28:18.673,21.98,22.08,1019,22.08,40.00,100.00
2016-06-06_15:28:18.683,21.98,22.08,1019,22.08,40.00,100.00
2016-06-06_15:28:18.693,21.98,22.08,1020,22.08,40.00,100.00
2016-06-06_15:28:18.704,21.98,22.08,1019,22.08,40.00,100.00
2016-06-06_15:28:18.715,21.82,22.08,1019,22.08,40.00,100.00
2016-06-06_15:28:18.724,21.82,22.08,1019,22.08,40.00,100.00
2016-06-06_15:28:18.735,21.82,22.08,1019,22.08,40.00,100.00
2016-06-06_15:28:18.745,21.82,22.08,1019,22.08,40.00,100.00
2016-06-06_15:28:18.756,21.82,22.08,1018,22.08,40.00,100.00
2016-06-06_15:28:18.766,21.82,22.08,1019,22.08,40.00,100.00
2016-06-06_15:28:18.776,21.82,22.08,1020,22.08,40.00,100.00
2016-06-06_15:28:18.786,21.82,22.08,1020,22.08,40.00,100.00
2016-06-06_15:28:18.797,21.82,22.08,1019,22.08,40.00,100.00
2016-06-06_15:28:18.808,21.82,22.08,1020,22.08,40.00,100.00
2016-06-06_15:28:18.818,21.82,22.08,1019,22.08,40.00,100.00
2016-06-06_15:28:18.828,21.82,22.16,1019,22.16,40.00,100.00
2016-06-06_15:28:18.839,21.82,22.16,1019,22.16,40.00,100.00
2016-06-06_15:28:18.849,21.82,22.16,1019,22.16,40.00,100.00
2016-06-06_15:28:18.859,21.74,22.16,1020,22.16,40.00,100.00
2016-06-06_15:28:18.870,21.74,22.16,1020,22.16,40.00,100.00
2016-06-06_15:28:18.880,21.74,22.16,1019,22.16,40.00,100.00
2016-06-06_15:28:18.891,21.74,22.16,1019,22.16,40.00,100.00
2016-06-06_15:28:18.901,21.74,22.16,1020,22.16,40.00,100.00
2016-06-06_15:28:18.911,21.74,22.16,1019,22.16,40.00,100.00
2016-06-06_15:28:18.922,21.74,22.16,1019,22.16,40.00,100.00
2016-06-06_15:28:18.932,21.74,22.16,1019,22.16,40.00,100.00
2016-06-06_15:28:18.942,21.74,22.16,1019,22.16,40.00,100.00
2016-06-06_15:28:18.952,21.74,22.16,1019,22.16,40.00,100.00
2016-06-06_15:28:18.963,21.74,22.16,1019,22.16,40.00,100.00
2016-06-06_15:28:18.974,21.74,22.24,1020,22.24,40.00,100.00
2016-06-06_15:28:18.984,21.74,22.24,1019,22.24,40.00,100.00
2016-06-06_15:28:18.994,21.74,22.24,1020,22.24,40.00,100.00
2016-06-06_15:28:18.005,21.84,22.24,1020,22.24,40.00,100.00
2016-06-06_15:28:18.015,21.84,22.24,1019,22.24,40.00,100.00
2016-06-06_15:28:18.025,21.84,22.24,1019,22.24,40.00,100.00
2016-06-06_15:28:18.035,21.84,22.24,1019,22.24,40.00,100.00
2016-06-06_15:28:18.046,21.84,22.24,1019,22.24,40.00,100.00
2016-06-06_15:28:18.057,21.84,22.24,1019,22.24,40.00,100.00
2016-06-06_15:28:18.067,21.84,22.24,1020,22.24,40.00,100.00
2016-06-06_15:28:18.077,21.84,22.24,1019,22.24,40.00,100.00
2016-06-06_15:28:18.088,21.84,22.24,1018,22.24,40.00,100.00
2016-06-06_15:28:18.098,21.84,22.24,1019,22.24,40.00,100.00
2016-06-06_15:28:18.108,21.84,22.24,1020,22.24,40.00,100.00
2016-06-06_15:28:18.118,21.84,22.32,1019,22.32,40.00,100.00
2016-06-06_15:28:18.129,21.84,22.32,1020,22.32,40.00,100.00
2016-06-06_15:28:18.140,21.84,22.32,1020,22.32,40.00,100.00
2016-06-06_15:28:18.150,21.64,22.32,1019,22.32,40.00,100.00
2016-06-06_15:28:18.160,21.64,22.32,1019,22.32,40.00,100.00
2016-06-06_15:28:18.170,21.64,22.32,1019,22.32,40.00,100.00
2016-06-06_15:28:18.181,21.64,22.32,1019,22.32,40.00,100.00
2016-06-06_15:28:18.191,21.64,22.32,1019,22.32,40.00,100.00
2016-06-06_15:28:18.201,21.64,22.32,1020,22.32,40.00,100.00
2016-06-06_15:28:18.211,21.64,22.32,1019,22.32,40.00,100.00
2016-06-06_15:28:18.223,21.64,22.32,1019,22.32,40.00,100.00
2016-06-06_15:28:18.233,21.64,22.32,1019,22.32,40.00,100.00
2016-06-06_15:28:18.243,21.64,22.32,1020,22.32,40.00,100.00
2016-06-06_15:28:18.253,21.64,22.32,1019,22.32,40.00,100.00
2016-06-06_15:28:18.264,21.64,22.32,1020,22.32,40.00,100.00
2016-06-06_15:28:18.274,21.64,22.32,1019,22.32,40.00,100.00
2016-06-06_15:28:18.285,21.64,22.32,1019,22.32,40.00,100.00
2016-06-06_15:28:18.294,21.80,22.32,1019,22.32,40.00,100.00
2016-06-06_15:28:19.306,21.80,22.32,1019,22.32,40.00,100.00
2016-06-06_15:28:19.316,21.80,22.32,1020,22.32,40.00,100.00
2016-06-06_15:28:19.326,21.80,22.32,1019,22.32,40.00,100.00
2016-06-06_15:28:19.336,21.80,22.32,1019,22.32,40.00,100.00
2016-06-06_15:28:19.347,21.80,22.32,1019,22.32,40.00,100.00
2016-06-06_15:28:19.357,21.80,22.32,1019,22.32,40.00,100.00
2016-06-06_15:28:19.367,21.80,22.32,1019,22.32,40.00,100.00
2016-06-06_15:28:19.377,21.80,22.32,1019,22.32,40.00,100.00
2016-06-06_15:28:19.389,21.80,22.32,1020,22.32,40.00,100.00
2016-06-06_15:28:19.399,21.80,22.32,1019,22.32,40.00,100.00
2016-06-06_15:28:19.409,21.80,22.32,1020,22.32,40.00,100.00
2016-06-06_15:28:19.419,21.80,22.34,1019,22.34,40.00,100.00
2016-06-06_15:28:19.430,21.80,22.34,1019,22.34,40.00,100.00
2016-06-06_15:28:19.440,22.10,22.34,1019,22.34,40.00,100.00
2016-06-06_15:28:19.450,22.10,22.34,1020,22.34,40.00,100.00
2016-06-06_15:28:19.461,22.10,22.34,1019,22.34,40.00,100.00
2016-06-06_15:28:19.472,22.10,22.34,1019,22.34,40.00,100.00
2016-06-06_15:28:19.482,22.10,22.34,1020,22.34,40.00,100.00
2016-06-06_15:28:19.492,22.10,22.34,1019,22.34,40.00,100.00
2016-06-06_15:28:19.502,22.10,22.34,1019,22.34,40.00,100.00
2016-06-06_15:28:19.512,22.10,22.34,1019,22.34,40.00,100.00
2016-06-06_15:28:19.523,22.10,22.34,1019,22.34,40.00,100.00
2016-06-06_15:28:19.533,22.10,22.34,1020,22.34,40.00,100.00
2016-06-06_15:28:19.544,22.10,22.34,1020,22.34,40.00,100.00
2016-06-06_15:28:19.554,22.10,22.34,1019,22.34,40.00,100.00
2016-06-06_15:28:19.565,22.10,22.18,1020,22.18,40.00,100.00
2016-06-06_15:28:19.575,22.10,22.18,1019,22.18,40.00,100.00
2016-06-06_15:28:19.585,22.10,22.18,1020,22.18,40.00,100.00
2016-06-06_15:28:19.595,21.80,22.18,1019,22.18,40.00,100.00
2016-06-06_15:28:19.606,21.80,22.18,1019,22.18,40.00,100.00
2016-06-06_15:28:19.616,21.80,22.18,1020,22.18,40.00,100.00
2016-06-06_15:28:19.627,21.80,22.18,1019,22.18,40.00,100.00
2016-06-06_15:28:19.637,21.80,22.18,1019,22.18,40.00,100.00
2016-06-06_15:28:19.648,21.80,22.18,1019,22.18,40.00,100.00
2016-06-06_15:28:19.658,21.80,22.18,1019,22.18,40.00,100.00
2016-06-06_15:28:19.668,21.80,22.18,1019,22.18,40.00,100.00
2016-06-06_15:28:19.678,21.80,22.18,1019,22.18,40.00,100.00
2016-06-06_15:28:19.689,21.80,22.18,1019,22.18,40.00,100.00
2016-06-06_15:28:19.700,21.80,22.18,1019,22.18,40.00,100.00
2016-06-06_15:28:19.710,21.80,22.16,1019,22.16,40.00,100.00
2016-06-06_15:28:19.720,21.80,22.16,1019,22.16,40.00,100.00
2016-06-06_15:28:19.731,21.80,22.16,1020,22.16,40.00,100.00
2016-06-06_15:28:19.741,21.86,22.16,1019,22.16,40.00,100.00
2016-06-06_15:28:19.751,21.86,22.16,1019,22.16,40.00,100.00
2016-06-06_15:28:19.761,21.86,22.16,1019,22.16,40.00,100.00
2016-06-06_15:28:19.772,21.86,22.16,1019,22.16,40.00,100.00
2016-06-06_15:28:19.782,21.86,22.16,1019,22.16,40.00,100.00
2016-06-06_15:28:19.793,21.86,22.16,1019,22.16,40.00,100.00
2016-06-06_15:28:19.803,21.86,22.16,1019,22.16,40.00,100.00
2016-06-06_15:28:19.814,21.86,22.16,1020,22.16,40.00,100.00
2016-06-06_15:28:19.824,21.86,22.16,1019,22.16,40.00,100.00
2016-06-06_15:28:19.834,21.86,22.16,1019,22.16,40.00,100.00
2016-06-06_15:28:19.844,21.86,22.16,1020,22.16,40.00,100.00
2016-06-06_15:28:19.856,21.86,22.24,1019,22.24,40.00,100.00
2016-06-06_15:28:19.865,21.86,22.24,1019,22.24,40.00,100.00
2016-06-06_15:28:19.876,21.86,22.24,1019,22.24,40.00,100.00
2016-06-06_15:28:19.886,21.94,22.24,1019,22.24,40.00,100.00
2016-06-06_15:28:19.896,21.94,22.24,1019,22.24,40.00,100.00
2016-06-06_15:28:19.907,21.94,22.24,1019,22.24,40.00,100.00
2016-06-06_15:28:19.917,21.94,22.24,1019,22.24,40.00,100.00
2016-06-06_15:28:19.927,21.94,22.24,1019,22.24,40.00,100.00
2016-06-06_15:28:19.937,21.94,22.24,1019,22.24,40.00,100.00
2016-06-06_15:28:19.948,21.94,22.24,1020,22.24,40.00,100.00
2016-06-06_15:28:19.959,21.94,22.24,1019,22.24,40.00,100.00
2016-06-06_15:28:19.969,21.94,22.24,1019,22.24,40.00,100.00
2016-06-06_15:28:19.979,21.94,22.24,1020,22.24,40.00,100.00
2016-06-06_15:28:19.990,21.94,22.24,1019,22.24,40.00,100.00
2016-06-06_15:28:19.000,21.94,22.24,1019,22.24,40.00,100.00
2016-06-06_15:28:19.010,21.94,22.28,1019,22.28,40.00,100.00
2016-06-06_15:28:19.020,21.94,22.28,1019,22.28,40.00,100.00
2016-06-06_15:28:19.031,21.88,22.28,1020,22.28,40.00,100.00
2016-06-06_15:28:19.042,21.88,22.28,1019,22.28,40.00,100.00
2016-06-06_15:28:19.052,21.88,22.28,1019,22.28,40.00,100.00
2016-06-06_15:28:19.062,21.88,22.28,1019,22.28,40.00,100.00
2016-06-06_15:28:19.073,21.88,22.28,1019,22.28,40.00,100.00
2016-06-06_15:28:19.083,21.88,22.28,1019,22.28,40.00,100.00
2016-06-06_15:28:19.093,21.88,22.28,1020,22.28,40.00,100.00
2016-06-06_15:28:19.103,21.88,22.28,1019,22.28,40.00,100.00
2016-06-06_15:28:19.115,21.88,22.28,1019,22.28,40.00,100.00
2016-06-06_15:28:19.125,21.88,22.28,1019,22.28,40.00,100.00
2016-06-06_15:28:19.135,21.88,22.28,1019,22.28,40.00,100.00
2016-06-06_15:28:19.145,21.88,22.28,1020,22.28,40.00,100.00
2016-06-06_15:28:19.156,21.88,22.18,1019,22.18,40.00,100.00
2016-06-06_15:28:19.166,21.88,22.18,1019,22.18,40.00,100.00
2016-06-06_15:28:19.176,22.24,22.18,1019,22.18,40.00,100.00
2016-06-06_15:28:19.186,22.24,22.18,1019,22.18,40.00,100.00
2016-06-06_15:28:19.198,22.24,22.18,1020,22.18,40.00,100.00
2016-06-06_15:28:19.208,22.24,22.18,1019,22.18,40.00,100.00
2016-06-06_15:28:19.218,22.24,22.18,1019,22.18,40.00,100.00
2016-06-06_15:28:19.228,22.24,22.18,1018,22.18,40.00,100.00
2016-06-06_15:28:19.238,22.24,22.18,1019,22.18,40.00,100.00
2016-06-06_15:28:19.249,22.24,22.18,1019,22.18,40.00,100.00
2016-06-06_15:28:19.259,22.24,22.18,1019,22.18,40.00,100.00
2016-06-06_15:28:19.270,22.24,22.18,1019,22.18,40.00,100.00
2016-06-06_15:28:19.280,22.24,22.18,1020,22.18,40.00,100.00
2016-06-06_15:28:19.291,22.24,22.18,1019,22.18,40.00,100.00
2016-06-06_15:28:20.301,22.24,22.22,1019,22.22,40.00,100.00
2016-06-06_15:28:20.311,22.24,22.22,1020,22.22,40.00,100.00
2016-06-06_15:28:20.321,22.12,22.22,1020,22.22,40.00,100.00
2016-06-06_15:28:20.332,22.12,22.22,1019,22.22,40.00,100.00
2016-06-06_15:28:20.342,22.12,22.22,1019,22.22,40.00,100.00
2016-06-06_15:28:20.352,22.12,22.22,1019,22.22,40.00,100.00
2016-06-06_15:28:20.363,22.12,22.22,1019,22.22,40.00,100.00
2016-06-06_15:28:20.374,22.12,22.22,1020,22.22,40.00,100.00
2016-06-06_15:28:20.384,22.12,22.22,1020,22.22,40.00,100.00
2016-06-06_15:28:20.394,22.12,22.22,1019,22.22,40.00,100.00
2016-06-06_15:28:20.404,22.12,22.22,1019,22.22,40.00,100.00
2016-06-06_15:28:20.415,22.12,22.22,1019,22.22,40.00,100.00
2016-06-06_15:28:20.426,22.12,22.22,1019,22.22,40.00,100.00
2016-06-06_15:28:20.435,22.12,22.22,1020,22.22,40.00,100.00
2016-06-06_15:28:20.446,22.12,22.38,1019,22.38,40.00,100.00
2016-06-06_15:28:20.457,22.12,22.38,1019,22.38,40.00,100.00
2016-06-06_15:28:20.467,22.12,22.38,1019,22.38,40.00,100.00
2016-06-06_15:28:20.477,22.12,22.38,1019,22.38,40.00,100.00
2016-06-06_15:28:20.487,22.12,22.38,1020,22.38,40.00,100.00
2016-06-06_15:28:20.498,22.12,22.38,1019,22.38,40.00,100.00
2016-06-06_15:28:20.508,22.12,22.38,1019,22.38,40.00,100.00
2016-06-06_15:28:20.518,22.12,22.38,1018,22.38,40.00,100.00
2016-06-06_15:28:20.529,22.12,22.38,1020,22.38,40.00,100.00
2016-06-06_15:28:20.540,22.12,22.38,1020,22.38,40.00,100.00
2016-06-06_15:28:20.550,22.12,22.38,1019,22.38,40.00,100.00
2016-06-06_15:28:20.560,22.12,22.38,1019,22.38,40.00,100.00
2016-06-06_15:28:20.570,22.12,22.38,1019,22.38,40.00,100.00
2016-06-06_15:28:20.580,22.12,22.38,1019,22.38,40.00,100.00
2016-06-06_15:28:20.591,22.12,22.18,1019,22.18,40.00,100.00
2016-06-06_15:28:20.601,22.12,22.18,1019,22.18,40.00,100.00
2016-06-06_15:28:20.612,21.90,22.18,1019,22.18,40.00,100.00
2016-06-06_15:28:20.622,21.90,22.18,1020,22.18,40.00,100.00
2016-06-06_15:28:20.633,21.90,22.18,1020,22.18,40.00,100.00
2016-06-06_15:28:20.643,21.90,22.18,1019,22.18,40.00,100.00
2016-06-06_15:28:20.653,21.90,22.18,1019,22.18,40.00,100.00
2016-06-06_15:28:20.663,21.90,22.18,1019,22.18,40.00,100.00
2016-06-06_15:28:20.674,21.90,22.18,1019,22.18,40.00,100.00
2016-06-06_15:28:20.685,21.90,22.18,1020,22.18,40.00,100.00
2016-06-06_15:28:20.695,21.90,22.18,1020,22.18,40.00,100.00
2016-06-06_15:28:20.705,21.90,22.18,1019,22.18,40.00,100.00
2016-06-06_15:28:20.716,21.90,22.18,1020,22.18,40.00,100.00
2016-06-06_15:28:20.726,21.90,22.18,1019,22.18,40.00,100.00
2016-06-06_15:28:20.736,21.90,22.18,1020,22.18,40.00,100.00
2016-06-06_15:28:20.746,21.90,22.24,1019,22.24,40.00,100.00
2016-06-06_15:28:20.757,21.48,22.24,1019,22.24,40.00,100.00
2016-06-06_15:28:20.767,21.48,22.24,1019,22.24,40.00,100.00
2016-06-06_15:28:20.778,21.48,22.24,1020,22.24,40.00,100.00
2016-06-06_15:28:20.788,21.48,22.24,1019,22.24,40.00,100.00
2016-06-06_15:28:20.799,21.48,22.24,1019,22.24,40.00,100.00
2016-06-06_15:28:20.809,21.48,22.24,1020,22.24,40.00,100.00
2016-06-06_15:28:20.819,21.48,22.24,1020,22.24,40.00,100.00
2016-06-06_15:28:20.829,21.48,22.24,1019,22.24,40.00,100.00
2016-06-06_15:28:20.841,21.48,22.24,1019,22.24,40.00,100.00
2016-06-06_15:28:20.851,21.48,22.24,1019,22.24,40.00,100.00
2016-06-06_15:28:20.861,21.48,22.24,1019,22.24,40.00,100.00
2016-06-06_15:28:20.871,21.48,22.24,1019,22.24,40.00,100.00
2016-06-06_15:28:20.882,21.48,22.24,1019,22.24,40.00,100.00
2016-06-06_15:28:20.892,21.48,22.32,1019,22.32,40.00,100.00
2016-06-06_15:28:20.902,21.48,22.32,1019,22.32,40.00,100.00
2016-06-06_15:28:20.912,22.00,22.32,1019,22.32,40.00,100.00
2016-06-06_15:28:20.923,22.00,22.32,1019,22.32,40.00,100.00
2016-06-06_15:28:20.934,22.00,22.32,1019,22.32,40.00,100.00
2016-06-06_15:28:20.944,22.00,22.32,1019,22.32,40.00,100.00
2016-06-06_15:28:20.954,22.00,22.32,1019,22.32,40.00,100.00
2016-06-06_15:28:20.964,22.00,22.32,1019,22.32,40.00,100.00
2016-06-06_15:28:20.975,22.00,22.32,1020,22.32,40.00,100.00
2016-06-06_15:28:20.985,22.00,22.32,1019,22.32,40.00,100.00
2016-06-06_15:28:20.996,22.00,22.32,1020,22.32,40.00,100.00
2016-06-06_15:28:20.005,22.00,22.32,1019,22.32,40.00,100.00
2016-06-06_15:28:20.017,22.00,22.32,1019,22.32,40.00,100.00
2016-06-06_15:28:20.027,22.00,22.32,1019,22.32,40.00,100.00
2016-06-06_15:28:20.037,22.00,22.24,1019,22.24,40.00,100.00
2016-06-06_15:28:20.047,22.00,22.24,1019,22.24,40.00,100.00
2016-06-06_15:28:20.058,22.02,22.24,1019,22.24,40.00,100.00
2016-06-06_15:28:20.068,22.02,22.24,1019,22.24,40.00,100.00
2016-06-06_15:28:20.078,22.02,22.24,1019,22.24,40.00,100.00
2016-06-06_15:28:20.088,22.02,22.24,1019,22.24,40.00,100.00
2016-06-06_15:28:20.100,22.02,22.24,1019,22.24,40.00,100.00
2016-06-06_15:28:20.110,22.02,22.24,1019,22.24,40.00,100.00
2016-06-06_15:28:20.120,22.02,22.24,1019,22.24,40.00,100.00
2016-06-06_15:28:20.130,22.02,22.24,1019,22.24,40.00,100.00
2016-06-06_15:28:20.141,22.02,22.24,1019,22.24,40.00,100.00
2016-06-06_15:28:20.151,22.02,22.24,1020,22.24,40.00,100.00
2016-06-06_15:28:20.161,22.02,22.24,1019,22.24,40.00,100.00
2016-06-06_15:28:20.171,22.02,22.24,1019,22.24,40.00,100.00
2016-06-06_15:28:20.183,22.02,22.26,1019,22.26,40.00,100.00
2016-06-06_15:28:20.193,22.02,22.26,1019,22.26,40.00,100.00
2016-06-06_15:28:20.203,21.88,22.26,1020,22.26,40.00,100.00
2016-06-06_15:28:20.213,21.88,22.26,1019,22.26,40.00,100.00
2016-06-06_15:28:20.224,21.88,22.26,1020,22.26,40.00,100.00
2016-06-06_15:28:20.234,21.88,22.26,1020,22.26,40.00,100.00
2016-06-06_15:28:20.244,21.88,22.26,1019,22.26,40.00,100.00
2016-06-06_15:28:20.255,21.88,22.26,1019,22.26,40.00,100.00
2016-06-06_15:28:20.266,21.88,22.26,1019,22.26,40.00,100.00
2016-06-06_15:28:20.276,21.88,22.26,1020,22.26,40.00,100.00
2016-06-06_15:28:20.286,21.88,22.26,1019,22.26,40.00,100.00
2016-06-06_15:28:20.296,21.88,22.26,1019,22.26,40.00,100.00
2016-06-06_15:28:21.307,21.88,22.26,1020,22.26,40.00,100.00
2016-06-06_15:28:21.317,21.88,22.26,1020,22.26,40.00,100.00
2016-06-06_15:28:21.327,21.88,22.26,1020,22.26,40.00,100.00
2016-06-06_15:28:21.338,21.88,22.28,1019,22.28,40.00,100.00
2016-06-06_15:28:21.348,21.82,22.28,1020,22.28,40.00,100.00
2016-06-06_15:28:21.359,21.82,22.28,1019,22.28,40.00,100.00
2016-06-06_15:28:21.369,21.82,22.28,1019,22.28,40.00,100.00
2016-06-06_15:28:21.379,21.82,22.28,1019,22.28,40.00,100.00
2016-06-06_15:28:21.389,21.82,22.28,1019,22.28,40.00,100.00
2016-06-06_15:28:21.400,21.82,22.28,1019,22.28,40.00,100.00
2016-06-06_15:28:21.411,21.82,22.28,1019,22.28,40.00,100.00
2016-06-06_15:28:21.421,21.82,22.28,1019,22.28,40.00,100.00
2016-06-06_15:28:21.431,21.82,22.28,1019,22.28,40.00,100.00
2016-06-06_15:28:21.442,21.82,22.28,1019,22.28,40.00,100.00
2016-06-06_15:28:21.452,21.82,22.28,1019,22.28,40.00,100.00
2016-06-06_15:28:21.462,21.82,22.28,1020,22.28,40.00,100.00
2016-06-06_15:28:21.472,21.82,22.28,1019,22.28,40.00,100.00
2016-06-06_15:28:21.483,21.82,22.38,1019,22.38,40.00,100.00
2016-06-06_15:28:21.493,21.80,22.38,1019,22.38,40.00,100.00
2016-06-06_15:28:21.504,21.80,22.38,1019,22.38,40.00,100.00
2016-06-06_15:28:21.514,21.80,22.38,1019,22.38,40.00,100.00
2016-06-06_15:28:21.525,21.80,22.38,1019,22.38,40.00,100.00
2016-06-06_15:28:21.535,21.80,22.38,1019,22.38,40.00,100.00
2016-06-06_15:28:21.545,21.80,22.38,1020,22.38,40.00,100.00
2016-06-06_15:28:21.555,21.80,22.38,1020,22.38,40.00,100.00
2016-06-06_15:28:21.567,21.80,22.38,1020,22.38,40.00,100.00
2016-06-06_15:28:21.576,21.80,22.38,1020,22.38,40.00,100.00
2016-06-06_15:28:21.587,21.80,22.38,1019,22.38,40.00,100.00
2016-06-06_15:28:21.597,21.80,22.38,1019,22.38,40.00,100.00
2016-06-06_15:28:21.608,21.80,22.38,1019,22.38,40.00,100.00
2016-06-06_15:28:21.618,21.80,22.38,1018,22.38,40.00,100.00
2016-06-06_15:28:21.628,21.80,22.18,1019,22.18,40.00,100.00
2016-06-06_15:28:21.638,21.96,22.18,1019,22.18,40.00,100.00
2016-06-06_15:28:21.649,21.96,22.18,1019,22.18,40.00,100.00
2016-06-06_15:28:21.659,21.96,22.18,1018,22.18,40.00,100.00
2016-06-06_15:28:21.670,21.96,22.18,1019,22.18,40.00,100.00
2016-06-06_15:28:21.680,21.96,22.18,1019,22.18,40.00,100.00
2016-06-06_15:28:21.691,21.96,22.18,1019,22.18,40.00,100.00
2016-06-06_15:28:21.701,21.96,22.18,1019,22.18,40.00,100.00
2016-06-06_15:28:21.711,21.96,22.18,1019,22.18,40.00,100.00
2016-06-06_15:28:21.721,21.96,22.18,1019,22.18,40.00,100.00
2016-06-06_15:28:21.731,21.96,22.18,1019,22.18,40.00,100.00
2016-06-06_15:28:21.742,21.96,22.18,1019,22.18,40.00,100.00
2016-06-06_15:28:21.753,21.96,22.18,1019,22.18,40.00,100.00
2016-06-06_15:28:21.763,21.96,22.18,1019,22.18,40.00,100.00
2016-06-06_15:28:21.773,21.96,22.22,1020,22.22,40.00,100.00
2016-06-06_15:28:21.784,21.56,22.22,1020,22.22,40.00,100.00
2016-06-06_15:28:21.794,21.56,22.22,1019,22.22,40.00,100.00
2016-06-06_15:28:21.804,21.56,22.22,1019,22.22,40.00,100.00
2016-06-06_15:28:21.814,21.56,22.22,1019,22.22,40.00,100.00
2016-06-06_15:28:21.826,21.56,22.22,1020,22.22,40.00,100.00
2016-06-06_15: